0.0 620.0 385.0 1931.0 7824.319467555565
0.0 875.0 258.0 1246.0 5289.609688163808
0.0 1356.0 22.0 86.0 392.87545567287344
0.0 1366.0 12.0 100.0 294.553003420318
0.0 841.0 270.0 1397.0 5546.239508903883
0.0 1368.0 13.0 76.0 301.3429553094545
0.0 328.0 528.0 2699.0 10690.160007135015
0.0 1367.0 11.0 86.0 303.52657040515675
0.0 851.0 274.0 1369.0 5412.673772841256
0.0 783.0 298.0 1512.0 6152.885205305321
0.0 1372.0 11.0 57.0 236.23995234214715
0.0 1358.0 18.0 93.0 402.22268672172925
0.0 811.0 269.0 1683.0 5873.085452573184
0.0 1362.0 18.0 81.0 323.42865228936864
0.0 399.0 502.0 2469.0 9961.384841829899
0.0 851.0 270.0 1331.0 5452.793946912797
0.0 847.0 281.0 1390.0 5429.3736495791845
0.0 1365.0 19.0 48.0 328.61094554408714
0.0 282.0 549.0 2828.0 11160.315493296877
0.0 810.0 312.0 1285.0 5885.467448809139
0.0 278.0 544.0 2878.0 11178.850121313444
0.0 836.0 264.0 1475.0 5616.043277417932
0.0 1366.0 14.0 67.0 313.55476226051485
0.0 1365.0 15.0 94.0 320.7607271554957
0.0 833.0 275.0 1419.0 5597.053023637713
0.0 873.0 257.0 1329.0 5291.58813265438
0.0 298.0 546.0 2816.0 11035.131946112017
0.0 835.0 280.0 1389.0 5612.4614285543075
0.0 280.0 542.0 2864.0 11184.433681126453
0.0 901.0 248.0 1205.0 4922.114810505576
0.0 828.0 279.0 1448.0 5741.922217261765
0.0 261.0 557.0 2888.0 11350.325024665553
0.0 845.0 258.0 1430.0 5503.4138642728385
0.0 782.0 293.0 1616.0 6130.4260245763335
0.0 783.0 317.0 1420.0 6116.447200737762
0.0 394.0 502.0 2520.0 10003.422705846911
0.0 784.0 291.0 1675.0 6060.073799117028
0.0 1367.0 15.0 61.0 324.02324651647393
0.0 783.0 305.0 1503.0 6135.436314600994
0.0 1368.0 10.0 81.0 297.0360473872775
0.0 1369.0 15.0 48.0 283.74049614519663
0.0 290.0 538.0 2849.0 11049.162760187728
0.0 408.0 489.0 2454.0 9884.687905797184
0.0 290.0 547.0 2795.0 11094.902210439435
0.0 1365.0 13.0 79.0 333.46853967941206
0.0 850.0 277.0 1374.0 5459.960353530457
0.0 1370.0 15.0 53.0 255.09267116595757
0.0 1371.0 14.0 46.0 271.7107474857779
0.0 819.0 281.0 1534.0 5783.002876815558
0.0 767.0 304.0 1669.0 6311.916033517911
0.0 816.0 282.0 1531.0 5822.328722103685
0.0 277.0 551.0 2833.0 11248.990002875189
0.0 319.0 532.0 2680.0 10767.03855838143
0.0 334.0 530.0 2656.0 10642.038064900851
0.0 280.0 554.0 2837.0 11200.503310650034
0.0 823.0 273.0 1459.0 5718.084758953488
0.0 303.0 538.0 2756.0 10979.412828612525
0.0 1361.0 17.0 79.0 375.9513156633646
0.0 1366.0 15.0 82.0 311.8704749766808
0.0 268.0 553.0 2887.0 11290.282764395008
0.0 274.0 552.0 2859.0 11282.839273352096
0.0 1359.0 19.0 76.0 399.90848558535714
0.0 1367.0 16.0 74.0 286.53367825419997
0.0 322.0 525.0 2728.0 10759.40485853488
0.0 798.0 290.0 1524.0 6007.992537678011
0.0 816.0 292.0 1442.0 5757.511230050092
0.0 903.0 255.0 1129.0 4911.939933881472
0.0 1360.0 18.0 86.0 376.36736309783157
0.0 835.0 274.0 1426.0 5543.5453326544675
0.0 1367.0 14.0 66.0 304.91676489053077
0.0 1359.0 20.0 82.0 389.675499090705
0.0 309.0 531.0 2749.0 10886.473144390675
0.0 790.0 297.0 1552.0 6029.149922548637
0.0 295.0 540.0 2843.0 11029.39871755652
0.0 1363.0 18.0 63.0 324.73733743056636
0.0 821.0 288.0 1477.0 5766.120702105251
0.0 856.0 260.0 1360.0 5403.639368995024
0.0 1367.0 14.0 77.0 304.8249559667763
0.0 784.0 300.0 1559.0 6137.671623904251
0.0 282.0 549.0 2824.0 11188.0969880739
0.0 954.0 223.0 1104.0 4426.648911673523
0.0 284.0 550.0 2811.0 11157.125981143332
0.0 808.0 271.0 1585.0 5904.400598301148
0.0 866.0 269.0 1346.0 5202.560918428125
0.0 279.0 550.0 2871.0 11166.022358344526
0.0 796.0 301.0 1435.0 5991.26485875456
0.0 1367.0 12.0 78.0 318.6844886718907
0.0 289.0 550.0 2840.0 11126.312221673556
0.0 798.0 298.0 1489.0 5976.570812929717
0.0 889.0 251.0 1362.0 5079.765315760839
0.0 396.0 494.0 2525.0 9976.312129643497
0.0 270.0 556.0 2853.0 11222.014646229958
0.0 1367.0 17.0 44.0 294.90778068724615
0.0 896.0 248.0 1257.0 5037.529033241345
0.0 895.0 259.0 1232.0 5045.9499636466135
0.0 275.0 547.0 2893.0 11200.87401870298
0.0 1363.0 19.0 61.0 339.1325167416032
0.0 1371.0 14.0 69.0 257.16279462641734
0.0 805.0 283.0 1563.0 5964.7555832476455
0.0 833.0 277.0 1356.0 5699.336511256147
0.0 1368.0 12.0 82.0 278.51879663583827
0.0 271.0 547.0 2898.0 11244.781301304092
0.0 321.0 528.0 2713.0 10758.947154398817
0.0 279.0 546.0 2878.0 11172.350427490685
0.0 899.0 246.0 1218.0 4961.020534006209
0.0 817.0 274.0 1584.0 5832.488835782091
0.0 869.0 265.0 1299.0 5320.165276532972
0.0 812.0 288.0 1518.0 5788.4988139364195
0.0 1359.0 19.0 100.0 368.67647956687534
0.0 802.0 300.0 1519.0 5934.569363550245
0.0 1374.0 11.0 52.0 222.49490707685925
0.0 1361.0 19.0 85.0 343.0141440568308
0.0 854.0 277.0 1349.0 5344.4653435930795
0.0 846.0 275.0 1417.0 5481.864411095683
0.0 854.0 259.0 1442.0 5390.18772917854
0.0 808.0 283.0 1599.0 5827.896705135605
0.0 1366.0 17.0 49.0 323.0094419216652
0.0 907.0 252.0 1193.0 4888.331596037389
0.0 795.0 291.0 1559.0 6123.885560153125
0.0 804.0 289.0 1464.0 5886.64923284295
0.0 794.0 298.0 1518.0 5955.476947389791
0.0 1363.0 15.0 84.0 352.39073013531055
0.0 836.0 285.0 1258.0 5654.835794830353
0.0 271.0 558.0 2824.0 11280.056728740454
0.0 786.0 288.0 1677.0 6142.605113953503
0.0 862.0 261.0 1381.0 5278.636399202903
0.0 822.0 283.0 1449.0 5664.660167090336
0.0 839.0 273.0 1461.0 5562.224563813008
0.0 1364.0 15.0 78.0 331.0611758570139
0.0 815.0 282.0 1584.0 5800.189346019507
0.0 797.0 299.0 1495.0 6052.1191012753925
0.0 1363.0 17.0 71.0 356.92073725115637
0.0 305.0 536.0 2768.0 10913.666400593003
0.0 1362.0 17.0 76.0 358.41328893808316
0.0 1367.0 13.0 85.0 316.0043136157127
0.0 259.0 563.0 2893.0 11377.666288921124
0.0 1368.0 17.0 52.0 281.54716775452096
0.0 1370.0 13.0 65.0 272.9655881013622
0.0 1364.0 13.0 93.0 338.2117560124091
0.0 310.0 534.0 2722.0 10875.57083039454
0.0 1359.0 18.0 85.0 393.671194875029
0.0 1366.0 16.0 55.0 328.71107094187585
0.0 258.0 564.0 2868.0 11373.52047070364
0.0 829.0 272.0 1494.0 5733.681826303443
0.0 302.0 537.0 2804.0 10962.534821825326
0.0 1360.0 21.0 64.0 381.90102171329056
0.0 257.0 564.0 2865.0 11414.510131741057
0.0 1363.0 14.0 87.0 336.50970475406166
0.0 1364.0 19.0 54.0 321.772825290096
0.0 833.0 301.0 1269.0 5629.786086448827
0.0 275.0 545.0 2875.0 11218.218593166417
0.0 791.0 300.0 1472.0 6049.387716975546
0.0 269.0 555.0 2855.0 11333.682792618623
0.0 837.0 268.0 1419.0 5583.778346990804
0.0 879.0 256.0 1349.0 5102.896135474384
0.0 274.0 552.0 2864.0 11273.26651443606
0.0 1362.0 15.0 88.0 367.85301473432156
0.0 1367.0 14.0 78.0 300.03948575299984
0.0 1366.0 15.0 99.0 300.18769318034924
0.0 306.0 533.0 2753.0 10914.29009527483
0.0 797.0 295.0 1519.0 5992.263977490097
0.0 860.0 252.0 1385.0 5283.220301292575
0.0 301.0 540.0 2790.0 10967.67358175853
0.0 1362.0 20.0 78.0 353.48748446880415
0.0 1366.0 16.0 75.0 302.3763635514053
0.0 269.0 547.0 2901.0 11279.067427037584
0.0 395.0 499.0 2536.0 10020.984372846655
0.0 786.0 304.0 1548.0 6135.872178069703
0.0 1368.0 11.0 90.0 293.7257355504674
0.0 1365.0 18.0 81.0 291.9382930941329
0.0 820.0 287.0 1413.0 5786.608871260654
0.0 260.0 556.0 2919.0 11407.521187852833
0.0 1366.0 18.0 67.0 304.6378667548215
0.0 1364.0 16.0 76.0 319.8354219822114
0.0 275.0 546.0 2896.0 11213.570251425775
0.0 1358.0 21.0 87.0 386.68207025598593
0.0 1370.0 12.0 72.0 274.4797638590256
0.0 800.0 294.0 1472.0 5946.958038874655
0.0 846.0 260.0 1409.0 5511.205082962083
0.0 795.0 293.0 1558.0 6138.848618924752
0.0 256.0 561.0 2885.0 11389.851002945108
0.0 397.0 500.0 2502.0 9950.760521099288
0.0 315.0 535.0 2704.0 10814.208528543626
0.0 1368.0 16.0 43.0 282.3978703327233
0.0 392.0 508.0 2497.0 10018.687756386766
0.0 389.0 506.0 2509.0 10058.57822809408
0.0 1363.0 14.0 91.0 335.37892487812786
0.0 261.0 562.0 2854.0 11388.710865186651
0.0 285.0 540.0 2852.0 11123.509178987146
0.0 265.0 558.0 2869.0 11313.871938289687
0.0 389.0 503.0 2532.0 10065.431325740967
0.0 261.0 556.0 2903.0 11356.985461041235
0.0 264.0 558.0 2868.0 11351.843007364752
0.0 1365.0 16.0 86.0 305.61528088970016
0.0 1366.0 17.0 52.0 318.0944496944444
0.0 1364.0 18.0 48.0 349.450028919844
0.0 329.0 526.0 2696.0 10696.551638865654
0.0 283.0 547.0 2853.0 11179.802599673962
0.0 1365.0 15.0 64.0 340.0303271927256
0.0 830.0 298.0 1349.0 5614.164418420644
0.0 844.0 276.0 1372.0 5540.474486474762
0.0 845.0 271.0 1405.0 5483.782064077837
0.0 279.0 547.0 2850.0 11181.526004462117
0.0 309.0 526.0 2830.0 10875.238069779658
0.0 829.0 297.0 1303.0 5634.596470992775
0.0 265.0 554.0 2888.0 11319.704706161774
0.0 1366.0 15.0 87.0 303.79940429359897
0.0 854.0 269.0 1382.0 5385.183340802243
0.0 1377.0 10.0 30.0 177.30010761147162
0.0 274.0 543.0 2896.0 11241.704698812155
0.0 303.0 536.0 2779.0 10962.613724252944
0.0 1358.0 19.0 105.0 385.32346512955
0.0 808.0 284.0 1533.0 5878.254169957032
0.0 317.0 533.0 2700.0 10814.817309249825
0.0 1373.0 10.0 68.0 230.96079785509036
0.0 1373.0 11.0 63.0 230.4878249838329
0.0 307.0 533.0 2742.0 10892.964228760547
0.0 801.0 285.0 1534.0 5914.170277403064
0.0 839.0 278.0 1417.0 5680.203018073544
0.0 1369.0 16.0 54.0 251.5679487748707
0.0 286.0 546.0 2817.0 11148.112431152835
0.0 817.0 307.0 1296.0 5772.939857030104
0.0 1367.0 16.0 45.0 320.42435159962594
0.0 781.0 301.0 1603.0 6172.826872019805
0.0 322.0 530.0 2680.0 10753.958035840406
0.0 811.0 299.0 1480.0 5869.474498064521
0.0 848.0 269.0 1377.0 5415.58209080456
0.0 1360.0 18.0 81.0 393.2587871824575
0.0 1371.0 12.0 70.0 249.03388430447072
0.0 1368.0 14.0 65.0 267.47743445802774
0.0 830.0 271.0 1485.0 5666.174174433522
0.0 792.0 295.0 1539.0 6095.918924378285
0.0 843.0 280.0 1364.0 5522.639455518675
0.0 1360.0 20.0 84.0 381.3726258639133
0.0 431.0 476.0 2440.0 9650.88867556666
0.0 258.0 565.0 2840.0 11381.142840989025
0.0 277.0 556.0 2829.0 11239.479300640056
0.0 1363.0 17.0 91.0 332.8459478460108
0.0 827.0 288.0 1415.0 5673.460468945326
