0.0 1333.0 29.0 188.0 622.4286285023063
0.0 911.0 248.0 1190.0 4861.879148092168
0.0 860.0 248.0 1427.0 5352.824702451698
0.0 1366.0 17.0 59.0 318.33099021804304
0.0 847.0 302.0 1243.0 5493.674772141029
0.0 798.0 288.0 1565.0 6054.357645062168
0.0 779.0 305.0 1566.0 6201.733959212414
0.0 830.0 296.0 1371.0 5620.361670396884
0.0 1363.0 17.0 74.0 348.8578883006737
0.0 1362.0 19.0 69.0 356.5728442103364
0.0 1370.0 15.0 48.0 267.10136896163147
0.0 757.0 316.0 1616.0 6384.0999454332905
0.0 322.0 525.0 2699.0 10741.69417070962
0.0 1367.0 16.0 60.0 296.3084864079235
0.0 1366.0 17.0 66.0 311.2328521292873
0.0 273.0 545.0 2903.0 11240.101421459261
0.0 802.0 295.0 1545.0 5903.535902870544
0.0 1366.0 12.0 107.0 322.3520980216217
0.0 830.0 267.0 1531.0 5691.399270136781
0.0 1368.0 12.0 88.0 292.4578323829091
0.0 820.0 289.0 1405.0 5771.468406374725
0.0 803.0 306.0 1448.0 5858.442404517328
0.0 277.0 546.0 2895.0 11208.6300809068
0.0 259.0 559.0 2889.0 11393.805153839201
0.0 783.0 305.0 1505.0 6071.628844307609
0.0 848.0 274.0 1383.0 5402.738090485685
0.0 308.0 534.0 2748.0 10905.124052528554
0.0 844.0 276.0 1370.0 5477.914200410377
0.0 280.0 543.0 2882.0 11172.284123971189
0.0 1376.0 8.0 54.0 194.82876215804612
0.0 269.0 557.0 2872.0 11287.087698273052
0.0 1364.0 17.0 59.0 339.3242244634322
0.0 792.0 310.0 1493.0 5969.728743563085
0.0 307.0 537.0 2751.0 10918.917300851184
0.0 1373.0 12.0 41.0 243.071875942858
0.0 283.0 545.0 2881.0 11166.340292246909
0.0 1368.0 14.0 72.0 302.6776954433809
0.0 841.0 273.0 1415.0 5616.314813744431
0.0 1361.0 19.0 82.0 375.8582882741061
0.0 839.0 262.0 1492.0 5634.653063480315
0.0 839.0 283.0 1355.0 5582.673411830546
0.0 818.0 291.0 1382.0 5730.047568623638
0.0 375.0 511.0 2576.0 10234.799158182757
0.0 869.0 280.0 1208.0 5375.412308577008
0.0 781.0 299.0 1516.0 6112.902273156121
0.0 1367.0 14.0 80.0 293.8666795303058
0.0 284.0 544.0 2853.0 11131.87767476812
0.0 1365.0 16.0 74.0 319.7648445658698
0.0 792.0 285.0 1596.0 6073.328881840914
0.0 854.0 279.0 1336.0 5438.182071472106
0.0 821.0 276.0 1473.0 5751.916335859047
0.0 1368.0 12.0 91.0 291.99425363210474
0.0 813.0 294.0 1467.0 5810.132137060278
0.0 799.0 296.0 1495.0 6031.06522325539
0.0 844.0 270.0 1423.0 5433.631074548312
0.0 1363.0 18.0 62.0 364.1886817824628
0.0 311.0 529.0 2810.0 10874.296594328083
0.0 298.0 545.0 2802.0 10995.071347618423
0.0 847.0 269.0 1420.0 5576.341262834659
0.0 809.0 287.0 1493.0 5851.325746707137
0.0 834.0 284.0 1313.0 5665.4443453127105
0.0 844.0 275.0 1408.0 5601.4571615000195
0.0 833.0 281.0 1356.0 5553.002453510757
0.0 779.0 300.0 1674.0 6164.2144737285535
0.0 788.0 296.0 1515.0 6066.042786331517
0.0 847.0 273.0 1446.0 5412.510075275414
0.0 1369.0 12.0 64.0 297.04328578907047
0.0 401.0 497.0 2497.0 9915.051417443445
0.0 783.0 294.0 1621.0 6137.740952579378
0.0 1359.0 22.0 66.0 379.7391264069233
0.0 816.0 288.0 1501.0 5809.014000100623
0.0 861.0 265.0 1327.0 5332.937272236111
0.0 264.0 556.0 2873.0 11356.671693214355
0.0 794.0 301.0 1476.0 5984.0640490429505
0.0 792.0 294.0 1575.0 6000.450679926815
0.0 265.0 558.0 2863.0 11339.295238831632
0.0 820.0 281.0 1450.0 5776.205408147299
0.0 1367.0 17.0 47.0 315.04295177549636
0.0 791.0 292.0 1633.0 6008.256936635909
0.0 1369.0 10.0 95.0 273.7488408819883
0.0 284.0 541.0 2857.0 11155.963300903015
0.0 274.0 542.0 2901.0 11244.740895326897
0.0 830.0 261.0 1546.0 5680.734261076151
0.0 832.0 271.0 1476.0 5594.268555040698
0.0 377.0 510.0 2574.0 10201.852975807577
0.0 1367.0 14.0 76.0 301.96853183332655
0.0 1364.0 14.0 90.0 328.80132329305195
0.0 299.0 541.0 2796.0 11001.510301644843
0.0 275.0 553.0 2843.0 11220.667818686137
0.0 894.0 266.0 1187.0 4944.544516304702
0.0 1358.0 21.0 69.0 407.0680642602277
0.0 275.0 547.0 2891.0 11220.943678943151
0.0 842.0 268.0 1474.0 5581.055358487985
0.0 309.0 529.0 2753.0 10893.753390019756
0.0 798.0 318.0 1452.0 5984.5959682120765
0.0 308.0 532.0 2744.0 10918.193134282268
0.0 1367.0 17.0 70.0 293.21794823314997
0.0 819.0 280.0 1468.0 5788.773764690367
0.0 1364.0 18.0 90.0 327.01317297403955
0.0 808.0 305.0 1387.0 5857.799510708207
0.0 1367.0 13.0 90.0 272.9493588675262
0.0 795.0 302.0 1459.0 6043.974798873222
0.0 838.0 280.0 1415.0 5563.221559628952
0.0 1369.0 15.0 49.0 295.3988480656585
0.0 390.0 495.0 2562.0 10061.049279836181
0.0 1366.0 14.0 82.0 311.03048072941374
0.0 830.0 274.0 1488.0 5677.998777410428
0.0 282.0 555.0 2805.0 11226.48572403539
0.0 777.0 304.0 1578.0 6166.912845937949
0.0 810.0 283.0 1519.0 5769.175383183266
0.0 1361.0 20.0 69.0 378.30786075554226
0.0 269.0 550.0 2881.0 11263.77769262624
0.0 878.0 266.0 1270.0 5149.938594204958
0.0 1359.0 20.0 91.0 389.7221302683017
0.0 1364.0 19.0 76.0 312.3870398633581
0.0 299.0 539.0 2857.0 10982.187583049585
0.0 826.0 295.0 1317.0 5622.564801043787
0.0 257.0 565.0 2867.0 11390.844794955306
0.0 1361.0 21.0 68.0 379.64258913525146
0.0 264.0 559.0 2860.0 11327.916779096147
0.0 256.0 561.0 2889.0 11395.883953595543
0.0 1363.0 16.0 86.0 336.0696659511394
0.0 297.0 540.0 2821.0 11024.413711648525
0.0 770.0 288.0 1678.0 6247.171392557044
0.0 305.0 539.0 2732.0 10912.42054403193
0.0 799.0 299.0 1522.0 5960.380722356241
0.0 1363.0 16.0 81.0 342.52868649806396
0.0 310.0 531.0 2763.0 10872.369866151066
0.0 275.0 547.0 2903.0 11214.525566266617
0.0 804.0 294.0 1488.0 5896.72283463123
0.0 806.0 295.0 1525.0 5869.917004760999
0.0 1362.0 20.0 62.0 350.01577520343693
0.0 1369.0 16.0 63.0 277.9236116291201
0.0 1365.0 16.0 83.0 319.7432042772407
0.0 1372.0 12.0 57.0 246.86424278271778
0.0 787.0 293.0 1554.0 6103.146051840731
0.0 826.0 289.0 1409.0 5696.393662799801
0.0 321.0 530.0 2683.0 10744.173434523997
0.0 289.0 542.0 2807.0 11141.17813279013
0.0 267.0 549.0 2914.0 11310.622108372283
0.0 1362.0 16.0 107.0 361.83307337355893
0.0 389.0 509.0 2501.0 10064.883911311466
0.0 782.0 302.0 1520.0 6080.883603001587
0.0 294.0 543.0 2823.0 11044.320272521973
0.0 415.0 493.0 2416.0 9807.360806019531
0.0 1366.0 15.0 82.0 293.0513147505763
0.0 803.0 302.0 1442.0 5918.633960514885
0.0 278.0 552.0 2876.0 11219.904244779424
0.0 779.0 303.0 1592.0 6174.395714177086
0.0 1359.0 18.0 95.0 398.9328209443369
0.0 262.0 562.0 2866.0 11369.740455808575
0.0 797.0 291.0 1530.0 6059.852263213582
0.0 808.0 298.0 1432.0 5929.692811729569
0.0 259.0 561.0 2881.0 11382.046775054045
0.0 1367.0 14.0 67.0 305.0296606901687
0.0 287.0 543.0 2875.0 11097.375912884692
0.0 280.0 555.0 2824.0 11250.42459685866
0.0 263.0 553.0 2898.0 11349.790766254675
0.0 346.0 520.0 2622.0 10495.598917976828
0.0 1364.0 18.0 49.0 345.79593453612546
0.0 277.0 556.0 2833.0 11292.925527161098
0.0 824.0 287.0 1418.0 5739.676748058836
0.0 1362.0 19.0 81.0 344.46950810561196
0.0 1367.0 16.0 51.0 303.23086330015275
0.0 813.0 276.0 1561.0 5807.109333725701
0.0 1371.0 13.0 67.0 258.5191798721084
0.0 1366.0 13.0 102.0 311.8646433524178
0.0 267.0 553.0 2904.0 11300.474779672752
0.0 384.0 507.0 2505.0 10108.36253414138
0.0 1371.0 13.0 64.0 259.7050606202699
0.0 796.0 284.0 1592.0 5983.004306068086
0.0 319.0 529.0 2715.0 10798.12095460077
0.0 261.0 560.0 2869.0 11376.002048741451
0.0 300.0 537.0 2751.0 10988.55739273429
0.0 813.0 289.0 1467.0 5834.96018328346
0.0 1370.0 13.0 67.0 271.8019825279648
0.0 793.0 293.0 1544.0 6021.625944217529
0.0 790.0 301.0 1565.0 6051.947026306508
0.0 1369.0 15.0 61.0 282.65805874171826
0.0 1367.0 12.0 99.0 299.75519258589947
0.0 275.0 548.0 2870.0 11228.690960710606
0.0 302.0 541.0 2805.0 10961.81977010221
0.0 834.0 274.0 1389.0 5614.83643024951
0.0 1364.0 20.0 48.0 329.13066184544067
0.0 1366.0 17.0 68.0 302.0523534616668
0.0 798.0 283.0 1616.0 5895.276612923456
0.0 831.0 291.0 1402.0 5721.5201385019045
0.0 271.0 548.0 2889.0 11284.476962538674
0.0 272.0 547.0 2901.0 11249.810547412351
0.0 837.0 262.0 1528.0 5582.339452129549
0.0 264.0 550.0 2916.0 11323.55738177065
0.0 1359.0 19.0 79.0 402.6965153181865
0.0 1365.0 14.0 90.0 323.2594127433409
0.0 291.0 549.0 2816.0 11051.700682568857
0.0 259.0 566.0 2875.0 11364.536198313288
0.0 259.0 560.0 2882.0 11405.685208705163
0.0 1360.0 20.0 78.0 376.44630229866675
0.0 305.0 534.0 2746.0 10955.51475543777
0.0 287.0 543.0 2838.0 11109.005652559996
0.0 1366.0 18.0 50.0 307.1544614091827
0.0 789.0 311.0 1505.0 6060.372934828811
0.0 1357.0 21.0 95.0 408.2080646961507
0.0 1357.0 17.0 117.0 422.1836478539895
0.0 1363.0 19.0 74.0 347.99425769262115
0.0 306.0 535.0 2740.0 10930.372984372649
0.0 1356.0 22.0 72.0 421.5738584834916
0.0 1362.0 18.0 81.0 346.0649705003448
0.0 1360.0 18.0 89.0 366.67313808329095
0.0 420.0 491.0 2441.0 9781.313873170242
0.0 273.0 554.0 2841.0 11262.303117976837
0.0 272.0 550.0 2874.0 11219.970479818634
0.0 1360.0 17.0 89.0 373.0629753029824
0.0 1367.0 20.0 43.0 303.73313118119324
0.0 1366.0 17.0 53.0 318.59203193020437
0.0 1376.0 10.0 46.0 207.01981007787998
0.0 807.0 279.0 1594.0 5912.3784959650075
0.0 798.0 297.0 1519.0 5971.3591060665885
0.0 1363.0 17.0 80.0 339.5455432774839
0.0 1371.0 11.0 60.0 261.12114178559887
0.0 273.0 548.0 2886.0 11259.781993551202
0.0 1361.0 16.0 93.0 364.32092382222504
0.0 281.0 539.0 2894.0 11149.354218508855
0.0 800.0 283.0 1585.0 5928.591380140549
0.0 790.0 304.0 1441.0 6037.783203102846
0.0 818.0 285.0 1518.0 5764.649580944034
0.0 1367.0 17.0 45.0 317.6177639627876
0.0 818.0 282.0 1475.0 5792.028492245874
0.0 846.0 275.0 1380.0 5471.723815051179
0.0 802.0 288.0 1519.0 5938.335399409374
0.0 812.0 279.0 1488.0 5825.6549516501345
0.0 303.0 536.0 2766.0 10935.845023331756
0.0 803.0 284.0 1546.0 5999.089760998865
0.0 856.0 285.0 1321.0 5408.9938001736755
0.0 1360.0 20.0 85.0 359.63525286521076
0.0 1371.0 12.0 68.0 259.0104135465288
0.0 774.0 324.0 1488.0 6301.9193673102145
0.0 1367.0 16.0 62.0 293.66016616084664
0.0 277.0 544.0 2880.0 11208.779359860848
0.0 830.0 298.0 1278.0 5719.107321835512
