0.0 1325.0 36.0 197.0 722.1287455496191
0.0 862.0 264.0 1344.0 5438.04125060554
0.0 1358.0 22.0 91.0 387.02933682356286
0.0 338.0 516.0 2764.0 10636.12131545934
0.0 283.0 551.0 2845.0 11128.428845308295
0.0 318.0 532.0 2705.0 10793.431759314488
0.0 802.0 307.0 1447.0 5890.247465141161
0.0 1368.0 13.0 77.0 282.45291078460696
0.0 848.0 272.0 1483.0 5400.244178768667
0.0 293.0 548.0 2793.0 11047.310400362489
0.0 810.0 274.0 1601.0 5894.903183826233
0.0 288.0 545.0 2829.0 11156.30839142052
0.0 262.0 554.0 2917.0 11361.886934514487
0.0 261.0 561.0 2870.0 11397.833337629183
0.0 390.0 504.0 2536.0 10039.170511883116
0.0 302.0 538.0 2756.0 10968.83528825817
0.0 915.0 237.0 1222.0 4872.893679980522
0.0 315.0 533.0 2724.0 10824.617230072081
0.0 871.0 248.0 1355.0 5277.708636573927
0.0 257.0 567.0 2846.0 11383.373039730497
0.0 1364.0 16.0 79.0 322.5134410205899
0.0 1361.0 20.0 60.0 381.50279030181633
0.0 1365.0 16.0 65.0 330.64634331540583
0.0 278.0 549.0 2853.0 11237.621901662951
0.0 805.0 297.0 1491.0 5870.394662736827
0.0 306.0 541.0 2714.0 10913.946041929674
0.0 1370.0 11.0 76.0 279.37865724030917
0.0 879.0 255.0 1258.0 5122.943603969861
0.0 1366.0 13.0 87.0 300.5162920170924
0.0 268.0 554.0 2872.0 11307.385750692925
0.0 1369.0 13.0 65.0 284.3114343204042
0.0 873.0 248.0 1346.0 5249.468306342092
0.0 401.0 495.0 2473.0 9958.285476477793
0.0 290.0 542.0 2812.0 11108.202497434584
0.0 1367.0 10.0 102.0 312.6083152095433
0.0 1364.0 16.0 66.0 324.30610266742804
0.0 891.0 240.0 1342.0 5150.909035393067
0.0 1363.0 20.0 68.0 334.1082715341074
0.0 1367.0 14.0 85.0 291.3699005855067
0.0 782.0 296.0 1546.0 6093.293989758569
0.0 259.0 561.0 2878.0 11397.255194984798
0.0 419.0 484.0 2519.0 9765.676649123048
0.0 843.0 267.0 1342.0 5573.610548984769
0.0 258.0 563.0 2890.0 11371.617887811075
0.0 310.0 533.0 2734.0 10890.37489200629
0.0 1373.0 14.0 41.0 242.01384888027872
0.0 1365.0 15.0 84.0 309.98264243485636
0.0 1361.0 16.0 107.0 374.2512468469725
0.0 1372.0 14.0 45.0 270.5407608834831
0.0 818.0 283.0 1421.0 5718.223946387928
0.0 1368.0 18.0 53.0 304.50893950061567
0.0 269.0 552.0 2874.0 11277.378027303963
0.0 787.0 293.0 1543.0 6118.339318214483
0.0 1360.0 21.0 79.0 380.22003954483705
0.0 814.0 288.0 1429.0 5830.331728076012
0.0 811.0 280.0 1560.0 5919.445243883224
0.0 262.0 554.0 2900.0 11362.784946566904
0.0 819.0 296.0 1407.0 5653.271873185361
0.0 803.0 296.0 1471.0 5892.020399640208
0.0 314.0 529.0 2740.0 10838.093752504064
0.0 813.0 270.0 1593.0 5782.668344835167
0.0 1361.0 19.0 74.0 379.59642316913704
0.0 1362.0 19.0 65.0 375.922697301214
0.0 802.0 302.0 1465.0 5906.952648102625
0.0 1362.0 21.0 52.0 370.5003503551852
0.0 845.0 268.0 1402.0 5547.728447813794
0.0 281.0 550.0 2852.0 11167.07249600924
0.0 799.0 297.0 1498.0 5993.516353429359
0.0 832.0 274.0 1476.0 5615.1534878930215
0.0 1363.0 17.0 69.0 350.40509337711615
0.0 1360.0 17.0 100.0 385.9736979984882
0.0 283.0 548.0 2847.0 11176.692802938405
0.0 1370.0 19.0 37.0 267.6947085930311
0.0 770.0 318.0 1545.0 6260.890868920597
0.0 1363.0 14.0 100.0 350.6497421239302
0.0 829.0 279.0 1434.0 5671.774080886337
0.0 849.0 253.0 1443.0 5356.473342701262
0.0 1367.0 13.0 85.0 307.8649564682127
0.0 259.0 560.0 2902.0 11371.634899207462
0.0 256.0 568.0 2870.0 11413.432588576357
0.0 1372.0 11.0 70.0 243.13901154125904
0.0 274.0 547.0 2911.0 11218.615036769494
0.0 267.0 551.0 2903.0 11295.007220504609
0.0 1367.0 14.0 62.0 312.23063175349625
0.0 297.0 539.0 2846.0 10999.076215736055
0.0 284.0 549.0 2840.0 11147.374632622428
0.0 257.0 562.0 2910.0 11418.413267845295
0.0 859.0 257.0 1347.0 5402.3789729307755
0.0 1366.0 18.0 57.0 304.12520062350666
0.0 266.0 553.0 2887.0 11309.55943265284
0.0 1365.0 14.0 85.0 321.2299651401785
0.0 809.0 289.0 1482.0 5900.058435598665
0.0 819.0 278.0 1524.0 5785.184610774957
0.0 1365.0 16.0 77.0 313.61218802239136
0.0 292.0 540.0 2825.0 11107.24851719542
0.0 1374.0 10.0 63.0 223.4188230158552
0.0 1371.0 11.0 77.0 260.9337785893954
0.0 304.0 537.0 2798.0 10915.736663458647
0.0 763.0 317.0 1624.0 6266.389596138627
0.0 287.0 545.0 2873.0 11119.496723235403
0.0 276.0 554.0 2844.0 11183.755354479232
0.0 810.0 290.0 1500.0 5864.734945224596
0.0 319.0 522.0 2750.0 10780.344420140951
0.0 312.0 530.0 2757.0 10857.496148195765
0.0 1365.0 17.0 67.0 301.53754693454954
0.0 321.0 530.0 2702.0 10761.988197027442
0.0 837.0 267.0 1414.0 5674.248938667419
0.0 1364.0 19.0 65.0 318.7125559682629
0.0 275.0 550.0 2888.0 11233.127616349291
0.0 1363.0 15.0 100.0 346.5953754546507
0.0 1363.0 19.0 62.0 340.91695775907425
0.0 313.0 533.0 2712.0 10863.084929526445
0.0 273.0 553.0 2865.0 11227.779253558967
0.0 787.0 311.0 1532.0 6079.869725278675
0.0 1374.0 13.0 45.0 217.5482074783301
0.0 858.0 276.0 1353.0 5367.154321066032
0.0 1358.0 18.0 114.0 411.1953041570034
0.0 765.0 313.0 1642.0 6270.355978677563
0.0 1364.0 15.0 73.0 337.6444544562651
0.0 801.0 286.0 1517.0 6003.792417019384
0.0 853.0 286.0 1231.0 5484.066018741004
0.0 828.0 283.0 1363.0 5716.182182521992
0.0 279.0 547.0 2855.0 11225.178231697115
0.0 774.0 321.0 1468.0 6185.166505791492
0.0 308.0 530.0 2828.0 10882.776850486478
0.0 1361.0 18.0 79.0 343.14115619763925
0.0 1363.0 15.0 90.0 349.6124631932517
0.0 1370.0 17.0 39.0 251.41911996640786
0.0 804.0 290.0 1515.0 6000.0489656067975
0.0 264.0 559.0 2858.0 11336.837761843588
0.0 264.0 556.0 2890.0 11342.63678571769
0.0 828.0 276.0 1464.0 5665.69798653197
0.0 298.0 535.0 2826.0 10966.90143978026
0.0 826.0 268.0 1562.0 5716.7517608206945
0.0 784.0 310.0 1534.0 6119.840110972821
0.0 267.0 558.0 2860.0 11347.336608701717
0.0 327.0 528.0 2687.0 10718.545376079685
0.0 779.0 306.0 1589.0 6206.723606893813
0.0 1369.0 12.0 88.0 274.6614467857501
0.0 1369.0 15.0 75.0 270.4738148453149
0.0 395.0 501.0 2494.0 9994.789965679163
0.0 1365.0 14.0 80.0 326.7214530010066
0.0 830.0 272.0 1558.0 5628.394077687572
0.0 859.0 287.0 1282.0 5391.617706313573
0.0 831.0 283.0 1390.0 5622.176941346725
0.0 786.0 292.0 1562.0 6134.396946682351
0.0 275.0 546.0 2896.0 11221.409272402247
0.0 1368.0 11.0 84.0 302.06029627560474
0.0 1363.0 21.0 69.0 333.1660107392132
0.0 259.0 564.0 2869.0 11379.490616254101
0.0 256.0 563.0 2872.0 11421.709094183894
0.0 825.0 259.0 1597.0 5708.983262558554
0.0 824.0 310.0 1358.0 5714.133544844817
0.0 853.0 260.0 1400.0 5464.620559193138
0.0 283.0 544.0 2861.0 11145.19191848573
0.0 847.0 270.0 1369.0 5427.63629975195
0.0 1366.0 19.0 40.0 299.21882472524726
0.0 272.0 550.0 2859.0 11251.394879842726
0.0 814.0 287.0 1531.0 5886.573619757593
0.0 270.0 552.0 2900.0 11241.78061175664
0.0 792.0 304.0 1489.0 5982.900673953946
0.0 1361.0 15.0 114.0 352.86933481346324
0.0 1365.0 17.0 71.0 299.04389108683836
0.0 845.0 273.0 1437.0 5490.34127930287
0.0 396.0 499.0 2531.0 9963.189198083652
0.0 810.0 293.0 1532.0 5803.73911785332
0.0 305.0 539.0 2787.0 10923.836767400666
0.0 884.0 246.0 1329.0 5067.963143735416
0.0 258.0 561.0 2881.0 11375.018775055
0.0 333.0 528.0 2696.0 10631.566474218755
0.0 1363.0 20.0 61.0 340.1726712605934
0.0 1365.0 13.0 101.0 331.53964195333
0.0 860.0 253.0 1389.0 5456.765441173569
0.0 812.0 293.0 1492.0 5852.943996926229
0.0 792.0 297.0 1543.0 6047.2155906645
0.0 1374.0 13.0 37.0 231.58935287338778
0.0 263.0 549.0 2930.0 11340.119356539599
0.0 1362.0 21.0 67.0 348.29966758907364
0.0 266.0 549.0 2901.0 11313.045765859148
0.0 283.0 547.0 2850.0 11200.780247426528
0.0 1363.0 15.0 107.0 331.47135078160227
0.0 1359.0 19.0 108.0 397.1353153233528
0.0 1360.0 20.0 80.0 359.27628188276367
0.0 1371.0 13.0 53.0 252.12084354669352
0.0 1367.0 17.0 59.0 286.1122388954873
0.0 835.0 288.0 1345.0 5656.018935492993
0.0 784.0 290.0 1619.0 6134.692616383518
0.0 795.0 293.0 1601.0 6012.847688335763
0.0 276.0 551.0 2853.0 11235.012774271945
0.0 777.0 296.0 1607.0 6142.489950280173
0.0 328.0 528.0 2698.0 10701.14857232723
0.0 1364.0 15.0 97.0 333.66231226877363
0.0 398.0 499.0 2485.0 9959.938874868258
0.0 267.0 548.0 2906.0 11305.166614352725
0.0 279.0 550.0 2836.0 11230.74821765348
0.0 270.0 557.0 2885.0 11240.253112997263
0.0 828.0 288.0 1407.0 5652.307959875986
0.0 416.0 489.0 2517.0 9805.533713310346
0.0 1367.0 15.0 74.0 305.48406495718956
0.0 1364.0 14.0 88.0 345.334035063801
0.0 275.0 548.0 2883.0 11271.62013408756
0.0 268.0 546.0 2892.0 11308.335939720171
0.0 825.0 284.0 1522.0 5679.88139311215
0.0 1366.0 12.0 81.0 310.47872168675815
0.0 815.0 288.0 1477.0 5756.220343248267
0.0 789.0 313.0 1484.0 6047.730929605066
0.0 256.0 564.0 2875.0 11406.019585403736
0.0 783.0 303.0 1490.0 6183.581791749594
0.0 260.0 561.0 2901.0 11372.095993555062
0.0 1362.0 19.0 69.0 348.79732193580907
0.0 382.0 507.0 2554.0 10183.484459319681
0.0 261.0 557.0 2892.0 11371.038682036717
0.0 283.0 541.0 2897.0 11140.302567992121
0.0 257.0 559.0 2901.0 11436.861419188142
0.0 294.0 544.0 2807.0 11067.834480540556
0.0 810.0 283.0 1549.0 5886.278128483677
0.0 1370.0 13.0 67.0 265.4081195305325
0.0 848.0 282.0 1365.0 5391.853884299964
0.0 839.0 283.0 1357.0 5466.876371319466
0.0 768.0 308.0 1610.0 6314.755674112669
0.0 810.0 304.0 1430.0 5756.476554596008
0.0 802.0 275.0 1635.0 5894.940865049161
0.0 881.0 251.0 1304.0 5239.058292548861
0.0 833.0 272.0 1498.0 5705.724945967139
0.0 878.0 249.0 1347.0 5171.475335997381
0.0 306.0 533.0 2761.0 10921.989672444948
0.0 309.0 538.0 2773.0 10895.04480413877
0.0 1360.0 20.0 71.0 388.917090059168
0.0 876.0 249.0 1394.0 5183.593259968874
0.0 768.0 310.0 1664.0 6158.8561175905115
0.0 1361.0 17.0 77.0 382.0293206855434
0.0 278.0 547.0 2880.0 11192.687981960184
0.0 776.0 323.0 1471.0 6118.644746637415
0.0 1366.0 17.0 58.0 309.4910628005013
0.0 824.0 271.0 1499.0 5709.434071077618
0.0 1367.0 16.0 80.0 302.62790626339563
0.0 308.0 537.0 2742.0 10909.106166616411
0.0 282.0 548.0 2867.0 11198.748022318676
0.0 286.0 544.0 2839.0 11154.072190217592
0.0 825.0 279.0 1415.0 5699.9425363951605
0.0 1370.0 11.0 78.0 274.5111955528128
0.0 266.0 560.0 2858.0 11298.903279628415
0.0 314.0 537.0 2690.0 10839.928870061904
0.0 1365.0 16.0 69.0 315.2877627273527
0.0 272.0 550.0 2879.0 11250.234809515028
0.0 793.0 311.0 1485.0 6004.636378659608
0.0 276.0 548.0 2880.0 11207.600276282741
