0.0 923.0 234.0 1235.0 4677.1102930684765
0.0 452.0 464.0 2420.0 9409.12749635498
0.0 1354.0 23.0 75.0 417.3608466206135
0.0 297.0 536.0 2837.0 11020.737246997567
0.0 292.0 543.0 2835.0 11115.346688319663
0.0 315.0 532.0 2714.0 10860.046485012208
0.0 829.0 277.0 1439.0 5707.10825651928
0.0 787.0 304.0 1595.0 6106.71284923055
0.0 846.0 275.0 1368.0 5446.514978823795
0.0 1366.0 13.0 101.0 300.5119969454572
0.0 1369.0 11.0 68.0 303.87130834444184
0.0 823.0 274.0 1481.0 5747.276169103779
0.0 793.0 296.0 1585.0 5977.3389622913655
0.0 267.0 548.0 2912.0 11324.075536407126
0.0 1367.0 14.0 72.0 304.08482048989504
0.0 853.0 277.0 1359.0 5461.614412880651
0.0 314.0 531.0 2747.0 10835.747181754878
0.0 798.0 288.0 1552.0 5909.311902400524
0.0 270.0 551.0 2891.0 11242.988610206692
0.0 876.0 259.0 1370.0 5101.287831125809
0.0 255.0 565.0 2876.0 11426.427796636135
0.0 264.0 554.0 2889.0 11341.502571611345
0.0 813.0 288.0 1462.0 5804.54331696876
0.0 260.0 559.0 2888.0 11386.649323979558
0.0 1365.0 15.0 82.0 322.5131805829855
0.0 765.0 307.0 1595.0 6320.914316737304
0.0 300.0 542.0 2784.0 10999.336271303671
0.0 864.0 281.0 1247.0 5261.4618118986
0.0 813.0 283.0 1502.0 5867.285362308417
0.0 1365.0 18.0 77.0 296.7722580525913
0.0 1367.0 13.0 69.0 304.86629969751806
0.0 285.0 545.0 2834.0 11094.88008396989
0.0 300.0 529.0 2860.0 10939.11259937622
0.0 1368.0 16.0 54.0 288.9568832955235
0.0 309.0 532.0 2799.0 10921.569346703383
0.0 881.0 263.0 1286.0 5121.904713563609
0.0 797.0 283.0 1559.0 5977.521774760864
0.0 282.0 548.0 2842.0 11177.232239325893
0.0 1364.0 17.0 87.0 320.08855009782894
0.0 1369.0 13.0 73.0 272.42985451430076
0.0 865.0 262.0 1365.0 5337.700462783696
0.0 804.0 296.0 1424.0 5923.024551472847
0.0 269.0 552.0 2869.0 11270.044236164444
0.0 275.0 554.0 2852.0 11238.897835779708
0.0 1370.0 11.0 77.0 276.8814328739296
0.0 270.0 545.0 2919.0 11252.12753499905
0.0 270.0 554.0 2874.0 11243.565023923242
0.0 819.0 286.0 1488.0 5777.014160384593
0.0 305.0 533.0 2750.0 10943.140506811911
0.0 310.0 535.0 2719.0 10879.452425488123
0.0 1374.0 13.0 56.0 223.32712184019007
0.0 1371.0 14.0 53.0 252.27871888877402
0.0 1368.0 15.0 65.0 289.40871392471666
0.0 856.0 266.0 1320.0 5399.426661881148
0.0 259.0 563.0 2876.0 11394.339135789785
0.0 1365.0 17.0 55.0 319.58552646724064
0.0 826.0 277.0 1435.0 5721.1122809707085
0.0 1363.0 18.0 74.0 333.1296824435391
0.0 316.0 529.0 2716.0 10797.12402898207
0.0 824.0 285.0 1463.0 5697.186516395181
0.0 809.0 279.0 1510.0 5930.316354282804
0.0 320.0 533.0 2710.0 10760.982755939614
0.0 1372.0 11.0 65.0 243.5685225863564
0.0 1366.0 19.0 51.0 316.4331509818858
0.0 802.0 297.0 1514.0 5928.091550848567
0.0 801.0 280.0 1531.0 5872.479095343371
0.0 1370.0 14.0 42.0 267.98913127026293
0.0 274.0 555.0 2831.0 11253.124503156827
0.0 274.0 546.0 2892.0 11217.79661000775
0.0 835.0 279.0 1421.0 5610.070588852781
0.0 1366.0 15.0 72.0 295.3377366071207
0.0 280.0 550.0 2839.0 11213.281359251117
0.0 1365.0 19.0 45.0 329.9234226959715
0.0 1365.0 19.0 51.0 325.639605864555
0.0 1361.0 21.0 60.0 362.6153336038778
0.0 807.0 294.0 1466.0 5949.785618116049
0.0 314.0 536.0 2692.0 10814.54536295522
0.0 811.0 293.0 1479.0 5888.750552758801
0.0 878.0 265.0 1278.0 5096.946348255102
0.0 1367.0 12.0 82.0 305.48843543668346
0.0 837.0 288.0 1420.0 5489.224799124492
0.0 839.0 277.0 1444.0 5510.9694537017795
0.0 845.0 273.0 1376.0 5488.77387879183
0.0 791.0 317.0 1451.0 6037.25413197281
0.0 1364.0 19.0 66.0 319.53436853284984
0.0 1361.0 19.0 75.0 367.0438470735712
0.0 259.0 560.0 2883.0 11394.64480667929
0.0 1361.0 21.0 42.0 371.27402171403867
0.0 271.0 561.0 2835.0 11261.464678697796
0.0 272.0 544.0 2913.0 11232.450046013313
0.0 850.0 263.0 1470.0 5464.883407941403
0.0 267.0 549.0 2911.0 11319.035180495817
0.0 1365.0 15.0 56.0 331.7083822486488
0.0 799.0 310.0 1428.0 5976.498929792143
0.0 262.0 557.0 2877.0 11361.156241563136
0.0 884.0 266.0 1291.0 5074.479797422148
0.0 1366.0 16.0 66.0 325.8789289707875
0.0 307.0 534.0 2743.0 10924.945237959675
0.0 1365.0 14.0 86.0 325.81969559178907
0.0 1368.0 15.0 67.0 271.5586136368514
0.0 1363.0 20.0 59.0 335.4119218934053
0.0 1371.0 13.0 78.0 245.5609020605907
0.0 815.0 275.0 1486.0 5831.9431592333
0.0 279.0 547.0 2888.0 11208.880623620087
0.0 800.0 287.0 1539.0 5973.740725561473
0.0 268.0 557.0 2865.0 11293.231876900278
0.0 833.0 290.0 1332.0 5736.213468113814
0.0 812.0 301.0 1496.0 5820.871634421778
0.0 388.0 507.0 2520.0 10088.62198316487
0.0 845.0 277.0 1312.0 5524.570083310308
0.0 1369.0 19.0 36.0 263.13582954067215
0.0 302.0 536.0 2810.0 10949.647039143969
0.0 1369.0 10.0 82.0 296.8902021032626
0.0 819.0 317.0 1295.0 5792.4646078454525
0.0 392.0 503.0 2512.0 10078.045984221253
0.0 1362.0 21.0 63.0 350.34477038605024
0.0 1360.0 20.0 76.0 372.32262329607374
0.0 282.0 543.0 2868.0 11130.51554962465
0.0 818.0 271.0 1543.0 5806.242416486417
0.0 856.0 271.0 1351.0 5379.676639474177
0.0 290.0 544.0 2843.0 11144.953043861313
0.0 262.0 560.0 2854.0 11350.950240942058
0.0 276.0 549.0 2855.0 11216.203691631412
0.0 308.0 536.0 2737.0 10919.495097696574
0.0 1368.0 15.0 66.0 287.4759316295515
0.0 265.0 553.0 2906.0 11311.933878382524
0.0 1367.0 14.0 73.0 303.3777093745785
0.0 839.0 287.0 1395.0 5559.834086922748
0.0 306.0 536.0 2745.0 10894.204672469978
0.0 282.0 549.0 2836.0 11138.028250751293
0.0 1375.0 13.0 31.0 217.22363743381746
0.0 273.0 548.0 2888.0 11278.977619996856
0.0 836.0 276.0 1458.0 5660.797291716285
0.0 311.0 534.0 2729.0 10864.17917513284
0.0 284.0 548.0 2843.0 11115.21632152135
0.0 304.0 536.0 2753.0 10942.965932584257
0.0 1364.0 15.0 84.0 332.1495307704722
0.0 796.0 295.0 1438.0 5944.42250327753
0.0 821.0 281.0 1477.0 5794.838140319929
0.0 313.0 536.0 2772.0 10848.27080030647
0.0 826.0 283.0 1407.0 5734.990148988092
0.0 810.0 282.0 1530.0 5837.0275658147975
0.0 268.0 551.0 2897.0 11271.184186082291
0.0 410.0 491.0 2433.0 9859.695169671766
0.0 1370.0 15.0 60.0 259.5593769785857
0.0 424.0 483.0 2490.0 9700.280360858727
0.0 1369.0 16.0 55.0 270.0360325015889
0.0 1367.0 19.0 45.0 308.1802472514241
0.0 816.0 289.0 1434.0 5784.238881752676
0.0 270.0 559.0 2855.0 11352.389457032046
0.0 280.0 550.0 2880.0 11198.123015486091
0.0 1364.0 17.0 67.0 326.8163420270035
0.0 816.0 298.0 1362.0 5745.820891041697
0.0 1359.0 20.0 82.0 395.79648070889203
0.0 847.0 269.0 1468.0 5542.135428417932
0.0 1364.0 14.0 89.0 340.5295195530593
0.0 865.0 256.0 1412.0 5286.752206193902
0.0 761.0 315.0 1572.0 6311.579245320651
0.0 1360.0 18.0 102.0 369.28735941413044
0.0 770.0 302.0 1574.0 6288.807027863527
0.0 312.0 531.0 2758.0 10857.79838087281
0.0 1366.0 14.0 93.0 302.1977947032146
0.0 1366.0 13.0 86.0 312.9622685874764
0.0 1363.0 19.0 64.0 362.075362228682
0.0 273.0 552.0 2850.0 11263.034487071367
0.0 815.0 284.0 1483.0 5864.552831779343
0.0 294.0 544.0 2815.0 11051.622037410803
0.0 403.0 497.0 2451.0 9927.051873294124
0.0 873.0 256.0 1377.0 5263.693228094829
0.0 803.0 294.0 1488.0 6077.604093620581
0.0 277.0 541.0 2914.0 11196.003368286818
0.0 1362.0 21.0 54.0 362.6676116613777
0.0 794.0 291.0 1555.0 6020.934733687527
0.0 899.0 263.0 1212.0 5016.454542637391
0.0 290.0 551.0 2819.0 11113.894081918903
0.0 1369.0 13.0 69.0 276.07935181180864
0.0 1367.0 17.0 49.0 315.26905444548123
0.0 836.0 276.0 1350.0 5666.558158959415
0.0 1368.0 18.0 42.0 291.4349430541056
0.0 285.0 543.0 2840.0 11153.372855617135
0.0 1367.0 13.0 80.0 289.16031953396083
0.0 260.0 560.0 2883.0 11358.146818966128
0.0 826.0 280.0 1411.0 5619.075794407079
0.0 311.0 532.0 2734.0 10852.977727219919
0.0 817.0 279.0 1531.0 5818.765254871053
0.0 276.0 547.0 2864.0 11253.21043941697
0.0 1369.0 13.0 67.0 289.7703602110494
0.0 837.0 276.0 1432.0 5599.768382458317
0.0 303.0 534.0 2772.0 10931.408166153402
0.0 258.0 556.0 2919.0 11417.894747355791
0.0 856.0 256.0 1462.0 5469.249514105384
0.0 271.0 548.0 2912.0 11263.09234839742
0.0 404.0 492.0 2447.0 9928.159493946001
0.0 259.0 559.0 2894.0 11365.184343170456
0.0 812.0 281.0 1528.0 5873.102636508485
0.0 1368.0 13.0 76.0 284.08643882611375
0.0 271.0 558.0 2866.0 11288.077431136948
0.0 1363.0 15.0 79.0 362.7095265285615
0.0 821.0 278.0 1553.0 5716.491359462423
0.0 259.0 564.0 2865.0 11381.188036234047
0.0 800.0 304.0 1428.0 5918.2332373452955
0.0 277.0 553.0 2840.0 11240.955187622127
0.0 1365.0 19.0 69.0 313.42615395388987
0.0 844.0 275.0 1324.0 5593.951592121096
0.0 1364.0 17.0 63.0 334.1370544813228
0.0 327.0 524.0 2703.0 10712.346644838826
0.0 871.0 268.0 1312.0 5261.173313281692
0.0 854.0 269.0 1374.0 5410.656589772064
0.0 839.0 279.0 1425.0 5563.940025677195
0.0 919.0 233.0 1232.0 4752.283051043128
0.0 1362.0 18.0 66.0 349.7732262509747
0.0 830.0 280.0 1368.0 5644.60223730356
0.0 825.0 288.0 1414.0 5767.985983405697
0.0 777.0 287.0 1662.0 6179.966352988347
0.0 272.0 553.0 2886.0 11245.757726644817
0.0 819.0 301.0 1348.0 5857.114331825587
0.0 1367.0 15.0 62.0 294.6591586912387
0.0 1369.0 16.0 52.0 294.51379933787194
