0.0 669.0 360.0 1898.0 7233.1905196005055
0.0 1352.0 20.0 121.0 441.64338977960307
0.0 379.0 494.0 2631.0 10179.660566765151
0.0 1360.0 16.0 99.0 362.1416078417198
0.0 1364.0 17.0 64.0 310.0756181905642
0.0 290.0 544.0 2827.0 11067.635638248812
0.0 854.0 281.0 1313.0 5358.6749108092745
0.0 1362.0 19.0 81.0 361.65671624092727
0.0 1365.0 15.0 79.0 314.6270845976238
0.0 317.0 533.0 2721.0 10805.353338051304
0.0 283.0 544.0 2836.0 11159.325197907972
0.0 1369.0 16.0 58.0 278.55313384972624
0.0 810.0 282.0 1479.0 5859.588383611709
0.0 1361.0 20.0 75.0 369.9777086007341
0.0 1363.0 16.0 85.0 331.42989301847444
0.0 279.0 548.0 2869.0 11171.150001966633
0.0 278.0 549.0 2882.0 11183.432248415153
0.0 273.0 544.0 2899.0 11256.452055021287
0.0 1359.0 16.0 99.0 386.37314024282387
0.0 796.0 297.0 1510.0 5959.163395551519
0.0 1368.0 17.0 47.0 289.7163743018516
0.0 269.0 555.0 2848.0 11293.357944900054
0.0 426.0 485.0 2455.0 9695.024741311003
0.0 267.0 553.0 2901.0 11306.249754986728
0.0 1365.0 14.0 75.0 325.8761684388093
0.0 1369.0 14.0 72.0 278.13524223007585
0.0 328.0 524.0 2692.0 10706.781421168675
0.0 786.0 303.0 1593.0 6113.1998521868545
0.0 1367.0 19.0 49.0 293.41933227080864
0.0 1365.0 17.0 60.0 318.4079306564147
0.0 262.0 556.0 2895.0 11369.561354505584
0.0 278.0 551.0 2830.0 11218.06791193819
0.0 1370.0 14.0 64.0 261.462266383444
0.0 310.0 532.0 2753.0 10891.058501180914
0.0 805.0 299.0 1435.0 5824.87905060612
0.0 820.0 289.0 1430.0 5742.919868923753
0.0 800.0 296.0 1524.0 5963.160332110519
0.0 260.0 549.0 2939.0 11401.853369854478
0.0 286.0 547.0 2857.0 11128.440803286096
0.0 1366.0 13.0 75.0 301.6078929968401
0.0 282.0 543.0 2859.0 11142.465180216685
0.0 1367.0 19.0 53.0 286.36561513243987
0.0 793.0 292.0 1590.0 5952.872242701353
0.0 794.0 306.0 1409.0 5987.089529853128
0.0 814.0 282.0 1535.0 5836.7559089738015
0.0 1371.0 14.0 53.0 260.284999642823
0.0 1362.0 15.0 94.0 362.8617534528376
0.0 274.0 546.0 2901.0 11227.657921213286
0.0 806.0 294.0 1415.0 5855.063821940651
0.0 819.0 287.0 1449.0 5837.187910215701
0.0 832.0 283.0 1365.0 5600.540325982178
0.0 307.0 537.0 2794.0 10905.084651877612
0.0 316.0 532.0 2715.0 10807.820832446092
0.0 1363.0 13.0 99.0 342.0258450800397
0.0 286.0 546.0 2829.0 11147.610745313035
0.0 1365.0 14.0 87.0 310.8433608941319
0.0 810.0 280.0 1533.0 5891.029200653822
0.0 818.0 293.0 1398.0 5785.117697953074
0.0 268.0 554.0 2873.0 11284.692825216482
0.0 314.0 534.0 2719.0 10852.424362683005
0.0 384.0 508.0 2498.0 10119.067947095302
0.0 906.0 250.0 1219.0 4956.280234660214
0.0 1361.0 21.0 65.0 362.31993867711344
0.0 1366.0 15.0 93.0 294.8264782585478
0.0 318.0 528.0 2747.0 10806.41893874051
0.0 886.0 253.0 1338.0 5060.820869664757
0.0 276.0 551.0 2852.0 11277.536174118553
0.0 276.0 547.0 2862.0 11248.371759039946
0.0 841.0 277.0 1458.0 5559.237430310165
0.0 404.0 494.0 2451.0 9909.466234751753
0.0 791.0 293.0 1592.0 6153.455806951803
0.0 391.0 492.0 2567.0 10051.883099339233
0.0 290.0 539.0 2841.0 11082.465604266394
0.0 818.0 290.0 1453.0 5790.123007742361
0.0 890.0 251.0 1297.0 5046.571286691042
0.0 1368.0 11.0 80.0 273.310500338168
0.0 1363.0 18.0 56.0 353.9373253108977
0.0 1372.0 11.0 58.0 247.68064397748736
0.0 390.0 500.0 2529.0 10055.751880194579
0.0 815.0 283.0 1485.0 5835.441251149071
0.0 284.0 553.0 2833.0 11200.738540103608
0.0 855.0 278.0 1345.0 5373.654305611273
0.0 808.0 278.0 1480.0 5907.220770032967
0.0 1370.0 16.0 58.0 259.58103089171766
0.0 339.0 524.0 2640.0 10582.985465033931
0.0 837.0 281.0 1443.0 5645.574188140603
0.0 816.0 271.0 1513.0 5746.105709573761
0.0 827.0 268.0 1565.0 5729.443920825225
0.0 814.0 292.0 1428.0 5779.601666730479
0.0 302.0 530.0 2787.0 10976.744174470277
0.0 798.0 288.0 1530.0 6037.062925365825
0.0 821.0 285.0 1448.0 5741.05120510182
0.0 329.0 531.0 2674.0 10675.056990867586
0.0 423.0 490.0 2396.0 9757.792637944363
0.0 295.0 539.0 2808.0 11053.015640919857
0.0 296.0 544.0 2823.0 11028.21573115485
0.0 1364.0 15.0 87.0 336.86613790001576
0.0 279.0 553.0 2817.0 11206.944173155265
0.0 395.0 499.0 2509.0 9990.385044372577
0.0 1361.0 19.0 90.0 356.03037870608944
0.0 265.0 561.0 2853.0 11322.602357420965
0.0 1366.0 18.0 47.0 306.0330031261861
0.0 327.0 530.0 2694.0 10686.442030504757
0.0 1373.0 13.0 48.0 242.15627361354285
0.0 826.0 295.0 1326.0 5659.750069895568
0.0 295.0 537.0 2861.0 11007.69865320377
0.0 812.0 287.0 1455.0 5751.3376690613995
0.0 280.0 549.0 2813.0 11220.101162291567
0.0 397.0 502.0 2481.0 10000.860607409899
0.0 858.0 260.0 1403.0 5451.991694257061
0.0 294.0 541.0 2813.0 11039.388447892137
0.0 1370.0 12.0 60.0 277.8962779649976
0.0 821.0 278.0 1504.0 5797.078226589198
0.0 862.0 277.0 1343.0 5333.75881486291
0.0 269.0 547.0 2887.0 11308.674933845505
0.0 787.0 317.0 1460.0 6039.858376355567
0.0 261.0 558.0 2888.0 11372.88523021298
0.0 304.0 537.0 2738.0 10950.277921159983
0.0 313.0 534.0 2771.0 10863.263358494625
0.0 784.0 299.0 1619.0 6082.16272896967
0.0 1369.0 15.0 80.0 273.0539667553385
0.0 862.0 266.0 1382.0 5378.989011786128
0.0 1364.0 15.0 80.0 350.2479093400469
0.0 899.0 255.0 1159.0 5050.885814833014
0.0 1366.0 16.0 79.0 301.58306029902616
0.0 1366.0 19.0 43.0 308.30402013565174
0.0 1366.0 15.0 67.0 311.77258946007015
0.0 1365.0 16.0 63.0 327.64985553865944
0.0 298.0 540.0 2815.0 11009.148694361269
0.0 802.0 288.0 1463.0 5956.048733111927
0.0 379.0 505.0 2532.0 10154.083163502133
0.0 278.0 548.0 2849.0 11213.604244918963
0.0 796.0 299.0 1496.0 5905.037596453875
0.0 1370.0 11.0 78.0 267.3137335687224
0.0 1368.0 15.0 53.0 296.4630259782326
0.0 796.0 301.0 1472.0 5975.992114142356
0.0 805.0 288.0 1471.0 5823.825320172286
0.0 802.0 309.0 1447.0 5901.201263356606
0.0 275.0 553.0 2835.0 11256.889542020746
0.0 1358.0 20.0 87.0 401.5633326758644
0.0 1369.0 12.0 65.0 279.5686910616853
0.0 1371.0 15.0 38.0 258.1563819449988
0.0 276.0 546.0 2886.0 11185.334875300407
0.0 822.0 278.0 1484.0 5746.456043287581
0.0 291.0 541.0 2806.0 11067.69826501486
0.0 764.0 319.0 1616.0 6295.551706527876
0.0 1361.0 19.0 82.0 365.92975821302434
0.0 1358.0 24.0 76.0 395.3598134570873
0.0 402.0 492.0 2508.0 9913.84753590858
0.0 786.0 295.0 1564.0 6144.727553697231
0.0 798.0 303.0 1422.0 6051.756881146969
0.0 264.0 563.0 2826.0 11334.168365156662
0.0 313.0 536.0 2693.0 10859.990343255837
0.0 274.0 549.0 2882.0 11242.7309794519
0.0 274.0 547.0 2898.0 11230.85823454897
0.0 831.0 278.0 1350.0 5657.001541846589
0.0 1363.0 18.0 69.0 335.97158142102944
0.0 828.0 269.0 1470.0 5717.229263551734
0.0 818.0 284.0 1458.0 5852.913872268698
0.0 787.0 289.0 1598.0 5982.4290154022165
0.0 1367.0 14.0 64.0 301.59458916565904
0.0 1362.0 18.0 93.0 356.21942313956043
0.0 856.0 270.0 1354.0 5377.658223547531
0.0 794.0 300.0 1537.0 6003.478833930338
0.0 447.0 482.0 2363.0 9487.29721152685
0.0 1366.0 11.0 92.0 300.08872227983215
0.0 1367.0 18.0 39.0 297.6389562148116
0.0 846.0 268.0 1461.0 5464.248665040606
0.0 837.0 293.0 1221.0 5595.397007377889
0.0 1367.0 17.0 52.0 290.72169057800545
0.0 1361.0 22.0 60.0 364.2452761288669
0.0 1366.0 18.0 70.0 305.62148398778015
0.0 828.0 266.0 1471.0 5659.994699799899
0.0 775.0 315.0 1543.0 6229.794375026907
0.0 1366.0 16.0 72.0 310.3980039306532
0.0 846.0 285.0 1312.0 5438.712979268798
0.0 1360.0 18.0 95.0 378.43078061691574
0.0 258.0 564.0 2867.0 11377.263430945697
0.0 765.0 301.0 1678.0 6223.626420795235
0.0 330.0 523.0 2722.0 10682.9981328069
0.0 270.0 559.0 2844.0 11316.715901505911
0.0 838.0 257.0 1495.0 5564.045499832758
0.0 320.0 531.0 2697.0 10785.169988377524
0.0 1362.0 20.0 68.0 354.58583169211244
0.0 1365.0 17.0 63.0 310.2259903666106
0.0 770.0 321.0 1471.0 6288.111414303752
0.0 815.0 289.0 1401.0 5825.786345971423
0.0 836.0 263.0 1462.0 5525.444261131641
0.0 799.0 299.0 1407.0 6029.017288354967
0.0 1366.0 14.0 66.0 324.63226157707845
0.0 1362.0 17.0 95.0 362.2687668208414
0.0 787.0 299.0 1531.0 6032.449821129333
0.0 1368.0 17.0 55.0 278.3250736595693
0.0 781.0 316.0 1494.0 6149.427466266356
0.0 1363.0 17.0 79.0 343.4790444684124
0.0 285.0 536.0 2882.0 11095.552440296833
0.0 259.0 560.0 2890.0 11384.247601749079
0.0 827.0 271.0 1494.0 5672.448241175802
0.0 826.0 282.0 1387.0 5704.153636982334
0.0 309.0 533.0 2807.0 10889.74580231205
0.0 314.0 532.0 2730.0 10845.692157436393
0.0 804.0 300.0 1436.0 5990.012149938005
0.0 1365.0 15.0 67.0 330.3821422501934
0.0 277.0 548.0 2855.0 11208.859132053962
0.0 1359.0 21.0 97.0 370.212212525637
0.0 1364.0 19.0 48.0 348.91455957505633
0.0 894.0 253.0 1218.0 4902.4981005422915
0.0 857.0 263.0 1424.0 5360.7133946613485
0.0 793.0 293.0 1563.0 6110.130588402833
0.0 803.0 291.0 1500.0 5941.286932001044
0.0 827.0 283.0 1438.0 5670.6711984860485
0.0 297.0 543.0 2803.0 11018.22522977106
0.0 426.0 484.0 2456.0 9695.042861177662
0.0 393.0 504.0 2489.0 9991.75342308884
0.0 285.0 543.0 2843.0 11144.335101071405
0.0 267.0 554.0 2873.0 11315.329048149217
0.0 262.0 560.0 2884.0 11363.41216793934
0.0 1366.0 16.0 70.0 310.6069837913274
0.0 1368.0 15.0 64.0 276.9279727452375
