0.0 956.0 226.0 1076.0 4418.076337180702
0.0 938.0 232.0 1084.0 4553.388086655146
0.0 854.0 265.0 1372.0 5455.265806235516
0.0 817.0 292.0 1435.0 5700.9865113261785
0.0 1355.0 21.0 103.0 419.9003661552191
0.0 856.0 271.0 1332.0 5497.981993338208
0.0 272.0 551.0 2889.0 11244.6623726997
0.0 1367.0 16.0 63.0 305.32722209570755
0.0 787.0 298.0 1473.0 6039.129941796243
0.0 1362.0 19.0 79.0 341.0149261573644
0.0 811.0 291.0 1446.0 5798.743944396003
0.0 824.0 281.0 1462.0 5682.164535773883
0.0 282.0 548.0 2837.0 11192.459888336365
0.0 809.0 302.0 1462.0 5922.081510175921
0.0 802.0 288.0 1565.0 5845.115371132132
0.0 296.0 541.0 2800.0 11018.022999316352
0.0 260.0 554.0 2908.0 11398.417170274075
0.0 271.0 546.0 2902.0 11251.027672559001
0.0 1362.0 21.0 51.0 348.97005060162877
0.0 266.0 548.0 2901.0 11316.130639581195
0.0 1365.0 16.0 87.0 319.48260285304923
0.0 1363.0 16.0 90.0 337.42076512107184
0.0 315.0 536.0 2732.0 10810.309559337564
0.0 1362.0 18.0 86.0 353.17251594602544
0.0 263.0 557.0 2896.0 11360.356505369282
0.0 288.0 545.0 2830.0 11082.709334753998
0.0 814.0 284.0 1508.0 5851.596485141105
0.0 276.0 551.0 2861.0 11241.800397456042
0.0 267.0 548.0 2921.0 11313.688862807163
0.0 779.0 289.0 1645.0 6199.226442134769
0.0 1370.0 13.0 60.0 294.4089560861749
0.0 820.0 288.0 1455.0 5716.808800700571
0.0 418.0 491.0 2453.0 9780.512882096602
0.0 1365.0 17.0 63.0 314.3034556467691
0.0 279.0 547.0 2890.0 11142.444300978128
0.0 378.0 509.0 2499.0 10161.252549409235
0.0 396.0 497.0 2532.0 9990.122921222212
0.0 808.0 282.0 1514.0 5897.376935293968
0.0 288.0 543.0 2831.0 11144.032435239547
0.0 266.0 549.0 2909.0 11280.640382579159
0.0 262.0 560.0 2860.0 11353.160205571885
0.0 256.0 565.0 2852.0 11416.669214417192
0.0 1368.0 15.0 55.0 287.8510804690737
0.0 259.0 562.0 2865.0 11387.501134743825
0.0 861.0 277.0 1287.0 5326.950571600729
0.0 777.0 305.0 1564.0 6169.116398724929
0.0 1362.0 18.0 74.0 356.6669721712958
0.0 1371.0 11.0 60.0 264.1739855461477
0.0 850.0 278.0 1349.0 5403.324235028517
0.0 284.0 543.0 2862.0 11153.56506324314
0.0 281.0 546.0 2852.0 11174.13570827755
0.0 805.0 286.0 1562.0 5929.354823114232
0.0 862.0 266.0 1387.0 5342.078840509925
0.0 311.0 531.0 2762.0 10869.039785916179
0.0 268.0 549.0 2910.0 11265.373309105998
0.0 1368.0 12.0 90.0 273.5188098544277
0.0 319.0 525.0 2744.0 10774.395332252587
0.0 926.0 223.0 1207.0 4710.090329776907
0.0 851.0 267.0 1375.0 5447.970461037875
0.0 790.0 303.0 1515.0 5989.4292279568745
0.0 758.0 312.0 1659.0 6366.861038321008
0.0 270.0 550.0 2884.0 11282.128665398595
0.0 1367.0 12.0 84.0 302.3382438125458
0.0 1367.0 13.0 62.0 305.65934193395157
0.0 843.0 266.0 1450.0 5501.754071772628
0.0 804.0 303.0 1425.0 5970.36780686975
0.0 1363.0 18.0 82.0 348.28043522223555
0.0 1362.0 19.0 54.0 357.22976777419166
0.0 818.0 275.0 1531.0 5883.593867174682
0.0 805.0 280.0 1600.0 5868.139147893877
0.0 265.0 556.0 2873.0 11317.250862277346
0.0 815.0 280.0 1578.0 5786.920288517421
0.0 795.0 291.0 1563.0 5967.233064814735
0.0 868.0 265.0 1320.0 5211.226562185467
0.0 1361.0 21.0 84.0 356.5681342125963
0.0 806.0 286.0 1478.0 5881.343562093123
0.0 285.0 552.0 2810.0 11192.008328834052
0.0 843.0 279.0 1383.0 5530.026748355168
0.0 310.0 532.0 2801.0 10866.09151921077
0.0 794.0 290.0 1598.0 6077.511036195064
0.0 822.0 273.0 1577.0 5626.803398310175
0.0 393.0 503.0 2537.0 10026.104874593417
0.0 291.0 549.0 2828.0 11143.852810121754
0.0 265.0 551.0 2933.0 11303.308470483118
0.0 1365.0 15.0 82.0 332.8585482562105
0.0 264.0 558.0 2882.0 11335.567617102599
0.0 848.0 266.0 1379.0 5548.913321411524
0.0 877.0 253.0 1273.0 5122.35332358315
0.0 1368.0 14.0 65.0 260.30105759688615
0.0 1364.0 16.0 78.0 337.63865289326446
0.0 1364.0 18.0 67.0 332.23943130936067
0.0 1359.0 21.0 76.0 379.54929607349277
0.0 857.0 259.0 1434.0 5410.687966227459
0.0 328.0 526.0 2710.0 10693.88580813701
0.0 1363.0 17.0 88.0 339.04109213958674
0.0 792.0 297.0 1518.0 5947.0252528823585
0.0 313.0 533.0 2732.0 10833.894460789976
0.0 261.0 559.0 2876.0 11386.045567471203
0.0 316.0 531.0 2715.0 10799.692587870357
0.0 824.0 276.0 1463.0 5734.128905553411
0.0 295.0 540.0 2872.0 11059.472579193465
0.0 861.0 255.0 1456.0 5479.896180138436
0.0 274.0 550.0 2875.0 11248.323053073964
0.0 781.0 310.0 1543.0 6126.029792675967
0.0 841.0 281.0 1388.0 5551.73345410309
0.0 279.0 544.0 2883.0 11166.332554445098
0.0 392.0 498.0 2539.0 10043.480823407359
0.0 1365.0 19.0 45.0 324.9010300231987
0.0 332.0 526.0 2710.0 10656.755884899763
0.0 416.0 488.0 2508.0 9799.789710529363
0.0 273.0 548.0 2899.0 11272.688293810941
0.0 1367.0 17.0 45.0 293.58590632445873
0.0 797.0 288.0 1504.0 5922.8624473356995
0.0 300.0 534.0 2776.0 10993.593638058102
0.0 1369.0 13.0 54.0 297.5790108963472
0.0 823.0 258.0 1482.0 5774.918005649645
0.0 856.0 269.0 1388.0 5428.878551036251
0.0 798.0 280.0 1620.0 5937.781585781708
0.0 821.0 269.0 1502.0 5681.660303344746
0.0 1368.0 13.0 74.0 284.18509880851184
0.0 1366.0 18.0 60.0 302.3518430682461
0.0 310.0 531.0 2822.0 10862.010017223745
0.0 842.0 280.0 1317.0 5467.83041107823
0.0 1358.0 21.0 93.0 384.8773854312837
0.0 327.0 528.0 2706.0 10730.579641001346
0.0 1367.0 15.0 55.0 308.42519228802917
0.0 301.0 527.0 2858.0 10920.320391410267
0.0 261.0 559.0 2897.0 11370.808950737466
0.0 259.0 563.0 2856.0 11382.39005640149
0.0 1364.0 18.0 73.0 315.92902542250937
0.0 834.0 273.0 1440.0 5601.2980323839265
0.0 275.0 549.0 2859.0 11246.076089364957
0.0 329.0 529.0 2704.0 10681.86489078729
0.0 1370.0 15.0 54.0 270.6666319218513
0.0 276.0 548.0 2884.0 11206.512772803746
0.0 280.0 543.0 2886.0 11171.196084737043
0.0 270.0 557.0 2850.0 11269.383973098316
0.0 1363.0 20.0 62.0 338.6030476956112
0.0 863.0 270.0 1291.0 5277.124088607415
0.0 780.0 296.0 1589.0 6242.126567743883
0.0 262.0 553.0 2892.0 11385.040415070316
0.0 275.0 548.0 2891.0 11238.540523163594
0.0 827.0 285.0 1458.0 5617.2963040937975
0.0 1363.0 18.0 61.0 349.08348998181066
0.0 304.0 537.0 2751.0 10956.424286781586
0.0 811.0 279.0 1496.0 5903.577954830066
0.0 270.0 557.0 2849.0 11273.027474665521
0.0 260.0 563.0 2868.0 11356.23785477216
0.0 383.0 508.0 2475.0 10121.39880465041
0.0 316.0 534.0 2708.0 10800.460322771909
0.0 801.0 296.0 1448.0 6010.841044221807
0.0 1360.0 20.0 56.0 386.0841012244812
0.0 1362.0 18.0 90.0 337.06431015277246
0.0 288.0 554.0 2798.0 11151.85784404864
0.0 774.0 290.0 1657.0 6227.573799357324
0.0 312.0 533.0 2720.0 10843.165721791189
0.0 816.0 296.0 1427.0 5835.357303156407
0.0 1370.0 14.0 57.0 257.2361452901364
0.0 824.0 293.0 1386.0 5674.0782571325635
0.0 279.0 550.0 2875.0 11226.884107637228
0.0 295.0 542.0 2840.0 11031.168676173967
0.0 318.0 534.0 2692.0 10794.544030726998
0.0 1368.0 12.0 80.0 282.7223721459963
0.0 296.0 538.0 2837.0 11009.827966053663
0.0 280.0 550.0 2822.0 11188.743492745787
0.0 1363.0 14.0 110.0 335.78839668813765
0.0 1366.0 15.0 77.0 304.81426956782366
0.0 303.0 531.0 2833.0 10899.91072599905
0.0 390.0 499.0 2534.0 10068.38237928113
0.0 1360.0 21.0 70.0 369.56099736961113
0.0 308.0 530.0 2757.0 10911.484611329595
0.0 783.0 302.0 1585.0 6023.342788585501
0.0 1365.0 18.0 63.0 298.0994921916544
0.0 1370.0 13.0 63.0 262.3726497548666
0.0 781.0 314.0 1516.0 6169.728108106328
0.0 255.0 566.0 2870.0 11428.467898070396
0.0 850.0 282.0 1344.0 5454.9494714680795
0.0 314.0 534.0 2717.0 10849.854637090219
0.0 279.0 547.0 2881.0 11223.788841602856
0.0 394.0 501.0 2509.0 10017.641018003982
0.0 792.0 285.0 1554.0 6100.699812218695
0.0 307.0 535.0 2752.0 10916.413728255078
0.0 1367.0 16.0 64.0 299.8566194862266
0.0 804.0 292.0 1504.0 5897.552245961586
0.0 837.0 278.0 1378.0 5611.381063036707
0.0 1369.0 16.0 59.0 265.59080633475446
0.0 391.0 497.0 2542.0 10048.064603114024
0.0 1360.0 17.0 91.0 379.98880166586235
0.0 1371.0 9.0 81.0 267.7377327247749
0.0 840.0 278.0 1437.0 5578.677292339276
0.0 1363.0 16.0 92.0 328.3744158980258
0.0 804.0 287.0 1578.0 5852.878751320259
0.0 801.0 295.0 1492.0 5866.95240998766
0.0 1370.0 8.0 86.0 273.82306694616153
0.0 818.0 303.0 1409.0 5767.070937682967
0.0 798.0 295.0 1493.0 5950.95060553487
0.0 843.0 276.0 1430.0 5525.8509043973445
0.0 798.0 304.0 1467.0 5944.304225815071
0.0 281.0 543.0 2881.0 11170.252191702273
0.0 258.0 562.0 2882.0 11413.637691463182
0.0 283.0 543.0 2849.0 11155.79872398658
0.0 799.0 306.0 1456.0 5944.1575566339625
0.0 817.0 287.0 1433.0 5737.342793267567
0.0 292.0 539.0 2866.0 11088.189602858456
0.0 827.0 278.0 1506.0 5656.458682698094
0.0 268.0 550.0 2903.0 11283.149340011292
0.0 848.0 276.0 1404.0 5485.379916529207
0.0 1367.0 17.0 53.0 279.02048480609216
0.0 866.0 266.0 1371.0 5377.384515833995
0.0 776.0 296.0 1630.0 6259.317650293795
0.0 813.0 283.0 1524.0 5875.2697528774925
0.0 830.0 283.0 1360.0 5712.971139046135
0.0 282.0 548.0 2844.0 11150.364807042422
0.0 1363.0 20.0 61.0 349.00100834101806
0.0 282.0 545.0 2834.0 11209.88974745052
0.0 304.0 537.0 2755.0 10911.35223075354
0.0 1363.0 15.0 103.0 345.6666060354747
0.0 1361.0 18.0 86.0 374.75399022742084
0.0 802.0 281.0 1535.0 5938.8928169630535
0.0 264.0 555.0 2899.0 11341.067322496618
0.0 1363.0 15.0 89.0 352.8421068965096
0.0 275.0 551.0 2853.0 11248.420344430293
0.0 818.0 293.0 1424.0 5836.364057294638
0.0 281.0 547.0 2851.0 11151.68212297274
0.0 272.0 555.0 2867.0 11269.436361223634
0.0 1359.0 23.0 67.0 380.4465784452507
0.0 1361.0 19.0 77.0 372.72965312742417
0.0 276.0 558.0 2846.0 11276.472482177685
0.0 839.0 283.0 1425.0 5553.014547066053
0.0 786.0 318.0 1419.0 6123.715194718805
