0.0 1338.0 32.0 137.0 574.434560094716
0.0 479.0 451.0 2380.0 9212.394637090067
0.0 392.0 496.0 2597.0 10058.341761793612
0.0 1365.0 15.0 71.0 322.19728224717875
0.0 862.0 257.0 1380.0 5330.009808035843
0.0 1360.0 23.0 60.0 375.4358875311381
0.0 310.0 536.0 2719.0 10877.923453882266
0.0 310.0 538.0 2701.0 10873.021005297132
0.0 809.0 290.0 1501.0 5921.849921868394
0.0 264.0 553.0 2910.0 11334.512787284128
0.0 773.0 301.0 1680.0 6211.821799089895
0.0 269.0 558.0 2817.0 11283.422745614793
0.0 792.0 298.0 1531.0 6087.543635101773
0.0 818.0 282.0 1430.0 5769.295355879706
0.0 1370.0 15.0 57.0 261.9526469831971
0.0 795.0 298.0 1468.0 6008.773954137651
0.0 282.0 547.0 2849.0 11176.254312679559
0.0 271.0 543.0 2924.0 11233.01026718306
0.0 869.0 272.0 1282.0 5278.601036210818
0.0 282.0 550.0 2813.0 11198.621636501963
0.0 335.0 524.0 2705.0 10634.419185314147
0.0 1360.0 19.0 95.0 370.26492866474996
0.0 812.0 281.0 1539.0 5788.442869098426
0.0 816.0 297.0 1441.0 5859.662381766517
0.0 816.0 289.0 1504.0 5840.6607905249675
0.0 788.0 301.0 1533.0 6136.259139421572
0.0 789.0 296.0 1620.0 6039.891886339116
0.0 779.0 313.0 1557.0 6237.075666297251
0.0 857.0 267.0 1381.0 5358.316870427489
0.0 813.0 280.0 1502.0 5927.291484193976
0.0 305.0 533.0 2771.0 10932.000656758244
0.0 1364.0 17.0 70.0 314.96667230944615
0.0 1370.0 16.0 42.0 260.62167267637477
0.0 1366.0 13.0 97.0 311.2055538617793
0.0 390.0 503.0 2519.0 10049.945213606572
0.0 1364.0 17.0 65.0 341.69452051559057
0.0 411.0 495.0 2433.0 9823.996628758252
0.0 303.0 533.0 2762.0 10973.907981559758
0.0 1369.0 13.0 62.0 273.36815611258106
0.0 808.0 291.0 1488.0 5856.3976263021905
0.0 1362.0 17.0 115.0 339.14225841461155
0.0 291.0 551.0 2809.0 11131.376480067413
0.0 255.0 564.0 2904.0 11427.896161901768
0.0 1368.0 12.0 72.0 289.9875969637357
0.0 784.0 285.0 1697.0 6150.079473304503
0.0 832.0 270.0 1576.0 5756.149004957161
0.0 1364.0 20.0 63.0 314.322051099488
0.0 280.0 548.0 2877.0 11185.312034095014
0.0 1361.0 20.0 65.0 349.3496421673502
0.0 284.0 551.0 2824.0 11184.071109494485
0.0 1375.0 13.0 39.0 213.63526248950743
0.0 814.0 294.0 1459.0 5822.514498652771
0.0 398.0 496.0 2465.0 9959.098593130606
0.0 308.0 531.0 2742.0 10904.425495417949
0.0 386.0 504.0 2482.0 10111.74959495983
0.0 328.0 528.0 2704.0 10706.415718563207
0.0 1368.0 17.0 47.0 286.11845511456437
0.0 1362.0 17.0 87.0 365.22226868841767
0.0 1363.0 20.0 70.0 341.23060927595316
0.0 1372.0 12.0 69.0 266.91260974825207
0.0 798.0 287.0 1505.0 5997.204252737849
0.0 284.0 547.0 2869.0 11112.345744088576
0.0 1367.0 15.0 70.0 286.01043063197665
0.0 283.0 543.0 2894.0 11201.446131029565
0.0 281.0 544.0 2870.0 11163.189929365335
0.0 395.0 502.0 2498.0 9986.721377329844
0.0 271.0 557.0 2846.0 11290.731658087
0.0 312.0 531.0 2766.0 10858.873767934672
0.0 272.0 549.0 2876.0 11296.55132940334
0.0 265.0 551.0 2893.0 11330.434519751823
0.0 275.0 551.0 2876.0 11256.845034518201
0.0 257.0 561.0 2891.0 11394.832415688203
0.0 299.0 536.0 2830.0 10976.447548590944
0.0 833.0 290.0 1370.0 5557.240475258925
0.0 1364.0 21.0 59.0 340.53620564240964
0.0 1366.0 17.0 68.0 294.9828464293665
0.0 324.0 531.0 2667.0 10741.58418755814
0.0 1369.0 18.0 38.0 271.1877138166772
0.0 1368.0 16.0 45.0 294.3002987775852
0.0 826.0 277.0 1488.0 5745.257964313684
0.0 734.0 334.0 1663.0 6598.574936264088
0.0 896.0 253.0 1162.0 4908.76765177136
0.0 307.0 531.0 2753.0 10912.28209490368
0.0 1368.0 11.0 92.0 283.19872512336366
0.0 291.0 540.0 2831.0 11066.538349135193
0.0 276.0 548.0 2863.0 11217.750210097698
0.0 267.0 548.0 2901.0 11284.840036639198
0.0 1363.0 18.0 76.0 333.37367077683336
0.0 1365.0 19.0 65.0 330.8632713742294
0.0 266.0 556.0 2870.0 11335.741223446343
0.0 788.0 312.0 1463.0 6011.578929524307
0.0 298.0 534.0 2860.0 11000.774232058651
0.0 883.0 256.0 1349.0 5044.529400118331
0.0 282.0 550.0 2854.0 11157.147776689062
0.0 836.0 288.0 1361.0 5634.540011444675
0.0 798.0 306.0 1469.0 5931.7306775238185
0.0 404.0 493.0 2451.0 9935.87400751084
0.0 780.0 306.0 1546.0 6113.156031094135
0.0 308.0 535.0 2747.0 10885.615098905437
0.0 778.0 308.0 1565.0 6211.12660538739
0.0 351.0 517.0 2648.0 10445.534293044037
0.0 847.0 271.0 1397.0 5495.48751234691
0.0 799.0 288.0 1525.0 5935.292913903512
0.0 794.0 307.0 1464.0 6043.281302052584
0.0 1360.0 20.0 75.0 376.4729704949579
0.0 928.0 238.0 1140.0 4698.1385999624645
0.0 278.0 546.0 2899.0 11231.6381640346
0.0 823.0 287.0 1404.0 5716.142669312963
0.0 1365.0 17.0 59.0 335.6864687519491
0.0 851.0 269.0 1314.0 5466.914384077856
0.0 274.0 548.0 2896.0 11254.13852489783
0.0 872.0 265.0 1315.0 5300.082088108622
0.0 790.0 305.0 1449.0 6067.893858379429
0.0 272.0 552.0 2885.0 11255.982524036788
0.0 1365.0 16.0 67.0 317.20627668485224
0.0 839.0 286.0 1410.0 5595.380954471347
0.0 313.0 532.0 2740.0 10831.766699326661
0.0 1359.0 24.0 54.0 380.70208471138596
0.0 1371.0 13.0 37.0 231.21063552714577
0.0 1359.0 19.0 92.0 392.05123377622033
0.0 1365.0 13.0 102.0 351.24984987142864
0.0 1369.0 17.0 44.0 278.35245832227275
0.0 267.0 558.0 2856.0 11297.122639140274
0.0 277.0 547.0 2860.0 11188.476301471052
0.0 272.0 553.0 2877.0 11294.747094886116
0.0 1361.0 18.0 70.0 356.95083158673697
0.0 1362.0 16.0 91.0 362.1797683176117
0.0 839.0 270.0 1413.0 5590.139879854216
0.0 815.0 276.0 1550.0 5819.064041286749
0.0 309.0 538.0 2785.0 10884.41963704597
0.0 1370.0 11.0 92.0 260.55139237304826
0.0 263.0 558.0 2872.0 11349.56854990783
0.0 272.0 549.0 2891.0 11266.885284386395
0.0 820.0 274.0 1501.0 5780.501128926134
0.0 315.0 536.0 2690.0 10818.562689372737
0.0 816.0 291.0 1458.0 5821.253790029694
0.0 1364.0 15.0 71.0 362.09449551519066
0.0 876.0 229.0 1436.0 5199.081086728788
0.0 1369.0 10.0 97.0 270.57607789118657
0.0 260.0 556.0 2917.0 11380.586549477819
0.0 821.0 290.0 1427.0 5653.2874277463225
0.0 265.0 559.0 2858.0 11322.74899223421
0.0 1367.0 13.0 86.0 308.6583411772209
0.0 1369.0 15.0 60.0 266.4061561863943
0.0 288.0 542.0 2847.0 11106.385552589201
0.0 260.0 554.0 2916.0 11394.11742056332
0.0 1361.0 17.0 86.0 372.1467020549493
0.0 781.0 294.0 1610.0 6120.567776344499
0.0 258.0 557.0 2890.0 11389.816712117487
0.0 821.0 289.0 1387.0 5768.906598814479
0.0 329.0 533.0 2627.0 10679.433267390348
0.0 308.0 533.0 2813.0 10892.335999717367
0.0 791.0 304.0 1507.0 6059.438632546286
0.0 772.0 311.0 1553.0 6237.865071226231
0.0 885.0 252.0 1313.0 5122.854453997679
0.0 301.0 533.0 2824.0 10966.622978328718
0.0 827.0 280.0 1432.0 5719.900510920973
0.0 802.0 306.0 1432.0 5953.52806443391
0.0 293.0 539.0 2836.0 11062.552268148429
0.0 812.0 291.0 1487.0 5807.952113449379
0.0 807.0 293.0 1471.0 5912.855813706297
0.0 1369.0 16.0 55.0 267.6250373330067
0.0 266.0 555.0 2880.0 11324.268618181608
0.0 819.0 283.0 1526.0 5695.850481198512
0.0 294.0 537.0 2829.0 11025.009002186744
0.0 808.0 273.0 1594.0 5978.799809191048
0.0 855.0 275.0 1323.0 5403.2113607022675
0.0 1366.0 15.0 63.0 319.09250672817683
0.0 305.0 532.0 2782.0 10934.791101589635
0.0 278.0 548.0 2859.0 11280.313778200385
0.0 810.0 284.0 1506.0 5894.560143281656
0.0 920.0 233.0 1205.0 4746.863865158805
0.0 882.0 263.0 1238.0 5154.017145151396
0.0 1366.0 15.0 72.0 310.8611666653733
0.0 317.0 529.0 2738.0 10805.56653230574
0.0 310.0 535.0 2727.0 10880.019170414836
0.0 1370.0 12.0 64.0 271.5311282088631
0.0 295.0 546.0 2809.0 11074.8379265019
0.0 1368.0 13.0 70.0 285.06486450908267
0.0 808.0 295.0 1459.0 5803.124939469266
0.0 856.0 264.0 1411.0 5450.415958111244
0.0 830.0 284.0 1351.0 5671.934753562866
0.0 852.0 266.0 1399.0 5452.713048462711
0.0 830.0 283.0 1417.0 5658.834615412309
0.0 1370.0 15.0 60.0 259.56389011234677
0.0 375.0 509.0 2589.0 10216.286992360665
0.0 1361.0 23.0 53.0 354.5895533974425
0.0 849.0 267.0 1429.0 5443.347638058238
0.0 1361.0 17.0 98.0 345.24562286966795
0.0 282.0 545.0 2867.0 11163.366251368261
0.0 258.0 566.0 2847.0 11421.061067154948
0.0 867.0 259.0 1343.0 5293.977824241998
0.0 1364.0 16.0 86.0 319.7941790373725
0.0 276.0 550.0 2874.0 11204.631572608396
0.0 1366.0 12.0 99.0 331.2765709171741
0.0 791.0 301.0 1533.0 6041.9456072143985
0.0 253.0 562.0 2901.0 11463.785883420062
0.0 854.0 265.0 1411.0 5453.669913014155
0.0 833.0 285.0 1385.0 5608.891031112119
0.0 304.0 537.0 2741.0 10924.62186886511
0.0 256.0 562.0 2881.0 11435.43786989543
0.0 1363.0 19.0 75.0 339.5466277824603
0.0 800.0 284.0 1558.0 5920.651926348053
0.0 287.0 541.0 2823.0 11121.440711055637
0.0 1364.0 16.0 74.0 327.5762491399818
0.0 310.0 530.0 2806.0 10878.218689750678
0.0 267.0 553.0 2887.0 11292.694081408705
0.0 1364.0 16.0 68.0 341.1669396136415
0.0 303.0 534.0 2818.0 10960.493706283645
0.0 817.0 274.0 1596.0 5753.7886094515525
0.0 770.0 315.0 1585.0 6287.903532111036
0.0 267.0 554.0 2887.0 11282.931605297264
0.0 1366.0 19.0 54.0 327.65868352659953
0.0 1355.0 21.0 94.0 447.16626070310895
0.0 1363.0 16.0 74.0 361.1969957642655
0.0 278.0 546.0 2911.0 11201.347804541752
0.0 1359.0 21.0 94.0 376.54446435913053
0.0 257.0 557.0 2902.0 11429.002005390426
0.0 1361.0 19.0 80.0 352.90042431281944
0.0 277.0 541.0 2907.0 11216.912707464327
0.0 782.0 307.0 1535.0 6121.749128922598
0.0 1361.0 15.0 105.0 369.8776668342817
0.0 749.0 313.0 1637.0 6496.682543216587
0.0 1363.0 16.0 89.0 341.2949671984629
0.0 264.0 554.0 2882.0 11348.63921226333
0.0 1363.0 19.0 62.0 354.8180700855177
0.0 298.0 539.0 2802.0 11005.957989500397
0.0 1360.0 19.0 84.0 386.4727490663416
0.0 759.0 312.0 1621.0 6326.069265476152
0.0 793.0 319.0 1437.0 5971.630128657612
0.0 285.0 541.0 2877.0 11114.538024163687
0.0 266.0 554.0 2884.0 11302.648312086058
0.0 259.0 559.0 2884.0 11390.6739052274
0.0 310.0 536.0 2726.0 10873.508442296297
0.0 1366.0 13.0 86.0 316.5138572656094
0.0 819.0 272.0 1506.0 5754.5643521665415
0.0 1361.0 17.0 90.0 368.49370489697054
