0.0 616.0 382.0 2018.0 7780.76508003185
0.0 903.0 246.0 1265.0 5021.401947693474
0.0 374.0 496.0 2670.0 10212.955765685967
0.0 877.0 257.0 1294.0 5139.842864618245
0.0 1364.0 19.0 45.0 333.4675997804937
0.0 316.0 529.0 2728.0 10797.737561156706
0.0 804.0 288.0 1534.0 5966.246189629468
0.0 286.0 541.0 2839.0 11125.157026647927
0.0 278.0 550.0 2851.0 11177.066137846527
0.0 261.0 560.0 2870.0 11365.344737291269
0.0 1365.0 17.0 64.0 310.1038220273782
0.0 394.0 506.0 2467.0 10008.74029886818
0.0 834.0 273.0 1412.0 5596.470468709459
0.0 784.0 310.0 1542.0 6128.06956264502
0.0 258.0 561.0 2889.0 11401.258422848441
0.0 1362.0 19.0 81.0 340.8134658163388
0.0 863.0 257.0 1365.0 5277.225402109285
0.0 825.0 294.0 1336.0 5723.706604813538
0.0 804.0 304.0 1405.0 5925.0408876071515
0.0 276.0 551.0 2878.0 11225.798464774813
0.0 330.0 521.0 2715.0 10686.090038304115
0.0 832.0 290.0 1403.0 5609.2971260613
0.0 1365.0 17.0 70.0 306.6702538279631
0.0 1365.0 20.0 54.0 301.66006947539086
0.0 830.0 268.0 1471.0 5725.038693682731
0.0 1369.0 12.0 78.0 264.5761751743671
0.0 1369.0 14.0 63.0 278.6731881957505
0.0 832.0 290.0 1378.0 5711.36944152984
0.0 1370.0 14.0 66.0 277.46326189184464
0.0 806.0 295.0 1483.0 5910.378249967181
0.0 306.0 535.0 2741.0 10908.491065481521
0.0 874.0 248.0 1357.0 5257.118436625723
0.0 279.0 547.0 2854.0 11220.320489367406
0.0 288.0 539.0 2835.0 11140.899717825045
0.0 283.0 548.0 2859.0 11162.891655199739
0.0 307.0 530.0 2762.0 10926.635342612848
0.0 796.0 309.0 1449.0 6058.9613204717625
0.0 882.0 252.0 1333.0 5094.179083367418
0.0 313.0 529.0 2754.0 10858.423140011933
0.0 311.0 536.0 2728.0 10874.782187624805
0.0 1366.0 18.0 61.0 295.53420816077414
0.0 1372.0 12.0 66.0 241.92956513001624
0.0 1364.0 16.0 76.0 323.31588488526506
0.0 1361.0 19.0 87.0 362.437455711939
0.0 384.0 505.0 2522.0 10120.318920744685
0.0 274.0 544.0 2894.0 11227.396003111842
0.0 1367.0 15.0 71.0 305.4193466392831
0.0 277.0 548.0 2882.0 11244.668619957933
0.0 277.0 551.0 2869.0 11212.415248128575
0.0 771.0 308.0 1556.0 6261.68649221884
0.0 817.0 283.0 1491.0 5808.491157883789
0.0 810.0 294.0 1397.0 5826.7020947284345
0.0 307.0 540.0 2733.0 10906.867924948785
0.0 263.0 558.0 2880.0 11361.806394632915
0.0 1368.0 14.0 54.0 286.0525517164472
0.0 1372.0 15.0 41.0 256.95549823899745
0.0 1369.0 16.0 64.0 267.70022955758714
0.0 1374.0 10.0 58.0 225.01825891816043
0.0 1361.0 16.0 88.0 370.13832637221554
0.0 831.0 293.0 1324.0 5613.161415761296
0.0 844.0 282.0 1388.0 5457.150360853296
0.0 795.0 290.0 1585.0 6041.5508433918285
0.0 1361.0 23.0 56.0 341.89192359712195
0.0 1356.0 20.0 91.0 420.79182105103865
0.0 838.0 279.0 1349.0 5552.180485751197
0.0 301.0 541.0 2747.0 10945.05533847775
0.0 783.0 306.0 1542.0 6203.536886982271
0.0 1369.0 13.0 73.0 277.66888241897664
0.0 1367.0 14.0 83.0 296.39148610543486
0.0 821.0 292.0 1420.0 5851.924551433342
0.0 768.0 317.0 1567.0 6249.3740372505
0.0 1365.0 18.0 59.0 316.29155421735607
0.0 1369.0 16.0 52.0 270.57264791515274
0.0 1372.0 12.0 65.0 257.53729032496983
0.0 800.0 271.0 1702.0 5957.297214425854
0.0 319.0 527.0 2789.0 10816.789023929923
0.0 801.0 300.0 1460.0 6008.119953401639
0.0 816.0 290.0 1422.0 5765.232187712648
0.0 284.0 547.0 2837.0 11181.462845419772
0.0 271.0 550.0 2900.0 11237.726738093108
0.0 1358.0 16.0 111.0 412.38902025964006
0.0 899.0 250.0 1297.0 5064.845834819278
0.0 812.0 276.0 1565.0 5822.622026958406
0.0 258.0 564.0 2871.0 11396.954601261477
0.0 842.0 264.0 1354.0 5584.790355586181
0.0 824.0 290.0 1407.0 5691.267700605548
0.0 307.0 535.0 2749.0 10904.895440251672
0.0 280.0 547.0 2835.0 11182.875690536996
0.0 299.0 537.0 2783.0 11006.601259172896
0.0 847.0 279.0 1339.0 5441.24587777251
0.0 326.0 522.0 2777.0 10723.89082999043
0.0 1370.0 12.0 74.0 277.5070364978354
0.0 256.0 564.0 2887.0 11427.897688093712
0.0 789.0 295.0 1558.0 5979.81833021364
0.0 810.0 287.0 1555.0 5881.173171868609
0.0 275.0 552.0 2863.0 11181.454576542053
0.0 260.0 558.0 2886.0 11384.84567085813
0.0 812.0 288.0 1450.0 5842.316492257193
0.0 802.0 291.0 1540.0 5880.8171171907525
0.0 1365.0 16.0 67.0 330.3284856233381
0.0 1369.0 12.0 74.0 284.1280091748519
0.0 1367.0 12.0 68.0 321.5793029447746
0.0 889.0 273.0 1187.0 5081.565322241501
0.0 294.0 547.0 2822.0 11102.688377899696
0.0 823.0 280.0 1439.0 5769.33791362832
0.0 406.0 489.0 2504.0 9916.670837461696
0.0 829.0 284.0 1475.0 5673.144104808195
0.0 261.0 562.0 2855.0 11369.297542298831
0.0 1363.0 17.0 80.0 322.07742121610056
0.0 1367.0 16.0 64.0 295.0635361487063
0.0 781.0 310.0 1559.0 6213.102424530719
0.0 1365.0 14.0 73.0 336.6557464863915
0.0 851.0 257.0 1448.0 5447.551540360785
0.0 252.0 568.0 2868.0 11436.79972704445
0.0 316.0 534.0 2720.0 10828.798368079593
0.0 1366.0 14.0 88.0 307.12286391692254
0.0 313.0 534.0 2696.0 10853.614261492605
0.0 1363.0 19.0 75.0 344.9451515568398
0.0 842.0 275.0 1453.0 5551.460440681296
0.0 803.0 281.0 1564.0 5902.925016541079
0.0 1366.0 15.0 71.0 308.24842165263027
0.0 321.0 535.0 2703.0 10736.563895177647
0.0 319.0 536.0 2686.0 10793.791096169836
0.0 315.0 526.0 2742.0 10820.592845606556
0.0 326.0 523.0 2731.0 10732.763016348383
0.0 1372.0 11.0 75.0 245.72239883725595
0.0 848.0 276.0 1423.0 5531.041070328107
0.0 822.0 286.0 1463.0 5688.19227882
0.0 283.0 548.0 2847.0 11163.263532902176
0.0 806.0 300.0 1456.0 5967.067739658698
0.0 1365.0 13.0 99.0 321.3634172222181
0.0 791.0 292.0 1532.0 6009.556685604469
0.0 812.0 284.0 1539.0 5971.55074160943
0.0 833.0 279.0 1395.0 5687.228302416841
0.0 278.0 545.0 2870.0 11207.65596109038
0.0 1360.0 21.0 83.0 383.575313283364
0.0 318.0 536.0 2697.0 10767.34241898237
0.0 866.0 254.0 1367.0 5368.8777663900555
0.0 1366.0 13.0 83.0 307.62244358643517
0.0 1365.0 19.0 44.0 342.6827608918064
0.0 1362.0 15.0 99.0 363.24537078542556
0.0 1365.0 17.0 59.0 334.8445251008854
0.0 814.0 270.0 1614.0 5921.588889010288
0.0 798.0 293.0 1495.0 5926.673951584517
0.0 840.0 284.0 1368.0 5548.089109147414
0.0 301.0 540.0 2781.0 10965.254708595483
0.0 1355.0 18.0 122.0 428.13263188582795
0.0 922.0 240.0 1190.0 4805.009138552944
0.0 273.0 549.0 2869.0 11263.36916944083
0.0 1372.0 13.0 50.0 247.85666352162963
0.0 305.0 533.0 2759.0 10922.617456884109
0.0 268.0 553.0 2873.0 11296.079535370272
0.0 1373.0 11.0 60.0 238.28070203884207
0.0 1368.0 15.0 51.0 287.4924559670448
0.0 321.0 525.0 2726.0 10768.019159924397
0.0 793.0 301.0 1517.0 6097.814589775289
0.0 1361.0 19.0 80.0 366.7050813583485
0.0 257.0 562.0 2874.0 11385.32243557732
0.0 311.0 529.0 2819.0 10863.04475978039
0.0 263.0 557.0 2885.0 11353.207136396817
0.0 789.0 309.0 1541.0 6085.700273300224
0.0 289.0 544.0 2834.0 11124.086776812917
0.0 1363.0 18.0 90.0 319.21453389020496
0.0 807.0 286.0 1549.0 5887.55384069177
0.0 898.0 235.0 1345.0 4968.938434456215
0.0 273.0 548.0 2877.0 11274.434519760829
0.0 1364.0 13.0 105.0 344.84453541294914
0.0 1361.0 17.0 87.0 379.5746214013158
0.0 277.0 555.0 2856.0 11255.485755978953
0.0 282.0 550.0 2824.0 11167.77692206832
0.0 392.0 505.0 2495.0 10025.752790684664
0.0 818.0 284.0 1448.0 5805.693872357766
0.0 1373.0 10.0 63.0 223.22701162529862
0.0 816.0 271.0 1542.0 5776.3910990461245
0.0 821.0 286.0 1441.0 5754.526224240357
0.0 296.0 535.0 2820.0 11013.071436739321
0.0 1375.0 8.0 48.0 215.44022766631733
0.0 1366.0 17.0 66.0 308.68615437132723
0.0 266.0 553.0 2876.0 11311.707563028449
0.0 1369.0 14.0 69.0 253.82560110553638
0.0 270.0 549.0 2897.0 11271.229373034628
0.0 804.0 287.0 1531.0 5992.37468274941
0.0 390.0 507.0 2503.0 10040.26351533408
0.0 892.0 247.0 1278.0 5136.250778197298
0.0 305.0 532.0 2785.0 10966.12611616712
0.0 841.0 290.0 1341.0 5621.130956845405
0.0 806.0 305.0 1376.0 5867.687015310278
0.0 310.0 531.0 2771.0 10864.901281403818
0.0 862.0 249.0 1420.0 5275.456627954695
0.0 805.0 302.0 1423.0 5899.322622902768
0.0 1365.0 13.0 105.0 305.33584951672157
0.0 793.0 297.0 1525.0 6045.820497061077
0.0 297.0 546.0 2812.0 11027.004672143334
0.0 396.0 502.0 2511.0 9988.3636025503
0.0 771.0 291.0 1650.0 6132.048336087511
0.0 288.0 541.0 2855.0 11121.721107364965
0.0 1366.0 16.0 67.0 303.29428507212447
0.0 1362.0 19.0 76.0 345.0308502287388
0.0 801.0 290.0 1462.0 6046.361641457745
0.0 825.0 281.0 1450.0 5766.798672127208
0.0 284.0 546.0 2872.0 11174.707564442713
0.0 309.0 536.0 2776.0 10891.78822876459
0.0 840.0 260.0 1464.0 5563.9894972684915
0.0 325.0 530.0 2707.0 10749.106163289911
0.0 296.0 543.0 2813.0 11015.530241286724
0.0 1370.0 15.0 41.0 275.2955540236213
0.0 812.0 295.0 1432.0 5801.843450739361
0.0 783.0 306.0 1531.0 6205.846288201765
0.0 810.0 274.0 1570.0 5889.3409243180395
0.0 1361.0 20.0 65.0 365.23793530312764
0.0 791.0 303.0 1526.0 6071.8672940023125
0.0 290.0 543.0 2815.0 11118.998369754694
0.0 1365.0 15.0 91.0 305.8544076510725
0.0 278.0 554.0 2842.0 11178.065715230437
0.0 311.0 528.0 2757.0 10878.987994414207
0.0 268.0 556.0 2890.0 11288.50355838418
0.0 397.0 504.0 2446.0 9977.44630057968
0.0 1361.0 21.0 64.0 372.3566393558544
0.0 836.0 285.0 1421.0 5589.307617062684
0.0 844.0 263.0 1464.0 5508.766947225851
0.0 300.0 547.0 2775.0 11021.979782443794
0.0 388.0 497.0 2575.0 10059.529075768909
0.0 1366.0 15.0 76.0 284.0007723575144
0.0 822.0 277.0 1564.0 5764.832214445358
0.0 1364.0 16.0 71.0 328.43807308131505
0.0 801.0 293.0 1527.0 5925.1999075304375
0.0 1367.0 14.0 76.0 305.693365059642
0.0 334.0 529.0 2660.0 10647.93802104206
