0.0 1331.0 35.0 161.0 676.4110522195596
0.0 1350.0 24.0 123.0 476.7719610713639
0.0 1355.0 24.0 102.0 405.1728015936589
0.0 879.0 266.0 1232.0 5105.299611518621
0.0 1362.0 18.0 70.0 354.8713640044099
0.0 809.0 288.0 1562.0 5875.237911957824
0.0 829.0 272.0 1481.0 5677.212243772729
0.0 798.0 309.0 1430.0 5978.620727981063
0.0 1367.0 15.0 75.0 303.780481106754
0.0 794.0 288.0 1587.0 6003.179338826873
0.0 255.0 565.0 2894.0 11421.239981645993
0.0 784.0 289.0 1584.0 6057.152707986269
0.0 281.0 549.0 2853.0 11206.315774408928
0.0 264.0 552.0 2912.0 11324.621746820418
0.0 1366.0 15.0 91.0 282.94272699443945
0.0 897.0 240.0 1325.0 4859.303986466589
0.0 814.0 273.0 1555.0 5855.985290676238
0.0 836.0 267.0 1422.0 5636.391665310472
0.0 1363.0 15.0 89.0 337.4970755617392
0.0 263.0 560.0 2876.0 11362.541033957115
0.0 779.0 296.0 1695.0 6219.238507018286
0.0 290.0 540.0 2850.0 11113.660723151153
0.0 1361.0 19.0 76.0 365.5328248925281
0.0 1370.0 14.0 61.0 244.65805953579726
0.0 817.0 297.0 1401.0 5782.687563031193
0.0 270.0 549.0 2889.0 11271.451855485358
0.0 744.0 322.0 1680.0 6472.821137743185
0.0 807.0 291.0 1574.0 5912.0324251137
0.0 1361.0 17.0 85.0 370.9191756704685
0.0 1362.0 18.0 82.0 351.17841823911283
0.0 843.0 276.0 1376.0 5526.932773155528
0.0 269.0 556.0 2861.0 11270.592406954813
0.0 807.0 289.0 1578.0 5975.157256016951
0.0 1365.0 17.0 54.0 325.0125484734973
0.0 818.0 290.0 1408.0 5801.214245696145
0.0 1361.0 19.0 101.0 363.5952984681197
0.0 843.0 270.0 1460.0 5554.782780041515
0.0 409.0 491.0 2500.0 9873.588736555517
0.0 1364.0 18.0 72.0 331.5188513025652
0.0 313.0 534.0 2720.0 10832.99658092524
0.0 269.0 554.0 2869.0 11295.483787744668
0.0 1367.0 17.0 53.0 306.2517346106256
0.0 875.0 251.0 1333.0 5225.408139150305
0.0 838.0 272.0 1420.0 5669.696906252996
0.0 793.0 293.0 1529.0 6093.860284654609
0.0 396.0 501.0 2512.0 9994.127846894735
0.0 751.0 316.0 1632.0 6356.771542603986
0.0 256.0 565.0 2863.0 11420.834109111045
0.0 860.0 259.0 1440.0 5408.600439968321
0.0 800.0 303.0 1483.0 6019.37644298911
0.0 839.0 283.0 1325.0 5550.250682726284
0.0 1372.0 12.0 65.0 239.41077820243217
0.0 284.0 545.0 2872.0 11133.279800720777
0.0 274.0 550.0 2854.0 11240.076788047027
0.0 1371.0 12.0 70.0 247.94897590184976
0.0 1374.0 12.0 40.0 241.45887967706147
0.0 270.0 552.0 2885.0 11281.576639736517
0.0 810.0 278.0 1503.0 5870.353982949467
0.0 1361.0 18.0 76.0 391.31704222507756
0.0 1360.0 17.0 108.0 366.6413004900861
0.0 1364.0 16.0 89.0 315.3229642555617
0.0 298.0 546.0 2821.0 11009.457493345139
0.0 1363.0 18.0 85.0 340.2942527360795
0.0 795.0 296.0 1546.0 6012.713022662505
0.0 1364.0 16.0 76.0 334.13044345016255
0.0 791.0 297.0 1493.0 6057.873226402956
0.0 274.0 543.0 2911.0 11217.510897936749
0.0 1361.0 21.0 55.0 382.179873856075
0.0 258.0 564.0 2876.0 11401.348964803015
0.0 298.0 543.0 2814.0 11058.854919942303
0.0 282.0 545.0 2830.0 11160.108376486714
0.0 299.0 537.0 2765.0 11003.001578704721
0.0 1365.0 14.0 79.0 324.6331504450119
0.0 396.0 502.0 2489.0 9990.926734303122
0.0 333.0 528.0 2650.0 10625.152854418842
0.0 829.0 283.0 1405.0 5706.622053514911
0.0 1368.0 11.0 97.0 312.9058305487678
0.0 1367.0 12.0 104.0 306.1999705741234
0.0 1369.0 13.0 55.0 271.2517806183574
0.0 256.0 557.0 2935.0 11399.58583220724
0.0 305.0 535.0 2738.0 10938.415693207038
0.0 1369.0 18.0 58.0 235.49584092276004
0.0 261.0 557.0 2883.0 11364.722189112685
0.0 813.0 288.0 1515.0 5817.760168229051
0.0 849.0 275.0 1332.0 5527.701135719147
0.0 1357.0 19.0 102.0 398.36623999576
0.0 1365.0 15.0 84.0 311.07564589228724
0.0 309.0 533.0 2808.0 10929.929257876867
0.0 312.0 534.0 2716.0 10863.192645895988
0.0 268.0 556.0 2889.0 11272.429693697804
0.0 916.0 243.0 1215.0 4836.096849572114
0.0 785.0 305.0 1529.0 6073.447798878037
0.0 270.0 550.0 2886.0 11317.088034832514
0.0 1365.0 13.0 91.0 320.78774785749965
0.0 333.0 524.0 2765.0 10638.200961542809
0.0 256.0 566.0 2889.0 11402.8368884315
0.0 252.0 568.0 2883.0 11454.030510552824
0.0 1363.0 18.0 64.0 352.01450722246415
0.0 1364.0 19.0 58.0 330.48434781677213
0.0 1363.0 16.0 76.0 346.38044846159386
0.0 271.0 554.0 2872.0 11292.720560236206
0.0 1364.0 16.0 83.0 330.3283476874086
0.0 296.0 541.0 2850.0 11053.604118312456
0.0 1369.0 14.0 64.0 270.067331811676
0.0 326.0 530.0 2709.0 10726.213003826206
0.0 808.0 293.0 1469.0 5950.5498716989005
0.0 310.0 530.0 2758.0 10877.033789119769
0.0 1372.0 13.0 55.0 248.42218074337868
0.0 301.0 539.0 2843.0 10965.033129837298
0.0 256.0 558.0 2896.0 11446.423442217625
0.0 1364.0 15.0 77.0 334.93629728031095
0.0 274.0 557.0 2808.0 11243.167626849208
0.0 309.0 534.0 2747.0 10889.537341138426
0.0 304.0 533.0 2780.0 10952.53538936715
0.0 788.0 311.0 1489.0 6093.755025635804
0.0 777.0 308.0 1565.0 6163.915818080883
0.0 265.0 565.0 2833.0 11321.282037922525
0.0 801.0 295.0 1484.0 5942.278438765575
0.0 790.0 306.0 1526.0 6009.940973066559
0.0 1362.0 21.0 58.0 332.78296507860654
0.0 299.0 540.0 2773.0 10997.253142190368
0.0 826.0 275.0 1452.0 5693.095394588768
0.0 1367.0 13.0 89.0 295.2783010373656
0.0 264.0 556.0 2873.0 11329.748791774195
0.0 285.0 550.0 2815.0 11149.143580163724
0.0 330.0 529.0 2713.0 10678.593117300099
0.0 805.0 292.0 1519.0 5891.80235555318
0.0 1366.0 16.0 63.0 307.42573655202835
0.0 281.0 552.0 2840.0 11238.044424390779
0.0 1365.0 17.0 74.0 309.8127346388555
0.0 286.0 544.0 2867.0 11136.302412056673
0.0 845.0 273.0 1341.0 5460.83972848675
0.0 814.0 271.0 1577.0 5890.171370187552
0.0 794.0 285.0 1587.0 6069.133837944169
0.0 830.0 264.0 1560.0 5684.223876012663
0.0 255.0 563.0 2888.0 11441.001827777827
0.0 821.0 281.0 1513.0 5645.284256726865
0.0 844.0 263.0 1493.0 5574.965708214876
0.0 831.0 279.0 1374.0 5593.443954971344
0.0 306.0 537.0 2738.0 10909.378754731899
0.0 303.0 534.0 2785.0 10959.429562588111
0.0 772.0 321.0 1510.0 6194.821715458801
0.0 261.0 564.0 2864.0 11336.908723969822
0.0 260.0 561.0 2866.0 11375.888616897622
0.0 267.0 557.0 2865.0 11301.345974666843
0.0 1356.0 23.0 85.0 420.27157995599714
0.0 1370.0 14.0 53.0 246.10965941310377
0.0 311.0 529.0 2827.0 10859.825308460804
0.0 1366.0 15.0 73.0 318.9440943148367
0.0 1364.0 17.0 67.0 338.7411715718443
0.0 391.0 506.0 2517.0 10054.243402854396
0.0 906.0 247.0 1282.0 4940.929429089025
0.0 1364.0 16.0 85.0 327.96288059613045
0.0 1366.0 17.0 50.0 322.37648148715755
0.0 335.0 526.0 2681.0 10623.941445214768
0.0 842.0 284.0 1386.0 5540.625063127978
0.0 799.0 294.0 1521.0 5869.1592450295175
0.0 1371.0 14.0 49.0 233.45331599546947
0.0 386.0 504.0 2508.0 10095.014249909222
0.0 269.0 549.0 2893.0 11296.450864654633
0.0 288.0 540.0 2857.0 11126.644954348609
0.0 1367.0 12.0 107.0 297.9141340432525
0.0 1367.0 18.0 55.0 301.2170614830119
0.0 1367.0 14.0 74.0 329.74939685554864
0.0 267.0 546.0 2927.0 11283.917010017198
0.0 1368.0 16.0 49.0 280.92705215291187
0.0 282.0 553.0 2825.0 11223.21088464215
0.0 1371.0 13.0 67.0 232.63861455646148
0.0 1363.0 19.0 70.0 337.51297110481397
0.0 810.0 296.0 1414.0 5780.835703441517
0.0 277.0 546.0 2865.0 11253.979745017808
0.0 804.0 294.0 1506.0 5867.936140517596
0.0 815.0 286.0 1439.0 5749.524446847174
0.0 886.0 252.0 1272.0 5080.994741939206
0.0 279.0 545.0 2901.0 11191.993621853226
0.0 1373.0 11.0 56.0 253.74848431488368
0.0 1366.0 14.0 63.0 337.37651101705785
0.0 1362.0 17.0 82.0 352.736417225507
0.0 1366.0 20.0 42.0 309.5884057079264
0.0 1365.0 15.0 63.0 330.1848688240594
0.0 270.0 549.0 2896.0 11266.23208984039
0.0 1363.0 21.0 56.0 334.83552964912604
0.0 874.0 242.0 1464.0 5160.695010239787
0.0 275.0 547.0 2883.0 11193.811033107557
0.0 1370.0 15.0 41.0 269.0810217203761
0.0 904.0 254.0 1189.0 4880.1268515643005
0.0 803.0 285.0 1657.0 5955.299393156669
0.0 820.0 269.0 1511.0 5789.544668674586
0.0 781.0 309.0 1532.0 6208.946992919377
0.0 298.0 544.0 2824.0 11040.158721404923
0.0 1368.0 14.0 56.0 279.44115168843695
0.0 825.0 280.0 1391.0 5717.372696093257
0.0 1368.0 16.0 46.0 322.10617073406377
0.0 799.0 282.0 1623.0 5965.594273138848
0.0 270.0 548.0 2914.0 11265.447801115952
0.0 428.0 478.0 2428.0 9672.66955469374
0.0 273.0 549.0 2905.0 11252.770252507804
0.0 1368.0 15.0 50.0 286.17102257075607
0.0 278.0 552.0 2869.0 11168.095855371852
0.0 275.0 549.0 2869.0 11232.048652750364
0.0 809.0 290.0 1501.0 5829.009763979938
0.0 259.0 565.0 2846.0 11367.165149558292
0.0 278.0 547.0 2856.0 11183.697705996023
0.0 1366.0 14.0 76.0 332.2032242269063
0.0 302.0 542.0 2757.0 10948.945964815628
0.0 1363.0 15.0 85.0 346.11340500041933
0.0 256.0 559.0 2906.0 11444.937082479282
0.0 872.0 278.0 1204.0 5287.03112618776
0.0 1362.0 20.0 60.0 328.75022611728406
0.0 1367.0 16.0 70.0 298.43358358307717
0.0 1368.0 15.0 73.0 276.97189607518123
0.0 880.0 256.0 1322.0 5225.192452619611
0.0 799.0 288.0 1586.0 5987.327172244447
0.0 851.0 268.0 1357.0 5379.4307806226025
0.0 784.0 284.0 1631.0 6055.553079436686
0.0 851.0 264.0 1391.0 5408.723291134645
0.0 840.0 271.0 1401.0 5620.998633707775
0.0 1368.0 17.0 39.0 262.37321852822544
0.0 807.0 293.0 1496.0 5834.889293774954
0.0 289.0 536.0 2860.0 11068.668328170623
0.0 1364.0 19.0 72.0 321.6026419300917
0.0 820.0 281.0 1435.0 5752.870364423894
0.0 257.0 556.0 2914.0 11414.850726482175
0.0 792.0 300.0 1459.0 6123.145916364694
0.0 839.0 278.0 1421.0 5635.641082818026
0.0 303.0 536.0 2757.0 10955.146161093564
0.0 257.0 559.0 2892.0 11398.815063529322
0.0 817.0 283.0 1494.0 5768.294508370836
0.0 265.0 552.0 2895.0 11328.164893163246
0.0 1369.0 15.0 47.0 257.3711210812439
0.0 1365.0 19.0 50.0 320.42988011954463
