0.0 713.0 347.0 1724.0 6818.557977131215
0.0 439.0 481.0 2397.0 9526.3716368475
0.0 1351.0 21.0 137.0 445.00534358565693
0.0 863.0 250.0 1440.0 5323.473609179967
0.0 839.0 296.0 1296.0 5584.537002372164
0.0 343.0 522.0 2653.0 10548.566388365403
0.0 269.0 552.0 2875.0 11298.587610468325
0.0 813.0 278.0 1524.0 5777.2469271380305
0.0 280.0 547.0 2887.0 11171.994671278619
0.0 1369.0 14.0 59.0 270.70174402106534
0.0 808.0 305.0 1391.0 5955.70818944785
0.0 305.0 537.0 2760.0 10934.262470680944
0.0 273.0 556.0 2833.0 11249.7644513331
0.0 919.0 235.0 1202.0 4713.599896168194
0.0 312.0 533.0 2735.0 10861.459565084753
0.0 817.0 296.0 1375.0 5842.9001243824105
0.0 1370.0 12.0 57.0 252.43545182862027
0.0 254.0 566.0 2859.0 11435.695359178966
0.0 313.0 533.0 2740.0 10838.725512557221
0.0 840.0 293.0 1328.0 5605.920625702982
0.0 1368.0 9.0 92.0 294.1759344013698
0.0 1364.0 17.0 77.0 319.47880455254386
0.0 817.0 287.0 1438.0 5922.207854074756
0.0 1362.0 19.0 73.0 349.24846138768044
0.0 888.0 237.0 1314.0 5150.011075071339
0.0 795.0 287.0 1516.0 5988.250967727158
0.0 271.0 543.0 2943.0 11265.421281786406
0.0 786.0 293.0 1617.0 6036.257140527299
0.0 266.0 556.0 2921.0 11338.410579410958
0.0 1365.0 15.0 83.0 304.22423127054867
0.0 795.0 301.0 1438.0 5941.190171714329
0.0 305.0 532.0 2762.0 10930.954107297068
0.0 1366.0 14.0 84.0 312.24582543511127
0.0 768.0 312.0 1648.0 6236.177487303879
0.0 852.0 257.0 1485.0 5411.124424528363
0.0 300.0 539.0 2765.0 10975.002039683364
0.0 294.0 543.0 2833.0 11031.605482924439
0.0 1358.0 22.0 82.0 397.93470619779515
0.0 263.0 556.0 2902.0 11364.099961954778
0.0 771.0 311.0 1559.0 6278.235937138667
0.0 815.0 266.0 1567.0 5829.284550862887
0.0 1364.0 14.0 89.0 337.08613909892694
0.0 322.0 529.0 2708.0 10747.209629221745
0.0 271.0 553.0 2869.0 11279.477106959956
0.0 270.0 550.0 2910.0 11262.48418781758
0.0 803.0 296.0 1474.0 5905.424737714572
0.0 1371.0 11.0 78.0 270.3412364538248
0.0 880.0 261.0 1320.0 5139.5473408226835
0.0 1368.0 15.0 62.0 276.7841157317928
0.0 309.0 539.0 2716.0 10910.279171102338
0.0 811.0 281.0 1556.0 5895.002976278371
0.0 1363.0 19.0 71.0 322.03903308966585
0.0 769.0 318.0 1503.0 6209.281404431952
0.0 855.0 269.0 1382.0 5525.275986719618
0.0 780.0 301.0 1595.0 6167.301518561572
0.0 265.0 553.0 2923.0 11313.527813324647
0.0 1367.0 17.0 52.0 300.74674930830827
0.0 278.0 547.0 2886.0 11262.372288168071
0.0 1367.0 18.0 69.0 287.8465071155893
0.0 832.0 273.0 1450.0 5676.605317033608
0.0 1374.0 14.0 21.0 216.05980776082325
0.0 1365.0 21.0 42.0 333.76007107835744
0.0 279.0 544.0 2876.0 11182.494410744766
0.0 1370.0 13.0 45.0 263.9557176802166
0.0 772.0 309.0 1586.0 6185.25505127964
0.0 262.0 561.0 2880.0 11350.311981762492
0.0 785.0 300.0 1555.0 6086.060218720027
0.0 835.0 281.0 1400.0 5728.233163653115
0.0 337.0 525.0 2677.0 10605.061675251847
0.0 1368.0 18.0 53.0 285.05350090538434
0.0 1368.0 14.0 79.0 279.5894962707618
0.0 296.0 543.0 2807.0 11024.522244536709
0.0 1367.0 15.0 78.0 284.9562836873855
0.0 813.0 298.0 1416.0 5846.819346187858
0.0 812.0 291.0 1391.0 5852.141731380917
0.0 845.0 274.0 1411.0 5475.436182813319
0.0 1371.0 15.0 43.0 265.78661269327586
0.0 908.0 245.0 1199.0 4831.264573656425
0.0 753.0 307.0 1666.0 6402.4702846378705
0.0 823.0 301.0 1282.0 5735.068172039449
0.0 395.0 499.0 2589.0 10047.313242231927
0.0 261.0 557.0 2894.0 11366.559292825812
0.0 299.0 545.0 2804.0 11023.526067636705
0.0 396.0 499.0 2490.0 10000.274637402084
0.0 304.0 536.0 2840.0 10925.864915839129
0.0 266.0 559.0 2858.0 11308.377576804842
0.0 301.0 540.0 2762.0 10985.251937701565
0.0 1362.0 18.0 89.0 344.0999678920728
0.0 259.0 562.0 2863.0 11387.08978571937
0.0 335.0 528.0 2668.0 10626.908011226522
0.0 1368.0 14.0 71.0 298.0174139710215
0.0 258.0 563.0 2852.0 11386.463665794312
0.0 1369.0 12.0 73.0 284.72596586476857
0.0 1377.0 9.0 55.0 211.4516620050002
0.0 1371.0 13.0 53.0 260.1647162003778
0.0 1362.0 16.0 83.0 363.48878118140357
0.0 1359.0 18.0 91.0 384.6601379471089
0.0 1369.0 12.0 81.0 280.4258376704175
0.0 332.0 530.0 2676.0 10666.13025973566
0.0 258.0 563.0 2854.0 11381.322449491192
0.0 330.0 525.0 2724.0 10682.969728838456
0.0 867.0 261.0 1327.0 5298.001048854314
0.0 292.0 545.0 2831.0 11070.124084153787
0.0 744.0 326.0 1618.0 6500.489673997174
0.0 831.0 281.0 1410.0 5678.671518391606
0.0 260.0 559.0 2890.0 11355.3505721996
0.0 881.0 268.0 1216.0 5142.690856740692
0.0 814.0 276.0 1505.0 5745.832619847583
0.0 1370.0 16.0 64.0 239.1517029927734
0.0 856.0 272.0 1354.0 5365.072580124797
0.0 875.0 252.0 1336.0 5262.694068198938
0.0 811.0 285.0 1479.0 5852.094470841572
0.0 803.0 292.0 1537.0 5904.01696578037
0.0 1366.0 15.0 58.0 320.3970292624064
0.0 817.0 286.0 1449.0 5806.473907773769
0.0 1371.0 13.0 72.0 243.4848435950925
0.0 1372.0 10.0 89.0 236.55474504590669
0.0 857.0 263.0 1421.0 5434.4101350863575
0.0 1371.0 11.0 77.0 272.0582827537376
0.0 1364.0 11.0 107.0 327.8457091156547
0.0 303.0 541.0 2740.0 10933.125134119584
0.0 800.0 300.0 1513.0 5898.126717966034
0.0 831.0 280.0 1424.0 5574.191422983971
0.0 283.0 544.0 2849.0 11120.110502053245
0.0 407.0 493.0 2514.0 9884.144748156887
0.0 837.0 270.0 1397.0 5614.184979320116
0.0 271.0 555.0 2863.0 11265.221156814705
0.0 402.0 489.0 2500.0 9954.767968889211
0.0 793.0 308.0 1537.0 6002.462351164787
0.0 1361.0 18.0 75.0 376.761014219194
0.0 788.0 306.0 1491.0 6044.415893048371
0.0 1357.0 23.0 58.0 421.12886453451915
0.0 304.0 533.0 2783.0 10945.873420262424
0.0 316.0 533.0 2707.0 10811.352424676306
0.0 881.0 251.0 1316.0 5197.350974639924
0.0 1368.0 13.0 88.0 292.9302178238576
0.0 790.0 295.0 1557.0 6068.7222975068935
0.0 799.0 293.0 1454.0 5932.833191910305
0.0 1364.0 16.0 81.0 327.5953720129326
0.0 1360.0 17.0 111.0 378.0529711234016
0.0 768.0 306.0 1610.0 6249.171657796779
0.0 1361.0 17.0 86.0 353.2938431746762
0.0 259.0 568.0 2850.0 11366.936190826616
0.0 270.0 554.0 2863.0 11267.663165819538
0.0 286.0 553.0 2823.0 11180.06131661005
0.0 809.0 288.0 1523.0 5908.091729510838
0.0 841.0 277.0 1372.0 5624.594743224812
0.0 858.0 286.0 1272.0 5379.595636899436
0.0 835.0 261.0 1401.0 5572.292752496741
0.0 778.0 296.0 1685.0 6197.1493532191735
0.0 843.0 290.0 1273.0 5488.984943288461
0.0 808.0 295.0 1440.0 5865.336915681519
0.0 1363.0 21.0 69.0 350.56854550011025
0.0 1370.0 14.0 53.0 253.44796127772528
0.0 1363.0 17.0 87.0 336.17773250076436
0.0 1367.0 16.0 60.0 295.30807823135933
0.0 835.0 288.0 1329.0 5539.6414915773885
0.0 275.0 548.0 2869.0 11226.196705101249
0.0 828.0 280.0 1451.0 5647.912580492603
0.0 260.0 560.0 2889.0 11366.721732258013
0.0 1357.0 17.0 109.0 403.4817573098194
0.0 776.0 304.0 1582.0 6262.093523533543
0.0 273.0 547.0 2893.0 11212.341177922823
0.0 1364.0 14.0 77.0 347.3513130486426
0.0 1373.0 11.0 68.0 241.41048766312863
0.0 790.0 293.0 1593.0 6098.747848865723
0.0 797.0 298.0 1508.0 5953.643779183167
0.0 808.0 293.0 1486.0 5734.716863641359
0.0 308.0 536.0 2741.0 10909.437412311738
0.0 327.0 532.0 2701.0 10725.064771481004
0.0 323.0 530.0 2703.0 10728.989825256911
0.0 812.0 294.0 1461.0 5711.420700356313
0.0 284.0 541.0 2857.0 11150.576048667504
0.0 273.0 551.0 2866.0 11283.501101096948
0.0 1360.0 20.0 98.0 380.6791433010768
0.0 872.0 269.0 1214.0 5327.667409876597
0.0 856.0 271.0 1314.0 5421.198055207918
0.0 893.0 245.0 1316.0 5069.029900433306
0.0 821.0 278.0 1472.0 5696.458194973929
0.0 1364.0 20.0 49.0 329.70732131478877
0.0 905.0 230.0 1343.0 4956.603331269419
0.0 1366.0 17.0 57.0 295.9124276763435
0.0 1363.0 18.0 85.0 346.13371404321896
0.0 815.0 295.0 1394.0 5760.654217494973
0.0 1368.0 12.0 80.0 299.08432661298144
0.0 1373.0 10.0 77.0 227.3165535101561
0.0 1354.0 21.0 99.0 447.51425437805165
0.0 854.0 271.0 1402.0 5409.907162005288
0.0 290.0 540.0 2831.0 11114.177889314633
0.0 312.0 537.0 2711.0 10852.818070099966
0.0 834.0 288.0 1367.0 5686.384241393361
0.0 1365.0 19.0 56.0 320.0724812018453
0.0 790.0 297.0 1581.0 6063.920741874265
0.0 1363.0 19.0 70.0 339.47190487422375
0.0 280.0 551.0 2824.0 11194.8995905417
0.0 258.0 562.0 2894.0 11390.91050705778
0.0 1365.0 12.0 84.0 329.6851042380888
0.0 827.0 285.0 1433.0 5607.481663080583
0.0 261.0 558.0 2887.0 11366.42788680243
0.0 854.0 254.0 1462.0 5392.145723390433
0.0 399.0 496.0 2457.0 9972.802983484635
0.0 1365.0 16.0 62.0 319.01139283850574
0.0 819.0 291.0 1450.0 5792.411088304359
0.0 1370.0 15.0 50.0 243.76387472599154
0.0 1366.0 12.0 89.0 298.7045491336001
0.0 788.0 309.0 1457.0 6031.607741620602
0.0 262.0 560.0 2870.0 11362.988986499466
0.0 832.0 268.0 1465.0 5623.864860811609
0.0 273.0 557.0 2820.0 11253.197459849009
0.0 808.0 290.0 1495.0 5911.884627831518
0.0 298.0 541.0 2830.0 11011.28625875113
0.0 268.0 554.0 2886.0 11301.714728699983
0.0 1361.0 17.0 80.0 370.9292984085034
0.0 265.0 557.0 2857.0 11346.5070436584
0.0 267.0 546.0 2927.0 11312.201551831455
0.0 838.0 282.0 1357.0 5582.912385222412
0.0 280.0 548.0 2851.0 11153.784950358091
0.0 840.0 282.0 1370.0 5543.681918709462
0.0 1369.0 16.0 58.0 274.7693079967875
0.0 1363.0 17.0 77.0 352.7752427250333
0.0 833.0 286.0 1380.0 5672.497407953257
0.0 772.0 293.0 1610.0 6339.260646737782
0.0 306.0 540.0 2721.0 10914.398923765883
0.0 1362.0 16.0 90.0 355.6909012055861
0.0 1371.0 14.0 50.0 257.0912368175463
0.0 1362.0 20.0 68.0 354.8542329611591
0.0 307.0 537.0 2720.0 10914.141369928566
0.0 1367.0 15.0 67.0 304.47210770888626
0.0 279.0 554.0 2851.0 11248.971700798278
0.0 894.0 249.0 1264.0 4980.453377685275
