3.0 2516.0 2241.0 10502.0 43963.126406578405
309.0 6555.0 164.0 751.0 3406.842741443587
836.0 6451.0 224.0 1001.0 4342.062567329613
1357.0 6332.0 280.0 1292.0 5598.372736091519
2.0 4123.0 1405.0 6564.0 27829.090077604757
2308.0 6257.0 319.0 1491.0 6355.729739522923
1611.0 5424.0 719.0 3645.0 14763.806695077385
6.0 4124.0 1402.0 6571.0 27810.443045249318
39.0 2172.0 2401.0 11424.0 47333.057194057765
7.0 4742.0 1093.0 5125.0 21577.311429380567
2267.0 5712.0 590.0 2828.0 11947.214456643465
226.0 6575.0 155.0 702.0 3209.9699412660243
36.0 5012.0 934.0 4578.0 18931.248879546856
45.0 6760.0 69.0 258.0 1263.6661310781578
39.0 6762.0 63.0 268.0 1262.2991441124605
12.0 6765.0 64.0 283.0 1209.7687320527461
17.0 1941.0 2514.0 11883.0 49583.82648795129
410.0 3115.0 1903.0 9086.0 37836.95717069431
2274.0 5712.0 592.0 2832.0 11943.512703334382
1620.0 5391.0 733.0 3733.0 15064.397223322072
1973.0 5533.0 665.0 3361.0 13567.270475224
20.0 645.0 3144.0 15247.0 62743.108932384996
160.0 1737.0 2607.0 12421.0 51598.27884683701
1637.0 5410.0 720.0 3676.0 14918.835929594612
4.0 4475.0 1252.0 5559.0 24261.262136831087
2275.0 5711.0 592.0 2834.0 11937.727693708144
0.0 2773.0 2097.0 9958.0 41368.074816105574
731.0 3245.0 1859.0 8620.0 36631.37629746984
71.0 6614.0 140.0 600.0 2756.67317491422
730.0 3251.0 1856.0 8632.0 36555.998854620644
10.0 5019.0 926.0 4611.0 18865.27098992164
1966.0 5534.0 667.0 3343.0 13549.607748312479
1967.0 5535.0 667.0 3344.0 13543.17198919773
22.0 4577.0 1223.0 5249.0 23101.392817332326
2397.0 5718.0 587.0 2818.0 11902.288183932753
40.0 2828.0 2068.0 9830.0 40767.722527837104
35.0 2813.0 2078.0 9838.0 40930.380772422715
2392.0 5716.0 583.0 2850.0 11904.571470974315
3264.0 5886.0 492.0 2452.0 10073.533236905689
1183.0 5229.0 816.0 4128.0 16727.762414639823
3265.0 5885.0 495.0 2447.0 10082.793676222502
2267.0 5714.0 590.0 2827.0 11914.544037467333
178.0 1419.0 2774.0 13124.0 54953.16797709126
1026.0 5146.0 890.0 4095.0 17543.222280594626
1178.0 5230.0 814.0 4141.0 16718.769225344593
0.0 838.0 3063.0 14596.0 60724.80057762928
5.0 3633.0 1664.0 7745.0 32524.16978595221
407.0 3112.0 1904.0 9099.0 37872.844606340695
14.0 5028.0 924.0 4596.0 18789.21718327155
404.0 3100.0 1914.0 9119.0 37989.43113241526
1367.0 6335.0 284.0 1229.0 5589.8575129194205
6.0 4026.0 1499.0 6655.0 28615.948661629507
11.0 2514.0 2241.0 10517.0 43980.303209080965
1360.0 6330.0 291.0 1226.0 5636.960222545825
19.0 3574.0 1656.0 8020.0 33208.893930432205
14.0 4620.0 1158.0 5357.0 22842.65419555093
3.0 2537.0 2208.0 10590.0 43722.741963228385
42.0 6625.0 134.0 565.0 2653.3362959747674
35.0 4340.0 1302.0 6139.0 25434.32104491884
10.0 6763.0 65.0 281.0 1224.2196863436036
40.0 5008.0 934.0 4588.0 18983.7314772562
15.0 4360.0 1293.0 6096.0 25218.74416737637
30.0 4564.0 1221.0 5305.0 23225.47715814415
1028.0 5145.0 888.0 4103.0 17555.494177144203
2279.0 5710.0 592.0 2831.0 11974.593429335588
14.0 4741.0 1091.0 5136.0 21572.407133783236
204.0 2897.0 2036.0 9660.0 40051.96852969749
6.0 2747.0 2103.0 10044.0 41634.007922906574
3.0 4473.0 1251.0 5579.0 24269.268690141875
5.0 4025.0 1499.0 6670.0 28628.593871318717
2399.0 5716.0 587.0 2817.0 11901.872850753327
0.0 6758.0 72.0 251.0 1291.6262669833266
2391.0 5715.0 588.0 2816.0 11917.838496471599
3463.0 5893.0 486.0 2466.0 9988.559895250313
23.0 2171.0 2398.0 11460.0 47329.78974177825
3440.0 5895.0 487.0 2440.0 9972.10852385842
3403.0 5893.0 490.0 2441.0 9979.915374956183
2.0 4485.0 1216.0 5765.0 24151.060027661708
3.0 3983.0 1457.0 7204.0 29094.725723037936
37.0 4338.0 1306.0 6137.0 25450.913230779617
899.0 6436.0 228.0 1064.0 4503.390982820531
2386.0 5722.0 584.0 2805.0 11857.581215592783
2263.0 5716.0 589.0 2822.0 11903.065632882484
1976.0 5529.0 670.0 3356.0 13603.951877083246
1629.0 5430.0 713.0 3661.0 14709.842523802912
1352.0 6336.0 279.0 1266.0 5553.187013353958
2.0 4484.0 1214.0 5789.0 24144.931960163136
3.0 4124.0 1403.0 6565.0 27812.181433798083
56.0 4985.0 945.0 4685.0 19216.547944185244
1972.0 5530.0 667.0 3365.0 13602.838806752636
273.0 6565.0 163.0 717.0 3303.0665335235435
26.0 2169.0 2398.0 11464.0 47335.54002657011
41.0 5021.0 929.0 4566.0 18833.362912080785
3440.0 5898.0 485.0 2441.0 9935.565062772266
2.0 3699.0 1638.0 7489.0 32178.92303962176
1970.0 5533.0 665.0 3355.0 13569.909002022901
21.0 4569.0 1221.0 5285.0 23185.262334360654
1336.0 6332.0 288.0 1232.0 5627.363357089627
5.0 641.0 3154.0 15154.0 62792.590350001716
7.0 4123.0 1403.0 6581.0 27833.473159817455
2391.0 5717.0 584.0 2834.0 11901.570336795838
14.0 1659.0 2675.0 12466.0 52577.42362905638
32.0 6767.0 62.0 269.0 1188.8323095864318
1371.0 6334.0 285.0 1230.0 5590.302403223771
27.0 6631.0 131.0 552.0 2579.7907055783016
195.0 2897.0 2037.0 9660.0 40036.09902787642
7.0 639.0 3158.0 15135.0 62815.32064051426
3425.0 5897.0 486.0 2431.0 9961.08186682456
13.0 1941.0 2514.0 11887.0 49579.50592201283
12.0 4122.0 1402.0 6585.0 27831.478815473816
40.0 1136.0 2910.0 13897.0 57788.81251786522
2276.0 6265.0 317.0 1467.0 6283.6515022902395
404.0 3103.0 1909.0 9118.0 37948.827045655555
0.0 4028.0 1498.0 6655.0 28598.92187043706
1314.0 6348.0 278.0 1215.0 5446.94560612532
1377.0 6329.0 290.0 1248.0 5646.479821883573
258.0 6568.0 158.0 713.0 3265.085060473532
32.0 1131.0 2913.0 13923.0 57834.86230767861
31.0 2170.0 2399.0 11448.0 47344.733057881414
15.0 3577.0 1655.0 8010.0 33188.75864933442
909.0 6437.0 224.0 1071.0 4491.031687907045
1188.0 5222.0 815.0 4152.0 16794.631719508205
1627.0 5423.0 715.0 3679.0 14764.072050157374
3259.0 5887.0 493.0 2441.0 10063.957747620336
1178.0 5234.0 812.0 4124.0 16682.63733680498
1.0 643.0 3160.0 15084.0 62731.80938771436
170.0 6584.0 148.0 700.0 3104.3288897128978
23.0 1121.0 2923.0 13916.0 57933.79737757199
37.0 3508.0 1729.0 8120.0 33944.177116753555
7.0 841.0 3061.0 14581.0 60698.805165070014
10.0 6770.0 62.0 256.0 1163.875825206722
10.0 4361.0 1292.0 6097.0 25206.935242738684
0.0 4125.0 1403.0 6564.0 27803.05934195782
13.0 4020.0 1502.0 6668.0 28680.702502415308
16.0 2165.0 2402.0 11470.0 47371.824577683255
30.0 5017.0 932.0 4573.0 18880.569873757104
32.0 4344.0 1301.0 6130.0 25391.849440814876
24.0 4725.0 1103.0 5133.0 21752.621724886034
6.0 6637.0 129.0 528.0 2521.013999404058
1181.0 5228.0 813.0 4157.0 16742.481497884786
12.0 3709.0 1631.0 7471.0 32075.660546351744
1329.0 6343.0 277.0 1241.0 5475.459244684876
1355.0 6340.0 281.0 1221.0 5537.586485866537
0.0 4789.0 1059.0 5175.0 21086.64521940368
8.0 1656.0 2677.0 12471.0 52607.299225144336
28.0 6631.0 132.0 545.0 2591.6082274027876
394.0 3108.0 1908.0 9101.0 37926.86664430745
0.0 6757.0 67.0 293.0 1295.180067351948
0.0 637.0 3150.0 15259.0 62817.03550727224
34.0 2823.0 2072.0 9833.0 40823.860914766155
0.0 4476.0 1249.0 5575.0 24239.658486189262
11.0 6765.0 65.0 266.0 1212.1899622595922
1.0 3988.0 1455.0 7187.0 29037.26640766349
11.0 5022.0 926.0 4593.0 18845.930936467706
3429.0 5895.0 489.0 2434.0 9967.890639886404
2380.0 5721.0 585.0 2821.0 11860.117441955697
879.0 6441.0 222.0 1067.0 4448.25420285962
25.0 3771.0 1587.0 7486.0 31454.346700376587
1970.0 5534.0 666.0 3357.0 13566.056856523952
32.0 5014.0 931.0 4581.0 18917.11121818087
1322.0 6338.0 283.0 1231.0 5554.07290454802
732.0 3246.0 1858.0 8622.0 36624.40657379863
1.0 4587.0 1213.0 5263.0 23003.517400678364
0.0 4743.0 1091.0 5135.0 21566.42619770684
3428.0 5896.0 486.0 2442.0 9951.929711681038
4.0 6766.0 65.0 268.0 1193.4771240162388
32.0 5007.0 935.0 4599.0 18993.380112886673
1342.0 6337.0 281.0 1248.0 5543.519688804619
9.0 3605.0 1685.0 7813.0 32663.627945673477
20.0 1114.0 2926.0 13944.0 58005.460246527524
7.0 656.0 3166.0 15027.0 62550.23917461043
42.0 4535.0 1203.0 5536.0 23571.008839510632
16.0 1652.0 2673.0 12502.0 52652.38837571761
0.0 835.0 3065.0 14596.0 60759.05740080805
1965.0 5536.0 665.0 3349.0 13542.055918447162
7.0 3607.0 1682.0 7819.0 32643.951148039312
411.0 3115.0 1904.0 9081.0 37849.02198039182
16.0 1598.0 2697.0 12751.0 53058.259545669054
0.0 809.0 3083.0 14678.0 61085.501174336045
3.0 654.0 3138.0 15163.0 62644.785967847
182.0 1416.0 2777.0 13126.0 54982.90161992176
19.0 5021.0 928.0 4577.0 18859.128732520407
828.0 6455.0 222.0 1000.0 4301.440738285498
200.0 6580.0 152.0 694.0 3159.3797346197243
13.0 6661.0 115.0 502.0 2255.922801824304
9.0 2156.0 2406.0 11493.0 47472.458207125215
188.0 2895.0 2039.0 9659.0 40073.988010511464
29.0 1129.0 2914.0 13926.0 57853.64508854662
29.0 4572.0 1225.0 5250.0 23158.124989581614
3.0 4742.0 1092.0 5135.0 21573.74484905537
0.0 640.0 3160.0 15096.0 62760.274189554264
3416.0 5901.0 485.0 2421.0 9911.201699667636
21.0 4731.0 1101.0 5121.0 21697.369290953484
0.0 2741.0 2108.0 10066.0 41711.471051642875
5.0 4028.0 1499.0 6651.0 28598.309353904213
1021.0 5145.0 890.0 4096.0 17557.560559554586
2.0 640.0 3155.0 15147.0 62807.77039223807
0.0 4028.0 1498.0 6655.0 28598.92187043706
730.0 3246.0 1859.0 8618.0 36620.513504309354
6.0 1652.0 2677.0 12496.0 52653.19747967434
183.0 1422.0 2773.0 13109.0 54912.18711179541
1178.0 5232.0 812.0 4141.0 16703.687299580357
0.0 6733.0 78.0 353.0 1537.3773071365806
394.0 3103.0 1910.0 9126.0 37958.296139361155
4.0 2513.0 2243.0 10516.0 43983.78632648419
1622.0 5419.0 721.0 3662.0 14830.04623881977
1628.0 5415.0 719.0 3670.0 14869.627261984235
25.0 6767.0 63.0 261.0 1186.528057506249
161.0 6589.0 148.0 671.0 3061.816687863311
50.0 6620.0 138.0 580.0 2688.8352935816124
21.0 5009.0 936.0 4593.0 18974.52032216858
33.0 3510.0 1729.0 8116.0 33916.839233161096
0.0 2514.0 2242.0 10507.0 43977.33906476658
0.0 6766.0 65.0 272.0 1204.706243002631
1617.0 5395.0 730.0 3733.0 15019.102076724495
7.0 2159.0 2404.0 11490.0 47449.37545817605
0.0 6761.0 69.0 266.0 1273.5337448553137
10.0 6766.0 64.0 266.0 1204.6991166045138
0.0 1650.0 2678.0 12500.0 52666.94346993308
3.0 3583.0 1647.0 8043.0 33127.89862006906
25.0 5018.0 930.0 4578.0 18876.305078343998
14.0 6766.0 64.0 265.0 1211.6802585853745
4.0 3706.0 1633.0 7477.0 32104.16891234649
817.0 6458.0 220.0 995.0 4275.431798149749
8.0 3521.0 1725.0 8073.0 33820.92484547836
780.0 6472.0 215.0 944.0 4145.252510429317
12.0 3599.0 1685.0 7836.0 32716.562642547367
22.0 5024.0 926.0 4584.0 18814.11284186039
0.0 2742.0 2108.0 10061.0 41701.57047508692
11.0 1939.0 2513.0 11902.0 49596.04289885569
20.0 6766.0 63.0 267.0 1189.4527918189767
407.0 3105.0 1912.0 9094.0 37949.070456257796
2.0 2535.0 2210.0 10590.0 43731.56818493169
0.0 725.0 3119.0 14905.0 61930.22021249866
25.0 2810.0 2080.0 9853.0 40953.306166873226
3.0 4745.0 1090.0 5133.0 21551.561756833522
799.0 6464.0 216.0 977.0 4238.446967678984
175.0 1417.0 2775.0 13129.0 54969.94366136748
31.0 2824.0 2071.0 9834.0 40817.83311712654
1631.0 5429.0 714.0 3661.0 14715.85200449877
11.0 6637.0 127.0 548.0 2513.491184636298
8.0 3704.0 1635.0 7476.0 32113.340473659242
0.0 2533.0 2212.0 10599.0 43747.750080973005
6.0 996.0 2981.0 14249.0 59200.40605875548
0.0 4743.0 1091.0 5135.0 21566.42619770684
8.0 5025.0 926.0 4590.0 18806.041076603964
10.0 6764.0 65.0 273.0 1207.7473896912995
9.0 5024.0 926.0 4591.0 18812.843886816394
9.0 1940.0 2513.0 11902.0 49586.386060766396
3.0 640.0 3156.0 15143.0 62806.76248636381
22.0 6768.0 62.0 261.0 1180.208674609384
0.0 6640.0 127.0 528.0 2484.708301531321
9.0 6767.0 64.0 262.0 1199.7854214285733
10.0 3578.0 1653.0 8021.0 33180.33700678749
9.0 5021.0 929.0 4584.0 18849.555336982503
10.0 3768.0 1589.0 7491.0 31490.17787410489
7.0 1942.0 2513.0 11895.0 49563.84651194545
0.0 6768.0 63.0 280.0 1194.4489352249443
6.0 4620.0 1157.0 5376.0 22842.754376875986
17.0 6767.0 63.0 258.0 1190.2008333376054
5.0 6769.0 62.0 265.0 1176.5099379221806
0.0 3703.0 1635.0 7485.0 32135.34962006539
10.0 1932.0 2515.0 11941.0 49669.6098896935
0.0 4359.0 1293.0 6122.0 25231.9488963949
35.0 6764.0 63.0 261.0 1233.7968882830787
4.0 5023.0 927.0 4589.0 18826.95028550101
718.0 3255.0 1853.0 8621.0 36521.40461640544
25.0 6764.0 65.0 261.0 1220.9622932412533
10.0 5028.0 926.0 4582.0 18776.779636342795
0.0 6769.0 62.0 268.0 1169.3517180625245
0.0 2156.0 2406.0 11506.0 47474.397509585484
0.0 4587.0 1213.0 5263.0 23004.87467457317
3.0 3764.0 1591.0 7510.0 31537.81564189334
0.0 651.0 3167.0 15050.0 62595.042661141975
1626.0 5430.0 714.0 3657.0 14706.529238014049
0.0 6739.0 77.0 318.0 1525.2886318511407
0.0 4127.0 1420.0 6573.0 27543.254540268696
0.0 635.0 3158.0 15162.0 62865.34261129265
2.0 5027.0 925.0 4597.0 18800.51585052677
24.0 6766.0 61.0 280.0 1196.53462500579
0.0 2773.0 2097.0 9958.0 41368.074816105574
0.0 6693.0 96.0 442.0 2002.6061658304163
3.0 5023.0 926.0 4597.0 18825.580030941197
0.0 2597.0 2201.0 10370.0 43118.1071193265
15.0 6768.0 63.0 256.0 1176.3349087253087
3.0 997.0 2980.0 14249.0 59195.27866284559
0.0 4789.0 1059.0 5175.0 21086.64521940368
0.0 6668.0 112.0 492.0 2192.5178633642895
0.0 6772.0 60.0 256.0 1143.8611688797478
0.0 3584.0 1648.0 8030.0 33124.81289488795
6.0 5026.0 925.0 4600.0 18802.963564515943
0.0 4143.0 1382.0 6701.0 27544.907732757853
0.0 994.0 2982.0 14263.0 59230.96617272562
0.0 6764.0 68.0 261.0 1239.5954532336964
0.0 6694.0 98.0 427.0 1996.6439028704533
0.0 1934.0 2516.0 11931.0 49655.674905679974
