871.0 5489.0 711.0 3465.0 14101.80891274616
568.0 3346.0 1804.0 8479.0 35280.53256164483
7.0 4972.0 975.0 4704.0 19238.912125774223
1587.0 5576.0 675.0 3217.0 13318.310008356772
798.0 3296.0 1858.0 8409.0 35981.017085044376
892.0 5481.0 715.0 3465.0 14178.477573321548
186.0 1361.0 2807.0 13286.0 55572.380729587356
1161.0 6376.0 275.0 1128.0 5169.92333197508
38.0 2920.0 2030.0 9533.0 39861.60838469161
21.0 4960.0 980.0 4719.0 19375.93356088778
57.0 2607.0 2182.0 10360.0 43021.17200569102
41.0 2919.0 2031.0 9536.0 39867.3652196831
0.0 632.0 3166.0 15182.0 62848.845243380245
879.0 5488.0 712.0 3465.0 14108.493288665873
1526.0 6305.0 304.0 1319.0 5877.313898298521
1133.0 6375.0 275.0 1146.0 5186.313925658394
317.0 5053.0 929.0 4517.0 18422.010536101934
329.0 6568.0 161.0 734.0 3222.94594365657
35.0 6770.0 64.0 258.0 1186.4404066998343
1157.0 6376.0 273.0 1149.0 5168.429793932606
887.0 5475.0 718.0 3512.0 14239.662860469205
79.0 6607.0 141.0 655.0 2798.7811996802047
890.0 5477.0 720.0 3480.0 14203.334407736655
240.0 6573.0 158.0 739.0 3163.2710055190123
1571.0 6303.0 303.0 1345.0 5899.140478090954
51.0 2610.0 2178.0 10377.0 42982.933288858185
4852.0 5938.0 498.0 2246.0 9704.381785932155
797.0 3287.0 1862.0 8418.0 36063.2748505593
17.0 3992.0 1480.0 6843.0 28994.320515459967
31.0 4964.0 985.0 4667.0 19335.08571347233
871.0 5492.0 712.0 3458.0 14053.127883852098
3.0 916.0 3029.0 14453.0 59999.59724474343
0.0 633.0 3157.0 15252.0 62885.22275739851
1316.0 5980.0 460.0 2225.0 9064.795129035238
34.0 1912.0 2528.0 11961.0 50043.711414927864
1151.0 5338.0 798.0 3854.0 15635.856563912033
130.0 1333.0 2820.0 13369.0 55872.23992075577
1526.0 6303.0 306.0 1328.0 5908.292051858853
48.0 2919.0 2032.0 9526.0 39878.56770370368
2945.0 6147.0 373.0 1736.0 7401.08850827541
7.0 4965.0 979.0 4711.0 19314.834967230552
878.0 5481.0 714.0 3482.0 14155.880306541734
910.0 6450.0 227.0 971.0 4413.896359123827
35.0 6774.0 65.0 229.0 1146.936064827475
1152.0 6376.0 274.0 1131.0 5170.649760997556
241.0 6577.0 156.0 731.0 3126.970982390572
35.0 2919.0 2031.0 9538.0 39874.225545178284
873.0 5482.0 716.0 3482.0 14154.142050998393
0.0 2781.0 2090.0 9924.0 41282.95966473005
875.0 5480.0 717.0 3485.0 14177.366433369156
19.0 1667.0 2650.0 12622.0 52418.17512939345
5774.0 5926.0 475.0 2352.0 9568.65820205738
1144.0 5341.0 799.0 3829.0 15626.714266620786
9.0 6632.0 127.0 581.0 2590.1244534596467
1983.0 5621.0 658.0 3073.0 12797.366993799018
1580.0 6305.0 306.0 1303.0 5910.1375541797415
1931.0 5620.0 657.0 3087.0 12801.653299472333
305.0 5054.0 933.0 4494.0 18416.140684797498
877.0 5491.0 710.0 3462.0 14077.671876113773
1192.0 5336.0 804.0 3823.0 15681.19748538085
4.0 1879.0 2544.0 12056.0 50415.582377433
1952.0 5622.0 655.0 3089.0 12794.459382294359
29.0 2922.0 2026.0 9562.0 39847.009684933
10.0 2914.0 2030.0 9579.0 39933.9124146283
28.0 3510.0 1718.0 8100.0 33897.810700886104
868.0 5487.0 712.0 3457.0 14137.32201271509
872.0 5485.0 713.0 3473.0 14115.258610896906
19.0 3817.0 1567.0 7230.0 30789.857762862615
262.0 6573.0 160.0 718.0 3187.0841755030365
29.0 3510.0 1718.0 8105.0 33895.29897055285
974.0 6430.0 237.0 1032.0 4626.051673858522
870.0 5487.0 712.0 3470.0 14099.94216536648
79.0 6607.0 142.0 655.0 2798.295354874789
1530.0 6310.0 304.0 1295.0 5839.327448630168
1490.0 6314.0 298.0 1327.0 5788.753064285795
1.0 4164.0 1375.0 6627.0 27209.31639136335
565.0 3344.0 1807.0 8472.0 35302.31343279429
1882.0 5612.0 661.0 3105.0 12900.99107991666
2910.0 6157.0 371.0 1705.0 7289.081377769814
0.0 3813.0 1570.0 7249.0 30839.163258036428
0.0 2159.0 2388.0 11598.0 47517.368803364174
4855.0 5935.0 500.0 2239.0 9721.98059606137
1515.0 6309.0 301.0 1321.0 5828.711677719168
1279.0 5992.0 454.0 2206.0 8949.576831323007
879.0 5492.0 708.0 3470.0 14067.505813460511
1498.0 6313.0 301.0 1289.0 5808.877502032598
31.0 3678.0 1661.0 7507.0 32154.682111723963
315.0 5053.0 933.0 4485.0 18434.60192547796
6.0 2907.0 2036.0 9589.0 40002.91989655916
279.0 6575.0 157.0 719.0 3152.021019647264
874.0 5493.0 709.0 3451.0 14048.053139109972
0.0 1853.0 2579.0 12048.0 50577.07536497899
31.0 2917.0 2032.0 9542.0 39890.79108232845
14.0 2917.0 2028.0 9581.0 39894.60450423521
8.0 4615.0 1167.0 5382.0 22819.350789501757
4.0 6761.0 70.0 252.0 1250.8819632866107
44.0 2609.0 2179.0 10375.0 42999.3966397185
868.0 5488.0 713.0 3467.0 14087.349130923576
5.0 2151.0 2416.0 11474.0 47619.73427232508
882.0 5487.0 714.0 3459.0 14114.998990782928
18.0 927.0 3023.0 14413.0 59905.30762026155
15.0 3996.0 1479.0 6840.0 28956.991619413555
861.0 5493.0 712.0 3454.0 14034.880280545416
1516.0 6310.0 303.0 1302.0 5838.891544740028
1151.0 6381.0 271.0 1129.0 5121.4652942631
8.0 2379.0 2280.0 10986.0 45310.39947629773
871.0 5493.0 709.0 3454.0 14064.260353649946
1141.0 5344.0 798.0 3824.0 15594.471699006892
20.0 4615.0 1169.0 5365.0 22805.83737712773
4.0 3665.0 1669.0 7567.0 32300.117535433616
3.0 4643.0 1133.0 5512.0 22461.29204028289
927.0 6443.0 232.0 973.0 4557.423756779254
16.0 6775.0 61.0 249.0 1125.3791451780658
1.0 4419.0 1253.0 5834.0 24730.277371825112
4844.0 5941.0 496.0 2234.0 9671.569894845044
13.0 6766.0 62.0 265.0 1192.9533678417295
253.0 6579.0 156.0 702.0 3114.349239227009
25.0 4957.0 981.0 4742.0 19396.850907825974
2.0 4294.0 1321.0 6302.0 26068.00701021883
10.0 6629.0 131.0 586.0 2620.949913618241
798.0 3292.0 1859.0 8411.0 36012.069592724096
1497.0 6314.0 302.0 1289.0 5794.837030543596
17.0 3817.0 1568.0 7227.0 30786.887202139736
866.0 5491.0 712.0 3457.0 14057.883773869517
24.0 4409.0 1259.0 5841.0 24828.38660868514
921.0 6448.0 234.0 943.0 4466.712788813512
9.0 3803.0 1603.0 7156.0 30832.762853172597
298.0 5054.0 931.0 4520.0 18412.97200524547
22.0 932.0 3023.0 14404.0 59838.48113368058
1951.0 5620.0 659.0 3070.0 12822.383140485374
5.0 4647.0 1132.0 5501.0 22415.898463352507
310.0 5057.0 934.0 4494.0 18367.304921046143
16.0 4409.0 1254.0 5866.0 24828.695865993766
36.0 6766.0 64.0 262.0 1193.5200561638317
874.0 6463.0 222.0 928.0 4295.506690146696
1601.0 5582.0 673.0 3211.0 13261.891457965774
870.0 5495.0 708.0 3450.0 14030.457929335915
0.0 3592.0 1683.0 7882.0 32903.53647071589
5.0 3815.0 1569.0 7242.0 30820.58542668113
23.0 1902.0 2534.0 11984.0 50153.857813513954
53.0 948.0 3011.0 14388.0 59680.59901459454
23.0 4966.0 983.0 4675.0 19321.417028665106
33.0 6623.0 132.0 606.0 2668.7973380222425
3.0 2910.0 2038.0 9566.0 39978.432049421564
8.0 4641.0 1134.0 5502.0 22474.450210866744
303.0 5056.0 929.0 4509.0 18398.162999651704
5.0 2908.0 2036.0 9583.0 39994.26425695421
142.0 1341.0 2818.0 13331.0 55802.22274539549
1940.0 5621.0 656.0 3079.0 12837.946104674413
0.0 6779.0 61.0 229.0 1086.1582509303205
9.0 922.0 3026.0 14425.0 59953.906973666606
4.0 2909.0 2035.0 9582.0 39992.80580350714
13.0 6630.0 126.0 601.0 2613.545550034438
1449.0 6326.0 293.0 1279.0 5668.271449801973
18.0 4967.0 981.0 4681.0 19310.809423338
0.0 6633.0 130.0 576.0 2581.6107075973014
7.0 4974.0 974.0 4700.0 19221.094975607797
6.0 4300.0 1318.0 6287.0 25987.53284705488
8.0 1655.0 2660.0 12636.0 52533.01422826646
10.0 3520.0 1712.0 8078.0 33789.414019353964
812.0 3285.0 1862.0 8440.0 36083.680419786506
5.0 917.0 3030.0 14435.0 59989.76971139016
3.0 2912.0 2032.0 9585.0 39949.307675444245
0.0 3813.0 1570.0 7249.0 30839.163258036428
14.0 1886.0 2546.0 12008.0 50312.18843481861
175.0 1354.0 2811.0 13292.0 55643.03524397533
1.0 3799.0 1602.0 7193.0 30866.525857852463
6.0 665.0 3151.0 14973.0 62528.76671913955
345.0 5057.0 927.0 4509.0 18379.90847503408
303.0 5051.0 930.0 4526.0 18437.629801392824
17.0 4421.0 1245.0 5851.0 24727.226181816215
4.0 3566.0 1703.0 7855.0 33270.83545938456
305.0 5051.0 934.0 4499.0 18453.20206947208
4.0 4971.0 977.0 4696.0 19252.42066113173
15.0 6762.0 64.0 273.0 1235.9057483444951
5.0 3666.0 1669.0 7548.0 32292.61304566616
1978.0 5624.0 655.0 3073.0 12766.741072571655
6.0 2375.0 2284.0 10986.0 45343.26527869385
800.0 3291.0 1859.0 8421.0 36021.95831059437
6.0 918.0 3027.0 14447.0 59991.64249546518
2.0 3561.0 1706.0 7869.0 33315.54518731196
172.0 1353.0 2813.0 13285.0 55655.62144037666
14.0 4416.0 1256.0 5824.0 24769.98303489901
0.0 2909.0 2036.0 9579.0 39989.98928584399
11.0 6762.0 63.0 282.0 1248.3645652524237
1618.0 5585.0 672.0 3199.0 13244.102464670987
0.0 1652.0 2659.0 12664.0 52588.263824017165
20.0 3517.0 1711.0 8097.0 33805.74298049496
0.0 2535.0 2221.0 10569.0 43699.150640925756
7.0 6634.0 126.0 574.0 2559.8557764935745
11.0 4617.0 1165.0 5381.0 22794.535698162454
9.0 669.0 3148.0 14969.0 62480.994373872985
864.0 5495.0 709.0 3453.0 14040.160732620327
12.0 6763.0 65.0 266.0 1238.8052694365579
6.0 3803.0 1602.0 7161.0 30843.97325767967
10.0 2379.0 2282.0 10964.0 45321.95944343321
125.0 1332.0 2820.0 13374.0 55898.370131187876
270.0 2728.0 2123.0 10079.0 41786.66058275439
6.0 2546.0 2216.0 10520.0 43572.371597822974
0.0 6679.0 105.0 477.0 2088.838440430925
0.0 6771.0 60.0 267.0 1136.1281270366796
0.0 4645.0 1132.0 5512.0 22432.52047001578
4.0 6758.0 70.0 268.0 1281.7344684679204
10.0 3995.0 1481.0 6840.0 28972.098224062174
0.0 2544.0 2213.0 10534.0 43675.73031462293
43.0 2608.0 2180.0 10375.0 43017.2421004325
0.0 655.0 3157.0 15000.0 62646.78401116712
5.0 4968.0 978.0 4702.0 19289.634816078826
27.0 4976.0 975.0 4676.0 19180.2638966021
865.0 6466.0 220.0 923.0 4259.242824053361
12.0 6765.0 64.0 264.0 1209.8063114999031
1954.0 5623.0 655.0 3083.0 12786.706784704165
298.0 5055.0 931.0 4506.0 18409.325674865166
3.0 6764.0 67.0 262.0 1225.3743932298441
852.0 6472.0 216.0 918.0 4197.951837284527
0.0 6636.0 125.0 573.0 2544.269184149681
2.0 4618.0 1164.0 5390.0 22778.262390968364
21.0 1896.0 2538.0 11996.0 50229.3741313459
0.0 4643.0 1132.0 5526.0 22448.82820506995
1939.0 5620.0 656.0 3084.0 12845.950029119685
896.0 3120.0 1930.0 9061.0 37909.57905122163
304.0 5050.0 934.0 4506.0 18441.35717711147
6.0 776.0 3093.0 14792.0 61378.87377816941
5.0 4973.0 974.0 4707.0 19226.82535310127
5.0 4616.0 1166.0 5386.0 22804.066860743587
0.0 6763.0 69.0 252.0 1227.316023669586
0.0 6769.0 62.0 259.0 1167.3056010181667
796.0 3292.0 1860.0 8415.0 36015.81596917523
14.0 4007.0 1474.0 6813.0 28852.930931055664
9.0 6766.0 62.0 289.0 1207.7040256242794
0.0 3563.0 1705.0 7865.0 33300.767365290914
1933.0 5620.0 657.0 3082.0 12807.375692873151
26.0 6765.0 64.0 263.0 1200.966137899372
4.0 637.0 3157.0 15173.0 62840.610567753436
0.0 4422.0 1252.0 5834.0 24702.35319246439
19.0 6696.0 99.0 380.0 1924.4410445324327
0.0 6765.0 63.0 271.0 1213.3591032095605
4.0 4615.0 1165.0 5399.0 22790.111565353924
1.0 4075.0 1441.0 6689.0 28118.206548687212
1945.0 5624.0 655.0 3073.0 12771.580826112393
3.0 6703.0 97.0 371.0 1860.6497617879745
0.0 4001.0 1477.0 6835.0 28905.229063577182
0.0 2547.0 2213.0 10542.0 43580.438329267025
9.0 2190.0 2377.0 11443.0 47224.655100223325
5.0 2377.0 2284.0 10969.0 45337.99267142892
2.0 2584.0 2194.0 10452.0 43261.50408162517
0.0 2152.0 2414.0 11474.0 47605.39637123181
125.0 1330.0 2822.0 13374.0 55910.597676208075
0.0 3563.0 1705.0 7865.0 33300.767365290914
6.0 4972.0 975.0 4699.0 19247.403617942346
0.0 2371.0 2287.0 10988.0 45394.084637212945
0.0 4300.0 1318.0 6287.0 26005.570798840785
0.0 6766.0 65.0 262.0 1207.440203385429
1.0 4973.0 975.0 4698.0 19233.59248055301
0.0 6768.0 62.0 276.0 1186.077726864946
1.0 4977.0 974.0 4694.0 19206.555558078282
4.0 4166.0 1376.0 6608.0 27197.380299982004
1.0 4619.0 1163.0 5390.0 22765.244013657084
12.0 4413.0 1254.0 5847.0 24784.225216165258
295.0 5055.0 932.0 4502.0 18407.928220818405
12.0 4426.0 1250.0 5819.0 24646.714303046127
7.0 2189.0 2375.0 11465.0 47233.4306768447
6.0 659.0 3158.0 14960.0 62618.002197653994
18.0 4976.0 975.0 4682.0 19193.713467100504
3.0 4170.0 1375.0 6600.0 27149.828130156704
6.0 6703.0 96.0 374.0 1863.2865167420637
0.0 6766.0 65.0 262.0 1207.440203385429
7.0 4165.0 1375.0 6613.0 27209.150604207494
6.0 3524.0 1708.0 8078.0 33741.868356107785
0.0 4616.0 1164.0 5405.0 22788.15569905151
0.0 4973.0 976.0 4697.0 19228.92666709331
0.0 3801.0 1601.0 7185.0 30844.344329047108
0.0 4531.0 1203.0 5684.0 23608.62227966358
5.0 636.0 3157.0 15194.0 62834.209572984364
2.0 778.0 3090.0 14809.0 61357.63732807673
0.0 6649.0 119.0 558.0 2401.8937082712473
0.0 6759.0 70.0 265.0 1267.4677728010577
2.0 2183.0 2377.0 11490.0 47299.75334396791
10.0 4069.0 1447.0 6684.0 28165.745199167995
0.0 653.0 3159.0 15000.0 62664.82811386187
0.0 644.0 3164.0 15089.0 62740.20022722205
0.0 1651.0 2660.0 12669.0 52588.397044655314
0.0 2181.0 2378.0 11493.0 47320.60755547603
5.0 1651.0 2661.0 12658.0 52571.74473038123
5.0 4421.0 1254.0 5823.0 24711.88901160732
0.0 6705.0 96.0 369.0 1837.5381587516486
0.0 4643.0 1132.0 5526.0 22448.82820506995
0.0 6769.0 62.0 259.0 1167.3056010181667
0.0 633.0 3159.0 15189.0 62880.87557070881
0.0 4168.0 1374.0 6606.0 27175.53596659112
0.0 1649.0 2660.0 12684.0 52607.24148575205
0.0 1878.0 2548.0 12051.0 50422.12730624427
5.0 4073.0 1440.0 6703.0 28144.18396897953
0.0 3670.0 1667.0 7541.0 32252.586122173518
0.0 6762.0 66.0 277.0 1245.1183744222405
0.0 4074.0 1441.0 6694.0 28127.635417998394
0.0 4422.0 1252.0 5834.0 24702.35319246439
0.0 1878.0 2548.0 12051.0 50422.12730624427
