148.0 2798.0 2084.0 9920.0 41046.939095412774
416.0 2886.0 2020.0 9657.0 40128.529064979724
1903.0 5182.0 892.0 4004.0 17088.338403531372
537.0 6470.0 207.0 993.0 4191.492731117023
41.0 4725.0 1121.0 5195.0 21659.50554919834
27.0 4374.0 1284.0 5946.0 25228.044380040687
260.0 6535.0 172.0 809.0 3632.639942709836
3178.0 5709.0 600.0 2911.0 11837.157080890913
701.0 4978.0 991.0 4523.0 19095.071912192925
582.0 6459.0 214.0 1019.0 4306.0864872181355
3173.0 5708.0 602.0 2923.0 11860.911429010284
3183.0 5704.0 604.0 2940.0 11886.206812534438
621.0 6450.0 217.0 1046.0 4429.148245940485
68.0 6587.0 149.0 660.0 3072.310515179747
3750.0 5750.0 568.0 2802.0 11381.658571979071
1258.0 5556.0 672.0 3226.0 13295.681948541633
2104.0 6200.0 345.0 1685.0 6924.730132492767
27.0 3829.0 1558.0 7336.0 30651.25703944668
24.0 2749.0 2109.0 10033.0 41524.00707709047
3190.0 5707.0 603.0 2925.0 11860.962542697915
1946.0 6020.0 427.0 2112.0 8710.09394528636
8.0 4223.0 1376.0 6292.0 26691.787943480034
22.0 6627.0 128.0 601.0 2616.664931127085
88.0 1365.0 2825.0 13141.0 55555.2843301378
2142.0 6208.0 339.0 1683.0 6846.882846189447
295.0 3207.0 1862.0 8848.0 36892.0738341647
2121.0 6019.0 430.0 2108.0 8704.662242966573
3.0 805.0 3079.0 14745.0 61035.860720019424
14.0 6763.0 63.0 295.0 1217.468600864945
1522.0 5415.0 739.0 3528.0 14683.20354012275
10.0 3780.0 1577.0 7505.0 31106.232009858
2424.0 6185.0 355.0 1715.0 7094.244369362147
12.0 4730.0 1118.0 5204.0 21633.168233036016
2372.0 5553.0 677.0 3216.0 13405.259519776455
27.0 3662.0 1639.0 7637.0 32396.70716377563
1798.0 5428.0 732.0 3491.0 14570.482154421446
1780.0 5424.0 738.0 3493.0 14576.838340611679
9.0 1681.0 2657.0 12501.0 52274.93989402853
3192.0 5703.0 601.0 2945.0 11930.345085274283
2017.0 6029.0 424.0 2086.0 8606.72686694244
5617.0 5846.0 544.0 2489.0 10456.968245867933
2050.0 6040.0 415.0 2072.0 8479.69394351924
9.0 2163.0 2409.0 11443.0 47510.957375215796
461.0 3112.0 1918.0 9074.0 37806.914342420525
3.0 653.0 3165.0 14995.0 62687.71744104359
16.0 4614.0 1142.0 5583.0 22656.62787623558
1487.0 5124.0 913.0 4206.0 17613.910451531538
144.0 2793.0 2084.0 9939.0 41099.24438847673
2127.0 6218.0 335.0 1653.0 6754.913280915684
1883.0 5182.0 892.0 4004.0 17090.198910823743
33.0 1356.0 2831.0 13167.0 55639.054894044835
45.0 6592.0 148.0 654.0 3019.7888898387023
601.0 6450.0 217.0 1026.0 4434.063402317282
23.0 6752.0 77.0 256.0 1350.1017002176536
11.0 1682.0 2657.0 12498.0 52256.14175169779
2154.0 6200.0 348.0 1668.0 6935.270253989125
1848.0 5427.0 738.0 3464.0 14539.637727445772
0.0 4222.0 1376.0 6301.0 26706.8062186244
719.0 6450.0 218.0 1022.0 4443.843750235875
0.0 2462.0 2236.0 10866.0 44451.13805594093
1645.0 6273.0 302.0 1449.0 6194.554233657922
135.0 6570.0 164.0 692.0 3227.792538075623
1551.0 5158.0 874.0 4219.0 17494.845492973567
2378.0 5549.0 682.0 3213.0 13451.212277069431
293.0 3211.0 1857.0 8868.0 36854.40951277325
1838.0 5425.0 736.0 3477.0 14555.460734324997
287.0 6531.0 178.0 799.0 3661.415482683151
290.0 3206.0 1858.0 8878.0 36896.71666525315
1814.0 5435.0 728.0 3487.0 14477.350393525337
1252.0 5560.0 667.0 3223.0 13245.477841161832
5.0 4692.0 1118.0 5239.0 22044.961495031515
970.0 5251.0 840.0 3941.0 16442.95821763881
5.0 3669.0 1631.0 7644.0 32332.964336933157
2373.0 5552.0 679.0 3210.0 13427.597166010926
63.0 1949.0 2516.0 11829.0 49658.6321826509
56.0 3493.0 1732.0 8030.0 34097.91110039282
151.0 2793.0 2078.0 9965.0 41080.873334485164
27.0 3500.0 1727.0 8026.0 34004.48668430293
411.0 2882.0 2021.0 9682.0 40172.61343630326
1835.0 5415.0 742.0 3505.0 14672.436896479048
0.0 1768.0 2601.0 12395.0 51488.06343805756
2179.0 6209.0 339.0 1686.0 6840.075723655423
6106.0 5871.0 532.0 2406.0 10186.906966598925
13.0 3960.0 1465.0 7034.0 29487.678873123914
67.0 4693.0 1118.0 5234.0 22024.483688308057
1971.0 5194.0 847.0 4078.0 16912.902363426718
51.0 1367.0 2816.0 13194.0 55519.89848391577
2061.0 6027.0 420.0 2111.0 8594.55743854323
2017.0 6033.0 419.0 2088.0 8575.70693667298
9.0 2361.0 2306.0 10976.0 45495.389387834504
285.0 3206.0 1855.0 8915.0 36902.94962628455
1496.0 5416.0 738.0 3520.0 14691.721558449504
19.0 3520.0 1716.0 7982.0 33794.89367355119
2034.0 6045.0 414.0 2062.0 8435.896207859547
287.0 3214.0 1855.0 8854.0 36829.95938069937
16.0 6756.0 74.0 257.0 1308.3480034413478
16.0 4725.0 1124.0 5178.0 21679.99305349372
43.0 6693.0 102.0 401.0 1926.1933890203884
29.0 3501.0 1724.0 8034.0 33991.939959892276
0.0 4680.0 1124.0 5332.0 22087.94678466862
295.0 3210.0 1857.0 8868.0 36869.20070451187
1501.0 5115.0 914.0 4239.0 17721.908298163133
337.0 6528.0 179.0 808.0 3697.3383686293782
289.0 3213.0 1853.0 8883.0 36834.95564524162
3178.0 5710.0 601.0 2921.0 11821.3242987148
2374.0 5549.0 679.0 3233.0 13458.945376107225
14.0 6762.0 64.0 298.0 1243.22515300126
2012.0 6035.0 420.0 2075.0 8545.958848043501
2086.0 6025.0 421.0 2133.0 8628.282488223802
285.0 3204.0 1858.0 8906.0 36922.4134161847
598.0 6457.0 215.0 1011.0 4368.067189993087
287.0 3207.0 1860.0 8872.0 36893.702592829606
534.0 6471.0 208.0 981.0 4184.476748577412
1766.0 5431.0 734.0 3478.0 14523.93515911195
1054.0 5229.0 836.0 4071.0 16603.245042739676
857.0 4918.0 1014.0 4732.0 19710.310012434857
867.0 4922.0 1013.0 4709.0 19671.893227210032
290.0 3207.0 1860.0 8870.0 36895.30874075592
2122.0 6219.0 333.0 1653.0 6737.018364794083
2076.0 6022.0 427.0 2112.0 8696.336055362804
2051.0 6033.0 416.0 2105.0 8549.308542934752
1925.0 6024.0 425.0 2104.0 8658.771760102702
1831.0 5430.0 734.0 3474.0 14508.94715731696
851.0 4923.0 1010.0 4727.0 19666.31217040558
2365.0 5554.0 677.0 3210.0 13407.155340737632
864.0 4921.0 1015.0 4698.0 19690.99096016536
41.0 1363.0 2828.0 13144.0 55556.99151836989
876.0 4921.0 1012.0 4714.0 19676.691614639953
1648.0 6278.0 299.0 1442.0 6137.6303677676815
700.0 4977.0 991.0 4528.0 19102.725941934652
701.0 4982.0 991.0 4505.0 19068.080141950937
40.0 1364.0 2827.0 13129.0 55564.966273608195
28.0 2752.0 2103.0 10040.0 41511.081009339614
1833.0 5423.0 737.0 3482.0 14594.901044449038
9.0 4618.0 1140.0 5570.0 22623.301988374442
81.0 6585.0 151.0 673.0 3064.1057191844366
2098.0 6025.0 427.0 2089.0 8645.606822967882
151.0 2796.0 2077.0 9963.0 41051.4117058992
0.0 3731.0 1591.0 7634.0 31576.99163159484
2137.0 6204.0 343.0 1679.0 6893.569250322785
27.0 6751.0 80.0 246.0 1375.9002488114013
288.0 3210.0 1856.0 8873.0 36860.6309717579
2184.0 6190.0 351.0 1710.0 7058.126427169495
2117.0 6217.0 332.0 1673.0 6765.468513335321
880.0 4921.0 1012.0 4712.0 19673.725824081932
1881.0 5183.0 891.0 4004.0 17076.262560067735
3171.0 5711.0 601.0 2914.0 11816.776949060251
525.0 6472.0 207.0 981.0 4186.503106936634
1255.0 5563.0 666.0 3219.0 13227.648571770005
1508.0 5420.0 738.0 3509.0 14633.494145387995
558.0 6467.0 210.0 990.0 4217.883366660086
962.0 5252.0 839.0 3941.0 16430.79725608476
10.0 1021.0 2969.0 14126.0 58968.19746485995
16.0 2733.0 2113.0 10090.0 41694.78535383976
10.0 636.0 3161.0 15125.0 62803.38860948964
11.0 2537.0 2241.0 10353.0 43712.531130252195
0.0 4268.0 1319.0 6339.0 26234.111476739738
52.0 3494.0 1732.0 8020.0 34088.91768747964
862.0 4919.0 1015.0 4716.0 19714.4824219338
17.0 4526.0 1233.0 5478.0 23787.4578382668
1485.0 5120.0 911.0 4233.0 17667.40531475585
30.0 4017.0 1502.0 6607.0 28754.72277820087
0.0 4694.0 1118.0 5233.0 22015.567760589318
3.0 1060.0 2954.0 14024.0 58586.09390077991
3167.0 5714.0 601.0 2902.0 11797.971888606464
65.0 6588.0 149.0 658.0 3065.134550863436
12.0 1150.0 2906.0 13897.0 57616.09165062537
17.0 4723.0 1121.0 5204.0 21691.33713326883
271.0 6536.0 175.0 792.0 3614.8570163014406
14.0 4718.0 1127.0 5196.0 21731.881192055927
10.0 1019.0 2969.0 14136.0 58988.007141597474
2041.0 6046.0 416.0 2053.0 8429.430125123461
685.0 4985.0 989.0 4495.0 19037.35575786381
13.0 3502.0 1724.0 8038.0 33986.274541496605
409.0 2883.0 2021.0 9674.0 40159.336347978475
2.0 637.0 3159.0 15137.0 62781.28082743323
854.0 4921.0 1013.0 4717.0 19684.073251875052
45.0 1944.0 2519.0 11835.0 49683.18863120741
18.0 4393.0 1275.0 5891.0 25034.881566489472
6.0 3670.0 1631.0 7642.0 32314.373954901745
9.0 3520.0 1718.0 7968.0 33801.88353191561
21.0 4379.0 1279.0 5948.0 25177.35928001955
4.0 3624.0 1610.0 8042.0 32974.18526869775
4.0 4122.0 1396.0 6710.0 27756.879053900277
1817.0 5432.0 732.0 3474.0 14502.233895074361
6.0 2537.0 2241.0 10360.0 43723.79500034645
35.0 1939.0 2522.0 11845.0 49745.0779933113
30.0 1362.0 2820.0 13200.0 55571.202826859975
0.0 6649.0 117.0 558.0 2391.058455460384
2037.0 6041.0 414.0 2082.0 8478.667401625185
0.0 3964.0 1466.0 7019.0 29440.214922762563
875.0 4923.0 1010.0 4718.0 19660.697429045817
12.0 3514.0 1724.0 7965.0 33858.31793060157
2.0 634.0 3150.0 15229.0 62926.731304965324
17.0 1694.0 2650.0 12470.0 52119.826796629335
147.0 2797.0 2079.0 9945.0 41038.22086397322
7.0 3665.0 1636.0 7640.0 32364.768877927032
11.0 667.0 3159.0 14943.0 62552.94859604736
15.0 6765.0 63.0 298.0 1216.8983845281668
20.0 2738.0 2115.0 10055.0 41633.45446927623
23.0 4019.0 1498.0 6611.0 28751.05267246875
42.0 1945.0 2519.0 11827.0 49700.41611109944
9.0 2603.0 2207.0 10235.0 43065.63138502105
3.0 6703.0 96.0 383.0 1836.1390006053318
10.0 4392.0 1274.0 5908.0 25044.321759593055
25.0 4019.0 1500.0 6607.0 28742.75823131887
0.0 6762.0 70.0 255.0 1238.950565390497
8.0 4395.0 1272.0 5909.0 25007.141116778344
5.0 1901.0 2541.0 11959.0 50162.19809289688
2033.0 6047.0 413.0 2061.0 8424.900859506593
11.0 6763.0 64.0 297.0 1224.735222865942
8.0 6702.0 98.0 378.0 1850.9489794805504
0.0 879.0 3045.0 14557.0 60365.74960819543
2.0 2163.0 2407.0 11462.0 47497.95001757358
5.0 3831.0 1556.0 7336.0 30627.653223450605
22.0 4517.0 1240.0 5494.0 23864.92522220914
4.0 4394.0 1272.0 5916.0 25020.976509604006
1878.0 5187.0 890.0 3993.0 17055.120502368212
11.0 1922.0 2530.0 11899.0 49947.192423098306
0.0 634.0 3161.0 15143.0 62817.380308550586
1.0 6766.0 61.0 294.0 1190.4055466433995
0.0 3964.0 1466.0 7019.0 29440.214922762563
0.0 2536.0 2241.0 10353.0 43734.70015828113
6.0 1678.0 2659.0 12510.0 52304.33492474782
0.0 6765.0 67.0 271.0 1225.52489685951
13.0 6755.0 76.0 252.0 1320.0237687882175
860.0 4924.0 1011.0 4716.0 19649.897797663558
21.0 6604.0 142.0 638.0 2897.7070616084607
0.0 6755.0 73.0 263.0 1328.400626285554
6.0 2363.0 2309.0 10948.0 45485.74220339253
0.0 6641.0 123.0 568.0 2468.138257359923
2.0 799.0 3082.0 14763.0 61111.04163328123
14.0 4725.0 1123.0 5185.0 21671.73120743405
5.0 2595.0 2209.0 10263.0 43154.808611789245
0.0 4396.0 1273.0 5895.0 25005.117107329428
3.0 4124.0 1394.0 6709.0 27734.256630091968
3.0 6757.0 76.0 248.0 1315.3186874267465
0.0 6760.0 68.0 275.0 1267.1075989322455
5.0 6764.0 64.0 293.0 1237.1530835014466
0.0 632.0 3173.0 15147.0 62924.44100759386
5.0 2363.0 2308.0 10953.0 45483.24600068562
11.0 6761.0 62.0 316.0 1262.1486650266677
0.0 6767.0 61.0 287.0 1181.9599562510714
8.0 6764.0 63.0 299.0 1259.2006856190922
5.0 4220.0 1377.0 6301.0 26728.236406183674
3.0 4726.0 1122.0 5193.0 21676.053626192534
0.0 3964.0 1466.0 7019.0 29440.214922762563
8.0 4620.0 1139.0 5572.0 22595.66646162963
1.0 638.0 3146.0 15237.0 62884.508562635376
8.0 6758.0 74.0 248.0 1294.734490460476
0.0 2527.0 2218.0 10568.0 43857.01877196246
0.0 4319.0 1325.0 6101.0 25879.333221682456
0.0 1014.0 2971.0 14160.0 59050.350890886875
3.0 2232.0 2374.0 11285.0 46791.271277771404
17.0 4025.0 1494.0 6605.0 28703.1370631208
16.0 4217.0 1380.0 6281.0 26753.03022895627
11.0 4530.0 1232.0 5477.0 23758.563904876828
5.0 657.0 3163.0 14983.0 62649.78042673808
2.0 3670.0 1633.0 7634.0 32319.226131530588
3.0 4528.0 1233.0 5486.0 23779.96827071708
0.0 3833.0 1557.0 7330.0 30615.346698103094
0.0 2162.0 2407.0 11465.0 47505.21755882398
7.0 4619.0 1140.0 5569.0 22614.098101864893
0.0 3671.0 1632.0 7634.0 32309.04607962109
0.0 2358.0 2308.0 10982.0 45518.037645980185
0.0 651.0 3166.0 14999.0 62707.24856849397
1.0 2234.0 2374.0 11278.0 46774.12114619132
0.0 6762.0 66.0 287.0 1242.090083510492
6.0 6758.0 68.0 281.0 1273.5616059907175
0.0 4727.0 1121.0 5197.0 21666.399467659816
2.0 4506.0 1180.0 5904.0 23998.744886841367
10.0 1687.0 2655.0 12481.0 52209.82099767531
0.0 1141.0 2913.0 13915.0 57704.97068646201
0.0 4528.0 1232.0 5488.0 23771.78498152245
0.0 1057.0 2956.0 14024.0 58625.539485696754
0.0 1331.0 2841.0 13274.0 55907.06424244792
11.0 2729.0 2115.0 10099.0 41751.68607652547
19.0 6753.0 77.0 249.0 1345.9688096603363
0.0 6706.0 94.0 378.0 1809.9551153816135
0.0 6760.0 68.0 276.0 1250.7569572406123
3.0 3966.0 1465.0 7013.0 29416.212173837906
0.0 6762.0 67.0 274.0 1237.043764017586
0.0 1898.0 2543.0 11977.0 50200.799618125326
0.0 2232.0 2375.0 11282.0 46789.89078571544
0.0 6765.0 66.0 274.0 1223.9086672757858
2.0 3517.0 1720.0 7984.0 33830.76105974396
0.0 629.0 3152.0 15248.0 62972.940054046405
0.0 6760.0 73.0 248.0 1276.9764618826753
0.0 2588.0 2215.0 10278.0 43222.02366521495
11.0 4025.0 1494.0 6614.0 28693.206983304415
0.0 4127.0 1392.0 6703.0 27693.57208689187
0.0 634.0 3161.0 15143.0 62817.380308550586
0.0 4222.0 1376.0 6301.0 26706.8062186244
0.0 1674.0 2661.0 12540.0 52341.158336111286
