12.0 3753.0 1619.0 7293.0 31474.9361701845
18.0 6772.0 62.0 266.0 1165.484271952005
5.0 1712.0 2614.0 12646.0 52136.41187516425
898.0 3019.0 1965.0 9409.0 38899.40129217554
4.0 1029.0 2965.0 14139.0 58843.884860179925
374.0 2770.0 2095.0 10029.0 41386.04062886986
967.0 6417.0 239.0 1079.0 4720.669123354311
34.0 2079.0 2427.0 11717.0 48310.13260389243
27.0 3410.0 1818.0 8227.0 34888.48187183758
1396.0 5702.0 590.0 2882.0 11762.250307444028
31.0 3459.0 1748.0 8157.0 34471.22447365888
14.0 6763.0 69.0 251.0 1218.730143121195
18.0 3894.0 1503.0 7180.0 29870.18838014794
6.0 6640.0 123.0 566.0 2473.289030971318
14.0 6767.0 60.0 288.0 1176.0780844520339
13.0 4609.0 1178.0 5277.0 22716.924853941975
7.0 3936.0 1536.0 6737.0 29566.52756464746
15.0 6763.0 67.0 248.0 1226.1931159502217
23.0 4610.0 1178.0 5262.0 22715.289868200944
1141.0 5065.0 910.0 4500.0 18266.509973577526
1140.0 5065.0 908.0 4512.0 18253.84310713179
346.0 4979.0 964.0 4642.0 19170.289168520783
21.0 2575.0 2193.0 10525.0 43341.17319440681
2.0 4806.0 1050.0 5064.0 20900.28659622845
7.0 2565.0 2197.0 10548.0 43443.65873841692
1.0 2146.0 2407.0 11558.0 47688.0771878671
24.0 4802.0 1052.0 5068.0 20923.023441046887
169.0 4720.0 1118.0 4991.0 21627.987935648962
1121.0 5067.0 909.0 4498.0 18231.87456792437
15.0 4801.0 1050.0 5086.0 20948.667046329054
23.0 3479.0 1737.0 8096.0 34266.52394753785
30.0 2585.0 2191.0 10499.0 43239.70922074676
342.0 6535.0 182.0 778.0 3504.633192803978
160.0 4719.0 1124.0 4974.0 21624.841195533347
292.0 4919.0 993.0 4816.0 19769.01754982358
1132.0 5072.0 904.0 4498.0 18209.68814575162
6.0 4616.0 1173.0 5269.0 22648.352373408212
5.0 3417.0 1813.0 8211.0 34818.48702029803
16.0 656.0 3149.0 15037.0 62613.00614923661
22.0 1652.0 2659.0 12660.0 52635.74187662224
14.0 1716.0 2614.0 12633.0 52079.42220297618
1392.0 5703.0 593.0 2862.0 11715.869070767098
1433.0 5678.0 602.0 2948.0 11973.010776216955
5.0 2313.0 2320.0 11070.0 45969.6666632047
27.0 2581.0 2192.0 10512.0 43273.067153008065
348.0 6536.0 182.0 778.0 3480.132882125699
11.0 2080.0 2428.0 11713.0 48306.04834050904
1635.0 5684.0 600.0 2926.0 11914.745623318897
148.0 6591.0 156.0 644.0 2972.5509746038815
12.0 3667.0 1640.0 7587.0 32384.30590255113
25.0 4322.0 1322.0 5921.0 25934.672113580804
234.0 3998.0 1447.0 6947.0 28827.094400179696
20.0 3471.0 1744.0 8104.0 34349.29007650004
183.0 6577.0 164.0 678.0 3126.3484052102212
5.0 2313.0 2319.0 11076.0 45973.583851407755
16.0 6756.0 69.0 271.0 1276.5192006102488
7.0 4807.0 1048.0 5080.0 20886.48998946839
376.0 6542.0 176.0 773.0 3441.2084695479566
22.0 4466.0 1200.0 5849.0 24137.288596209302
13.0 4809.0 1048.0 5071.0 20878.33233063274
1400.0 5693.0 594.0 2898.0 11811.311278064733
152.0 4718.0 1124.0 4981.0 21644.903461388752
0.0 4552.0 1209.0 5470.0 23354.38819350435
70.0 3950.0 1535.0 6673.0 29425.45383831283
60.0 6615.0 135.0 644.0 2700.0769113749607
702.0 2964.0 1993.0 9397.0 39457.076387360794
308.0 6549.0 172.0 763.0 3373.810550782939
359.0 2767.0 2101.0 10031.0 41429.6581100941
160.0 6587.0 158.0 656.0 3003.378263615329
2.0 4479.0 1193.0 5822.0 24012.85667865725
19.0 4612.0 1178.0 5253.0 22682.015737193004
42.0 3609.0 1659.0 7775.0 32769.60173978033
30.0 4801.0 1048.0 5086.0 20947.886779518274
8.0 4804.0 1054.0 5053.0 20920.02019155652
8.0 4800.0 1048.0 5106.0 20955.545418606645
114.0 6601.0 152.0 615.0 2876.1983703096294
189.0 6579.0 162.0 676.0 3087.049575788439
10.0 2077.0 2430.0 11725.0 48315.65921248472
21.0 4799.0 1055.0 5060.0 20967.71851967099
28.0 4328.0 1314.0 5938.0 25821.960855459038
17.0 784.0 3091.0 14751.0 61289.74567552358
15.0 6767.0 59.0 296.0 1175.1608689589025
1417.0 5681.0 610.0 2894.0 11902.24002198364
1412.0 5687.0 607.0 2872.0 11850.265740936182
24.0 2579.0 2193.0 10517.0 43299.45904419856
1400.0 5695.0 594.0 2906.0 11778.02341800957
1393.0 5701.0 594.0 2867.0 11743.002910830728
7.0 1030.0 2964.0 14138.0 58845.2994836922
1403.0 5702.0 591.0 2865.0 11749.85277800151
33.0 3459.0 1748.0 8148.0 34476.37595181585
12.0 1647.0 2661.0 12673.0 52678.6888104549
12.0 4189.0 1369.0 6480.0 27177.68747358359
30.0 1050.0 2954.0 14064.0 58611.90858662579
1367.0 5685.0 598.0 2926.0 11896.403281115276
8.0 2068.0 2433.0 11747.0 48421.76127720933
157.0 4716.0 1122.0 4995.0 21662.024609908352
12.0 2411.0 2273.0 10910.0 44867.12494358569
549.0 6509.0 197.0 826.0 3760.0397035570127
1133.0 5060.0 912.0 4516.0 18309.68114927443
0.0 1051.0 2949.0 14141.0 58657.911975162366
1130.0 5064.0 913.0 4474.0 18274.552508618082
286.0 6549.0 174.0 745.0 3363.0055111383713
1136.0 5065.0 905.0 4521.0 18274.907098070536
1390.0 5701.0 593.0 2869.0 11736.203849194972
34.0 2585.0 2187.0 10495.0 43248.20116504461
1135.0 5070.0 906.0 4498.0 18213.874427540864
285.0 4919.0 995.0 4802.0 19776.080041979792
4.0 4095.0 1429.0 6636.0 28067.581172756338
1394.0 5687.0 600.0 2917.0 11888.583338671502
15.0 2527.0 2208.0 10647.0 43825.1725636812
50.0 2587.0 2186.0 10502.0 43216.44183558671
1393.0 5699.0 593.0 2874.0 11757.369315013973
14.0 6768.0 59.0 286.0 1170.936625618918
13.0 651.0 3151.0 15051.0 62645.58439576992
41.0 1670.0 2649.0 12594.0 52463.40870309069
1401.0 5701.0 592.0 2870.0 11751.701424597222
11.0 4333.0 1313.0 5924.0 25813.335496146996
366.0 2766.0 2096.0 10038.0 41450.89317808886
16.0 3473.0 1742.0 8104.0 34331.36894232913
1402.0 5679.0 609.0 2916.0 11922.847549382841
9.0 4191.0 1365.0 6497.0 27145.412224443822
4.0 1026.0 2968.0 14139.0 58881.39263867565
316.0 6543.0 178.0 766.0 3424.131919372075
558.0 6507.0 193.0 846.0 3814.362190350979
4.0 1639.0 2664.0 12716.0 52761.288732503155
1.0 2206.0 2394.0 11356.0 46991.40329860663
1395.0 5697.0 594.0 2895.0 11759.00266928607
627.0 6496.0 203.0 879.0 3886.8717743502925
9.0 2564.0 2196.0 10561.0 43439.584734333024
24.0 6768.0 58.0 292.0 1167.6975232981345
3.0 2309.0 2321.0 11085.0 46005.83512481417
16.0 1034.0 2960.0 14116.0 58823.02264059797
9.0 3415.0 1816.0 8215.0 34833.96747791925
606.0 6499.0 198.0 871.0 3892.3184623883
606.0 6496.0 199.0 887.0 3915.5313929770123
374.0 2769.0 2096.0 10024.0 41397.73648217096
569.0 6504.0 195.0 861.0 3813.611155318955
5.0 1995.0 2492.0 11982.0 49129.08506659739
17.0 3900.0 1497.0 7186.0 29818.508378454007
5.0 3616.0 1652.0 7780.0 32712.407636141706
694.0 2965.0 1993.0 9392.0 39441.99032295193
1.0 1641.0 2662.0 12720.0 52731.62820851087
22.0 1038.0 2963.0 14079.0 58752.10565573192
16.0 6774.0 61.0 258.0 1135.49317883673
1134.0 5064.0 907.0 4514.0 18274.97434333548
22.0 6768.0 57.0 309.0 1159.7931599952954
14.0 779.0 3092.0 14773.0 61340.24174495978
15.0 1723.0 2609.0 12630.0 52034.17664174379
1124.0 5067.0 903.0 4530.0 18256.05078637748
5.0 649.0 3154.0 15036.0 62676.31273172993
338.0 6544.0 179.0 759.0 3412.9304245349667
0.0 3417.0 1814.0 8206.0 34814.664442074914
0.0 1711.0 2615.0 12655.0 52147.92684254931
34.0 3946.0 1540.0 6651.0 29476.304200591236
4.0 4098.0 1428.0 6629.0 28042.772129873516
1394.0 5699.0 595.0 2865.0 11760.822608418388
7.0 4469.0 1198.0 5844.0 24107.693598513146
1400.0 5702.0 594.0 2864.0 11721.123642701183
140.0 4719.0 1122.0 4989.0 21619.165798168175
1395.0 5695.0 599.0 2871.0 11765.575275374325
148.0 1296.0 2833.0 13517.0 56119.31317747982
12.0 3479.0 1736.0 8104.0 34268.40338869616
1124.0 5067.0 909.0 4480.0 18232.204371964548
5.0 4803.0 1053.0 5068.0 20922.77770491265
27.0 3462.0 1747.0 8141.0 34442.20821321631
2.0 6767.0 65.0 246.0 1183.8162750729502
0.0 6716.0 96.0 348.0 1688.3053778891208
4.0 3614.0 1655.0 7779.0 32732.24142205494
159.0 4718.0 1124.0 4972.0 21655.561202580862
0.0 4475.0 1197.0 5822.0 24043.245129720646
16.0 3880.0 1512.0 7203.0 30020.3162007892
3.0 4624.0 1171.0 5239.0 22595.596234880304
1130.0 5060.0 911.0 4512.0 18342.767379722263
4.0 632.0 3164.0 15184.0 62840.40303426443
1393.0 5689.0 598.0 2912.0 11861.4468989376
16.0 4335.0 1314.0 5907.0 25762.033656314903
286.0 6553.0 172.0 736.0 3335.625220133357
1136.0 5071.0 905.0 4489.0 18211.254798438527
1129.0 5062.0 910.0 4516.0 18297.830026615018
46.0 6622.0 132.0 625.0 2630.9804656651954
0.0 6761.0 71.0 244.0 1258.854807217294
6.0 3613.0 1657.0 7773.0 32736.073699480057
152.0 4721.0 1121.0 4981.0 21614.001561298344
1403.0 5703.0 592.0 2861.0 11693.585835312992
8.0 4482.0 1233.0 5761.0 23966.98277376008
3.0 2306.0 2322.0 11099.0 46039.72236254798
151.0 1296.0 2833.0 13513.0 56133.35352274276
24.0 4801.0 1049.0 5083.0 20952.206310579208
0.0 6778.0 59.0 250.0 1102.1309062766625
283.0 6553.0 171.0 749.0 3331.34404592325
3.0 645.0 3154.0 15069.0 62717.78437393929
0.0 2410.0 2273.0 10912.0 44882.04397446637
26.0 3950.0 1531.0 6682.0 29420.866076894676
29.0 3463.0 1747.0 8144.0 34436.01355001469
0.0 2071.0 2433.0 11746.0 48391.94874078898
6.0 2523.0 2208.0 10676.0 43856.641885270285
1390.0 5696.0 596.0 2888.0 11790.716556978108
133.0 4719.0 1120.0 4999.0 21629.87592342091
24.0 1040.0 2959.0 14085.0 58742.562610954905
1137.0 5068.0 907.0 4496.0 18251.513360840992
8.0 4616.0 1176.0 5250.0 22649.15813054505
13.0 4804.0 1051.0 5072.0 20918.664241972452
12.0 3896.0 1500.0 7189.0 29853.940840797593
1398.0 5702.0 591.0 2872.0 11746.733577412888
1394.0 5704.0 591.0 2877.0 11699.721283487892
1134.0 5069.0 906.0 4499.0 18228.409435536807
692.0 2967.0 1991.0 9394.0 39418.48453065364
2.0 2305.0 2325.0 11088.0 46050.61449615728
2.0 648.0 3152.0 15064.0 62691.27081289028
1393.0 5702.0 594.0 2860.0 11737.773828297997
16.0 6769.0 58.0 283.0 1168.4054847877028
1392.0 5704.0 591.0 2867.0 11717.842503489774
7.0 4800.0 1050.0 5098.0 20955.35187180559
146.0 1294.0 2834.0 13518.0 56143.236773953635
0.0 6766.0 67.0 259.0 1179.7200155859862
1134.0 5068.0 907.0 4501.0 18234.58815873692
0.0 6769.0 64.0 246.0 1162.1100807391135
12.0 653.0 3153.0 15018.0 62637.81137228438
258.0 6561.0 167.0 726.0 3262.602302400361
1394.0 5696.0 598.0 2871.0 11754.369051754678
355.0 2765.0 2102.0 10039.0 41456.84466444043
358.0 2763.0 2097.0 10062.0 41476.97764131528
9.0 3896.0 1501.0 7186.0 29844.58340717096
29.0 2582.0 2190.0 10505.0 43271.099513167675
0.0 2520.0 2209.0 10683.0 43872.37375857365
1128.0 5068.0 904.0 4516.0 18244.038703488823
8.0 632.0 3170.0 15107.0 62866.905348889435
10.0 6770.0 57.0 287.0 1143.3544471441962
9.0 3478.0 1737.0 8104.0 34280.54644773414
1401.0 5697.0 592.0 2889.0 11759.72555060029
13.0 4803.0 1053.0 5063.0 20923.394735254915
0.0 1024.0 2966.0 14160.0 58896.35000202596
5.0 3747.0 1623.0 7304.0 31530.668609621353
2.0 4620.0 1173.0 5251.0 22617.13901181077
0.0 6702.0 98.0 399.0 1866.261080964851
18.0 2581.0 2190.0 10511.0 43286.029279246744
8.0 4331.0 1316.0 5916.0 25832.419838101716
347.0 2757.0 2101.0 10072.0 41538.07475624584
0.0 629.0 3170.0 15118.0 62903.29345562029
1394.0 5702.0 593.0 2866.0 11713.772899302638
0.0 2309.0 2321.0 11097.0 46015.72066104125
1132.0 5069.0 905.0 4505.0 18226.336391037756
17.0 2579.0 2191.0 10520.0 43303.68465959495
21.0 3949.0 1532.0 6681.0 29431.744368404015
0.0 6683.0 99.0 495.0 2026.1192778064642
9.0 6770.0 59.0 279.0 1147.8274063265121
8.0 4331.0 1316.0 5917.0 25829.987126140346
27.0 6630.0 127.0 608.0 2562.3242983802197
1390.0 5705.0 592.0 2860.0 11700.511674322133
15.0 2577.0 2192.0 10522.0 43319.30861297037
3.0 4125.0 1394.0 6692.0 27806.349184068342
23.0 3466.0 1746.0 8125.0 34396.09670229076
1387.0 5704.0 592.0 2862.0 11708.750332411426
344.0 2756.0 2105.0 10059.0 41576.34695917095
0.0 6770.0 62.0 274.0 1147.900258956408
24.0 3949.0 1535.0 6670.0 29443.726305402004
0.0 4805.0 1052.0 5064.0 20908.55287842614
3.0 3616.0 1654.0 7773.0 32709.728809493765
0.0 3663.0 1643.0 7604.0 32418.84544018641
11.0 1027.0 2965.0 14129.0 58872.73148763009
7.0 4326.0 1320.0 5922.0 25889.192185657008
0.0 644.0 3155.0 15066.0 62730.62016079909
5.0 6760.0 67.0 267.0 1237.493988296278
5.0 6761.0 67.0 265.0 1233.2724472775335
0.0 3617.0 1654.0 7774.0 32703.016836893243
0.0 6773.0 56.0 279.0 1118.2317034483567
0.0 6773.0 61.0 263.0 1134.1589697543805
0.0 4100.0 1426.0 6636.0 28018.983750336174
2.0 1639.0 2664.0 12716.0 52770.77669036136
0.0 6766.0 67.0 246.0 1199.8473218426004
1.0 3753.0 1619.0 7299.0 31473.27772910154
14.0 778.0 3093.0 14773.0 61351.62158951931
0.0 1020.0 2969.0 14162.0 58941.57198385675
0.0 6762.0 66.0 265.0 1220.0269059582963
2.0 3939.0 1536.0 6733.0 29542.112107037
3.0 1991.0 2495.0 11993.0 49165.54941385822
0.0 1992.0 2495.0 12001.0 49157.300110115386
0.0 6768.0 69.0 243.0 1210.4645345488905
1.0 3747.0 1622.0 7314.0 31538.321299536205
8.0 4190.0 1367.0 6487.0 27158.991891052206
0.0 6762.0 66.0 265.0 1220.0269059582963
1.0 1640.0 2663.0 12720.0 52740.48401529787
4.0 630.0 3164.0 15203.0 62871.90371009651
6.0 4481.0 1233.0 5762.0 23980.898056302245
0.0 2207.0 2393.0 11358.0 46978.13705462532
6.0 4327.0 1319.0 5922.0 25876.963438464074
0.0 6650.0 121.0 541.0 2367.8104893636046
0.0 6706.0 94.0 397.0 1834.5749974466419
0.0 4331.0 1317.0 5916.0 25834.289703179827
0.0 6644.0 123.0 558.0 2433.4155149165435
6.0 4184.0 1370.0 6491.0 27212.553229442983
0.0 3751.0 1620.0 7307.0 31496.235348961538
0.0 6644.0 123.0 558.0 2433.4155149165435
0.0 628.0 3165.0 15201.0 62885.165274913
0.0 4272.0 1309.0 6470.0 26117.108902432235
0.0 6765.0 63.0 269.0 1215.6404288627052
0.0 1638.0 2664.0 12720.0 52773.11745521293
0.0 3942.0 1535.0 6728.0 29510.786265304894
