10.0 4863.0 1067.0 4570.0 20387.16798566421
1450.0 6396.0 258.0 1046.0 4936.211216462233
14.0 6647.0 120.0 561.0 2418.6390038965046
1392.0 6393.0 263.0 1026.0 4966.207984300317
680.0 6512.0 193.0 866.0 3803.563844660927
436.0 6546.0 183.0 711.0 3514.4929826707457
101.0 6620.0 137.0 593.0 2706.0878759472553
6.0 6761.0 61.0 291.0 1234.3403428847055
419.0 6549.0 181.0 722.0 3505.048885206497
22.0 4859.0 1068.0 4576.0 20422.058635546924
1137.0 5323.0 797.0 3712.0 15703.00848964315
20.0 4853.0 1069.0 4599.0 20473.827923547826
3.0 1093.0 2942.0 13917.0 58218.46531046724
28.0 1720.0 2650.0 12287.0 51914.658506516964
9.0 3519.0 1708.0 8099.0 33736.78688377561
559.0 5015.0 961.0 4510.0 18842.51880402997
560.0 5012.0 962.0 4528.0 18868.892887493486
32.0 2595.0 2184.0 10449.0 43221.72709134211
35.0 2595.0 2186.0 10463.0 43184.45434238541
1373.0 6398.0 260.0 1017.0 4912.7673829037985
9.0 6649.0 117.0 561.0 2397.1015020542663
423.0 6546.0 183.0 725.0 3515.005828138476
220.0 6589.0 152.0 669.0 3019.3490167751934
12.0 1110.0 2919.0 13947.0 58035.08290416253
0.0 6765.0 60.0 277.0 1199.4848412208964
3201.0 5655.0 608.0 3226.0 12288.20280868642
11.0 6648.0 119.0 561.0 2413.1025548486314
7.0 6769.0 63.0 263.0 1180.0058904005982
721.0 2983.0 2012.0 9352.0 39179.90925758323
18.0 1722.0 2652.0 12262.0 51908.32573992202
43.0 1131.0 2913.0 13888.0 57787.87993765076
875.0 3121.0 1913.0 9049.0 37724.031504458304
534.0 3305.0 1818.0 8634.0 35841.36348813605
5.0 807.0 3072.0 14735.0 61078.17139423376
5.0 2125.0 2432.0 11400.0 47769.82105045559
4.0 2121.0 2434.0 11408.0 47805.290369800256
49.0 2597.0 2181.0 10466.0 43164.973384843775
3034.0 6091.0 426.0 1771.0 7968.957773513762
45.0 1776.0 2592.0 12442.0 51515.03669619252
774.0 6497.0 201.0 873.0 3968.928262130663
3.0 4714.0 1096.0 5204.0 21826.4501635429
532.0 3294.0 1818.0 8694.0 35956.649009670546
29.0 4865.0 1064.0 4563.0 20357.9408265814
3096.0 6083.0 431.0 1787.0 8066.355716443625
525.0 3292.0 1816.0 8725.0 35979.38453906985
2971.0 6091.0 431.0 1731.0 7944.589537110199
79.0 3975.0 1477.0 6989.0 29362.1523286346
2973.0 6088.0 435.0 1717.0 7961.122130755137
0.0 4607.0 1176.0 5409.0 22845.48116867015
401.0 6551.0 180.0 721.0 3480.6786834459313
22.0 4860.0 1069.0 4568.0 20406.263217627584
1122.0 5332.0 784.0 3757.0 15615.288880815713
1147.0 5325.0 796.0 3705.0 15683.354705677662
12.0 2579.0 2190.0 10519.0 43364.34654641445
645.0 2817.0 2074.0 9852.0 40983.18169287304
23.0 4862.0 1069.0 4554.0 20392.2867324257
31.0 4497.0 1215.0 5736.0 24024.56324240114
1777.0 6250.0 345.0 1396.0 6440.059764378539
722.0 2993.0 2007.0 9326.0 39088.66911910235
0.0 6772.0 62.0 258.0 1152.2854029648531
1111.0 5329.0 792.0 3735.0 15635.630992419792
6.0 3782.0 1555.0 7466.0 31130.81447556915
1757.0 6244.0 349.0 1404.0 6500.731125639351
5.0 4854.0 1072.0 4577.0 20476.919325351126
560.0 5011.0 962.0 4525.0 18874.343143879858
15.0 1721.0 2650.0 12292.0 51881.9814439542
1365.0 6399.0 259.0 1018.0 4910.33370297786
3182.0 5646.0 609.0 3265.0 12377.508331335484
15.0 4853.0 1073.0 4586.0 20470.834117521783
2941.0 6100.0 426.0 1709.0 7847.98964498035
53.0 6632.0 130.0 579.0 2613.3526078475857
17.0 3654.0 1665.0 7524.0 32339.085052111957
689.0 6513.0 195.0 849.0 3802.608257577954
3.0 3651.0 1635.0 7681.0 32492.8563121211
557.0 5018.0 958.0 4521.0 18805.46757556793
0.0 4598.0 1172.0 5423.0 22905.709536137263
221.0 6590.0 151.0 655.0 3001.4702136582882
3161.0 5652.0 608.0 3253.0 12317.633964645209
713.0 2991.0 2010.0 9320.0 39126.053618731145
787.0 6493.0 203.0 890.0 3991.5483676435356
0.0 1956.0 2513.0 11851.0 49519.141733348755
32.0 4861.0 1066.0 4571.0 20415.24998755208
3204.0 5651.0 608.0 3230.0 12332.019732291878
15.0 4858.0 1067.0 4582.0 20424.862483138502
1144.0 5320.0 797.0 3720.0 15738.7426884813
559.0 5014.0 961.0 4519.0 18843.38606365816
1789.0 6255.0 342.0 1379.0 6407.315702491018
12.0 628.0 3165.0 15174.0 62879.903987124664
1826.0 6249.0 350.0 1379.0 6452.868091775374
6.0 4748.0 1091.0 5033.0 21434.43056093832
2958.0 6096.0 430.0 1706.0 7892.853908773836
0.0 3979.0 1474.0 6989.0 29317.799650238107
1774.0 6258.0 341.0 1381.0 6356.247944889112
1365.0 6402.0 257.0 1010.0 4880.107274459158
8.0 631.0 3167.0 15145.0 62851.87640283323
1118.0 5333.0 788.0 3753.0 15590.199612234603
1114.0 5331.0 790.0 3735.0 15625.603334169067
3027.0 6093.0 425.0 1764.0 7949.939130425104
5.0 1005.0 2969.0 14228.0 59153.016023597935
1115.0 5322.0 798.0 3728.0 15711.749643132625
1.0 2496.0 2239.0 10666.0 44144.238780647735
2.0 2125.0 2432.0 11408.0 47769.47607491489
1785.0 6256.0 343.0 1373.0 6374.561460002093
14.0 1720.0 2653.0 12262.0 51922.285322516174
1759.0 6250.0 346.0 1392.0 6445.539929677193
748.0 6503.0 196.0 871.0 3902.2582090316564
192.0 6593.0 149.0 659.0 2986.95015628146
30.0 2594.0 2184.0 10469.0 43234.46648530716
1814.0 6250.0 347.0 1384.0 6447.902244105689
1114.0 5334.0 788.0 3729.0 15598.025369851428
12.0 4086.0 1418.0 6772.0 28111.09744416414
16.0 4860.0 1067.0 4593.0 20415.85286513009
20.0 4863.0 1067.0 4560.0 20383.261709966126
5.0 1106.0 2923.0 13953.0 58076.674829448595
11.0 4742.0 1098.0 5025.0 21466.56846767918
0.0 6653.0 115.0 576.0 2376.4905523735542
6.0 4743.0 1095.0 5048.0 21468.732297061095
2.0 2331.0 2310.0 11139.0 45699.876190202056
5.0 2301.0 2355.0 11054.0 46003.201876502695
0.0 4714.0 1096.0 5207.0 21823.930760389576
30.0 2593.0 2185.0 10467.0 43228.19482963674
11.0 4859.0 1069.0 4574.0 20424.312686659654
0.0 660.0 3154.0 15038.0 62540.3328201334
1.0 4858.0 1070.0 4566.0 20434.62126022029
18.0 3868.0 1544.0 7215.0 30416.954327649884
186.0 6596.0 148.0 645.0 2934.8956584387242
3220.0 5650.0 610.0 3216.0 12350.794634819644
6.0 806.0 3072.0 14744.0 61089.03380951992
24.0 4858.0 1072.0 4562.0 20442.441952763696
16.0 3512.0 1713.0 8106.0 33818.12912903965
1792.0 6252.0 342.0 1399.0 6431.748823843689
0.0 1717.0 2653.0 12288.0 51941.83314967296
3157.0 5654.0 606.0 3243.0 12303.698996658866
2.0 1627.0 2661.0 12748.0 52768.40090094314
18.0 4857.0 1069.0 4579.0 20448.134390685107
163.0 6604.0 144.0 627.0 2861.804515659773
1755.0 6257.0 343.0 1371.0 6373.03288737186
561.0 5015.0 960.0 4533.0 18832.529855665092
1140.0 5330.0 791.0 3708.0 15636.21255049333
526.0 3292.0 1817.0 8713.0 35971.769936978366
0.0 4500.0 1211.0 5740.0 24004.257227449638
16.0 4855.0 1072.0 4573.0 20468.659926480195
4.0 3787.0 1553.0 7455.0 31082.681680722744
7.0 4742.0 1097.0 5044.0 21474.170058931235
19.0 3518.0 1711.0 8081.0 33752.53438173412
2039.0 5437.0 722.0 3790.0 14468.33911897275
1124.0 5329.0 792.0 3717.0 15644.299490641348
4.0 1101.0 2925.0 13962.0 58125.46509285945
557.0 5011.0 963.0 4520.0 18879.881535628847
2937.0 6102.0 426.0 1696.0 7829.409271537694
3224.0 5655.0 609.0 3217.0 12283.097316447223
12.0 4229.0 1325.0 6461.0 26628.599094608886
2.0 3785.0 1552.0 7469.0 31102.529270616524
1120.0 5336.0 785.0 3748.0 15571.320527858335
0.0 6769.0 60.0 266.0 1177.3762324219263
0.0 3549.0 1682.0 8058.0 33405.33882065621
1111.0 5326.0 796.0 3722.0 15672.993807332274
13.0 6760.0 72.0 249.0 1256.15020472307
563.0 5010.0 965.0 4518.0 18888.551832872643
1800.0 6251.0 345.0 1397.0 6424.259619528346
3211.0 5651.0 608.0 3230.0 12330.370543329234
7.0 3788.0 1551.0 7453.0 31075.295681984495
15.0 3664.0 1658.0 7512.0 32253.408194169562
0.0 4747.0 1093.0 5039.0 21424.237135784533
1122.0 5332.0 794.0 3710.0 15615.651028046464
0.0 4047.0 1436.0 6917.0 28615.00450975963
557.0 5016.0 960.0 4518.0 18824.372758020138
8.0 6769.0 65.0 258.0 1176.6362688472138
10.0 2519.0 2222.0 10606.0 43950.83970568581
647.0 2818.0 2073.0 9855.0 40967.437435436725
2.0 2126.0 2431.0 11401.0 47758.34208144496
876.0 3122.0 1915.0 9042.0 37728.18667571688
45.0 2599.0 2182.0 10468.0 43150.92314990831
300.0 1241.0 2867.0 13530.0 56658.89397312849
0.0 3785.0 1553.0 7462.0 31106.16845520066
1404.0 6407.0 254.0 1004.0 4846.27566795937
0.0 6765.0 60.0 277.0 1199.4848412208964
7.0 2129.0 2431.0 11386.0 47741.749667096345
0.0 6773.0 61.0 267.0 1144.2279852130723
644.0 2818.0 2074.0 9849.0 40970.78937356867
12.0 2581.0 2192.0 10502.0 43338.785448683295
1113.0 5328.0 790.0 3753.0 15642.523944510602
26.0 2592.0 2186.0 10468.0 43246.59179886492
1117.0 5332.0 788.0 3745.0 15612.663371349261
1114.0 5334.0 789.0 3732.0 15590.604629075391
1135.0 5327.0 794.0 3709.0 15660.192672802074
1121.0 5333.0 791.0 3711.0 15602.640777535138
538.0 3305.0 1818.0 8648.0 35830.432275561674
8.0 4224.0 1331.0 6467.0 26688.529138627757
3.0 4087.0 1419.0 6773.0 28103.69747707182
9.0 3518.0 1710.0 8092.0 33750.736060911564
0.0 3872.0 1542.0 7217.0 30382.153917084037
1123.0 5334.0 787.0 3745.0 15591.162046997197
0.0 6766.0 68.0 249.0 1218.0256228221158
1761.0 6263.0 338.0 1369.0 6314.133676857303
0.0 6764.0 70.0 240.0 1219.956704595138
3.0 3654.0 1634.0 7679.0 32469.645863781076
1114.0 5334.0 788.0 3744.0 15588.324226129384
642.0 2816.0 2076.0 9856.0 40982.14136074343
128.0 6612.0 139.0 619.0 2787.9009337067455
1115.0 5335.0 789.0 3729.0 15583.47952374251
10.0 4234.0 1324.0 6442.0 26578.556222876177
0.0 4862.0 1067.0 4564.0 20393.825091025075
1.0 6653.0 116.0 555.0 2366.8530709468746
10.0 4242.0 1321.0 6421.0 26521.047279552906
556.0 5013.0 961.0 4538.0 18870.242372089768
1118.0 5333.0 791.0 3722.0 15602.584593449394
7.0 4225.0 1328.0 6479.0 26658.033776720422
2.0 6690.0 92.0 487.0 1949.2756929390948
0.0 2410.0 2293.0 10826.0 45044.23105964114
3.0 631.0 3166.0 15146.0 62856.958978725495
5.0 1528.0 2713.0 13038.0 53737.641719498
3.0 630.0 3165.0 15158.0 62858.831519766056
0.0 3653.0 1635.0 7679.0 32485.810666858753
3208.0 5655.0 607.0 3226.0 12288.723849791944
719.0 2992.0 2009.0 9323.0 39105.66231495857
1756.0 6267.0 337.0 1356.0 6274.832749003277
874.0 3121.0 1915.0 9043.0 37737.38837116717
3.0 628.0 3166.0 15164.0 62876.456971648455
1114.0 5336.0 788.0 3729.0 15576.46617549041
2.0 1526.0 2714.0 13056.0 53757.02271955565
3207.0 5658.0 606.0 3224.0 12256.34412517553
4.0 4553.0 1187.0 5650.0 23342.50519184658
3.0 6763.0 65.0 263.0 1238.5481734870057
718.0 2984.0 2011.0 9352.0 39178.71246152376
12.0 4547.0 1195.0 5631.0 23394.939079637727
6.0 6768.0 59.0 292.0 1164.8005928863117
9.0 6760.0 71.0 250.0 1282.7916600256474
23.0 2592.0 2184.0 10487.0 43242.94535364407
0.0 1088.0 2945.0 13923.0 58259.895708676326
0.0 1098.0 2927.0 13970.0 58154.45064093422
874.0 3122.0 1914.0 9043.0 37725.46304420009
0.0 1624.0 2662.0 12765.0 52800.57681154152
2.0 3660.0 1660.0 7532.0 32297.37047637256
7.0 3523.0 1706.0 8086.0 33686.644844730035
4.0 4234.0 1325.0 6443.0 26589.034952400973
2093.0 5442.0 718.0 3784.0 14418.628021348883
6.0 3517.0 1710.0 8109.0 33761.78590668248
2035.0 5438.0 721.0 3790.0 14460.089771522124
9.0 4083.0 1422.0 6769.0 28142.872950538316
0.0 2496.0 2240.0 10658.0 44146.75574671659
14.0 4241.0 1317.0 6455.0 26515.522177852676
1.0 2124.0 2433.0 11404.0 47783.4112808408
10.0 2578.0 2192.0 10517.0 43371.9173569882
0.0 2295.0 2357.0 11083.0 46052.116907093616
533.0 3306.0 1816.0 8660.0 35824.21453382401
10.0 6769.0 59.0 293.0 1145.7355571245023
0.0 3520.0 1708.0 8108.0 33732.491659292384
2.0 4231.0 1327.0 6450.0 26610.930866478924
2.0 2332.0 2311.0 11135.0 45690.67282820335
0.0 647.0 3152.0 15118.0 62714.79987723904
6.0 4520.0 1184.0 5842.0 23784.785590993066
0.0 6676.0 114.0 437.0 2206.520616192382
0.0 4643.0 1143.0 5494.0 22437.711623190327
4.0 6690.0 91.0 492.0 1941.7297108050452
0.0 626.0 3168.0 15164.0 62900.725379248805
0.0 2121.0 2435.0 11412.0 47811.90557343361
2.0 6765.0 65.0 257.0 1214.0823252718378
3.0 2517.0 2225.0 10608.0 43972.71017777887
7.0 4083.0 1422.0 6772.0 28145.072966122574
2.0 4516.0 1187.0 5855.0 23833.634811826876
4.0 4237.0 1324.0 6439.0 26566.97194078579
2.0 6764.0 65.0 257.0 1229.248674130353
0.0 3661.0 1660.0 7531.0 32285.564787781404
5.0 4395.0 1256.0 6287.0 25000.86955070007
2084.0 5443.0 718.0 3772.0 14415.710771579545
6.0 4551.0 1191.0 5639.0 23353.091687373133
0.0 1624.0 2662.0 12765.0 52800.57681154152
0.0 6703.0 100.0 394.0 1840.1016555470715
0.0 4555.0 1189.0 5632.0 23318.85996509447
6.0 4238.0 1321.0 6443.0 26554.5767258759
0.0 995.0 2974.0 14268.0 59250.60612121434
0.0 4234.0 1324.0 6449.0 26588.951405808893
0.0 4520.0 1186.0 5839.0 23786.888809087195
3.0 800.0 3076.0 14759.0 61152.45163696654
6.0 6764.0 66.0 260.0 1226.7981345416977
0.0 4090.0 1418.0 6768.0 28073.770254785337
0.0 6765.0 67.0 250.0 1235.682717691471
0.0 1524.0 2715.0 13058.0 53783.173052720216
0.0 2513.0 2227.0 10625.0 44015.57814404852
0.0 708.0 3127.0 14929.0 62082.50593661658
0.0 6770.0 62.0 257.0 1163.4469883835911
8.0 6769.0 59.0 291.0 1148.340026582032
0.0 6654.0 116.0 552.0 2359.402001652846
0.0 6766.0 65.0 254.0 1204.7182341459277
0.0 6772.0 62.0 258.0 1152.2854029648531
0.0 1557.0 2673.0 13098.0 53467.983197848094
0.0 3927.0 1469.0 7506.0 29543.898490861357
0.0 6691.0 91.0 487.0 1934.4176503449555
0.0 6772.0 58.0 282.0 1120.5427184603475
0.0 659.0 3154.0 15040.0 62552.8479578303
