16.0 639.0 3168.0 15078.0 62773.08643792909
1766.0 5667.0 621.0 2841.0 12305.073428553727
243.0 2683.0 2125.0 10246.0 42269.68605489506
2.0 2938.0 2018.0 9530.0 39695.13656927577
20.0 2570.0 2191.0 10446.0 43392.05816750086
20.0 2564.0 2197.0 10447.0 43457.826541943905
1718.0 5670.0 621.0 2834.0 12270.105484924785
4.0 4789.0 1059.0 5241.0 21047.24368135774
479.0 4982.0 965.0 4720.0 19187.71573854407
1181.0 5268.0 822.0 3854.0 16369.145477680591
492.0 4980.0 968.0 4711.0 19206.08452413626
1854.0 5853.0 533.0 2364.0 10463.311183679689
489.0 4982.0 964.0 4729.0 19188.162780776966
1764.0 5669.0 622.0 2836.0 12267.207686890024
0.0 6649.0 120.0 562.0 2386.3216666656167
7.0 3646.0 1630.0 7800.0 32418.572369226367
381.0 3078.0 1944.0 9129.0 38249.53188526483
1699.0 5675.0 618.0 2828.0 12212.495537408828
41.0 6584.0 148.0 727.0 3071.711612898663
7.0 1048.0 2944.0 14156.0 58699.698247005945
1056.0 5192.0 851.0 4121.0 16942.194956025178
3.0 4729.0 1092.0 5214.0 21781.132002462444
1448.0 5415.0 758.0 3526.0 14889.240743842594
14.0 4793.0 1054.0 5243.0 21014.897146313026
1172.0 5261.0 826.0 3870.0 16452.053763210544
1159.0 5265.0 824.0 3855.0 16410.242371311608
24.0 2564.0 2196.0 10452.0 43455.65289095595
45.0 6585.0 147.0 726.0 3055.94320961494
33.0 3917.0 1502.0 7183.0 29625.393712252113
19.0 638.0 3169.0 15075.0 62786.84520399234
103.0 4829.0 1038.0 5147.0 20635.996161853094
1680.0 5677.0 618.0 2822.0 12187.251099848716
23.0 6770.0 60.0 274.0 1165.28757987876
1167.0 5268.0 820.0 3854.0 16382.337522207863
0.0 3602.0 1672.0 7880.0 32918.879716721305
1756.0 5671.0 621.0 2824.0 12248.892508481575
1162.0 5269.0 822.0 3844.0 16372.14585188964
16.0 2943.0 2017.0 9521.0 39652.78741188234
250.0 6522.0 185.0 861.0 3680.405777089055
177.0 3235.0 1866.0 8777.0 36729.63158726304
1772.0 5666.0 625.0 2830.0 12298.82877845421
10.0 6774.0 61.0 251.0 1122.1776790799504
1165.0 5264.0 824.0 3864.0 16402.168652635166
480.0 4985.0 965.0 4716.0 19152.714886327132
1645.0 6121.0 386.0 1782.0 7736.85647066702
614.0 6443.0 211.0 1160.0 4436.770880616211
27.0 2573.0 2183.0 10476.0 43385.21634705391
11.0 6738.0 81.0 298.0 1528.7172871650214
479.0 4981.0 966.0 4730.0 19206.731426210143
101.0 4833.0 1035.0 5144.0 20615.908027732334
245.0 6524.0 180.0 871.0 3648.917096967476
0.0 1912.0 2533.0 11957.0 50035.440485017665
14.0 2429.0 2274.0 10723.0 44692.25216077844
100.0 4834.0 1033.0 5159.0 20619.316058090266
2.0 3740.0 1633.0 7361.0 31552.39861050964
12.0 4184.0 1373.0 6454.0 27026.106770930543
9.0 4794.0 1055.0 5234.0 20989.775745042894
871.0 6411.0 233.0 1206.0 4744.9972557599285
1644.0 6124.0 386.0 1771.0 7714.916883312566
1.0 4322.0 1299.0 6174.0 25833.121200323138
174.0 3246.0 1857.0 8764.0 36589.23858339442
5.0 3468.0 1753.0 8224.0 34325.05359835923
23.0 2565.0 2192.0 10467.0 43447.4777735433
3.0 4789.0 1058.0 5245.0 21038.132534281962
1160.0 5274.0 819.0 3838.0 16330.717779077848
71.0 6572.0 154.0 748.0 3207.0692291429796
0.0 6652.0 120.0 549.0 2346.9764919896174
6.0 4731.0 1089.0 5225.0 21769.05182612291
21.0 6597.0 144.0 694.0 2953.6153907916196
1163.0 5271.0 819.0 3855.0 16343.52314385287
16.0 6771.0 62.0 264.0 1149.0579499121184
460.0 4981.0 963.0 4757.0 19176.568303924127
39.0 2102.0 2437.0 11586.0 48155.13471416037
845.0 6420.0 227.0 1193.0 4670.404148934748
36.0 4172.0 1382.0 6418.0 27153.11753371296
1189.0 5272.0 824.0 3825.0 16338.84992453077
682.0 6441.0 209.0 1153.0 4474.083165542689
832.0 6419.0 228.0 1182.0 4697.282210541332
1851.0 5848.0 537.0 2373.0 10510.846494082865
1854.0 5844.0 537.0 2393.0 10542.272978912371
2.0 636.0 3171.0 15071.0 62794.46034676269
1697.0 5677.0 617.0 2818.0 12195.71282466916
1848.0 5858.0 530.0 2357.0 10409.138122258391
1163.0 5276.0 817.0 3841.0 16290.273959636363
1661.0 6125.0 383.0 1790.0 7699.773098699798
15.0 6769.0 63.0 258.0 1170.7350329331211
1054.0 5195.0 848.0 4127.0 16910.313906912295
1655.0 6118.0 388.0 1786.0 7756.453542251144
240.0 2680.0 2126.0 10264.0 42303.13679710842
104.0 1201.0 2860.0 13845.0 57165.274168204276
5.0 1828.0 2571.0 12232.0 50796.65365849127
32.0 3919.0 1499.0 7183.0 29605.34512822027
6.0 6643.0 124.0 545.0 2449.7061098147037
106.0 1205.0 2858.0 13841.0 57143.15281511291
4.0 1615.0 2684.0 12740.0 52947.61705232081
1676.0 6104.0 396.0 1823.0 7922.911994448996
0.0 2939.0 2017.0 9536.0 39680.43136141869
1845.0 5846.0 537.0 2391.0 10505.316024566919
480.0 4976.0 971.0 4713.0 19260.4878280242
6.0 1043.0 2944.0 14175.0 58759.95903515078
1719.0 6096.0 393.0 1861.0 7966.772983239436
1989.0 5929.0 471.0 2337.0 9644.2733939094
1643.0 6122.0 386.0 1781.0 7734.695804195969
6.0 6774.0 60.0 266.0 1131.1728764352565
6.0 635.0 3173.0 15062.0 62809.85104387824
1770.0 5672.0 620.0 2829.0 12238.099544320094
92.0 1199.0 2859.0 13873.0 57187.30222592974
103.0 6563.0 157.0 784.0 3262.9889592612412
6.0 4662.0 1130.0 5408.0 22279.23586855085
8.0 1707.0 2634.0 12572.0 51956.172363186895
1693.0 6106.0 392.0 1817.0 7874.69798279977
1761.0 5673.0 620.0 2827.0 12232.428890268833
12.0 6773.0 60.0 261.0 1138.1556276640576
0.0 3945.0 1553.0 6881.0 29435.251225665503
1696.0 6099.0 395.0 1836.0 7960.00332553437
1195.0 5273.0 819.0 3841.0 16329.499941448054
1845.0 5848.0 535.0 2393.0 10500.319737776279
639.0 6442.0 211.0 1155.0 4448.066803078699
483.0 4980.0 964.0 4724.0 19211.530697768583
383.0 3078.0 1942.0 9132.0 38256.75576986033
99.0 4830.0 1037.0 5147.0 20631.725885496762
205.0 6533.0 178.0 835.0 3570.187344848043
1158.0 5268.0 822.0 3852.0 16371.486960309981
1165.0 5272.0 819.0 3848.0 16346.406313912996
1670.0 6108.0 390.0 1836.0 7861.114422446916
216.0 6534.0 176.0 843.0 3558.599211493116
12.0 4794.0 1054.0 5243.0 21004.91094736336
641.0 6448.0 211.0 1114.0 4394.963213903213
1187.0 5276.0 821.0 3817.0 16304.330236891268
0.0 4670.0 1125.0 5394.0 22212.111416359527
108.0 6559.0 161.0 792.0 3327.237159650169
20.0 2566.0 2195.0 10447.0 43439.93413875563
1753.0 5676.0 618.0 2823.0 12199.293002870254
92.0 1195.0 2863.0 13875.0 57235.70968891723
0.0 4569.0 1179.0 5561.0 23215.8509067431
87.0 6568.0 156.0 753.0 3224.178608867133
12.0 4485.0 1197.0 5747.0 24132.96259346362
1835.0 5852.0 533.0 2377.0 10459.06712780467
1189.0 5278.0 819.0 3824.0 16283.923761350627
13.0 3991.0 1479.0 6912.0 28915.260266027166
475.0 4975.0 968.0 4735.0 19248.586786036027
31.0 2099.0 2436.0 11609.0 48183.03612811901
54.0 6579.0 150.0 743.0 3125.189260747646
8.0 4795.0 1054.0 5234.0 20975.14791761119
1191.0 5274.0 818.0 3841.0 16318.788410026596
21.0 2572.0 2185.0 10475.0 43383.69188577483
0.0 6707.0 83.0 458.0 1779.5808126993918
10.0 3462.0 1758.0 8215.0 34403.69499635482
152.0 6549.0 169.0 806.0 3414.799326027369
8.0 3476.0 1750.0 8191.0 34224.075931300875
602.0 6446.0 209.0 1150.0 4406.765759914119
0.0 1042.0 2947.0 14172.0 58759.396647479734
177.0 3249.0 1856.0 8747.0 36559.916347336606
17.0 2565.0 2194.0 10457.0 43452.693970370645
1151.0 5276.0 817.0 3840.0 16302.227974804551
93.0 4835.0 1034.0 5146.0 20598.292217944403
2.0 3737.0 1634.0 7381.0 31582.39575787587
593.0 6451.0 207.0 1132.0 4354.723271669816
7.0 1584.0 2690.0 12846.0 53300.557755908354
0.0 4321.0 1300.0 6175.0 25842.490100452458
17.0 2567.0 2192.0 10457.0 43439.97694821244
1182.0 5277.0 819.0 3824.0 16295.140333333306
87.0 1193.0 2864.0 13884.0 57266.24391010281
1745.0 5679.0 617.0 2815.0 12173.685185749458
1641.0 6123.0 385.0 1772.0 7719.858018184708
1840.0 5857.0 531.0 2359.0 10415.761414391265
377.0 3082.0 1941.0 9119.0 38219.13736162637
5.0 4581.0 1190.0 5460.0 23030.314007184636
483.0 4979.0 967.0 4727.0 19210.758149493242
92.0 981.0 2998.0 14250.0 59303.21718644899
39.0 2579.0 2182.0 10450.0 43304.56827365635
473.0 4978.0 967.0 4730.0 19234.293887600477
179.0 3249.0 1858.0 8741.0 36557.72062456936
14.0 4474.0 1204.0 5756.0 24237.993239636944
17.0 2042.0 2465.0 11733.0 48668.910298520874
475.0 4975.0 970.0 4724.0 19270.299716574536
1.0 637.0 3155.0 15177.0 62814.9921055258
468.0 4979.0 967.0 4729.0 19222.879854785886
3.0 633.0 3160.0 15177.0 62857.650720722115
1641.0 6124.0 384.0 1777.0 7707.327792384119
3.0 4578.0 1193.0 5460.0 23062.37942031005
375.0 3085.0 1940.0 9108.0 38190.89925563558
5.0 3640.0 1633.0 7822.0 32471.26408646985
12.0 4477.0 1201.0 5756.0 24202.88475698234
11.0 4733.0 1091.0 5193.0 21748.132146181317
0.0 6766.0 67.0 249.0 1198.3087179387148
5.0 2415.0 2285.0 10758.0 44869.69802410491
3.0 4379.0 1283.0 5934.0 25128.284775031687
9.0 6775.0 60.0 251.0 1114.147441821575
13.0 6773.0 62.0 264.0 1130.804602131587
5.0 1618.0 2683.0 12722.0 52937.41336807549
4.0 3648.0 1630.0 7792.0 32406.06867090807
16.0 3995.0 1478.0 6893.0 28874.224283015777
10.0 3731.0 1637.0 7384.0 31641.11120403845
11.0 6773.0 62.0 262.0 1139.090091736296
185.0 3250.0 1853.0 8752.0 36555.257850705144
24.0 2094.0 2439.0 11625.0 48244.3506089197
18.0 6769.0 63.0 250.0 1166.6511528788483
7.0 4180.0 1375.0 6461.0 27051.095439554232
7.0 4379.0 1284.0 5921.0 25139.98220601058
8.0 3645.0 1633.0 7783.0 32434.640506512274
6.0 6772.0 62.0 246.0 1140.3233861530218
569.0 6463.0 200.0 1105.0 4229.377184025014
1187.0 5279.0 817.0 3827.0 16276.88018058276
9.0 4731.0 1090.0 5214.0 21763.072927692654
6.0 4730.0 1090.0 5216.0 21783.072301479933
5.0 3648.0 1629.0 7800.0 32398.095033526923
176.0 3246.0 1859.0 8755.0 36586.39374577007
479.0 4980.0 965.0 4741.0 19202.10883345869
6.0 1580.0 2691.0 12867.0 53347.114006125434
13.0 4045.0 1442.0 6768.0 28637.147559576748
92.0 4838.0 1034.0 5141.0 20568.076114921463
1.0 4377.0 1285.0 5935.0 25175.6559203748
6.0 4727.0 1093.0 5215.0 21818.648366156085
6.0 631.0 3173.0 15092.0 62839.14894964475
10.0 4042.0 1443.0 6782.0 28675.304591423053
0.0 3646.0 1631.0 7800.0 32415.510415053555
0.0 1696.0 2639.0 12613.0 52061.78041386888
14.0 6772.0 61.0 258.0 1143.5852812944613
176.0 3238.0 1862.0 8786.0 36693.503303809586
11.0 3734.0 1635.0 7381.0 31595.843176987342
14.0 6773.0 59.0 265.0 1131.4827792109327
14.0 2088.0 2443.0 11637.0 48310.00870663381
36.0 6587.0 147.0 720.0 3039.5507975214555
8.0 4174.0 1378.0 6455.0 27137.320303929835
376.0 3087.0 1941.0 9093.0 38164.79611357114
0.0 4730.0 1091.0 5218.0 21784.084411366137
162.0 4849.0 1032.0 5086.0 20444.856483760974
0.0 6777.0 60.0 253.0 1093.367356058268
2.0 630.0 3173.0 15099.0 62853.53693221285
234.0 2678.0 2126.0 10274.0 42331.084746022265
1657.0 6126.0 383.0 1796.0 7689.528820879621
477.0 4982.0 965.0 4729.0 19186.63847677473
0.0 629.0 3161.0 15189.0 62901.79420764086
0.0 6777.0 58.0 251.0 1098.1351968487008
10.0 2045.0 2460.0 11758.0 48639.570760353505
10.0 3463.0 1754.0 8234.0 34380.00747082821
27.0 924.0 3035.0 14348.0 59898.61903638542
28.0 3918.0 1500.0 7192.0 29608.24465353167
6.0 3475.0 1749.0 8200.0 34248.72997567968
0.0 6647.0 122.0 538.0 2406.2959766470995
0.0 724.0 3126.0 14888.0 61842.00785506758
158.0 4848.0 1032.0 5086.0 20459.833937911662
30.0 4170.0 1382.0 6429.0 27177.351803214726
5.0 1579.0 2691.0 12874.0 53359.50781349996
6.0 632.0 3174.0 15078.0 62826.77637090259
6.0 6636.0 128.0 555.0 2553.9696582123324
7.0 6745.0 78.0 272.0 1453.6566591894232
13.0 2566.0 2191.0 10471.0 43450.26332274116
10.0 2427.0 2275.0 10738.0 44723.409582598375
0.0 629.0 3174.0 15092.0 62869.75977422783
5.0 6764.0 63.0 278.0 1219.3251236999722
5.0 2418.0 2283.0 10747.0 44839.203154589566
21.0 6765.0 66.0 250.0 1213.9907072506383
9.0 4183.0 1374.0 6448.0 27037.51356322509
4.0 765.0 3097.0 14801.0 61536.36411496576
2.0 4381.0 1282.0 5928.0 25117.520535336975
9.0 4481.0 1199.0 5753.0 24177.207569247177
11.0 3934.0 1489.0 7172.0 29461.88834258113
0.0 6676.0 112.0 450.0 2116.161663117436
13.0 6596.0 144.0 698.0 2964.8015248399893
2.0 4793.0 1057.0 5229.0 20999.728159990744
19.0 1922.0 2526.0 11916.0 49926.09484243491
0.0 6636.0 129.0 555.0 2549.611587583704
3.0 4795.0 1055.0 5234.0 20984.226632283073
0.0 4045.0 1440.0 6794.0 28646.779675890157
19.0 6766.0 63.0 260.0 1195.616910479457
2.0 1829.0 2566.0 12262.0 50786.789065890036
0.0 6603.0 141.0 689.0 2882.958538314911
5.0 1909.0 2536.0 11947.0 50060.52530590352
4.0 4178.0 1376.0 6465.0 27074.947171859312
15.0 6769.0 63.0 247.0 1175.5340899544392
0.0 6774.0 61.0 241.0 1124.8507228020437
0.0 758.0 3103.0 14808.0 61611.2269018111
0.0 3734.0 1635.0 7395.0 31608.48993051289
2.0 3473.0 1749.0 8217.0 34268.66715581202
11.0 2038.0 2467.0 11753.0 48712.13781057457
0.0 6751.0 75.0 269.0 1394.9535177702865
9.0 897.0 3044.0 14434.0 60163.306895855036
0.0 4177.0 1377.0 6462.0 27102.19747902744
17.0 4521.0 1234.0 5461.0 23800.153892084385
5.0 3993.0 1480.0 6902.0 28901.367226680708
6.0 4485.0 1199.0 5742.0 24139.859818243207
0.0 4793.0 1057.0 5234.0 21004.238710963604
0.0 6768.0 62.0 278.0 1188.3993146334292
0.0 4500.0 1182.0 5885.0 23820.160131055276
7.0 2422.0 2280.0 10746.0 44782.1138196397
0.0 6688.0 105.0 423.0 1990.3180061614116
8.0 895.0 3046.0 14434.0 60187.01009940971
0.0 3603.0 1672.0 7879.0 33009.23981676807
0.0 1828.0 2567.0 12261.0 50791.74881769732
0.0 6766.0 63.0 273.0 1204.0025010165164
0.0 3470.0 1752.0 8220.0 34306.87305578336
0.0 6770.0 66.0 249.0 1176.726039741799
0.0 1908.0 2535.0 11966.0 50067.03442882125
4.0 2419.0 2282.0 10756.0 44821.74932206747
3.0 2416.0 2283.0 10765.0 44864.4101963479
0.0 6746.0 76.0 288.0 1450.109394829788
0.0 1580.0 2691.0 12872.0 53361.99177416282
