1854.0 5763.0 596.0 2585.0 11318.873629352882
183.0 2895.0 2027.0 9708.0 40156.430765898775
27.0 3560.0 1668.0 8110.0 33484.31997303879
1807.0 5448.0 745.0 3423.0 14475.87869994965
1788.0 5770.0 593.0 2570.0 11285.609845472403
913.0 5224.0 856.0 3970.0 16703.007547326557
1043.0 3231.0 1870.0 8640.0 36619.622992365534
914.0 5216.0 868.0 3963.0 16805.59336712333
1055.0 5254.0 847.0 3848.0 16399.17391147608
1360.0 6265.0 323.0 1446.0 6260.470011990109
1783.0 5777.0 593.0 2540.0 11203.07576672351
448.0 4916.0 1022.0 4676.0 19847.662412874688
1.0 3655.0 1646.0 7624.0 32670.147118978413
910.0 5227.0 855.0 3972.0 16670.757522656768
1800.0 5785.0 590.0 2493.0 11127.663185996273
1343.0 6278.0 314.0 1440.0 6105.103855442339
17.0 2836.0 2077.0 9716.0 40689.84842304638
18.0 3567.0 1660.0 8114.0 33411.55194637482
13.0 3581.0 1700.0 7728.0 33093.0907260006
52.0 6776.0 61.0 237.0 1103.3864921316137
1797.0 5769.0 591.0 2572.0 11294.513722928214
5.0 3763.0 1578.0 7464.0 31320.694909484344
1797.0 5780.0 590.0 2522.0 11181.875523207264
919.0 5223.0 861.0 3946.0 16710.15982176685
1049.0 5256.0 848.0 3831.0 16377.393084299323
987.0 5137.0 906.0 4174.0 17552.055330460782
445.0 4918.0 1020.0 4688.0 19796.191148727634
8.0 3761.0 1580.0 7462.0 31348.343157178217
52.0 1656.0 2662.0 12585.0 52523.348299288744
9.0 3586.0 1701.0 7704.0 33058.45281592113
10.0 4811.0 1065.0 4981.0 20873.914005590534
1379.0 6262.0 323.0 1464.0 6262.136238942014
909.0 5228.0 856.0 3956.0 16659.78877364741
910.0 5228.0 856.0 3959.0 16657.145515857468
3.0 766.0 3111.0 14707.0 61518.90900161592
9.0 768.0 3107.0 14714.0 61507.00665144914
3.0 2195.0 2384.0 11406.0 47071.15012360796
11.0 3958.0 1496.0 7003.0 29390.533662066773
9.0 4283.0 1343.0 6108.0 26076.041668256796
5.0 4465.0 1229.0 5805.0 24296.018266792133
1819.0 5446.0 744.0 3440.0 14493.572808848523
867.0 5228.0 855.0 3961.0 16663.857046342535
24.0 4265.0 1350.0 6162.0 26232.156410118543
7.0 4593.0 1179.0 5393.0 23040.27696468659
1814.0 5448.0 744.0 3431.0 14460.012843466066
1354.0 6274.0 315.0 1447.0 6159.691400337162
175.0 2886.0 2029.0 9766.0 40252.84384311315
37.0 6774.0 62.0 238.0 1112.8217241798168
1791.0 5787.0 585.0 2518.0 11111.233892010057
8.0 3585.0 1703.0 7699.0 33073.18815153154
9.0 4589.0 1183.0 5391.0 23098.99961608241
1810.0 5443.0 747.0 3442.0 14533.448637046056
1355.0 6276.0 313.0 1443.0 6123.958501530765
15.0 3767.0 1576.0 7455.0 31292.213629183923
1812.0 5446.0 745.0 3423.0 14484.270567769847
1055.0 5257.0 848.0 3836.0 16373.72136235573
1423.0 6256.0 324.0 1508.0 6331.808346075364
16.0 662.0 3149.0 15012.0 62530.63161833302
190.0 2889.0 2029.0 9751.0 40226.287324640776
1812.0 5787.0 587.0 2506.0 11118.280367979967
1808.0 5447.0 746.0 3417.0 14476.837052343406
1057.0 5257.0 847.0 3827.0 16377.162609007299
13.0 3755.0 1583.0 7474.0 31399.5314243611
5.0 2260.0 2359.0 11147.0 46485.764103395486
12.0 6627.0 136.0 565.0 2576.7960206499806
1816.0 5766.0 594.0 2577.0 11324.365892285945
1196.0 6291.0 304.0 1433.0 5996.9636022532295
31.0 2839.0 2079.0 9692.0 40664.442403664405
1039.0 2906.0 2030.0 9462.0 39879.06561618992
37.0 3564.0 1709.0 7769.0 33303.22691315663
72.0 3568.0 1706.0 7759.0 33258.37546019042
8.0 4715.0 1114.0 5141.0 21822.996141158
9.0 1925.0 2502.0 12055.0 49905.32925594871
1806.0 5446.0 747.0 3422.0 14494.645117156395
1357.0 6275.0 314.0 1445.0 6127.803107848439
20.0 6775.0 61.0 246.0 1108.9125498900157
1796.0 5768.0 592.0 2584.0 11308.415787530943
178.0 2890.0 2030.0 9731.0 40211.5177782905
1821.0 5764.0 600.0 2575.0 11335.119598076335
15.0 6773.0 60.0 246.0 1141.406302321286
2.0 4810.0 1065.0 4977.0 20891.07451513581
188.0 2890.0 2028.0 9747.0 40211.756405807195
6.0 3588.0 1655.0 7970.0 33104.19825804098
1812.0 5785.0 585.0 2526.0 11125.038338292215
9.0 2254.0 2361.0 11154.0 46544.68412773727
1065.0 5255.0 850.0 3833.0 16388.423722304728
0.0 2443.0 2262.0 10813.0 44664.90838060114
21.0 2834.0 2078.0 9716.0 40723.91013323512
1802.0 5788.0 584.0 2518.0 11105.109971168804
912.0 5220.0 861.0 3962.0 16774.27109515692
445.0 6513.0 191.0 815.0 3754.6383098847355
906.0 5229.0 855.0 3957.0 16649.78233361802
0.0 2400.0 2293.0 10866.0 45138.899090604624
1372.0 6265.0 320.0 1471.0 6223.760703357539
310.0 6544.0 184.0 709.0 3447.293647352876
1362.0 6265.0 319.0 1491.0 6235.759791326019
1828.0 5783.0 588.0 2514.0 11140.007513062856
7.0 3759.0 1581.0 7471.0 31363.117503480524
1433.0 6255.0 324.0 1499.0 6355.099566683794
6.0 4595.0 1176.0 5399.0 23026.442058129258
172.0 2889.0 2030.0 9733.0 40226.289648298174
30.0 2836.0 2078.0 9708.0 40698.17455581796
1360.0 6273.0 318.0 1434.0 6168.6038072727815
0.0 6623.0 129.0 650.0 2666.315471218845
10.0 4715.0 1112.0 5150.0 21804.933022933263
19.0 6776.0 59.0 246.0 1092.675725586224
1816.0 5786.0 588.0 2507.0 11108.981071026728
2.0 4595.0 1179.0 5393.0 23034.396816012963
1786.0 5776.0 592.0 2549.0 11210.503919880171
3.0 4597.0 1177.0 5379.0 23012.098049001223
914.0 5224.0 859.0 3956.0 16710.679410257446
8.0 1311.0 2838.0 13343.0 56043.246416899936
2.0 641.0 3159.0 15148.0 62758.278384599835
1792.0 5772.0 591.0 2567.0 11266.757223892922
1369.0 6268.0 318.0 1458.0 6191.789365718261
0.0 4810.0 1065.0 4986.0 20889.101541526026
27.0 2839.0 2076.0 9710.0 40674.98740635609
1334.0 6282.0 311.0 1430.0 6070.963465180004
1395.0 6261.0 322.0 1494.0 6274.545470492257
1051.0 5255.0 849.0 3847.0 16389.343823206276
26.0 2839.0 2078.0 9695.0 40679.22445843814
729.0 2984.0 1965.0 9473.0 39228.41608342557
1048.0 5254.0 848.0 3847.0 16401.988461770095
5.0 3962.0 1494.0 6991.0 29357.689021671562
16.0 6776.0 60.0 241.0 1107.0131381021263
40.0 4723.0 1115.0 5095.0 21724.399353455687
0.0 639.0 3161.0 15148.0 62777.007225880254
1814.0 5788.0 586.0 2509.0 11101.408570271187
1048.0 5258.0 847.0 3827.0 16354.985747303503
1801.0 5791.0 583.0 2508.0 11072.473191549887
26.0 1643.0 2667.0 12623.0 52662.690314488726
0.0 4596.0 1178.0 5388.0 23021.99252018918
16.0 2833.0 2079.0 9716.0 40736.506026931005
0.0 2045.0 2461.0 11781.0 48624.350217003484
910.0 5221.0 861.0 3967.0 16741.98149773438
447.0 4916.0 1022.0 4685.0 19821.58325689136
0.0 2561.0 2201.0 10522.0 43474.35434088767
1805.0 5451.0 743.0 3413.0 14440.761547655453
1822.0 5779.0 587.0 2529.0 11199.39535256958
14.0 6772.0 60.0 257.0 1143.5655272938664
63.0 6605.0 148.0 607.0 2810.8584251149564
1.0 1026.0 2974.0 14093.0 58905.0699082083
5.0 1307.0 2839.0 13359.0 56082.15724421393
9.0 3580.0 1703.0 7728.0 33116.50551314163
174.0 2887.0 2030.0 9751.0 40241.118039481575
439.0 4917.0 1021.0 4685.0 19827.28778665743
1778.0 5778.0 591.0 2546.0 11195.238277173288
0.0 2411.0 2284.0 10825.0 45056.237574971274
5.0 4716.0 1113.0 5150.0 21796.246215995132
7.0 1304.0 2839.0 13362.0 56119.97544030972
525.0 6507.0 196.0 818.0 3780.929059864345
3.0 3581.0 1703.0 7728.0 33108.57589674047
5.0 2259.0 2360.0 11147.0 46498.79846835078
1357.0 6274.0 314.0 1443.0 6153.501195837721
3.0 4712.0 1115.0 5163.0 21841.579962518725
1806.0 5785.0 587.0 2511.0 11130.07854448452
29.0 1652.0 2665.0 12594.0 52571.0219864781
445.0 4913.0 1020.0 4695.0 19852.35525372124
3.0 4282.0 1342.0 6132.0 26075.1661743984
23.0 1101.0 2926.0 13901.0 58178.134907660155
1.0 4465.0 1229.0 5807.0 24311.468100324422
70.0 6607.0 144.0 612.0 2785.7995944062095
906.0 5231.0 855.0 3954.0 16637.748845432896
1345.0 6277.0 314.0 1434.0 6124.286711583686
2.0 4037.0 1455.0 6760.0 28652.383915402534
0.0 2087.0 2429.0 11729.0 48171.970325341215
3.0 1294.0 2845.0 13388.0 56212.59820898901
2.0 1921.0 2505.0 12069.0 49960.103794119015
0.0 758.0 3114.0 14738.0 61604.16606520726
2.0 649.0 3152.0 15086.0 62661.104468656646
26.0 6773.0 58.0 244.0 1131.2534688720255
22.0 6773.0 59.0 249.0 1128.9573730389288
0.0 649.0 3151.0 15096.0 62661.04889088198
1335.0 6281.0 311.0 1434.0 6084.267624461562
6.0 4036.0 1456.0 6764.0 28629.319057148725
28.0 3571.0 1706.0 7751.0 33218.04668881382
3.0 1298.0 2841.0 13394.0 56173.35980052291
8.0 6779.0 59.0 233.0 1071.4241874344707
21.0 4270.0 1348.0 6143.0 26184.543841399558
10.0 4719.0 1112.0 5140.0 21777.03948107067
438.0 4914.0 1021.0 4696.0 19839.313597487366
0.0 2088.0 2428.0 11729.0 48166.6947545922
0.0 2825.0 2080.0 9767.0 40830.42694442488
7.0 2308.0 2310.0 11200.0 46010.64485648018
1805.0 5788.0 585.0 2514.0 11095.344613188307
8.0 1804.0 2575.0 12365.0 51179.10026245195
3.0 4714.0 1118.0 5137.0 21826.47265891388
7.0 4287.0 1342.0 6091.0 26035.643060423758
3.0 1593.0 2682.0 12819.0 53254.938256351095
23.0 6776.0 60.0 237.0 1104.2565062931785
0.0 3588.0 1656.0 7974.0 33105.7226299944
0.0 6686.0 107.0 435.0 2020.8183754008758
438.0 4917.0 1020.0 4686.0 19823.42190308507
413.0 6521.0 191.0 771.0 3640.799855984255
5.0 1303.0 2840.0 13369.0 56129.99832317425
905.0 5229.0 857.0 3954.0 16661.168727880202
18.0 3564.0 1663.0 8128.0 33479.175548446874
3.0 4068.0 1437.0 6764.0 28294.994465618678
2.0 4717.0 1114.0 5145.0 21793.46509438252
4.0 1925.0 2504.0 12048.0 49918.24463454625
490.0 6512.0 195.0 817.0 3722.945480289274
1802.0 5792.0 583.0 2500.0 11062.926963450538
389.0 6526.0 188.0 756.0 3577.2297480115444
0.0 1796.0 2579.0 12389.0 51266.13022849999
401.0 6523.0 187.0 757.0 3622.920789096533
0.0 1024.0 2974.0 14102.0 58930.95475554091
5.0 4719.0 1115.0 5126.0 21781.493228524156
446.0 4916.0 1021.0 4691.0 19817.250577535855
286.0 6550.0 179.0 708.0 3379.849516127984
424.0 6519.0 188.0 792.0 3696.0929310713454
10.0 3765.0 1580.0 7451.0 31308.716482114272
435.0 4913.0 1022.0 4703.0 19845.44431746484
19.0 1094.0 2930.0 13920.0 58248.34237601556
0.0 844.0 3062.0 14631.0 60737.765131677035
382.0 6525.0 189.0 752.0 3631.4374426133713
5.0 4286.0 1341.0 6105.0 26045.302453780438
0.0 6747.0 79.0 272.0 1407.9310390501892
0.0 2827.0 2079.0 9761.0 40807.448333951186
108.0 6598.0 144.0 647.0 2950.7986961625284
0.0 3764.0 1578.0 7465.0 31311.885386673348
0.0 640.0 3154.0 15180.0 62788.67679657148
8.0 6778.0 57.0 238.0 1086.4225705888434
7.0 4038.0 1452.0 6767.0 28644.021782773692
264.0 6557.0 174.0 696.0 3298.7159435490516
30.0 6618.0 139.0 590.0 2666.37954274414
439.0 4910.0 1022.0 4705.0 19868.982130835713
0.0 2531.0 2217.0 10599.0 43778.416843411025
2.0 4287.0 1340.0 6117.0 26023.382572918992
14.0 6775.0 58.0 265.0 1115.7820713312362
1.0 4718.0 1114.0 5137.0 21779.556245424366
30.0 6774.0 58.0 252.0 1118.8118235635698
2.0 645.0 3154.0 15101.0 62704.594926112186
0.0 1294.0 2846.0 13384.0 56216.454133474326
12.0 4720.0 1114.0 5124.0 21766.20617646929
28.0 4722.0 1115.0 5105.0 21741.91247982234
6.0 2252.0 2363.0 11162.0 46566.35206623475
374.0 6530.0 184.0 746.0 3562.3351680799365
0.0 6766.0 66.0 260.0 1203.9367458412867
6.0 2756.0 2104.0 10006.0 41528.60302750228
3.0 4035.0 1458.0 6757.0 28674.97318026315
17.0 6626.0 134.0 572.0 2593.5845649465355
0.0 3827.0 1533.0 7430.0 30921.02234666053
20.0 1639.0 2666.0 12660.0 52698.58394528285
1.0 2751.0 2107.0 10026.0 41605.104149703875
2.0 2255.0 2360.0 11169.0 46536.697206818186
5.0 4033.0 1458.0 6768.0 28671.28106943101
0.0 644.0 3155.0 15101.0 62711.9113332149
436.0 4916.0 1020.0 4694.0 19822.459120157477
19.0 6773.0 59.0 250.0 1138.808010002064
4.0 653.0 3151.0 15061.0 62624.75043104519
3.0 1923.0 2504.0 12057.0 49948.8100909466
15.0 6777.0 59.0 239.0 1095.254008591992
4.0 6632.0 132.0 565.0 2532.4772265149854
4.0 2561.0 2201.0 10520.0 43473.907162772
20.0 6771.0 62.0 245.0 1153.2580169409537
0.0 2493.0 2235.0 10690.0 44211.30814606115
23.0 6775.0 60.0 251.0 1103.5923994520465
1.0 1594.0 2682.0 12816.0 53247.594907805666
8.0 6717.0 92.0 351.0 1702.4452346599542
0.0 4473.0 1253.0 5642.0 24354.312036653897
0.0 2561.0 2201.0 10522.0 43474.35434088767
4.0 2751.0 2105.0 10033.0 41586.84175405554
0.0 2616.0 2173.0 10415.0 42991.82265520249
14.0 6774.0 59.0 253.0 1133.6910707211962
5.0 4466.0 1227.0 5801.0 24282.23837803561
1.0 4287.0 1341.0 6110.0 26023.957932991707
0.0 4718.0 1115.0 5135.0 21788.00226268113
3.0 4468.0 1227.0 5798.0 24260.183190064483
23.0 6776.0 58.0 255.0 1102.7499933673316
0.0 6771.0 59.0 266.0 1176.0986512612933
0.0 6759.0 70.0 257.0 1264.3704289616028
9.0 6634.0 134.0 541.0 2504.183821540267
0.0 6763.0 65.0 272.0 1228.027501341748
0.0 1022.0 2974.0 14111.0 58951.32556337827
3.0 4034.0 1457.0 6769.0 28672.10310682522
0.0 4468.0 1227.0 5798.0 24273.67006752414
0.0 644.0 3167.0 15093.0 62777.78422611226
0.0 4284.0 1341.0 6127.0 26045.666575926556
2.0 648.0 3153.0 15087.0 62676.33379459221
0.0 6721.0 90.0 339.0 1669.900250522482
0.0 644.0 3155.0 15101.0 62711.9113332149
9.0 6777.0 57.0 243.0 1099.964873515738
0.0 4035.0 1456.0 6769.0 28674.788563173563
0.0 6690.0 110.0 411.0 1956.3001326946653
5.0 1071.0 2940.0 14010.0 58483.057445543265
0.0 3585.0 1699.0 7732.0 33077.339800053356
0.0 6763.0 65.0 272.0 1228.027501341748
0.0 6781.0 57.0 233.0 1055.7105007660007
0.0 6765.0 67.0 255.0 1214.99991163626
0.0 4473.0 1253.0 5642.0 24354.312036653897
0.0 6637.0 131.0 546.0 2483.8808258025656
0.0 6644.0 126.0 542.0 2445.956195513134
0.0 1920.0 2506.0 12074.0 49966.82024950365
0.0 4064.0 1440.0 6780.0 28331.64491691604
0.0 4284.0 1341.0 6127.0 26045.666575926556
0.0 6762.0 68.0 257.0 1252.171465231112
0.0 1591.0 2681.0 12841.0 53272.170060358425
0.0 3968.0 1491.0 6989.0 29292.877822051913
