1084.0 6446.0 221.0 1057.0 4445.024538421809
14.0 1910.0 2525.0 12008.0 49942.0279774469
7.0 4210.0 1358.0 6496.0 27033.79749527245
0.0 1020.0 2967.0 14186.0 59060.188738138
0.0 6636.0 124.0 572.0 2552.022223679726
1202.0 5319.0 798.0 3804.0 15749.30031458677
8.0 4848.0 1087.0 4666.0 20444.550689052845
1101.0 6445.0 216.0 1091.0 4475.899591062584
129.0 6576.0 153.0 730.0 3167.1083229383867
11.0 4850.0 1082.0 4680.0 20432.9092872175
5.0 616.0 3165.0 15267.0 63006.12691446859
1191.0 5337.0 787.0 3783.0 15537.043632169085
39.0 3601.0 1719.0 7512.0 32955.76535712005
3634.0 6191.0 361.0 1640.0 6868.083954837003
0.0 6768.0 63.0 261.0 1195.1373348948791
3835.0 6106.0 398.0 1877.0 7742.47176028917
12.0 4845.0 1087.0 4675.0 20483.38553473911
224.0 6556.0 157.0 818.0 3417.8041156160316
344.0 6543.0 166.0 830.0 3524.0972432672565
3873.0 6098.0 404.0 1860.0 7837.012714768734
108.0 6582.0 152.0 697.0 3109.353704669839
1154.0 6441.0 222.0 1074.0 4505.392753665067
5492.0 5774.0 562.0 2618.0 11117.152961354297
17.0 4845.0 1088.0 4674.0 20468.883035819097
14.0 2939.0 2028.0 9489.0 39622.3184562275
2777.0 6314.0 269.0 1456.0 5766.9641800589525
627.0 3163.0 1908.0 8801.0 37444.990252312215
5560.0 5718.0 572.0 2844.0 11799.66988997953
537.0 3364.0 1832.0 8116.0 35337.74048652577
2.0 1080.0 2934.0 14036.0 58370.03925146763
8.0 6765.0 68.0 252.0 1214.1775225644074
5.0 4849.0 1084.0 4673.0 20434.70425155764
5484.0 5777.0 564.0 2595.0 11083.42704840825
24.0 2135.0 2428.0 11465.0 47742.30530183701
3927.0 6085.0 408.0 1968.0 7996.457245755914
3818.0 6107.0 400.0 1874.0 7728.8763152519805
4570.0 5555.0 663.0 3118.0 13418.648875752873
1193.0 5331.0 789.0 3787.0 15603.111367914164
3806.0 6115.0 395.0 1852.0 7673.878510375866
6.0 4847.0 1087.0 4676.0 20466.06745923777
3656.0 6185.0 364.0 1657.0 6931.144704570526
7.0 4039.0 1459.0 6772.0 28580.67451523282
17.0 6768.0 65.0 247.0 1181.9462592810005
3.0 1760.0 2619.0 12240.0 51544.54532422524
1088.0 6448.0 218.0 1072.0 4432.207981154464
0.0 1790.0 2603.0 12156.0 51308.5621974147
1185.0 5335.0 791.0 3764.0 15558.12626936961
12.0 4843.0 1088.0 4674.0 20512.185475388935
5463.0 5776.0 562.0 2614.0 11094.714746458532
1187.0 5337.0 789.0 3756.0 15554.37877574841
8.0 1913.0 2524.0 11992.0 49909.94644153571
3742.0 6153.0 382.0 1720.0 7291.533431952774
14.0 2429.0 2261.0 10810.0 44808.4783213185
1081.0 6440.0 221.0 1081.0 4524.441713055204
3876.0 6088.0 408.0 1940.0 7970.715556565332
260.0 6553.0 160.0 806.0 3420.1909599370297
1202.0 5327.0 797.0 3760.0 15664.518695304958
6.0 4846.0 1085.0 4687.0 20472.932041882144
3839.0 6101.0 405.0 1865.0 7809.625098690296
26.0 1101.0 2921.0 13975.0 58147.443130642896
343.0 6538.0 174.0 815.0 3576.971888574408
8.0 2791.0 2095.0 9893.0 41146.483118543496
31.0 1769.0 2613.0 12218.0 51453.48219015894
1044.0 5078.0 918.0 4290.0 18296.43917909774
1188.0 5334.0 790.0 3776.0 15575.716909486944
821.0 6482.0 215.0 909.0 4043.803205447782
1185.0 5334.0 792.0 3774.0 15580.631374767943
11.0 1913.0 2523.0 12002.0 49910.895941827075
2098.0 5430.0 744.0 3634.0 14767.943322015697
1181.0 5333.0 791.0 3766.0 15603.709797793023
12.0 3827.0 1594.0 7110.0 30892.991253384585
20.0 4848.0 1083.0 4693.0 20444.495659675613
235.0 6553.0 162.0 788.0 3446.7163190646506
1792.0 5650.0 628.0 2939.0 12443.287711175384
1080.0 6441.0 223.0 1059.0 4516.577334641452
296.0 6548.0 163.0 816.0 3477.1487385646183
3624.0 6192.0 359.0 1642.0 6846.0820580843765
4.0 4849.0 1085.0 4666.0 20442.998132137862
1190.0 5333.0 788.0 3811.0 15578.14906357964
2766.0 6314.0 267.0 1460.0 5763.637151223419
26.0 4843.0 1085.0 4690.0 20495.92621670227
4574.0 5552.0 665.0 3137.0 13476.494550971349
1201.0 5330.0 795.0 3764.0 15616.08693022903
0.0 874.0 3035.0 14594.0 60432.0300163888
0.0 6767.0 63.0 264.0 1201.610160649544
1185.0 5336.0 792.0 3763.0 15545.290558766197
35.0 4846.0 1089.0 4656.0 20473.492336443036
70.0 2820.0 2072.0 9862.0 40826.47401782906
1191.0 5334.0 793.0 3753.0 15591.59282782783
37.0 3597.0 1720.0 7525.0 33003.61507751909
1193.0 5328.0 794.0 3776.0 15656.444906672974
8.0 6771.0 63.0 251.0 1166.542922245881
44.0 6601.0 140.0 677.0 2918.284903655762
535.0 3357.0 1839.0 8132.0 35410.414723292626
3.0 2743.0 2111.0 10056.0 41685.09654973713
3.0 1628.0 2690.0 12548.0 52929.73505517601
1187.0 5336.0 791.0 3759.0 15569.47099216703
6.0 4723.0 1107.0 5144.0 21674.356398706223
0.0 6733.0 79.0 339.0 1553.3487147706883
0.0 613.0 3168.0 15268.0 63048.71894710346
1062.0 5084.0 914.0 4278.0 18205.554078442856
179.0 1996.0 2478.0 11855.0 49081.20198637431
3.0 2743.0 2110.0 10066.0 41665.366623270085
3854.0 6104.0 401.0 1855.0 7771.165591828617
1194.0 5330.0 793.0 3772.0 15612.34530803657
1049.0 5082.0 916.0 4293.0 18238.691660880537
0.0 1761.0 2617.0 12242.0 51534.40272060272
4.0 3688.0 1630.0 7595.0 32122.80549200615
25.0 3953.0 1498.0 7010.0 29612.213634115513
45.0 2819.0 2073.0 9875.0 40846.985133003844
7.0 6771.0 63.0 250.0 1169.0960552133106
2123.0 5435.0 742.0 3640.0 14714.836107088673
0.0 2942.0 2027.0 9466.0 39603.78702816221
39.0 4471.0 1231.0 5720.0 24095.231096156036
7.0 4356.0 1301.0 6016.0 25351.991525537524
644.0 3153.0 1913.0 8836.0 37542.535921569564
27.0 4555.0 1175.0 5582.0 23616.89429672683
18.0 4846.0 1086.0 4673.0 20481.168715373744
0.0 2133.0 2430.0 11459.0 47766.705198934964
2095.0 5432.0 745.0 3629.0 14737.525314598584
4.0 4038.0 1457.0 6784.0 28586.049027384663
2.0 2579.0 2195.0 10458.0 43301.46840874427
2581.0 5412.0 725.0 3621.0 14807.266147594433
3855.0 6093.0 405.0 1937.0 7918.713645073876
4.0 4847.0 1085.0 4682.0 20449.838241988495
2.0 625.0 3167.0 15165.0 62956.765923606654
6.0 3726.0 1652.0 7282.0 31934.307692973594
9.0 4714.0 1113.0 5150.0 21769.064040603458
1193.0 5334.0 790.0 3773.0 15586.239504705822
12.0 2563.0 2200.0 10457.0 43510.57333511464
15.0 4841.0 1087.0 4694.0 20507.310365234443
3.0 3477.0 1724.0 8403.0 34275.864437752854
1036.0 5079.0 916.0 4295.0 18288.31846058836
1074.0 6445.0 220.0 1063.0 4471.910735973705
3.0 3816.0 1560.0 7362.0 30826.616234720448
1188.0 5338.0 788.0 3776.0 15531.60802896679
1055.0 6449.0 219.0 1049.0 4425.3140545537535
8.0 610.0 3169.0 15277.0 63077.89675089761
51.0 2817.0 2077.0 9857.0 40869.258283828356
53.0 2824.0 2073.0 9856.0 40800.34225236655
1185.0 5332.0 793.0 3764.0 15599.433722943282
653.0 3163.0 1902.0 8817.0 37452.76286820708
6.0 3546.0 1686.0 8000.0 33578.832176116746
16.0 4847.0 1084.0 4684.0 20465.40622475352
45.0 2820.0 2071.0 9878.0 40832.6402700786
4.0 1353.0 2843.0 13140.0 55603.671412460426
21.0 1637.0 2686.0 12507.0 52819.579419058304
2090.0 5436.0 743.0 3633.0 14701.824942401205
0.0 1908.0 2526.0 12014.0 49961.165106097025
3624.0 6196.0 357.0 1644.0 6819.005698006807
2757.0 6318.0 267.0 1446.0 5719.8943602957615
17.0 2295.0 2331.0 11097.0 46211.89004081499
1043.0 5086.0 914.0 4273.0 18204.928208912115
22.0 4575.0 1166.0 5547.0 23424.70726091111
6.0 2558.0 2202.0 10478.0 43565.95182186088
3.0 880.0 3030.0 14590.0 60372.3498297269
5.0 2420.0 2266.0 10839.0 44888.49019015701
30.0 6768.0 63.0 254.0 1199.1842809906318
48.0 6599.0 142.0 675.0 2928.4671659322685
1188.0 5334.0 792.0 3757.0 15583.51053686122
0.0 6768.0 63.0 261.0 1195.1373348948791
3811.0 6112.0 395.0 1864.0 7676.222105282333
13.0 612.0 3167.0 15280.0 63052.791836675715
5.0 4850.0 1085.0 4667.0 20441.374262536614
6.0 4439.0 1246.0 5827.0 24714.141462090625
0.0 2743.0 2110.0 10066.0 41680.0709324475
0.0 4470.0 1232.0 5716.0 24107.244710726143
8.0 4846.0 1086.0 4675.0 20471.41064660069
4.0 4215.0 1354.0 6502.0 26973.023287820095
2123.0 5437.0 744.0 3630.0 14699.672620154422
6.0 4850.0 1085.0 4666.0 20425.428880591382
114.0 6579.0 151.0 724.0 3134.2608241005137
530.0 3359.0 1835.0 8130.0 35388.33717117042
11.0 4557.0 1177.0 5570.0 23620.8133853428
8.0 4329.0 1280.0 6187.0 25886.267712611338
1050.0 5083.0 914.0 4290.0 18238.843098460486
4560.0 5561.0 659.0 3114.0 13369.416058860195
1192.0 5333.0 791.0 3773.0 15592.855374586612
802.0 6490.0 211.0 882.0 3963.7998101566177
782.0 6489.0 217.0 907.0 4039.1531449010467
5481.0 5781.0 558.0 2608.0 11048.192519022614
45.0 2818.0 2073.0 9878.0 40857.26367411282
24.0 1645.0 2634.0 12843.0 52553.07761680882
526.0 3362.0 1835.0 8120.0 35365.88364419661
16.0 6770.0 63.0 255.0 1176.7036429092911
632.0 3160.0 1911.0 8798.0 37484.296305040625
2.0 4040.0 1456.0 6782.0 28571.19090932419
8.0 1357.0 2842.0 13128.0 55549.56467086916
3.0 4040.0 1454.0 6792.0 28582.635993205844
3.0 4849.0 1084.0 4673.0 20437.50234458423
19.0 4705.0 1115.0 5184.0 21856.133479465483
0.0 873.0 3036.0 14594.0 60442.005669246835
1.0 3479.0 1723.0 8403.0 34256.097184680024
15.0 6769.0 64.0 243.0 1185.0006189172375
4.0 4721.0 1109.0 5144.0 21704.452341367247
15.0 1359.0 2838.0 13135.0 55518.33698679693
1061.0 5087.0 914.0 4266.0 18190.259327606323
2088.0 5438.0 742.0 3633.0 14681.447303597997
87.0 6589.0 147.0 684.0 3026.651063885481
8.0 675.0 3143.0 15009.0 62349.21297075566
1042.0 5083.0 916.0 4288.0 18234.30584787942
45.0 3590.0 1727.0 7536.0 33079.913765020814
4.0 4038.0 1453.0 6806.0 28608.395841285295
0.0 995.0 2984.0 14227.0 59254.20811085367
6.0 1088.0 2930.0 14008.0 58286.9108678476
0.0 2561.0 2201.0 10474.0 43532.44355035676
22.0 3958.0 1495.0 7001.0 29565.93106777817
6.0 1352.0 2843.0 13148.0 55585.11405228106
1183.0 5337.0 791.0 3755.0 15553.121724570497
630.0 3160.0 1908.0 8813.0 37480.81106408929
2093.0 5434.0 744.0 3631.0 14726.853430986443
10.0 4714.0 1113.0 5152.0 21768.49441644627
17.0 6769.0 64.0 249.0 1182.4636561319667
6.0 3544.0 1686.0 8018.0 33594.300650027704
6.0 2421.0 2264.0 10839.0 44892.19835914014
6.0 4717.0 1112.0 5142.0 21740.009626910905
7.0 4357.0 1302.0 6012.0 25321.473009079888
9.0 3814.0 1562.0 7351.0 30850.866440689497
4.0 6755.0 72.0 274.0 1300.0819481569179
0.0 4850.0 1084.0 4672.0 20433.09663446578
9.0 4323.0 1289.0 6170.0 25944.176167449998
10.0 2291.0 2332.0 11117.0 46243.90879306209
19.0 6771.0 62.0 250.0 1172.2459129285403
1185.0 5337.0 790.0 3756.0 15556.081197218533
3.0 1351.0 2844.0 13157.0 55592.84073774719
0.0 3729.0 1651.0 7281.0 31891.197249165925
5.0 4718.0 1111.0 5147.0 21728.45025261793
285.0 3758.0 1639.0 7101.0 31401.97360846979
13.0 6770.0 63.0 243.0 1188.8801363963164
20.0 1097.0 2924.0 13978.0 58190.88679772169
0.0 6769.0 65.0 270.0 1174.2698299105502
2091.0 5436.0 744.0 3630.0 14705.753255373469
8.0 4562.0 1172.0 5583.0 23573.417802222797
0.0 1347.0 2846.0 13165.0 55647.41760674046
17.0 678.0 3144.0 14980.0 62316.674484317664
0.0 2421.0 2265.0 10839.0 44890.83700439664
8.0 3830.0 1592.0 7108.0 30854.05015219088
3.0 3688.0 1631.0 7594.0 32125.919612243073
636.0 3167.0 1910.0 8771.0 37414.23762886572
6.0 2286.0 2336.0 11133.0 46289.590547371525
1.0 3548.0 1685.0 8004.0 33559.75593259894
25.0 3596.0 1719.0 7541.0 33019.89182156784
12.0 6613.0 133.0 656.0 2825.835252101399
13.0 3608.0 1713.0 7523.0 32909.79185615302
0.0 609.0 3169.0 15279.0 63079.66139030098
0.0 2284.0 2337.0 11140.0 46315.38083214646
6.0 4329.0 1282.0 6184.0 25866.37301787206
9.0 6640.0 125.0 556.0 2550.4550914085407
66.0 6595.0 144.0 680.0 2975.1205822918923
0.0 6771.0 60.0 278.0 1162.8459504140744
0.0 6774.0 61.0 242.0 1137.2178539383353
23.0 4204.0 1364.0 6487.0 27082.182190312098
10.0 2180.0 2403.0 11363.0 47344.34150343114
6.0 2789.0 2096.0 9903.0 41165.470350242635
0.0 634.0 3174.0 15112.0 62819.9005644813
4.0 4214.0 1355.0 6497.0 26991.728337855533
5.0 3816.0 1561.0 7350.0 30828.92416816914
0.0 3551.0 1684.0 7994.0 33526.294043594695
0.0 4722.0 1108.0 5144.0 21690.671622686317
35.0 6605.0 139.0 660.0 2876.081487034342
0.0 6756.0 65.0 310.0 1315.2251078130641
0.0 3551.0 1684.0 7994.0 33526.294043594695
0.0 2139.0 2426.0 11502.0 47742.56789546832
4.0 668.0 3147.0 15029.0 62435.09044135743
0.0 6700.0 103.0 371.0 1879.9667487514953
0.0 4360.0 1299.0 6013.0 25301.29578792805
0.0 622.0 3168.0 15176.0 62978.68691617051
0.0 4442.0 1243.0 5826.0 24695.77875148769
0.0 3819.0 1560.0 7342.0 30796.758700069553
5.0 4050.0 1452.0 6763.0 28493.173233824713
4.0 6754.0 73.0 278.0 1295.9697328568095
2.0 1627.0 2690.0 12553.0 52939.10248521243
22.0 6765.0 68.0 247.0 1209.7632494317857
16.0 2794.0 2091.0 9895.0 41111.24864767344
2.0 6766.0 64.0 271.0 1218.894979408354
6.0 4570.0 1170.0 5560.0 23488.389704523288
0.0 2788.0 2094.0 9927.0 41175.73372653348
0.0 4332.0 1281.0 6175.0 25850.553724682137
0.0 4041.0 1454.0 6792.0 28571.99583980754
626.0 3162.0 1909.0 8798.0 37465.04749014557
0.0 6646.0 122.0 545.0 2487.4235035730835
0.0 6618.0 131.0 643.0 2762.2790428273465
0.0 6769.0 67.0 244.0 1166.9024855321222
2.0 4452.0 1264.0 5710.0 24546.538698161552
5.0 2187.0 2401.0 11351.0 47267.19322398346
0.0 6758.0 71.0 265.0 1266.134435294144
0.0 4444.0 1242.0 5823.0 24673.959939731405
0.0 6763.0 67.0 271.0 1230.998316024051
0.0 6688.0 98.0 460.0 1979.8771135749223
0.0 2529.0 2206.0 10641.0 43836.01445237527
0.0 1081.0 2934.0 14036.0 58360.2386370824
0.0 6701.0 97.0 410.0 1830.310945196499
0.0 1622.0 2691.0 12586.0 52992.58458551491
0.0 621.0 3160.0 15248.0 63039.598337347416
0.0 4047.0 1452.0 6784.0 28525.001468172475
0.0 6680.0 115.0 424.0 2084.863367994447
0.0 6768.0 63.0 261.0 1195.1373348948791
0.0 6697.0 104.0 393.0 1883.6618715471513
