6.0 1331.0 2847.0 13201.0 55829.6827176997
17.0 5247.0 822.0 3971.0 16464.707527598042
12.0 4343.0 1302.0 6107.0 25606.0488853173
821.0 6484.0 203.0 897.0 4037.483977248478
576.0 2791.0 2085.0 9907.0 41099.3991650161
671.0 3042.0 1953.0 9350.0 38758.94919237907
12.0 4683.0 1124.0 5317.0 22160.527923632235
835.0 6478.0 206.0 920.0 4103.724159527897
946.0 6471.0 210.0 922.0 4163.006574754598
2035.0 6207.0 367.0 1554.0 6880.990131952035
8.0 2160.0 2413.0 11337.0 47558.43029566405
2163.0 6159.0 387.0 1674.0 7329.567763696409
5.0 2329.0 2319.0 10991.0 45811.4770906831
0.0 6637.0 126.0 565.0 2512.2508159215045
9.0 6623.0 131.0 600.0 2691.3768948217066
2820.0 5780.0 573.0 2623.0 10985.983396028849
563.0 5021.0 943.0 4505.0 18807.14542690459
1899.0 6235.0 355.0 1466.0 6606.429283599835
820.0 6480.0 203.0 908.0 4065.733087614546
47.0 2541.0 2204.0 10573.0 43681.287410925164
197.0 2609.0 2165.0 10448.0 43038.720342651155
10.0 4674.0 1126.0 5349.0 22249.279188109464
5.0 1585.0 2685.0 12843.0 53416.5702339139
5.0 1897.0 2531.0 12106.0 50107.74069169434
43.0 5242.0 830.0 3949.0 16518.58877246612
900.0 6468.0 209.0 958.0 4187.078674059343
2987.0 5976.0 466.0 2137.0 9108.73107287266
25.0 1609.0 2676.0 12728.0 53171.66236147908
4.0 1331.0 2849.0 13196.0 55842.454940202595
2040.0 6208.0 368.0 1530.0 6864.601023568899
2981.0 5974.0 470.0 2139.0 9135.54094177304
40.0 2539.0 2205.0 10584.0 43699.82869704022
1866.0 6254.0 346.0 1369.0 6378.1062999619135
31.0 2528.0 2212.0 10599.0 43803.82607048572
2283.0 6164.0 385.0 1682.0 7289.038349468266
3.0 2036.0 2478.0 11640.0 48830.261552737094
9.0 1602.0 2679.0 12782.0 53234.23420322361
2743.0 5776.0 575.0 2620.0 11054.53556597989
2882.0 5779.0 575.0 2598.0 11020.134832646112
1878.0 6234.0 355.0 1467.0 6632.146620463096
32.0 5231.0 829.0 4031.0 16614.24175933284
2803.0 5800.0 569.0 2561.0 10823.87999444209
4.0 1740.0 2602.0 12559.0 51775.58934308306
30.0 4530.0 1204.0 5599.0 23729.39504398535
674.0 3045.0 1950.0 9341.0 38744.35654878595
36.0 3513.0 1710.0 8067.0 33851.85543677526
0.0 2033.0 2480.0 11647.0 48863.30432181193
10.0 5249.0 822.0 3962.0 16446.26870287637
15.0 4678.0 1123.0 5339.0 22203.505540109756
552.0 5020.0 944.0 4501.0 18806.172133348155
2834.0 5793.0 573.0 2573.0 10878.391578090179
8.0 6610.0 141.0 640.0 2810.622882455653
12.0 5249.0 823.0 3959.0 16453.18785760839
0.0 660.0 3144.0 15098.0 62560.335391960885
8.0 3856.0 1557.0 7137.0 30423.748480058908
28.0 5246.0 828.0 3949.0 16478.41377864652
15.0 5248.0 822.0 3978.0 16452.712359638936
16.0 5249.0 820.0 3979.0 16434.63819073778
5.0 647.0 3164.0 15122.0 62668.0698368136
553.0 5020.0 944.0 4507.0 18783.824115786396
2.0 4687.0 1122.0 5314.0 22136.525393316737
1879.0 6247.0 350.0 1406.0 6447.400332116135
21.0 5241.0 825.0 3989.0 16518.83770353342
21.0 5253.0 823.0 3952.0 16400.470660909265
34.0 1125.0 2918.0 13872.0 57865.21792845142
1195.0 4985.0 973.0 4438.0 19139.244210205885
1827.0 6266.0 338.0 1374.0 6262.747656511329
9.0 1334.0 2845.0 13189.0 55799.232712465106
2861.0 5781.0 575.0 2603.0 10977.72093461593
1829.0 6261.0 341.0 1382.0 6316.339763087491
39.0 5244.0 831.0 3937.0 16503.184629474465
686.0 3050.0 1944.0 9346.0 38676.64224857767
3.0 2331.0 2321.0 10979.0 45774.9376803616
9.0 4168.0 1375.0 6531.0 27480.255699222806
43.0 2540.0 2205.0 10574.0 43680.16582501408
784.0 6490.0 201.0 878.0 3974.984482405328
2981.0 5979.0 465.0 2134.0 9086.119555975627
165.0 5179.0 855.0 4162.0 17123.36161113222
4.0 2442.0 2263.0 10734.0 44722.349866895645
0.0 3690.0 1645.0 7484.0 32303.61017869781
20.0 5247.0 826.0 3947.0 16475.663785372948
190.0 2606.0 2167.0 10448.0 43067.644644401356
709.0 6507.0 193.0 845.0 3829.6681703140443
2858.0 5784.0 573.0 2601.0 10950.612033822434
835.0 6480.0 202.0 909.0 4065.7429070067456
2.0 6627.0 129.0 606.0 2657.1888792640034
1070.0 4865.0 1030.0 4846.0 20422.054302516608
2801.0 5806.0 565.0 2550.0 10757.045280588069
846.0 6475.0 205.0 936.0 4119.571393248422
1892.0 6237.0 353.0 1457.0 6589.085462339979
46.0 6612.0 134.0 649.0 2784.516080773803
20.0 6768.0 58.0 272.0 1180.5172961280362
2.0 4052.0 1455.0 6754.0 28649.586397996012
13.0 2170.0 2408.0 11307.0 47441.70035284549
2896.0 5773.0 576.0 2630.0 11088.267755592202
57.0 3512.0 1701.0 8100.0 33860.5774561104
0.0 2033.0 2480.0 11647.0 48863.30432181193
252.0 6585.0 154.0 659.0 3102.7183399486603
10.0 5255.0 821.0 3949.0 16385.37056425639
665.0 3047.0 1949.0 9342.0 38716.07450582731
1016.0 3175.0 1882.0 9009.0 37378.96531938013
0.0 998.0 2977.0 14224.0 59204.14213947451
63.0 6606.0 138.0 660.0 2838.19797450451
574.0 2791.0 2086.0 9906.0 41107.36349363479
25.0 5246.0 826.0 3955.0 16464.82039780211
576.0 2791.0 2079.0 9930.0 41110.55398136489
46.0 3516.0 1699.0 8087.0 33780.67829112065
3.0 3537.0 1694.0 8019.0 33608.57076896194
669.0 3042.0 1953.0 9350.0 38762.41295108734
13.0 778.0 3097.0 14708.0 61338.58744173852
671.0 3051.0 1948.0 9324.0 38668.650289436744
23.0 6768.0 57.0 271.0 1168.0990162302553
12.0 5251.0 821.0 3971.0 16423.85827009124
717.0 6506.0 190.0 864.0 3842.197748636472
1.0 3854.0 1558.0 7147.0 30448.659058915975
7.0 5254.0 819.0 3967.0 16407.31799484218
670.0 3051.0 1947.0 9330.0 38670.27637326155
14.0 3563.0 1633.0 8284.0 33440.29317889568
118.0 6595.0 145.0 673.0 2950.7958839969406
2255.0 6168.0 382.0 1653.0 7243.500810016839
0.0 1369.0 2795.0 13441.0 55421.14599296486
10.0 4684.0 1120.0 5339.0 22157.88506863729
0.0 6768.0 64.0 260.0 1198.9897637588222
3.0 647.0 3164.0 15132.0 62668.78722196793
59.0 6603.0 144.0 652.0 2885.9942401820936
8.0 4682.0 1125.0 5323.0 22173.56225188754
47.0 3514.0 1701.0 8090.0 33834.32308070009
11.0 5253.0 820.0 3979.0 16399.430879760894
0.0 6612.0 140.0 637.0 2797.1268226576167
688.0 6512.0 186.0 853.0 3788.745827365758
10.0 4674.0 1128.0 5334.0 22241.761498284814
3.0 1031.0 2960.0 14146.0 58889.4009939733
9.0 4546.0 1184.0 5756.0 23195.807547102584
26.0 5250.0 826.0 3934.0 16433.999383783357
2.0 6766.0 64.0 276.0 1206.9477360172825
0.0 6699.0 96.0 437.0 1898.5027121780638
9.0 4536.0 1188.0 5772.0 23302.073293826765
573.0 2788.0 2084.0 9918.0 41142.19421856325
8.0 3622.0 1659.0 7721.0 32693.773997781762
1072.0 4868.0 1027.0 4849.0 20392.34983471473
28.0 6765.0 57.0 284.0 1210.1538220564937
80.0 6605.0 138.0 661.0 2844.794373769307
20.0 6767.0 59.0 261.0 1191.336947400656
28.0 3517.0 1706.0 8061.0 33804.661676056516
3.0 687.0 3148.0 14952.0 62266.37066342787
3.0 644.0 3166.0 15134.0 62699.00010265869
3.0 4168.0 1376.0 6532.0 27485.209453080482
1803.0 6278.0 334.0 1331.0 6166.568324795672
16.0 6767.0 60.0 277.0 1182.1408097727199
1822.0 6267.0 338.0 1364.0 6265.578411497895
2222.0 6175.0 380.0 1645.0 7176.266785566651
14.0 4341.0 1301.0 6117.0 25610.161339507216
3.0 3901.0 1528.0 7108.0 29906.732096306896
12.0 2451.0 2253.0 10725.0 44606.656310731225
4.0 645.0 3164.0 15143.0 62680.35854493026
8.0 6769.0 57.0 274.0 1166.4838943775947
17.0 5248.0 822.0 3969.0 16450.19608708517
19.0 5251.0 823.0 3949.0 16422.029873662028
5.0 4050.0 1458.0 6739.0 28667.42855973134
0.0 6770.0 66.0 255.0 1156.978060293673
49.0 4518.0 1210.0 5617.0 23849.29790465736
541.0 5022.0 943.0 4498.0 18779.616764917293
4.0 4679.0 1125.0 5340.0 22193.4070179373
56.0 4515.0 1214.0 5618.0 23860.56237617163
20.0 6768.0 57.0 273.0 1176.914959791912
158.0 5183.0 853.0 4148.0 17079.690332927985
8.0 642.0 3167.0 15146.0 62716.870794437586
570.0 2787.0 2084.0 9932.0 41145.88675389018
2838.0 5808.0 564.0 2534.0 10720.105421041135
2.0 1733.0 2603.0 12588.0 51855.14244568368
2834.0 5810.0 564.0 2527.0 10719.444027277481
12.0 771.0 3101.0 14724.0 61413.532514935345
26.0 1118.0 2918.0 13913.0 57943.05278886528
25.0 3518.0 1705.0 8060.0 33788.87015520349
1832.0 6265.0 340.0 1356.0 6269.978529151587
100.0 2583.0 2184.0 10510.0 43315.17778032571
4.0 3854.0 1555.0 7158.0 30442.903814385536
32.0 2534.0 2208.0 10592.0 43750.3693410655
667.0 3050.0 1948.0 9330.0 38684.255156287974
16.0 6769.0 57.0 271.0 1170.484002075515
11.0 5248.0 823.0 3970.0 16459.32956763033
11.0 4072.0 1400.0 6936.0 28182.961971673336
5.0 4542.0 1186.0 5759.0 23246.60780842853
11.0 5249.0 824.0 3966.0 16443.55368264997
33.0 2534.0 2212.0 10575.0 43746.72830508569
3.0 2329.0 2320.0 10987.0 45803.658387585514
2831.0 5811.0 562.0 2544.0 10694.474664105885
0.0 1025.0 2963.0 14162.0 58946.859386218006
1810.0 6271.0 337.0 1346.0 6223.319077754712
13.0 5249.0 823.0 3970.0 16434.854360181776
1.0 3851.0 1558.0 7160.0 30478.15521907068
665.0 3047.0 1948.0 9349.0 38719.173223640486
10.0 6623.0 129.0 628.0 2690.7630205611563
5.0 5253.0 822.0 3953.0 16413.010339937955
24.0 5239.0 827.0 3989.0 16533.308648177845
0.0 931.0 3026.0 14369.0 59782.40243254854
7.0 5251.0 822.0 3960.0 16425.86928712879
3.0 4683.0 1123.0 5330.0 22161.756477259103
8.0 4683.0 1126.0 5303.0 22164.884913886708
0.0 4541.0 1187.0 5769.0 23264.85648118501
13.0 5249.0 820.0 3994.0 16445.03238149445
14.0 5247.0 824.0 3969.0 16466.933730881596
184.0 2601.0 2173.0 10451.0 43103.176288239425
7.0 6771.0 57.0 266.0 1146.343801123155
999.0 3178.0 1880.0 9018.0 37341.17859162118
7.0 3620.0 1659.0 7737.0 32715.37655659447
9.0 3687.0 1628.0 7610.0 32110.388947688876
9.0 5250.0 822.0 3963.0 16430.96923778893
13.0 4341.0 1301.0 6125.0 25612.14944141179
8.0 4683.0 1125.0 5314.0 22170.333806813916
2.0 2328.0 2321.0 10996.0 45811.14739440425
1803.0 6274.0 335.0 1342.0 6186.992277670627
0.0 4686.0 1137.0 5274.0 22232.168493028916
24.0 3518.0 1706.0 8059.0 33791.44299182782
187.0 2602.0 2168.0 10458.0 43107.21318154789
18.0 5252.0 821.0 3960.0 16427.688566590412
7.0 3566.0 1632.0 8281.0 33419.89238917781
29.0 2529.0 2212.0 10595.0 43800.21711406281
2.0 641.0 3167.0 15152.0 62719.30985987642
7.0 4683.0 1124.0 5323.0 22165.48874407688
0.0 3851.0 1558.0 7164.0 30476.49274527238
6.0 5253.0 820.0 3960.0 16403.222524767487
9.0 4073.0 1401.0 6923.0 28171.852268705345
0.0 1732.0 2604.0 12588.0 51860.81541527607
6.0 3899.0 1530.0 7097.0 29923.353400143824
3.0 3617.0 1662.0 7743.0 32758.98611605437
8.0 3686.0 1629.0 7610.0 32124.27743398591
10.0 6625.0 130.0 601.0 2676.6543893442254
11.0 4346.0 1299.0 6112.0 25561.909638241577
5.0 6626.0 129.0 600.0 2656.5665607547303
0.0 6628.0 129.0 598.0 2643.683488429377
0.0 6658.0 113.0 534.0 2306.201696559663
2.0 645.0 3166.0 15135.0 62685.082813323854
11.0 6754.0 75.0 263.0 1318.3607019223473
36.0 6768.0 59.0 267.0 1179.8626281898078
0.0 4684.0 1124.0 5320.0 22158.445900331182
0.0 5256.0 819.0 3958.0 16381.27669555666
14.0 4173.0 1373.0 6519.0 27434.19440433771
0.0 6764.0 65.0 280.0 1222.3159115200006
5.0 4079.0 1395.0 6924.0 28113.54433919099
3.0 2443.0 2260.0 10737.0 44702.479410072774
0.0 6646.0 120.0 568.0 2430.8907532568346
0.0 6767.0 67.0 262.0 1198.2297468414793
2829.0 5811.0 563.0 2534.0 10704.946551235793
2832.0 5810.0 563.0 2534.0 10706.363309945527
0.0 640.0 3167.0 15155.0 62740.51841580514
12.0 6727.0 84.0 329.0 1646.0779407905209
44.0 4519.0 1210.0 5616.0 23830.483422744423
0.0 6770.0 62.0 267.0 1165.0710318214742
10.0 6766.0 60.0 272.0 1194.8320010171353
0.0 6773.0 56.0 258.0 1127.743373539463
2823.0 5813.0 561.0 2534.0 10680.556657024032
6.0 2165.0 2411.0 11333.0 47494.58383713874
0.0 4532.0 1217.0 5604.0 23590.06286727333
29.0 2532.0 2212.0 10585.0 43768.80161746452
2.0 1329.0 2849.0 13202.0 55862.19402827719
0.0 6768.0 65.0 272.0 1166.5697321646098
0.0 6735.0 80.0 317.0 1561.1876715667015
5.0 1897.0 2533.0 12084.0 50117.89147525977
0.0 682.0 3150.0 14961.0 62313.007708843725
0.0 3621.0 1659.0 7740.0 32705.476594600947
6.0 4164.0 1380.0 6532.0 27529.872338760113
0.0 2164.0 2411.0 11334.0 47512.07738575429
1.0 3539.0 1693.0 8024.0 33586.41508251654
0.0 6762.0 65.0 282.0 1252.8802264541114
0.0 6759.0 71.0 258.0 1272.6908702760795
0.0 6760.0 70.0 274.0 1244.457279085738
5.0 1895.0 2533.0 12090.0 50139.6131247909
5.0 4345.0 1303.0 6104.0 25577.330912902602
0.0 2026.0 2475.0 11715.0 48954.1416966693
0.0 1098.0 2928.0 13993.0 58159.84929536368
3.0 4164.0 1379.0 6543.0 27522.275865186097
2.0 4079.0 1396.0 6924.0 28115.839128598298
5.0 3901.0 1529.0 7096.0 29908.490432581653
0.0 3903.0 1528.0 7095.0 29886.1363088945
0.0 2440.0 2261.0 10756.0 44733.211704244735
0.0 4171.0 1375.0 6532.0 27458.455325362753
0.0 6667.0 116.0 488.0 2205.6857994023476
4.0 4345.0 1302.0 6114.0 25579.097221819622
0.0 2329.0 2319.0 11012.0 45798.149150631616
7.0 1599.0 2681.0 12786.0 53270.75255927207
0.0 6667.0 116.0 488.0 2205.6857994023476
0.0 1894.0 2534.0 12100.0 50150.951454057504
0.0 6767.0 67.0 262.0 1198.2297468414793
0.0 4529.0 1207.0 5623.0 23736.028448706053
3.0 1583.0 2687.0 12843.0 53431.63468015779
0.0 1319.0 2853.0 13245.0 55974.96567719162
0.0 4369.0 1292.0 6073.0 25361.88559464598
0.0 753.0 3104.0 14824.0 61610.75634729021
0.0 3650.0 1656.0 7660.0 32386.868260292125
0.0 6765.0 62.0 291.0 1234.5454481475356
0.0 4053.0 1455.0 6743.0 28646.31069050651
