284.0 2969.0 1997.0 9499.0 39424.7966397282
63.0 6610.0 135.0 659.0 2768.5524990829467
10.0 4341.0 1285.0 6193.0 25761.454380124465
1004.0 6396.0 241.0 1185.0 4875.981136831431
1025.0 6394.0 246.0 1170.0 4891.877268501648
450.0 3092.0 1920.0 9236.0 38228.980261387
1071.0 6380.0 253.0 1195.0 5043.398097176387
7.0 3877.0 1563.0 7027.0 30276.531251291064
13.0 4240.0 1325.0 6428.0 26520.478069926783
19.0 2167.0 2394.0 11456.0 47423.704455162384
524.0 5134.0 890.0 4327.0 17628.37582169275
2.0 4705.0 1124.0 5220.0 22066.327698560915
0.0 2515.0 2224.0 10674.0 43926.9356629247
9.0 4519.0 1197.0 5666.0 23618.616764316357
1314.0 5448.0 737.0 3490.0 14451.344909570065
24.0 1731.0 2611.0 12447.0 51688.398162445854
15.0 3489.0 1711.0 8085.0 34104.9042705865
14.0 6627.0 130.0 599.0 2602.8916203912277
1390.0 5808.0 576.0 2565.0 10886.63344232178
6.0 2048.0 2467.0 11625.0 48538.515705835714
1301.0 5446.0 736.0 3498.0 14453.483731970517
717.0 3173.0 1916.0 8718.0 37037.77476064428
1447.0 5804.0 577.0 2565.0 10921.982160879586
1318.0 5447.0 740.0 3477.0 14434.022194568623
3.0 625.0 3172.0 15131.0 62931.27979489828
516.0 5135.0 892.0 4317.0 17619.65095823234
12.0 3499.0 1702.0 8072.0 34026.63107208627
0.0 663.0 3145.0 15076.0 62572.209538550094
2.0 2798.0 2087.0 9907.0 41089.28683217584
30.0 2820.0 2071.0 9854.0 40865.87347979506
1.0 3877.0 1563.0 7032.0 30280.729924511463
0.0 2377.0 2291.0 10986.0 45262.42937411561
12.0 4865.0 1032.0 5008.0 20249.888913127812
401.0 6551.0 180.0 786.0 3401.9182896631055
1017.0 6390.0 246.0 1185.0 4925.760395858909
1437.0 5809.0 577.0 2543.0 10863.459842371212
1452.0 5814.0 575.0 2532.0 10821.056983938464
718.0 3178.0 1910.0 8708.0 36959.137114451165
15.0 627.0 3171.0 15122.0 62915.170129942366
730.0 3177.0 1913.0 8712.0 36973.15800412132
666.0 6513.0 200.0 898.0 3804.203072321753
8.0 2566.0 2194.0 10544.0 43390.90391907293
10.0 3695.0 1598.0 7638.0 32138.11209123791
1445.0 5837.0 559.0 2499.0 10617.361992894415
170.0 6587.0 142.0 754.0 3013.2571721401637
1297.0 5445.0 739.0 3486.0 14454.828721107271
259.0 3374.0 1810.0 8300.0 35056.24869795997
1455.0 5838.0 558.0 2493.0 10585.54191401516
17.0 627.0 3170.0 15126.0 62924.113375780995
1.0 6769.0 63.0 267.0 1180.9406984665243
1320.0 5440.0 739.0 3520.0 14505.01289570777
4.0 1067.0 2946.0 14033.0 58486.207953963116
1462.0 5800.0 578.0 2579.0 10947.956781922352
15.0 6770.0 64.0 248.0 1178.3645970019843
460.0 5081.0 916.0 4464.0 18146.520339325136
1313.0 5442.0 740.0 3506.0 14489.866098319917
264.0 3375.0 1810.0 8287.0 35053.710753941
1027.0 6392.0 243.0 1186.0 4921.627340170393
723.0 3177.0 1910.0 8727.0 36970.13669154998
1464.0 5834.0 561.0 2519.0 10635.391186694018
5.0 3700.0 1596.0 7634.0 32083.261696953792
519.0 5131.0 894.0 4323.0 17646.81087403393
11.0 3879.0 1569.0 6989.0 30261.04814791453
14.0 2047.0 2467.0 11631.0 48526.001696235864
5.0 2802.0 2086.0 9879.0 41047.514911646686
1454.0 5812.0 576.0 2536.0 10834.98184980685
1459.0 5808.0 576.0 2547.0 10870.062696043973
137.0 4901.0 1010.0 4909.0 19889.987604947557
1446.0 5805.0 577.0 2567.0 10903.757374842367
32.0 2823.0 2072.0 9838.0 40841.99048982333
8.0 3492.0 1706.0 8104.0 34069.830568479614
521.0 5130.0 893.0 4335.0 17653.659659405865
7.0 4865.0 1033.0 5003.0 20265.830407609177
1452.0 5799.0 578.0 2594.0 10964.391850604272
0.0 2374.0 2292.0 10990.0 45290.590797035205
1446.0 5845.0 555.0 2485.0 10532.916671432853
10.0 3495.0 1707.0 8080.0 34047.754220549126
1032.0 6389.0 249.0 1180.0 4945.420381029068
713.0 3174.0 1913.0 8727.0 37003.7085727623
20.0 6626.0 132.0 594.0 2608.413996865684
4.0 2285.0 2339.0 11147.0 46243.64622520118
130.0 4902.0 1010.0 4906.0 19887.92147388526
1457.0 5813.0 571.0 2551.0 10834.239051223416
1315.0 5447.0 739.0 3482.0 14442.883094504707
1438.0 5811.0 574.0 2551.0 10844.41768100227
518.0 5137.0 891.0 4305.0 17591.23186483247
23.0 1378.0 2830.0 13089.0 55344.06912123967
1447.0 5804.0 576.0 2566.0 10918.83057691932
1434.0 5811.0 575.0 2541.0 10840.638929799345
4.0 3493.0 1705.0 8105.0 34067.90453109477
1043.0 6387.0 247.0 1196.0 4977.454931680578
48.0 2830.0 2068.0 9813.0 40799.102019261874
6.0 4111.0 1414.0 6719.0 27737.484964950712
1449.0 5813.0 574.0 2546.0 10825.230347897439
2.0 6764.0 64.0 274.0 1215.8059408976312
10.0 1729.0 2617.0 12463.0 51703.921124602544
36.0 2823.0 2069.0 9849.0 40856.59772870487
1321.0 5449.0 737.0 3483.0 14423.027835306539
0.0 2042.0 2470.0 11639.0 48590.660388168144
1340.0 6315.0 282.0 1370.0 5740.243967723631
1352.0 6320.0 282.0 1332.0 5684.369499845508
526.0 5132.0 894.0 4318.0 17651.01228191724
1054.0 6382.0 249.0 1220.0 4988.689691444733
1467.0 5800.0 579.0 2584.0 10937.589404028678
1447.0 5815.0 573.0 2534.0 10804.90694735498
9.0 4868.0 1031.0 5001.0 20228.28416436426
512.0 5127.0 890.0 4379.0 17694.84961442586
21.0 6625.0 132.0 592.0 2628.1067213199503
1026.0 6388.0 246.0 1215.0 4947.706450298244
1322.0 5449.0 737.0 3478.0 14421.861548218947
43.0 2825.0 2069.0 9835.0 40843.62685904578
14.0 3492.0 1706.0 8097.0 34076.501401933405
6.0 4522.0 1198.0 5652.0 23596.20426377525
1324.0 5442.0 742.0 3486.0 14489.304787677369
3.0 6631.0 129.0 579.0 2562.90557812361
16.0 631.0 3172.0 15094.0 62869.337825460934
631.0 6521.0 199.0 853.0 3718.0251361525047
514.0 5131.0 894.0 4329.0 17651.487848458044
0.0 6768.0 61.0 289.0 1161.9941220299584
2.0 4525.0 1194.0 5655.0 23567.04592051744
3.0 1971.0 2495.0 11865.0 49345.25600403508
18.0 1730.0 2613.0 12452.0 51688.13722599968
0.0 6633.0 128.0 570.0 2541.4620936700762
24.0 1374.0 2835.0 13066.0 55390.594881467354
9.0 4524.0 1193.0 5671.0 23564.326036812443
1018.0 6393.0 245.0 1187.0 4907.619288864446
5.0 625.0 3174.0 15112.0 62932.074689793655
3.0 4862.0 1035.0 5013.0 20314.927989346197
517.0 5132.0 893.0 4329.0 17644.693511964702
11.0 2161.0 2399.0 11466.0 47493.99951917537
2.0 1969.0 2499.0 11864.0 49357.47497094258
1350.0 5460.0 736.0 3439.0 14312.226483830975
1439.0 5817.0 572.0 2534.0 10787.941675042146
1317.0 5448.0 737.0 3486.0 14435.703537830177
0.0 6685.0 105.0 449.0 2013.7162413644069
0.0 3495.0 1704.0 8098.0 34050.36996448735
217.0 6579.0 149.0 758.0 3081.1507911458575
3.0 3873.0 1565.0 7047.0 30314.28405332983
0.0 4866.0 1033.0 4996.0 20263.931816970042
1022.0 6389.0 246.0 1196.0 4952.361201700383
258.0 3376.0 1811.0 8282.0 35029.642360180995
8.0 1357.0 2840.0 13145.0 55551.15886139569
40.0 2826.0 2069.0 9827.0 40832.47655257799
1313.0 5452.0 736.0 3476.0 14397.908925429057
516.0 5130.0 896.0 4328.0 17661.266661246456
10.0 2804.0 2085.0 9873.0 41021.76474173147
5.0 3697.0 1592.0 7664.0 32124.76843356629
9.0 4518.0 1200.0 5663.0 23634.00460029374
216.0 6581.0 149.0 730.0 3087.2287125929734
516.0 5131.0 891.0 4345.0 17653.639311130763
0.0 620.0 3175.0 15140.0 62980.36092793672
14.0 3708.0 1586.0 7638.0 32001.99678244232
1451.0 5809.0 574.0 2557.0 10870.805337590144
8.0 4525.0 1192.0 5669.0 23562.808849381403
516.0 5130.0 889.0 4367.0 17668.69379225877
0.0 2159.0 2399.0 11484.0 47502.91873434009
5.0 2338.0 2325.0 10991.0 45610.02113083283
377.0 6557.0 177.0 763.0 3351.7652333878596
22.0 2817.0 2073.0 9864.0 40905.97627292377
1452.0 5814.0 572.0 2547.0 10820.00748566918
518.0 5132.0 891.0 4339.0 17643.950666296074
512.0 5129.0 893.0 4349.0 17675.035975979754
1016.0 6393.0 242.0 1196.0 4904.860653576727
121.0 6593.0 145.0 690.0 2950.314841433981
138.0 6594.0 144.0 687.0 2947.860059015637
3.0 730.0 3121.0 14853.0 61844.59327792234
1.0 1967.0 2498.0 11879.0 49382.22440002467
515.0 5129.0 892.0 4347.0 17672.712415317234
1.0 4864.0 1032.0 5023.0 20292.525021159014
515.0 5135.0 891.0 4323.0 17609.26978967402
4.0 4651.0 1141.0 5356.0 22448.50788488224
4.0 2559.0 2201.0 10545.0 43481.419437424556
9.0 4653.0 1140.0 5344.0 22416.00838974142
2.0 1063.0 2947.0 14044.0 58531.51730785616
517.0 5133.0 892.0 4333.0 17633.616905291878
0.0 3495.0 1704.0 8098.0 34050.36996448735
514.0 5130.0 891.0 4351.0 17659.897635925914
104.0 6601.0 141.0 675.0 2866.480328875767
5.0 4522.0 1197.0 5663.0 23600.575976206415
3.0 4704.0 1126.0 5209.0 22069.58691981839
3.0 1687.0 2628.0 12582.0 52204.60717050457
1437.0 5818.0 571.0 2533.0 10786.17881094145
4.0 4654.0 1138.0 5353.0 22404.68895159157
0.0 2750.0 2097.0 10136.0 41600.19586725215
514.0 5132.0 892.0 4339.0 17644.229696963866
1.0 4863.0 1033.0 5023.0 20302.246318846243
4.0 4655.0 1139.0 5344.0 22407.445236945892
0.0 1969.0 2498.0 11868.0 49366.581380143194
7.0 1354.0 2842.0 13152.0 55574.207583354604
8.0 4293.0 1314.0 6266.0 26029.898952590636
0.0 636.0 3164.0 15159.0 62822.295252651886
0.0 4526.0 1194.0 5654.0 23555.176746473786
2.0 1338.0 2847.0 13189.0 55821.3679594604
0.0 6640.0 124.0 577.0 2464.059801327439
16.0 3508.0 1744.0 7965.0 33637.94583456784
23.0 6772.0 60.0 263.0 1158.961138003448
10.0 4255.0 1320.0 6390.0 26357.825666791257
1001.0 6399.0 241.0 1170.0 4849.4730932232
7.0 4857.0 1037.0 5018.0 20342.935478084524
5.0 3878.0 1567.0 7011.0 30276.63270347036
510.0 5133.0 891.0 4339.0 17636.165538565332
56.0 6613.0 133.0 654.0 2748.921190361933
7.0 3700.0 1590.0 7661.0 32081.58228179199
6.0 2564.0 2196.0 10543.0 43428.339914347824
127.0 4904.0 1011.0 4911.0 19874.21749032302
11.0 4864.0 1032.0 5004.0 20282.069913578885
21.0 4864.0 1036.0 4977.0 20280.05959550518
129.0 4905.0 1012.0 4903.0 19861.798925231396
0.0 2375.0 2292.0 10990.0 45285.74692924908
7.0 4007.0 1507.0 6777.0 28985.169971094285
0.0 1349.0 2846.0 13156.0 55621.617904106606
5.0 2794.0 2088.0 9914.0 41122.4440679177
0.0 6774.0 58.0 281.0 1132.8956370607839
9.0 4243.0 1324.0 6424.0 26482.861796797803
0.0 3876.0 1565.0 7026.0 30292.178686757907
5.0 4250.0 1323.0 6402.0 26408.8916573869
2.0 2800.0 2088.0 9889.0 41068.079216947655
3.0 4251.0 1321.0 6407.0 26399.07559352003
5.0 6772.0 59.0 282.0 1158.8432828462994
6.0 4292.0 1314.0 6268.0 26034.972299861824
0.0 6685.0 105.0 449.0 2013.7162413644069
3.0 2278.0 2343.0 11161.0 46318.87668428364
3.0 877.0 3056.0 14457.0 60340.14537986573
1346.0 5458.0 736.0 3447.0 14344.797902806096
9.0 2810.0 2079.0 9877.0 40983.27627917385
0.0 1677.0 2631.0 12627.0 52326.45138373766
0.0 1334.0 2847.0 13218.0 55867.578827265024
3.0 4339.0 1287.0 6214.0 25772.535513501964
3.0 4292.0 1313.0 6280.0 26048.157223224076
10.0 6771.0 63.0 249.0 1174.8415038577511
0.0 6761.0 64.0 290.0 1253.0508317350625
0.0 666.0 3149.0 15060.0 62461.85398571567
1339.0 5460.0 736.0 3450.0 14336.235638028838
9.0 6770.0 59.0 284.0 1182.1159745344792
4.0 6770.0 62.0 267.0 1184.6206856689196
238.0 3388.0 1801.0 8257.0 34916.3840736971
4.0 2563.0 2197.0 10545.0 43437.96910109038
4.0 3514.0 1736.0 7985.0 33592.96958156874
3.0 3700.0 1595.0 7639.0 32092.22616179618
2.0 4055.0 1436.0 6906.0 28431.761955990023
0.0 6764.0 72.0 248.0 1229.902209217111
0.0 1722.0 2622.0 12473.0 51786.44128234805
1.0 1199.0 2875.0 13777.0 57109.80673226247
18.0 4861.0 1038.0 4982.0 20316.702468670595
0.0 723.0 3123.0 14886.0 61912.88888937283
123.0 4902.0 1011.0 4920.0 19885.87411407847
11.0 4860.0 1034.0 5013.0 20313.226742819632
0.0 1056.0 2951.0 14061.0 58590.1937588471
6.0 3692.0 1598.0 7663.0 32161.44257375416
0.0 4658.0 1136.0 5344.0 22366.75753998989
126.0 4905.0 1010.0 4911.0 19863.631572152637
0.0 4203.0 1350.0 6575.0 26790.113930648586
2.0 874.0 3058.0 14467.0 60367.18797696951
2.0 4579.0 1172.0 5558.0 23152.737308891043
0.0 6770.0 61.0 269.0 1147.4832099270998
0.0 3697.0 1595.0 7654.0 32120.581048731558
0.0 6766.0 64.0 270.0 1194.2074538274878
0.0 6764.0 72.0 248.0 1229.902209217111
0.0 869.0 3058.0 14492.0 60427.89822854956
0.0 2749.0 2097.0 10143.0 41602.35735014527
0.0 6669.0 112.0 488.0 2211.7418015370304
0.0 6774.0 60.0 249.0 1145.6429461238383
0.0 6640.0 128.0 546.0 2506.632913005986
0.0 3924.0 1506.0 7233.0 29718.277638533385
0.0 1196.0 2876.0 13791.0 57133.65289970787
9.0 4868.0 1031.0 4996.0 20238.08045115496
8.0 6729.0 80.0 360.0 1561.628758445874
0.0 6768.0 64.0 260.0 1212.1009514459195
0.0 6639.0 121.0 597.0 2496.2376520153525
2.0 1680.0 2631.0 12608.0 52287.03491110092
0.0 2525.0 2223.0 10617.0 43880.02416200138
0.0 4708.0 1124.0 5208.0 22030.185245261193
0.0 4866.0 1033.0 4996.0 20263.931816970042
0.0 1006.0 2966.0 14269.0 59107.44439325684
2.0 4113.0 1410.0 6731.0 27724.836447049194
0.0 1124.0 2919.0 13911.0 57926.15102954496
4.0 3513.0 1737.0 7985.0 33599.36349359019
0.0 6770.0 63.0 260.0 1173.2123015667867
0.0 6764.0 72.0 248.0 1229.902209217111
4.0 6773.0 59.0 281.0 1147.0131062398611
11.0 6770.0 59.0 284.0 1175.6978085071203
0.0 4058.0 1434.0 6902.0 28405.017839734242
0.0 6764.0 72.0 248.0 1229.902209217111
4.0 4108.0 1413.0 6742.0 27765.43050714203
0.0 6765.0 65.0 265.0 1210.392589183038
0.0 2278.0 2342.0 11174.0 46315.736131963735
2.0 4010.0 1507.0 6770.0 28968.554687153235
0.0 6770.0 63.0 260.0 1173.2123015667867
0.0 6699.0 98.0 410.0 1922.6030559620388
0.0 4203.0 1350.0 6575.0 26790.113930648586
0.0 636.0 3164.0 15159.0 62822.295252651886
0.0 6774.0 58.0 281.0 1132.8956370607839
0.0 6770.0 63.0 260.0 1173.2123015667867
0.0 6770.0 63.0 260.0 1173.2123015667867
0.0 4115.0 1409.0 6728.0 27708.59730583968
