0.0 1237.0 318.0 1480.0 5939.119161142561
0.0 1843.0 3.0 26.0 63.58086699041833
0.0 1843.0 3.0 26.0 63.58086699041833
0.0 1843.0 3.0 26.0 63.58086699041833
0.0 1513.0 158.0 936.0 3277.7193367672585
0.0 1843.0 3.0 26.0 63.58086699041833
0.0 1843.0 3.0 26.0 63.58086699041833
0.0 1843.0 3.0 26.0 63.58086699041833
0.0 1843.0 3.0 26.0 63.58086699041833
0.0 1843.0 3.0 26.0 63.58086699041833
0.0 1843.0 3.0 26.0 63.58086699041833
0.0 1843.0 3.0 26.0 63.58086699041833
0.0 1237.0 318.0 1480.0 5939.119161142561
0.0 1555.0 153.0 676.0 2831.126031081676
0.0 1843.0 3.0 26.0 63.58086699041833
0.0 1843.0 3.0 26.0 63.58086699041833
0.0 1843.0 3.0 26.0 63.58086699041833
0.0 1539.0 161.0 778.0 3014.4413732335656
0.0 1237.0 318.0 1480.0 5939.119161142561
0.0 1843.0 3.0 26.0 63.58086699041833
0.0 1483.0 196.0 906.0 3614.053773089773
0.0 1843.0 3.0 26.0 63.58086699041833
0.0 1237.0 318.0 1480.0 5939.119161142561
0.0 1547.0 158.0 699.0 2903.2383570913757
0.0 1237.0 318.0 1480.0 5939.119161142561
0.0 1237.0 318.0 1480.0 5939.119161142561
0.0 1843.0 3.0 26.0 63.58086699041833
0.0 1843.0 3.0 26.0 63.58086699041833
0.0 1237.0 318.0 1480.0 5939.119161142561
0.0 1843.0 3.0 26.0 63.58086699041833
0.0 1843.0 3.0 26.0 63.58086699041833
0.0 1553.0 163.0 666.0 2848.900926424408
0.0 1501.0 184.0 837.0 3397.011885475085
0.0 1543.0 143.0 809.0 3031.5107594360966
0.0 1843.0 3.0 26.0 63.58086699041833
0.0 1843.0 3.0 26.0 63.58086699041833
0.0 1237.0 318.0 1480.0 5939.119161142561
0.0 1515.0 174.0 810.0 3267.7176807972296
0.0 1237.0 318.0 1480.0 5939.119161142561
0.0 1843.0 3.0 26.0 63.58086699041833
0.0 1551.0 160.0 671.0 2905.0033891880803
0.0 1509.0 172.0 874.0 3299.4866933760027
0.0 1843.0 3.0 26.0 63.58086699041833
0.0 1519.0 180.0 768.0 3155.6786598993303
0.0 1555.0 158.0 688.0 2829.554861668592
0.0 1843.0 3.0 26.0 63.58086699041833
0.0 1237.0 318.0 1480.0 5939.119161142561
0.0 1843.0 3.0 26.0 63.58086699041833
0.0 1497.0 178.0 887.0 3416.966882134379
0.0 1553.0 162.0 683.0 2843.212031320838
0.0 1843.0 3.0 26.0 63.58086699041833
0.0 1237.0 318.0 1480.0 5939.119161142561
0.0 1843.0 3.0 26.0 63.58086699041833
0.0 1843.0 3.0 26.0 63.58086699041833
0.0 1237.0 318.0 1480.0 5939.119161142561
0.0 1843.0 3.0 26.0 63.58086699041833
0.0 1843.0 3.0 26.0 63.58086699041833
0.0 1237.0 318.0 1480.0 5939.119161142561
0.0 1545.0 158.0 739.0 2973.0035484868527
0.0 1531.0 173.0 715.0 3038.115659953783
0.0 1507.0 172.0 883.0 3301.5971714221955
0.0 1507.0 181.0 832.0 3331.2545149147663
0.0 1525.0 167.0 827.0 3177.29738505824
0.0 1237.0 318.0 1480.0 5939.119161142561
0.0 1843.0 3.0 26.0 63.58086699041833
0.0 1539.0 163.0 747.0 3002.517637894104
0.0 1237.0 318.0 1480.0 5939.119161142561
0.0 1237.0 318.0 1480.0 5939.119161142561
0.0 1237.0 318.0 1480.0 5939.119161142561
0.0 1843.0 3.0 26.0 63.58086699041833
0.0 1237.0 318.0 1480.0 5939.119161142561
0.0 1519.0 179.0 766.0 3179.5137183689785
0.0 1237.0 318.0 1480.0 5939.119161142561
0.0 1527.0 165.0 801.0 3150.4727230488875
0.0 1843.0 3.0 26.0 63.58086699041833
0.0 1567.0 140.0 713.0 2714.092183346583
0.0 1237.0 318.0 1480.0 5939.119161142561
0.0 1237.0 318.0 1480.0 5939.119161142561
0.0 1843.0 3.0 26.0 63.58086699041833
0.0 1843.0 3.0 26.0 63.58086699041833
0.0 1237.0 318.0 1480.0 5939.119161142561
0.0 1843.0 3.0 26.0 63.58086699041833
0.0 1237.0 318.0 1480.0 5939.119161142561
0.0 1563.0 148.0 681.0 2728.5849833922143
0.0 1843.0 3.0 26.0 63.58086699041833
0.0 1553.0 149.0 733.0 2905.9017169775943
0.0 1237.0 318.0 1480.0 5939.119161142561
0.0 1237.0 318.0 1480.0 5939.119161142561
0.0 1237.0 318.0 1480.0 5939.119161142561
0.0 1521.0 175.0 769.0 3143.9446404877785
0.0 1237.0 318.0 1480.0 5939.119161142561
0.0 1843.0 3.0 26.0 63.58086699041833
0.0 1237.0 318.0 1480.0 5939.119161142561
0.0 1549.0 165.0 667.0 2955.607521281234
0.0 1843.0 3.0 26.0 63.58086699041833
0.0 1517.0 166.0 877.0 3234.98247627181
0.0 1531.0 162.0 783.0 3123.0889006571356
0.0 1237.0 318.0 1480.0 5939.119161142561
0.0 1843.0 3.0 26.0 63.58086699041833
0.0 1843.0 3.0 26.0 63.58086699041833
0.0 1843.0 3.0 26.0 63.58086699041833
0.0 1843.0 3.0 26.0 63.58086699041833
0.0 1495.0 174.0 917.0 3417.489602408065
0.0 1573.0 141.0 662.0 2733.3759981753074
0.0 1843.0 3.0 26.0 63.58086699041833
0.0 1843.0 3.0 26.0 63.58086699041833
0.0 1527.0 168.0 716.0 3161.555763081272
0.0 1567.0 146.0 676.0 2747.9291055161557
0.0 1843.0 3.0 26.0 63.58086699041833
0.0 1557.0 152.0 718.0 2837.4065028897066
0.0 1843.0 3.0 26.0 63.58086699041833
0.0 1515.0 179.0 750.0 3219.797070795976
0.0 1237.0 318.0 1480.0 5939.119161142561
0.0 1843.0 3.0 26.0 63.58086699041833
0.0 1843.0 3.0 26.0 63.58086699041833
0.0 1843.0 3.0 26.0 63.58086699041833
0.0 1843.0 3.0 26.0 63.58086699041833
0.0 1555.0 156.0 719.0 2823.669044239668
0.0 1237.0 318.0 1480.0 5939.119161142561
0.0 1843.0 3.0 26.0 63.58086699041833
0.0 1843.0 3.0 26.0 63.58086699041833
0.0 1237.0 318.0 1480.0 5939.119161142561
0.0 1551.0 142.0 793.0 2949.9802870623134
0.0 1237.0 318.0 1480.0 5939.119161142561
0.0 1525.0 164.0 851.0 3158.821965930983
0.0 1237.0 318.0 1480.0 5939.119161142561
0.0 1525.0 171.0 719.0 3146.361928389759
0.0 1843.0 3.0 26.0 63.58086699041833
0.0 1513.0 165.0 887.0 3273.4567788480035
0.0 1237.0 318.0 1480.0 5939.119161142561
0.0 1843.0 3.0 26.0 63.58086699041833
0.0 1237.0 318.0 1480.0 5939.119161142561
0.0 1517.0 170.0 785.0 3205.3850042619983
0.0 1555.0 139.0 820.0 2866.945466730736
0.0 1237.0 318.0 1480.0 5939.119161142561
0.0 1573.0 143.0 667.0 2667.462711335298
0.0 1237.0 318.0 1480.0 5939.119161142561
0.0 1237.0 318.0 1480.0 5939.119161142561
0.0 1843.0 3.0 26.0 63.58086699041833
0.0 1237.0 318.0 1480.0 5939.119161142561
0.0 1559.0 155.0 667.0 2890.879106758177
0.0 1237.0 318.0 1480.0 5939.119161142561
0.0 1843.0 3.0 26.0 63.58086699041833
0.0 1843.0 3.0 26.0 63.58086699041833
0.0 1519.0 177.0 749.0 3215.046701897637
0.0 1237.0 318.0 1480.0 5939.119161142561
0.0 1237.0 318.0 1480.0 5939.119161142561
0.0 1535.0 155.0 783.0 3040.9106055057305
0.0 1237.0 318.0 1480.0 5939.119161142561
0.0 1843.0 3.0 26.0 63.58086699041833
0.0 1843.0 3.0 26.0 63.58086699041833
0.0 1529.0 169.0 744.0 3047.619999132046
0.0 1237.0 318.0 1480.0 5939.119161142561
0.0 1237.0 318.0 1480.0 5939.119161142561
0.0 1237.0 318.0 1480.0 5939.119161142561
0.0 1237.0 318.0 1480.0 5939.119161142561
0.0 1843.0 3.0 26.0 63.58086699041833
0.0 1843.0 3.0 26.0 63.58086699041833
0.0 1535.0 166.0 721.0 3024.1723515120457
0.0 1843.0 3.0 26.0 63.58086699041833
0.0 1237.0 318.0 1480.0 5939.119161142561
0.0 1237.0 318.0 1480.0 5939.119161142561
0.0 1503.0 183.0 833.0 3320.8972141719223
0.0 1555.0 161.0 695.0 2811.347991376342
0.0 1843.0 3.0 26.0 63.58086699041833
0.0 1237.0 318.0 1480.0 5939.119161142561
0.0 1843.0 3.0 26.0 63.58086699041833
0.0 1843.0 3.0 26.0 63.58086699041833
0.0 1843.0 3.0 26.0 63.58086699041833
0.0 1237.0 318.0 1480.0 5939.119161142561
0.0 1237.0 318.0 1480.0 5939.119161142561
0.0 1237.0 318.0 1480.0 5939.119161142561
0.0 1843.0 3.0 26.0 63.58086699041833
0.0 1843.0 3.0 26.0 63.58086699041833
0.0 1237.0 318.0 1480.0 5939.119161142561
0.0 1549.0 153.0 764.0 2884.611862224279
0.0 1519.0 178.0 771.0 3184.925493742277
0.0 1237.0 318.0 1480.0 5939.119161142561
0.0 1543.0 167.0 712.0 2970.0504658315126
0.0 1843.0 3.0 26.0 63.58086699041833
0.0 1237.0 318.0 1480.0 5939.119161142561
0.0 1843.0 3.0 26.0 63.58086699041833
0.0 1553.0 144.0 776.0 2889.9546174797038
0.0 1237.0 318.0 1480.0 5939.119161142561
0.0 1559.0 147.0 717.0 2805.791239984815
0.0 1843.0 3.0 26.0 63.58086699041833
0.0 1237.0 318.0 1480.0 5939.119161142561
0.0 1237.0 318.0 1480.0 5939.119161142561
0.0 1843.0 3.0 26.0 63.58086699041833
0.0 1237.0 318.0 1480.0 5939.119161142561
0.0 1843.0 3.0 26.0 63.58086699041833
0.0 1237.0 318.0 1480.0 5939.119161142561
0.0 1843.0 3.0 26.0 63.58086699041833
0.0 1237.0 318.0 1480.0 5939.119161142561
0.0 1237.0 318.0 1480.0 5939.119161142561
0.0 1237.0 318.0 1480.0 5939.119161142561
0.0 1843.0 3.0 26.0 63.58086699041833
0.0 1237.0 318.0 1480.0 5939.119161142561
0.0 1547.0 149.0 764.0 2922.8492070463494
0.0 1513.0 175.0 783.0 3284.4390504724875
0.0 1523.0 174.0 793.0 3186.258536788668
0.0 1843.0 3.0 26.0 63.58086699041833
0.0 1843.0 3.0 26.0 63.58086699041833
0.0 1237.0 318.0 1480.0 5939.119161142561
0.0 1543.0 164.0 713.0 2903.9656082642114
0.0 1843.0 3.0 26.0 63.58086699041833
0.0 1843.0 3.0 26.0 63.58086699041833
0.0 1537.0 163.0 750.0 3043.17245752923
0.0 1843.0 3.0 26.0 63.58086699041833
0.0 1237.0 318.0 1480.0 5939.119161142561
0.0 1237.0 318.0 1480.0 5939.119161142561
0.0 1237.0 318.0 1480.0 5939.119161142561
0.0 1843.0 3.0 26.0 63.58086699041833
0.0 1237.0 318.0 1480.0 5939.119161142561
0.0 1237.0 318.0 1480.0 5939.119161142561
0.0 1237.0 318.0 1480.0 5939.119161142561
0.0 1843.0 3.0 26.0 63.58086699041833
0.0 1529.0 177.0 689.0 3090.3950712597525
0.0 1549.0 143.0 790.0 2956.197743082697
0.0 1539.0 158.0 784.0 2945.289947775323
0.0 1237.0 318.0 1480.0 5939.119161142561
0.0 1237.0 318.0 1480.0 5939.119161142561
0.0 1237.0 318.0 1480.0 5939.119161142561
0.0 1237.0 318.0 1480.0 5939.119161142561
0.0 1843.0 3.0 26.0 63.58086699041833
0.0 1843.0 3.0 26.0 63.58086699041833
0.0 1843.0 3.0 26.0 63.58086699041833
0.0 1237.0 318.0 1480.0 5939.119161142561
0.0 1523.0 175.0 765.0 3164.018235725208
0.0 1527.0 166.0 790.0 3124.949518490422
0.0 1237.0 318.0 1480.0 5939.119161142561
0.0 1843.0 3.0 26.0 63.58086699041833
0.0 1843.0 3.0 26.0 63.58086699041833
0.0 1519.0 163.0 825.0 3221.7561682007436
0.0 1843.0 3.0 26.0 63.58086699041833
0.0 1555.0 146.0 752.0 2857.544477656287
0.0 1843.0 3.0 26.0 63.58086699041833
0.0 1843.0 3.0 26.0 63.58086699041833
0.0 1843.0 3.0 26.0 63.58086699041833
0.0 1237.0 318.0 1480.0 5939.119161142561
0.0 1843.0 3.0 26.0 63.58086699041833
0.0 1237.0 318.0 1480.0 5939.119161142561
0.0 1843.0 3.0 26.0 63.58086699041833
0.0 1843.0 3.0 26.0 63.58086699041833
0.0 1237.0 318.0 1480.0 5939.119161142561
0.0 1563.0 146.0 725.0 2853.3459158346354
0.0 1843.0 3.0 26.0 63.58086699041833
0.0 1843.0 3.0 26.0 63.58086699041833
0.0 1237.0 318.0 1480.0 5939.119161142561
0.0 1237.0 318.0 1480.0 5939.119161142561
0.0 1237.0 318.0 1480.0 5939.119161142561
0.0 1237.0 318.0 1480.0 5939.119161142561
0.0 1237.0 318.0 1480.0 5939.119161142561
0.0 1545.0 151.0 780.0 2995.7570054551234
0.0 1843.0 3.0 26.0 63.58086699041833
0.0 1547.0 156.0 758.0 2936.105978858511
0.0 1237.0 318.0 1480.0 5939.119161142561
0.0 1541.0 155.0 799.0 2992.1033617237963
0.0 1843.0 3.0 26.0 63.58086699041833
0.0 1843.0 3.0 26.0 63.58086699041833
0.0 1237.0 318.0 1480.0 5939.119161142561
0.0 1237.0 318.0 1480.0 5939.119161142561
0.0 1843.0 3.0 26.0 63.58086699041833
0.0 1237.0 318.0 1480.0 5939.119161142561
0.0 1531.0 156.0 796.0 3092.4318371463546
0.0 1843.0 3.0 26.0 63.58086699041833
0.0 1237.0 318.0 1480.0 5939.119161142561
0.0 1237.0 318.0 1480.0 5939.119161142561
0.0 1557.0 161.0 643.0 2749.5924591617654
0.0 1843.0 3.0 26.0 63.58086699041833
0.0 1843.0 3.0 26.0 63.58086699041833
0.0 1237.0 318.0 1480.0 5939.119161142561
0.0 1527.0 180.0 703.0 3213.4220755218516
0.0 1237.0 318.0 1480.0 5939.119161142561
0.0 1843.0 3.0 26.0 63.58086699041833
0.0 1843.0 3.0 26.0 63.58086699041833
0.0 1509.0 180.0 773.0 3309.976337620363
0.0 1843.0 3.0 26.0 63.58086699041833
0.0 1541.0 160.0 742.0 2980.238141829475
0.0 1559.0 141.0 733.0 2861.7051598137778
0.0 1555.0 158.0 695.0 2824.9735505757817
0.0 1237.0 318.0 1480.0 5939.119161142561
