0.0 1237.0 318.0 1480.0 5939.119161142561
0.0 1237.0 318.0 1480.0 5939.119161142561
0.0 1529.0 174.0 776.0 3098.5826054308695
0.0 1843.0 3.0 26.0 63.58086699041833
0.0 1523.0 171.0 750.0 3177.2609396358184
0.0 1843.0 3.0 26.0 63.58086699041833
0.0 1537.0 162.0 760.0 2982.366644899493
0.0 1237.0 318.0 1480.0 5939.119161142561
0.0 1237.0 318.0 1480.0 5939.119161142561
0.0 1843.0 3.0 26.0 63.58086699041833
0.0 1519.0 184.0 743.0 3238.1767117758272
0.0 1237.0 318.0 1480.0 5939.119161142561
0.0 1843.0 3.0 26.0 63.58086699041833
0.0 1533.0 165.0 735.0 3087.4784626452256
0.0 1843.0 3.0 26.0 63.58086699041833
0.0 1237.0 318.0 1480.0 5939.119161142561
0.0 1843.0 3.0 26.0 63.58086699041833
0.0 1843.0 3.0 26.0 63.58086699041833
0.0 1533.0 164.0 758.0 3023.878774137864
0.0 1237.0 318.0 1480.0 5939.119161142561
0.0 1237.0 318.0 1480.0 5939.119161142561
0.0 1237.0 318.0 1480.0 5939.119161142561
0.0 1237.0 318.0 1480.0 5939.119161142561
0.0 1237.0 318.0 1480.0 5939.119161142561
0.0 1547.0 157.0 717.0 2979.2161266738035
0.0 1843.0 3.0 26.0 63.58086699041833
0.0 1539.0 167.0 720.0 2950.398773645531
0.0 1237.0 318.0 1480.0 5939.119161142561
0.0 1843.0 3.0 26.0 63.58086699041833
0.0 1525.0 166.0 785.0 3084.944620816802
0.0 1541.0 165.0 685.0 3006.466876867467
0.0 1237.0 318.0 1480.0 5939.119161142561
0.0 1549.0 160.0 724.0 2841.995840733597
0.0 1567.0 141.0 729.0 2796.858570760371
0.0 1237.0 318.0 1480.0 5939.119161142561
0.0 1843.0 3.0 26.0 63.58086699041833
0.0 1843.0 3.0 26.0 63.58086699041833
0.0 1237.0 318.0 1480.0 5939.119161142561
0.0 1237.0 318.0 1480.0 5939.119161142561
0.0 1843.0 3.0 26.0 63.58086699041833
0.0 1511.0 167.0 845.0 3292.0745607486415
0.0 1519.0 160.0 846.0 3184.8003635342143
0.0 1237.0 318.0 1480.0 5939.119161142561
0.0 1237.0 318.0 1480.0 5939.119161142561
0.0 1843.0 3.0 26.0 63.58086699041833
0.0 1237.0 318.0 1480.0 5939.119161142561
0.0 1843.0 3.0 26.0 63.58086699041833
0.0 1843.0 3.0 26.0 63.58086699041833
0.0 1237.0 318.0 1480.0 5939.119161142561
0.0 1237.0 318.0 1480.0 5939.119161142561
0.0 1843.0 3.0 26.0 63.58086699041833
0.0 1237.0 318.0 1480.0 5939.119161142561
0.0 1843.0 3.0 26.0 63.58086699041833
0.0 1549.0 148.0 758.0 2956.715280473156
0.0 1843.0 3.0 26.0 63.58086699041833
0.0 1237.0 318.0 1480.0 5939.119161142561
0.0 1237.0 318.0 1480.0 5939.119161142561
0.0 1547.0 161.0 719.0 2898.5047591485018
0.0 1557.0 154.0 734.0 2789.7589782450905
0.0 1237.0 318.0 1480.0 5939.119161142561
0.0 1237.0 318.0 1480.0 5939.119161142561
0.0 1843.0 3.0 26.0 63.58086699041833
0.0 1237.0 318.0 1480.0 5939.119161142561
0.0 1237.0 318.0 1480.0 5939.119161142561
0.0 1843.0 3.0 26.0 63.58086699041833
0.0 1237.0 318.0 1480.0 5939.119161142561
0.0 1237.0 318.0 1480.0 5939.119161142561
0.0 1237.0 318.0 1480.0 5939.119161142561
0.0 1237.0 318.0 1480.0 5939.119161142561
0.0 1237.0 318.0 1480.0 5939.119161142561
0.0 1843.0 3.0 26.0 63.58086699041833
0.0 1843.0 3.0 26.0 63.58086699041833
0.0 1843.0 3.0 26.0 63.58086699041833
0.0 1237.0 318.0 1480.0 5939.119161142561
0.0 1843.0 3.0 26.0 63.58086699041833
0.0 1237.0 318.0 1480.0 5939.119161142561
0.0 1531.0 165.0 785.0 3116.154567382176
0.0 1237.0 318.0 1480.0 5939.119161142561
0.0 1237.0 318.0 1480.0 5939.119161142561
0.0 1533.0 160.0 815.0 3095.733597255832
0.0 1237.0 318.0 1480.0 5939.119161142561
0.0 1843.0 3.0 26.0 63.58086699041833
0.0 1237.0 318.0 1480.0 5939.119161142561
0.0 1237.0 318.0 1480.0 5939.119161142561
0.0 1525.0 182.0 731.0 3139.0449294133286
0.0 1843.0 3.0 26.0 63.58086699041833
0.0 1843.0 3.0 26.0 63.58086699041833
0.0 1843.0 3.0 26.0 63.58086699041833
0.0 1237.0 318.0 1480.0 5939.119161142561
0.0 1237.0 318.0 1480.0 5939.119161142561
0.0 1843.0 3.0 26.0 63.58086699041833
0.0 1843.0 3.0 26.0 63.58086699041833
0.0 1843.0 3.0 26.0 63.58086699041833
0.0 1843.0 3.0 26.0 63.58086699041833
0.0 1557.0 148.0 736.0 2829.191908260736
0.0 1237.0 318.0 1480.0 5939.119161142561
0.0 1237.0 318.0 1480.0 5939.119161142561
0.0 1531.0 145.0 890.0 3133.583451689568
0.0 1237.0 318.0 1480.0 5939.119161142561
0.0 1539.0 167.0 709.0 3027.7848223845012
0.0 1237.0 318.0 1480.0 5939.119161142561
0.0 1843.0 3.0 26.0 63.58086699041833
0.0 1843.0 3.0 26.0 63.58086699041833
0.0 1557.0 149.0 718.0 2789.9705158922097
0.0 1555.0 146.0 745.0 2848.591511102717
0.0 1503.0 188.0 795.0 3369.8263043344086
0.0 1237.0 318.0 1480.0 5939.119161142561
0.0 1237.0 318.0 1480.0 5939.119161142561
0.0 1539.0 157.0 744.0 3000.5420754463394
0.0 1545.0 163.0 690.0 2905.8124153468725
0.0 1531.0 166.0 764.0 3073.866918184358
0.0 1843.0 3.0 26.0 63.58086699041833
0.0 1543.0 155.0 801.0 2942.643445116502
0.0 1237.0 318.0 1480.0 5939.119161142561
0.0 1843.0 3.0 26.0 63.58086699041833
0.0 1237.0 318.0 1480.0 5939.119161142561
0.0 1523.0 167.0 779.0 3129.2942656207447
0.0 1237.0 318.0 1480.0 5939.119161142561
0.0 1843.0 3.0 26.0 63.58086699041833
0.0 1843.0 3.0 26.0 63.58086699041833
0.0 1237.0 318.0 1480.0 5939.119161142561
0.0 1843.0 3.0 26.0 63.58086699041833
0.0 1237.0 318.0 1480.0 5939.119161142561
0.0 1237.0 318.0 1480.0 5939.119161142561
0.0 1237.0 318.0 1480.0 5939.119161142561
0.0 1237.0 318.0 1480.0 5939.119161142561
0.0 1549.0 163.0 686.0 2952.4581274302427
0.0 1237.0 318.0 1480.0 5939.119161142561
0.0 1237.0 318.0 1480.0 5939.119161142561
0.0 1237.0 318.0 1480.0 5939.119161142561
0.0 1549.0 150.0 737.0 2976.1968471651717
0.0 1237.0 318.0 1480.0 5939.119161142561
0.0 1843.0 3.0 26.0 63.58086699041833
0.0 1843.0 3.0 26.0 63.58086699041833
0.0 1541.0 154.0 746.0 3040.315975996583
0.0 1237.0 318.0 1480.0 5939.119161142561
0.0 1237.0 318.0 1480.0 5939.119161142561
0.0 1537.0 154.0 822.0 3035.3871514583147
0.0 1237.0 318.0 1480.0 5939.119161142561
0.0 1843.0 3.0 26.0 63.58086699041833
0.0 1843.0 3.0 26.0 63.58086699041833
0.0 1843.0 3.0 26.0 63.58086699041833
0.0 1843.0 3.0 26.0 63.58086699041833
0.0 1843.0 3.0 26.0 63.58086699041833
0.0 1237.0 318.0 1480.0 5939.119161142561
0.0 1237.0 318.0 1480.0 5939.119161142561
0.0 1843.0 3.0 26.0 63.58086699041833
0.0 1237.0 318.0 1480.0 5939.119161142561
0.0 1577.0 133.0 747.0 2686.5640484844866
0.0 1237.0 318.0 1480.0 5939.119161142561
0.0 1237.0 318.0 1480.0 5939.119161142561
0.0 1515.0 156.0 907.0 3274.5207658806994
0.0 1237.0 318.0 1480.0 5939.119161142561
0.0 1843.0 3.0 26.0 63.58086699041833
0.0 1561.0 155.0 676.0 2770.9715139590694
0.0 1537.0 167.0 681.0 3046.407810576672
0.0 1237.0 318.0 1480.0 5939.119161142561
0.0 1843.0 3.0 26.0 63.58086699041833
0.0 1843.0 3.0 26.0 63.58086699041833
0.0 1543.0 161.0 732.0 2914.0444045213053
0.0 1237.0 318.0 1480.0 5939.119161142561
0.0 1237.0 318.0 1480.0 5939.119161142561
0.0 1557.0 163.0 653.0 2773.304299817391
0.0 1237.0 318.0 1480.0 5939.119161142561
0.0 1843.0 3.0 26.0 63.58086699041833
0.0 1505.0 174.0 875.0 3297.9873337468034
0.0 1529.0 164.0 807.0 3079.3991182904383
0.0 1541.0 159.0 721.0 3047.2186491219813
0.0 1843.0 3.0 26.0 63.58086699041833
0.0 1549.0 164.0 647.0 2951.986256655661
0.0 1237.0 318.0 1480.0 5939.119161142561
0.0 1843.0 3.0 26.0 63.58086699041833
0.0 1537.0 163.0 788.0 2964.6047320633397
0.0 1539.0 175.0 658.0 2987.234622093525
0.0 1843.0 3.0 26.0 63.58086699041833
0.0 1237.0 318.0 1480.0 5939.119161142561
0.0 1237.0 318.0 1480.0 5939.119161142561
0.0 1237.0 318.0 1480.0 5939.119161142561
0.0 1237.0 318.0 1480.0 5939.119161142561
0.0 1237.0 318.0 1480.0 5939.119161142561
0.0 1237.0 318.0 1480.0 5939.119161142561
0.0 1237.0 318.0 1480.0 5939.119161142561
0.0 1237.0 318.0 1480.0 5939.119161142561
0.0 1843.0 3.0 26.0 63.58086699041833
0.0 1237.0 318.0 1480.0 5939.119161142561
0.0 1521.0 173.0 816.0 3236.6724980923727
0.0 1843.0 3.0 26.0 63.58086699041833
0.0 1237.0 318.0 1480.0 5939.119161142561
0.0 1843.0 3.0 26.0 63.58086699041833
0.0 1237.0 318.0 1480.0 5939.119161142561
0.0 1843.0 3.0 26.0 63.58086699041833
0.0 1549.0 153.0 745.0 2947.32574407321
0.0 1237.0 318.0 1480.0 5939.119161142561
0.0 1549.0 164.0 678.0 2914.843200723055
0.0 1527.0 167.0 760.0 3110.7432827685357
0.0 1541.0 156.0 784.0 2995.8395093036975
0.0 1843.0 3.0 26.0 63.58086699041833
0.0 1541.0 172.0 695.0 3005.185008270502
0.0 1237.0 318.0 1480.0 5939.119161142561
0.0 1237.0 318.0 1480.0 5939.119161142561
0.0 1237.0 318.0 1480.0 5939.119161142561
0.0 1237.0 318.0 1480.0 5939.119161142561
0.0 1567.0 142.0 694.0 2771.1618522425215
0.0 1843.0 3.0 26.0 63.58086699041833
0.0 1843.0 3.0 26.0 63.58086699041833
0.0 1237.0 318.0 1480.0 5939.119161142561
0.0 1561.0 154.0 689.0 2776.2737730546714
0.0 1537.0 161.0 740.0 3036.0021386040644
0.0 1237.0 318.0 1480.0 5939.119161142561
0.0 1549.0 159.0 685.0 2983.847918123716
0.0 1521.0 179.0 741.0 3188.528593930844
0.0 1551.0 146.0 785.0 2892.673953532444
0.0 1237.0 318.0 1480.0 5939.119161142561
0.0 1843.0 3.0 26.0 63.58086699041833
0.0 1531.0 164.0 817.0 3077.212422748368
0.0 1843.0 3.0 26.0 63.58086699041833
0.0 1237.0 318.0 1480.0 5939.119161142561
0.0 1553.0 161.0 658.0 2879.1266348029726
0.0 1237.0 318.0 1480.0 5939.119161142561
0.0 1535.0 163.0 766.0 3027.8439609616144
0.0 1843.0 3.0 26.0 63.58086699041833
0.0 1527.0 167.0 771.0 3100.0381401453383
0.0 1539.0 160.0 740.0 2993.8110744004343
0.0 1557.0 157.0 657.0 2875.9109458025578
0.0 1505.0 167.0 937.0 3343.5984551415663
0.0 1843.0 3.0 26.0 63.58086699041833
0.0 1535.0 164.0 723.0 3074.819623561162
0.0 1843.0 3.0 26.0 63.58086699041833
0.0 1237.0 318.0 1480.0 5939.119161142561
0.0 1533.0 161.0 819.0 3078.3606141022938
0.0 1559.0 143.0 693.0 2759.3606316297414
0.0 1843.0 3.0 26.0 63.58086699041833
0.0 1549.0 156.0 731.0 2899.463164532881
0.0 1563.0 146.0 687.0 2787.7557796863043
0.0 1843.0 3.0 26.0 63.58086699041833
0.0 1515.0 167.0 838.0 3260.4671725640833
0.0 1237.0 318.0 1480.0 5939.119161142561
0.0 1521.0 177.0 776.0 3177.343261574526
0.0 1843.0 3.0 26.0 63.58086699041833
0.0 1237.0 318.0 1480.0 5939.119161142561
0.0 1237.0 318.0 1480.0 5939.119161142561
0.0 1237.0 318.0 1480.0 5939.119161142561
0.0 1569.0 145.0 655.0 2660.5781202011717
0.0 1843.0 3.0 26.0 63.58086699041833
0.0 1569.0 144.0 736.0 2696.180564450629
0.0 1237.0 318.0 1480.0 5939.119161142561
0.0 1533.0 155.0 827.0 3072.906543795863
0.0 1527.0 162.0 872.0 3164.4962257454913
0.0 1843.0 3.0 26.0 63.58086699041833
0.0 1529.0 165.0 722.0 3126.7106673081184
0.0 1525.0 173.0 740.0 3127.6294389794284
0.0 1843.0 3.0 26.0 63.58086699041833
0.0 1843.0 3.0 26.0 63.58086699041833
0.0 1843.0 3.0 26.0 63.58086699041833
0.0 1237.0 318.0 1480.0 5939.119161142561
0.0 1843.0 3.0 26.0 63.58086699041833
0.0 1843.0 3.0 26.0 63.58086699041833
0.0 1237.0 318.0 1480.0 5939.119161142561
0.0 1843.0 3.0 26.0 63.58086699041833
0.0 1237.0 318.0 1480.0 5939.119161142561
0.0 1559.0 148.0 626.0 2800.103993592902
0.0 1843.0 3.0 26.0 63.58086699041833
0.0 1533.0 158.0 809.0 3128.5583278090376
0.0 1237.0 318.0 1480.0 5939.119161142561
0.0 1515.0 162.0 881.0 3202.141041295013
0.0 1555.0 150.0 700.0 2842.7728707876586
0.0 1843.0 3.0 26.0 63.58086699041833
0.0 1513.0 169.0 860.0 3263.339045263742
0.0 1237.0 318.0 1480.0 5939.119161142561
0.0 1843.0 3.0 26.0 63.58086699041833
0.0 1843.0 3.0 26.0 63.58086699041833
0.0 1843.0 3.0 26.0 63.58086699041833
0.0 1237.0 318.0 1480.0 5939.119161142561
0.0 1237.0 318.0 1480.0 5939.119161142561
0.0 1523.0 174.0 752.0 3159.08236782414
