0.0 1843.0 3.0 26.0 63.58086699041833
0.0 1843.0 3.0 26.0 63.58086699041833
0.0 1237.0 318.0 1480.0 5939.119161142561
0.0 1237.0 318.0 1480.0 5939.119161142561
0.0 1843.0 3.0 26.0 63.58086699041833
0.0 1237.0 318.0 1480.0 5939.119161142561
0.0 1843.0 3.0 26.0 63.58086699041833
0.0 1843.0 3.0 26.0 63.58086699041833
0.0 1843.0 3.0 26.0 63.58086699041833
0.0 1237.0 318.0 1480.0 5939.119161142561
0.0 1529.0 171.0 754.0 3137.6671122558287
0.0 1843.0 3.0 26.0 63.58086699041833
0.0 1527.0 173.0 773.0 3135.409052658494
0.0 1237.0 318.0 1480.0 5939.119161142561
0.0 1553.0 156.0 637.0 2844.2094587801103
0.0 1561.0 156.0 659.0 2820.7311747402887
0.0 1237.0 318.0 1480.0 5939.119161142561
0.0 1551.0 153.0 737.0 2930.9259860084767
0.0 1535.0 180.0 697.0 3030.59809951383
0.0 1843.0 3.0 26.0 63.58086699041833
0.0 1843.0 3.0 26.0 63.58086699041833
0.0 1237.0 318.0 1480.0 5939.119161142561
0.0 1545.0 140.0 850.0 2957.243657174214
0.0 1237.0 318.0 1480.0 5939.119161142561
0.0 1843.0 3.0 26.0 63.58086699041833
0.0 1843.0 3.0 26.0 63.58086699041833
0.0 1843.0 3.0 26.0 63.58086699041833
0.0 1843.0 3.0 26.0 63.58086699041833
0.0 1237.0 318.0 1480.0 5939.119161142561
0.0 1237.0 318.0 1480.0 5939.119161142561
0.0 1843.0 3.0 26.0 63.58086699041833
0.0 1237.0 318.0 1480.0 5939.119161142561
0.0 1237.0 318.0 1480.0 5939.119161142561
0.0 1843.0 3.0 26.0 63.58086699041833
0.0 1843.0 3.0 26.0 63.58086699041833
0.0 1237.0 318.0 1480.0 5939.119161142561
0.0 1237.0 318.0 1480.0 5939.119161142561
0.0 1511.0 170.0 823.0 3242.388897619329
0.0 1561.0 157.0 646.0 2833.3168474757686
0.0 1237.0 318.0 1480.0 5939.119161142561
0.0 1237.0 318.0 1480.0 5939.119161142561
0.0 1237.0 318.0 1480.0 5939.119161142561
0.0 1237.0 318.0 1480.0 5939.119161142561
0.0 1551.0 154.0 733.0 2887.3765603963725
0.0 1843.0 3.0 26.0 63.58086699041833
0.0 1237.0 318.0 1480.0 5939.119161142561
0.0 1527.0 178.0 723.0 3124.9084588047067
0.0 1237.0 318.0 1480.0 5939.119161142561
0.0 1237.0 318.0 1480.0 5939.119161142561
0.0 1237.0 318.0 1480.0 5939.119161142561
0.0 1237.0 318.0 1480.0 5939.119161142561
0.0 1237.0 318.0 1480.0 5939.119161142561
0.0 1237.0 318.0 1480.0 5939.119161142561
0.0 1843.0 3.0 26.0 63.58086699041833
0.0 1237.0 318.0 1480.0 5939.119161142561
0.0 1533.0 166.0 772.0 3041.3143798933493
0.0 1237.0 318.0 1480.0 5939.119161142561
0.0 1237.0 318.0 1480.0 5939.119161142561
0.0 1843.0 3.0 26.0 63.58086699041833
0.0 1843.0 3.0 26.0 63.58086699041833
0.0 1557.0 148.0 677.0 2848.8158448719737
0.0 1539.0 175.0 697.0 3033.182566239826
0.0 1237.0 318.0 1480.0 5939.119161142561
0.0 1553.0 160.0 627.0 2890.7620899329127
0.0 1547.0 156.0 710.0 2997.317653762669
0.0 1515.0 182.0 779.0 3240.8941785541156
0.0 1537.0 164.0 708.0 2990.4413575507288
0.0 1843.0 3.0 26.0 63.58086699041833
0.0 1237.0 318.0 1480.0 5939.119161142561
0.0 1517.0 184.0 766.0 3208.3915174970593
0.0 1237.0 318.0 1480.0 5939.119161142561
0.0 1237.0 318.0 1480.0 5939.119161142561
0.0 1843.0 3.0 26.0 63.58086699041833
0.0 1843.0 3.0 26.0 63.58086699041833
0.0 1541.0 159.0 763.0 2979.191041002175
0.0 1555.0 152.0 768.0 2920.431734451637
0.0 1843.0 3.0 26.0 63.58086699041833
0.0 1843.0 3.0 26.0 63.58086699041833
0.0 1843.0 3.0 26.0 63.58086699041833
0.0 1563.0 146.0 700.0 2827.274650384606
0.0 1843.0 3.0 26.0 63.58086699041833
0.0 1843.0 3.0 26.0 63.58086699041833
0.0 1237.0 318.0 1480.0 5939.119161142561
0.0 1843.0 3.0 26.0 63.58086699041833
0.0 1551.0 159.0 779.0 2856.0819747228593
0.0 1237.0 318.0 1480.0 5939.119161142561
0.0 1237.0 318.0 1480.0 5939.119161142561
0.0 1237.0 318.0 1480.0 5939.119161142561
0.0 1843.0 3.0 26.0 63.58086699041833
0.0 1237.0 318.0 1480.0 5939.119161142561
0.0 1843.0 3.0 26.0 63.58086699041833
0.0 1843.0 3.0 26.0 63.58086699041833
0.0 1545.0 156.0 786.0 2944.6879950061607
0.0 1843.0 3.0 26.0 63.58086699041833
0.0 1237.0 318.0 1480.0 5939.119161142561
0.0 1843.0 3.0 26.0 63.58086699041833
0.0 1843.0 3.0 26.0 63.58086699041833
0.0 1843.0 3.0 26.0 63.58086699041833
0.0 1535.0 157.0 764.0 3015.0544218382793
0.0 1843.0 3.0 26.0 63.58086699041833
0.0 1567.0 155.0 648.0 2759.8924524226986
0.0 1237.0 318.0 1480.0 5939.119161142561
0.0 1237.0 318.0 1480.0 5939.119161142561
0.0 1237.0 318.0 1480.0 5939.119161142561
0.0 1559.0 159.0 667.0 2770.0641772091803
0.0 1561.0 153.0 686.0 2751.61541661054
0.0 1237.0 318.0 1480.0 5939.119161142561
0.0 1537.0 163.0 732.0 2986.585143480044
0.0 1843.0 3.0 26.0 63.58086699041833
0.0 1237.0 318.0 1480.0 5939.119161142561
0.0 1843.0 3.0 26.0 63.58086699041833
0.0 1843.0 3.0 26.0 63.58086699041833
0.0 1547.0 162.0 698.0 2938.8653738857447
0.0 1843.0 3.0 26.0 63.58086699041833
0.0 1237.0 318.0 1480.0 5939.119161142561
0.0 1539.0 166.0 748.0 2954.720891241643
0.0 1843.0 3.0 26.0 63.58086699041833
0.0 1237.0 318.0 1480.0 5939.119161142561
0.0 1539.0 165.0 703.0 2988.5789761759656
0.0 1545.0 144.0 784.0 2990.145112135875
0.0 1237.0 318.0 1480.0 5939.119161142561
0.0 1237.0 318.0 1480.0 5939.119161142561
0.0 1523.0 153.0 858.0 3210.639677137606
0.0 1843.0 3.0 26.0 63.58086699041833
0.0 1549.0 163.0 701.0 2935.861266067542
0.0 1843.0 3.0 26.0 63.58086699041833
0.0 1237.0 318.0 1480.0 5939.119161142561
0.0 1237.0 318.0 1480.0 5939.119161142561
0.0 1843.0 3.0 26.0 63.58086699041833
0.0 1237.0 318.0 1480.0 5939.119161142561
0.0 1557.0 138.0 807.0 2835.4925849166307
0.0 1843.0 3.0 26.0 63.58086699041833
0.0 1575.0 141.0 772.0 2666.392711265782
0.0 1535.0 171.0 714.0 3021.7761250581734
0.0 1501.0 173.0 911.0 3410.9940001097357
0.0 1539.0 148.0 794.0 3028.1603284216358
0.0 1237.0 318.0 1480.0 5939.119161142561
0.0 1571.0 145.0 688.0 2687.222400514352
0.0 1237.0 318.0 1480.0 5939.119161142561
0.0 1543.0 147.0 777.0 2988.0819824612586
0.0 1237.0 318.0 1480.0 5939.119161142561
0.0 1843.0 3.0 26.0 63.58086699041833
0.0 1519.0 172.0 828.0 3191.16969474299
0.0 1843.0 3.0 26.0 63.58086699041833
0.0 1843.0 3.0 26.0 63.58086699041833
0.0 1843.0 3.0 26.0 63.58086699041833
0.0 1237.0 318.0 1480.0 5939.119161142561
0.0 1843.0 3.0 26.0 63.58086699041833
0.0 1521.0 177.0 793.0 3109.9325486877
0.0 1843.0 3.0 26.0 63.58086699041833
0.0 1843.0 3.0 26.0 63.58086699041833
0.0 1843.0 3.0 26.0 63.58086699041833
0.0 1237.0 318.0 1480.0 5939.119161142561
0.0 1547.0 161.0 736.0 2905.5231990185616
0.0 1843.0 3.0 26.0 63.58086699041833
0.0 1561.0 152.0 690.0 2805.164900807763
0.0 1237.0 318.0 1480.0 5939.119161142561
0.0 1237.0 318.0 1480.0 5939.119161142561
0.0 1237.0 318.0 1480.0 5939.119161142561
0.0 1843.0 3.0 26.0 63.58086699041833
0.0 1237.0 318.0 1480.0 5939.119161142561
0.0 1543.0 165.0 652.0 3006.3178890696067
0.0 1237.0 318.0 1480.0 5939.119161142561
0.0 1531.0 161.0 800.0 3049.0697329468667
0.0 1549.0 165.0 701.0 2866.992800243081
0.0 1237.0 318.0 1480.0 5939.119161142561
0.0 1569.0 149.0 660.0 2790.01807520678
0.0 1515.0 166.0 850.0 3233.568202982683
0.0 1521.0 167.0 790.0 3174.5611691087797
0.0 1843.0 3.0 26.0 63.58086699041833
0.0 1843.0 3.0 26.0 63.58086699041833
0.0 1573.0 144.0 660.0 2668.126357880762
0.0 1237.0 318.0 1480.0 5939.119161142561
0.0 1237.0 318.0 1480.0 5939.119161142561
0.0 1843.0 3.0 26.0 63.58086699041833
0.0 1547.0 154.0 741.0 2872.951717901555
0.0 1843.0 3.0 26.0 63.58086699041833
0.0 1843.0 3.0 26.0 63.58086699041833
0.0 1237.0 318.0 1480.0 5939.119161142561
0.0 1237.0 318.0 1480.0 5939.119161142561
0.0 1237.0 318.0 1480.0 5939.119161142561
0.0 1237.0 318.0 1480.0 5939.119161142561
0.0 1237.0 318.0 1480.0 5939.119161142561
0.0 1559.0 153.0 657.0 2827.473769603433
0.0 1843.0 3.0 26.0 63.58086699041833
0.0 1237.0 318.0 1480.0 5939.119161142561
0.0 1551.0 159.0 711.0 2891.0366862452956
0.0 1527.0 167.0 785.0 3085.908561647183
0.0 1535.0 170.0 712.0 3140.718849251981
0.0 1543.0 167.0 754.0 2951.7082910721238
0.0 1549.0 150.0 770.0 2923.305928464109
0.0 1237.0 318.0 1480.0 5939.119161142561
0.0 1843.0 3.0 26.0 63.58086699041833
0.0 1843.0 3.0 26.0 63.58086699041833
0.0 1523.0 176.0 737.0 3177.090997572476
0.0 1843.0 3.0 26.0 63.58086699041833
0.0 1237.0 318.0 1480.0 5939.119161142561
0.0 1237.0 318.0 1480.0 5939.119161142561
0.0 1237.0 318.0 1480.0 5939.119161142561
0.0 1559.0 148.0 668.0 2834.9141125237484
0.0 1237.0 318.0 1480.0 5939.119161142561
0.0 1843.0 3.0 26.0 63.58086699041833
0.0 1843.0 3.0 26.0 63.58086699041833
0.0 1237.0 318.0 1480.0 5939.119161142561
0.0 1237.0 318.0 1480.0 5939.119161142561
0.0 1237.0 318.0 1480.0 5939.119161142561
0.0 1843.0 3.0 26.0 63.58086699041833
0.0 1843.0 3.0 26.0 63.58086699041833
0.0 1843.0 3.0 26.0 63.58086699041833
0.0 1843.0 3.0 26.0 63.58086699041833
0.0 1543.0 148.0 765.0 2950.581753518253
0.0 1843.0 3.0 26.0 63.58086699041833
0.0 1523.0 169.0 757.0 3158.2754468862167
0.0 1237.0 318.0 1480.0 5939.119161142561
0.0 1843.0 3.0 26.0 63.58086699041833
0.0 1237.0 318.0 1480.0 5939.119161142561
0.0 1843.0 3.0 26.0 63.58086699041833
0.0 1843.0 3.0 26.0 63.58086699041833
0.0 1237.0 318.0 1480.0 5939.119161142561
0.0 1843.0 3.0 26.0 63.58086699041833
0.0 1237.0 318.0 1480.0 5939.119161142561
0.0 1843.0 3.0 26.0 63.58086699041833
0.0 1843.0 3.0 26.0 63.58086699041833
0.0 1521.0 173.0 799.0 3124.347679603075
0.0 1237.0 318.0 1480.0 5939.119161142561
0.0 1237.0 318.0 1480.0 5939.119161142561
0.0 1503.0 187.0 847.0 3322.8857234402963
0.0 1549.0 160.0 699.0 2961.789404472059
0.0 1549.0 155.0 719.0 2927.7005696802357
0.0 1843.0 3.0 26.0 63.58086699041833
0.0 1541.0 149.0 782.0 2976.4617412223874
0.0 1843.0 3.0 26.0 63.58086699041833
0.0 1539.0 155.0 783.0 3006.309205497065
0.0 1843.0 3.0 26.0 63.58086699041833
0.0 1843.0 3.0 26.0 63.58086699041833
0.0 1237.0 318.0 1480.0 5939.119161142561
0.0 1237.0 318.0 1480.0 5939.119161142561
0.0 1575.0 142.0 664.0 2687.485287995116
0.0 1237.0 318.0 1480.0 5939.119161142561
0.0 1523.0 156.0 851.0 3103.719698576998
0.0 1843.0 3.0 26.0 63.58086699041833
0.0 1237.0 318.0 1480.0 5939.119161142561
0.0 1843.0 3.0 26.0 63.58086699041833
0.0 1843.0 3.0 26.0 63.58086699041833
0.0 1531.0 158.0 799.0 3074.30897193475
0.0 1237.0 318.0 1480.0 5939.119161142561
0.0 1549.0 146.0 787.0 2950.2948201823706
0.0 1521.0 168.0 799.0 3169.82463972487
0.0 1531.0 168.0 726.0 3100.141182991952
0.0 1843.0 3.0 26.0 63.58086699041833
0.0 1843.0 3.0 26.0 63.58086699041833
0.0 1843.0 3.0 26.0 63.58086699041833
0.0 1843.0 3.0 26.0 63.58086699041833
0.0 1237.0 318.0 1480.0 5939.119161142561
0.0 1237.0 318.0 1480.0 5939.119161142561
0.0 1561.0 141.0 722.0 2784.4939804632527
0.0 1549.0 142.0 805.0 2883.1994752904297
0.0 1843.0 3.0 26.0 63.58086699041833
0.0 1565.0 143.0 706.0 2740.1252511226508
0.0 1237.0 318.0 1480.0 5939.119161142561
0.0 1237.0 318.0 1480.0 5939.119161142561
0.0 1843.0 3.0 26.0 63.58086699041833
0.0 1519.0 168.0 822.0 3216.821295194371
0.0 1535.0 171.0 771.0 3013.9885260310803
0.0 1237.0 318.0 1480.0 5939.119161142561
0.0 1843.0 3.0 26.0 63.58086699041833
0.0 1843.0 3.0 26.0 63.58086699041833
0.0 1237.0 318.0 1480.0 5939.119161142561
0.0 1843.0 3.0 26.0 63.58086699041833
0.0 1843.0 3.0 26.0 63.58086699041833
0.0 1843.0 3.0 26.0 63.58086699041833
0.0 1237.0 318.0 1480.0 5939.119161142561
0.0 1843.0 3.0 26.0 63.58086699041833
0.0 1237.0 318.0 1480.0 5939.119161142561
0.0 1843.0 3.0 26.0 63.58086699041833
0.0 1527.0 162.0 795.0 3200.4488306001285
0.0 1237.0 318.0 1480.0 5939.119161142561
0.0 1237.0 318.0 1480.0 5939.119161142561
0.0 1237.0 318.0 1480.0 5939.119161142561
0.0 1237.0 318.0 1480.0 5939.119161142561
0.0 1237.0 318.0 1480.0 5939.119161142561
0.0 1843.0 3.0 26.0 63.58086699041833
