0.0 1557.0 162.0 642.0 2785.861397035129
0.0 1843.0 3.0 26.0 63.58086699041833
0.0 1237.0 318.0 1480.0 5939.119161142561
0.0 1843.0 3.0 26.0 63.58086699041833
0.0 1237.0 318.0 1480.0 5939.119161142561
0.0 1843.0 3.0 26.0 63.58086699041833
0.0 1237.0 318.0 1480.0 5939.119161142561
0.0 1513.0 170.0 819.0 3267.0619766462833
0.0 1843.0 3.0 26.0 63.58086699041833
0.0 1547.0 157.0 743.0 2930.7017469480834
0.0 1237.0 318.0 1480.0 5939.119161142561
0.0 1843.0 3.0 26.0 63.58086699041833
0.0 1559.0 143.0 719.0 2828.649046407569
0.0 1563.0 159.0 658.0 2775.421015096355
0.0 1237.0 318.0 1480.0 5939.119161142561
0.0 1843.0 3.0 26.0 63.58086699041833
0.0 1237.0 318.0 1480.0 5939.119161142561
0.0 1513.0 171.0 807.0 3256.160745292038
0.0 1237.0 318.0 1480.0 5939.119161142561
0.0 1571.0 138.0 693.0 2721.4530494016117
0.0 1237.0 318.0 1480.0 5939.119161142561
0.0 1237.0 318.0 1480.0 5939.119161142561
0.0 1843.0 3.0 26.0 63.58086699041833
0.0 1555.0 151.0 709.0 2914.336214190071
0.0 1531.0 171.0 721.0 3143.1202065440566
0.0 1843.0 3.0 26.0 63.58086699041833
0.0 1237.0 318.0 1480.0 5939.119161142561
0.0 1237.0 318.0 1480.0 5939.119161142561
0.0 1843.0 3.0 26.0 63.58086699041833
0.0 1539.0 156.0 838.0 2979.758401983331
0.0 1843.0 3.0 26.0 63.58086699041833
0.0 1843.0 3.0 26.0 63.58086699041833
0.0 1533.0 161.0 799.0 3024.008512931958
0.0 1843.0 3.0 26.0 63.58086699041833
0.0 1237.0 318.0 1480.0 5939.119161142561
0.0 1237.0 318.0 1480.0 5939.119161142561
0.0 1237.0 318.0 1480.0 5939.119161142561
0.0 1237.0 318.0 1480.0 5939.119161142561
0.0 1539.0 170.0 719.0 3022.808908951075
0.0 1237.0 318.0 1480.0 5939.119161142561
0.0 1843.0 3.0 26.0 63.58086699041833
0.0 1843.0 3.0 26.0 63.58086699041833
0.0 1531.0 157.0 777.0 3156.816415247963
0.0 1237.0 318.0 1480.0 5939.119161142561
0.0 1511.0 173.0 852.0 3257.2836710942197
0.0 1237.0 318.0 1480.0 5939.119161142561
0.0 1237.0 318.0 1480.0 5939.119161142561
0.0 1237.0 318.0 1480.0 5939.119161142561
0.0 1237.0 318.0 1480.0 5939.119161142561
0.0 1237.0 318.0 1480.0 5939.119161142561
0.0 1843.0 3.0 26.0 63.58086699041833
0.0 1843.0 3.0 26.0 63.58086699041833
0.0 1535.0 158.0 811.0 3034.0494584174758
0.0 1521.0 176.0 758.0 3223.189139330436
0.0 1237.0 318.0 1480.0 5939.119161142561
0.0 1515.0 180.0 756.0 3281.0505192296173
0.0 1237.0 318.0 1480.0 5939.119161142561
0.0 1537.0 163.0 720.0 3014.4566238077077
0.0 1559.0 157.0 695.0 2834.7548832621856
0.0 1843.0 3.0 26.0 63.58086699041833
0.0 1539.0 162.0 759.0 2975.964908265104
0.0 1843.0 3.0 26.0 63.58086699041833
0.0 1525.0 171.0 824.0 3128.29474631296
0.0 1843.0 3.0 26.0 63.58086699041833
0.0 1237.0 318.0 1480.0 5939.119161142561
0.0 1237.0 318.0 1480.0 5939.119161142561
0.0 1843.0 3.0 26.0 63.58086699041833
0.0 1237.0 318.0 1480.0 5939.119161142561
0.0 1843.0 3.0 26.0 63.58086699041833
0.0 1541.0 166.0 690.0 2919.160972709545
0.0 1533.0 171.0 734.0 3027.425224082882
0.0 1843.0 3.0 26.0 63.58086699041833
0.0 1237.0 318.0 1480.0 5939.119161142561
0.0 1843.0 3.0 26.0 63.58086699041833
0.0 1843.0 3.0 26.0 63.58086699041833
0.0 1567.0 141.0 706.0 2765.369295819314
0.0 1543.0 166.0 677.0 2964.2640426111248
0.0 1843.0 3.0 26.0 63.58086699041833
0.0 1843.0 3.0 26.0 63.58086699041833
0.0 1843.0 3.0 26.0 63.58086699041833
0.0 1237.0 318.0 1480.0 5939.119161142561
0.0 1843.0 3.0 26.0 63.58086699041833
0.0 1237.0 318.0 1480.0 5939.119161142561
0.0 1843.0 3.0 26.0 63.58086699041833
0.0 1843.0 3.0 26.0 63.58086699041833
0.0 1519.0 167.0 841.0 3176.122057611568
0.0 1843.0 3.0 26.0 63.58086699041833
0.0 1237.0 318.0 1480.0 5939.119161142561
0.0 1237.0 318.0 1480.0 5939.119161142561
0.0 1237.0 318.0 1480.0 5939.119161142561
0.0 1843.0 3.0 26.0 63.58086699041833
0.0 1843.0 3.0 26.0 63.58086699041833
0.0 1237.0 318.0 1480.0 5939.119161142561
0.0 1549.0 164.0 684.0 2870.981058644127
0.0 1237.0 318.0 1480.0 5939.119161142561
0.0 1843.0 3.0 26.0 63.58086699041833
0.0 1237.0 318.0 1480.0 5939.119161142561
0.0 1237.0 318.0 1480.0 5939.119161142561
0.0 1843.0 3.0 26.0 63.58086699041833
0.0 1843.0 3.0 26.0 63.58086699041833
0.0 1843.0 3.0 26.0 63.58086699041833
0.0 1843.0 3.0 26.0 63.58086699041833
0.0 1843.0 3.0 26.0 63.58086699041833
0.0 1237.0 318.0 1480.0 5939.119161142561
0.0 1525.0 164.0 782.0 3136.8145200304602
0.0 1529.0 170.0 740.0 3088.1359915826038
0.0 1843.0 3.0 26.0 63.58086699041833
0.0 1237.0 318.0 1480.0 5939.119161142561
0.0 1843.0 3.0 26.0 63.58086699041833
0.0 1527.0 175.0 771.0 3073.9894026354054
0.0 1551.0 156.0 742.0 2848.7250179891007
0.0 1547.0 148.0 757.0 2933.4492241091993
0.0 1537.0 160.0 821.0 2974.624317944429
0.0 1551.0 163.0 700.0 2891.4174097249625
0.0 1545.0 163.0 717.0 2960.180288004
0.0 1843.0 3.0 26.0 63.58086699041833
0.0 1237.0 318.0 1480.0 5939.119161142561
0.0 1843.0 3.0 26.0 63.58086699041833
0.0 1237.0 318.0 1480.0 5939.119161142561
0.0 1843.0 3.0 26.0 63.58086699041833
0.0 1843.0 3.0 26.0 63.58086699041833
0.0 1843.0 3.0 26.0 63.58086699041833
0.0 1237.0 318.0 1480.0 5939.119161142561
0.0 1523.0 173.0 799.0 3169.3765384509657
0.0 1843.0 3.0 26.0 63.58086699041833
0.0 1237.0 318.0 1480.0 5939.119161142561
0.0 1843.0 3.0 26.0 63.58086699041833
0.0 1525.0 157.0 861.0 3160.925360100854
0.0 1843.0 3.0 26.0 63.58086699041833
0.0 1843.0 3.0 26.0 63.58086699041833
0.0 1237.0 318.0 1480.0 5939.119161142561
0.0 1237.0 318.0 1480.0 5939.119161142561
0.0 1237.0 318.0 1480.0 5939.119161142561
0.0 1587.0 143.0 565.0 2596.5350503780533
0.0 1533.0 155.0 762.0 3069.643045527262
0.0 1519.0 160.0 866.0 3170.4848724620165
0.0 1843.0 3.0 26.0 63.58086699041833
0.0 1843.0 3.0 26.0 63.58086699041833
0.0 1843.0 3.0 26.0 63.58086699041833
0.0 1843.0 3.0 26.0 63.58086699041833
0.0 1237.0 318.0 1480.0 5939.119161142561
0.0 1237.0 318.0 1480.0 5939.119161142561
0.0 1237.0 318.0 1480.0 5939.119161142561
0.0 1553.0 158.0 711.0 2909.4608838318777
0.0 1527.0 171.0 780.0 3118.7999205288456
0.0 1843.0 3.0 26.0 63.58086699041833
0.0 1843.0 3.0 26.0 63.58086699041833
0.0 1843.0 3.0 26.0 63.58086699041833
0.0 1843.0 3.0 26.0 63.58086699041833
0.0 1843.0 3.0 26.0 63.58086699041833
0.0 1237.0 318.0 1480.0 5939.119161142561
0.0 1237.0 318.0 1480.0 5939.119161142561
0.0 1237.0 318.0 1480.0 5939.119161142561
0.0 1843.0 3.0 26.0 63.58086699041833
0.0 1545.0 158.0 713.0 2993.880034867412
0.0 1843.0 3.0 26.0 63.58086699041833
0.0 1237.0 318.0 1480.0 5939.119161142561
0.0 1843.0 3.0 26.0 63.58086699041833
0.0 1237.0 318.0 1480.0 5939.119161142561
0.0 1237.0 318.0 1480.0 5939.119161142561
0.0 1843.0 3.0 26.0 63.58086699041833
0.0 1843.0 3.0 26.0 63.58086699041833
0.0 1237.0 318.0 1480.0 5939.119161142561
0.0 1843.0 3.0 26.0 63.58086699041833
0.0 1565.0 144.0 701.0 2699.142521339618
0.0 1525.0 174.0 737.0 3116.5211291166365
0.0 1237.0 318.0 1480.0 5939.119161142561
0.0 1497.0 190.0 835.0 3381.2392695570743
0.0 1843.0 3.0 26.0 63.58086699041833
0.0 1237.0 318.0 1480.0 5939.119161142561
0.0 1565.0 154.0 673.0 2771.4101780161336
0.0 1537.0 170.0 748.0 2966.1848697268742
0.0 1511.0 173.0 815.0 3327.922841728407
0.0 1237.0 318.0 1480.0 5939.119161142561
0.0 1843.0 3.0 26.0 63.58086699041833
0.0 1843.0 3.0 26.0 63.58086699041833
0.0 1843.0 3.0 26.0 63.58086699041833
0.0 1843.0 3.0 26.0 63.58086699041833
0.0 1843.0 3.0 26.0 63.58086699041833
0.0 1843.0 3.0 26.0 63.58086699041833
0.0 1843.0 3.0 26.0 63.58086699041833
0.0 1237.0 318.0 1480.0 5939.119161142561
0.0 1843.0 3.0 26.0 63.58086699041833
0.0 1505.0 171.0 909.0 3306.587307572984
0.0 1237.0 318.0 1480.0 5939.119161142561
0.0 1559.0 155.0 642.0 2889.416763796321
0.0 1523.0 178.0 758.0 3094.8602016009777
0.0 1543.0 168.0 689.0 2957.733236417829
0.0 1843.0 3.0 26.0 63.58086699041833
0.0 1843.0 3.0 26.0 63.58086699041833
0.0 1237.0 318.0 1480.0 5939.119161142561
0.0 1539.0 160.0 757.0 2977.1877230998257
0.0 1535.0 162.0 772.0 3005.0093679374518
0.0 1237.0 318.0 1480.0 5939.119161142561
0.0 1237.0 318.0 1480.0 5939.119161142561
0.0 1843.0 3.0 26.0 63.58086699041833
0.0 1237.0 318.0 1480.0 5939.119161142561
0.0 1499.0 183.0 845.0 3453.3946404833723
0.0 1237.0 318.0 1480.0 5939.119161142561
0.0 1237.0 318.0 1480.0 5939.119161142561
0.0 1523.0 171.0 791.0 3169.773112086041
0.0 1843.0 3.0 26.0 63.58086699041833
0.0 1529.0 165.0 800.0 3090.519911616787
0.0 1843.0 3.0 26.0 63.58086699041833
0.0 1843.0 3.0 26.0 63.58086699041833
0.0 1537.0 172.0 713.0 3086.853455001172
0.0 1237.0 318.0 1480.0 5939.119161142561
0.0 1573.0 145.0 691.0 2699.8240578940718
0.0 1843.0 3.0 26.0 63.58086699041833
0.0 1237.0 318.0 1480.0 5939.119161142561
0.0 1521.0 169.0 834.0 3153.622777176519
0.0 1237.0 318.0 1480.0 5939.119161142561
0.0 1237.0 318.0 1480.0 5939.119161142561
0.0 1549.0 151.0 757.0 2923.7887041995155
0.0 1561.0 153.0 708.0 2797.2552560913655
0.0 1237.0 318.0 1480.0 5939.119161142561
0.0 1237.0 318.0 1480.0 5939.119161142561
0.0 1237.0 318.0 1480.0 5939.119161142561
0.0 1237.0 318.0 1480.0 5939.119161142561
0.0 1237.0 318.0 1480.0 5939.119161142561
0.0 1545.0 153.0 798.0 2949.687788520043
0.0 1515.0 183.0 778.0 3246.8189809061882
0.0 1237.0 318.0 1480.0 5939.119161142561
0.0 1843.0 3.0 26.0 63.58086699041833
0.0 1237.0 318.0 1480.0 5939.119161142561
0.0 1547.0 162.0 670.0 2915.714201444843
0.0 1539.0 172.0 668.0 3000.4477377199887
0.0 1237.0 318.0 1480.0 5939.119161142561
0.0 1549.0 146.0 765.0 2963.7359962331047
0.0 1843.0 3.0 26.0 63.58086699041833
0.0 1237.0 318.0 1480.0 5939.119161142561
0.0 1237.0 318.0 1480.0 5939.119161142561
0.0 1531.0 153.0 803.0 3155.1702696998864
0.0 1571.0 147.0 659.0 2622.0209295037607
0.0 1589.0 132.0 659.0 2526.9641854420015
0.0 1237.0 318.0 1480.0 5939.119161142561
0.0 1553.0 151.0 755.0 2834.964570199441
0.0 1843.0 3.0 26.0 63.58086699041833
0.0 1523.0 179.0 727.0 3150.7798940600055
0.0 1237.0 318.0 1480.0 5939.119161142561
0.0 1523.0 163.0 826.0 3202.9221763857568
0.0 1579.0 142.0 586.0 2647.6947093740205
0.0 1525.0 163.0 829.0 3173.4458177431134
0.0 1237.0 318.0 1480.0 5939.119161142561
0.0 1519.0 173.0 787.0 3208.9250374668213
0.0 1549.0 161.0 718.0 2895.057770439422
0.0 1237.0 318.0 1480.0 5939.119161142561
0.0 1237.0 318.0 1480.0 5939.119161142561
0.0 1237.0 318.0 1480.0 5939.119161142561
0.0 1535.0 157.0 815.0 3003.714504788413
0.0 1843.0 3.0 26.0 63.58086699041833
0.0 1843.0 3.0 26.0 63.58086699041833
0.0 1843.0 3.0 26.0 63.58086699041833
0.0 1237.0 318.0 1480.0 5939.119161142561
0.0 1843.0 3.0 26.0 63.58086699041833
0.0 1517.0 166.0 859.0 3190.400495488277
0.0 1237.0 318.0 1480.0 5939.119161142561
0.0 1237.0 318.0 1480.0 5939.119161142561
0.0 1237.0 318.0 1480.0 5939.119161142561
0.0 1237.0 318.0 1480.0 5939.119161142561
0.0 1237.0 318.0 1480.0 5939.119161142561
0.0 1843.0 3.0 26.0 63.58086699041833
0.0 1843.0 3.0 26.0 63.58086699041833
0.0 1237.0 318.0 1480.0 5939.119161142561
0.0 1559.0 145.0 763.0 2765.1360250765274
0.0 1237.0 318.0 1480.0 5939.119161142561
0.0 1237.0 318.0 1480.0 5939.119161142561
0.0 1237.0 318.0 1480.0 5939.119161142561
0.0 1545.0 164.0 704.0 2977.151008154646
0.0 1531.0 161.0 767.0 3053.644097754096
0.0 1539.0 159.0 749.0 3004.0636775019734
0.0 1843.0 3.0 26.0 63.58086699041833
0.0 1517.0 173.0 789.0 3222.534332581824
0.0 1543.0 152.0 777.0 2950.416144244913
0.0 1843.0 3.0 26.0 63.58086699041833
0.0 1843.0 3.0 26.0 63.58086699041833
0.0 1517.0 171.0 791.0 3336.652605567635
0.0 1237.0 318.0 1480.0 5939.119161142561
0.0 1843.0 3.0 26.0 63.58086699041833
0.0 1843.0 3.0 26.0 63.58086699041833
0.0 1843.0 3.0 26.0 63.58086699041833
0.0 1237.0 318.0 1480.0 5939.119161142561
0.0 1843.0 3.0 26.0 63.58086699041833
0.0 1237.0 318.0 1480.0 5939.119161142561
0.0 1843.0 3.0 26.0 63.58086699041833
0.0 1237.0 318.0 1480.0 5939.119161142561
0.0 1843.0 3.0 26.0 63.58086699041833
0.0 1237.0 318.0 1480.0 5939.119161142561
