0.0 1569.0 157.0 599.0 2691.160068527083
0.0 1237.0 318.0 1480.0 5939.119161142561
0.0 1237.0 318.0 1480.0 5939.119161142561
0.0 1843.0 3.0 26.0 63.58086699041833
0.0 1547.0 156.0 763.0 2899.6572845910077
0.0 1535.0 157.0 807.0 3036.0354566173205
0.0 1843.0 3.0 26.0 63.58086699041833
0.0 1843.0 3.0 26.0 63.58086699041833
0.0 1237.0 318.0 1480.0 5939.119161142561
0.0 1237.0 318.0 1480.0 5939.119161142561
0.0 1237.0 318.0 1480.0 5939.119161142561
0.0 1843.0 3.0 26.0 63.58086699041833
0.0 1237.0 318.0 1480.0 5939.119161142561
0.0 1237.0 318.0 1480.0 5939.119161142561
0.0 1557.0 156.0 693.0 2852.491332392693
0.0 1843.0 3.0 26.0 63.58086699041833
0.0 1237.0 318.0 1480.0 5939.119161142561
0.0 1843.0 3.0 26.0 63.58086699041833
0.0 1543.0 158.0 760.0 2865.938359785309
0.0 1525.0 161.0 863.0 3161.02403683047
0.0 1843.0 3.0 26.0 63.58086699041833
0.0 1843.0 3.0 26.0 63.58086699041833
0.0 1237.0 318.0 1480.0 5939.119161142561
0.0 1843.0 3.0 26.0 63.58086699041833
0.0 1843.0 3.0 26.0 63.58086699041833
0.0 1843.0 3.0 26.0 63.58086699041833
0.0 1551.0 154.0 720.0 2895.9740672580456
0.0 1517.0 168.0 833.0 3189.7097733279993
0.0 1579.0 142.0 640.0 2580.497118231724
0.0 1529.0 188.0 719.0 3058.787393379852
0.0 1499.0 179.0 850.0 3400.320223945659
0.0 1843.0 3.0 26.0 63.58086699041833
0.0 1843.0 3.0 26.0 63.58086699041833
0.0 1843.0 3.0 26.0 63.58086699041833
0.0 1843.0 3.0 26.0 63.58086699041833
0.0 1533.0 169.0 728.0 3024.1753638168093
0.0 1843.0 3.0 26.0 63.58086699041833
0.0 1557.0 145.0 732.0 2841.5128640490357
0.0 1843.0 3.0 26.0 63.58086699041833
0.0 1843.0 3.0 26.0 63.58086699041833
0.0 1237.0 318.0 1480.0 5939.119161142561
0.0 1545.0 155.0 677.0 2923.314325616259
0.0 1237.0 318.0 1480.0 5939.119161142561
0.0 1237.0 318.0 1480.0 5939.119161142561
0.0 1843.0 3.0 26.0 63.58086699041833
0.0 1237.0 318.0 1480.0 5939.119161142561
0.0 1237.0 318.0 1480.0 5939.119161142561
0.0 1237.0 318.0 1480.0 5939.119161142561
0.0 1237.0 318.0 1480.0 5939.119161142561
0.0 1843.0 3.0 26.0 63.58086699041833
0.0 1237.0 318.0 1480.0 5939.119161142561
0.0 1843.0 3.0 26.0 63.58086699041833
0.0 1237.0 318.0 1480.0 5939.119161142561
0.0 1519.0 166.0 830.0 3203.1894782693053
0.0 1237.0 318.0 1480.0 5939.119161142561
0.0 1843.0 3.0 26.0 63.58086699041833
0.0 1559.0 156.0 634.0 2746.7155103274204
0.0 1843.0 3.0 26.0 63.58086699041833
0.0 1237.0 318.0 1480.0 5939.119161142561
0.0 1237.0 318.0 1480.0 5939.119161142561
0.0 1843.0 3.0 26.0 63.58086699041833
0.0 1237.0 318.0 1480.0 5939.119161142561
0.0 1843.0 3.0 26.0 63.58086699041833
0.0 1843.0 3.0 26.0 63.58086699041833
0.0 1237.0 318.0 1480.0 5939.119161142561
0.0 1843.0 3.0 26.0 63.58086699041833
0.0 1237.0 318.0 1480.0 5939.119161142561
0.0 1843.0 3.0 26.0 63.58086699041833
0.0 1237.0 318.0 1480.0 5939.119161142561
0.0 1843.0 3.0 26.0 63.58086699041833
0.0 1527.0 155.0 847.0 3156.776379607766
0.0 1843.0 3.0 26.0 63.58086699041833
0.0 1237.0 318.0 1480.0 5939.119161142561
0.0 1237.0 318.0 1480.0 5939.119161142561
0.0 1543.0 165.0 704.0 2973.018116245521
0.0 1843.0 3.0 26.0 63.58086699041833
0.0 1843.0 3.0 26.0 63.58086699041833
0.0 1539.0 146.0 841.0 3020.4658089489863
0.0 1491.0 184.0 913.0 3450.141106844857
0.0 1559.0 154.0 716.0 2856.512037667925
0.0 1237.0 318.0 1480.0 5939.119161142561
0.0 1237.0 318.0 1480.0 5939.119161142561
0.0 1843.0 3.0 26.0 63.58086699041833
0.0 1237.0 318.0 1480.0 5939.119161142561
0.0 1843.0 3.0 26.0 63.58086699041833
0.0 1843.0 3.0 26.0 63.58086699041833
0.0 1843.0 3.0 26.0 63.58086699041833
0.0 1843.0 3.0 26.0 63.58086699041833
0.0 1553.0 153.0 722.0 2880.9480797580823
0.0 1237.0 318.0 1480.0 5939.119161142561
0.0 1843.0 3.0 26.0 63.58086699041833
0.0 1521.0 167.0 843.0 3063.115290895193
0.0 1535.0 161.0 800.0 3002.5235142333104
0.0 1237.0 318.0 1480.0 5939.119161142561
0.0 1237.0 318.0 1480.0 5939.119161142561
0.0 1237.0 318.0 1480.0 5939.119161142561
0.0 1237.0 318.0 1480.0 5939.119161142561
0.0 1237.0 318.0 1480.0 5939.119161142561
0.0 1843.0 3.0 26.0 63.58086699041833
0.0 1529.0 162.0 791.0 3148.8875482903704
0.0 1237.0 318.0 1480.0 5939.119161142561
0.0 1521.0 182.0 732.0 3240.8410859929745
0.0 1843.0 3.0 26.0 63.58086699041833
0.0 1237.0 318.0 1480.0 5939.119161142561
0.0 1489.0 182.0 921.0 3426.145349217039
0.0 1843.0 3.0 26.0 63.58086699041833
0.0 1531.0 170.0 756.0 3041.1824647659682
0.0 1843.0 3.0 26.0 63.58086699041833
0.0 1237.0 318.0 1480.0 5939.119161142561
0.0 1843.0 3.0 26.0 63.58086699041833
0.0 1843.0 3.0 26.0 63.58086699041833
0.0 1843.0 3.0 26.0 63.58086699041833
0.0 1237.0 318.0 1480.0 5939.119161142561
0.0 1237.0 318.0 1480.0 5939.119161142561
0.0 1553.0 144.0 796.0 2891.6694730263316
0.0 1237.0 318.0 1480.0 5939.119161142561
0.0 1843.0 3.0 26.0 63.58086699041833
0.0 1237.0 318.0 1480.0 5939.119161142561
0.0 1237.0 318.0 1480.0 5939.119161142561
0.0 1237.0 318.0 1480.0 5939.119161142561
0.0 1509.0 173.0 829.0 3309.054487041506
0.0 1843.0 3.0 26.0 63.58086699041833
0.0 1237.0 318.0 1480.0 5939.119161142561
0.0 1843.0 3.0 26.0 63.58086699041833
0.0 1549.0 154.0 739.0 2928.1040686586693
0.0 1553.0 153.0 666.0 2882.263400482052
0.0 1843.0 3.0 26.0 63.58086699041833
0.0 1533.0 164.0 745.0 3075.787225219033
0.0 1843.0 3.0 26.0 63.58086699041833
0.0 1549.0 155.0 712.0 2845.91226576234
0.0 1237.0 318.0 1480.0 5939.119161142561
0.0 1843.0 3.0 26.0 63.58086699041833
0.0 1555.0 160.0 639.0 2850.656556770956
0.0 1843.0 3.0 26.0 63.58086699041833
0.0 1237.0 318.0 1480.0 5939.119161142561
0.0 1573.0 137.0 713.0 2663.6908810382083
0.0 1501.0 171.0 852.0 3375.3167449888238
0.0 1529.0 171.0 744.0 3138.850314288023
0.0 1843.0 3.0 26.0 63.58086699041833
0.0 1843.0 3.0 26.0 63.58086699041833
0.0 1515.0 173.0 806.0 3277.5381602728166
0.0 1237.0 318.0 1480.0 5939.119161142561
0.0 1843.0 3.0 26.0 63.58086699041833
0.0 1521.0 169.0 824.0 3146.2513983094946
0.0 1843.0 3.0 26.0 63.58086699041833
0.0 1843.0 3.0 26.0 63.58086699041833
0.0 1843.0 3.0 26.0 63.58086699041833
0.0 1515.0 166.0 792.0 3293.261951962716
0.0 1237.0 318.0 1480.0 5939.119161142561
0.0 1843.0 3.0 26.0 63.58086699041833
0.0 1517.0 171.0 809.0 3285.956783109751
0.0 1521.0 172.0 742.0 3173.06353661807
0.0 1237.0 318.0 1480.0 5939.119161142561
0.0 1843.0 3.0 26.0 63.58086699041833
0.0 1843.0 3.0 26.0 63.58086699041833
0.0 1843.0 3.0 26.0 63.58086699041833
0.0 1525.0 167.0 810.0 3122.3975410141975
0.0 1843.0 3.0 26.0 63.58086699041833
0.0 1507.0 171.0 916.0 3355.5802597744128
0.0 1843.0 3.0 26.0 63.58086699041833
0.0 1523.0 172.0 764.0 3147.645430618232
0.0 1553.0 154.0 718.0 2850.0203703112084
0.0 1557.0 157.0 676.0 2795.4246669081117
0.0 1237.0 318.0 1480.0 5939.119161142561
0.0 1533.0 168.0 721.0 3110.7358427418053
0.0 1237.0 318.0 1480.0 5939.119161142561
0.0 1237.0 318.0 1480.0 5939.119161142561
0.0 1843.0 3.0 26.0 63.58086699041833
0.0 1843.0 3.0 26.0 63.58086699041833
0.0 1843.0 3.0 26.0 63.58086699041833
0.0 1237.0 318.0 1480.0 5939.119161142561
0.0 1843.0 3.0 26.0 63.58086699041833
0.0 1237.0 318.0 1480.0 5939.119161142561
0.0 1543.0 163.0 737.0 2953.83962631573
0.0 1843.0 3.0 26.0 63.58086699041833
0.0 1237.0 318.0 1480.0 5939.119161142561
0.0 1843.0 3.0 26.0 63.58086699041833
0.0 1571.0 140.0 693.0 2654.906656164905
0.0 1237.0 318.0 1480.0 5939.119161142561
0.0 1843.0 3.0 26.0 63.58086699041833
0.0 1843.0 3.0 26.0 63.58086699041833
0.0 1237.0 318.0 1480.0 5939.119161142561
0.0 1237.0 318.0 1480.0 5939.119161142561
0.0 1843.0 3.0 26.0 63.58086699041833
0.0 1843.0 3.0 26.0 63.58086699041833
0.0 1541.0 155.0 778.0 2976.9250241422246
0.0 1237.0 318.0 1480.0 5939.119161142561
0.0 1843.0 3.0 26.0 63.58086699041833
0.0 1237.0 318.0 1480.0 5939.119161142561
0.0 1843.0 3.0 26.0 63.58086699041833
0.0 1843.0 3.0 26.0 63.58086699041833
0.0 1581.0 141.0 657.0 2673.8915549237977
0.0 1529.0 169.0 773.0 3155.4480180673063
0.0 1843.0 3.0 26.0 63.58086699041833
0.0 1237.0 318.0 1480.0 5939.119161142561
0.0 1533.0 158.0 795.0 3054.406112573294
0.0 1521.0 171.0 821.0 3228.7608697623796
0.0 1517.0 172.0 822.0 3190.6811529091447
0.0 1843.0 3.0 26.0 63.58086699041833
0.0 1843.0 3.0 26.0 63.58086699041833
0.0 1237.0 318.0 1480.0 5939.119161142561
0.0 1569.0 140.0 739.0 2730.6255545070644
0.0 1509.0 189.0 736.0 3331.686412570293
0.0 1237.0 318.0 1480.0 5939.119161142561
0.0 1843.0 3.0 26.0 63.58086699041833
0.0 1843.0 3.0 26.0 63.58086699041833
0.0 1843.0 3.0 26.0 63.58086699041833
0.0 1237.0 318.0 1480.0 5939.119161142561
0.0 1527.0 157.0 824.0 3052.0513686032964
0.0 1843.0 3.0 26.0 63.58086699041833
0.0 1237.0 318.0 1480.0 5939.119161142561
0.0 1547.0 152.0 757.0 2922.0150244440933
0.0 1237.0 318.0 1480.0 5939.119161142561
0.0 1237.0 318.0 1480.0 5939.119161142561
0.0 1843.0 3.0 26.0 63.58086699041833
0.0 1551.0 151.0 744.0 2916.3529188284288
0.0 1237.0 318.0 1480.0 5939.119161142561
0.0 1555.0 154.0 723.0 2804.17120267055
0.0 1237.0 318.0 1480.0 5939.119161142561
0.0 1843.0 3.0 26.0 63.58086699041833
0.0 1843.0 3.0 26.0 63.58086699041833
0.0 1843.0 3.0 26.0 63.58086699041833
0.0 1555.0 166.0 633.0 2880.7193003558186
0.0 1843.0 3.0 26.0 63.58086699041833
0.0 1553.0 149.0 765.0 2844.6334548995733
0.0 1843.0 3.0 26.0 63.58086699041833
0.0 1237.0 318.0 1480.0 5939.119161142561
0.0 1843.0 3.0 26.0 63.58086699041833
0.0 1531.0 176.0 686.0 3089.8346044621103
0.0 1843.0 3.0 26.0 63.58086699041833
0.0 1537.0 158.0 757.0 3029.9582893029324
0.0 1237.0 318.0 1480.0 5939.119161142561
0.0 1237.0 318.0 1480.0 5939.119161142561
0.0 1843.0 3.0 26.0 63.58086699041833
0.0 1533.0 159.0 804.0 3046.603292204499
0.0 1237.0 318.0 1480.0 5939.119161142561
0.0 1843.0 3.0 26.0 63.58086699041833
0.0 1237.0 318.0 1480.0 5939.119161142561
0.0 1843.0 3.0 26.0 63.58086699041833
0.0 1553.0 154.0 708.0 2864.886834279839
0.0 1843.0 3.0 26.0 63.58086699041833
0.0 1843.0 3.0 26.0 63.58086699041833
0.0 1531.0 175.0 701.0 3102.9513638222256
0.0 1843.0 3.0 26.0 63.58086699041833
0.0 1531.0 169.0 735.0 3133.9730259111393
0.0 1237.0 318.0 1480.0 5939.119161142561
0.0 1237.0 318.0 1480.0 5939.119161142561
0.0 1843.0 3.0 26.0 63.58086699041833
0.0 1237.0 318.0 1480.0 5939.119161142561
0.0 1843.0 3.0 26.0 63.58086699041833
0.0 1523.0 165.0 791.0 3171.4534673324533
0.0 1237.0 318.0 1480.0 5939.119161142561
0.0 1843.0 3.0 26.0 63.58086699041833
0.0 1237.0 318.0 1480.0 5939.119161142561
0.0 1237.0 318.0 1480.0 5939.119161142561
0.0 1539.0 160.0 760.0 2949.437242820132
0.0 1237.0 318.0 1480.0 5939.119161142561
0.0 1561.0 148.0 706.0 2763.7597853962657
0.0 1541.0 159.0 764.0 3017.6033996824303
0.0 1237.0 318.0 1480.0 5939.119161142561
0.0 1505.0 186.0 801.0 3358.7252943788
0.0 1843.0 3.0 26.0 63.58086699041833
0.0 1237.0 318.0 1480.0 5939.119161142561
0.0 1237.0 318.0 1480.0 5939.119161142561
0.0 1237.0 318.0 1480.0 5939.119161142561
0.0 1543.0 148.0 830.0 2928.9639533286295
0.0 1843.0 3.0 26.0 63.58086699041833
0.0 1843.0 3.0 26.0 63.58086699041833
0.0 1237.0 318.0 1480.0 5939.119161142561
0.0 1843.0 3.0 26.0 63.58086699041833
0.0 1843.0 3.0 26.0 63.58086699041833
0.0 1507.0 184.0 785.0 3305.0524540472065
0.0 1545.0 148.0 821.0 2963.582322128823
0.0 1237.0 318.0 1480.0 5939.119161142561
0.0 1237.0 318.0 1480.0 5939.119161142561
