0.0 1843.0 3.0 26.0 63.58086699041833
0.0 1237.0 318.0 1480.0 5939.119161142561
0.0 1843.0 3.0 26.0 63.58086699041833
0.0 1843.0 3.0 26.0 63.58086699041833
0.0 1843.0 3.0 26.0 63.58086699041833
0.0 1843.0 3.0 26.0 63.58086699041833
0.0 1237.0 318.0 1480.0 5939.119161142561
0.0 1843.0 3.0 26.0 63.58086699041833
0.0 1529.0 160.0 815.0 3123.723861832056
0.0 1517.0 172.0 820.0 3282.8350434073936
0.0 1237.0 318.0 1480.0 5939.119161142561
0.0 1843.0 3.0 26.0 63.58086699041833
0.0 1541.0 160.0 713.0 3001.732872194693
0.0 1531.0 157.0 787.0 3104.5167569027217
0.0 1843.0 3.0 26.0 63.58086699041833
0.0 1237.0 318.0 1480.0 5939.119161142561
0.0 1237.0 318.0 1480.0 5939.119161142561
0.0 1843.0 3.0 26.0 63.58086699041833
0.0 1843.0 3.0 26.0 63.58086699041833
0.0 1843.0 3.0 26.0 63.58086699041833
0.0 1843.0 3.0 26.0 63.58086699041833
0.0 1577.0 145.0 659.0 2681.635582822945
0.0 1551.0 160.0 664.0 2867.8463863422376
0.0 1519.0 167.0 812.0 3198.3417308284193
0.0 1237.0 318.0 1480.0 5939.119161142561
0.0 1237.0 318.0 1480.0 5939.119161142561
0.0 1843.0 3.0 26.0 63.58086699041833
0.0 1843.0 3.0 26.0 63.58086699041833
0.0 1237.0 318.0 1480.0 5939.119161142561
0.0 1237.0 318.0 1480.0 5939.119161142561
0.0 1843.0 3.0 26.0 63.58086699041833
0.0 1509.0 173.0 875.0 3332.6246131040484
0.0 1237.0 318.0 1480.0 5939.119161142561
0.0 1519.0 175.0 784.0 3272.061497866048
0.0 1237.0 318.0 1480.0 5939.119161142561
0.0 1237.0 318.0 1480.0 5939.119161142561
0.0 1237.0 318.0 1480.0 5939.119161142561
0.0 1843.0 3.0 26.0 63.58086699041833
0.0 1237.0 318.0 1480.0 5939.119161142561
0.0 1535.0 167.0 744.0 3036.151269226736
0.0 1843.0 3.0 26.0 63.58086699041833
0.0 1535.0 165.0 791.0 3039.3291779888464
0.0 1237.0 318.0 1480.0 5939.119161142561
0.0 1237.0 318.0 1480.0 5939.119161142561
0.0 1237.0 318.0 1480.0 5939.119161142561
0.0 1237.0 318.0 1480.0 5939.119161142561
0.0 1553.0 145.0 787.0 2891.7018070043355
0.0 1843.0 3.0 26.0 63.58086699041833
0.0 1843.0 3.0 26.0 63.58086699041833
0.0 1237.0 318.0 1480.0 5939.119161142561
0.0 1843.0 3.0 26.0 63.58086699041833
0.0 1237.0 318.0 1480.0 5939.119161142561
0.0 1237.0 318.0 1480.0 5939.119161142561
0.0 1237.0 318.0 1480.0 5939.119161142561
0.0 1521.0 165.0 852.0 3209.7548019634655
0.0 1843.0 3.0 26.0 63.58086699041833
0.0 1843.0 3.0 26.0 63.58086699041833
0.0 1237.0 318.0 1480.0 5939.119161142561
0.0 1843.0 3.0 26.0 63.58086699041833
0.0 1843.0 3.0 26.0 63.58086699041833
0.0 1843.0 3.0 26.0 63.58086699041833
0.0 1843.0 3.0 26.0 63.58086699041833
0.0 1525.0 166.0 797.0 3138.0938980465576
0.0 1543.0 159.0 738.0 2987.220947839961
0.0 1237.0 318.0 1480.0 5939.119161142561
0.0 1237.0 318.0 1480.0 5939.119161142561
0.0 1237.0 318.0 1480.0 5939.119161142561
0.0 1843.0 3.0 26.0 63.58086699041833
0.0 1237.0 318.0 1480.0 5939.119161142561
0.0 1843.0 3.0 26.0 63.58086699041833
0.0 1237.0 318.0 1480.0 5939.119161142561
0.0 1571.0 137.0 710.0 2728.999801865987
0.0 1237.0 318.0 1480.0 5939.119161142561
0.0 1237.0 318.0 1480.0 5939.119161142561
0.0 1843.0 3.0 26.0 63.58086699041833
0.0 1237.0 318.0 1480.0 5939.119161142561
0.0 1843.0 3.0 26.0 63.58086699041833
0.0 1237.0 318.0 1480.0 5939.119161142561
0.0 1843.0 3.0 26.0 63.58086699041833
0.0 1565.0 139.0 772.0 2730.394389971046
0.0 1843.0 3.0 26.0 63.58086699041833
0.0 1531.0 167.0 824.0 3091.0996845478985
0.0 1843.0 3.0 26.0 63.58086699041833
0.0 1545.0 156.0 738.0 2933.6479785501033
0.0 1237.0 318.0 1480.0 5939.119161142561
0.0 1237.0 318.0 1480.0 5939.119161142561
0.0 1503.0 188.0 809.0 3330.895633988675
0.0 1501.0 171.0 897.0 3433.0112610929805
0.0 1237.0 318.0 1480.0 5939.119161142561
0.0 1843.0 3.0 26.0 63.58086699041833
0.0 1545.0 149.0 795.0 2968.7020143481345
0.0 1237.0 318.0 1480.0 5939.119161142561
0.0 1561.0 147.0 749.0 2773.008780017481
0.0 1843.0 3.0 26.0 63.58086699041833
0.0 1237.0 318.0 1480.0 5939.119161142561
0.0 1533.0 165.0 772.0 3127.9158962018855
0.0 1525.0 169.0 756.0 3200.5391644976103
0.0 1237.0 318.0 1480.0 5939.119161142561
0.0 1843.0 3.0 26.0 63.58086699041833
0.0 1529.0 173.0 768.0 3158.7788331396296
0.0 1237.0 318.0 1480.0 5939.119161142561
0.0 1237.0 318.0 1480.0 5939.119161142561
0.0 1843.0 3.0 26.0 63.58086699041833
0.0 1237.0 318.0 1480.0 5939.119161142561
0.0 1843.0 3.0 26.0 63.58086699041833
0.0 1237.0 318.0 1480.0 5939.119161142561
0.0 1237.0 318.0 1480.0 5939.119161142561
0.0 1555.0 151.0 719.0 2871.529004823991
0.0 1843.0 3.0 26.0 63.58086699041833
0.0 1561.0 163.0 632.0 2748.968780547669
0.0 1515.0 187.0 724.0 3175.9879939149273
0.0 1539.0 166.0 695.0 2995.013650894435
0.0 1843.0 3.0 26.0 63.58086699041833
0.0 1843.0 3.0 26.0 63.58086699041833
0.0 1843.0 3.0 26.0 63.58086699041833
0.0 1237.0 318.0 1480.0 5939.119161142561
0.0 1237.0 318.0 1480.0 5939.119161142561
0.0 1843.0 3.0 26.0 63.58086699041833
0.0 1843.0 3.0 26.0 63.58086699041833
0.0 1843.0 3.0 26.0 63.58086699041833
0.0 1843.0 3.0 26.0 63.58086699041833
0.0 1523.0 171.0 725.0 3160.9312579973775
0.0 1237.0 318.0 1480.0 5939.119161142561
0.0 1237.0 318.0 1480.0 5939.119161142561
0.0 1843.0 3.0 26.0 63.58086699041833
0.0 1843.0 3.0 26.0 63.58086699041833
0.0 1569.0 150.0 663.0 2712.162240240956
0.0 1545.0 168.0 657.0 2962.3051940637724
0.0 1237.0 318.0 1480.0 5939.119161142561
0.0 1843.0 3.0 26.0 63.58086699041833
0.0 1237.0 318.0 1480.0 5939.119161142561
0.0 1237.0 318.0 1480.0 5939.119161142561
0.0 1529.0 170.0 782.0 3099.3466376101796
0.0 1237.0 318.0 1480.0 5939.119161142561
0.0 1553.0 146.0 822.0 2851.6819403775567
0.0 1237.0 318.0 1480.0 5939.119161142561
0.0 1535.0 178.0 648.0 3007.64383544698
0.0 1547.0 158.0 677.0 2853.505879495113
0.0 1843.0 3.0 26.0 63.58086699041833
0.0 1843.0 3.0 26.0 63.58086699041833
0.0 1843.0 3.0 26.0 63.58086699041833
0.0 1541.0 153.0 817.0 3027.2904182373723
0.0 1551.0 153.0 721.0 2904.160529429924
0.0 1843.0 3.0 26.0 63.58086699041833
0.0 1555.0 157.0 726.0 2835.3924691618877
0.0 1553.0 150.0 696.0 2902.8481840002096
0.0 1551.0 145.0 785.0 2918.5703450552905
0.0 1843.0 3.0 26.0 63.58086699041833
0.0 1539.0 157.0 754.0 3062.0879753835975
0.0 1539.0 165.0 759.0 3012.3584266274975
0.0 1237.0 318.0 1480.0 5939.119161142561
0.0 1237.0 318.0 1480.0 5939.119161142561
0.0 1237.0 318.0 1480.0 5939.119161142561
0.0 1843.0 3.0 26.0 63.58086699041833
0.0 1237.0 318.0 1480.0 5939.119161142561
0.0 1237.0 318.0 1480.0 5939.119161142561
0.0 1497.0 179.0 859.0 3457.8418848439783
0.0 1237.0 318.0 1480.0 5939.119161142561
0.0 1529.0 170.0 771.0 3137.1943703480497
0.0 1843.0 3.0 26.0 63.58086699041833
0.0 1843.0 3.0 26.0 63.58086699041833
0.0 1843.0 3.0 26.0 63.58086699041833
0.0 1561.0 155.0 663.0 2781.261749598134
0.0 1569.0 148.0 648.0 2733.0962642148365
0.0 1539.0 163.0 729.0 3052.7354916601053
0.0 1843.0 3.0 26.0 63.58086699041833
0.0 1237.0 318.0 1480.0 5939.119161142561
0.0 1535.0 168.0 737.0 3060.056620827472
0.0 1237.0 318.0 1480.0 5939.119161142561
0.0 1843.0 3.0 26.0 63.58086699041833
0.0 1237.0 318.0 1480.0 5939.119161142561
0.0 1555.0 146.0 728.0 2835.1632884955548
0.0 1543.0 148.0 828.0 2974.665256219223
0.0 1843.0 3.0 26.0 63.58086699041833
0.0 1509.0 171.0 822.0 3333.7576395114042
0.0 1237.0 318.0 1480.0 5939.119161142561
0.0 1843.0 3.0 26.0 63.58086699041833
0.0 1843.0 3.0 26.0 63.58086699041833
0.0 1237.0 318.0 1480.0 5939.119161142561
0.0 1531.0 166.0 730.0 3109.874435692905
0.0 1503.0 184.0 820.0 3354.655425116041
0.0 1843.0 3.0 26.0 63.58086699041833
0.0 1843.0 3.0 26.0 63.58086699041833
0.0 1237.0 318.0 1480.0 5939.119161142561
0.0 1537.0 166.0 745.0 3054.792379571399
0.0 1237.0 318.0 1480.0 5939.119161142561
0.0 1559.0 154.0 685.0 2747.4208003930557
0.0 1843.0 3.0 26.0 63.58086699041833
0.0 1549.0 155.0 732.0 2895.873579255474
0.0 1843.0 3.0 26.0 63.58086699041833
0.0 1237.0 318.0 1480.0 5939.119161142561
0.0 1237.0 318.0 1480.0 5939.119161142561
0.0 1843.0 3.0 26.0 63.58086699041833
0.0 1541.0 161.0 728.0 2916.702034382041
0.0 1237.0 318.0 1480.0 5939.119161142561
0.0 1527.0 154.0 858.0 3144.705987562295
0.0 1843.0 3.0 26.0 63.58086699041833
0.0 1843.0 3.0 26.0 63.58086699041833
0.0 1843.0 3.0 26.0 63.58086699041833
0.0 1237.0 318.0 1480.0 5939.119161142561
0.0 1237.0 318.0 1480.0 5939.119161142561
0.0 1553.0 153.0 753.0 2885.0539458576527
0.0 1523.0 168.0 796.0 3170.3313032299725
0.0 1515.0 179.0 780.0 3268.124705074668
0.0 1843.0 3.0 26.0 63.58086699041833
0.0 1843.0 3.0 26.0 63.58086699041833
0.0 1557.0 151.0 723.0 2821.9325824526713
0.0 1557.0 139.0 770.0 2866.410990703046
0.0 1527.0 160.0 813.0 3159.768411455094
0.0 1237.0 318.0 1480.0 5939.119161142561
0.0 1529.0 168.0 773.0 3126.1069238609452
0.0 1237.0 318.0 1480.0 5939.119161142561
0.0 1843.0 3.0 26.0 63.58086699041833
0.0 1543.0 151.0 769.0 2907.355385490065
0.0 1237.0 318.0 1480.0 5939.119161142561
0.0 1843.0 3.0 26.0 63.58086699041833
0.0 1843.0 3.0 26.0 63.58086699041833
0.0 1237.0 318.0 1480.0 5939.119161142561
0.0 1843.0 3.0 26.0 63.58086699041833
0.0 1843.0 3.0 26.0 63.58086699041833
0.0 1237.0 318.0 1480.0 5939.119161142561
0.0 1237.0 318.0 1480.0 5939.119161142561
0.0 1237.0 318.0 1480.0 5939.119161142561
0.0 1843.0 3.0 26.0 63.58086699041833
0.0 1237.0 318.0 1480.0 5939.119161142561
0.0 1557.0 151.0 721.0 2845.4154588518263
0.0 1843.0 3.0 26.0 63.58086699041833
0.0 1563.0 150.0 704.0 2789.9404749918026
0.0 1237.0 318.0 1480.0 5939.119161142561
0.0 1237.0 318.0 1480.0 5939.119161142561
0.0 1237.0 318.0 1480.0 5939.119161142561
0.0 1843.0 3.0 26.0 63.58086699041833
0.0 1237.0 318.0 1480.0 5939.119161142561
0.0 1843.0 3.0 26.0 63.58086699041833
0.0 1237.0 318.0 1480.0 5939.119161142561
0.0 1843.0 3.0 26.0 63.58086699041833
0.0 1237.0 318.0 1480.0 5939.119161142561
0.0 1843.0 3.0 26.0 63.58086699041833
0.0 1237.0 318.0 1480.0 5939.119161142561
0.0 1501.0 180.0 827.0 3397.52162892895
0.0 1843.0 3.0 26.0 63.58086699041833
0.0 1843.0 3.0 26.0 63.58086699041833
0.0 1237.0 318.0 1480.0 5939.119161142561
0.0 1529.0 158.0 836.0 3124.509857149485
0.0 1843.0 3.0 26.0 63.58086699041833
0.0 1843.0 3.0 26.0 63.58086699041833
0.0 1843.0 3.0 26.0 63.58086699041833
0.0 1237.0 318.0 1480.0 5939.119161142561
0.0 1843.0 3.0 26.0 63.58086699041833
0.0 1547.0 155.0 734.0 2898.020266273256
0.0 1543.0 148.0 759.0 3003.6169836540566
0.0 1533.0 169.0 715.0 3027.901218482269
0.0 1237.0 318.0 1480.0 5939.119161142561
0.0 1523.0 164.0 778.0 3217.4030790565434
0.0 1237.0 318.0 1480.0 5939.119161142561
0.0 1533.0 168.0 759.0 3104.948441016907
0.0 1237.0 318.0 1480.0 5939.119161142561
0.0 1513.0 171.0 827.0 3225.858336593478
0.0 1237.0 318.0 1480.0 5939.119161142561
0.0 1527.0 166.0 783.0 3116.770558147775
0.0 1843.0 3.0 26.0 63.58086699041833
0.0 1237.0 318.0 1480.0 5939.119161142561
0.0 1843.0 3.0 26.0 63.58086699041833
0.0 1843.0 3.0 26.0 63.58086699041833
0.0 1539.0 157.0 790.0 2945.3380899276763
0.0 1843.0 3.0 26.0 63.58086699041833
0.0 1843.0 3.0 26.0 63.58086699041833
0.0 1843.0 3.0 26.0 63.58086699041833
0.0 1237.0 318.0 1480.0 5939.119161142561
0.0 1561.0 152.0 686.0 2755.3793230051206
0.0 1237.0 318.0 1480.0 5939.119161142561
0.0 1237.0 318.0 1480.0 5939.119161142561
0.0 1237.0 318.0 1480.0 5939.119161142561
0.0 1237.0 318.0 1480.0 5939.119161142561
0.0 1237.0 318.0 1480.0 5939.119161142561
0.0 1535.0 166.0 746.0 3052.351531620367
0.0 1237.0 318.0 1480.0 5939.119161142561
0.0 1843.0 3.0 26.0 63.58086699041833
0.0 1843.0 3.0 26.0 63.58086699041833
0.0 1843.0 3.0 26.0 63.58086699041833
0.0 1531.0 163.0 792.0 3098.861010620872
0.0 1521.0 162.0 834.0 3232.2875100770707
0.0 1237.0 318.0 1480.0 5939.119161142561
