26.0 1526.0 58.0 198.0 1107.031359945901
7.0 1319.0 164.0 682.0 3152.075218833761
0.0 1453.0 81.0 493.0 1795.2115252803833
5.0 1491.0 67.0 370.0 1432.361266282464
21.0 1474.0 85.0 291.0 1575.9024347118557
44.0 1546.0 38.0 201.0 869.9170277071834
46.0 1549.0 37.0 194.0 846.0916881244808
19.0 1470.0 88.0 301.0 1618.093218729198
4.0 1478.0 69.0 434.0 1567.042298757319
33.0 1533.0 44.0 243.0 997.1076455065903
0.0 1453.0 81.0 493.0 1795.2115252803833
1.0 1470.0 74.0 451.0 1636.2308184350788
54.0 1557.0 33.0 181.0 776.7050706909587
74.0 1559.0 32.0 172.0 757.1348198243084
23.0 1390.0 128.0 454.0 2428.8620244038398
0.0 1453.0 81.0 493.0 1795.2115252803833
30.0 1529.0 40.0 320.0 1020.7330679638703
11.0 1431.0 101.0 434.0 2005.8330699938797
13.0 1432.0 101.0 425.0 2000.041925128837
4.0 1478.0 69.0 434.0 1567.042298757319
19.0 1389.0 129.0 463.0 2430.6403039068723
1.0 1470.0 74.0 451.0 1636.2308184350788
0.0 1405.0 108.0 579.0 2247.2733479877634
0.0 1457.0 80.0 483.0 1765.4438961685873
10.0 1504.0 61.0 324.0 1321.6790365347354
17.0 1375.0 138.0 498.0 2577.815678637908
19.0 1389.0 129.0 463.0 2430.6403039068723
21.0 1391.0 128.0 453.0 2414.752698304863
0.0 1453.0 81.0 493.0 1795.2115252803833
0.0 1355.0 123.0 785.0 2778.231915567929
54.0 1557.0 33.0 181.0 776.7050706909587
5.0 1491.0 67.0 370.0 1432.361266282464
31.0 1530.0 39.0 320.0 1009.4179159706624
0.0 1394.0 110.0 620.0 2418.6706060159913
12.0 1450.0 94.0 385.0 1815.990326708236
10.0 1504.0 61.0 324.0 1321.6790365347354
0.0 1379.0 112.0 716.0 2517.793108001469
0.0 1379.0 112.0 716.0 2517.793108001469
0.0 1355.0 123.0 785.0 2778.231915567929
56.0 1558.0 33.0 176.0 764.6741967902252
54.0 1557.0 33.0 181.0 776.7050706909587
0.0 1305.0 149.0 874.0 3337.5057982044177
54.0 1557.0 33.0 181.0 776.7050706909587
19.0 1470.0 88.0 301.0 1618.093218729198
44.0 1547.0 38.0 201.0 860.0640808487032
0.0 1453.0 81.0 493.0 1795.2115252803833
2.0 1471.0 74.0 441.0 1625.2459447939812
0.0 1295.0 169.0 812.0 3406.01179053709
50.0 1553.0 35.0 185.0 812.7685732089038
0.0 1291.0 156.0 933.0 3469.510142223424
19.0 1389.0 129.0 463.0 2430.6403039068723
32.0 1531.0 37.0 330.0 1008.9554149439349
2.0 1471.0 74.0 441.0 1625.2459447939812
54.0 1557.0 33.0 181.0 776.7050706909587
11.0 1431.0 101.0 434.0 2005.8330699938797
19.0 1470.0 88.0 301.0 1618.093218729198
0.0 1453.0 81.0 493.0 1795.2115252803833
15.0 1466.0 88.0 329.0 1658.881810726663
44.0 1546.0 38.0 201.0 869.9170277071834
0.0 1405.0 108.0 579.0 2247.2733479877634
19.0 1389.0 129.0 463.0 2430.6403039068723
6.0 1318.0 164.0 691.0 3159.818764562726
16.0 1513.0 61.0 266.0 1235.0494357073342
26.0 1526.0 58.0 198.0 1107.031359945901
38.0 1541.0 45.0 194.0 922.7938335488379
0.0 1421.0 99.0 534.0 2108.3382378199776
20.0 1516.0 47.0 349.0 1158.2207937679966
8.0 1502.0 60.0 351.0 1338.143364692497
17.0 1375.0 138.0 498.0 2577.815678637908
44.0 1546.0 38.0 201.0 869.9170277071834
8.0 1349.0 145.0 626.0 2838.200882815262
1.0 1470.0 74.0 451.0 1636.2308184350788
0.0 1360.0 125.0 720.0 2720.794772463684
0.0 1419.0 100.0 538.0 2131.690302741311
13.0 1508.0 62.0 291.0 1279.9214437419523
0.0 1376.0 119.0 670.0 2559.124734923163
17.0 1375.0 138.0 498.0 2577.815678637908
5.0 1317.0 164.0 700.0 3169.8494303492907
8.0 1349.0 145.0 626.0 2838.200882815262
0.0 1360.0 125.0 720.0 2720.794772463684
5.0 1494.0 65.0 366.0 1406.6031795976876
19.0 1389.0 129.0 463.0 2430.6403039068723
0.0 1355.0 123.0 785.0 2778.231915567929
30.0 1531.0 54.0 193.0 1048.1762939181413
29.0 1530.0 54.0 198.0 1058.8910439048932
0.0 1357.0 123.0 765.0 2758.5896533082405
40.0 1543.0 43.0 194.0 900.332314812577
40.0 1543.0 43.0 194.0 900.332314812577
16.0 1513.0 52.0 337.0 1203.8264174805847
0.0 1427.0 89.0 579.0 2063.8979723673765
0.0 1329.0 143.0 770.0 3051.797252830168
0.0 1360.0 125.0 720.0 2720.794772463684
0.0 1420.0 99.0 538.0 2119.476922223941
9.0 1448.0 93.0 407.0 1839.7820658630033
35.0 1538.0 49.0 189.0 974.754665848954
35.0 1538.0 49.0 189.0 974.754665848954
5.0 1317.0 164.0 700.0 3169.8494303492907
9.0 1448.0 93.0 407.0 1839.7820658630033
1.0 1438.0 86.0 526.0 1944.8193380931777
33.0 1533.0 44.0 243.0 997.1076455065903
1.0 1470.0 74.0 451.0 1636.2308184350788
5.0 1317.0 164.0 700.0 3169.8494303492907
1.0 1466.0 75.0 461.0 1665.9984475468748
5.0 1492.0 66.0 370.0 1424.6764279544786
24.0 1523.0 58.0 214.0 1136.7299144175865
22.0 1520.0 58.0 233.0 1160.9270244638462
1.0 1470.0 74.0 451.0 1636.2308184350788
54.0 1557.0 33.0 181.0 776.7050706909587
15.0 1512.0 61.0 273.0 1243.1827519261803
0.0 1425.0 89.0 599.0 2083.540234627065
21.0 1474.0 85.0 291.0 1575.9024347118557
5.0 1491.0 67.0 370.0 1432.361266282464
54.0 1557.0 33.0 181.0 776.7050706909587
0.0 1279.0 168.0 923.0 3565.5389208726883
13.0 1508.0 62.0 291.0 1279.9214437419523
54.0 1557.0 33.0 181.0 776.7050706909587
21.0 1474.0 85.0 291.0 1575.9024347118557
50.0 1553.0 35.0 185.0 812.7685732089038
35.0 1538.0 49.0 189.0 974.754665848954
54.0 1557.0 33.0 181.0 776.7050706909587
7.0 1501.0 61.0 351.0 1351.2306769980923
1.0 1466.0 75.0 461.0 1665.9984475468748
9.0 1503.0 61.0 333.0 1331.7097023213005
15.0 1512.0 61.0 273.0 1243.1827519261803
5.0 1494.0 65.0 366.0 1406.6031795976876
50.0 1553.0 35.0 185.0 812.7685732089038
50.0 1553.0 35.0 185.0 812.7685732089038
0.0 1453.0 81.0 493.0 1795.2115252803833
8.0 1349.0 145.0 626.0 2838.200882815262
28.0 1528.0 51.0 225.0 1075.1476187844664
0.0 1280.0 168.0 913.0 3556.8026139846816
0.0 1279.0 168.0 923.0 3565.5389208726883
0.0 1279.0 168.0 923.0 3565.5389208726883
0.0 1357.0 123.0 765.0 2758.5896533082405
5.0 1494.0 65.0 366.0 1406.6031795976876
21.0 1391.0 128.0 453.0 2414.752698304863
1.0 1440.0 86.0 517.0 1928.648332540937
56.0 1558.0 33.0 176.0 764.6741967902252
0.0 1379.0 112.0 716.0 2517.793108001469
0.0 1379.0 112.0 716.0 2517.793108001469
0.0 1329.0 143.0 770.0 3051.797252830168
13.0 1508.0 62.0 291.0 1279.9214437419523
0.0 1379.0 112.0 716.0 2517.793108001469
1.0 1465.0 75.0 465.0 1677.1371319508378
5.0 1493.0 65.0 370.0 1417.7418640016508
15.0 1466.0 88.0 329.0 1658.881810726663
0.0 1404.0 102.0 627.0 2286.8384848722153
5.0 1493.0 65.0 370.0 1417.7418640016508
0.0 1404.0 102.0 627.0 2286.8384848722153
56.0 1558.0 33.0 176.0 764.6741967902252
19.0 1470.0 88.0 301.0 1618.093218729198
19.0 1389.0 129.0 463.0 2430.6403039068723
0.0 1376.0 119.0 670.0 2559.124734923163
0.0 1421.0 99.0 534.0 2108.3382378199776
19.0 1470.0 88.0 301.0 1618.093218729198
36.0 1538.0 45.0 211.0 946.8061819196057
1.0 1437.0 86.0 530.0 1955.958022497141
1.0 1437.0 86.0 530.0 1955.958022497141
6.0 1318.0 164.0 691.0 3159.818764562726
1.0 1465.0 75.0 465.0 1677.1371319508378
0.0 1427.0 89.0 579.0 2063.8979723673765
0.0 1426.0 89.0 589.0 2072.6342792553837
0.0 1329.0 143.0 770.0 3051.797252830168
1.0 1438.0 86.0 526.0 1944.8193380931777
0.0 1407.0 107.0 575.0 2223.92128306643
7.0 1319.0 164.0 682.0 3152.075218833761
36.0 1538.0 45.0 211.0 946.8061819196057
0.0 1457.0 80.0 483.0 1765.4438961685873
15.0 1361.0 143.0 553.0 2687.1016642248355
34.0 1534.0 43.0 243.0 986.8124284923367
0.0 1421.0 99.0 534.0 2108.3382378199776
9.0 1449.0 92.0 407.0 1827.5686853456336
0.0 1291.0 156.0 933.0 3469.510142223424
13.0 1508.0 62.0 291.0 1279.9214437419523
20.0 1516.0 47.0 349.0 1158.2207937679966
29.0 1530.0 54.0 198.0 1058.8910439048932
20.0 1516.0 47.0 349.0 1158.2207937679966
0.0 1360.0 125.0 720.0 2720.794772463684
15.0 1512.0 61.0 273.0 1243.1827519261803
51.0 1554.0 35.0 181.0 803.9443994226027
0.0 1306.0 149.0 864.0 3326.599842832736
13.0 1508.0 62.0 291.0 1279.9214437419523
42.0 1545.0 41.0 194.0 878.4553470342769
15.0 1466.0 88.0 329.0 1658.881810726663
13.0 1508.0 62.0 291.0 1279.9214437419523
11.0 1431.0 101.0 434.0 2005.8330699938797
15.0 1466.0 88.0 329.0 1658.881810726663
11.0 1431.0 101.0 434.0 2005.8330699938797
0.0 1291.0 156.0 933.0 3469.510142223424
0.0 1306.0 149.0 864.0 3326.599842832736
0.0 1405.0 108.0 579.0 2247.2733479877634
19.0 1389.0 129.0 463.0 2430.6403039068723
11.0 1431.0 101.0 434.0 2005.8330699938797
22.0 1518.0 45.0 349.0 1136.6299664528308
0.0 1392.0 112.0 620.0 2431.726908375086
30.0 1529.0 40.0 320.0 1020.7330679638703
15.0 1512.0 61.0 273.0 1243.1827519261803
0.0 1306.0 149.0 864.0 3326.599842832736
6.0 1495.0 65.0 356.0 1395.61830595659
46.0 1549.0 37.0 194.0 846.0916881244808
46.0 1549.0 37.0 194.0 846.0916881244808
22.0 1520.0 58.0 233.0 1160.9270244638462
22.0 1520.0 58.0 233.0 1160.9270244638462
17.0 1514.0 54.0 309.0 1198.5036430971663
0.0 1295.0 169.0 812.0 3406.01179053709
7.0 1319.0 164.0 682.0 3152.075218833761
28.0 1528.0 51.0 225.0 1075.1476187844664
4.0 1478.0 69.0 434.0 1567.042298757319
32.0 1531.0 37.0 330.0 1008.9554149439349
32.0 1531.0 37.0 330.0 1008.9554149439349
0.0 1295.0 169.0 812.0 3406.01179053709
10.0 1350.0 146.0 608.0 2826.223455701604
8.0 1349.0 145.0 626.0 2838.200882815262
0.0 1337.0 136.0 796.0 2957.7245782686964
15.0 1512.0 61.0 273.0 1243.1827519261803
12.0 1450.0 94.0 385.0 1815.990326708236
0.0 1376.0 119.0 670.0 2559.124734923163
20.0 1516.0 47.0 349.0 1158.2207937679966
0.0 1420.0 99.0 538.0 2119.476922223941
0.0 1280.0 168.0 913.0 3556.8026139846816
8.0 1447.0 93.0 416.0 1846.180713943587
34.0 1534.0 43.0 243.0 986.8124284923367
8.0 1447.0 93.0 416.0 1846.180713943587
26.0 1526.0 58.0 198.0 1107.031359945901
26.0 1526.0 58.0 198.0 1107.031359945901
20.0 1516.0 47.0 349.0 1158.2207937679966
0.0 1402.0 103.0 637.0 2309.9578207612662
10.0 1350.0 146.0 608.0 2826.223455701604
0.0 1420.0 99.0 538.0 2119.476922223941
30.0 1531.0 54.0 193.0 1048.1762939181413
16.0 1513.0 52.0 337.0 1203.8264174805847
21.0 1391.0 128.0 453.0 2414.752698304863
16.0 1513.0 52.0 337.0 1203.8264174805847
30.0 1531.0 54.0 193.0 1048.1762939181413
0.0 1419.0 100.0 538.0 2131.690302741311
21.0 1391.0 128.0 453.0 2414.752698304863
12.0 1450.0 94.0 385.0 1815.990326708236
15.0 1466.0 88.0 329.0 1658.881810726663
7.0 1501.0 61.0 351.0 1351.2306769980923
7.0 1501.0 61.0 351.0 1351.2306769980923
7.0 1501.0 61.0 351.0 1351.2306769980923
17.0 1514.0 54.0 309.0 1198.5036430971663
41.0 1544.0 41.0 202.0 885.9112591881393
42.0 1545.0 41.0 194.0 878.4553470342769
0.0 1291.0 156.0 933.0 3469.510142223424
1.0 1465.0 75.0 465.0 1677.1371319508378
25.0 1525.0 58.0 205.0 1115.1646761647473
0.0 1380.0 117.0 660.0 2520.163524877394
1.0 1465.0 75.0 465.0 1677.1371319508378
5.0 1494.0 65.0 366.0 1406.6031795976876
17.0 1375.0 138.0 498.0 2577.815678637908
28.0 1528.0 51.0 225.0 1075.1476187844664
0.0 1427.0 89.0 579.0 2063.8979723673765
0.0 1306.0 149.0 864.0 3326.599842832736
17.0 1375.0 138.0 498.0 2577.815678637908
19.0 1389.0 129.0 463.0 2430.6403039068723
48.0 1551.0 37.0 185.0 825.8202064938853
0.0 1380.0 117.0 660.0 2520.163524877394
0.0 1394.0 110.0 620.0 2418.6706060159913
7.0 1496.0 65.0 347.0 1385.5876401700248
0.0 1336.0 136.0 802.0 2972.4908015514065
22.0 1518.0 45.0 349.0 1136.6299664528308
0.0 1280.0 168.0 913.0 3556.8026139846816
1.0 1464.0 76.0 465.0 1684.0716959036656
0.0 1336.0 136.0 802.0 2972.4908015514065
22.0 1518.0 45.0 349.0 1136.6299664528308
25.0 1525.0 58.0 205.0 1115.1646761647473
31.0 1530.0 39.0 320.0 1009.4179159706624
31.0 1530.0 39.0 320.0 1009.4179159706624
24.0 1524.0 58.0 213.0 1122.6205883186096
0.0 1425.0 89.0 599.0 2083.540234627065
19.0 1470.0 88.0 301.0 1618.093218729198
24.0 1524.0 58.0 213.0 1122.6205883186096
16.0 1513.0 61.0 266.0 1235.0494357073342
6.0 1495.0 65.0 356.0 1395.61830595659
0.0 1329.0 143.0 770.0 3051.797252830168
10.0 1504.0 61.0 324.0 1321.6790365347354
1.0 1437.0 86.0 530.0 1955.958022497141
1.0 1437.0 86.0 530.0 1955.958022497141
39.0 1542.0 44.0 194.0 912.4986165345844
5.0 1490.0 68.0 370.0 1445.8256639564183
0.0 1380.0 117.0 660.0 2520.163524877394
0.0 1329.0 143.0 770.0 3051.797252830168
5.0 1494.0 65.0 366.0 1406.6031795976876
5.0 1490.0 68.0 370.0 1445.8256639564183
0.0 1427.0 89.0 579.0 2063.8979723673765
0.0 1407.0 107.0 575.0 2223.92128306643
48.0 1551.0 37.0 185.0 825.8202064938853
0.0 1407.0 107.0 575.0 2223.92128306643
4.0 1478.0 69.0 434.0 1567.042298757319
4.0 1478.0 69.0 434.0 1567.042298757319
4.0 1478.0 69.0 434.0 1567.042298757319
0.0 1457.0 80.0 483.0 1765.4438961685873
22.0 1520.0 58.0 233.0 1160.9270244638462
8.0 1502.0 60.0 351.0 1338.143364692497
0.0 1408.0 109.0 560.0 2237.140394478912
34.0 1534.0 43.0 243.0 986.8124284923367
39.0 1542.0 44.0 194.0 912.4986165345844
0.0 1301.0 160.0 850.0 3375.0862722049624
0.0 1301.0 160.0 850.0 3375.0862722049624
