10.0 1438.0 101.0 410.0 1938.4502396947032
9.0 1487.0 65.0 402.0 1482.2710037338659
26.0 1525.0 47.0 284.0 1077.3787554847675
51.0 1553.0 34.0 178.0 822.9152270824587
48.0 1550.0 35.0 193.0 837.2893323509612
11.0 1334.0 162.0 592.0 2990.202139814152
0.0 1320.0 151.0 764.0 3181.9747050770598
30.0 1529.0 46.0 255.0 1035.003701891626
53.0 1552.0 34.0 180.0 835.9443114337619
43.0 1544.0 41.0 187.0 891.807880835915
0.0 1286.0 166.0 877.0 3481.743636389202
11.0 1480.0 74.0 367.0 1546.8280259428507
26.0 1376.0 142.0 455.0 2566.964080273533
21.0 1375.0 141.0 472.0 2580.575020735798
21.0 1518.0 61.0 216.0 1194.769518869581
30.0 1529.0 46.0 255.0 1035.003701891626
53.0 1552.0 34.0 183.0 832.3465221789388
46.0 1548.0 36.0 201.0 850.942781632899
12.0 1505.0 60.0 324.0 1299.8477600315543
21.0 1375.0 141.0 472.0 2580.575020735798
22.0 1376.0 140.0 472.0 2572.5599817896527
14.0 1443.0 100.0 379.0 1889.7180465673268
9.0 1481.0 74.0 366.0 1536.0919943473502
9.0 1488.0 64.0 409.0 1469.4166376356916
18.0 1355.0 153.0 517.0 2769.863659328143
0.0 1458.0 80.0 479.0 1754.3052117646243
0.0 1458.0 80.0 479.0 1754.3052117646243
44.0 1546.0 37.0 205.0 871.1664931673735
17.0 1459.0 92.0 338.0 1763.0388166111782
9.0 1481.0 74.0 366.0 1536.0919943473502
0.0 1458.0 80.0 479.0 1754.3052117646243
23.0 1377.0 141.0 455.0 2560.37408835066
28.0 1527.0 45.0 284.0 1054.5256499676802
34.0 1533.0 52.0 181.0 1004.5826843073214
27.0 1525.0 57.0 194.0 1114.7965123058434
21.0 1518.0 61.0 216.0 1194.769518869581
21.0 1518.0 61.0 216.0 1194.769518869581
41.0 1542.0 46.0 174.0 920.4443071881514
0.0 1447.0 82.0 533.0 1855.4302369983086
53.0 1551.0 36.0 178.0 842.6440179998812
28.0 1527.0 45.0 284.0 1054.5256499676802
23.0 1377.0 141.0 455.0 2560.37408835066
23.0 1377.0 141.0 455.0 2560.37408835066
0.0 1342.0 129.0 814.0 2948.5048418535234
21.0 1375.0 141.0 472.0 2580.575020735798
24.0 1380.0 139.0 449.0 2528.059632971629
21.0 1375.0 141.0 472.0 2580.575020735798
23.0 1377.0 141.0 455.0 2560.37408835066
11.0 1334.0 162.0 592.0 2990.202139814152
13.0 1437.0 102.0 410.0 1951.380434049719
0.0 1291.0 156.0 931.0 3463.8837155776446
17.0 1356.0 151.0 526.0 2763.0377507075495
9.0 1487.0 65.0 402.0 1482.2710037338659
51.0 1553.0 34.0 178.0 822.9152270824587
2.0 1471.0 74.0 441.0 1625.2459447939812
9.0 1481.0 74.0 366.0 1536.0919943473502
5.0 1478.0 71.0 415.0 1567.5757516077952
51.0 1553.0 34.0 178.0 822.9152270824587
0.0 1432.0 88.0 564.0 2003.086411161469
32.0 1531.0 54.0 181.0 1033.0005179670181
0.0 1453.0 80.0 501.0 1806.749996304092
27.0 1378.0 139.0 459.0 2542.285167356651
9.0 1487.0 65.0 402.0 1482.2710037338659
39.0 1538.0 42.0 212.0 943.4291758164815
43.0 1544.0 41.0 187.0 891.807880835915
0.0 1408.0 99.0 633.0 2236.3388244558823
2.0 1304.0 168.0 746.0 3312.453613954564
2.0 1304.0 168.0 746.0 3312.453613954564
7.0 1422.0 104.0 476.0 2091.0417492008896
12.0 1506.0 58.0 334.0 1293.748471051472
0.0 1380.0 113.0 688.0 2521.3745417447167
2.0 1304.0 168.0 746.0 3312.453613954564
9.0 1481.0 74.0 366.0 1536.0919943473502
12.0 1440.0 101.0 392.0 1924.1827240238904
0.0 1380.0 113.0 688.0 2521.3745417447167
0.0 1380.0 113.0 688.0 2521.3745417447167
0.0 1413.0 103.0 554.0 2176.122629978672
44.0 1546.0 37.0 205.0 871.1664931673735
2.0 1304.0 168.0 746.0 3312.453613954564
10.0 1438.0 101.0 410.0 1938.4502396947032
14.0 1443.0 100.0 379.0 1889.7180465673268
12.0 1440.0 101.0 392.0 1924.1827240238904
34.0 1533.0 52.0 181.0 1004.5826843073214
0.0 1380.0 113.0 688.0 2521.3745417447167
0.0 1380.0 113.0 688.0 2521.3745417447167
16.0 1458.0 92.0 345.0 1773.8480392011372
0.0 1365.0 122.0 715.0 2689.1201764518228
0.0 1380.0 113.0 688.0 2521.3745417447167
0.0 1404.0 110.0 578.0 2271.082792503279
2.0 1304.0 168.0 746.0 3312.453613954564
0.0 1380.0 113.0 688.0 2521.3745417447167
9.0 1488.0 64.0 409.0 1469.4166376356916
1.0 1426.0 96.0 526.0 2052.6767726180183
5.0 1478.0 71.0 415.0 1567.5757516077952
0.0 1413.0 103.0 554.0 2176.122629978672
4.0 1419.0 104.0 504.0 2121.404497716386
12.0 1506.0 58.0 334.0 1293.748471051472
35.0 1534.0 38.0 284.0 987.2175424976272
10.0 1438.0 101.0 410.0 1938.4502396947032
12.0 1338.0 159.0 583.0 2940.827048104526
28.0 1527.0 45.0 284.0 1054.5256499676802
52.0 1554.0 34.0 174.0 814.0910532961576
0.0 1392.0 112.0 620.0 2431.726908375086
0.0 1408.0 99.0 633.0 2236.3388244558823
9.0 1481.0 74.0 366.0 1536.0919943473502
0.0 1426.0 89.0 594.0 2091.7271470184864
10.0 1438.0 101.0 410.0 1938.4502396947032
25.0 1523.0 58.0 201.0 1136.7725873650925
7.0 1485.0 65.0 421.0 1504.9768695009238
1.0 1465.0 74.0 473.0 1688.6756029745466
41.0 1542.0 46.0 174.0 920.4443071881514
0.0 1456.0 80.0 488.0 1770.476217316865
0.0 1415.0 101.0 554.0 2156.2244111333166
0.0 1408.0 99.0 633.0 2236.3388244558823
14.0 1442.0 101.0 378.0 1902.2754325489004
0.0 1415.0 101.0 554.0 2156.2244111333166
1.0 1470.0 74.0 451.0 1636.2308184350788
0.0 1436.0 90.0 525.0 1957.2620636422255
0.0 1345.0 129.0 788.0 2914.096356311125
0.0 1452.0 81.0 501.0 1814.4348346320774
15.0 1511.0 59.0 293.0 1236.707358595035
0.0 1365.0 122.0 715.0 2689.1201764518228
9.0 1481.0 74.0 366.0 1536.0919943473502
0.0 1345.0 129.0 788.0 2914.096356311125
0.0 1325.0 139.0 839.0 3117.1842074390756
1.0 1470.0 74.0 451.0 1636.2308184350788
9.0 1481.0 74.0 366.0 1536.0919943473502
35.0 1534.0 51.0 181.0 994.6490384391535
25.0 1523.0 58.0 201.0 1136.7725873650925
1.0 1426.0 96.0 526.0 2052.6767726180183
0.0 1278.0 168.0 931.0 3570.818449598591
24.0 1380.0 139.0 449.0 2528.059632971629
5.0 1478.0 71.0 415.0 1567.5757516077952
15.0 1511.0 59.0 293.0 1236.707358595035
0.0 1432.0 88.0 564.0 2003.086411161469
9.0 1481.0 74.0 366.0 1536.0919943473502
7.0 1485.0 65.0 421.0 1504.9768695009238
0.0 1286.0 166.0 877.0 3481.743636389202
15.0 1511.0 59.0 293.0 1236.707358595035
14.0 1510.0 59.0 302.0 1246.7380243816
38.0 1537.0 44.0 206.0 950.3728197300858
1.0 1426.0 96.0 526.0 2052.6767726180183
0.0 1436.0 90.0 525.0 1957.2620636422255
15.0 1511.0 59.0 293.0 1236.707358595035
7.0 1485.0 65.0 421.0 1504.9768695009238
14.0 1510.0 59.0 302.0 1246.7380243816
26.0 1525.0 49.0 265.0 1085.424206504894
48.0 1550.0 35.0 193.0 837.2893323509612
26.0 1525.0 47.0 284.0 1077.3787554847675
1.0 1426.0 96.0 526.0 2052.6767726180183
25.0 1523.0 58.0 201.0 1136.7725873650925
0.0 1365.0 122.0 715.0 2689.1201764518228
25.0 1523.0 58.0 201.0 1136.7725873650925
12.0 1505.0 60.0 324.0 1299.8477600315543
1.0 1470.0 74.0 451.0 1636.2308184350788
19.0 1515.0 62.0 237.0 1220.5891775841856
4.0 1366.0 126.0 668.0 2651.3248191334665
0.0 1432.0 88.0 564.0 2003.086411161469
37.0 1537.0 36.0 282.0 968.1479432137918
0.0 1426.0 89.0 594.0 2091.7271470184864
21.0 1518.0 61.0 216.0 1194.769518869581
3.0 1476.0 71.0 434.0 1590.2816173748529
21.0 1518.0 61.0 216.0 1194.769518869581
0.0 1317.0 149.0 792.0 3199.904749196413
0.0 1317.0 149.0 792.0 3199.904749196413
0.0 1325.0 139.0 839.0 3117.1842074390756
0.0 1436.0 90.0 525.0 1957.2620636422255
3.0 1476.0 71.0 434.0 1590.2816173748529
0.0 1365.0 122.0 715.0 2689.1201764518228
22.0 1519.0 61.0 210.0 1182.3502297055768
3.0 1476.0 71.0 434.0 1590.2816173748529
21.0 1518.0 61.0 216.0 1194.769518869581
12.0 1505.0 60.0 324.0 1299.8477600315543
0.0 1358.0 125.0 744.0 2729.8362757970626
13.0 1507.0 57.0 334.0 1280.118286289129
22.0 1519.0 61.0 210.0 1182.3502297055768
12.0 1505.0 60.0 324.0 1299.8477600315543
19.0 1515.0 62.0 237.0 1220.5891775841856
0.0 1413.0 103.0 554.0 2176.122629978672
0.0 1415.0 101.0 554.0 2156.2244111333166
0.0 1415.0 101.0 554.0 2156.2244111333166
3.0 1476.0 71.0 434.0 1590.2816173748529
44.0 1546.0 37.0 205.0 871.1664931673735
0.0 1345.0 129.0 788.0 2914.096356311125
0.0 1394.0 111.0 616.0 2412.903385643137
0.0 1413.0 103.0 554.0 2176.122629978672
19.0 1515.0 62.0 237.0 1220.5891775841856
0.0 1317.0 149.0 792.0 3199.904749196413
44.0 1546.0 37.0 205.0 871.1664931673735
0.0 1345.0 129.0 788.0 2914.096356311125
44.0 1546.0 37.0 205.0 871.1664931673735
21.0 1518.0 61.0 216.0 1194.769518869581
1.0 1468.0 74.0 460.0 1652.4018239873194
27.0 1525.0 57.0 194.0 1114.7965123058434
0.0 1280.0 166.0 938.0 3525.822921517071
7.0 1485.0 65.0 421.0 1504.9768695009238
4.0 1366.0 126.0 668.0 2651.3248191334665
0.0 1392.0 112.0 620.0 2431.726908375086
30.0 1529.0 44.0 274.0 1031.8215710611819
0.0 1456.0 80.0 488.0 1770.476217316865
1.0 1470.0 74.0 451.0 1636.2308184350788
36.0 1535.0 38.0 275.0 973.9782159175248
43.0 1544.0 41.0 187.0 891.807880835915
1.0 1470.0 74.0 451.0 1636.2308184350788
0.0 1278.0 168.0 931.0 3570.818449598591
0.0 1344.0 129.0 794.0 2928.862579593835
26.0 1525.0 47.0 284.0 1077.3787554847675
0.0 1436.0 90.0 525.0 1957.2620636422255
12.0 1338.0 159.0 583.0 2940.827048104526
0.0 1436.0 90.0 525.0 1957.2620636422255
0.0 1278.0 168.0 931.0 3570.818449598591
7.0 1485.0 65.0 421.0 1504.9768695009238
16.0 1352.0 154.0 534.0 2803.027255348425
39.0 1538.0 42.0 212.0 943.4291758164815
18.0 1355.0 153.0 517.0 2769.863659328143
39.0 1538.0 42.0 212.0 943.4291758164815
0.0 1390.0 114.0 620.0 2456.1907289742903
51.0 1553.0 34.0 178.0 822.9152270824587
0.0 1404.0 110.0 578.0 2271.082792503279
17.0 1356.0 151.0 526.0 2763.0377507075495
0.0 1401.0 108.0 598.0 2334.524047884724
0.0 1390.0 114.0 620.0 2456.1907289742903
11.0 1334.0 162.0 592.0 2990.202139814152
1.0 1468.0 74.0 460.0 1652.4018239873194
0.0 1455.0 80.0 492.0 1781.6149017208284
0.0 1455.0 80.0 492.0 1781.6149017208284
0.0 1293.0 156.0 911.0 3444.2414533179563
0.0 1452.0 81.0 501.0 1814.4348346320774
0.0 1291.0 156.0 931.0 3463.8837155776446
32.0 1531.0 54.0 181.0 1033.0005179670181
23.0 1377.0 141.0 455.0 2560.37408835066
43.0 1544.0 41.0 187.0 891.807880835915
0.0 1325.0 139.0 839.0 3117.1842074390756
32.0 1531.0 54.0 181.0 1033.0005179670181
0.0 1281.0 170.0 901.0 3536.9712954509387
13.0 1441.0 101.0 384.0 1916.7268118700279
32.0 1531.0 54.0 181.0 1033.0005179670181
23.0 1377.0 141.0 455.0 2560.37408835066
32.0 1531.0 54.0 181.0 1033.0005179670181
23.0 1377.0 141.0 455.0 2560.37408835066
13.0 1441.0 101.0 384.0 1916.7268118700279
43.0 1544.0 41.0 187.0 891.807880835915
0.0 1359.0 124.0 737.0 2743.7809296020077
33.0 1532.0 53.0 181.0 1018.5400770301703
0.0 1359.0 124.0 737.0 2743.7809296020077
0.0 1359.0 124.0 737.0 2743.7809296020077
14.0 1510.0 59.0 302.0 1246.7380243816
51.0 1553.0 34.0 178.0 822.9152270824587
51.0 1553.0 34.0 178.0 822.9152270824587
25.0 1523.0 58.0 201.0 1136.7725873650925
26.0 1525.0 47.0 284.0 1077.3787554847675
12.0 1506.0 59.0 324.0 1289.9930632523826
12.0 1506.0 59.0 324.0 1289.9930632523826
17.0 1459.0 92.0 338.0 1763.0388166111782
0.0 1394.0 111.0 616.0 2412.903385643137
9.0 1487.0 65.0 402.0 1482.2710037338659
0.0 1447.0 82.0 533.0 1855.4302369983086
0.0 1453.0 80.0 501.0 1806.749996304092
0.0 1452.0 81.0 501.0 1814.4348346320774
11.0 1334.0 162.0 592.0 2990.202139814152
19.0 1515.0 62.0 237.0 1220.5891775841856
0.0 1431.0 88.0 570.0 2017.852634444179
11.0 1334.0 162.0 592.0 2990.202139814152
16.0 1352.0 154.0 534.0 2803.027255348425
0.0 1431.0 88.0 570.0 2017.852634444179
18.0 1355.0 153.0 517.0 2769.863659328143
21.0 1375.0 141.0 472.0 2580.575020735798
0.0 1404.0 110.0 578.0 2271.082792503279
21.0 1375.0 141.0 472.0 2580.575020735798
0.0 1358.0 125.0 744.0 2729.8362757970626
19.0 1515.0 62.0 237.0 1220.5891775841856
12.0 1506.0 58.0 334.0 1293.748471051472
0.0 1291.0 156.0 931.0 3463.8837155776446
12.0 1506.0 59.0 324.0 1289.9930632523826
12.0 1506.0 59.0 324.0 1289.9930632523826
36.0 1535.0 38.0 275.0 973.9782159175248
48.0 1550.0 35.0 193.0 837.2893323509612
4.0 1477.0 71.0 424.0 1579.2967437337556
19.0 1515.0 62.0 237.0 1220.5891775841856
0.0 1323.0 139.0 855.0 3140.686737609793
2.0 1304.0 168.0 746.0 3312.453613954564
0.0 1458.0 80.0 479.0 1754.3052117646243
0.0 1401.0 108.0 598.0 2334.524047884724
0.0 1342.0 129.0 814.0 2948.5048418535234
12.0 1338.0 159.0 583.0 2940.827048104526
12.0 1338.0 159.0 583.0 2940.827048104526
0.0 1323.0 139.0 855.0 3140.686737609793
1.0 1467.0 74.0 464.0 1663.5405083912829
1.0 1467.0 74.0 464.0 1663.5405083912829
26.0 1524.0 58.0 194.0 1128.6392711462463
30.0 1529.0 44.0 274.0 1031.8215710611819
46.0 1548.0 36.0 201.0 850.942781632899
34.0 1533.0 52.0 181.0 1004.5826843073214
34.0 1533.0 52.0 181.0 1004.5826843073214
0.0 1302.0 159.0 850.0 3365.042540171267
0.0 1302.0 159.0 850.0 3365.042540171267
