16.0 1514.0 59.0 277.0 1203.943146651139
6.0 1496.0 65.0 354.0 1371.4993086547836
0.0 1435.0 86.0 550.0 1986.1350476198434
15.0 1508.0 61.0 290.0 1245.5853620961625
47.0 1548.0 38.0 182.0 866.4703258071391
1.0 1450.0 79.0 506.0 1839.1866600884716
19.0 1374.0 136.0 510.0 2589.746596467256
11.0 1441.0 98.0 401.0 1891.9569506473122
0.0 1439.0 85.0 530.0 1946.1223690140541
9.0 1327.0 160.0 652.0 3070.083047361098
21.0 1378.0 134.0 494.0 2544.847722855387
19.0 1374.0 136.0 510.0 2589.746596467256
6.0 1491.0 67.0 367.0 1418.1227301695737
6.0 1491.0 67.0 367.0 1418.1227301695737
6.0 1495.0 65.0 358.0 1382.6379930587468
12.0 1504.0 62.0 311.0 1287.3989655592184
0.0 1439.0 85.0 530.0 1946.1223690140541
21.0 1519.0 59.0 233.0 1160.1959005994886
51.0 1553.0 35.0 180.0 832.0630395279703
0.0 1420.0 99.0 536.0 2115.199780974661
0.0 1407.0 107.0 572.0 2227.093697625641
6.0 1310.0 170.0 706.0 3240.5549460131247
6.0 1496.0 65.0 354.0 1371.4993086547836
12.0 1504.0 62.0 311.0 1287.3989655592184
1.0 1450.0 79.0 506.0 1839.1866600884716
9.0 1327.0 160.0 652.0 3070.083047361098
1.0 1450.0 79.0 506.0 1839.1866600884716
0.0 1390.0 114.0 620.0 2456.1907289742903
0.0 1437.0 85.0 540.0 1972.0272767007273
1.0 1470.0 74.0 451.0 1636.2308184350788
1.0 1470.0 74.0 451.0 1636.2308184350788
10.0 1440.0 98.0 410.0 1901.9876164338773
9.0 1328.0 159.0 652.0 3057.02637122481
0.0 1330.0 137.0 817.0 3054.572393584933
21.0 1378.0 134.0 494.0 2544.847722855387
13.0 1505.0 62.0 302.0 1279.5300979689894
12.0 1504.0 62.0 311.0 1287.3989655592184
0.0 1404.0 109.0 579.0 2259.5237880695986
0.0 1378.0 116.0 691.0 2534.9325332863245
0.0 1360.0 126.0 714.0 2713.71338750896
6.0 1491.0 67.0 367.0 1418.1227301695737
1.0 1469.0 74.0 455.0 1647.3695028390418
19.0 1517.0 59.0 250.0 1175.7928406580293
33.0 1533.0 52.0 186.0 1033.4267905571387
0.0 1298.0 169.0 787.0 3374.160702885902
47.0 1548.0 38.0 182.0 866.4703258071391
11.0 1441.0 98.0 401.0 1891.9569506473122
21.0 1378.0 134.0 494.0 2544.847722855387
0.0 1404.0 109.0 579.0 2259.5237880695986
0.0 1419.0 100.0 536.0 2120.57124500577
0.0 1362.0 125.0 710.0 2694.8898647770116
1.0 1450.0 79.0 506.0 1839.1866600884716
6.0 1425.0 103.0 467.0 2051.666141526201
28.0 1528.0 55.0 210.0 1053.251525023218
1.0 1470.0 74.0 451.0 1636.2308184350788
0.0 1413.0 101.0 567.0 2175.7530967112734
6.0 1491.0 67.0 367.0 1418.1227301695737
10.0 1502.0 60.0 348.0 1304.545814553587
9.0 1499.0 65.0 326.0 1338.7724000901428
0.0 1298.0 169.0 787.0 3374.160702885902
0.0 1309.0 147.0 882.0 3271.0072908677485
0.0 1413.0 101.0 567.0 2175.7530967112734
13.0 1449.0 94.0 377.0 1810.0893406561597
0.0 1419.0 100.0 536.0 2120.57124500577
33.0 1533.0 52.0 186.0 1033.4267905571387
0.0 1392.0 112.0 620.0 2431.726908375086
0.0 1404.0 109.0 579.0 2259.5237880695986
29.0 1528.0 51.0 236.0 1027.9362367914634
0.0 1325.0 143.0 789.0 3125.660587558625
0.0 1419.0 100.0 536.0 2120.57124500577
19.0 1517.0 59.0 250.0 1175.7928406580293
51.0 1553.0 35.0 180.0 832.0630395279703
0.0 1278.0 168.0 933.0 3576.44487624437
0.0 1278.0 168.0 933.0 3576.44487624437
0.0 1404.0 109.0 579.0 2259.5237880695986
48.0 1549.0 38.0 178.0 859.8221144616068
9.0 1428.0 103.0 441.0 2022.4528176448339
0.0 1362.0 125.0 710.0 2694.8898647770116
25.0 1525.0 58.0 210.0 1094.993311699287
38.0 1538.0 45.0 195.0 958.6335778667739
9.0 1328.0 159.0 652.0 3057.02637122481
0.0 1278.0 168.0 933.0 3576.44487624437
0.0 1291.0 156.0 931.0 3463.8837155776446
0.0 1283.0 166.0 897.0 3508.1451761779963
0.0 1291.0 156.0 931.0 3463.8837155776446
1.0 1470.0 74.0 451.0 1636.2308184350788
25.0 1525.0 58.0 210.0 1094.993311699287
0.0 1278.0 168.0 933.0 3576.44487624437
1.0 1470.0 74.0 451.0 1636.2308184350788
54.0 1556.0 34.0 172.0 806.8850565245854
0.0 1309.0 147.0 882.0 3271.0072908677485
1.0 1470.0 74.0 451.0 1636.2308184350788
6.0 1496.0 65.0 354.0 1371.4993086547836
0.0 1435.0 86.0 550.0 1986.1350476198434
35.0 1535.0 38.0 298.0 965.4748855202392
3.0 1478.0 70.0 437.0 1562.7211200388183
10.0 1502.0 60.0 348.0 1304.545814553587
3.0 1478.0 70.0 437.0 1562.7211200388183
47.0 1548.0 38.0 182.0 866.4703258071391
0.0 1393.0 111.0 620.0 2424.0420700471004
0.0 1387.0 109.0 685.0 2455.7543922234004
24.0 1517.0 47.0 336.0 1127.6835482137772
11.0 1503.0 62.0 320.0 1297.4296313457835
24.0 1517.0 47.0 336.0 1127.6835482137772
16.0 1346.0 151.0 578.0 2883.62005544975
15.0 1369.0 137.0 543.0 2644.165573920124
0.0 1387.0 109.0 685.0 2455.7543922234004
3.0 1478.0 70.0 437.0 1562.7211200388183
3.0 1478.0 70.0 437.0 1562.7211200388183
0.0 1331.0 137.0 811.0 3039.8061703022227
17.0 1515.0 59.0 268.0 1192.2221545251782
15.0 1345.0 151.0 585.0 2895.228907303208
8.0 1500.0 62.0 348.0 1331.8468662498194
1.0 1470.0 74.0 451.0 1636.2308184350788
0.0 1361.0 125.0 714.0 2706.028549180974
3.0 1478.0 70.0 437.0 1562.7211200388183
13.0 1339.0 155.0 602.0 2960.629469667586
1.0 1470.0 74.0 451.0 1636.2308184350788
0.0 1325.0 143.0 789.0 3125.660587558625
0.0 1325.0 143.0 789.0 3125.660587558625
1.0 1470.0 74.0 451.0 1636.2308184350788
24.0 1524.0 59.0 210.0 1109.4982804260574
0.0 1390.0 114.0 620.0 2456.1907289742903
1.0 1469.0 74.0 455.0 1647.3695028390418
22.0 1463.0 90.0 305.0 1665.7450909766642
0.0 1283.0 166.0 897.0 3508.1451761779963
4.0 1423.0 103.0 485.0 2075.071475610659
17.0 1455.0 93.0 340.0 1752.7236040811981
0.0 1291.0 156.0 931.0 3463.8837155776446
4.0 1423.0 103.0 485.0 2075.071475610659
34.0 1534.0 52.0 181.0 1022.7120405703866
41.0 1541.0 43.0 187.0 927.2107101223519
20.0 1460.0 91.0 318.0 1702.3329199869715
1.0 1469.0 74.0 455.0 1647.3695028390418
22.0 1463.0 90.0 305.0 1665.7450909766642
17.0 1515.0 59.0 268.0 1192.2221545251782
13.0 1449.0 94.0 377.0 1810.0893406561597
1.0 1470.0 74.0 451.0 1636.2308184350788
28.0 1528.0 55.0 210.0 1053.251525023218
21.0 1519.0 59.0 233.0 1160.1959005994886
9.0 1499.0 65.0 326.0 1338.7724000901428
0.0 1283.0 166.0 897.0 3508.1451761779963
8.0 1500.0 62.0 348.0 1331.8468662498194
24.0 1524.0 59.0 210.0 1109.4982804260574
0.0 1288.0 165.0 861.0 3474.2202585003643
0.0 1458.0 80.0 479.0 1754.3052117646243
0.0 1458.0 80.0 479.0 1754.3052117646243
24.0 1524.0 59.0 210.0 1109.4982804260574
37.0 1537.0 45.0 204.0 965.0322259473578
53.0 1555.0 34.0 176.0 817.3134889280431
43.0 1543.0 41.0 187.0 908.549248381857
0.0 1341.0 138.0 742.0 2922.9912271629983
24.0 1524.0 59.0 210.0 1109.4982804260574
0.0 1341.0 138.0 742.0 2922.9912271629983
11.0 1503.0 62.0 320.0 1297.4296313457835
0.0 1309.0 147.0 882.0 3271.0072908677485
0.0 1355.0 124.0 779.0 2769.8873607966116
17.0 1515.0 59.0 268.0 1192.2221545251782
13.0 1339.0 155.0 602.0 2960.629469667586
6.0 1425.0 103.0 467.0 2051.666141526201
15.0 1508.0 61.0 290.0 1245.5853620961625
9.0 1327.0 160.0 652.0 3070.083047361098
21.0 1462.0 90.0 311.0 1680.1964702977916
0.0 1299.0 167.0 798.0 3333.671967832535
13.0 1339.0 155.0 602.0 2960.629469667586
0.0 1393.0 111.0 620.0 2424.0420700471004
0.0 1420.0 99.0 536.0 2115.199780974661
0.0 1298.0 169.0 787.0 3374.160702885902
54.0 1556.0 34.0 172.0 806.8850565245854
11.0 1503.0 62.0 320.0 1297.4296313457835
17.0 1515.0 59.0 268.0 1192.2221545251782
0.0 1439.0 85.0 530.0 1946.1223690140541
0.0 1438.0 85.0 534.0 1957.2610534180171
0.0 1438.0 85.0 534.0 1957.2610534180171
0.0 1355.0 124.0 779.0 2769.8873607966116
33.0 1533.0 52.0 186.0 1033.4267905571387
0.0 1413.0 101.0 567.0 2175.7530967112734
6.0 1489.0 69.0 367.0 1439.4185722082964
0.0 1360.0 126.0 714.0 2713.71338750896
0.0 1435.0 86.0 550.0 1986.1350476198434
0.0 1439.0 85.0 530.0 1946.1223690140541
13.0 1505.0 62.0 302.0 1279.5300979689894
0.0 1439.0 85.0 530.0 1946.1223690140541
13.0 1505.0 62.0 302.0 1279.5300979689894
43.0 1543.0 41.0 187.0 908.549248381857
0.0 1298.0 169.0 787.0 3374.160702885902
0.0 1438.0 85.0 534.0 1957.2610534180171
1.0 1468.0 75.0 455.0 1654.3040667918697
29.0 1528.0 51.0 236.0 1027.9362367914634
0.0 1361.0 125.0 714.0 2706.028549180974
40.0 1540.0 44.0 187.0 936.1161680774237
17.0 1515.0 59.0 268.0 1192.2221545251782
17.0 1515.0 59.0 268.0 1192.2221545251782
17.0 1515.0 59.0 268.0 1192.2221545251782
1.0 1450.0 79.0 506.0 1839.1866600884716
40.0 1540.0 44.0 187.0 936.1161680774237
0.0 1341.0 138.0 742.0 2922.9912271629983
40.0 1540.0 44.0 187.0 936.1161680774237
0.0 1457.0 80.0 483.0 1765.4438961685873
0.0 1298.0 169.0 787.0 3374.160702885902
0.0 1330.0 137.0 817.0 3054.572393584933
31.0 1530.0 42.0 300.0 1007.1122229573263
0.0 1458.0 80.0 479.0 1754.3052117646243
6.0 1310.0 170.0 706.0 3240.5549460131247
0.0 1331.0 137.0 811.0 3039.8061703022227
31.0 1530.0 42.0 300.0 1007.1122229573263
8.0 1500.0 62.0 348.0 1331.8468662498194
8.0 1500.0 62.0 348.0 1331.8468662498194
22.0 1515.0 49.0 336.0 1146.2604029450144
33.0 1533.0 52.0 186.0 1033.4267905571387
10.0 1429.0 103.0 433.0 2009.3445423694732
15.0 1369.0 137.0 543.0 2644.165573920124
0.0 1458.0 80.0 479.0 1754.3052117646243
0.0 1458.0 80.0 479.0 1754.3052117646243
54.0 1556.0 34.0 172.0 806.8850565245854
1.0 1470.0 74.0 451.0 1636.2308184350788
7.0 1497.0 65.0 344.0 1360.5144350136861
37.0 1537.0 38.0 279.0 942.7690197531813
54.0 1556.0 34.0 172.0 806.8850565245854
21.0 1519.0 59.0 233.0 1160.1959005994886
35.0 1535.0 38.0 298.0 965.4748855202392
0.0 1387.0 109.0 685.0 2455.7543922234004
39.0 1539.0 45.0 187.0 951.1776657129114
15.0 1369.0 137.0 543.0 2644.165573920124
0.0 1378.0 116.0 691.0 2534.9325332863245
6.0 1495.0 66.0 354.0 1378.4338726076114
6.0 1495.0 65.0 358.0 1382.6379930587468
20.0 1518.0 59.0 241.0 1167.9239730678003
0.0 1362.0 125.0 710.0 2694.8898647770116
3.0 1478.0 70.0 437.0 1562.7211200388183
3.0 1478.0 70.0 437.0 1562.7211200388183
6.0 1489.0 69.0 367.0 1439.4185722082964
13.0 1450.0 93.0 377.0 1797.8389005743245
23.0 1521.0 57.0 233.0 1131.3064079354135
3.0 1478.0 70.0 437.0 1562.7211200388183
0.0 1328.0 137.0 837.0 3074.2146558446216
0.0 1419.0 100.0 536.0 2120.57124500577
0.0 1362.0 125.0 710.0 2694.8898647770116
0.0 1420.0 99.0 536.0 2115.199780974661
3.0 1478.0 70.0 437.0 1562.7211200388183
30.0 1529.0 51.0 227.0 1020.0673692012344
30.0 1529.0 51.0 227.0 1020.0673692012344
25.0 1525.0 58.0 210.0 1094.993311699287
0.0 1390.0 114.0 620.0 2456.1907289742903
0.0 1378.0 116.0 691.0 2534.9325332863245
10.0 1440.0 98.0 410.0 1901.9876164338773
31.0 1530.0 42.0 300.0 1007.1122229573263
35.0 1535.0 38.0 298.0 965.4748855202392
0.0 1341.0 138.0 742.0 2922.9912271629983
27.0 1527.0 56.0 210.0 1067.5214754563865
6.0 1489.0 69.0 367.0 1439.4185722082964
27.0 1527.0 56.0 210.0 1067.5214754563865
31.0 1530.0 42.0 300.0 1007.1122229573263
20.0 1518.0 59.0 241.0 1167.9239730678003
1.0 1468.0 75.0 455.0 1654.3040667918697
0.0 1355.0 124.0 779.0 2769.8873607966116
0.0 1288.0 165.0 861.0 3474.2202585003643
44.0 1544.0 40.0 187.0 902.7101718764807
0.0 1457.0 80.0 483.0 1765.4438961685873
7.0 1497.0 65.0 344.0 1360.5144350136861
0.0 1378.0 116.0 691.0 2534.9325332863245
7.0 1497.0 65.0 344.0 1360.5144350136861
17.0 1455.0 93.0 340.0 1752.7236040811981
0.0 1409.0 98.0 632.0 2227.8187757844094
0.0 1407.0 107.0 572.0 2227.093697625641
0.0 1311.0 147.0 862.0 3251.3650286080597
1.0 1450.0 79.0 506.0 1839.1866600884716
0.0 1311.0 147.0 862.0 3251.3650286080597
1.0 1450.0 79.0 506.0 1839.1866600884716
0.0 1407.0 107.0 572.0 2227.093697625641
19.0 1517.0 59.0 250.0 1175.7928406580293
1.0 1374.0 118.0 686.0 2600.366016234169
21.0 1514.0 50.0 336.0 1157.5755549382225
0.0 1422.0 90.0 613.0 2139.569211124551
12.0 1443.0 97.0 393.0 1869.2019826738797
22.0 1463.0 90.0 305.0 1665.7450909766642
0.0 1422.0 90.0 613.0 2139.569211124551
54.0 1556.0 34.0 172.0 806.8850565245854
0.0 1409.0 98.0 632.0 2227.8187757844094
11.0 1441.0 98.0 401.0 1891.9569506473122
18.0 1457.0 92.0 332.0 1736.2222899704484
4.0 1423.0 103.0 485.0 2075.071475610659
43.0 1543.0 41.0 187.0 908.549248381857
38.0 1538.0 45.0 195.0 958.6335778667739
38.0 1538.0 45.0 195.0 958.6335778667739
6.0 1495.0 65.0 358.0 1382.6379930587468
6.0 1495.0 65.0 358.0 1382.6379930587468
48.0 1549.0 38.0 178.0 859.8221144616068
0.0 1423.0 90.0 603.0 2130.832904236544
15.0 1508.0 61.0 290.0 1245.5853620961625
0.0 1360.0 126.0 714.0 2713.71338750896
15.0 1508.0 61.0 290.0 1245.5853620961625
0.0 1371.0 113.0 764.0 2677.8727660477343
6.0 1495.0 66.0 354.0 1378.4338726076114
0.0 1360.0 126.0 714.0 2713.71338750896
0.0 1392.0 112.0 620.0 2431.726908375086
9.0 1499.0 65.0 326.0 1338.7724000901428
20.0 1518.0 59.0 241.0 1167.9239730678003
6.0 1496.0 65.0 354.0 1371.4993086547836
6.0 1496.0 65.0 354.0 1371.4993086547836
