0.0 1450.0 83.0 489.0 1840.445852771617
20.0 1517.0 58.0 260.0 1170.5140207453185
0.0 1427.0 88.0 588.0 2066.8588508157914
29.0 1462.0 93.0 300.0 1689.3116595001877
18.0 1515.0 60.0 260.0 1198.8172809008795
18.0 1515.0 60.0 260.0 1198.8172809008795
7.0 1499.0 61.0 370.0 1351.3051025066238
14.0 1508.0 53.0 368.0 1242.9184576546852
0.0 1450.0 83.0 489.0 1840.445852771617
0.0 1406.0 108.0 572.0 2239.3070781430115
22.0 1518.0 47.0 346.0 1126.4664357705667
24.0 1523.0 53.0 255.0 1118.9708697718083
46.0 1547.0 40.0 185.0 858.650251032497
58.0 1561.0 32.0 168.0 740.2669499353441
58.0 1561.0 32.0 168.0 740.2669499353441
38.0 1537.0 40.0 248.0 953.6983784605691
0.0 1449.0 83.0 493.0 1851.5845371755802
46.0 1547.0 40.0 185.0 858.650251032497
60.0 1562.0 31.0 168.0 734.8297866622562
0.0 1449.0 83.0 493.0 1851.5845371755802
18.0 1515.0 60.0 260.0 1198.8172809008795
6.0 1477.0 71.0 414.0 1561.430267552913
24.0 1523.0 53.0 255.0 1118.9708697718083
7.0 1492.0 66.0 378.0 1409.5546304013938
7.0 1499.0 61.0 370.0 1351.3051025066238
37.0 1538.0 48.0 190.0 967.6990910515333
24.0 1357.0 151.0 503.0 2737.975065863357
0.0 1329.0 136.0 835.0 3087.9408617261765
22.0 1356.0 151.0 507.0 2752.3688923765408
41.0 1542.0 44.0 190.0 910.0810726207889
15.0 1435.0 104.0 394.0 1996.813036199455
8.0 1493.0 66.0 369.0 1399.5239646148286
5.0 1418.0 104.0 505.0 2132.0185235559748
0.0 1406.0 108.0 572.0 2239.3070781430115
15.0 1445.0 99.0 374.0 1895.9679671103468
22.0 1357.0 151.0 504.0 2740.509522965875
0.0 1427.0 88.0 588.0 2066.8588508157914
51.0 1553.0 35.0 185.0 807.4607424892838
23.0 1458.0 95.0 314.0 1740.077595908768
0.0 1406.0 108.0 572.0 2239.3070781430115
0.0 1427.0 88.0 588.0 2066.8588508157914
26.0 1464.0 93.0 293.0 1673.859928135887
18.0 1340.0 160.0 560.0 2921.6960879906906
0.0 1333.0 140.0 766.0 3041.6455125171815
0.0 1333.0 140.0 766.0 3041.6455125171815
0.0 1427.0 88.0 588.0 2066.8588508157914
0.0 1393.0 111.0 620.0 2424.0420700471004
0.0 1406.0 108.0 572.0 2239.3070781430115
54.0 1557.0 32.0 185.0 780.1542563999847
58.0 1561.0 32.0 168.0 740.2669499353441
7.0 1499.0 61.0 370.0 1351.3051025066238
27.0 1524.0 56.0 214.0 1130.3820720935432
6.0 1477.0 71.0 414.0 1561.430267552913
46.0 1547.0 35.0 229.0 859.3046951973755
27.0 1465.0 92.0 293.0 1658.973821582759
58.0 1561.0 32.0 168.0 740.2669499353441
33.0 1532.0 45.0 248.0 1011.2046384144193
16.0 1446.0 99.0 368.0 1882.1164800859888
22.0 1459.0 94.0 314.0 1728.840010924951
0.0 1450.0 83.0 489.0 1840.445852771617
15.0 1435.0 104.0 394.0 1996.813036199455
33.0 1532.0 45.0 248.0 1011.2046384144193
7.0 1492.0 66.0 378.0 1409.5546304013938
18.0 1515.0 60.0 260.0 1198.8172809008795
23.0 1462.0 92.0 308.0 1699.989862305063
18.0 1340.0 160.0 560.0 2921.6960879906906
58.0 1561.0 32.0 168.0 740.2669499353441
23.0 1462.0 92.0 308.0 1699.989862305063
0.0 1333.0 140.0 766.0 3041.6455125171815
43.0 1542.0 37.0 230.0 907.7452197876194
58.0 1561.0 32.0 168.0 740.2669499353441
0.0 1281.0 165.0 925.0 3542.8354394670237
0.0 1428.0 89.0 568.0 2052.5880525872117
41.0 1542.0 44.0 190.0 910.0810726207889
0.0 1428.0 89.0 568.0 2052.5880525872117
38.0 1537.0 40.0 248.0 953.6983784605691
1.0 1469.0 74.0 455.0 1647.3695028390418
0.0 1278.0 168.0 933.0 3581.1399352114368
0.0 1278.0 168.0 933.0 3581.1399352114368
29.0 1526.0 41.0 334.0 1055.3273074567055
0.0 1297.0 168.0 799.0 3371.5008280476573
17.0 1334.0 163.0 578.0 2987.6906038860193
2.0 1471.0 74.0 442.0 1624.2789842077582
17.0 1514.0 60.0 270.0 1209.802154541977
31.0 1531.0 53.0 196.0 1060.1666900056723
52.0 1555.0 32.0 201.0 794.6862206994149
24.0 1521.0 47.0 326.0 1092.2103488021478
26.0 1523.0 43.0 344.0 1077.7595557656277
27.0 1377.0 139.0 456.0 2522.726676912156
30.0 1530.0 54.0 196.0 1074.199999728064
4.0 1370.0 125.0 649.0 2611.946225617094
0.0 1278.0 168.0 933.0 3581.1399352114368
5.0 1476.0 71.0 423.0 1573.1512596788734
0.0 1281.0 165.0 925.0 3542.8354394670237
6.0 1477.0 71.0 414.0 1561.430267552913
1.0 1470.0 74.0 451.0 1636.2308184350788
4.0 1475.0 71.0 433.0 1584.1361333199707
58.0 1561.0 32.0 168.0 740.2669499353441
8.0 1501.0 59.0 370.0 1330.413145830947
8.0 1500.0 63.0 349.0 1340.6078324964742
30.0 1530.0 54.0 196.0 1074.199999728064
28.0 1378.0 139.0 447.0 2511.0153077751784
0.0 1457.0 80.0 483.0 1765.4438961685873
13.0 1510.0 59.0 308.0 1251.5715359327933
1.0 1364.0 127.0 680.0 2679.188638687165
18.0 1340.0 160.0 560.0 2921.6960879906906
17.0 1334.0 163.0 578.0 2987.6906038860193
0.0 1287.0 166.0 861.0 3486.433639017734
0.0 1372.0 117.0 712.0 2617.018619828338
41.0 1540.0 38.0 239.0 923.0493258232751
30.0 1530.0 54.0 196.0 1074.199999728064
26.0 1523.0 43.0 344.0 1077.7595557656277
6.0 1477.0 71.0 414.0 1561.430267552913
0.0 1399.0 109.0 597.0 2366.776932340887
47.0 1548.0 39.0 185.0 849.3973713093901
0.0 1414.0 101.0 563.0 2164.61441230731
28.0 1526.0 56.0 205.0 1110.7947383200674
0.0 1329.0 136.0 835.0 3087.9408617261765
33.0 1534.0 52.0 190.0 1022.3565211662923
27.0 1377.0 139.0 456.0 2522.726676912156
0.0 1287.0 166.0 861.0 3486.433639017734
26.0 1523.0 43.0 344.0 1077.7595557656277
0.0 1390.0 114.0 620.0 2456.1907289742903
9.0 1503.0 61.0 340.0 1314.2674380897001
10.0 1505.0 60.0 331.0 1302.6206170336013
49.0 1551.0 37.0 185.0 822.7498273585397
49.0 1551.0 37.0 185.0 822.7498273585397
41.0 1540.0 38.0 239.0 923.0493258232751
0.0 1355.0 123.0 794.0 2772.7798867037836
30.0 1530.0 54.0 196.0 1074.199999728064
13.0 1510.0 59.0 308.0 1251.5715359327933
28.0 1526.0 56.0 205.0 1110.7947383200674
43.0 1544.0 42.0 190.0 889.8604626725091
15.0 1445.0 99.0 374.0 1895.9679671103468
28.0 1526.0 56.0 205.0 1110.7947383200674
15.0 1445.0 99.0 374.0 1895.9679671103468
0.0 1355.0 123.0 794.0 2772.7798867037836
15.0 1435.0 104.0 394.0 1996.813036199455
0.0 1441.0 87.0 510.0 1918.614162543657
0.0 1441.0 87.0 510.0 1918.614162543657
58.0 1561.0 32.0 168.0 740.2669499353441
15.0 1445.0 99.0 374.0 1895.9679671103468
58.0 1561.0 32.0 168.0 740.2669499353441
0.0 1321.0 147.0 782.0 3167.335062303251
0.0 1320.0 148.0 782.0 3175.019900631237
9.0 1347.0 136.0 669.0 2874.2242972057684
22.0 1356.0 151.0 507.0 2752.3688923765408
20.0 1517.0 58.0 260.0 1170.5140207453185
6.0 1477.0 71.0 414.0 1561.430267552913
1.0 1470.0 74.0 451.0 1636.2308184350788
0.0 1372.0 117.0 712.0 2617.018619828338
1.0 1461.0 77.0 465.0 1733.5101438460347
8.0 1493.0 65.0 378.0 1397.401288176606
0.0 1321.0 147.0 782.0 3167.335062303251
41.0 1542.0 44.0 190.0 910.0810726207889
7.0 1499.0 61.0 370.0 1351.3051025066238
17.0 1334.0 163.0 578.0 2987.6906038860193
22.0 1357.0 150.0 507.0 2743.5832623679385
35.0 1536.0 50.0 190.0 994.0148984172438
1.0 1364.0 127.0 680.0 2679.188638687165
0.0 1298.0 170.0 788.0 3372.8511590818466
0.0 1372.0 117.0 712.0 2617.018619828338
7.0 1492.0 66.0 378.0 1409.5546304013938
13.0 1507.0 54.0 368.0 1252.1713373777918
1.0 1364.0 127.0 680.0 2679.188638687165
18.0 1340.0 160.0 560.0 2921.6960879906906
0.0 1414.0 100.0 567.0 2170.381632680164
0.0 1414.0 100.0 567.0 2170.381632680164
14.0 1508.0 53.0 368.0 1242.9184576546852
0.0 1414.0 100.0 567.0 2170.381632680164
1.0 1461.0 77.0 465.0 1733.5101438460347
28.0 1378.0 138.0 451.0 2518.5781093093074
54.0 1557.0 32.0 185.0 780.1542563999847
0.0 1414.0 101.0 563.0 2164.61441230731
30.0 1379.0 139.0 437.0 2510.8485444482703
50.0 1552.0 36.0 185.0 814.3835826322985
41.0 1542.0 44.0 190.0 910.0810726207889
13.0 1507.0 54.0 368.0 1252.1713373777918
13.0 1510.0 59.0 308.0 1251.5715359327933
7.0 1499.0 61.0 370.0 1351.3051025066238
12.0 1432.0 104.0 418.0 2028.9631744477006
30.0 1379.0 139.0 437.0 2510.8485444482703
27.0 1377.0 139.0 456.0 2522.726676912156
8.0 1500.0 63.0 349.0 1340.6078324964742
27.0 1524.0 56.0 214.0 1130.3820720935432
0.0 1390.0 114.0 620.0 2456.1907289742903
0.0 1372.0 117.0 712.0 2617.018619828338
27.0 1524.0 56.0 214.0 1130.3820720935432
0.0 1384.0 111.0 691.0 2484.823224874737
8.0 1500.0 63.0 349.0 1340.6078324964742
56.0 1559.0 33.0 172.0 756.0139638646599
18.0 1340.0 160.0 560.0 2921.6960879906906
27.0 1524.0 56.0 214.0 1130.3820720935432
0.0 1298.0 170.0 788.0 3372.8511590818466
0.0 1384.0 111.0 691.0 2484.823224874737
0.0 1428.0 89.0 568.0 2052.5880525872117
12.0 1432.0 104.0 418.0 2028.9631744477006
0.0 1372.0 117.0 712.0 2617.018619828338
24.0 1521.0 47.0 326.0 1092.2103488021478
10.0 1505.0 60.0 331.0 1302.6206170336013
15.0 1435.0 104.0 394.0 1996.813036199455
4.0 1475.0 71.0 433.0 1584.1361333199707
22.0 1356.0 151.0 507.0 2752.3688923765408
9.0 1347.0 136.0 669.0 2874.2242972057684
4.0 1475.0 71.0 433.0 1584.1361333199707
0.0 1393.0 111.0 620.0 2424.0420700471004
9.0 1347.0 136.0 669.0 2874.2242972057684
4.0 1475.0 71.0 433.0 1584.1361333199707
1.0 1435.0 87.0 534.0 1972.1520189306248
0.0 1391.0 113.0 620.0 2443.940288892455
22.0 1356.0 151.0 507.0 2752.3688923765408
5.0 1418.0 104.0 505.0 2132.0185235559748
0.0 1403.0 101.0 644.0 2309.8246420105393
22.0 1518.0 47.0 346.0 1126.4664357705667
22.0 1356.0 151.0 507.0 2752.3688923765408
0.0 1292.0 156.0 921.0 3455.1474086896374
0.0 1310.0 145.0 895.0 3270.0167999283294
15.0 1511.0 60.0 287.0 1246.259648162983
0.0 1403.0 101.0 644.0 2309.8246420105393
22.0 1518.0 47.0 346.0 1126.4664357705667
26.0 1464.0 93.0 293.0 1673.859928135887
0.0 1329.0 136.0 835.0 3087.9408617261765
43.0 1544.0 42.0 190.0 889.8604626725091
0.0 1384.0 111.0 691.0 2484.823224874737
0.0 1403.0 101.0 644.0 2309.8246420105393
30.0 1379.0 139.0 437.0 2510.8485444482703
0.0 1390.0 114.0 620.0 2456.1907289742903
57.0 1560.0 32.0 172.0 749.0911237216452
0.0 1310.0 145.0 895.0 3270.0167999283294
22.0 1459.0 94.0 314.0 1728.840010924951
15.0 1511.0 60.0 287.0 1246.259648162983
33.0 1534.0 52.0 190.0 1022.3565211662923
4.0 1370.0 125.0 649.0 2611.946225617094
19.0 1516.0 59.0 260.0 1184.4327569635745
1.0 1470.0 74.0 451.0 1636.2308184350788
0.0 1278.0 168.0 933.0 3581.1399352114368
20.0 1516.0 49.0 346.0 1146.2811312787655
5.0 1418.0 104.0 505.0 2132.0185235559748
5.0 1418.0 104.0 505.0 2132.0185235559748
23.0 1462.0 92.0 308.0 1699.989862305063
33.0 1534.0 52.0 190.0 1022.3565211662923
5.0 1476.0 71.0 423.0 1573.1512596788734
1.0 1461.0 77.0 465.0 1733.5101438460347
1.0 1470.0 74.0 451.0 1636.2308184350788
5.0 1476.0 71.0 423.0 1573.1512596788734
51.0 1553.0 35.0 185.0 807.4607424892838
0.0 1457.0 80.0 483.0 1765.4438961685873
0.0 1441.0 87.0 510.0 1918.614162543657
1.0 1470.0 74.0 451.0 1636.2308184350788
34.0 1535.0 51.0 190.0 1007.8515524395217
1.0 1364.0 127.0 680.0 2679.188638687165
23.0 1462.0 92.0 308.0 1699.989862305063
50.0 1552.0 36.0 185.0 814.3835826322985
0.0 1441.0 87.0 510.0 1918.614162543657
39.0 1538.0 39.0 248.0 943.1365626754769
8.0 1499.0 64.0 349.0 1350.462529275646
39.0 1538.0 39.0 248.0 943.1365626754769
26.0 1523.0 43.0 344.0 1077.7595557656277
0.0 1357.0 125.0 748.0 2740.9749602010256
0.0 1449.0 83.0 493.0 1851.5845371755802
0.0 1357.0 125.0 748.0 2740.9749602010256
0.0 1357.0 125.0 748.0 2740.9749602010256
36.0 1535.0 41.0 258.0 975.8528692889438
0.0 1321.0 147.0 782.0 3167.335062303251
0.0 1287.0 166.0 861.0 3486.433639017734
1.0 1469.0 74.0 455.0 1647.3695028390418
60.0 1562.0 31.0 168.0 734.8297866622562
56.0 1559.0 33.0 172.0 756.0139638646599
15.0 1511.0 60.0 287.0 1246.259648162983
9.0 1503.0 61.0 340.0 1314.2674380897001
52.0 1555.0 32.0 201.0 794.6862206994149
0.0 1329.0 136.0 835.0 3087.9408617261765
0.0 1292.0 156.0 921.0 3455.1474086896374
0.0 1457.0 80.0 483.0 1765.4438961685873
1.0 1461.0 77.0 465.0 1733.5101438460347
1.0 1461.0 77.0 465.0 1733.5101438460347
1.0 1461.0 77.0 465.0 1733.5101438460347
18.0 1515.0 60.0 260.0 1198.8172809008795
18.0 1515.0 60.0 260.0 1198.8172809008795
1.0 1435.0 87.0 534.0 1972.1520189306248
0.0 1298.0 170.0 788.0 3372.8511590818466
10.0 1505.0 60.0 331.0 1302.6206170336013
10.0 1505.0 60.0 331.0 1302.6206170336013
0.0 1297.0 168.0 799.0 3371.5008280476573
46.0 1547.0 40.0 185.0 858.650251032497
22.0 1459.0 94.0 314.0 1728.840010924951
18.0 1452.0 96.0 350.0 1804.0747410108859
36.0 1537.0 49.0 190.0 979.8653927735405
35.0 1536.0 50.0 190.0 994.0148984172438
0.0 1399.0 109.0 597.0 2366.776932340887
9.0 1503.0 61.0 340.0 1314.2674380897001
22.0 1459.0 94.0 314.0 1728.840010924951
0.0 1428.0 89.0 568.0 2052.5880525872117
22.0 1459.0 94.0 314.0 1728.840010924951
0.0 1441.0 87.0 510.0 1918.614162543657
12.0 1509.0 59.0 317.0 1257.970184013377
12.0 1432.0 104.0 418.0 2028.9631744477006
0.0 1303.0 158.0 850.0 3355.1880533596077
0.0 1303.0 158.0 850.0 3355.1880533596077
