59.0 1558.0 33.0 160.0 772.2855531122276
26.0 1523.0 46.0 289.0 1108.3833420498518
31.0 1528.0 54.0 190.0 1068.132661408428
0.0 1411.0 100.0 595.0 2190.5618204175057
24.0 1377.0 150.0 425.0 2542.7179356903785
16.0 1511.0 56.0 292.0 1250.6018611522973
59.0 1558.0 33.0 160.0 772.2855531122276
13.0 1505.0 60.0 298.0 1315.6796529367975
0.0 1283.0 167.0 889.0 3517.248676453138
19.0 1360.0 157.0 490.0 2736.382476939081
1.0 1441.0 84.0 524.0 1921.4678698660612
12.0 1488.0 70.0 330.0 1456.8970958155123
9.0 1327.0 165.0 627.0 3075.2817304469468
26.0 1523.0 46.0 289.0 1108.3833420498518
16.0 1511.0 56.0 292.0 1250.6018611522973
20.0 1466.0 88.0 303.0 1658.7648201215807
11.0 1448.0 95.0 384.0 1841.9012025688535
13.0 1505.0 60.0 298.0 1315.6796529367975
38.0 1536.0 50.0 178.0 970.5015047360182
42.0 1542.0 35.0 243.0 925.194513620999
18.0 1357.0 159.0 499.0 2765.2650666761087
29.0 1386.0 148.0 383.0 2453.2137254079407
12.0 1488.0 70.0 330.0 1456.8970958155123
25.0 1522.0 47.0 289.0 1120.2074360368656
63.0 1559.0 32.0 160.0 758.6553683498845
63.0 1559.0 32.0 160.0 758.6553683498845
11.0 1448.0 95.0 384.0 1841.9012025688535
36.0 1533.0 48.0 198.0 995.2095155498101
32.0 1397.0 139.0 377.0 2335.352958404318
63.0 1559.0 32.0 160.0 758.6553683498845
0.0 1451.0 81.0 506.0 1814.7402108583394
3.0 1474.0 71.0 442.0 1596.087967547291
63.0 1559.0 32.0 160.0 758.6553683498845
59.0 1558.0 33.0 160.0 772.2855531122276
0.0 1394.0 111.0 616.0 2412.903385643137
12.0 1488.0 70.0 330.0 1456.8970958155123
12.0 1488.0 70.0 330.0 1456.8970958155123
0.0 1298.0 170.0 782.0 3363.49694782081
40.0 1538.0 44.0 189.0 960.4409878307123
13.0 1333.0 163.0 591.0 3013.811087438891
3.0 1370.0 124.0 660.0 2615.161876953445
36.0 1533.0 48.0 198.0 995.2095155498101
3.0 1370.0 124.0 660.0 2615.161876953445
35.0 1532.0 41.0 256.0 1010.7261556414813
0.0 1427.0 91.0 566.0 2041.7938854813597
31.0 1529.0 43.0 274.0 1033.7282387602756
20.0 1466.0 88.0 303.0 1658.7648201215807
52.0 1552.0 34.0 180.0 833.7630017270623
13.0 1505.0 60.0 298.0 1315.6796529367975
6.0 1416.0 110.0 488.0 2145.573304133491
31.0 1529.0 43.0 274.0 1033.7282387602756
63.0 1559.0 32.0 160.0 758.6553683498845
13.0 1333.0 163.0 591.0 3013.811087438891
22.0 1468.0 87.0 294.0 1641.2975559530234
22.0 1466.0 89.0 294.0 1659.5593470050717
45.0 1543.0 40.0 184.0 901.0496698931528
11.0 1442.0 97.0 398.0 1899.2412320545905
11.0 1501.0 61.0 320.0 1351.7332960899073
20.0 1464.0 90.0 303.0 1677.026611173629
3.0 1474.0 71.0 442.0 1596.087967547291
31.0 1395.0 141.0 377.0 2356.968790853046
0.0 1426.0 94.0 537.0 2095.210452842444
37.0 1535.0 45.0 202.0 995.2635436467315
34.0 1531.0 41.0 265.0 1022.4375247784594
0.0 1384.0 108.0 724.0 2509.514340226652
22.0 1468.0 87.0 294.0 1641.2975559530234
5.0 1478.0 69.0 427.0 1567.59862990809
11.0 1442.0 97.0 398.0 1899.2412320545905
18.0 1357.0 159.0 499.0 2765.2650666761087
0.0 1291.0 156.0 933.0 3469.510142223424
12.0 1493.0 65.0 331.0 1413.9367863134264
0.0 1455.0 80.0 492.0 1781.6149017208284
11.0 1499.0 63.0 320.0 1363.6218782709414
5.0 1478.0 69.0 427.0 1567.59862990809
59.0 1558.0 33.0 160.0 772.2855531122276
31.0 1396.0 140.0 377.0 2348.1831608444445
0.0 1433.0 85.0 571.0 2008.2793817506222
6.0 1416.0 110.0 488.0 2145.573304133491
0.0 1376.0 115.0 701.0 2562.3123553675455
31.0 1396.0 140.0 377.0 2348.1831608444445
0.0 1426.0 94.0 537.0 2095.210452842444
0.0 1426.0 94.0 537.0 2095.210452842444
10.0 1448.0 94.0 393.0 1836.0494105676023
0.0 1404.0 100.0 644.0 2304.45317797943
11.0 1499.0 63.0 320.0 1363.6218782709414
0.0 1367.0 113.0 800.0 2702.5743487660143
3.0 1469.0 72.0 460.0 1640.5177481771545
3.0 1469.0 72.0 460.0 1640.5177481771545
20.0 1516.0 59.0 234.0 1202.5213654195607
0.0 1458.0 80.0 479.0 1754.3052117646243
45.0 1543.0 40.0 184.0 901.0496698931528
0.0 1406.0 104.0 589.0 2270.9782926059615
45.0 1543.0 40.0 184.0 901.0496698931528
1.0 1367.0 125.0 678.0 2647.3138287867246
0.0 1433.0 85.0 571.0 2008.2793817506222
63.0 1559.0 32.0 160.0 758.6553683498845
57.0 1557.0 33.0 165.0 783.5954780226944
0.0 1394.0 111.0 616.0 2412.903385643137
23.0 1519.0 59.0 209.0 1180.1205335299016
0.0 1278.0 168.0 933.0 3581.1399352114368
13.0 1333.0 163.0 591.0 3013.811087438891
8.0 1482.0 69.0 397.0 1522.8705404163475
42.0 1540.0 42.0 189.0 936.3091167941808
45.0 1543.0 40.0 184.0 901.0496698931528
0.0 1407.0 106.0 579.0 2227.375129142408
0.0 1364.0 126.0 692.0 2677.3828430487533
31.0 1528.0 54.0 190.0 1068.132661408428
34.0 1531.0 41.0 265.0 1022.4375247784594
1.0 1445.0 79.0 543.0 1890.2049884210767
0.0 1312.0 148.0 849.0 3198.237817511272
0.0 1363.0 127.0 692.0 2689.6332831305886
0.0 1406.0 104.0 589.0 2270.9782926059615
48.0 1549.0 37.0 182.0 855.3605046955564
55.0 1556.0 34.0 165.0 798.1004467494647
14.0 1457.0 91.0 350.0 1741.4475439950222
63.0 1559.0 32.0 160.0 758.6553683498845
8.0 1482.0 69.0 397.0 1522.8705404163475
0.0 1433.0 85.0 571.0 2008.2793817506222
6.0 1433.0 100.0 448.0 1994.806471326916
29.0 1386.0 148.0 383.0 2453.2137254079407
19.0 1514.0 59.0 244.0 1220.3198273852365
27.0 1524.0 57.0 195.0 1117.756954747446
0.0 1458.0 80.0 479.0 1754.3052117646243
0.0 1414.0 99.0 578.0 2178.6015665357777
8.0 1482.0 69.0 397.0 1522.8705404163475
10.0 1438.0 99.0 412.0 1939.320372354091
19.0 1514.0 59.0 244.0 1220.3198273852365
0.0 1458.0 80.0 479.0 1754.3052117646243
19.0 1514.0 59.0 244.0 1220.3198273852365
19.0 1514.0 59.0 244.0 1220.3198273852365
7.0 1480.0 68.0 417.0 1542.5804465446008
29.0 1386.0 148.0 383.0 2453.2137254079407
0.0 1458.0 80.0 479.0 1754.3052117646243
13.0 1333.0 163.0 591.0 3013.811087438891
26.0 1523.0 58.0 195.0 1131.593608769724
26.0 1523.0 58.0 195.0 1131.593608769724
26.0 1523.0 58.0 195.0 1131.593608769724
0.0 1333.0 138.0 774.0 3047.5913462112917
16.0 1461.0 89.0 333.0 1703.41162554165
0.0 1278.0 168.0 933.0 3581.1399352114368
0.0 1363.0 127.0 692.0 2689.6332831305886
19.0 1360.0 157.0 490.0 2736.382476939081
0.0 1278.0 168.0 933.0 3581.1399352114368
0.0 1403.0 100.0 654.0 2315.3591333511117
0.0 1343.0 135.0 742.0 2948.725305089898
6.0 1433.0 100.0 448.0 1994.806471326916
49.0 1550.0 36.0 182.0 849.5214281901801
8.0 1435.0 100.0 430.0 1971.3915142534754
13.0 1333.0 163.0 591.0 3013.811087438891
0.0 1343.0 135.0 742.0 2948.725305089898
8.0 1435.0 100.0 430.0 1971.3915142534754
5.0 1415.0 110.0 497.0 2155.6039699200564
40.0 1539.0 36.0 254.0 947.267936829355
42.0 1542.0 35.0 243.0 925.194513620999
40.0 1539.0 36.0 254.0 947.267936829355
38.0 1536.0 50.0 178.0 970.5015047360182
1.0 1445.0 79.0 543.0 1890.2049884210767
1.0 1445.0 79.0 543.0 1890.2049884210767
5.0 1415.0 110.0 497.0 2155.6039699200564
25.0 1522.0 47.0 289.0 1120.2074360368656
0.0 1312.0 148.0 849.0 3198.237817511272
3.0 1469.0 72.0 460.0 1640.5177481771545
57.0 1557.0 33.0 165.0 783.5954780226944
1.0 1445.0 79.0 543.0 1890.2049884210767
45.0 1543.0 40.0 184.0 901.0496698931528
12.0 1494.0 65.0 325.0 1405.2607665197854
20.0 1516.0 59.0 234.0 1202.5213654195607
0.0 1291.0 156.0 933.0 3469.510142223424
29.0 1395.0 140.0 386.0 2360.8624084762605
17.0 1356.0 159.0 508.0 2776.9860588020697
0.0 1355.0 124.0 776.0 2775.8460088677202
0.0 1355.0 124.0 776.0 2775.8460088677202
0.0 1343.0 135.0 742.0 2948.725305089898
0.0 1298.0 170.0 782.0 3363.49694782081
12.0 1502.0 61.0 310.0 1340.7484224488098
29.0 1526.0 55.0 195.0 1089.2125714801582
0.0 1343.0 135.0 742.0 2948.725305089898
0.0 1394.0 111.0 616.0 2412.903385643137
3.0 1469.0 72.0 460.0 1640.5177481771545
0.0 1451.0 81.0 506.0 1814.7402108583394
46.0 1544.0 39.0 184.0 894.5502898150362
0.0 1404.0 100.0 644.0 2304.45317797943
0.0 1451.0 81.0 506.0 1814.7402108583394
31.0 1396.0 140.0 377.0 2348.1831608444445
3.0 1370.0 124.0 660.0 2615.161876953445
12.0 1493.0 65.0 331.0 1413.9367863134264
31.0 1396.0 140.0 377.0 2348.1831608444445
28.0 1525.0 56.0 195.0 1103.717540206929
3.0 1370.0 124.0 660.0 2615.161876953445
0.0 1367.0 113.0 800.0 2702.5743487660143
0.0 1367.0 113.0 800.0 2702.5743487660143
32.0 1529.0 53.0 190.0 1056.8175094152202
0.0 1283.0 167.0 889.0 3517.248676453138
0.0 1322.0 137.0 886.0 3150.2533548459537
29.0 1526.0 55.0 195.0 1089.2125714801582
11.0 1442.0 97.0 398.0 1899.2412320545905
12.0 1494.0 65.0 325.0 1405.2607665197854
0.0 1322.0 137.0 886.0 3150.2533548459537
0.0 1322.0 137.0 886.0 3150.2533548459537
25.0 1378.0 150.0 416.0 2534.84906810015
25.0 1378.0 150.0 416.0 2534.84906810015
0.0 1298.0 170.0 782.0 3363.49694782081
25.0 1378.0 150.0 416.0 2534.84906810015
3.0 1474.0 71.0 442.0 1596.087967547291
32.0 1529.0 53.0 190.0 1056.8175094152202
32.0 1397.0 139.0 377.0 2335.352958404318
31.0 1396.0 140.0 377.0 2348.1831608444445
0.0 1298.0 170.0 782.0 3363.49694782081
40.0 1539.0 36.0 254.0 947.267936829355
20.0 1464.0 90.0 303.0 1677.026611173629
16.0 1511.0 56.0 292.0 1250.6018611522973
20.0 1464.0 90.0 303.0 1677.026611173629
23.0 1519.0 50.0 280.0 1159.1709285419383
11.0 1330.0 164.0 609.0 3040.203721330275
6.0 1416.0 110.0 488.0 2145.573304133491
0.0 1291.0 156.0 933.0 3469.510142223424
59.0 1558.0 33.0 160.0 772.2855531122276
20.0 1466.0 88.0 303.0 1658.7648201215807
3.0 1474.0 71.0 442.0 1596.087967547291
0.0 1411.0 100.0 595.0 2190.5618204175057
9.0 1327.0 165.0 627.0 3075.2817304469468
3.0 1470.0 72.0 456.0 1629.3790637731913
0.0 1333.0 138.0 774.0 3047.5913462112917
0.0 1312.0 148.0 849.0 3198.237817511272
0.0 1384.0 108.0 724.0 2509.514340226652
6.0 1479.0 69.0 417.0 1556.6137562669928
6.0 1479.0 69.0 417.0 1556.6137562669928
27.0 1385.0 147.0 398.0 2465.1446243011446
6.0 1416.0 110.0 488.0 2145.573304133491
14.0 1457.0 91.0 350.0 1741.4475439950222
14.0 1457.0 91.0 350.0 1741.4475439950222
0.0 1376.0 115.0 701.0 2562.3123553675455
14.0 1457.0 91.0 350.0 1741.4475439950222
0.0 1376.0 115.0 701.0 2562.3123553675455
40.0 1538.0 44.0 189.0 960.4409878307123
0.0 1394.0 111.0 616.0 2412.903385643137
55.0 1556.0 34.0 165.0 798.1004467494647
0.0 1455.0 80.0 492.0 1781.6149017208284
15.0 1508.0 60.0 279.0 1282.068733719108
21.0 1517.0 59.0 226.0 1194.2472540787971
15.0 1508.0 60.0 279.0 1282.068733719108
0.0 1278.0 168.0 933.0 3581.1399352114368
55.0 1556.0 34.0 165.0 798.1004467494647
15.0 1508.0 60.0 279.0 1282.068733719108
0.0 1376.0 115.0 701.0 2562.3123553675455
35.0 1532.0 41.0 256.0 1010.7261556414813
16.0 1511.0 56.0 292.0 1250.6018611522973
55.0 1556.0 34.0 165.0 798.1004467494647
3.0 1473.0 71.0 446.0 1607.2266519512543
18.0 1463.0 89.0 317.0 1684.6419228832142
6.0 1416.0 110.0 488.0 2145.573304133491
11.0 1501.0 61.0 320.0 1351.7332960899073
23.0 1519.0 59.0 209.0 1180.1205335299016
10.0 1438.0 99.0 412.0 1939.320372354091
0.0 1333.0 138.0 774.0 3047.5913462112917
24.0 1377.0 150.0 425.0 2542.7179356903785
22.0 1518.0 59.0 217.0 1187.8486059982133
11.0 1501.0 61.0 320.0 1351.7332960899073
11.0 1501.0 61.0 320.0 1351.7332960899073
11.0 1501.0 61.0 320.0 1351.7332960899073
0.0 1327.0 140.0 803.0 3098.3870085858425
52.0 1552.0 34.0 180.0 833.7630017270623
0.0 1456.0 80.0 488.0 1770.476217316865
52.0 1552.0 34.0 180.0 833.7630017270623
23.0 1519.0 59.0 209.0 1180.1205335299016
26.0 1523.0 46.0 289.0 1108.3833420498518
42.0 1542.0 35.0 243.0 925.194513620999
42.0 1542.0 35.0 243.0 925.194513620999
48.0 1549.0 37.0 182.0 855.3605046955564
0.0 1403.0 100.0 654.0 2315.3591333511117
30.0 1528.0 44.0 274.0 1044.0234557745296
22.0 1518.0 59.0 217.0 1187.8486059982133
0.0 1312.0 148.0 849.0 3198.237817511272
0.0 1407.0 106.0 579.0 2227.375129142408
0.0 1435.0 85.0 555.0 1984.776851579905
1.0 1445.0 79.0 543.0 1890.2049884210767
38.0 1536.0 50.0 178.0 970.5015047360182
0.0 1435.0 85.0 555.0 1984.776851579905
5.0 1478.0 69.0 427.0 1567.59862990809
24.0 1377.0 150.0 425.0 2542.7179356903785
20.0 1466.0 88.0 303.0 1658.7648201215807
48.0 1549.0 37.0 182.0 855.3605046955564
1.0 1367.0 125.0 678.0 2647.3138287867246
0.0 1384.0 108.0 724.0 2509.514340226652
29.0 1395.0 140.0 386.0 2360.8624084762605
0.0 1407.0 106.0 579.0 2227.375129142408
17.0 1462.0 89.0 325.0 1692.0978350370767
17.0 1356.0 159.0 508.0 2776.9860588020697
20.0 1466.0 88.0 303.0 1658.7648201215807
17.0 1512.0 55.0 292.0 1240.6682152841295
11.0 1500.0 62.0 320.0 1357.1047601210164
7.0 1481.0 69.0 406.0 1534.822374643668
0.0 1434.0 85.0 561.0 1999.5430748626152
12.0 1493.0 65.0 331.0 1413.9367863134264
3.0 1474.0 71.0 442.0 1596.087967547291
23.0 1519.0 59.0 209.0 1180.1205335299016
0.0 1304.0 158.0 846.0 3341.6534156854686
0.0 1304.0 158.0 846.0 3341.6534156854686
