0.0 4001.0 1465.0 7001.0 29017.11111330119
0.0 3767.0 1601.0 7448.0 31400.610445685823
0.0 3660.0 1615.0 7850.0 32455.197862252287
0.0 1426.0 2799.0 13057.0 54885.898793503016
0.0 4085.0 1462.0 6597.0 27890.81788298758
0.0 3717.0 1622.0 7536.0 31765.963460015984
0.0 3490.0 1735.0 8210.0 34160.09439940889
0.0 3813.0 1564.0 7397.0 30818.234158573923
0.0 3826.0 1565.0 7313.0 30841.90054927419
0.0 653.0 3153.0 15099.0 62669.66491366188
0.0 6764.0 63.0 295.0 1232.1671122286132
0.0 6765.0 62.0 292.0 1204.2196810595394
0.0 747.0 3114.0 14805.0 61697.67006005858
0.0 6730.0 83.0 351.0 1642.6534334486992
0.0 1016.0 2982.0 14145.0 59023.43669790618
0.0 3881.0 1542.0 7280.0 30136.705076302893
0.0 3846.0 1518.0 7391.0 30495.821847343588
0.0 3510.0 1730.0 8014.0 33797.47953564878
0.0 3758.0 1563.0 7687.0 31551.213141584452
0.0 726.0 3118.0 14875.0 61858.19607159759
0.0 6755.0 71.0 275.0 1384.0447304199022
0.0 4036.0 1478.0 6538.0 28660.881815584497
0.0 743.0 3111.0 14882.0 61765.98998413203
0.0 6763.0 68.0 285.0 1203.846468265127
0.0 721.0 3136.0 14831.0 61923.16019425837
0.0 6737.0 78.0 336.0 1553.804915155593
0.0 6770.0 66.0 260.0 1167.7401384138625
0.0 3614.0 1671.0 7961.0 32784.55810670784
0.0 1346.0 2836.0 13218.0 55725.25212618315
0.0 6734.0 83.0 310.0 1572.8095592594836
0.0 3700.0 1641.0 7473.0 31907.193891413423
0.0 3957.0 1489.0 7020.0 29503.894052344946
0.0 6759.0 72.0 279.0 1267.6957066974953
0.0 6763.0 70.0 261.0 1237.1322835962899
0.0 3652.0 1632.0 7872.0 32655.151471712223
0.0 883.0 3037.0 14551.0 60358.306769373274
0.0 3591.0 1656.0 7971.0 33218.48619332379
0.0 6756.0 72.0 290.0 1314.6632518854378
0.0 689.0 3154.0 14938.0 62313.48980488514
0.0 3578.0 1668.0 8016.0 33316.135917336156
0.0 6745.0 74.0 332.0 1436.0710775756786
0.0 3611.0 1663.0 7895.0 32924.319206306216
0.0 662.0 3163.0 15038.0 62576.83998719069
0.0 3723.0 1603.0 7663.0 31659.736176151135
0.0 3656.0 1658.0 7770.0 32296.16422067928
0.0 6704.0 105.0 400.0 1850.8526317198337
0.0 3729.0 1624.0 7435.0 31669.8111041603
0.0 6754.0 68.0 326.0 1346.0868706952238
0.0 3786.0 1616.0 7392.0 30917.88800004635
0.0 6758.0 73.0 256.0 1284.4768056912642
0.0 6772.0 63.0 271.0 1153.0115127644222
0.0 6765.0 64.0 286.0 1211.6609837258006
0.0 6766.0 64.0 282.0 1212.6458232628413
0.0 3677.0 1643.0 7876.0 32121.814906566342
0.0 1031.0 2960.0 14165.0 58878.129747378924
0.0 3676.0 1645.0 7731.0 32389.533474779626
0.0 674.0 3121.0 15217.0 62491.392705014485
0.0 3566.0 1703.0 7971.0 33339.0988081821
0.0 6772.0 61.0 272.0 1146.5700651851514
0.0 786.0 3074.0 14851.0 61324.07265299587
0.0 6740.0 76.0 314.0 1538.2041678849228
0.0 3973.0 1473.0 7102.0 29453.898128844387
0.0 655.0 3152.0 15101.0 62687.046525224854
0.0 6757.0 66.0 306.0 1324.376385007393
0.0 6749.0 76.0 287.0 1396.5322166773553
0.0 691.0 3124.0 15067.0 62324.10772323353
0.0 6767.0 69.0 256.0 1187.1706581556505
0.0 6774.0 61.0 236.0 1141.9589649002428
0.0 685.0 3134.0 15051.0 62381.89167561445
0.0 3957.0 1458.0 7154.0 29515.955135641583
0.0 4391.0 1268.0 5940.0 24950.43202914221
0.0 6764.0 62.0 297.0 1235.9832786968466
0.0 746.0 3119.0 14823.0 61658.41225359336
0.0 3711.0 1624.0 7685.0 31734.84630990837
0.0 6760.0 70.0 274.0 1257.5652396202538
0.0 6773.0 63.0 252.0 1127.7543127900988
0.0 6766.0 72.0 243.0 1212.172149695059
0.0 3630.0 1661.0 7876.0 32617.25796498018
0.0 3516.0 1723.0 7955.0 33855.54169959094
0.0 695.0 3133.0 15024.0 62243.12064606712
0.0 658.0 3160.0 15065.0 62585.90672513681
0.0 658.0 3163.0 15041.0 62524.58069458951
0.0 3601.0 1652.0 7916.0 33018.40562750995
0.0 690.0 3154.0 14919.0 62338.83419032456
0.0 3682.0 1671.0 7574.0 32186.88764459654
0.0 6762.0 70.0 270.0 1243.9850192379292
0.0 680.0 3140.0 15064.0 62466.0870943028
0.0 680.0 3147.0 15053.0 62326.31534585037
0.0 6769.0 61.0 261.0 1185.9058528365736
0.0 912.0 3037.0 14455.0 59983.414175859456
0.0 653.0 3149.0 15200.0 62687.218364275235
0.0 3648.0 1686.0 7660.0 32451.710860435614
0.0 665.0 3159.0 15038.0 62531.983335022866
0.0 3606.0 1682.0 7844.0 32707.800534359878
0.0 714.0 3126.0 14928.0 62053.84580204835
0.0 3739.0 1614.0 7568.0 31488.839668275446
0.0 1102.0 2933.0 13901.0 58175.859839438635
0.0 6748.0 77.0 304.0 1396.4093680891863
0.0 6731.0 84.0 341.0 1620.6933583360642
0.0 3697.0 1611.0 7615.0 32038.952001288362
0.0 6760.0 69.0 269.0 1274.8756529540342
0.0 3551.0 1706.0 7805.0 33307.24349434788
0.0 664.0 3142.0 15145.0 62604.14442661407
0.0 668.0 3139.0 15123.0 62561.19211081047
0.0 3670.0 1618.0 7888.0 32324.19134821671
0.0 6763.0 67.0 281.0 1236.7932037930987
0.0 3616.0 1663.0 7908.0 32851.893704165115
0.0 656.0 3162.0 15094.0 62672.77537694175
0.0 3684.0 1643.0 7700.0 32172.059033021636
0.0 662.0 3142.0 15129.0 62628.64000195012
0.0 959.0 3014.0 14350.0 59558.09693760856
0.0 6764.0 65.0 267.0 1204.2253243157659
0.0 6763.0 63.0 288.0 1232.8913004824203
0.0 660.0 3153.0 15103.0 62554.90808031592
0.0 6762.0 68.0 258.0 1244.7663930904173
0.0 812.0 3071.0 14800.0 61039.966193665205
0.0 651.0 3156.0 15108.0 62632.79826229624
0.0 3591.0 1644.0 8125.0 33169.870701729495
0.0 3529.0 1706.0 8174.0 33726.14593567034
0.0 627.0 3171.0 15142.0 62924.04236754631
0.0 3805.0 1562.0 7454.0 30948.985342344695
0.0 6747.0 77.0 294.0 1461.3562314770302
0.0 6769.0 59.0 285.0 1180.7226897815758
0.0 644.0 3160.0 15161.0 62764.078551236045
0.0 740.0 3112.0 14856.0 61674.53671137151
0.0 632.0 3162.0 15211.0 62922.08380009634
0.0 1004.0 2981.0 14333.0 59166.83008985304
0.0 698.0 3130.0 15011.0 62207.91403788842
0.0 643.0 3156.0 15195.0 62768.173878333575
0.0 3660.0 1663.0 7648.0 32358.96429812229
0.0 629.0 3158.0 15246.0 62884.913036162354
0.0 641.0 3155.0 15201.0 62768.62753308366
0.0 6770.0 57.0 282.0 1148.7821730557282
0.0 3714.0 1634.0 7580.0 32045.9720413935
0.0 6771.0 60.0 258.0 1164.2538736521692
0.0 3600.0 1668.0 7841.0 33168.024265504864
0.0 640.0 3169.0 15121.0 62773.50781285797
0.0 3712.0 1615.0 7631.0 31989.899180603672
0.0 6775.0 60.0 253.0 1101.0958336629162
0.0 1018.0 2973.0 14157.0 58967.45200671733
0.0 6715.0 93.0 397.0 1760.9062616220592
0.0 681.0 3159.0 14940.0 62432.15224684126
0.0 4014.0 1462.0 6847.0 28865.120775243202
0.0 3601.0 1706.0 7748.0 32974.22434860421
0.0 658.0 3157.0 15067.0 62529.62973816157
0.0 6748.0 72.0 345.0 1392.4462848449928
0.0 1265.0 2863.0 13474.0 56530.95769281561
0.0 6762.0 76.0 249.0 1246.7567276587315
0.0 646.0 3161.0 15118.0 62731.28253581235
0.0 3609.0 1645.0 8098.0 33025.79274311796
0.0 900.0 3041.0 14474.0 60143.03257728916
0.0 6767.0 62.0 284.0 1209.5588355217521
0.0 624.0 3167.0 15161.0 62947.631255992565
0.0 3679.0 1598.0 7816.0 32360.505148733188
0.0 3595.0 1662.0 7924.0 33053.94053866442
0.0 3986.0 1495.0 6848.0 29133.813312208316
0.0 620.0 3170.0 15181.0 62995.386532829514
0.0 3857.0 1538.0 7189.0 30767.652716651635
0.0 660.0 3149.0 15101.0 62634.49208335342
0.0 6750.0 70.0 314.0 1373.6264488392462
0.0 1314.0 2847.0 13375.0 56018.06480479293
0.0 651.0 3161.0 15050.0 62688.05619225356
0.0 6735.0 81.0 339.0 1550.036174216019
0.0 629.0 3156.0 15204.0 62947.66690351154
0.0 6745.0 78.0 290.0 1474.3141919645416
0.0 6750.0 75.0 270.0 1397.4479888903509
0.0 882.0 3050.0 14486.0 60364.95626369774
0.0 3752.0 1591.0 7478.0 31397.912697044296
0.0 647.0 3157.0 15104.0 62665.12580646408
0.0 6764.0 65.0 277.0 1195.8632982813863
0.0 3802.0 1596.0 7250.0 30884.11007292636
0.0 6754.0 72.0 290.0 1378.814496475371
0.0 680.0 3152.0 14981.0 62383.117919623444
0.0 3660.0 1644.0 7693.0 32564.312866102842
0.0 3751.0 1574.0 7523.0 31550.166142211503
0.0 3671.0 1629.0 7775.0 32387.026616018993
0.0 4455.0 1217.0 6012.0 24254.43312034854
0.0 6775.0 59.0 260.0 1124.2772203722593
0.0 643.0 3154.0 15187.0 62799.20087614099
0.0 689.0 3138.0 15056.0 62252.93249577857
0.0 3903.0 1498.0 7230.0 29871.1671483896
0.0 6767.0 66.0 233.0 1195.663053693255
0.0 652.0 3152.0 15125.0 62660.76650397364
0.0 3925.0 1499.0 7119.0 29783.242681369342
0.0 6768.0 60.0 276.0 1176.4008109959645
0.0 3695.0 1671.0 7554.0 32248.255471235276
0.0 1009.0 2981.0 14101.0 59102.08338567848
0.0 4053.0 1466.0 6519.0 28260.41623058233
0.0 6773.0 57.0 277.0 1127.619260057135
0.0 665.0 3140.0 15100.0 62583.64688605508
0.0 657.0 3142.0 15161.0 62680.565850967
0.0 3580.0 1681.0 7822.0 33158.52290501609
0.0 3728.0 1586.0 7686.0 31556.696998856798
0.0 723.0 3125.0 14905.0 62027.8539440704
0.0 3573.0 1661.0 8134.0 33272.44578354826
0.0 645.0 3168.0 15074.0 62676.918118645954
0.0 1345.0 2829.0 13262.0 55770.998982131925
0.0 818.0 3063.0 14722.0 60918.42795252046
0.0 3555.0 1737.0 7769.0 33492.196604480705
0.0 684.0 3131.0 15038.0 62412.31552936648
0.0 6749.0 74.0 295.0 1454.0456303181093
0.0 6753.0 75.0 282.0 1359.1647218021242
0.0 679.0 3131.0 15116.0 62384.505838628895
0.0 6764.0 67.0 264.0 1233.753915473925
0.0 3637.0 1645.0 7985.0 32495.378281313053
0.0 688.0 3131.0 15033.0 62285.40681014526
0.0 6770.0 69.0 254.0 1179.7360083432973
0.0 3689.0 1610.0 7736.0 32074.758523616336
0.0 718.0 3123.0 14949.0 61950.90791459939
0.0 646.0 3166.0 15134.0 62669.30214439533
0.0 3929.0 1492.0 7201.0 29750.975976964724
0.0 6732.0 86.0 315.0 1573.8743470612776
0.0 3647.0 1626.0 8016.0 32529.386203616257
0.0 6759.0 71.0 261.0 1276.5876315119615
0.0 6749.0 74.0 323.0 1402.1250763687622
0.0 6693.0 101.0 456.0 1974.4927781659987
0.0 3667.0 1645.0 7723.0 32426.066143150856
0.0 641.0 3161.0 15103.0 62769.82082966995
0.0 3593.0 1655.0 7984.0 32992.739736994045
0.0 6733.0 82.0 324.0 1588.7143102448013
0.0 6768.0 62.0 267.0 1185.7414022753378
0.0 6766.0 65.0 282.0 1187.324832159659
0.0 6736.0 78.0 331.0 1560.4262672528764
0.0 663.0 3141.0 15146.0 62571.09625113211
0.0 4012.0 1467.0 6869.0 28804.28674195207
0.0 3679.0 1646.0 7859.0 32114.990949027106
0.0 3991.0 1499.0 6892.0 29004.428719831463
0.0 627.0 3167.0 15195.0 62906.40291485695
0.0 6745.0 77.0 306.0 1483.4622533850006
0.0 661.0 3152.0 15072.0 62572.20506183896
0.0 6758.0 65.0 298.0 1292.678665025573
0.0 774.0 3093.0 14869.0 61439.14585816485
0.0 3952.0 1517.0 6821.0 29530.517864730537
0.0 6710.0 101.0 391.0 1792.714290077622
0.0 842.0 3066.0 14576.0 60748.48879377441
0.0 4098.0 1412.0 6625.0 28078.6067322323
0.0 729.0 3116.0 14950.0 61904.310255992925
0.0 6769.0 67.0 253.0 1180.527053075877
0.0 6769.0 65.0 256.0 1196.5586459445997
0.0 3823.0 1504.0 7580.0 30727.192784021583
0.0 6761.0 69.0 282.0 1264.1467947501453
0.0 3704.0 1599.0 7731.0 31905.28448818299
0.0 791.0 3077.0 14797.0 61246.99224283121
0.0 3897.0 1522.0 7184.0 30030.19021907106
0.0 6747.0 78.0 286.0 1435.6243082736205
0.0 693.0 3129.0 15024.0 62256.205072205434
0.0 722.0 3132.0 14879.0 61971.44014909348
0.0 673.0 3156.0 15018.0 62460.25529251322
0.0 3774.0 1598.0 7442.0 31270.384686443595
0.0 6758.0 70.0 281.0 1273.9888133074319
0.0 3846.0 1513.0 7348.0 30621.43155728865
0.0 690.0 3125.0 15079.0 62332.54384247304
0.0 1313.0 2856.0 13269.0 56078.43370518561
0.0 645.0 3153.0 15171.0 62752.35059865265
0.0 6737.0 82.0 306.0 1549.2800793843026
0.0 3658.0 1621.0 7789.0 32296.77580199439
0.0 3616.0 1669.0 7909.0 32819.434922608496
0.0 654.0 3154.0 15135.0 62630.302811927366
