0.0 6672.0 106.0 524.0 2174.7648770387027
0.0 3987.0 1498.0 6863.0 28971.516085894043
0.0 875.0 3051.0 14541.0 60386.394924768465
0.0 3562.0 1680.0 8176.0 33443.13329674965
0.0 6762.0 62.0 294.0 1259.9388979929888
0.0 3585.0 1640.0 8203.0 33205.70841962077
0.0 6770.0 63.0 255.0 1180.520365779009
0.0 6764.0 63.0 309.0 1225.9455120130353
0.0 1343.0 2846.0 13169.0 55719.903238090024
0.0 1042.0 2959.0 14122.0 58724.75469264578
0.0 686.0 3148.0 14975.0 62243.894446799066
0.0 732.0 3118.0 14892.0 61826.00916027922
0.0 6763.0 64.0 290.0 1230.402435526435
0.0 692.0 3144.0 14980.0 62209.37105717831
0.0 3667.0 1644.0 7761.0 32259.100308690107
0.0 689.0 3146.0 14967.0 62229.42472887986
0.0 3581.0 1722.0 7790.0 33120.020996456245
0.0 648.0 3156.0 15153.0 62709.66641632114
0.0 6761.0 69.0 267.0 1246.2601607790093
0.0 6764.0 65.0 281.0 1208.2028041846916
0.0 3828.0 1557.0 7359.0 30631.253620036565
0.0 731.0 3108.0 14914.0 61897.289174293
0.0 624.0 3163.0 15210.0 62946.78032467082
0.0 626.0 3161.0 15229.0 62923.236314176895
0.0 6764.0 59.0 314.0 1251.8696902362021
0.0 645.0 3157.0 15142.0 62756.54954065496
0.0 6744.0 79.0 290.0 1470.61422764614
0.0 660.0 3151.0 15098.0 62611.47741394547
0.0 6766.0 64.0 273.0 1207.4914161868146
0.0 6739.0 79.0 328.0 1540.8865196707438
0.0 3818.0 1541.0 7447.0 30603.394300386128
0.0 6758.0 68.0 281.0 1288.440088798111
0.0 644.0 3159.0 15119.0 62773.96440225852
0.0 678.0 3146.0 15046.0 62389.052027925216
0.0 3515.0 1678.0 8123.0 33820.022640703515
0.0 6752.0 74.0 285.0 1342.5830103025885
0.0 3618.0 1669.0 7911.0 32903.07542025158
0.0 6769.0 65.0 252.0 1193.4739307086068
0.0 6769.0 67.0 242.0 1206.5184644442559
0.0 914.0 3032.0 14446.0 60006.77048898225
0.0 3602.0 1638.0 8257.0 32962.95969061704
0.0 6732.0 80.0 343.0 1605.8900927573102
0.0 788.0 3088.0 14737.0 61261.04235319556
0.0 6746.0 74.0 297.0 1470.430159093569
0.0 6766.0 66.0 248.0 1197.7402403904985
0.0 3496.0 1739.0 8036.0 33880.19601771306
0.0 1326.0 2851.0 13283.0 55973.31805441298
0.0 3770.0 1587.0 7574.0 31274.637544049056
0.0 3842.0 1562.0 7283.0 30510.53190364632
0.0 3709.0 1609.0 7692.0 31879.338824814895
0.0 6764.0 64.0 280.0 1221.3955363522393
0.0 702.0 3139.0 14923.0 62072.75322622281
0.0 6769.0 68.0 255.0 1176.4235617162149
0.0 1002.0 2976.0 14235.0 59170.34504690422
0.0 674.0 3144.0 15081.0 62434.15786572993
0.0 6774.0 62.0 259.0 1119.4223688926336
0.0 4223.0 1364.0 6246.0 26724.602639268134
0.0 740.0 3104.0 14965.0 61790.55265360537
0.0 1089.0 2944.0 13919.0 58258.983604056746
0.0 3664.0 1624.0 7825.0 32245.24875047061
0.0 3727.0 1634.0 7481.0 31769.546629288925
0.0 3546.0 1691.0 8143.0 33577.72565108071
0.0 6760.0 69.0 262.0 1267.6967536783095
0.0 664.0 3146.0 15081.0 62582.14585189199
0.0 651.0 3150.0 15118.0 62706.48880909922
0.0 712.0 3130.0 14928.0 62062.239380080144
0.0 6764.0 70.0 246.0 1220.478013813263
0.0 3808.0 1565.0 7253.0 30997.91312324587
0.0 6770.0 58.0 280.0 1166.1438889102803
0.0 6772.0 58.0 265.0 1159.2672167699138
0.0 6736.0 85.0 318.0 1539.0875580901127
0.0 1030.0 2967.0 14133.0 58832.20896630853
0.0 666.0 3149.0 15092.0 62546.5999987571
0.0 6760.0 72.0 262.0 1253.414093620534
0.0 3738.0 1583.0 7629.0 31655.545648759442
0.0 3566.0 1682.0 8059.0 33487.00387044267
0.0 6768.0 67.0 253.0 1191.1074803134682
0.0 3581.0 1697.0 7909.0 33398.93698972258
0.0 658.0 3158.0 15076.0 62676.56241432552
0.0 4048.0 1434.0 6884.0 28529.191350190173
0.0 3621.0 1667.0 7860.0 32953.706039501005
0.0 6760.0 66.0 273.0 1255.407306329741
0.0 3644.0 1674.0 7562.0 32517.290586764902
0.0 669.0 3149.0 15050.0 62429.3647837936
0.0 3868.0 1528.0 7329.0 30388.113850801135
0.0 3538.0 1705.0 8144.0 33543.29110734541
0.0 3591.0 1688.0 7873.0 32849.822519642614
0.0 3738.0 1614.0 7556.0 31727.946128171036
0.0 696.0 3130.0 15034.0 62285.703312201134
0.0 777.0 3102.0 14780.0 61447.259795191545
0.0 6764.0 64.0 282.0 1220.7553001216252
0.0 6748.0 74.0 295.0 1448.230058581084
0.0 3591.0 1668.0 8010.0 33027.06231947543
0.0 3799.0 1585.0 7223.0 30962.34933165067
0.0 6747.0 74.0 319.0 1455.7435029623387
0.0 6749.0 70.0 307.0 1419.9287875445666
0.0 812.0 3063.0 14861.0 61022.09478583423
0.0 6776.0 61.0 234.0 1125.8567035082744
0.0 3789.0 1552.0 7640.0 31227.022084827255
0.0 6768.0 64.0 266.0 1179.1936313366616
0.0 758.0 3099.0 14862.0 61511.80844146422
0.0 651.0 3148.0 15156.0 62740.36570897208
0.0 3580.0 1701.0 7891.0 33258.17798257603
0.0 632.0 3159.0 15162.0 62832.43686410227
0.0 3617.0 1677.0 7853.0 32839.6180804087
0.0 3660.0 1672.0 7555.0 32189.956118512746
0.0 645.0 3170.0 15057.0 62667.66631404623
0.0 3784.0 1577.0 7593.0 31288.96903758107
0.0 675.0 3148.0 15014.0 62345.88053505279
0.0 4156.0 1421.0 6525.0 27224.046383593613
0.0 902.0 3034.0 14489.0 60149.94133160013
0.0 759.0 3093.0 14910.0 61568.54482364913
0.0 734.0 3114.0 14895.0 61876.54484119766
0.0 615.0 3169.0 15238.0 63049.401311290094
0.0 1080.0 2947.0 13990.0 58349.351671914366
0.0 6759.0 68.0 282.0 1279.0397908134325
0.0 6767.0 63.0 264.0 1192.5970516850132
0.0 725.0 3121.0 14846.0 61908.47210764628
0.0 653.0 3164.0 15056.0 62703.76261361926
0.0 769.0 3096.0 14853.0 61541.818567263115
0.0 3678.0 1624.0 7673.0 32246.023309988974
0.0 640.0 3170.0 15075.0 62774.57775211654
0.0 3765.0 1583.0 7552.0 31411.56660498297
0.0 3864.0 1544.0 7163.0 30450.467123239476
0.0 1064.0 2945.0 14068.0 58527.26613798544
0.0 3709.0 1640.0 7486.0 32069.687579993177
0.0 4008.0 1482.0 6819.0 29255.065833394827
0.0 672.0 3135.0 15124.0 62438.23947339403
0.0 3593.0 1686.0 7987.0 33070.25908888966
0.0 3888.0 1517.0 7203.0 30123.52075569585
0.0 6769.0 59.0 287.0 1189.0771310048244
0.0 649.0 3154.0 15145.0 62732.65321900696
0.0 6762.0 66.0 277.0 1239.2812985056887
0.0 1021.0 2974.0 14092.0 58984.62917965796
0.0 3663.0 1623.0 7949.0 32293.275705626034
0.0 3639.0 1660.0 7949.0 32483.738393474727
0.0 709.0 3125.0 14990.0 62032.10585937397
0.0 1066.0 2949.0 14086.0 58473.51266399959
0.0 6763.0 66.0 272.0 1235.5183135598877
0.0 6771.0 66.0 243.0 1146.271175649628
0.0 3494.0 1703.0 8436.0 34048.83800334747
0.0 720.0 3124.0 14935.0 61990.60116365216
0.0 6739.0 80.0 329.0 1499.3443012246619
0.0 624.0 3164.0 15180.0 62911.20647149198
0.0 3799.0 1561.0 7420.0 30984.467449731856
0.0 771.0 3086.0 14870.0 61431.93674567263
0.0 656.0 3155.0 15079.0 62689.40489290743
0.0 3606.0 1647.0 8106.0 33063.31040189482
0.0 6764.0 63.0 287.0 1255.605914015867
0.0 6775.0 60.0 254.0 1093.3338304438969
0.0 6741.0 70.0 363.0 1451.0571306864922
0.0 3631.0 1653.0 7943.0 32623.7981502795
0.0 701.0 3133.0 14982.0 62102.09576119126
0.0 3540.0 1697.0 8086.0 33713.42434699847
0.0 656.0 3151.0 15109.0 62599.025177672665
0.0 6753.0 67.0 325.0 1345.0639823631518
0.0 6761.0 63.0 288.0 1240.6485925593677
0.0 656.0 3156.0 15092.0 62614.46929457578
0.0 3748.0 1593.0 7440.0 31690.31619004822
0.0 6764.0 69.0 260.0 1239.1209457339091
0.0 3957.0 1478.0 7082.0 29332.2497928909
0.0 6767.0 63.0 282.0 1189.8320746204784
0.0 4067.0 1436.0 6810.0 28510.62663044042
0.0 3731.0 1607.0 7631.0 31787.304227786546
0.0 1346.0 2843.0 13221.0 55692.73576616629
0.0 3902.0 1512.0 7149.0 30076.022634944642
0.0 6738.0 76.0 335.0 1533.1348691646485
0.0 6744.0 78.0 292.0 1423.3680242733917
0.0 3656.0 1616.0 8090.0 32655.4868462119
0.0 623.0 3160.0 15245.0 62982.48524005193
0.0 3908.0 1529.0 7217.0 29849.53402680935
0.0 642.0 3160.0 15160.0 62786.70268876568
0.0 3756.0 1622.0 7397.0 31336.2339712174
0.0 3771.0 1564.0 7557.0 31358.580260353418
0.0 1010.0 2969.0 14216.0 59066.88915601952
0.0 6765.0 60.0 291.0 1221.067497720334
0.0 6749.0 76.0 299.0 1389.906851674395
0.0 3533.0 1743.0 7929.0 33523.190472135604
0.0 6736.0 78.0 346.0 1582.6033816481909
0.0 3642.0 1648.0 7978.0 32719.323866679304
0.0 6761.0 67.0 264.0 1259.586104853608
0.0 3683.0 1601.0 7913.0 32177.404467133987
0.0 3499.0 1717.0 8271.0 33910.71617598117
0.0 6769.0 64.0 270.0 1167.1202439364727
0.0 4274.0 1321.0 6316.0 26387.625207587767
0.0 3662.0 1632.0 7893.0 32303.54610607185
0.0 3639.0 1660.0 7710.0 32484.76012147165
0.0 1442.0 2794.0 12954.0 54695.46225247569
0.0 3685.0 1645.0 7631.0 32367.215294642643
0.0 6766.0 62.0 274.0 1199.9892610582197
0.0 3746.0 1615.0 7484.0 31530.447331784893
0.0 6758.0 71.0 280.0 1281.8367386131342
0.0 3608.0 1698.0 7698.0 32900.2852632897
0.0 648.0 3147.0 15160.0 62727.432796911664
0.0 3682.0 1609.0 7932.0 32505.054762720552
0.0 746.0 3119.0 14860.0 61657.87147076616
0.0 6767.0 64.0 265.0 1181.3278383366642
0.0 3699.0 1606.0 7619.0 32124.64750338337
0.0 664.0 3157.0 15042.0 62530.34923114626
0.0 3661.0 1626.0 7972.0 32338.373588042858
0.0 6765.0 67.0 257.0 1226.6335851005977
0.0 700.0 3123.0 15075.0 62179.044633130936
0.0 3649.0 1640.0 7922.0 32430.845173050042
0.0 6755.0 70.0 286.0 1301.3485162513011
0.0 665.0 3154.0 15009.0 62515.11095390071
0.0 3549.0 1701.0 8098.0 33485.69293621814
0.0 3540.0 1732.0 7907.0 33601.66049935285
0.0 3647.0 1642.0 8025.0 32478.576975935295
0.0 6753.0 78.0 246.0 1402.2925492384047
0.0 667.0 3153.0 15022.0 62441.028519782056
0.0 6761.0 71.0 257.0 1264.4623202600037
0.0 650.0 3147.0 15212.0 62691.229671145185
0.0 631.0 3165.0 15177.0 62873.45716368552
0.0 671.0 3156.0 14971.0 62400.44050070126
0.0 1354.0 2848.0 13159.0 55528.0668637384
0.0 3762.0 1592.0 7491.0 31330.621633089402
0.0 3797.0 1584.0 7352.0 31103.343524264812
0.0 656.0 3146.0 15158.0 62658.19005817841
0.0 659.0 3157.0 15005.0 62643.52895847695
0.0 3557.0 1706.0 7927.0 33318.01621882111
0.0 1635.0 2690.0 12479.0 52794.37246445259
0.0 1003.0 2970.0 14227.0 59143.62015912666
0.0 667.0 3152.0 15087.0 62519.74511004024
0.0 3551.0 1706.0 8011.0 33406.72615920982
0.0 641.0 3157.0 15169.0 62748.31530261358
0.0 6751.0 75.0 280.0 1346.3466837923256
0.0 3638.0 1632.0 8046.0 32571.242531610722
0.0 3645.0 1629.0 8043.0 32541.124323505697
0.0 3614.0 1680.0 7855.0 32627.810030469
0.0 658.0 3157.0 15125.0 62580.537101994625
0.0 6759.0 73.0 277.0 1285.1402340715265
0.0 3612.0 1620.0 8055.0 32965.511212451594
0.0 6747.0 78.0 280.0 1449.6706458329106
0.0 3654.0 1654.0 7704.0 32571.28923323204
0.0 800.0 3090.0 14724.0 61193.603861067655
0.0 3637.0 1670.0 7814.0 32508.52488918931
0.0 3656.0 1651.0 7771.0 32321.150686980724
0.0 723.0 3117.0 14884.0 61976.58277359998
0.0 6761.0 71.0 261.0 1255.4006531696052
0.0 3938.0 1533.0 6969.0 29640.75932043255
0.0 1128.0 2912.0 13911.0 57857.727686663995
0.0 3682.0 1621.0 7838.0 32289.14395581945
0.0 6765.0 62.0 279.0 1208.12711774533
0.0 817.0 3075.0 14742.0 60947.56406820917
0.0 6774.0 67.0 210.0 1131.4910454693947
0.0 6765.0 65.0 273.0 1220.9446410007304
0.0 3833.0 1549.0 7259.0 30556.709439183214
0.0 3711.0 1606.0 7700.0 31979.72391707887
0.0 6733.0 80.0 326.0 1567.9093672889487
0.0 739.0 3123.0 14882.0 61750.86379879943
0.0 713.0 3121.0 15005.0 62010.09126116513
0.0 3879.0 1515.0 7228.0 30290.56111974917
0.0 797.0 3078.0 14814.0 61241.3898596675
0.0 631.0 3164.0 15161.0 62877.71770854066
0.0 6730.0 87.0 347.0 1587.2012170752857
0.0 651.0 3153.0 15137.0 62702.62052605905
0.0 716.0 3129.0 14945.0 62068.04362447377
0.0 6708.0 100.0 370.0 1809.961364889844
0.0 3649.0 1661.0 7608.0 32373.906299376573
0.0 1079.0 2936.0 14027.0 58405.34555915765
