0.0 1535.0 2713.0 13006.0 53795.972861610695
0.0 1165.0 2894.0 13924.0 57443.087355528936
0.0 3761.0 1607.0 7670.0 31518.317535274247
0.0 3883.0 1517.0 7387.0 30037.162463211174
0.0 6739.0 75.0 364.0 1466.4697822562855
0.0 3861.0 1547.0 7226.0 30528.788090521255
0.0 4014.0 1454.0 7094.0 28902.014349082034
0.0 3782.0 1601.0 7192.0 31124.226302668772
0.0 1340.0 2842.0 13236.0 55768.993680803
0.0 3625.0 1658.0 7913.0 32742.15763765579
0.0 713.0 3120.0 14964.0 62059.79977353616
0.0 3577.0 1701.0 7832.0 33092.47869168878
0.0 1026.0 2962.0 14160.0 58916.86469681174
0.0 3775.0 1570.0 7548.0 31210.984390512163
0.0 660.0 3162.0 15048.0 62562.237609210126
0.0 708.0 3118.0 15052.0 62169.95339243939
0.0 635.0 3160.0 15173.0 62844.603214151684
0.0 6764.0 66.0 260.0 1242.4951395527107
0.0 730.0 3123.0 14866.0 61878.22196622834
0.0 6763.0 69.0 255.0 1252.9592579986595
0.0 3558.0 1671.0 8095.0 33351.81759228085
0.0 619.0 3167.0 15227.0 62981.89025041437
0.0 664.0 3150.0 15061.0 62577.32679782548
0.0 3800.0 1588.0 7266.0 31042.02011889659
0.0 651.0 3146.0 15123.0 62718.41338183421
0.0 940.0 3016.0 14385.0 59731.99583710677
0.0 3726.0 1591.0 7665.0 31840.072459592626
0.0 6758.0 64.0 334.0 1287.5205588042295
0.0 6738.0 83.0 309.0 1502.699059997477
0.0 699.0 3134.0 14983.0 62190.77044972544
0.0 6728.0 83.0 354.0 1606.5825450050074
0.0 656.0 3159.0 15109.0 62627.20163821193
0.0 6767.0 64.0 260.0 1154.4467003439
0.0 718.0 3127.0 14910.0 62068.90791527469
0.0 6738.0 82.0 307.0 1527.2887786001374
0.0 675.0 3144.0 15105.0 62400.91677722841
0.0 1066.0 2947.0 14033.0 58480.84947332749
0.0 6750.0 71.0 346.0 1384.8246999481755
0.0 6751.0 75.0 274.0 1418.4311665404605
0.0 6756.0 75.0 262.0 1310.9049808637903
0.0 3583.0 1683.0 7854.0 33134.492346474355
0.0 6767.0 66.0 259.0 1179.7250811767103
0.0 6772.0 57.0 284.0 1157.5033729975994
0.0 6767.0 63.0 276.0 1190.1079873033134
0.0 650.0 3155.0 15118.0 62725.80920578347
0.0 3624.0 1665.0 7927.0 32646.616437187684
0.0 3557.0 1681.0 8188.0 33265.841751131265
0.0 6743.0 77.0 308.0 1487.7767091569417
0.0 1387.0 2825.0 13023.0 55222.05873094803
0.0 643.0 3171.0 15056.0 62748.501701763525
0.0 6736.0 84.0 346.0 1528.8347117256399
0.0 690.0 3140.0 15005.0 62241.228188508496
0.0 3766.0 1557.0 7691.0 31238.976565233137
0.0 6744.0 78.0 320.0 1426.507762931336
0.0 629.0 3157.0 15213.0 62871.767749806866
0.0 3571.0 1664.0 8064.0 33303.063533131986
0.0 6764.0 67.0 272.0 1221.208045902922
0.0 3820.0 1574.0 7215.0 30763.465807793847
0.0 646.0 3158.0 15127.0 62712.09864637253
0.0 5145.0 903.0 4161.0 17639.05678898706
0.0 659.0 3143.0 15128.0 62650.30322570787
0.0 3745.0 1640.0 7355.0 31376.70861517485
0.0 657.0 3148.0 15147.0 62616.61352000971
0.0 1051.0 2954.0 14058.0 58657.64930167839
0.0 1066.0 2958.0 13992.0 58492.46677688159
0.0 3679.0 1617.0 7947.0 32261.448026964194
0.0 6771.0 61.0 259.0 1135.1448292162097
0.0 6761.0 70.0 276.0 1280.8576322246622
0.0 653.0 3150.0 15145.0 62633.466743963385
0.0 3585.0 1721.0 7715.0 33123.02345914548
0.0 667.0 3155.0 15063.0 62496.55570544055
0.0 3705.0 1610.0 7482.0 31986.885426520163
0.0 4216.0 1347.0 6463.0 26876.458078101994
0.0 6728.0 87.0 350.0 1596.3466668367412
0.0 6706.0 100.0 414.0 1837.3683877387668
0.0 3487.0 1681.0 8462.0 34136.89217384799
0.0 6746.0 71.0 344.0 1418.9450164037983
0.0 6763.0 66.0 282.0 1252.9365942775523
0.0 666.0 3142.0 15158.0 62529.19453639927
0.0 6753.0 72.0 296.0 1358.7149021590471
0.0 660.0 3154.0 15035.0 62567.49836749841
0.0 6764.0 62.0 287.0 1227.5971631274695
0.0 3661.0 1619.0 7926.0 32412.830077841856
0.0 6741.0 78.0 304.0 1504.3336736592908
0.0 6776.0 61.0 250.0 1131.3880861908103
0.0 3899.0 1530.0 7163.0 29922.758840563005
0.0 6736.0 82.0 303.0 1561.823546268997
0.0 3819.0 1562.0 7296.0 30867.544942589164
0.0 3675.0 1598.0 8019.0 32338.349598702163
0.0 6761.0 74.0 255.0 1288.8987066021493
0.0 6748.0 73.0 318.0 1447.8850833094482
0.0 693.0 3129.0 15062.0 62260.70295992794
0.0 709.0 3115.0 15026.0 62166.13385210626
0.0 6752.0 76.0 284.0 1350.287223146852
0.0 670.0 3146.0 15051.0 62449.919348449344
0.0 6770.0 58.0 288.0 1165.293219242897
0.0 653.0 3153.0 15123.0 62625.807798209076
0.0 3609.0 1655.0 7895.0 32799.625400142
0.0 4063.0 1470.0 6689.0 28298.090502302344
0.0 646.0 3155.0 15137.0 62732.649125880205
0.0 650.0 3160.0 15118.0 62663.53882807409
0.0 6762.0 67.0 292.0 1235.0488642630764
0.0 6765.0 64.0 272.0 1216.9287220777064
0.0 795.0 3086.0 14784.0 61255.425945857285
0.0 6762.0 69.0 270.0 1215.968129839245
0.0 1124.0 2929.0 13832.0 57872.607906520374
0.0 6772.0 59.0 281.0 1144.9922013264168
0.0 668.0 3145.0 15096.0 62527.19295278572
0.0 3509.0 1737.0 8013.0 33896.68042207924
0.0 631.0 3156.0 15219.0 62957.25759856367
0.0 1322.0 2848.0 13289.0 55947.692042494
0.0 672.0 3136.0 15141.0 62441.43265115927
0.0 6773.0 55.0 279.0 1126.7130216675773
0.0 703.0 3137.0 14972.0 62119.72394954151
0.0 681.0 3151.0 14968.0 62413.31713094521
0.0 3647.0 1662.0 7735.0 32569.737332366163
0.0 6762.0 67.0 269.0 1254.5156516507707
0.0 6765.0 64.0 281.0 1192.9661542832785
0.0 1005.0 2971.0 14283.0 59160.63973508854
0.0 3533.0 1681.0 8231.0 33718.40039332024
0.0 3568.0 1701.0 7994.0 33451.6924838069
0.0 3646.0 1618.0 7956.0 32697.50645516869
0.0 999.0 2976.0 14248.0 59216.41365649665
0.0 6764.0 65.0 275.0 1200.8081072891432
0.0 6735.0 78.0 328.0 1567.6914375657786
0.0 6751.0 76.0 273.0 1393.0489691798932
0.0 6733.0 83.0 333.0 1562.1432136409458
0.0 3627.0 1664.0 7800.0 32695.960114764934
0.0 6759.0 65.0 314.0 1277.4441654952382
0.0 6763.0 64.0 293.0 1228.0182676985958
0.0 1034.0 2962.0 14120.0 58877.774992727886
0.0 3696.0 1628.0 7735.0 31965.48432138092
0.0 629.0 3156.0 15265.0 62938.06937893051
0.0 6760.0 71.0 277.0 1275.3314103102375
0.0 6764.0 69.0 267.0 1225.324874269439
0.0 3798.0 1590.0 7331.0 31102.977139279406
0.0 653.0 3156.0 15122.0 62650.15743108883
0.0 3589.0 1651.0 8147.0 32959.48842896432
0.0 3774.0 1591.0 7364.0 31360.104735670386
0.0 665.0 3153.0 15035.0 62502.93747050139
0.0 3667.0 1611.0 8004.0 32203.435197763458
0.0 6743.0 76.0 311.0 1492.042724863679
0.0 6731.0 84.0 350.0 1585.851695584324
0.0 677.0 3143.0 15059.0 62448.90707105586
0.0 3742.0 1605.0 7585.0 31638.478065277668
0.0 6746.0 75.0 315.0 1435.2348720916905
0.0 715.0 3132.0 14965.0 62024.318582203734
0.0 662.0 3156.0 15081.0 62559.58120951692
0.0 622.0 3168.0 15198.0 62941.33554036494
0.0 3700.0 1653.0 7510.0 32029.572659639663
0.0 652.0 3146.0 15159.0 62648.04933859497
0.0 3618.0 1678.0 7789.0 32978.001472114374
0.0 1384.0 2817.0 13097.0 55378.55284446176
0.0 3600.0 1694.0 7899.0 33018.055616561156
0.0 662.0 3151.0 15108.0 62522.31565243423
0.0 3541.0 1666.0 8186.0 33699.79140272996
0.0 641.0 3172.0 15061.0 62783.158696786704
0.0 751.0 3105.0 14932.0 61733.67074454122
0.0 6759.0 68.0 288.0 1278.3244715197577
0.0 745.0 3123.0 14813.0 61693.08297700965
0.0 6758.0 70.0 288.0 1297.082997959147
0.0 3496.0 1688.0 8349.0 33953.055989778244
0.0 6774.0 60.0 268.0 1127.2823748360365
0.0 1093.0 2945.0 13941.0 58326.05972501898
0.0 6751.0 79.0 255.0 1354.7224104946633
0.0 685.0 3137.0 15021.0 62335.032236788065
0.0 3566.0 1654.0 8201.0 33373.800233505666
0.0 660.0 3150.0 15095.0 62601.89838745028
0.0 678.0 3139.0 15059.0 62366.794775758404
0.0 3580.0 1661.0 8069.0 33279.49675467272
0.0 732.0 3121.0 14923.0 61803.098367435836
0.0 695.0 3150.0 14902.0 62241.598939405834
0.0 3784.0 1571.0 7678.0 31095.983262769994
0.0 1054.0 2968.0 14027.0 58619.08513104349
0.0 3814.0 1565.0 7406.0 30986.063073376285
0.0 3637.0 1651.0 7729.0 32662.89593743457
0.0 6732.0 87.0 319.0 1531.0548261898741
0.0 3926.0 1487.0 7303.0 29751.86361522432
0.0 6760.0 68.0 293.0 1267.8647890167267
0.0 6763.0 65.0 284.0 1252.448583270862
0.0 6747.0 74.0 296.0 1467.692582892449
0.0 676.0 3144.0 15086.0 62454.173049418714
0.0 1039.0 2964.0 14114.0 58720.761284606924
0.0 639.0 3166.0 15116.0 62841.050237117444
0.0 661.0 3151.0 15109.0 62551.00238386032
0.0 654.0 3147.0 15116.0 62723.839280703876
0.0 650.0 3153.0 15126.0 62714.23889414345
0.0 640.0 3163.0 15112.0 62755.16860171871
0.0 3468.0 1743.0 8115.0 34432.088199347134
0.0 3808.0 1558.0 7346.0 31093.585447436395
0.0 3762.0 1568.0 7585.0 31331.383995015105
0.0 671.0 3139.0 15163.0 62515.058884397346
0.0 687.0 3141.0 15040.0 62255.158267709274
0.0 6738.0 83.0 301.0 1511.1494518530021
0.0 6754.0 72.0 291.0 1339.2212117045997
0.0 1025.0 2971.0 14149.0 58904.9420432867
0.0 656.0 3144.0 15154.0 62664.39406392352
0.0 3763.0 1562.0 7711.0 31612.033320096736
0.0 871.0 3056.0 14494.0 60439.07150009986
0.0 6763.0 68.0 265.0 1266.5497896946094
0.0 3523.0 1706.0 8102.0 33823.534690904125
0.0 6768.0 64.0 232.0 1173.1096463377087
0.0 705.0 3121.0 15050.0 62086.22955168352
0.0 6767.0 65.0 251.0 1207.578566448728
0.0 3675.0 1647.0 7718.0 32191.89626744105
0.0 3580.0 1670.0 7975.0 33214.66219569832
0.0 656.0 3148.0 15140.0 62661.27003640799
0.0 6755.0 68.0 318.0 1339.339375168497
0.0 6762.0 68.0 276.0 1247.331048643114
0.0 888.0 3050.0 14464.0 60247.28403409284
0.0 3594.0 1669.0 7969.0 33100.761903809245
0.0 1728.0 2661.0 12232.0 51859.38938884138
0.0 3544.0 1679.0 8204.0 33557.328965179906
0.0 6760.0 72.0 260.0 1239.009976890351
0.0 3584.0 1658.0 8022.0 32951.6947633869
0.0 3681.0 1638.0 7600.0 32171.409529118428
0.0 763.0 3107.0 14799.0 61513.18703718729
0.0 6769.0 60.0 296.0 1170.495158650565
0.0 6769.0 62.0 265.0 1167.418379615202
0.0 4068.0 1414.0 6984.0 28510.95142425325
0.0 6770.0 62.0 272.0 1135.5326850588299
0.0 1014.0 2972.0 14205.0 59079.83814450869
0.0 3680.0 1645.0 7750.0 32326.80986992434
0.0 6750.0 75.0 278.0 1379.5724760530702
0.0 3623.0 1648.0 8004.0 32764.40071452673
0.0 3506.0 1742.0 8042.0 33960.81668408686
0.0 3774.0 1598.0 7565.0 31275.775878204106
0.0 3728.0 1578.0 7807.0 31606.520699382516
0.0 651.0 3160.0 15065.0 62633.7009375655
0.0 3715.0 1608.0 7764.0 31837.35247051354
0.0 6755.0 72.0 275.0 1299.1833994425092
0.0 3650.0 1618.0 8063.0 32593.404252715263
0.0 3840.0 1584.0 7268.0 30668.12509060435
0.0 6765.0 66.0 245.0 1234.0074660395894
0.0 647.0 3150.0 15142.0 62724.57788475391
0.0 3719.0 1614.0 7570.0 31950.25725097092
0.0 636.0 3158.0 15187.0 62839.70214791479
0.0 3725.0 1596.0 7745.0 31796.89495508381
0.0 3514.0 1747.0 7895.0 33624.46614488535
0.0 717.0 3133.0 14874.0 61930.21743997344
0.0 1009.0 2969.0 14213.0 59055.20784591671
0.0 6753.0 67.0 296.0 1389.332630560602
0.0 6759.0 69.0 281.0 1267.0579731289276
0.0 3645.0 1645.0 7895.0 32524.799815454528
0.0 6755.0 77.0 258.0 1330.1725448297893
0.0 997.0 2978.0 14267.0 59202.17866720986
0.0 6745.0 78.0 289.0 1466.7099689280503
0.0 1071.0 2952.0 13983.0 58467.08723511161
0.0 679.0 3143.0 15023.0 62416.14863427305
0.0 633.0 3165.0 15153.0 62847.22340130424
0.0 635.0 3163.0 15133.0 62807.14539509829
0.0 3621.0 1669.0 7836.0 32863.86724384806
0.0 649.0 3168.0 15044.0 62669.246586972
0.0 3811.0 1600.0 7123.0 31093.849051164252
0.0 3719.0 1634.0 7574.0 31761.78775088368
0.0 656.0 3161.0 15096.0 62601.4239409425
0.0 3569.0 1688.0 8002.0 33360.05120587049
0.0 5026.0 975.0 4395.0 18669.65517987429
0.0 753.0 3109.0 14865.0 61633.82824032047
0.0 1102.0 2925.0 13988.0 58088.086290228646
0.0 676.0 3147.0 15102.0 62400.672929587534
0.0 6761.0 66.0 286.0 1263.8805418820366
0.0 6758.0 69.0 293.0 1273.4883590338184
0.0 6741.0 82.0 320.0 1492.1949881123564
0.0 624.0 3167.0 15197.0 62925.84233399799
0.0 642.0 3157.0 15190.0 62768.956226293616
