0.0 6694.0 103.0 457.0 2037.5572880508248
0.0 6743.0 78.0 332.0 1462.3527809376085
0.0 1436.0 2745.0 13300.0 54821.08211004256
0.0 807.0 3087.0 14665.0 61177.41061865118
0.0 3540.0 1714.0 8087.0 33663.45255303251
0.0 690.0 3122.0 15108.0 62270.2228703543
0.0 1091.0 2935.0 13977.0 58204.20908307893
0.0 6777.0 59.0 239.0 1103.5441335494556
0.0 678.0 3134.0 15095.0 62394.19395252396
0.0 659.0 3152.0 15134.0 62571.13612071219
0.0 3588.0 1690.0 7911.0 33055.190135200246
0.0 6751.0 71.0 287.0 1431.9601694007672
0.0 741.0 3113.0 14872.0 61774.72985124745
0.0 3956.0 1486.0 7013.0 29467.58369625713
0.0 694.0 3139.0 14971.0 62202.36007237424
0.0 652.0 3155.0 15102.0 62719.88771457134
0.0 6754.0 71.0 298.0 1333.1678259381397
0.0 3681.0 1614.0 7782.0 32261.857737818053
0.0 3970.0 1470.0 7235.0 29288.579287166533
0.0 6765.0 67.0 255.0 1218.8465902929884
0.0 6777.0 59.0 248.0 1096.3025405665014
0.0 3614.0 1675.0 7821.0 32862.34420925049
0.0 3955.0 1505.0 6959.0 29555.806537651846
0.0 6773.0 58.0 268.0 1127.238460733929
0.0 990.0 2985.0 14231.0 59346.097656767946
0.0 665.0 3153.0 15084.0 62483.69565154217
0.0 3609.0 1664.0 7797.0 32867.56544281902
0.0 670.0 3164.0 14918.0 62464.178030696385
0.0 633.0 3162.0 15166.0 62892.23355085931
0.0 631.0 3169.0 15099.0 62850.429357763845
0.0 1037.0 2953.0 14154.0 58849.87580042546
0.0 706.0 3129.0 14979.0 62088.26959792471
0.0 3797.0 1563.0 7514.0 30990.808373469306
0.0 3665.0 1619.0 7773.0 32381.295452512826
0.0 3591.0 1677.0 7808.0 33003.6652727162
0.0 3633.0 1646.0 7756.0 32827.68246830871
0.0 3681.0 1599.0 7828.0 32218.502287017654
0.0 724.0 3124.0 14960.0 62022.87405348395
0.0 3667.0 1669.0 7546.0 32387.815800700457
0.0 6753.0 72.0 285.0 1391.3155598197282
0.0 6760.0 73.0 248.0 1276.882855228093
0.0 637.0 3164.0 15100.0 62829.8848012277
0.0 3881.0 1537.0 7317.0 30180.782717515074
0.0 3567.0 1714.0 7874.0 33288.92711156403
0.0 897.0 3056.0 14384.0 60127.96454839018
0.0 3598.0 1680.0 8063.0 32729.91460225255
0.0 6737.0 79.0 313.0 1518.2132775964399
0.0 3494.0 1731.0 8051.0 34101.331399992065
0.0 659.0 3158.0 15061.0 62485.43913431014
0.0 660.0 3146.0 15133.0 62606.98218526897
0.0 716.0 3122.0 14966.0 61999.994476002656
0.0 3683.0 1659.0 7471.0 32023.947878434734
0.0 3543.0 1710.0 8036.0 33500.367456148335
0.0 661.0 3155.0 15084.0 62550.55647537239
0.0 3745.0 1564.0 7832.0 31517.62697432111
0.0 6741.0 75.0 309.0 1511.120141909383
0.0 797.0 3094.0 14706.0 61164.409459488284
0.0 1202.0 2882.0 13722.0 57026.45417901544
0.0 6756.0 72.0 293.0 1325.736196130441
0.0 703.0 3125.0 15044.0 62181.019981825826
0.0 6749.0 71.0 305.0 1418.5750302520585
0.0 689.0 3136.0 15051.0 62274.16577337187
0.0 6765.0 66.0 256.0 1202.3534687996141
0.0 3696.0 1604.0 7719.0 32030.118521460354
0.0 3661.0 1613.0 7942.0 32276.19878929009
0.0 738.0 3119.0 14786.0 61752.30922425271
0.0 6762.0 64.0 308.0 1254.172355215384
0.0 1325.0 2856.0 13224.0 55935.61583310304
0.0 6772.0 61.0 248.0 1132.1049996975416
0.0 633.0 3160.0 15222.0 62894.08401011592
0.0 706.0 3137.0 14930.0 62069.4875178116
0.0 707.0 3138.0 14881.0 62035.82054615163
0.0 3609.0 1659.0 7806.0 33000.510117263235
0.0 6761.0 67.0 276.0 1270.5206988319019
0.0 6766.0 63.0 271.0 1206.4850909506254
0.0 668.0 3161.0 15034.0 62408.938605749034
0.0 3713.0 1612.0 7844.0 31894.922978509658
0.0 6762.0 67.0 278.0 1253.3112712692644
0.0 905.0 3039.0 14451.0 60098.239987052824
0.0 6766.0 63.0 275.0 1202.0963031006859
0.0 4028.0 1481.0 6817.0 28936.151532463366
0.0 3840.0 1573.0 7258.0 30699.657847751496
0.0 6714.0 97.0 396.0 1779.9860415779401
0.0 3667.0 1652.0 7648.0 32164.397472788965
0.0 6758.0 72.0 271.0 1289.9891550605041
0.0 671.0 3151.0 15017.0 62376.907617953504
0.0 1013.0 2973.0 14180.0 59016.6650939186
0.0 699.0 3138.0 14946.0 62179.99964176659
0.0 678.0 3157.0 14988.0 62445.55614965654
0.0 688.0 3137.0 15089.0 62333.69429801386
0.0 3603.0 1635.0 8040.0 33021.18923101863
0.0 698.0 3132.0 14979.0 62164.605203160456
0.0 3808.0 1585.0 7443.0 30799.590598344206
0.0 3647.0 1692.0 7648.0 32619.513619731726
0.0 6768.0 62.0 272.0 1172.2047346711
0.0 659.0 3153.0 15069.0 62642.9663379407
0.0 657.0 3163.0 15019.0 62621.732542087775
0.0 3519.0 1689.0 8096.0 33847.356855245765
0.0 6752.0 72.0 299.0 1354.0727053975122
0.0 3819.0 1573.0 7291.0 30924.48714128221
0.0 6768.0 63.0 269.0 1161.5684056296247
0.0 641.0 3159.0 15146.0 62807.528486641895
0.0 714.0 3124.0 14972.0 61954.05510840053
0.0 651.0 3156.0 15144.0 62656.25148475487
0.0 6764.0 69.0 261.0 1233.4217183433886
0.0 3529.0 1681.0 8094.0 33720.1387910675
0.0 6759.0 65.0 287.0 1269.9546219369718
0.0 638.0 3154.0 15176.0 62829.6428455294
0.0 696.0 3131.0 15066.0 62221.46929961706
0.0 3670.0 1625.0 7721.0 32273.129441439207
0.0 6758.0 63.0 306.0 1304.0881018496443
0.0 658.0 3161.0 15088.0 62599.32336563617
0.0 3774.0 1596.0 7532.0 31243.909066544686
0.0 6734.0 80.0 329.0 1583.423725702706
0.0 3861.0 1490.0 7547.0 30538.94306779423
0.0 3595.0 1684.0 7873.0 32899.77655328057
0.0 3633.0 1652.0 7823.0 32704.49269294485
0.0 707.0 3136.0 14940.0 62078.04741464608
0.0 995.0 2982.0 14250.0 59207.719285791274
0.0 3853.0 1551.0 7263.0 30366.34472185627
0.0 644.0 3160.0 15150.0 62776.44159696561
0.0 2806.0 2097.0 9641.0 40942.60250242684
0.0 3681.0 1639.0 7767.0 32075.684571743946
0.0 742.0 3116.0 14848.0 61741.300775391166
0.0 6774.0 61.0 268.0 1117.984915963583
0.0 684.0 3136.0 15023.0 62361.10241462849
0.0 3628.0 1652.0 8064.0 32834.943722014024
0.0 648.0 3163.0 15047.0 62719.09331606701
0.0 3753.0 1573.0 7816.0 31467.791675025896
0.0 650.0 3165.0 15046.0 62646.82070554511
0.0 3618.0 1680.0 7735.0 32614.572872930883
0.0 3728.0 1600.0 7677.0 31704.86736283052
0.0 700.0 3134.0 14967.0 62154.50144040544
0.0 6768.0 69.0 238.0 1178.666511342335
0.0 6756.0 69.0 307.0 1334.1148484879243
0.0 724.0 3114.0 14986.0 61905.77491337901
0.0 693.0 3143.0 14945.0 62185.37392831999
0.0 3928.0 1548.0 6777.0 29718.58092498974
0.0 3634.0 1669.0 7802.0 32493.609964710595
0.0 3815.0 1543.0 7475.0 30924.463747801197
0.0 6742.0 81.0 304.0 1483.0017895318115
0.0 4158.0 1397.0 6475.0 27391.648012143072
0.0 6766.0 63.0 289.0 1193.9741806685465
0.0 3448.0 1729.0 8454.0 34553.47489135581
0.0 3781.0 1569.0 7451.0 31284.34436196816
0.0 3672.0 1635.0 7796.0 32243.39638086345
0.0 748.0 3109.0 14873.0 61692.3552652735
0.0 6768.0 60.0 290.0 1198.822518641213
0.0 685.0 3144.0 14973.0 62289.460495322426
0.0 6763.0 66.0 266.0 1234.3372944360494
0.0 3675.0 1633.0 7577.0 32449.350992271793
0.0 3664.0 1623.0 7786.0 32443.364212620614
0.0 3626.0 1682.0 7878.0 32501.41516816355
0.0 6761.0 66.0 280.0 1242.0068206901058
0.0 663.0 3150.0 15093.0 62555.39501684813
0.0 3738.0 1614.0 7485.0 31784.97549009111
0.0 806.0 3088.0 14642.0 61015.822570934804
0.0 6761.0 71.0 260.0 1269.025689340446
0.0 3776.0 1583.0 7441.0 31251.160808848184
0.0 6769.0 61.0 272.0 1184.722689322814
0.0 756.0 3115.0 14761.0 61575.96370641322
0.0 3790.0 1579.0 7413.0 31136.04605615301
0.0 3652.0 1618.0 7895.0 32392.198876318784
0.0 3781.0 1537.0 7887.0 31342.27960220155
0.0 6760.0 67.0 289.0 1266.637914272404
0.0 3638.0 1652.0 7664.0 32429.462089144403
0.0 6766.0 65.0 285.0 1201.0355932842958
0.0 3633.0 1652.0 7995.0 32643.114739430148
0.0 3704.0 1665.0 7309.0 32092.96448972913
0.0 6748.0 73.0 328.0 1419.134351853612
0.0 683.0 3139.0 15060.0 62390.10206478681
0.0 6765.0 63.0 279.0 1208.6710570095424
0.0 662.0 3141.0 15112.0 62566.04779193042
0.0 6764.0 66.0 267.0 1229.185317124607
0.0 6770.0 60.0 252.0 1158.9242267864345
0.0 3648.0 1619.0 7926.0 32533.35105963279
0.0 1036.0 2972.0 14096.0 58796.02619692382
0.0 1664.0 2679.0 12419.0 52497.81857909504
0.0 1487.0 2765.0 12902.0 54343.38046146649
0.0 6758.0 67.0 287.0 1300.1323480232659
0.0 3668.0 1621.0 7824.0 32345.790848962144
0.0 3678.0 1622.0 7801.0 32280.864971509916
0.0 3665.0 1631.0 7833.0 32356.70699980078
0.0 702.0 3140.0 14953.0 62146.704673863
0.0 1023.0 2971.0 14183.0 58927.15871227233
0.0 3652.0 1647.0 7786.0 32463.144741388314
0.0 742.0 3107.0 14931.0 61774.86068178033
0.0 6748.0 75.0 300.0 1432.6907345283944
0.0 3660.0 1638.0 7692.0 32423.96833597851
0.0 3533.0 1696.0 8128.0 33658.5293947519
0.0 6771.0 65.0 249.0 1158.4557059055926
0.0 668.0 3146.0 15108.0 62544.37863896105
0.0 3771.0 1618.0 7392.0 31114.935144033177
0.0 3579.0 1677.0 8052.0 33373.36681512654
0.0 679.0 3151.0 15003.0 62403.17312291486
0.0 6762.0 72.0 269.0 1268.8624206588217
0.0 3536.0 1701.0 8114.0 33539.57020036785
0.0 3629.0 1665.0 8057.0 32660.363020709123
0.0 6764.0 70.0 243.0 1240.5803195317767
0.0 3659.0 1651.0 7617.0 32370.497673906328
0.0 3833.0 1565.0 7299.0 30698.865565995824
0.0 689.0 3138.0 15023.0 62326.24205573246
0.0 3828.0 1552.0 7356.0 30794.923884755022
0.0 1012.0 2971.0 14196.0 59122.00827529726
0.0 6759.0 71.0 264.0 1300.9396555920418
0.0 6775.0 62.0 243.0 1119.6936467267242
0.0 677.0 3137.0 15107.0 62440.684867421
0.0 665.0 3159.0 15011.0 62433.372076484324
0.0 3769.0 1598.0 7255.0 31272.10358546149
0.0 6771.0 66.0 235.0 1157.6648371164345
0.0 642.0 3158.0 15166.0 62807.11962140725
0.0 3860.0 1529.0 7291.0 30303.072328482347
0.0 3542.0 1697.0 8038.0 33727.77540517393
0.0 658.0 3156.0 15066.0 62621.76157040362
0.0 3854.0 1570.0 7025.0 30565.658405700102
0.0 3816.0 1549.0 7653.0 30868.47682643345
0.0 678.0 3130.0 15099.0 62431.77953484562
0.0 655.0 3151.0 15109.0 62680.32091165679
0.0 6743.0 78.0 297.0 1498.0667783337033
0.0 658.0 3149.0 15109.0 62647.42595699578
0.0 6768.0 66.0 259.0 1194.6697060772865
0.0 696.0 3133.0 14994.0 62237.89169217401
0.0 3642.0 1646.0 7882.0 32371.286201594936
0.0 3578.0 1685.0 7765.0 33203.43075961892
0.0 6763.0 66.0 261.0 1250.2119877930359
0.0 3590.0 1649.0 8058.0 33120.70534688196
0.0 3829.0 1579.0 7269.0 30641.427632517145
0.0 652.0 3152.0 15113.0 62662.758941455904
0.0 3630.0 1628.0 8006.0 32552.173327457087
0.0 3989.0 1493.0 6782.0 29096.57726415322
0.0 3558.0 1701.0 7872.0 33371.55734174267
0.0 3591.0 1645.0 8213.0 33011.34135308028
0.0 660.0 3145.0 15153.0 62614.11922826014
0.0 1733.0 2640.0 12247.0 51832.502706847125
0.0 880.0 3037.0 14527.0 60277.48308474449
0.0 781.0 3097.0 14725.0 61337.53418030896
0.0 6741.0 79.0 308.0 1497.383668422832
0.0 3502.0 1762.0 7994.0 33885.60053096532
0.0 994.0 2981.0 14206.0 59242.468399413585
0.0 6756.0 70.0 287.0 1334.828410554119
0.0 661.0 3147.0 15107.0 62551.40773082518
0.0 6770.0 58.0 285.0 1160.348719740873
0.0 6767.0 62.0 279.0 1189.3427269816707
0.0 6758.0 74.0 267.0 1300.8009752230266
0.0 3757.0 1582.0 7542.0 31416.61625064007
0.0 6761.0 69.0 276.0 1242.2664649085457
0.0 6756.0 74.0 281.0 1294.933966941563
0.0 3624.0 1665.0 7799.0 32737.053273141802
0.0 726.0 3133.0 14890.0 61907.15720858506
0.0 629.0 3165.0 15197.0 62907.58024281744
0.0 6771.0 61.0 257.0 1136.9670442673066
0.0 4011.0 1443.0 7026.0 29047.811222659886
0.0 695.0 3145.0 14935.0 62194.604854706726
0.0 3547.0 1692.0 8083.0 33637.012044802526
0.0 684.0 3137.0 14982.0 62342.76153359978
0.0 4268.0 1330.0 6372.0 26345.60003459758
0.0 3625.0 1664.0 7829.0 32796.1385622447
0.0 4031.0 1416.0 6977.0 28663.445499640464
0.0 4057.0 1437.0 6916.0 28394.032482905775
0.0 666.0 3147.0 15077.0 62543.349804077305
0.0 6764.0 62.0 304.0 1231.6361126586037
0.0 883.0 3032.0 14645.0 60318.96258625494
0.0 647.0 3149.0 15198.0 62748.96211832088
