0.0 1658.0 2653.0 12653.0 52588.13929089325
0.0 6735.0 80.0 369.0 1494.5518074748122
0.0 896.0 3031.0 14481.0 60241.10069092157
0.0 3747.0 1602.0 7401.0 31636.995135804784
0.0 3662.0 1658.0 7698.0 32375.953767259583
0.0 6758.0 70.0 275.0 1285.8245832518808
0.0 677.0 3150.0 15014.0 62431.8001375818
0.0 754.0 3092.0 14942.0 61759.34393841897
0.0 3947.0 1482.0 7088.0 29388.889963652135
0.0 722.0 3136.0 14835.0 61929.041883246195
0.0 4376.0 1251.0 6158.0 25183.274508728082
0.0 3805.0 1548.0 7508.0 30842.171679428357
0.0 6762.0 66.0 287.0 1232.1915696086292
0.0 6768.0 63.0 284.0 1177.354351754692
0.0 6744.0 74.0 316.0 1488.49029989259
0.0 3518.0 1726.0 7994.0 33983.226864893
0.0 3634.0 1628.0 7933.0 32633.671356858507
0.0 648.0 3144.0 15214.0 62723.11431857709
0.0 3556.0 1706.0 7864.0 33529.30118416041
0.0 3472.0 1769.0 8141.0 34480.24057509917
0.0 671.0 3135.0 15175.0 62453.15192050833
0.0 3586.0 1658.0 8133.0 32955.60620152106
0.0 3976.0 1462.0 7165.0 29191.572646263015
0.0 3664.0 1656.0 7623.0 32550.82033543816
0.0 6758.0 68.0 291.0 1312.6070241487935
0.0 6766.0 64.0 267.0 1215.8557466801162
0.0 1045.0 2964.0 14080.0 58673.173590007136
0.0 6769.0 62.0 276.0 1189.8722269562143
0.0 3808.0 1553.0 7491.0 30832.957998515703
0.0 6760.0 74.0 264.0 1286.6511910317413
0.0 3529.0 1718.0 7930.0 33704.20561012407
0.0 683.0 3157.0 14951.0 62362.986618405
0.0 3747.0 1588.0 7688.0 31638.73152115269
0.0 6762.0 72.0 258.0 1244.3328832534287
0.0 3630.0 1654.0 7785.0 32785.686951847325
0.0 6739.0 74.0 347.0 1539.8517174309752
0.0 6770.0 58.0 276.0 1174.9373411653146
0.0 6763.0 65.0 300.0 1228.5786039292161
0.0 643.0 3150.0 15234.0 62775.321705858565
0.0 3855.0 1566.0 7213.0 30483.975538104853
0.0 3615.0 1619.0 8144.0 32868.78692166724
0.0 3784.0 1565.0 7432.0 31134.56099927507
0.0 3698.0 1608.0 7692.0 32027.407926154683
0.0 3633.0 1621.0 7991.0 32761.678183170334
0.0 6748.0 73.0 325.0 1388.4104902215859
0.0 6740.0 75.0 340.0 1520.6060660403061
0.0 6755.0 74.0 293.0 1309.7925463670438
0.0 813.0 3086.0 14602.0 61022.2070183335
0.0 6771.0 69.0 224.0 1162.8562106760485
0.0 997.0 2965.0 14315.0 59204.57870216324
0.0 6753.0 74.0 305.0 1361.3365236853579
0.0 3515.0 1735.0 8146.0 33904.48757535658
0.0 6774.0 64.0 237.0 1141.5594509722637
0.0 3734.0 1615.0 7551.0 31789.516613956162
0.0 677.0 3150.0 15052.0 62400.158491879934
0.0 6753.0 74.0 307.0 1345.0745700643463
0.0 6757.0 74.0 272.0 1312.9455380897277
0.0 3637.0 1634.0 7908.0 32392.65757627328
0.0 3798.0 1572.0 7390.0 30950.7024961559
0.0 3579.0 1656.0 8057.0 33084.72066731316
0.0 3921.0 1554.0 6911.0 29840.054548952918
0.0 644.0 3161.0 15119.0 62702.20628250211
0.0 6761.0 67.0 258.0 1246.2055930466524
0.0 6765.0 64.0 280.0 1247.598417648163
0.0 687.0 3133.0 15054.0 62311.228207558765
0.0 3531.0 1717.0 8067.0 33490.99089255246
0.0 637.0 3160.0 15159.0 62800.62445949315
0.0 3628.0 1658.0 7941.0 32760.685727055763
0.0 631.0 3166.0 15140.0 62847.23289058116
0.0 3671.0 1628.0 7917.0 32263.686239699837
0.0 3554.0 1695.0 8135.0 33653.88259473669
0.0 3646.0 1652.0 7903.0 32559.95356905006
0.0 3780.0 1596.0 7386.0 31211.80234630279
0.0 641.0 3172.0 15106.0 62742.300052525
0.0 3812.0 1560.0 7467.0 30808.23807576037
0.0 673.0 3131.0 15115.0 62480.237146879
0.0 6760.0 71.0 268.0 1268.237351682552
0.0 1020.0 2974.0 14143.0 59026.35414943551
0.0 3762.0 1599.0 7515.0 31409.20678659458
0.0 6760.0 70.0 270.0 1276.9394737005289
0.0 652.0 3174.0 15016.0 62640.296991285344
0.0 6754.0 75.0 290.0 1348.9991546040296
0.0 659.0 3153.0 15080.0 62648.148272459366
0.0 1032.0 2974.0 14085.0 58789.86974281913
0.0 6773.0 61.0 259.0 1131.0005324117233
0.0 3502.0 1714.0 8105.0 34102.19910376903
0.0 6757.0 67.0 319.0 1298.929974883833
0.0 3968.0 1488.0 6995.0 29510.596097596568
0.0 682.0 3138.0 15047.0 62385.68118945843
0.0 675.0 3154.0 15040.0 62378.105267147694
0.0 3937.0 1503.0 7002.0 29615.82267363116
0.0 6766.0 65.0 264.0 1194.2471262686045
0.0 6756.0 74.0 271.0 1328.1274342269128
0.0 3581.0 1666.0 8034.0 33326.95977035851
0.0 687.0 3143.0 14975.0 62263.04098514287
0.0 786.0 3093.0 14778.0 61254.86423029813
0.0 687.0 3123.0 15133.0 62336.038177040806
0.0 6750.0 70.0 321.0 1381.6674232757114
0.0 900.0 3031.0 14505.0 60234.73620828319
0.0 640.0 3160.0 15142.0 62794.503853744194
0.0 6757.0 72.0 282.0 1306.201620049057
0.0 655.0 3149.0 15113.0 62594.49941255843
0.0 675.0 3139.0 15092.0 62482.13608409242
0.0 3836.0 1533.0 7594.0 30612.79506063775
0.0 668.0 3146.0 15049.0 62568.05205322528
0.0 638.0 3153.0 15208.0 62807.9311434066
0.0 3579.0 1699.0 7921.0 33451.729992743494
0.0 6769.0 67.0 233.0 1204.5368943883927
0.0 678.0 3144.0 15015.0 62384.63100207574
0.0 6772.0 63.0 262.0 1135.0770637301896
0.0 6757.0 70.0 297.0 1293.2453030001209
0.0 737.0 3117.0 14860.0 61816.56206076041
0.0 765.0 3095.0 14796.0 61509.8236384682
0.0 788.0 3089.0 14836.0 61275.5500382383
0.0 6757.0 70.0 287.0 1309.7048673145423
0.0 6771.0 60.0 259.0 1166.658078570423
0.0 1725.0 2662.0 12204.0 51894.64114403979
0.0 6775.0 62.0 249.0 1128.965449712451
0.0 651.0 3169.0 15028.0 62643.56054453272
0.0 4172.0 1409.0 6417.0 27369.23350962402
0.0 6765.0 67.0 286.0 1232.5731415125604
0.0 674.0 3149.0 15015.0 62445.55167720222
0.0 677.0 3141.0 15075.0 62416.39421847051
0.0 6762.0 69.0 268.0 1236.1207012769148
0.0 3421.0 1764.0 8409.0 34589.66541141511
0.0 630.0 3163.0 15210.0 62908.82325577192
0.0 3701.0 1619.0 7730.0 31937.007978644742
0.0 619.0 3163.0 15220.0 63004.286851475124
0.0 6737.0 82.0 335.0 1482.8722562455491
0.0 667.0 3156.0 15072.0 62463.712256758845
0.0 667.0 3142.0 15078.0 62554.31997783154
0.0 6756.0 69.0 282.0 1313.3065347508084
0.0 3781.0 1549.0 7589.0 31173.86779763514
0.0 1011.0 2970.0 14200.0 59044.75837160445
0.0 651.0 3154.0 15152.0 62715.50524354022
0.0 6751.0 72.0 317.0 1370.5247836006106
0.0 3793.0 1540.0 7581.0 31040.280626243355
0.0 642.0 3173.0 15084.0 62737.589913548756
0.0 3713.0 1596.0 7620.0 31918.830626439096
0.0 1054.0 2959.0 14045.0 58618.360879336935
0.0 3589.0 1683.0 7923.0 33065.14004495289
0.0 675.0 3141.0 15065.0 62433.14997690927
0.0 748.0 3110.0 14856.0 61679.96059197329
0.0 632.0 3158.0 15213.0 62910.55342383618
0.0 652.0 3150.0 15155.0 62593.912725538736
0.0 6763.0 63.0 296.0 1247.0313908242028
0.0 3718.0 1578.0 7743.0 31848.570663113525
0.0 649.0 3155.0 15119.0 62719.96036848898
0.0 3767.0 1563.0 7789.0 31346.345500343607
0.0 705.0 3124.0 15021.0 62145.08137038282
0.0 6763.0 63.0 301.0 1226.7771335992827
0.0 3928.0 1529.0 6947.0 29587.507087799666
0.0 726.0 3122.0 14887.0 61939.716994419614
0.0 3673.0 1679.0 7475.0 32303.04744163763
0.0 3633.0 1653.0 7973.0 32677.915582367954
0.0 726.0 3122.0 14889.0 61933.20258774725
0.0 3733.0 1594.0 7687.0 31679.432582650446
0.0 3636.0 1651.0 7749.0 32629.928317990267
0.0 647.0 3167.0 15086.0 62653.008651474534
0.0 6756.0 65.0 317.0 1314.1331894340256
0.0 738.0 3111.0 14905.0 61775.27813509036
0.0 4100.0 1430.0 6482.0 27794.26429471026
0.0 6760.0 67.0 290.0 1259.6155565381407
0.0 4417.0 1252.0 5974.0 24750.822612886946
0.0 6767.0 64.0 258.0 1180.4755325701371
0.0 3635.0 1670.0 7787.0 32568.767052986124
0.0 3657.0 1603.0 8027.0 32506.140025723686
0.0 6745.0 77.0 305.0 1466.8424426093284
0.0 3946.0 1502.0 7000.0 29608.785175181412
0.0 661.0 3140.0 15162.0 62656.35060485217
0.0 6740.0 80.0 295.0 1506.4738119983967
0.0 654.0 3155.0 15058.0 62633.86358590692
0.0 662.0 3146.0 15115.0 62628.45145505405
0.0 6760.0 66.0 285.0 1287.3676308118058
0.0 1331.0 2846.0 13280.0 55795.68873925747
0.0 3973.0 1471.0 6988.0 29261.989753621154
0.0 745.0 3103.0 14896.0 61758.0528212318
0.0 3654.0 1675.0 7681.0 32305.608582891822
0.0 3641.0 1657.0 7788.0 32612.451322615907
0.0 654.0 3166.0 15019.0 62586.52716924347
0.0 647.0 3166.0 15074.0 62655.568105430146
0.0 3814.0 1558.0 7258.0 30925.315300046033
0.0 3880.0 1520.0 7293.0 30078.898172988997
0.0 1318.0 2854.0 13287.0 55999.93043178097
0.0 3636.0 1682.0 7698.0 32674.434364974302
0.0 6771.0 67.0 243.0 1169.3552730700442
0.0 6748.0 73.0 299.0 1397.404473193579
0.0 3651.0 1652.0 7795.0 32501.02585774727
0.0 6758.0 66.0 314.0 1309.0158472936414
0.0 6764.0 71.0 256.0 1212.9432917116344
0.0 3602.0 1671.0 7817.0 32924.43911136403
0.0 691.0 3135.0 15066.0 62269.64361200732
0.0 3960.0 1491.0 6989.0 29578.469491451757
0.0 6765.0 66.0 260.0 1250.6170809976563
0.0 654.0 3157.0 15055.0 62631.327327509265
0.0 3623.0 1629.0 7949.0 32798.35478689436
0.0 726.0 3116.0 14956.0 61880.247804577964
0.0 3636.0 1643.0 7914.0 32669.483211335635
0.0 3566.0 1674.0 8084.0 33354.63437084221
0.0 3890.0 1532.0 7164.0 30024.25560778275
0.0 4396.0 1288.0 5869.0 24901.111785158373
0.0 6734.0 80.0 333.0 1573.1129221123647
0.0 743.0 3106.0 14942.0 61819.752305386944
0.0 661.0 3152.0 15063.0 62595.91527251557
0.0 6730.0 87.0 347.0 1594.9283128914124
0.0 665.0 3155.0 15053.0 62469.930722294266
0.0 640.0 3163.0 15061.0 62753.83513390843
0.0 6726.0 85.0 357.0 1619.333550102083
0.0 3459.0 1796.0 8004.0 34601.78852442886
0.0 3996.0 1480.0 7142.0 29088.36929186589
0.0 6746.0 76.0 305.0 1473.214203558947
0.0 6758.0 65.0 317.0 1272.1292296284678
0.0 6764.0 70.0 261.0 1236.1761804478624
0.0 6735.0 82.0 319.0 1575.7735041048077
0.0 635.0 3154.0 15227.0 62845.3004212146
0.0 780.0 3092.0 14792.0 61320.14383972429
0.0 648.0 3156.0 15122.0 62670.166752063546
0.0 3589.0 1654.0 8073.0 33060.44802920624
0.0 3451.0 1753.0 8139.0 34486.16120936801
0.0 3700.0 1617.0 7571.0 32194.365694077544
0.0 6761.0 62.0 301.0 1234.7934554359933
0.0 6769.0 58.0 281.0 1168.2352409227985
0.0 3867.0 1527.0 7175.0 30296.198081605744
0.0 3862.0 1543.0 7211.0 30379.038841531103
0.0 6767.0 62.0 268.0 1204.6435736415172
0.0 6696.0 101.0 406.0 1953.6528724790483
0.0 3567.0 1683.0 8010.0 33400.243904555246
0.0 6763.0 67.0 286.0 1238.2602682839959
0.0 628.0 3164.0 15207.0 62895.43422405472
0.0 3670.0 1676.0 7568.0 32178.086222114387
0.0 6764.0 68.0 262.0 1242.0167784393075
0.0 718.0 3121.0 14962.0 61930.542345822505
0.0 678.0 3143.0 15041.0 62437.67286313247
0.0 3821.0 1594.0 7221.0 30888.171580660575
0.0 1028.0 2974.0 14120.0 58860.63046224842
0.0 744.0 3106.0 14918.0 61740.07239146352
0.0 742.0 3113.0 14880.0 61697.55803456334
0.0 3529.0 1706.0 8325.0 33741.68859712154
0.0 6761.0 66.0 291.0 1253.3776355993618
0.0 6765.0 65.0 287.0 1231.4458815840492
0.0 1037.0 2962.0 14086.0 58882.68517422796
0.0 3668.0 1659.0 7589.0 32345.945976797062
0.0 3695.0 1622.0 7924.0 32132.449988801887
0.0 713.0 3127.0 14915.0 62023.047737102796
0.0 6763.0 67.0 267.0 1239.8886510230782
0.0 3570.0 1703.0 7942.0 33382.735050269745
0.0 728.0 3119.0 14906.0 61875.92266495319
0.0 645.0 3164.0 15113.0 62726.347858802066
0.0 3759.0 1608.0 7368.0 31317.362306885756
0.0 6769.0 63.0 251.0 1139.7914606644583
0.0 6772.0 60.0 260.0 1153.6202578545733
0.0 3651.0 1651.0 7763.0 32570.988043825248
0.0 3834.0 1560.0 7263.0 30561.48242464423
0.0 3712.0 1601.0 7785.0 31932.18762102113
0.0 663.0 3144.0 15089.0 62563.980372200465
0.0 650.0 3161.0 15090.0 62640.57604464725
0.0 3564.0 1719.0 8049.0 33274.94679732525
0.0 3747.0 1590.0 7539.0 31670.94882651079
0.0 3720.0 1602.0 7608.0 31809.58125287882
0.0 3812.0 1556.0 7551.0 30823.397491795306
0.0 4025.0 1460.0 6903.0 28649.411434643305
0.0 6773.0 66.0 244.0 1153.4759814079907
0.0 6770.0 61.0 262.0 1153.2252789933339
0.0 6759.0 65.0 312.0 1286.395447721613
0.0 6696.0 106.0 404.0 1953.0002904334208
