0.0 4091.0 1422.0 6776.0 27980.35301473703
0.0 3896.0 1545.0 7071.0 30006.34376229889
0.0 6738.0 73.0 372.0 1499.4163773935636
0.0 3754.0 1595.0 7472.0 31585.260743900322
0.0 1127.0 2920.0 13799.0 57812.42399918925
0.0 701.0 3137.0 14949.0 62103.82681830537
0.0 3812.0 1547.0 7551.0 31014.692220117282
0.0 667.0 3154.0 15027.0 62469.61888451745
0.0 3689.0 1647.0 7597.0 32089.639697716913
0.0 651.0 3159.0 15123.0 62682.456078181945
0.0 6759.0 72.0 283.0 1296.8037485769482
0.0 3920.0 1506.0 7212.0 29822.740577492114
0.0 3812.0 1576.0 7291.0 31070.7807270606
0.0 6774.0 59.0 260.0 1137.4568543021487
0.0 3554.0 1677.0 8095.0 33549.40127583675
0.0 6745.0 79.0 284.0 1462.8120694413315
0.0 6733.0 82.0 355.0 1558.9668728131428
0.0 641.0 3156.0 15160.0 62831.888330138514
0.0 6739.0 76.0 329.0 1518.9471167507165
0.0 637.0 3159.0 15186.0 62836.352024869506
0.0 650.0 3169.0 15032.0 62646.19710438542
0.0 6758.0 66.0 324.0 1279.6857083112645
0.0 6769.0 60.0 269.0 1167.1659890110952
0.0 3692.0 1633.0 7692.0 32172.184706168006
0.0 646.0 3159.0 15143.0 62688.67157409055
0.0 3833.0 1569.0 7262.0 30739.82817970129
0.0 631.0 3161.0 15202.0 62900.43764400251
0.0 3593.0 1645.0 8062.0 32809.253116915395
0.0 628.0 3171.0 15163.0 62868.30232363123
0.0 640.0 3162.0 15138.0 62752.372464714084
0.0 723.0 3122.0 14957.0 61919.84101050409
0.0 3673.0 1604.0 7812.0 32061.77530528485
0.0 6745.0 71.0 333.0 1471.6473651311812
0.0 637.0 3160.0 15157.0 62843.587844430396
0.0 3874.0 1510.0 7440.0 30195.501625365654
0.0 6770.0 62.0 270.0 1151.5479531125902
0.0 3842.0 1548.0 7308.0 30713.305619426428
0.0 771.0 3097.0 14828.0 61444.699000160006
0.0 3733.0 1619.0 7452.0 31560.10053390682
0.0 763.0 3099.0 14836.0 61580.30308253797
0.0 3851.0 1538.0 7260.0 30534.61647510026
0.0 664.0 3138.0 15157.0 62548.38796453359
0.0 6771.0 62.0 242.0 1149.5268264265944
0.0 624.0 3168.0 15190.0 62973.0002370394
0.0 673.0 3147.0 15020.0 62450.69505276525
0.0 630.0 3162.0 15182.0 62908.08674234653
0.0 761.0 3109.0 14845.0 61574.03040318827
0.0 670.0 3152.0 15023.0 62472.49506784282
0.0 3683.0 1630.0 7942.0 32059.37346742466
0.0 3676.0 1650.0 7712.0 32280.0189126246
0.0 3911.0 1534.0 7116.0 29785.345611532022
0.0 6737.0 79.0 339.0 1576.7470689568245
0.0 6768.0 66.0 256.0 1193.10194915197
0.0 706.0 3132.0 14985.0 62012.234717213185
0.0 6769.0 61.0 267.0 1193.7565930152894
0.0 3781.0 1563.0 7698.0 31068.42984533466
0.0 4137.0 1402.0 6683.0 27651.405398009938
0.0 1050.0 2960.0 14107.0 58727.15537374056
0.0 702.0 3131.0 15015.0 62130.59209810416
0.0 3741.0 1611.0 7570.0 31778.164404727668
0.0 807.0 3077.0 14716.0 61107.02851192923
0.0 3740.0 1593.0 7652.0 31635.231148783256
0.0 3641.0 1644.0 7849.0 32676.73535642007
0.0 650.0 3151.0 15131.0 62726.83069976888
0.0 6743.0 81.0 272.0 1486.7142537985214
0.0 3647.0 1611.0 8016.0 32643.91557377891
0.0 6758.0 69.0 291.0 1278.0972866387322
0.0 621.0 3169.0 15175.0 62950.80319651714
0.0 3600.0 1677.0 7796.0 32980.6826381304
0.0 3575.0 1681.0 8003.0 33209.10263187048
0.0 3566.0 1699.0 7878.0 33363.71849396106
0.0 3836.0 1539.0 7423.0 30661.44701912879
0.0 6740.0 79.0 294.0 1514.1821289399466
0.0 6760.0 72.0 239.0 1274.9472160577943
0.0 6771.0 61.0 260.0 1136.7432791051394
0.0 3866.0 1552.0 7213.0 30254.84612132486
0.0 6760.0 74.0 249.0 1271.908548685437
0.0 6730.0 82.0 356.0 1585.8285500448437
0.0 3691.0 1647.0 7557.0 31886.67084000168
0.0 6770.0 62.0 263.0 1164.6258464984712
0.0 6764.0 61.0 295.0 1229.8375787296106
0.0 730.0 3119.0 14961.0 61854.30933994058
0.0 677.0 3147.0 15047.0 62435.88437883833
0.0 6764.0 63.0 299.0 1220.7699656137615
0.0 6777.0 61.0 234.0 1117.8202995537476
0.0 653.0 3168.0 15039.0 62604.98920662963
0.0 3847.0 1521.0 7270.0 30607.439816013863
0.0 666.0 3155.0 15060.0 62558.33981683158
0.0 681.0 3140.0 15054.0 62375.64300784704
0.0 1344.0 2843.0 13192.0 55764.03616819736
0.0 918.0 3033.0 14416.0 60006.4578711593
0.0 3539.0 1699.0 7978.0 33780.577861886784
0.0 6763.0 69.0 260.0 1246.482781565018
0.0 3589.0 1677.0 8192.0 33222.118498369346
0.0 3602.0 1670.0 7934.0 33095.60783818826
0.0 3627.0 1631.0 7993.0 32716.650202213375
0.0 698.0 3131.0 14993.0 62206.82826789967
0.0 6765.0 67.0 261.0 1200.341444947123
0.0 3613.0 1679.0 7850.0 32811.124143612986
0.0 672.0 3132.0 15129.0 62547.49293497199
0.0 6772.0 61.0 269.0 1127.998626357703
0.0 991.0 2973.0 14327.0 59256.5724940379
0.0 3736.0 1598.0 7575.0 31504.44756218494
0.0 3536.0 1727.0 8035.0 33613.050009915234
0.0 6771.0 61.0 251.0 1156.099251166333
0.0 3757.0 1545.0 7696.0 31403.519151705095
0.0 6770.0 64.0 255.0 1160.8700011802036
0.0 6760.0 66.0 299.0 1282.0448346070991
0.0 3651.0 1652.0 7807.0 32336.819280009728
0.0 3558.0 1719.0 8004.0 33514.72980609006
0.0 4384.0 1254.0 6045.0 25126.479723433044
0.0 664.0 3145.0 15128.0 62549.55086189654
0.0 3635.0 1651.0 7787.0 32553.111722171278
0.0 3734.0 1577.0 7815.0 31729.13706324077
0.0 3555.0 1680.0 8178.0 33372.12526198496
0.0 6768.0 65.0 260.0 1194.5797578821068
0.0 992.0 2988.0 14205.0 59272.81442650251
0.0 6768.0 63.0 281.0 1182.153384291298
0.0 3565.0 1689.0 7886.0 33114.19825133146
0.0 6757.0 72.0 290.0 1313.0217377984566
0.0 658.0 3147.0 15113.0 62670.32759575941
0.0 6757.0 71.0 300.0 1287.479197069075
0.0 641.0 3155.0 15188.0 62850.46093626934
0.0 6756.0 68.0 321.0 1291.84933266719
0.0 6741.0 78.0 320.0 1466.2301112737548
0.0 3580.0 1707.0 7879.0 33243.04787303837
0.0 638.0 3157.0 15171.0 62805.21531964843
0.0 3620.0 1636.0 7990.0 32586.108575429025
0.0 6763.0 67.0 274.0 1221.9484218054704
0.0 681.0 3137.0 15143.0 62361.36069457432
0.0 1404.0 2811.0 13089.0 55092.89557584288
0.0 3501.0 1696.0 8302.0 34073.267422939534
0.0 6765.0 62.0 276.0 1204.616030219244
0.0 6765.0 65.0 273.0 1197.102432917434
0.0 6761.0 69.0 250.0 1251.4799658804216
0.0 6765.0 67.0 264.0 1195.1165201517638
0.0 796.0 3081.0 14791.0 61259.450385967255
0.0 3739.0 1610.0 7573.0 31484.47253833509
0.0 1048.0 2953.0 14173.0 58718.89007914717
0.0 6747.0 75.0 300.0 1436.383322315392
0.0 3802.0 1600.0 7316.0 30933.410995697457
0.0 3926.0 1499.0 7144.0 29631.729933993753
0.0 3703.0 1561.0 7969.0 32167.422224793547
0.0 666.0 3159.0 14995.0 62455.71551947157
0.0 3594.0 1678.0 7903.0 33144.701563571725
0.0 6749.0 71.0 333.0 1369.5750164707654
0.0 710.0 3136.0 14904.0 62098.69101158839
0.0 6764.0 64.0 282.0 1207.4494681222268
0.0 699.0 3132.0 14966.0 62142.064976146175
0.0 6758.0 65.0 313.0 1291.8105197789553
0.0 6773.0 60.0 259.0 1132.2729544887072
0.0 1043.0 2953.0 14175.0 58766.73559447727
0.0 6771.0 66.0 251.0 1147.161981050751
0.0 3695.0 1627.0 7749.0 32157.59261231216
0.0 3940.0 1478.0 7293.0 29534.368705501824
0.0 6767.0 62.0 266.0 1187.3459737775768
0.0 3811.0 1561.0 7362.0 30900.210573327815
0.0 6741.0 77.0 309.0 1467.4141514461114
0.0 3653.0 1627.0 8060.0 32415.786317329435
0.0 6751.0 71.0 308.0 1348.688865151658
0.0 6763.0 62.0 308.0 1240.4226393360686
0.0 3496.0 1693.0 8351.0 34195.96408701389
0.0 710.0 3131.0 14920.0 62104.48268851042
0.0 3696.0 1598.0 7743.0 32106.115783134966
0.0 3649.0 1652.0 7806.0 32351.17311144147
0.0 701.0 3138.0 14944.0 62129.55956893557
0.0 3755.0 1585.0 7591.0 31366.88893647294
0.0 664.0 3146.0 15109.0 62536.10311731984
0.0 749.0 3098.0 14916.0 61713.206696469715
0.0 997.0 2974.0 14279.0 59188.35169969045
0.0 750.0 3103.0 14865.0 61635.072165369136
0.0 6769.0 64.0 268.0 1180.7148191708582
0.0 3826.0 1571.0 7300.0 30703.05502303453
0.0 756.0 3116.0 14830.0 61589.09375646721
0.0 4833.0 1040.0 4866.0 20572.11826359143
0.0 642.0 3158.0 15159.0 62758.59920679324
0.0 688.0 3137.0 15038.0 62337.951894795006
0.0 6764.0 66.0 241.0 1214.3588917376865
0.0 3647.0 1624.0 7903.0 32592.455954986905
0.0 3661.0 1607.0 8022.0 32471.62998542427
0.0 3597.0 1680.0 7874.0 33035.30987041597
0.0 3719.0 1591.0 7692.0 31694.38080341822
0.0 651.0 3166.0 15041.0 62640.33691417989
0.0 3851.0 1535.0 7413.0 30497.074447192947
0.0 6760.0 69.0 266.0 1272.3787500641918
0.0 629.0 3173.0 15149.0 62853.43759952343
0.0 3541.0 1695.0 8010.0 33550.239545542856
0.0 708.0 3112.0 15029.0 62152.571937718996
0.0 3828.0 1579.0 7139.0 30689.002335324392
0.0 3529.0 1720.0 7953.0 33689.652251005886
0.0 3585.0 1639.0 8205.0 33141.17123197665
0.0 6752.0 74.0 283.0 1343.585965029323
0.0 6762.0 67.0 273.0 1222.8763054709993
0.0 6765.0 62.0 262.0 1225.1000647636367
0.0 714.0 3124.0 14962.0 62067.862445320075
0.0 3904.0 1508.0 7008.0 29906.763829320666
0.0 655.0 3157.0 15118.0 62665.5394177768
0.0 4023.0 1488.0 6741.0 28670.792927213453
0.0 662.0 3157.0 15038.0 62499.79347561899
0.0 3524.0 1683.0 8234.0 34059.36418896777
0.0 6745.0 75.0 330.0 1424.3592507781034
0.0 6762.0 69.0 248.0 1263.607973596311
0.0 646.0 3157.0 15171.0 62661.482529121036
0.0 3606.0 1636.0 8076.0 33139.91085003959
0.0 3646.0 1642.0 7847.0 32665.25367155374
0.0 6757.0 67.0 303.0 1309.5623038099761
0.0 3705.0 1616.0 7905.0 32060.29494462347
0.0 3623.0 1667.0 7741.0 32731.3417948766
0.0 6730.0 82.0 349.0 1630.5008274850227
0.0 968.0 3009.0 14265.0 59482.62423333221
0.0 3599.0 1684.0 7713.0 32888.51558795914
0.0 3760.0 1610.0 7338.0 31455.39903851274
0.0 6725.0 87.0 359.0 1648.0176898756329
0.0 3715.0 1567.0 7955.0 31933.750449096584
0.0 843.0 3072.0 14689.0 60735.612926110865
0.0 3615.0 1661.0 7898.0 32888.28212967083
0.0 3599.0 1673.0 7886.0 32943.76323055635
0.0 3557.0 1698.0 8104.0 33323.467474884485
0.0 6763.0 72.0 246.0 1242.1144964249386
0.0 672.0 3151.0 14990.0 62426.733268760814
0.0 650.0 3149.0 15155.0 62708.54177767693
0.0 3678.0 1624.0 7784.0 32195.25425221765
0.0 657.0 3159.0 15047.0 62634.94440247104
0.0 642.0 3158.0 15119.0 62765.904711928815
0.0 649.0 3165.0 15081.0 62733.94946320758
0.0 648.0 3162.0 15111.0 62734.09290022687
0.0 727.0 3123.0 14926.0 61882.76879922544
0.0 3625.0 1657.0 7812.0 32687.47362680763
0.0 3851.0 1536.0 7352.0 30467.045825390913
0.0 6773.0 63.0 248.0 1133.9022111392644
0.0 6757.0 73.0 261.0 1311.1074815304746
0.0 6767.0 63.0 287.0 1184.1679760397863
0.0 3611.0 1637.0 8031.0 33034.850029843896
0.0 3546.0 1676.0 8260.0 33482.99616084788
0.0 746.0 3104.0 14907.0 61705.06209162402
0.0 671.0 3144.0 15101.0 62485.46464315454
0.0 3603.0 1665.0 7915.0 32810.45720660921
0.0 3790.0 1591.0 7392.0 31028.381520119292
0.0 1057.0 2941.0 14125.0 58622.9425349196
0.0 3797.0 1564.0 7576.0 30937.666041646127
0.0 6767.0 61.0 287.0 1190.9803314635963
0.0 6763.0 70.0 257.0 1229.059278914278
0.0 3653.0 1631.0 7917.0 32508.642093315393
0.0 3727.0 1612.0 7498.0 31725.644927129204
0.0 649.0 3152.0 15138.0 62785.295907295476
0.0 678.0 3139.0 15022.0 62492.8096286917
0.0 707.0 3135.0 14910.0 62086.792674138684
0.0 6761.0 69.0 263.0 1228.1097063500522
0.0 3748.0 1572.0 7786.0 31334.555812717295
0.0 4082.0 1417.0 7024.0 28174.244244170353
0.0 3756.0 1625.0 7179.0 31538.84131042758
0.0 3869.0 1541.0 7247.0 30244.982000434182
0.0 6763.0 64.0 296.0 1224.4043153385242
0.0 3548.0 1693.0 8196.0 33541.579401119714
