0.0 1628.0 2667.0 12714.0 52724.1636045691
0.0 4242.0 1324.0 6455.0 26328.27160658145
0.0 951.0 2996.0 14515.0 59540.3086540144
0.0 768.0 3095.0 14874.0 61374.579754049344
0.0 1659.0 2678.0 12469.0 52549.933059413735
0.0 6768.0 63.0 270.0 1167.3958901799529
0.0 3617.0 1702.0 7589.0 32804.02746698924
0.0 650.0 3159.0 15084.0 62697.020720905624
0.0 649.0 3155.0 15119.0 62754.88368340228
0.0 6760.0 64.0 317.0 1240.3908259119248
0.0 6764.0 66.0 263.0 1223.3637562230429
0.0 663.0 3147.0 15116.0 62526.730267485575
0.0 649.0 3167.0 15042.0 62703.91872432069
0.0 6769.0 62.0 279.0 1181.3727255195968
0.0 6745.0 76.0 301.0 1468.6719050670138
0.0 3528.0 1717.0 7917.0 33809.60049581353
0.0 4034.0 1453.0 6906.0 28678.139814560833
0.0 6759.0 64.0 310.0 1283.7209095702183
0.0 6764.0 64.0 295.0 1226.7708154714553
0.0 6756.0 74.0 279.0 1316.0943400621256
0.0 1340.0 2843.0 13232.0 55785.577533376236
0.0 643.0 3162.0 15160.0 62745.37050440298
0.0 6741.0 80.0 310.0 1507.8498795313662
0.0 789.0 3096.0 14810.0 61261.8491008306
0.0 682.0 3143.0 15032.0 62403.37780240983
0.0 6766.0 62.0 291.0 1211.1262348831724
0.0 646.0 3151.0 15200.0 62771.73038331374
0.0 3999.0 1494.0 6847.0 28965.488204935235
0.0 3724.0 1600.0 7905.0 31734.54886276043
0.0 1002.0 2977.0 14223.0 59171.496860843574
0.0 999.0 2983.0 14204.0 59197.09814727306
0.0 703.0 3125.0 14996.0 62194.95448185201
0.0 6778.0 57.0 229.0 1079.3904699476466
0.0 6752.0 72.0 300.0 1370.9713614820218
0.0 6767.0 70.0 239.0 1222.8794334062727
0.0 3804.0 1550.0 7548.0 30990.49296716182
0.0 3598.0 1681.0 7846.0 32989.272389206075
0.0 786.0 3088.0 14782.0 61349.90771088887
0.0 665.0 3151.0 15045.0 62477.95827826682
0.0 723.0 3126.0 14920.0 61927.98219133099
0.0 6767.0 64.0 267.0 1200.4493500262058
0.0 695.0 3131.0 15042.0 62274.838474569304
0.0 660.0 3148.0 15137.0 62612.06366750689
0.0 6772.0 61.0 257.0 1125.31868357754
0.0 6753.0 69.0 322.0 1364.2744891174025
0.0 3999.0 1479.0 6916.0 28996.136062927504
0.0 3681.0 1598.0 7834.0 32286.985326467555
0.0 3567.0 1699.0 8039.0 33351.62928711205
0.0 664.0 3145.0 15062.0 62622.71207242044
0.0 6738.0 74.0 335.0 1530.389583539022
0.0 682.0 3149.0 14972.0 62339.928120575554
0.0 3534.0 1712.0 8076.0 33520.77365401069
0.0 6765.0 63.0 272.0 1205.346131700007
0.0 3699.0 1623.0 7592.0 32085.24757084991
0.0 3443.0 1720.0 8504.0 34583.95543757269
0.0 732.0 3109.0 14934.0 61830.06013465411
0.0 3612.0 1690.0 7745.0 32809.8263154499
0.0 652.0 3153.0 15101.0 62666.92283604939
0.0 6758.0 71.0 294.0 1293.0765270140128
0.0 6763.0 64.0 305.0 1246.1910173216602
0.0 3757.0 1601.0 7359.0 31467.60258172151
0.0 642.0 3162.0 15072.0 62791.94354927639
0.0 3877.0 1521.0 7290.0 30470.069666878284
0.0 6753.0 67.0 349.0 1386.0766874752624
0.0 6774.0 55.0 284.0 1126.1619046358494
0.0 1048.0 2954.0 14111.0 58677.710144168654
0.0 3819.0 1559.0 7334.0 30810.48950443562
0.0 3792.0 1598.0 7253.0 30953.883760356024
0.0 709.0 3120.0 14996.0 62099.60088999164
0.0 685.0 3144.0 15062.0 62249.14002781439
0.0 3899.0 1525.0 7115.0 30149.523649162522
0.0 641.0 3154.0 15178.0 62777.513819134445
0.0 6737.0 83.0 314.0 1520.42054605444
0.0 3759.0 1609.0 7346.0 31413.6516801448
0.0 3712.0 1600.0 7648.0 31922.786821578375
0.0 3640.0 1672.0 7668.0 32643.75492922842
0.0 1407.0 2809.0 13086.0 55148.74034385765
0.0 649.0 3161.0 15103.0 62700.58672021653
0.0 3694.0 1609.0 7776.0 32046.59134750055
0.0 648.0 3166.0 15074.0 62625.76188917194
0.0 6764.0 65.0 272.0 1225.1238820019796
0.0 3658.0 1639.0 7865.0 32480.05213681182
0.0 6743.0 75.0 317.0 1510.985483015901
0.0 3891.0 1493.0 7386.0 30095.388246680817
0.0 6766.0 65.0 264.0 1209.2646896168994
0.0 6767.0 68.0 245.0 1192.0176229621197
0.0 6747.0 76.0 290.0 1437.3881253619477
0.0 688.0 3145.0 15004.0 62278.2314748665
0.0 3537.0 1696.0 8293.0 33559.1866658395
0.0 3560.0 1687.0 8182.0 33408.00816005979
0.0 650.0 3156.0 15157.0 62679.17267223338
0.0 3670.0 1611.0 7794.0 32291.975579807888
0.0 710.0 3125.0 14984.0 62106.84409950737
0.0 6742.0 79.0 306.0 1478.4938477370783
0.0 639.0 3159.0 15166.0 62826.14082914047
0.0 692.0 3135.0 15023.0 62294.08774514994
0.0 3637.0 1676.0 7711.0 32619.98079910948
0.0 646.0 3161.0 15164.0 62682.50514550343
0.0 6762.0 68.0 277.0 1223.4254032404604
0.0 3716.0 1622.0 7633.0 31964.388576926194
0.0 629.0 3162.0 15205.0 62963.901385377256
0.0 4206.0 1391.0 6133.0 26864.696312458393
0.0 3551.0 1697.0 7949.0 33659.02680790418
0.0 3671.0 1634.0 7646.0 32234.768220287086
0.0 3686.0 1651.0 7555.0 32324.814875689775
0.0 6774.0 63.0 270.0 1117.2172056539082
0.0 3800.0 1588.0 7524.0 31129.06014322456
0.0 6765.0 66.0 253.0 1195.8360973029075
0.0 674.0 3138.0 15091.0 62474.00921745287
0.0 1235.0 2876.0 13587.0 56796.27476735501
0.0 6752.0 72.0 301.0 1345.400423974439
0.0 1015.0 2967.0 14208.0 58987.10287688421
0.0 3641.0 1662.0 7646.0 32536.3295440825
0.0 3911.0 1534.0 7185.0 29976.279584658158
0.0 6761.0 66.0 270.0 1236.5526844899096
0.0 671.0 3148.0 15031.0 62516.17677144145
0.0 675.0 3141.0 15040.0 62516.002113793445
0.0 646.0 3160.0 15114.0 62690.84036923671
0.0 3623.0 1677.0 7802.0 32689.781869349954
0.0 3996.0 1490.0 6909.0 29025.019515050568
0.0 3618.0 1682.0 7835.0 33044.04215976946
0.0 6741.0 76.0 328.0 1520.8928020321619
0.0 3625.0 1651.0 7969.0 32751.15044840353
0.0 1006.0 2977.0 14188.0 59133.55722251663
0.0 6741.0 77.0 324.0 1490.5588978082462
0.0 6760.0 71.0 273.0 1256.4510250745432
0.0 879.0 3050.0 14539.0 60332.6288507311
0.0 619.0 3172.0 15233.0 62998.14628461992
0.0 6742.0 76.0 305.0 1512.7492944082892
0.0 1034.0 2957.0 14174.0 58834.60556731507
0.0 3715.0 1619.0 7635.0 31680.58582710161
0.0 3699.0 1624.0 7688.0 31971.802793134204
0.0 3571.0 1687.0 7954.0 33199.23353460034
0.0 3705.0 1601.0 7702.0 31972.286001968037
0.0 3728.0 1601.0 7748.0 31879.36024771856
0.0 6770.0 61.0 258.0 1168.048028916931
0.0 683.0 3124.0 15157.0 62347.457011813196
0.0 648.0 3160.0 15092.0 62754.05056825396
0.0 6758.0 73.0 248.0 1283.497966665665
0.0 4012.0 1513.0 6663.0 28808.03986096189
0.0 6749.0 76.0 260.0 1417.125214642337
0.0 6699.0 99.0 424.0 1957.8383431266382
0.0 685.0 3129.0 15000.0 62364.137795913986
0.0 3705.0 1579.0 7738.0 32044.156436142686
0.0 629.0 3164.0 15133.0 62873.918333732414
0.0 1415.0 2796.0 13025.0 54947.29522232231
0.0 994.0 2974.0 14260.0 59224.919880689326
0.0 671.0 3156.0 15012.0 62423.6864055455
0.0 3680.0 1626.0 7786.0 32165.260328117645
0.0 3610.0 1665.0 7951.0 32690.68101468901
0.0 3596.0 1663.0 8030.0 33198.826617746556
0.0 6753.0 71.0 314.0 1344.8811581807195
0.0 3768.0 1575.0 7635.0 31149.379339350166
0.0 666.0 3146.0 15104.0 62460.40367929249
0.0 6769.0 62.0 272.0 1190.1516196603282
0.0 6768.0 62.0 281.0 1203.55364441927
0.0 6744.0 73.0 296.0 1494.0287036494271
0.0 792.0 3093.0 14733.0 61230.159661843034
0.0 6757.0 64.0 302.0 1330.5433868973773
0.0 3804.0 1574.0 7311.0 30937.23960479537
0.0 6749.0 73.0 301.0 1453.252355453431
0.0 646.0 3169.0 15076.0 62706.14475507141
0.0 3646.0 1624.0 7904.0 32564.217453966612
0.0 3935.0 1482.0 7224.0 29565.5865412984
0.0 6770.0 60.0 272.0 1164.1903567921142
0.0 6733.0 78.0 360.0 1606.3069868038021
0.0 3916.0 1508.0 7190.0 29761.5764257489
0.0 3921.0 1520.0 6977.0 29744.46497743205
0.0 656.0 3155.0 15120.0 62570.81284039054
0.0 700.0 3140.0 14965.0 62228.478249593914
0.0 679.0 3147.0 15019.0 62412.63633456498
0.0 3972.0 1472.0 7094.0 29205.59484848363
0.0 6699.0 107.0 403.0 1898.8713553404639
0.0 3706.0 1629.0 7763.0 31873.82226085345
0.0 811.0 3062.0 14749.0 61078.11831027355
0.0 6754.0 66.0 309.0 1321.7733291902866
0.0 3665.0 1622.0 7879.0 32399.435199211573
0.0 654.0 3152.0 15138.0 62633.766313694556
0.0 3572.0 1675.0 8011.0 33345.976499426775
0.0 669.0 3155.0 15036.0 62471.86743597218
0.0 655.0 3147.0 15155.0 62694.93737355734
0.0 6756.0 72.0 289.0 1326.6591775487263
0.0 1007.0 2971.0 14202.0 59073.22830876396
0.0 6734.0 82.0 327.0 1575.0491267190837
0.0 6761.0 73.0 251.0 1258.2049744572103
0.0 3535.0 1692.0 8034.0 33807.6881539387
0.0 3702.0 1617.0 7624.0 32160.24586690968
0.0 689.0 3133.0 15064.0 62293.656939930894
0.0 691.0 3129.0 15073.0 62309.74823930082
0.0 3673.0 1609.0 7730.0 32462.0331718029
0.0 6741.0 78.0 319.0 1518.8294684548894
0.0 6758.0 66.0 311.0 1317.2034791446933
0.0 3383.0 1771.0 8483.0 35312.92904226131
0.0 6755.0 71.0 290.0 1332.3610255339656
0.0 3751.0 1616.0 7355.0 31382.86896519916
0.0 3599.0 1657.0 7935.0 33060.87118769767
0.0 3611.0 1674.0 7920.0 32770.94657755472
0.0 3637.0 1668.0 7733.0 32725.034591203075
0.0 703.0 3120.0 15104.0 62178.65417575041
0.0 3554.0 1712.0 7793.0 33474.852667284635
0.0 674.0 3140.0 15066.0 62421.121416430615
0.0 3729.0 1577.0 7937.0 31734.023932857504
0.0 6742.0 78.0 334.0 1452.832493346731
0.0 6738.0 78.0 329.0 1537.0141580875024
0.0 4476.0 1242.0 5728.0 24204.805972448557
0.0 6764.0 64.0 290.0 1238.4848153464325
0.0 3709.0 1598.0 7861.0 32024.580720416245
0.0 702.0 3138.0 14951.0 62142.477501184454
0.0 672.0 3152.0 15009.0 62409.81944055094
0.0 647.0 3158.0 15107.0 62687.69711816635
0.0 3536.0 1711.0 7987.0 33565.679960523266
0.0 3902.0 1501.0 7275.0 30248.628298034528
0.0 6759.0 66.0 312.0 1273.493613533226
0.0 4014.0 1486.0 6961.0 28804.747855224683
0.0 996.0 2979.0 14250.0 59200.283762576124
0.0 3708.0 1613.0 7664.0 31983.71803896818
0.0 680.0 3139.0 15038.0 62385.1334030979
0.0 1336.0 2840.0 13309.0 55795.36623422514
0.0 6760.0 66.0 283.0 1251.269337074687
0.0 3570.0 1684.0 8009.0 33238.39924506221
0.0 6769.0 60.0 288.0 1154.6438978585786
0.0 666.0 3154.0 15016.0 62566.495089353346
0.0 638.0 3163.0 15156.0 62807.197404194696
0.0 4009.0 1457.0 7030.0 28817.58347755245
0.0 621.0 3166.0 15167.0 62922.7401617141
0.0 6773.0 59.0 252.0 1126.420548424951
0.0 1554.0 2733.0 12723.0 53591.421736740434
0.0 3745.0 1597.0 7594.0 31578.484353238764
0.0 4035.0 1483.0 6663.0 28580.423966107635
0.0 3775.0 1615.0 7395.0 31296.875047642938
0.0 666.0 3166.0 14981.0 62498.49902136078
0.0 651.0 3158.0 15084.0 62745.95798487992
0.0 804.0 3081.0 14768.0 61175.002351319294
0.0 6748.0 68.0 342.0 1413.0858036491184
0.0 663.0 3142.0 15134.0 62576.78689479416
0.0 662.0 3153.0 15041.0 62584.25767298337
0.0 3923.0 1486.0 7199.0 29813.17536220918
0.0 3704.0 1633.0 7826.0 31933.41795738567
0.0 617.0 3172.0 15262.0 63010.93676128736
0.0 651.0 3154.0 15098.0 62690.00483685763
0.0 6767.0 66.0 252.0 1186.5358805633068
0.0 3537.0 1670.0 8209.0 33716.16557910945
0.0 6737.0 81.0 313.0 1540.7352272147104
0.0 679.0 3143.0 14997.0 62419.15362747565
0.0 667.0 3160.0 15002.0 62425.81455430462
0.0 3761.0 1599.0 7439.0 31496.30685503972
0.0 3464.0 1750.0 8192.0 34374.83449084468
0.0 3558.0 1696.0 7959.0 33406.98209710489
0.0 1026.0 2968.0 14176.0 58965.44755065362
0.0 3580.0 1703.0 7816.0 33224.96763999119
0.0 6740.0 78.0 320.0 1515.3246840016322
0.0 1059.0 2943.0 14066.0 58627.76178274378
0.0 6759.0 69.0 282.0 1275.8562549048177
0.0 3791.0 1593.0 7330.0 31137.639299825187
0.0 652.0 3172.0 14995.0 62645.47990949664
0.0 3518.0 1722.0 8033.0 33680.06021190914
0.0 657.0 3162.0 15025.0 62540.73571060989
0.0 625.0 3164.0 15184.0 62879.51817930132
0.0 1020.0 2973.0 14119.0 58903.90173633567
