0.0 1609.0 2668.0 12912.0 53078.47083224034
0.0 1831.0 2584.0 12170.0 50817.52884601745
0.0 6741.0 81.0 309.0 1458.5063846295986
0.0 1177.0 2882.0 13851.0 57379.15054610435
0.0 6736.0 80.0 328.0 1564.6302990178144
0.0 6768.0 74.0 235.0 1193.1947635503252
0.0 3627.0 1670.0 7708.0 32748.957513213114
0.0 3710.0 1603.0 7843.0 31775.859999083932
0.0 3793.0 1575.0 7330.0 31030.74961788679
0.0 637.0 3175.0 15067.0 62759.13969301633
0.0 649.0 3157.0 15125.0 62696.78140361411
0.0 3848.0 1563.0 7249.0 30602.079383653712
0.0 6740.0 78.0 305.0 1514.3283592200921
0.0 6758.0 73.0 248.0 1303.0025443056961
0.0 6773.0 57.0 264.0 1139.3227888752238
0.0 6755.0 70.0 292.0 1345.261771801053
0.0 3657.0 1657.0 7639.0 32457.12867262048
0.0 709.0 3120.0 15016.0 62091.00034902333
0.0 3571.0 1635.0 8301.0 33259.890691461136
0.0 3580.0 1693.0 7882.0 33080.97549984232
0.0 651.0 3158.0 15050.0 62648.94145083532
0.0 649.0 3165.0 15075.0 62651.77385330993
0.0 701.0 3131.0 14992.0 62241.1404098283
0.0 6733.0 84.0 334.0 1576.4960330756035
0.0 1399.0 2828.0 13010.0 55182.98678032712
0.0 6750.0 77.0 274.0 1416.906213605605
0.0 3903.0 1540.0 7130.0 29998.8659770234
0.0 6737.0 82.0 319.0 1563.8462664105282
0.0 661.0 3152.0 15093.0 62518.7104817085
0.0 3520.0 1734.0 7910.0 33758.8476748073
0.0 653.0 3155.0 15067.0 62741.28799170443
0.0 6743.0 68.0 365.0 1439.2459748594056
0.0 6765.0 66.0 264.0 1220.5234974871996
0.0 6728.0 86.0 348.0 1597.5350983311516
0.0 6764.0 67.0 264.0 1218.8508735487499
0.0 6767.0 65.0 262.0 1205.728115107352
0.0 6762.0 69.0 243.0 1259.3261131450774
0.0 663.0 3146.0 15066.0 62652.553043757085
0.0 645.0 3160.0 15128.0 62714.77853366194
0.0 620.0 3166.0 15208.0 63004.26758997716
0.0 3597.0 1668.0 7844.0 33069.96883401311
0.0 786.0 3088.0 14811.0 61260.13881737998
0.0 1078.0 2939.0 14051.0 58406.93620863916
0.0 3669.0 1637.0 7681.0 32486.307527590754
0.0 3799.0 1595.0 7274.0 31011.971252192317
0.0 694.0 3142.0 14998.0 62314.58822480918
0.0 725.0 3127.0 14886.0 61801.09914781281
0.0 694.0 3132.0 15021.0 62217.7121418415
0.0 675.0 3148.0 15043.0 62431.91719749389
0.0 6753.0 75.0 282.0 1418.9279380532064
0.0 1077.0 2943.0 14019.0 58421.775613166785
0.0 708.0 3127.0 14892.0 62137.44768316245
0.0 6748.0 75.0 294.0 1410.1430932816875
0.0 645.0 3170.0 15060.0 62682.178093025555
0.0 3643.0 1670.0 7690.0 32634.92820308918
0.0 3777.0 1577.0 7485.0 31200.03559576116
0.0 3572.0 1687.0 7962.0 33334.4454631216
0.0 6758.0 69.0 294.0 1286.6548108346017
0.0 3652.0 1616.0 8011.0 32455.63003211229
0.0 639.0 3160.0 15152.0 62768.93500823361
0.0 6743.0 77.0 326.0 1497.0361557533454
0.0 660.0 3142.0 15167.0 62553.87398732689
0.0 6763.0 65.0 272.0 1232.8225925540742
0.0 6779.0 56.0 245.0 1080.006762814605
0.0 677.0 3147.0 15031.0 62408.21267058201
0.0 754.0 3104.0 14878.0 61591.14496140003
0.0 658.0 3156.0 15091.0 62565.32672932261
0.0 6753.0 67.0 322.0 1349.2249397871337
0.0 6766.0 68.0 257.0 1204.1137035816173
0.0 6745.0 78.0 296.0 1470.4615814272142
0.0 3611.0 1650.0 7862.0 32818.54886406901
0.0 6752.0 76.0 288.0 1360.3173984377345
0.0 4136.0 1434.0 6567.0 27700.108272114194
0.0 666.0 3143.0 15115.0 62609.02394245801
0.0 688.0 3146.0 14950.0 62231.71616447203
0.0 3950.0 1523.0 6786.0 29440.661220842296
0.0 3897.0 1544.0 7158.0 29818.93746416095
0.0 6767.0 66.0 259.0 1182.6697490097374
0.0 6768.0 63.0 261.0 1201.4291912456513
0.0 6735.0 82.0 320.0 1549.5414080357332
0.0 3565.0 1726.0 7846.0 33273.779370538134
0.0 6774.0 54.0 308.0 1139.0812896188686
0.0 3736.0 1607.0 7494.0 31444.190515537666
0.0 6769.0 66.0 236.0 1160.727265098524
0.0 643.0 3160.0 15112.0 62731.716492484855
0.0 6776.0 57.0 258.0 1096.4663061576316
0.0 1067.0 2944.0 14035.0 58491.69998354067
0.0 3658.0 1640.0 7792.0 32507.827581870424
0.0 1049.0 2952.0 14118.0 58719.57607910263
0.0 3742.0 1600.0 7419.0 31574.33543019485
0.0 1307.0 2863.0 13305.0 56057.73996471443
0.0 811.0 3085.0 14747.0 61125.93992891765
0.0 3750.0 1579.0 7533.0 31329.1774577181
0.0 640.0 3164.0 15116.0 62728.49777575721
0.0 712.0 3119.0 15030.0 62066.41934919244
0.0 6760.0 68.0 289.0 1291.7066710375454
0.0 3652.0 1640.0 7653.0 32515.314405169822
0.0 6767.0 64.0 272.0 1192.2986010584675
0.0 3551.0 1678.0 8220.0 33547.207633693535
0.0 6747.0 71.0 321.0 1448.2553081038247
0.0 3624.0 1676.0 7741.0 32734.1619302465
0.0 897.0 3046.0 14441.0 60250.00372299127
0.0 6759.0 69.0 282.0 1286.8632013435215
0.0 6758.0 70.0 272.0 1279.5765049001348
0.0 640.0 3154.0 15192.0 62838.58419493379
0.0 6770.0 63.0 266.0 1152.8344848660888
0.0 6749.0 76.0 275.0 1445.1945953431646
0.0 6744.0 75.0 301.0 1488.0620834662834
0.0 3729.0 1586.0 7813.0 31675.384845068893
0.0 6756.0 68.0 306.0 1281.9591951445464
0.0 670.0 3139.0 15123.0 62531.525329745076
0.0 3820.0 1567.0 7423.0 30871.934312990797
0.0 6761.0 68.0 259.0 1240.953057277978
0.0 710.0 3124.0 14972.0 62097.200730094264
0.0 6772.0 66.0 238.0 1152.2945894725624
0.0 3694.0 1634.0 7470.0 32061.49818825731
0.0 6731.0 84.0 334.0 1614.594516613723
0.0 3685.0 1597.0 7927.0 32069.966945484204
0.0 3616.0 1638.0 7863.0 32655.973400389063
0.0 658.0 3151.0 15048.0 62587.68766397068
0.0 3555.0 1710.0 7942.0 33280.65316149373
0.0 6748.0 72.0 346.0 1408.5503647205778
0.0 3680.0 1598.0 7861.0 32220.861106682383
0.0 3743.0 1596.0 7670.0 31647.29908511604
0.0 6765.0 65.0 303.0 1219.4220746525673
0.0 1720.0 2654.0 12290.0 51975.3929182901
0.0 3721.0 1617.0 7566.0 31772.808422125763
0.0 6753.0 76.0 291.0 1329.5350317063635
0.0 643.0 3159.0 15112.0 62830.09516487372
0.0 6753.0 73.0 283.0 1344.8377757598598
0.0 3657.0 1631.0 7849.0 32527.522293475435
0.0 679.0 3156.0 14982.0 62339.46371769265
0.0 3786.0 1588.0 7469.0 31231.07087509614
0.0 3594.0 1667.0 8029.0 33075.711260881835
0.0 714.0 3133.0 14893.0 62098.09829450738
0.0 3649.0 1631.0 7851.0 32557.731462155985
0.0 6756.0 72.0 293.0 1310.7631344175988
0.0 659.0 3142.0 15174.0 62616.92311306888
0.0 3571.0 1677.0 8057.0 33386.69365104776
0.0 6770.0 58.0 277.0 1168.6180075570735
0.0 3792.0 1555.0 7534.0 31131.35736864647
0.0 731.0 3111.0 14942.0 61803.544118542566
0.0 663.0 3145.0 15132.0 62580.923821447854
0.0 645.0 3164.0 15102.0 62712.638637429445
0.0 668.0 3144.0 15169.0 62519.20107244696
0.0 6771.0 61.0 260.0 1140.2300471471856
0.0 666.0 3161.0 15000.0 62477.36559434397
0.0 1131.0 2914.0 13968.0 57899.28734252251
0.0 3679.0 1652.0 7617.0 32279.72300131857
0.0 3683.0 1632.0 7765.0 31995.03889482901
0.0 6771.0 62.0 266.0 1136.9251602985048
0.0 6745.0 74.0 329.0 1431.6296578743859
0.0 6769.0 65.0 243.0 1179.2420994924253
0.0 6750.0 74.0 293.0 1367.4310030983233
0.0 3627.0 1625.0 8047.0 32726.82829803086
0.0 6763.0 66.0 265.0 1250.7416409488433
0.0 3708.0 1644.0 7575.0 31755.945971146306
0.0 6763.0 71.0 249.0 1213.373844589051
0.0 1013.0 2975.0 14289.0 59063.18546922007
0.0 3642.0 1661.0 7848.0 32435.83761609914
0.0 3732.0 1584.0 7704.0 31642.678464379704
0.0 3706.0 1626.0 7570.0 31988.40990568668
0.0 6763.0 74.0 239.0 1247.1886481198378
0.0 1065.0 2947.0 14059.0 58521.10092327912
0.0 665.0 3149.0 15104.0 62470.40570715727
0.0 638.0 3151.0 15182.0 62870.877334164026
0.0 806.0 3083.0 14762.0 61118.75863492025
0.0 839.0 3054.0 14662.0 60772.802557711286
0.0 6766.0 60.0 288.0 1204.7572000280918
0.0 6776.0 60.0 255.0 1132.3555289441442
0.0 636.0 3162.0 15163.0 62868.718034342164
0.0 3725.0 1644.0 7408.0 31855.76557415824
0.0 3840.0 1547.0 7458.0 30509.179913802687
0.0 722.0 3130.0 14883.0 61892.57416376196
0.0 670.0 3147.0 15067.0 62552.672750020356
0.0 833.0 3085.0 14615.0 60807.19956288804
0.0 675.0 3137.0 15107.0 62432.853447679445
0.0 852.0 3061.0 14599.0 60640.73858731352
0.0 6742.0 75.0 340.0 1515.7134279664617
0.0 3878.0 1544.0 7216.0 30177.91980601148
0.0 6768.0 68.0 256.0 1191.089361717038
0.0 3642.0 1645.0 7873.0 32651.658234387956
0.0 6742.0 81.0 275.0 1489.836631889127
0.0 4001.0 1486.0 6745.0 29048.82193874135
0.0 6770.0 61.0 250.0 1154.2882149477211
0.0 3772.0 1647.0 7384.0 31345.154702870488
0.0 6745.0 74.0 312.0 1471.5367972703853
0.0 3720.0 1617.0 7515.0 31798.091339610553
0.0 6773.0 63.0 249.0 1123.8371430890957
0.0 6751.0 72.0 311.0 1376.190834468773
0.0 6761.0 73.0 257.0 1279.059369275907
0.0 679.0 3152.0 15017.0 62398.83793668103
0.0 6763.0 63.0 307.0 1239.2900416468372
0.0 661.0 3147.0 15077.0 62604.50426501979
0.0 679.0 3134.0 15113.0 62446.919072699005
0.0 733.0 3120.0 14924.0 61852.36840781313
0.0 6769.0 61.0 269.0 1162.5558050440484
0.0 631.0 3166.0 15125.0 62863.73159172115
0.0 743.0 3117.0 14867.0 61729.71943065645
0.0 3642.0 1625.0 7914.0 32485.723894611485
0.0 6766.0 64.0 279.0 1206.280595483921
0.0 6771.0 63.0 255.0 1151.6718391451725
0.0 3643.0 1659.0 7875.0 32585.678043299686
0.0 644.0 3158.0 15142.0 62783.25705038743
0.0 3525.0 1679.0 8335.0 33773.49121611022
0.0 6758.0 69.0 298.0 1268.3146860806507
0.0 647.0 3163.0 15111.0 62720.6672014121
0.0 3569.0 1684.0 8122.0 33298.072878008716
0.0 3514.0 1724.0 7986.0 33905.39697671571
0.0 6744.0 72.0 320.0 1489.8367486217078
0.0 674.0 3154.0 15055.0 62452.84860352244
0.0 3916.0 1546.0 7047.0 29840.639628549154
0.0 639.0 3166.0 15100.0 62787.85528527178
0.0 3659.0 1672.0 7593.0 32496.41847355973
0.0 3708.0 1596.0 7594.0 31983.161840516816
0.0 713.0 3134.0 14902.0 62012.95100326295
0.0 6748.0 77.0 271.0 1425.6004592083345
0.0 6771.0 56.0 290.0 1161.2066680906064
0.0 6763.0 70.0 265.0 1240.1687381779498
0.0 640.0 3154.0 15203.0 62825.14183226421
0.0 736.0 3115.0 14906.0 61779.56138201336
0.0 3610.0 1667.0 7932.0 32901.04242754162
0.0 3717.0 1593.0 7722.0 31632.70980091559
0.0 3686.0 1598.0 7909.0 31971.34215658257
0.0 3703.0 1617.0 7734.0 31911.29635848297
0.0 3578.0 1685.0 7889.0 33205.8357452729
0.0 6729.0 84.0 340.0 1607.9018718228015
0.0 681.0 3150.0 14994.0 62351.025512504995
0.0 3648.0 1652.0 7596.0 32505.668531092364
0.0 6702.0 102.0 400.0 1909.6093852992185
0.0 6719.0 94.0 385.0 1714.1340103722566
0.0 6747.0 67.0 361.0 1421.889726935499
0.0 642.0 3159.0 15127.0 62821.46894993366
0.0 3916.0 1543.0 7051.0 29741.4534475083
0.0 3480.0 1704.0 8453.0 34209.99290216678
0.0 656.0 3153.0 15064.0 62656.37667449607
0.0 6757.0 71.0 277.0 1290.6762372332853
0.0 6755.0 74.0 289.0 1338.3085517395084
0.0 6771.0 60.0 283.0 1156.7490346934724
0.0 6737.0 83.0 290.0 1579.0185176034317
0.0 3605.0 1687.0 7809.0 32975.75922403741
0.0 6773.0 60.0 258.0 1118.6919868997345
0.0 3687.0 1637.0 7644.0 32261.712179051192
0.0 6712.0 94.0 409.0 1769.124679545266
0.0 3673.0 1622.0 7818.0 32221.435577016946
0.0 699.0 3143.0 14952.0 62171.577303294885
0.0 637.0 3166.0 15096.0 62838.75852144541
0.0 6764.0 66.0 276.0 1217.8181395865518
0.0 689.0 3119.0 15117.0 62320.045754755774
0.0 6771.0 62.0 257.0 1148.164211661312
0.0 3726.0 1600.0 7649.0 31711.043633776044
0.0 1053.0 2962.0 14003.0 58596.62150062648
0.0 6762.0 67.0 285.0 1262.3085080973553
0.0 6764.0 69.0 258.0 1237.2430968045312
0.0 720.0 3124.0 14944.0 61945.51033956613
0.0 3677.0 1631.0 7695.0 32290.99619241355
0.0 3536.0 1675.0 8191.0 33647.29850365773
0.0 3572.0 1719.0 7817.0 33108.325682356786
0.0 1068.0 2950.0 14036.0 58434.35047587024
0.0 1357.0 2833.0 13183.0 55628.95795009016
0.0 648.0 3159.0 15091.0 62717.22786118403
0.0 3487.0 1751.0 8050.0 34065.259232893965
0.0 686.0 3142.0 15011.0 62265.88216433311
0.0 642.0 3161.0 15103.0 62761.144507927325
0.0 636.0 3163.0 15186.0 62802.23473197746
0.0 693.0 3139.0 15032.0 62237.96034091982
0.0 3919.0 1521.0 7190.0 29728.667465231665
0.0 684.0 3140.0 15032.0 62390.7085058921
0.0 6757.0 69.0 298.0 1307.5940392352145
0.0 636.0 3157.0 15217.0 62851.973291984024
0.0 632.0 3161.0 15195.0 62868.554273786875
