0.0 1925.0 2499.0 12151.0 49982.61194571886
0.0 3887.0 1540.0 7238.0 29839.911327685393
0.0 6760.0 66.0 290.0 1281.4474891757868
0.0 6730.0 82.0 361.0 1558.2542293694703
0.0 810.0 3082.0 14772.0 61050.10067812629
0.0 657.0 3148.0 15170.0 62605.259729080826
0.0 3700.0 1619.0 7807.0 31972.67317185502
0.0 4168.0 1382.0 6429.0 27303.035993400117
0.0 666.0 3153.0 15041.0 62474.578104374305
0.0 1036.0 2973.0 14111.0 58793.072817866676
0.0 705.0 3137.0 14912.0 62131.80158558406
0.0 6771.0 59.0 294.0 1179.3339735269856
0.0 4450.0 1222.0 6063.0 24373.8109692168
0.0 700.0 3130.0 14980.0 62212.50913430949
0.0 3470.0 1746.0 8222.0 34342.002205987694
0.0 665.0 3145.0 15076.0 62580.36826188685
0.0 637.0 3158.0 15125.0 62846.60290709685
0.0 998.0 2975.0 14242.0 59193.43566098283
0.0 651.0 3153.0 15081.0 62733.12135420401
0.0 663.0 3144.0 15086.0 62542.48400735358
0.0 6771.0 61.0 272.0 1143.0858837850876
0.0 3546.0 1707.0 7924.0 33766.35467749371
0.0 6731.0 78.0 373.0 1626.2139882324232
0.0 665.0 3153.0 15009.0 62599.76561427701
0.0 634.0 3163.0 15138.0 62833.89613777597
0.0 1169.0 2903.0 13822.0 57398.10754618718
0.0 6763.0 66.0 269.0 1241.2602482297996
0.0 3948.0 1497.0 7040.0 29548.807102238512
0.0 6768.0 63.0 289.0 1185.5863927561807
0.0 1154.0 2900.0 13867.0 57626.590347077
0.0 6725.0 89.0 350.0 1619.4706912989857
0.0 682.0 3124.0 15112.0 62376.140558692736
0.0 721.0 3110.0 14993.0 62030.89659992247
0.0 1017.0 2985.0 14112.0 58954.93218231109
0.0 3706.0 1633.0 7532.0 31990.87757767076
0.0 1335.0 2812.0 13392.0 55751.48847792619
0.0 3490.0 1713.0 8052.0 34081.27590675561
0.0 4414.0 1287.0 5737.0 24818.02405726508
0.0 3794.0 1554.0 7602.0 31047.77891022684
0.0 6762.0 64.0 310.0 1258.440483810144
0.0 751.0 3118.0 14812.0 61626.213093252816
0.0 650.0 3157.0 15103.0 62664.82955950656
0.0 3725.0 1629.0 7404.0 31579.977850790077
0.0 6758.0 74.0 270.0 1302.6217004468756
0.0 3596.0 1690.0 7720.0 32950.43103025865
0.0 6731.0 84.0 320.0 1620.270172435009
0.0 3564.0 1673.0 8119.0 33586.64889943582
0.0 3674.0 1617.0 8026.0 32276.344239821046
0.0 702.0 3134.0 14929.0 62221.09334428574
0.0 6766.0 65.0 262.0 1166.736023195899
0.0 6763.0 65.0 278.0 1219.4496035490179
0.0 642.0 3153.0 15113.0 62810.4448351122
0.0 6773.0 65.0 233.0 1151.1285879913885
0.0 658.0 3153.0 15109.0 62604.76141442677
0.0 3539.0 1694.0 8160.0 33653.487604811235
0.0 3617.0 1653.0 8112.0 32742.872989748284
0.0 3686.0 1618.0 7873.0 32100.360256514545
0.0 6744.0 78.0 299.0 1476.7973319715852
0.0 3602.0 1673.0 7819.0 32886.4067290387
0.0 795.0 3083.0 14779.0 61230.10449557228
0.0 695.0 3121.0 15126.0 62203.89764307546
0.0 646.0 3158.0 15160.0 62720.4915301881
0.0 632.0 3162.0 15200.0 62847.19772600692
0.0 665.0 3158.0 15027.0 62593.34087728101
0.0 6752.0 71.0 296.0 1342.1830884477224
0.0 6765.0 65.0 271.0 1204.718125443927
0.0 640.0 3168.0 15100.0 62730.68878381574
0.0 3777.0 1589.0 7537.0 31065.536920683116
0.0 735.0 3114.0 14900.0 61917.25129418758
0.0 755.0 3112.0 14862.0 61579.62124234507
0.0 605.0 3169.0 15309.0 63144.49340260182
0.0 630.0 3164.0 15143.0 62830.2055801986
0.0 3792.0 1527.0 7630.0 31129.61009867522
0.0 6729.0 85.0 347.0 1607.5494626615136
0.0 3807.0 1593.0 7207.0 30938.714375690983
0.0 6767.0 67.0 240.0 1211.2171529748641
0.0 6765.0 65.0 260.0 1220.9443092112817
0.0 3683.0 1649.0 7637.0 32112.66256259476
0.0 6750.0 77.0 279.0 1423.949439173387
0.0 6745.0 75.0 320.0 1478.4778250488575
0.0 3665.0 1635.0 7885.0 32275.771296396935
0.0 3662.0 1667.0 7623.0 32452.07494826656
0.0 6749.0 70.0 295.0 1415.0897901226315
0.0 3542.0 1700.0 7956.0 33763.254853902195
0.0 6697.0 104.0 401.0 1981.8794752167496
0.0 6768.0 65.0 246.0 1180.8623038751546
0.0 675.0 3159.0 14953.0 62466.975128413294
0.0 649.0 3151.0 15114.0 62704.12105853141
0.0 712.0 3129.0 14910.0 61991.6811038392
0.0 6738.0 82.0 308.0 1541.3073933707587
0.0 1363.0 2820.0 13245.0 55567.96803548868
0.0 6744.0 76.0 312.0 1493.6560730888423
0.0 3824.0 1583.0 7295.0 30785.44885618383
0.0 1392.0 2826.0 13132.0 55212.39343486251
0.0 3753.0 1567.0 7699.0 31414.344418312434
0.0 666.0 3143.0 15156.0 62487.1997965731
0.0 6765.0 62.0 290.0 1197.5500149304835
0.0 3629.0 1680.0 7674.0 32794.89267328723
0.0 3570.0 1690.0 7869.0 33396.73145060188
0.0 6769.0 64.0 267.0 1197.9849196330767
0.0 6755.0 73.0 280.0 1294.0194331549637
0.0 6754.0 76.0 276.0 1348.5553416264947
0.0 3570.0 1665.0 8103.0 33553.99329606268
0.0 3668.0 1612.0 7858.0 32354.423490272882
0.0 3680.0 1642.0 7739.0 32334.27614426043
0.0 6761.0 66.0 277.0 1238.2661021188624
0.0 6767.0 65.0 259.0 1224.0968771689263
0.0 3798.0 1590.0 7302.0 31158.375326653742
0.0 637.0 3160.0 15141.0 62790.378855975454
0.0 6768.0 63.0 264.0 1200.8027465690202
0.0 3740.0 1598.0 7637.0 31536.746015030418
0.0 627.0 3162.0 15202.0 62948.79088431432
0.0 684.0 3145.0 14968.0 62341.4905497181
0.0 649.0 3158.0 15086.0 62657.58221842261
0.0 6753.0 68.0 305.0 1340.4245239166967
0.0 647.0 3158.0 15146.0 62755.7038348814
0.0 6760.0 70.0 250.0 1287.8590814369802
0.0 3803.0 1544.0 7510.0 31101.07263606634
0.0 1329.0 2858.0 13235.0 55870.96060365455
0.0 6745.0 78.0 305.0 1457.8889183138097
0.0 6737.0 78.0 328.0 1513.3298807138683
0.0 3836.0 1587.0 7202.0 30676.622338007175
0.0 807.0 3090.0 14713.0 61048.571569383545
0.0 3624.0 1651.0 7796.0 32907.92535168455
0.0 3616.0 1685.0 7730.0 32837.16751709327
0.0 778.0 3105.0 14702.0 61321.89172677163
0.0 3841.0 1560.0 7231.0 30593.397566052496
0.0 3639.0 1646.0 7815.0 32287.15899559988
0.0 3632.0 1674.0 7805.0 32510.327817814083
0.0 6759.0 75.0 247.0 1265.6888499247766
0.0 757.0 3115.0 14832.0 61637.38441563646
0.0 3787.0 1615.0 7224.0 31207.095456635063
0.0 671.0 3149.0 15073.0 62438.640306333655
0.0 654.0 3151.0 15087.0 62645.37052040658
0.0 3970.0 1524.0 6782.0 29205.585306095683
0.0 3837.0 1583.0 7145.0 30505.83645279234
0.0 654.0 3158.0 15099.0 62625.304191583964
0.0 3975.0 1495.0 6958.0 29401.255070482934
0.0 661.0 3146.0 15130.0 62651.82023809519
0.0 650.0 3149.0 15156.0 62637.99450222868
0.0 1075.0 2942.0 14039.0 58389.330746200205
0.0 6769.0 67.0 255.0 1149.607566505131
0.0 6763.0 70.0 259.0 1242.204430789106
0.0 6753.0 75.0 288.0 1324.0925591054647
0.0 6750.0 74.0 283.0 1423.984202816784
0.0 695.0 3140.0 14981.0 62214.0841628452
0.0 995.0 2983.0 14228.0 59216.809631271026
0.0 727.0 3116.0 14940.0 61938.7904522816
0.0 6737.0 83.0 306.0 1548.2034655019406
0.0 6764.0 65.0 269.0 1218.3707509778085
0.0 6762.0 63.0 311.0 1262.7286843152365
0.0 3674.0 1630.0 7818.0 32236.855280871463
0.0 3940.0 1492.0 7227.0 29402.194124268415
0.0 654.0 3151.0 15114.0 62632.51716727816
0.0 658.0 3148.0 15105.0 62614.506377414415
0.0 718.0 3121.0 14972.0 61968.00188231575
0.0 6731.0 83.0 352.0 1570.942874128554
0.0 6772.0 62.0 249.0 1146.3653668510576
0.0 624.0 3172.0 15124.0 62927.53936542823
0.0 6772.0 67.0 224.0 1159.9780577069596
0.0 3617.0 1655.0 7850.0 33089.59691311217
0.0 4073.0 1488.0 6452.0 28155.07464106886
0.0 637.0 3159.0 15173.0 62733.47047485437
0.0 3738.0 1586.0 7749.0 31579.577774069887
0.0 734.0 3119.0 14837.0 61801.82318818389
0.0 681.0 3143.0 15052.0 62432.08836879355
0.0 6754.0 69.0 295.0 1319.83342650517
0.0 6761.0 70.0 285.0 1238.1147410908561
0.0 6772.0 59.0 275.0 1134.0555496349662
0.0 714.0 3105.0 15114.0 62111.15434258235
0.0 6753.0 77.0 281.0 1330.3642963681318
0.0 6758.0 73.0 276.0 1285.7300162010367
0.0 3711.0 1621.0 7606.0 31829.856629436432
0.0 3610.0 1646.0 7916.0 32784.47068120732
0.0 667.0 3148.0 15058.0 62451.402389221956
0.0 3547.0 1698.0 8185.0 33627.91404546318
0.0 6776.0 57.0 274.0 1125.4134829815916
0.0 681.0 3145.0 14971.0 62366.19071334349
0.0 714.0 3123.0 14967.0 62055.28456655754
0.0 6765.0 66.0 282.0 1204.5259557244442
0.0 3560.0 1700.0 8008.0 33468.59866373802
0.0 6764.0 66.0 267.0 1232.9884681476121
0.0 1092.0 2930.0 13986.0 58214.00755591166
0.0 637.0 3157.0 15226.0 62790.673845525635
0.0 706.0 3123.0 15018.0 62125.74429689531
0.0 6770.0 65.0 240.0 1167.7185541991546
0.0 3718.0 1601.0 7487.0 31761.7146505097
0.0 6751.0 76.0 280.0 1422.6680413945417
0.0 666.0 3144.0 15067.0 62475.529694972116
0.0 647.0 3170.0 15064.0 62669.752801870716
0.0 6741.0 81.0 309.0 1490.242775458289
0.0 6758.0 76.0 241.0 1281.4230402346177
0.0 1393.0 2814.0 13114.0 55205.70353389843
0.0 3572.0 1709.0 7894.0 33234.71633413098
0.0 6765.0 69.0 258.0 1201.655666056096
0.0 6757.0 70.0 287.0 1301.0424436513495
0.0 3562.0 1698.0 8081.0 33523.48605850733
0.0 3653.0 1685.0 7482.0 32315.998965311283
0.0 672.0 3152.0 15068.0 62444.643146711605
0.0 3598.0 1647.0 8047.0 32873.423277410235
0.0 6760.0 67.0 296.0 1250.6480866013953
0.0 3815.0 1589.0 7235.0 30747.30311883655
0.0 704.0 3127.0 15009.0 62114.16436067531
0.0 663.0 3152.0 15062.0 62518.14906057123
0.0 3532.0 1698.0 8158.0 33765.438167712906
0.0 635.0 3158.0 15215.0 62829.85914409281
0.0 784.0 3090.0 14873.0 61336.19926545347
0.0 3721.0 1597.0 7770.0 31861.578219785973
0.0 6765.0 67.0 265.0 1190.3772708831502
0.0 3673.0 1621.0 7858.0 32326.62944961521
0.0 3693.0 1647.0 7650.0 32220.82782414262
0.0 6764.0 70.0 265.0 1229.5486004187226
0.0 706.0 3122.0 15035.0 62145.933767007526
0.0 644.0 3154.0 15179.0 62762.59929685961
0.0 647.0 3162.0 15089.0 62671.231948076864
0.0 6766.0 68.0 259.0 1214.524328929707
0.0 6746.0 76.0 281.0 1442.1877575028416
0.0 3774.0 1539.0 7689.0 31311.186148643737
0.0 4072.0 1453.0 6612.0 28240.2011885923
0.0 6744.0 71.0 348.0 1433.8209345045384
0.0 690.0 3140.0 15040.0 62271.214039628714
0.0 3624.0 1670.0 7875.0 32680.303995057617
0.0 6769.0 60.0 277.0 1162.767273789948
0.0 3603.0 1670.0 7870.0 32887.17965922922
0.0 6761.0 64.0 291.0 1280.0683030563303
0.0 6744.0 81.0 281.0 1491.7452831420578
0.0 725.0 3118.0 14943.0 61880.98735829082
0.0 6760.0 63.0 299.0 1274.1974130843334
0.0 638.0 3167.0 15119.0 62806.50637614931
0.0 742.0 3113.0 14876.0 61683.604618006575
0.0 694.0 3130.0 15056.0 62183.61423985735
0.0 993.0 2980.0 14259.0 59304.493092787445
0.0 724.0 3119.0 14939.0 61949.62295594435
0.0 3610.0 1664.0 7876.0 32903.89413785583
0.0 642.0 3165.0 15088.0 62808.64154406136
0.0 4443.0 1229.0 5962.0 24585.442965493145
0.0 661.0 3151.0 15077.0 62549.81412001538
0.0 6770.0 62.0 256.0 1176.9666591747089
0.0 3679.0 1611.0 7813.0 32208.51603036179
0.0 1354.0 2845.0 13158.0 55596.76779008569
0.0 6752.0 64.0 338.0 1344.8879232899594
0.0 6760.0 71.0 270.0 1248.8437169013184
0.0 660.0 3154.0 15114.0 62586.44223936483
0.0 3750.0 1641.0 7336.0 31374.484271560184
0.0 3744.0 1580.0 7653.0 31468.16966901632
0.0 3630.0 1677.0 7703.0 32721.091513308013
0.0 3526.0 1717.0 8191.0 33678.36290069181
0.0 3940.0 1516.0 6919.0 29524.907306884386
0.0 3634.0 1668.0 7669.0 32479.40219723047
0.0 4093.0 1394.0 6879.0 27969.423025115328
0.0 3802.0 1529.0 7626.0 31176.916431193975
0.0 1089.0 2933.0 14021.0 58222.412822280945
0.0 6761.0 71.0 253.0 1271.2038539059222
0.0 731.0 3117.0 14985.0 61826.44973454235
0.0 3646.0 1677.0 7765.0 32340.310607253665
0.0 6771.0 63.0 248.0 1161.850713426893
