0.0 1704.0 2632.0 12540.0 52104.94410775413
0.0 1783.0 2624.0 12132.0 51267.276202943234
0.0 6761.0 61.0 287.0 1247.4987595211164
0.0 4378.0 1275.0 6174.0 25101.810652481712
0.0 6739.0 77.0 321.0 1549.002839847623
0.0 707.0 3127.0 14972.0 62214.09295432449
0.0 3815.0 1543.0 7480.0 30836.26939661399
0.0 6756.0 71.0 288.0 1301.8152117405727
0.0 3747.0 1618.0 7560.0 31421.197547658998
0.0 3760.0 1618.0 7363.0 31489.881709794223
0.0 3998.0 1501.0 6708.0 29039.912987291038
0.0 3750.0 1624.0 7256.0 31555.305286132614
0.0 6761.0 66.0 264.0 1263.2065853203974
0.0 735.0 3117.0 14895.0 61796.74660065333
0.0 3628.0 1672.0 7784.0 32656.732838072883
0.0 3442.0 1771.0 8200.0 34526.841679910416
0.0 700.0 3128.0 14976.0 62231.405426949495
0.0 666.0 3150.0 15037.0 62594.47230280484
0.0 6753.0 75.0 276.0 1402.0842914281977
0.0 624.0 3160.0 15226.0 62959.095965428605
0.0 3717.0 1568.0 7966.0 31887.37172773298
0.0 1639.0 2681.0 12550.0 52755.85387744361
0.0 663.0 3152.0 15030.0 62561.9876156898
0.0 3962.0 1502.0 6877.0 29463.58030675563
0.0 3595.0 1653.0 7947.0 33017.69688876899
0.0 3629.0 1684.0 7638.0 32679.749620807273
0.0 3667.0 1636.0 7749.0 32556.605309521983
0.0 6755.0 70.0 301.0 1313.1827068227467
0.0 665.0 3159.0 15024.0 62500.93932785123
0.0 6774.0 58.0 289.0 1131.0930309488674
0.0 6770.0 62.0 263.0 1163.9434696367503
0.0 684.0 3146.0 14995.0 62395.3753009408
0.0 6769.0 64.0 278.0 1175.3066085868602
0.0 3528.0 1695.0 8140.0 33664.435950200444
0.0 892.0 3048.0 14484.0 60189.970684518965
0.0 6760.0 71.0 251.0 1254.0840787202515
0.0 6736.0 83.0 304.0 1561.7300464332657
0.0 643.0 3159.0 15145.0 62780.857778025405
0.0 642.0 3158.0 15090.0 62785.71350634373
0.0 657.0 3160.0 15062.0 62628.95492482259
0.0 703.0 3130.0 14975.0 62102.55690485062
0.0 3615.0 1657.0 8079.0 32767.94413705561
0.0 647.0 3169.0 15002.0 62621.66394985114
0.0 3733.0 1606.0 7785.0 31675.560060835003
0.0 3699.0 1618.0 7687.0 32034.172742311534
0.0 1020.0 2975.0 14157.0 58937.24774037262
0.0 993.0 2982.0 14239.0 59305.39928069954
0.0 3681.0 1635.0 7738.0 32208.746032151917
0.0 671.0 3157.0 15053.0 62444.809226652666
0.0 6757.0 70.0 271.0 1270.78536586423
0.0 6769.0 66.0 276.0 1166.913946057886
0.0 3517.0 1669.0 8412.0 33980.58505091051
0.0 6751.0 69.0 342.0 1361.8631099514203
0.0 3665.0 1633.0 7944.0 32480.761161893064
0.0 680.0 3140.0 15034.0 62395.749265144776
0.0 6743.0 74.0 325.0 1494.6751946406057
0.0 3993.0 1506.0 6604.0 28978.01255124796
0.0 720.0 3123.0 14930.0 61979.92469176321
0.0 3529.0 1685.0 8269.0 33704.56339043515
0.0 808.0 3089.0 14635.0 61015.1379623559
0.0 720.0 3129.0 14888.0 62002.60469166221
0.0 659.0 3150.0 15068.0 62629.36085980907
0.0 4263.0 1342.0 6225.0 26296.357471552372
0.0 3515.0 1737.0 8074.0 34001.14417812424
0.0 685.0 3142.0 15009.0 62359.801407373794
0.0 644.0 3154.0 15145.0 62761.75790672331
0.0 628.0 3162.0 15197.0 62922.48969466019
0.0 760.0 3098.0 14886.0 61547.10095991066
0.0 3700.0 1612.0 7605.0 31856.422313974228
0.0 6771.0 59.0 253.0 1143.079072048104
0.0 717.0 3129.0 14915.0 61971.22073639205
0.0 3839.0 1559.0 7305.0 30678.13313411011
0.0 3676.0 1647.0 7681.0 32309.5812255347
0.0 3693.0 1614.0 7860.0 31881.035617582504
0.0 6770.0 61.0 263.0 1177.454359489472
0.0 6739.0 85.0 308.0 1500.7389466342822
0.0 6748.0 69.0 337.0 1434.5069196229886
0.0 674.0 3130.0 15143.0 62479.07547143163
0.0 696.0 3150.0 14924.0 62172.51452002045
0.0 905.0 3037.0 14466.0 60150.909335571305
0.0 6727.0 88.0 346.0 1620.1679803692741
0.0 6715.0 88.0 397.0 1733.5041608004071
0.0 3820.0 1573.0 7210.0 30827.869008959024
0.0 632.0 3164.0 15164.0 62856.77055809587
0.0 6750.0 75.0 293.0 1432.353303206835
0.0 6772.0 62.0 251.0 1160.2850102202126
0.0 662.0 3147.0 15131.0 62577.49564492342
0.0 3693.0 1626.0 7716.0 32073.64793369586
0.0 4015.0 1498.0 6770.0 28825.788879857955
0.0 3701.0 1610.0 7900.0 31826.37807149635
0.0 1649.0 2680.0 12495.0 52696.10040627616
0.0 3725.0 1623.0 7475.0 31860.451468453623
0.0 6740.0 82.0 306.0 1512.4957933273308
0.0 6755.0 66.0 325.0 1327.4167790783567
0.0 726.0 3129.0 14883.0 61955.10023295782
0.0 669.0 3150.0 15062.0 62448.033694264
0.0 703.0 3133.0 14970.0 62164.43687497946
0.0 3715.0 1603.0 7702.0 31851.851996310193
0.0 767.0 3103.0 14821.0 61421.192616878434
0.0 6771.0 65.0 238.0 1146.067182067334
0.0 700.0 3143.0 14979.0 62135.48083607964
0.0 1009.0 2969.0 14229.0 59129.892306940084
0.0 1306.0 2859.0 13321.0 56113.85817237885
0.0 690.0 3141.0 14953.0 62354.46959910167
0.0 3645.0 1669.0 7718.0 32450.063103750606
0.0 6756.0 65.0 313.0 1332.061851047693
0.0 6756.0 69.0 290.0 1321.7373368544809
0.0 3866.0 1542.0 7149.0 30223.223363141195
0.0 702.0 3134.0 14990.0 62158.47713583474
0.0 728.0 3124.0 14889.0 61903.671155635195
0.0 6763.0 65.0 292.0 1239.6144484454476
0.0 650.0 3157.0 15149.0 62679.8541923056
0.0 6768.0 66.0 241.0 1192.2677744683344
0.0 6762.0 69.0 246.0 1223.0322395047988
0.0 3585.0 1690.0 7906.0 33084.95875046887
0.0 657.0 3148.0 15105.0 62642.07386779102
0.0 6740.0 76.0 342.0 1528.035922796035
0.0 3630.0 1664.0 7894.0 32761.10041201109
0.0 764.0 3107.0 14846.0 61563.358903184075
0.0 6755.0 71.0 281.0 1317.37827032619
0.0 3910.0 1548.0 6928.0 29938.20904230139
0.0 6754.0 78.0 254.0 1327.1998533001931
0.0 3676.0 1597.0 7957.0 32148.02994277568
0.0 3576.0 1716.0 7838.0 33288.946710505305
0.0 3556.0 1707.0 7886.0 33245.43730818253
0.0 3664.0 1639.0 7779.0 32225.887270312953
0.0 697.0 3147.0 14876.0 62179.60218752758
0.0 664.0 3146.0 15070.0 62506.15984360449
0.0 3714.0 1614.0 7795.0 31559.948382427512
0.0 3603.0 1674.0 7900.0 33000.91630558153
0.0 3640.0 1641.0 7978.0 32650.53306921957
0.0 3688.0 1619.0 7689.0 32090.71757950783
0.0 6764.0 69.0 275.0 1210.1766416732087
0.0 3530.0 1696.0 8098.0 33555.74387718061
0.0 3618.0 1669.0 7890.0 32717.740471385994
0.0 6754.0 76.0 292.0 1343.2496692153768
0.0 722.0 3123.0 14903.0 61881.504421901984
0.0 3766.0 1567.0 7560.0 31345.88654539663
0.0 723.0 3132.0 14878.0 61936.95281291997
0.0 3747.0 1581.0 7675.0 31523.134031257086
0.0 6764.0 68.0 255.0 1242.9382397405527
0.0 6737.0 80.0 313.0 1571.2472029883413
0.0 6736.0 88.0 304.0 1541.5285882208125
0.0 639.0 3157.0 15181.0 62856.52941073697
0.0 6739.0 79.0 311.0 1525.439521451452
0.0 654.0 3155.0 15084.0 62664.270501392035
0.0 723.0 3110.0 14971.0 61903.18430743982
0.0 6774.0 59.0 265.0 1120.271973701029
0.0 3616.0 1635.0 7939.0 32809.55750121843
0.0 3735.0 1633.0 7449.0 31765.811098564584
0.0 1330.0 2851.0 13237.0 55850.28187337764
0.0 3682.0 1633.0 7673.0 32149.47838455359
0.0 6746.0 73.0 301.0 1470.2951115431836
0.0 6779.0 56.0 261.0 1092.5355251485569
0.0 6747.0 73.0 300.0 1442.7487317245889
0.0 665.0 3151.0 15063.0 62558.63787363942
0.0 3956.0 1479.0 7091.0 29501.367725481225
0.0 1098.0 2935.0 13979.0 58189.04693175132
0.0 3649.0 1658.0 7776.0 32502.55469853075
0.0 775.0 3102.0 14822.0 61385.92462307865
0.0 6748.0 79.0 287.0 1385.8600674019767
0.0 3671.0 1631.0 7701.0 32266.144359371745
0.0 641.0 3156.0 15123.0 62785.89800062818
0.0 6758.0 66.0 314.0 1265.7846929775587
0.0 1043.0 2960.0 14116.0 58709.67939052772
0.0 640.0 3167.0 15105.0 62767.86856757578
0.0 4066.0 1443.0 6799.0 28350.932593719146
0.0 6758.0 71.0 266.0 1262.20224965982
0.0 6759.0 63.0 310.0 1271.0338753383226
0.0 1375.0 2820.0 13127.0 55460.99267521839
0.0 3621.0 1670.0 7844.0 32756.92409606345
0.0 6764.0 64.0 279.0 1238.2291565889186
0.0 6742.0 81.0 291.0 1494.0896138141813
0.0 619.0 3174.0 15204.0 63038.686057242245
0.0 3583.0 1685.0 7836.0 33234.868835655194
0.0 671.0 3149.0 15075.0 62475.749976244995
0.0 2240.0 2357.0 11164.0 46669.69575120428
0.0 6759.0 69.0 286.0 1269.391253873067
0.0 1025.0 2960.0 14228.0 58858.76583840881
0.0 715.0 3128.0 14936.0 62031.9617019041
0.0 661.0 3144.0 15144.0 62587.658222388876
0.0 3553.0 1672.0 8122.0 33522.18699800644
0.0 6752.0 69.0 330.0 1348.6599250500801
0.0 3685.0 1643.0 7559.0 32332.920786363164
0.0 769.0 3102.0 14810.0 61452.76731590076
0.0 6752.0 71.0 306.0 1345.6116335595593
0.0 3812.0 1554.0 7555.0 31035.833413276538
0.0 3583.0 1663.0 8197.0 33167.72152161364
0.0 6758.0 68.0 307.0 1287.6348620320282
0.0 1013.0 2965.0 14231.0 59051.971712986386
0.0 6748.0 71.0 313.0 1428.0665922454536
0.0 3864.0 1512.0 7434.0 30334.762321922728
0.0 662.0 3160.0 15002.0 62515.00507639274
0.0 3658.0 1671.0 7613.0 32484.81480903162
0.0 3911.0 1499.0 7120.0 30016.928115815364
0.0 3635.0 1645.0 7893.0 32564.09705741257
0.0 1010.0 2979.0 14144.0 59047.919097456084
0.0 6760.0 67.0 295.0 1259.5885195445055
0.0 685.0 3137.0 15058.0 62352.20900915913
0.0 693.0 3137.0 15006.0 62262.26430317016
0.0 1002.0 2974.0 14212.0 59149.44090900075
0.0 3641.0 1678.0 7648.0 32713.86017786288
0.0 650.0 3156.0 15112.0 62718.72575602446
0.0 626.0 3170.0 15165.0 62875.01990264746
0.0 633.0 3171.0 15109.0 62876.01277014943
0.0 668.0 3145.0 15117.0 62524.56342759029
0.0 1403.0 2812.0 13092.0 55109.59907241719
0.0 3782.0 1573.0 7429.0 31183.878117255466
0.0 6767.0 70.0 248.0 1197.0520557101322
0.0 6766.0 68.0 246.0 1232.3575255636456
0.0 4252.0 1350.0 6184.0 26378.204159515975
0.0 712.0 3110.0 15069.0 62072.80619753794
0.0 3648.0 1644.0 7961.0 32362.06325530649
0.0 742.0 3109.0 14880.0 61720.7316946561
0.0 654.0 3166.0 15046.0 62623.560057832954
0.0 666.0 3153.0 15027.0 62546.02601495036
0.0 3579.0 1707.0 7842.0 33329.45856536713
0.0 6763.0 67.0 277.0 1246.759328188972
0.0 728.0 3121.0 14917.0 61891.566112744644
0.0 3636.0 1673.0 7666.0 32588.450234539716
0.0 705.0 3121.0 15008.0 62164.18722645
0.0 835.0 3064.0 14731.0 60861.48635370782
0.0 3580.0 1697.0 7815.0 33190.159129890686
0.0 6753.0 73.0 301.0 1342.8287108894795
0.0 6770.0 58.0 289.0 1182.5093253899145
0.0 3601.0 1691.0 7791.0 32887.688123879714
0.0 6745.0 73.0 305.0 1469.309906639323
0.0 1092.0 2925.0 14019.0 58260.00191279922
0.0 6746.0 76.0 291.0 1444.3082586388618
0.0 614.0 3167.0 15255.0 63024.17238886072
0.0 3678.0 1650.0 7678.0 32254.94164760297
0.0 649.0 3152.0 15119.0 62746.34803909124
0.0 6776.0 58.0 247.0 1101.0499002052202
0.0 3495.0 1718.0 8389.0 34037.422529460775
0.0 4041.0 1426.0 6858.0 28837.75725868824
0.0 660.0 3153.0 15022.0 62584.38697034666
0.0 4374.0 1329.0 5835.0 25184.248461524337
0.0 6745.0 77.0 305.0 1464.1555141422616
0.0 681.0 3136.0 15104.0 62316.63486505941
0.0 677.0 3141.0 15070.0 62385.432380646715
0.0 6760.0 67.0 275.0 1263.1074597142333
0.0 645.0 3168.0 15054.0 62674.30372428906
0.0 4340.0 1291.0 6119.0 25578.40198279381
0.0 6768.0 65.0 258.0 1167.2491109147877
0.0 6748.0 75.0 279.0 1442.099365738063
0.0 6761.0 66.0 299.0 1232.3006645718046
0.0 6766.0 66.0 259.0 1183.401410874848
0.0 3586.0 1676.0 8067.0 33276.5478384401
0.0 6767.0 60.0 273.0 1196.4873927228434
0.0 3628.0 1660.0 7842.0 32939.46202389314
0.0 717.0 3132.0 14904.0 61920.36841412104
0.0 713.0 3124.0 14963.0 62094.087097343
0.0 3799.0 1555.0 7450.0 31081.73741494467
0.0 6765.0 66.0 278.0 1210.9180052710321
0.0 646.0 3160.0 15128.0 62750.638234345795
0.0 3804.0 1540.0 7590.0 30901.576485698573
0.0 6764.0 63.0 288.0 1216.367093906397
0.0 3590.0 1668.0 7950.0 33003.14450453773
