0.0 1630.0 2658.0 12745.0 52803.7236770801
0.0 3893.0 1482.0 7378.0 30105.043397507045
0.0 6731.0 87.0 333.0 1621.2528448177416
0.0 6754.0 71.0 304.0 1308.9560868308888
0.0 1192.0 2882.0 13788.0 57197.00324391011
0.0 6768.0 62.0 279.0 1182.9378843999666
0.0 810.0 3078.0 14714.0 60986.71525977504
0.0 1030.0 2963.0 14122.0 58902.71096729457
0.0 3838.0 1599.0 6965.0 30600.565725972006
0.0 6752.0 69.0 339.0 1343.824680302573
0.0 3584.0 1665.0 7950.0 33187.88729429352
0.0 3749.0 1595.0 7708.0 31753.552900918967
0.0 651.0 3154.0 15093.0 62677.924064282204
0.0 6756.0 71.0 282.0 1322.410501382247
0.0 791.0 3082.0 14852.0 61292.17829948097
0.0 780.0 3088.0 14808.0 61450.06591551819
0.0 6764.0 67.0 274.0 1225.5621053782809
0.0 3896.0 1529.0 7195.0 30256.961187109027
0.0 3710.0 1613.0 7552.0 31802.174100828892
0.0 3672.0 1638.0 7799.0 32139.472367431783
0.0 669.0 3148.0 15053.0 62473.91715773865
0.0 3400.0 1781.0 8209.0 34931.11566616156
0.0 3617.0 1650.0 7871.0 32915.07210296374
0.0 6724.0 88.0 384.0 1629.05908439675
0.0 3760.0 1570.0 7670.0 31405.317268696017
0.0 6741.0 76.0 328.0 1520.6805326635813
0.0 6772.0 60.0 273.0 1155.9429423257002
0.0 678.0 3145.0 15003.0 62349.1142550597
0.0 4148.0 1393.0 6674.0 27557.88883439647
0.0 663.0 3155.0 15071.0 62498.70964411645
0.0 652.0 3160.0 15076.0 62643.8130684863
0.0 1291.0 2864.0 13375.0 56261.62154760254
0.0 988.0 2983.0 14275.0 59312.679934328975
0.0 6763.0 63.0 294.0 1242.580466954491
0.0 6770.0 62.0 262.0 1162.890600313409
0.0 6756.0 68.0 304.0 1286.0923985210684
0.0 3562.0 1679.0 8092.0 33359.254443175814
0.0 723.0 3122.0 14914.0 61897.036365538064
0.0 3661.0 1619.0 7940.0 32510.117631325844
0.0 3514.0 1694.0 8222.0 33873.08996084018
0.0 3639.0 1640.0 7747.0 32526.839825977495
0.0 3670.0 1624.0 7749.0 32263.732187092453
0.0 3615.0 1667.0 7806.0 32989.28469399346
0.0 3709.0 1613.0 7755.0 31840.379272253605
0.0 767.0 3100.0 14776.0 61461.16004004501
0.0 6724.0 89.0 357.0 1618.8181301841107
0.0 6764.0 67.0 271.0 1231.2889831991943
0.0 3859.0 1574.0 7196.0 30289.957244895577
0.0 3674.0 1637.0 7692.0 32316.222885756808
0.0 3737.0 1577.0 7722.0 31602.379494293105
0.0 6765.0 65.0 257.0 1216.5292592961684
0.0 707.0 3125.0 15010.0 62127.83268561444
0.0 4067.0 1467.0 6602.0 28312.00602586879
0.0 703.0 3129.0 14994.0 62168.61232779525
0.0 725.0 3122.0 14917.0 61896.797492517966
0.0 3582.0 1701.0 7817.0 33037.018795108386
0.0 4100.0 1438.0 6530.0 28037.452045017897
0.0 3831.0 1552.0 7320.0 30853.6110140944
0.0 3753.0 1583.0 7588.0 31488.756494815574
0.0 642.0 3151.0 15208.0 62772.82729400557
0.0 671.0 3131.0 15119.0 62461.48839949632
0.0 3497.0 1763.0 7999.0 34058.390773396975
0.0 677.0 3133.0 15116.0 62449.55172753181
0.0 3544.0 1742.0 7876.0 33470.3866768177
0.0 3538.0 1712.0 8043.0 33560.42131105845
0.0 3677.0 1611.0 7785.0 32146.5381402797
0.0 4626.0 1138.0 5463.0 22816.528704182838
0.0 3820.0 1535.0 7499.0 30772.587808546163
0.0 3701.0 1645.0 7553.0 31962.423750308546
0.0 3711.0 1601.0 7748.0 31791.566269654824
0.0 696.0 3144.0 14968.0 62167.30731242756
0.0 3487.0 1717.0 8363.0 34127.092008890504
0.0 3608.0 1654.0 7966.0 32991.38500928848
0.0 666.0 3151.0 15054.0 62519.09338583591
0.0 6766.0 63.0 286.0 1205.0695557027977
0.0 638.0 3165.0 15121.0 62761.934869414916
0.0 6749.0 75.0 273.0 1430.788758447463
0.0 657.0 3154.0 15058.0 62589.5413624051
0.0 700.0 3134.0 15008.0 62155.35607303435
0.0 6766.0 67.0 261.0 1205.0366136555301
0.0 3445.0 1747.0 8108.0 34693.71957950043
0.0 621.0 3169.0 15212.0 62987.67082341331
0.0 3751.0 1620.0 7503.0 31509.438105695244
0.0 3593.0 1679.0 7916.0 33180.13708406119
0.0 6746.0 74.0 301.0 1451.8331478780522
0.0 6771.0 63.0 253.0 1131.3705382546812
0.0 718.0 3118.0 14911.0 62012.31675874404
0.0 1029.0 2975.0 14110.0 58885.14550501551
0.0 6762.0 68.0 281.0 1242.2064921027527
0.0 6738.0 78.0 322.0 1541.5519617750365
0.0 1106.0 2927.0 13997.0 58114.49673797452
0.0 3577.0 1691.0 8033.0 33287.33539192193
0.0 3636.0 1679.0 7819.0 32440.21467785899
0.0 3574.0 1666.0 8115.0 33337.134253513184
0.0 661.0 3142.0 15166.0 62613.21390805177
0.0 3516.0 1727.0 7889.0 33702.99180643775
0.0 3629.0 1632.0 7996.0 32636.141408750933
0.0 6769.0 61.0 276.0 1176.360958760633
0.0 648.0 3155.0 15145.0 62749.322193578504
0.0 3675.0 1644.0 7606.0 32509.53815265734
0.0 675.0 3156.0 14999.0 62413.39464278316
0.0 669.0 3157.0 15027.0 62505.01148016052
0.0 689.0 3137.0 15026.0 62283.0302608287
0.0 6767.0 66.0 264.0 1211.927988186675
0.0 4102.0 1411.0 6645.0 27989.886087814346
0.0 3551.0 1703.0 7919.0 33396.24538222348
0.0 3565.0 1679.0 7947.0 33369.04229449478
0.0 650.0 3152.0 15099.0 62731.0976437105
0.0 637.0 3175.0 15073.0 62753.414722419984
0.0 6764.0 64.0 299.0 1222.179877183586
0.0 6773.0 67.0 228.0 1150.6110592884654
0.0 614.0 3179.0 15195.0 63048.27419130612
0.0 6773.0 61.0 268.0 1147.026067973086
0.0 6767.0 65.0 281.0 1196.396603323759
0.0 3793.0 1559.0 7475.0 30922.267801551254
0.0 679.0 3149.0 15004.0 62323.623522912756
0.0 1339.0 2842.0 13245.0 55774.94305046212
0.0 3672.0 1651.0 7708.0 32246.709098900978
0.0 662.0 3155.0 15049.0 62511.59968913492
0.0 878.0 3035.0 14607.0 60395.66365352161
0.0 6770.0 61.0 281.0 1140.0058778779203
0.0 6752.0 76.0 279.0 1336.8493974359112
0.0 6744.0 77.0 287.0 1480.3305322622427
0.0 6754.0 70.0 279.0 1338.9696018153907
0.0 752.0 3116.0 14812.0 61622.48584200064
0.0 3591.0 1661.0 8008.0 33291.61916809239
0.0 669.0 3136.0 15110.0 62593.70969650423
0.0 670.0 3140.0 15109.0 62467.36191544177
0.0 656.0 3157.0 15108.0 62582.45461936411
0.0 3583.0 1669.0 8095.0 33254.23529215665
0.0 6776.0 61.0 244.0 1132.3433099542951
0.0 6740.0 83.0 304.0 1529.5600979263754
0.0 6761.0 67.0 304.0 1251.2244481256744
0.0 698.0 3135.0 14988.0 62227.058125649026
0.0 644.0 3159.0 15111.0 62762.03369501397
0.0 3736.0 1623.0 7580.0 31340.68402744681
0.0 6751.0 71.0 305.0 1426.6067234245315
0.0 6755.0 73.0 284.0 1303.6566900755736
0.0 3572.0 1701.0 7918.0 33115.68386390212
0.0 3991.0 1490.0 6915.0 28950.113843801668
0.0 6766.0 63.0 285.0 1212.6468431824183
0.0 6778.0 58.0 246.0 1068.9609031476077
0.0 724.0 3134.0 14838.0 61906.19885966872
0.0 4118.0 1439.0 6422.0 27805.877805090047
0.0 3728.0 1640.0 7384.0 31635.552166097466
0.0 6735.0 80.0 343.0 1580.8235625077548
0.0 679.0 3139.0 15090.0 62346.92044355333
0.0 3682.0 1622.0 7757.0 32204.254863880502
0.0 3624.0 1646.0 7890.0 32710.665376642213
0.0 1074.0 2947.0 14019.0 58420.14248405565
0.0 6744.0 76.0 303.0 1480.6430963332512
0.0 6735.0 82.0 309.0 1557.4234811062845
0.0 6777.0 62.0 252.0 1090.8397688438447
0.0 1331.0 2843.0 13259.0 55900.96443631379
0.0 6707.0 97.0 400.0 1822.1945041470522
0.0 1057.0 2955.0 13997.0 58571.250114830975
0.0 3998.0 1471.0 6982.0 29109.031368885797
0.0 650.0 3156.0 15067.0 62663.20929358285
0.0 3635.0 1643.0 7919.0 32740.753469025723
0.0 3561.0 1685.0 7992.0 33366.784530844496
0.0 754.0 3101.0 14917.0 61604.34220949056
0.0 6769.0 63.0 262.0 1171.7562936255795
0.0 3710.0 1649.0 7459.0 32032.333645390245
0.0 658.0 3147.0 15155.0 62575.554479137165
0.0 3655.0 1618.0 8035.0 32487.859939898088
0.0 732.0 3124.0 14865.0 61805.837164090444
0.0 3721.0 1620.0 7685.0 31786.862659071277
0.0 3551.0 1709.0 7897.0 33491.059861591835
0.0 6767.0 61.0 287.0 1212.7952767903946
0.0 3546.0 1706.0 7967.0 33542.62873625574
0.0 638.0 3162.0 15167.0 62822.773050462456
0.0 654.0 3144.0 15154.0 62627.75539340871
0.0 727.0 3116.0 14941.0 61971.335854729245
0.0 6753.0 71.0 320.0 1364.3289338638951
0.0 3600.0 1674.0 7812.0 32948.621106615756
0.0 3651.0 1661.0 7758.0 32463.028174058538
0.0 6761.0 65.0 285.0 1259.7925671080914
0.0 3707.0 1605.0 7720.0 31908.57897549947
0.0 1327.0 2849.0 13241.0 55899.610380040445
0.0 1083.0 2946.0 14018.0 58330.481779116315
0.0 635.0 3158.0 15159.0 62843.27483709631
0.0 3657.0 1647.0 7698.0 32327.219858598317
0.0 6750.0 71.0 337.0 1377.8195199855384
0.0 4035.0 1447.0 6821.0 28824.199403358754
0.0 3590.0 1682.0 7987.0 33171.70117028645
0.0 3737.0 1606.0 7525.0 31627.574765000834
0.0 651.0 3146.0 15178.0 62672.683429622106
0.0 3553.0 1670.0 7954.0 33578.0423205089
0.0 6759.0 69.0 284.0 1259.096442804046
0.0 6766.0 64.0 279.0 1210.6445693598355
0.0 3519.0 1687.0 8357.0 33993.22723804595
0.0 651.0 3148.0 15154.0 62738.15530830691
0.0 3729.0 1629.0 7483.0 31843.891474715514
0.0 647.0 3157.0 15153.0 62687.10694868184
0.0 4032.0 1467.0 6819.0 28723.45325455954
0.0 625.0 3161.0 15244.0 62974.42553458929
0.0 707.0 3146.0 14883.0 62060.624684304494
0.0 1301.0 2835.0 13422.0 56127.13671744817
0.0 6770.0 58.0 279.0 1172.6082212733188
0.0 713.0 3120.0 14972.0 62003.633366049005
0.0 6774.0 58.0 260.0 1142.6943374480152
0.0 711.0 3133.0 14897.0 62083.140718727926
0.0 6720.0 90.0 370.0 1697.2193679873046
0.0 3570.0 1702.0 7854.0 33355.79295450112
0.0 6735.0 78.0 334.0 1586.6306309690983
0.0 4161.0 1416.0 6306.0 27473.67406769005
0.0 6741.0 77.0 311.0 1517.9516712884792
0.0 3537.0 1684.0 8182.0 33762.75328212547
0.0 6771.0 62.0 250.0 1169.9247793275504
0.0 735.0 3105.0 14972.0 61809.90982325607
0.0 6768.0 65.0 265.0 1184.1989585112594
0.0 6751.0 76.0 295.0 1363.5468649151198
0.0 737.0 3111.0 14851.0 61737.72609659723
0.0 793.0 3087.0 14737.0 61168.300273431145
0.0 3636.0 1660.0 7806.0 32844.00197710562
0.0 6738.0 79.0 325.0 1503.7037105178538
0.0 3674.0 1639.0 7718.0 32223.513745417087
0.0 3671.0 1611.0 7770.0 32379.439697193902
0.0 6742.0 79.0 321.0 1502.5927687623982
0.0 6762.0 58.0 322.0 1242.2383960039783
0.0 3584.0 1683.0 7851.0 33200.976397226856
0.0 649.0 3152.0 15125.0 62672.82286025386
0.0 3722.0 1603.0 7598.0 31798.661700204306
0.0 6762.0 74.0 245.0 1234.6134702927648
0.0 3589.0 1704.0 7756.0 33029.01952220159
0.0 1016.0 2969.0 14185.0 59018.51611515542
0.0 3578.0 1704.0 7881.0 32984.26212046352
0.0 4164.0 1405.0 6376.0 27336.689105886908
0.0 6769.0 61.0 281.0 1171.630539243415
0.0 6728.0 88.0 322.0 1627.795698801979
0.0 6751.0 67.0 344.0 1400.1124221306163
0.0 1003.0 2971.0 14220.0 59192.31638608774
0.0 673.0 3141.0 15057.0 62509.71009169013
0.0 3648.0 1650.0 7849.0 32479.527880019028
0.0 6762.0 69.0 273.0 1250.5688316207345
0.0 664.0 3167.0 14961.0 62518.55300099108
0.0 6752.0 75.0 295.0 1376.545340120749
0.0 1035.0 2954.0 14174.0 58850.91902194202
0.0 3970.0 1502.0 6874.0 29135.96122439606
0.0 6767.0 62.0 281.0 1210.4711268559417
0.0 3573.0 1714.0 7776.0 33340.54710735914
0.0 6766.0 62.0 289.0 1210.2984033571627
0.0 6760.0 67.0 288.0 1264.8747568556307
0.0 3753.0 1620.0 7216.0 31459.583368234657
0.0 678.0 3139.0 15089.0 62454.61577366447
0.0 3621.0 1671.0 7876.0 32736.92074460684
0.0 6761.0 71.0 266.0 1253.4663054076257
0.0 646.0 3164.0 15091.0 62720.54937577804
0.0 6770.0 61.0 265.0 1159.8976850999547
0.0 743.0 3108.0 14860.0 61752.56055741513
0.0 6752.0 76.0 276.0 1363.8440772851254
0.0 3690.0 1610.0 7721.0 32039.600235364243
0.0 6758.0 70.0 294.0 1283.5343163292887
0.0 6772.0 57.0 289.0 1135.1942112660402
0.0 699.0 3133.0 14985.0 62239.659354945514
0.0 629.0 3157.0 15239.0 62879.325454471094
0.0 6768.0 64.0 263.0 1188.2715123347816
0.0 6755.0 67.0 320.0 1320.8797355059307
0.0 706.0 3133.0 14966.0 62167.13148532474
0.0 6764.0 70.0 253.0 1232.438929991477
0.0 992.0 2983.0 14229.0 59270.5071222803
0.0 6771.0 61.0 283.0 1137.2035965431253
0.0 734.0 3119.0 14890.0 61795.46388714364
0.0 6744.0 76.0 309.0 1463.190529557212
