0.0 1564.0 2683.0 12888.0 53473.83265700195
0.0 1106.0 2926.0 14013.0 57995.61992701105
0.0 6744.0 69.0 341.0 1439.3326548972996
0.0 859.0 3055.0 14561.0 60505.76379450917
0.0 3657.0 1627.0 7830.0 32441.216748995703
0.0 3915.0 1529.0 6835.0 29849.141400765755
0.0 668.0 3149.0 15036.0 62506.63918490435
0.0 3697.0 1646.0 7571.0 31944.687836423043
0.0 628.0 3168.0 15123.0 62870.30405398028
0.0 705.0 3127.0 14999.0 62148.83974772488
0.0 3637.0 1660.0 7662.0 32433.518400107263
0.0 3675.0 1649.0 7659.0 32277.063681582742
0.0 6765.0 71.0 237.0 1228.9895636640174
0.0 6762.0 65.0 285.0 1253.6513307725393
0.0 3884.0 1514.0 7281.0 30129.345183933037
0.0 6766.0 69.0 253.0 1204.1825462553857
0.0 3589.0 1696.0 7828.0 33104.388724467724
0.0 6760.0 67.0 294.0 1274.3170292862933
0.0 654.0 3149.0 15168.0 62687.097375359415
0.0 3538.0 1670.0 8132.0 33569.37009156253
0.0 6760.0 70.0 259.0 1250.424765229041
0.0 4020.0 1436.0 7002.0 28718.49834437823
0.0 696.0 3134.0 14995.0 62253.780221437206
0.0 3640.0 1652.0 7655.0 32342.099633893577
0.0 710.0 3119.0 14992.0 62164.794148772824
0.0 674.0 3147.0 15047.0 62449.49822071878
0.0 3551.0 1695.0 8112.0 33454.80811526367
0.0 679.0 3140.0 15100.0 62394.42342300586
0.0 6748.0 75.0 271.0 1417.4100627143882
0.0 3834.0 1529.0 7621.0 30592.768654319098
0.0 3841.0 1545.0 7277.0 30620.192621839848
0.0 646.0 3165.0 15121.0 62659.7400632062
0.0 3740.0 1602.0 7693.0 31667.57145009515
0.0 725.0 3125.0 14863.0 61936.619296847384
0.0 3988.0 1492.0 6747.0 28954.323046875114
0.0 3746.0 1589.0 7611.0 31571.394348362202
0.0 6766.0 67.0 265.0 1212.3385501855735
0.0 6767.0 64.0 270.0 1191.8888764085648
0.0 6764.0 68.0 248.0 1243.6211572379311
0.0 3570.0 1699.0 7948.0 33482.97190896269
0.0 659.0 3156.0 15104.0 62629.0765956273
0.0 6772.0 62.0 274.0 1152.9251489219243
0.0 704.0 3123.0 15050.0 62105.99249283456
0.0 647.0 3169.0 15030.0 62740.67893747031
0.0 674.0 3156.0 15006.0 62412.82736521402
0.0 3497.0 1722.0 8198.0 34000.92811551399
0.0 6763.0 65.0 296.0 1251.8166305166253
0.0 6737.0 82.0 308.0 1549.8496510801642
0.0 3560.0 1701.0 7999.0 33403.15884899389
0.0 648.0 3155.0 15160.0 62728.431014766415
0.0 6755.0 71.0 273.0 1306.5300619840216
0.0 682.0 3138.0 15050.0 62365.16677514776
0.0 3576.0 1691.0 8016.0 33324.710774633
0.0 6755.0 74.0 265.0 1304.097660241356
0.0 3706.0 1613.0 7480.0 31928.162182032087
0.0 3632.0 1637.0 7935.0 32680.370805825514
0.0 6769.0 68.0 246.0 1170.802052279551
0.0 3708.0 1654.0 7375.0 31895.329919814627
0.0 3839.0 1524.0 7547.0 30474.07229165501
0.0 721.0 3121.0 15039.0 61969.23850535685
0.0 804.0 3087.0 14761.0 61093.26203617766
0.0 3662.0 1651.0 7816.0 32430.14987182915
0.0 3896.0 1573.0 7073.0 30080.253769832005
0.0 6758.0 72.0 268.0 1294.788566975688
0.0 6768.0 65.0 249.0 1193.1564924406327
0.0 640.0 3158.0 15184.0 62770.71532227106
0.0 6753.0 74.0 289.0 1345.532522378026
0.0 1019.0 2969.0 14202.0 58932.15043145958
0.0 6745.0 78.0 271.0 1450.010701730302
0.0 686.0 3136.0 15077.0 62353.76043463817
0.0 6769.0 59.0 276.0 1185.1697537915163
0.0 695.0 3132.0 15007.0 62279.541437190106
0.0 3573.0 1731.0 7807.0 33253.46365330868
0.0 806.0 3070.0 14800.0 61119.5832005014
0.0 659.0 3158.0 15092.0 62612.75226797539
0.0 659.0 3147.0 15066.0 62666.15404322235
0.0 3660.0 1645.0 7782.0 32478.54205164996
0.0 879.0 3048.0 14572.0 60381.97893915741
0.0 3563.0 1668.0 8101.0 33338.623473846514
0.0 3664.0 1639.0 7701.0 32254.135218116757
0.0 3523.0 1706.0 8300.0 33724.387233608635
0.0 697.0 3130.0 15027.0 62232.285733952216
0.0 1368.0 2829.0 13186.0 55482.8888749584
0.0 647.0 3162.0 15130.0 62704.474584738244
0.0 6710.0 101.0 389.0 1790.1411576642618
0.0 6755.0 69.0 296.0 1293.6732697076868
0.0 6754.0 76.0 264.0 1349.8365509003202
0.0 3603.0 1659.0 8103.0 32960.74170584256
0.0 744.0 3102.0 15016.0 61781.25108917585
0.0 6720.0 89.0 387.0 1674.320103405598
0.0 641.0 3158.0 15119.0 62824.46438959157
0.0 1395.0 2814.0 13054.0 55147.56344758531
0.0 4047.0 1441.0 6947.0 28264.41049941602
0.0 3946.0 1475.0 7125.0 29604.48521283042
0.0 631.0 3162.0 15128.0 62831.650768647654
0.0 1346.0 2838.0 13193.0 55731.17249830964
0.0 1007.0 2982.0 14206.0 59063.18922005346
0.0 3917.0 1500.0 7233.0 29821.949085590764
0.0 642.0 3163.0 15091.0 62778.40758356085
0.0 3919.0 1482.0 7376.0 30065.59850563162
0.0 3791.0 1571.0 7603.0 30987.528510452852
0.0 679.0 3138.0 15080.0 62437.96860486904
0.0 1332.0 2843.0 13293.0 55861.00364708624
0.0 689.0 3135.0 15028.0 62235.42447419293
0.0 3598.0 1667.0 7960.0 33104.76077032327
0.0 1075.0 2944.0 14018.0 58397.35881534535
0.0 759.0 3103.0 14844.0 61641.35703226051
0.0 3767.0 1594.0 7396.0 31324.663212329644
0.0 3661.0 1618.0 7987.0 32437.646555528892
0.0 4002.0 1480.0 6733.0 28926.696183281823
0.0 6770.0 66.0 241.0 1178.6375315992948
0.0 3659.0 1603.0 8095.0 32534.18779075959
0.0 4041.0 1480.0 6682.0 28730.36345085601
0.0 6766.0 64.0 268.0 1205.2412212487363
0.0 6771.0 60.0 281.0 1151.6608087200964
0.0 659.0 3162.0 15086.0 62591.12605635714
0.0 6747.0 77.0 296.0 1448.0227469429424
0.0 649.0 3152.0 15165.0 62759.95682237759
0.0 3614.0 1695.0 7777.0 32829.75960557879
0.0 6749.0 78.0 259.0 1447.2334314891968
0.0 1031.0 2966.0 14160.0 58827.013570030475
0.0 806.0 3071.0 14758.0 61062.0035097827
0.0 3935.0 1490.0 7212.0 29619.53637111118
0.0 648.0 3155.0 15128.0 62743.169501998505
0.0 642.0 3156.0 15147.0 62826.79969721659
0.0 3565.0 1706.0 7882.0 33343.518981378314
0.0 3663.0 1651.0 7613.0 32291.23824126478
0.0 3543.0 1675.0 8135.0 33354.19304303729
0.0 3678.0 1632.0 7646.0 32234.299481552538
0.0 3624.0 1655.0 7866.0 32918.48558055484
0.0 6776.0 56.0 254.0 1093.4505056067085
0.0 6743.0 81.0 294.0 1495.8980754171744
0.0 666.0 3144.0 15093.0 62548.20719499037
0.0 3941.0 1522.0 7082.0 29684.84594189201
0.0 6769.0 63.0 259.0 1158.0859129117418
0.0 674.0 3132.0 15086.0 62432.19653987732
0.0 6730.0 91.0 313.0 1591.9335073839738
0.0 3802.0 1586.0 7296.0 30892.751870586304
0.0 3536.0 1695.0 8042.0 33646.81475842461
0.0 661.0 3161.0 15024.0 62556.14531564918
0.0 3617.0 1682.0 7709.0 32823.15552217849
0.0 3739.0 1641.0 7348.0 31550.55525963773
0.0 6766.0 65.0 248.0 1213.5631622323224
0.0 3659.0 1622.0 7915.0 32222.161701404595
0.0 731.0 3122.0 14865.0 61824.1224081233
0.0 3621.0 1675.0 7733.0 32921.44132694071
0.0 3518.0 1706.0 8151.0 33831.35789935921
0.0 1143.0 2908.0 13912.0 57720.572847334355
0.0 663.0 3160.0 15009.0 62510.05357096232
0.0 6761.0 67.0 286.0 1289.7099125491343
0.0 3530.0 1718.0 8118.0 33672.704917470626
0.0 3749.0 1608.0 7606.0 31507.028609075503
0.0 3568.0 1677.0 8110.0 33258.748810524674
0.0 3728.0 1642.0 7405.0 31715.861558467255
0.0 707.0 3122.0 14993.0 62163.21539539229
0.0 691.0 3146.0 14910.0 62274.96383352428
0.0 3778.0 1595.0 7640.0 31124.806662275412
0.0 748.0 3107.0 14899.0 61697.909583164415
0.0 769.0 3097.0 14818.0 61439.43980090714
0.0 3616.0 1666.0 7773.0 32790.356942672166
0.0 6765.0 70.0 246.0 1216.357663498636
0.0 655.0 3161.0 15112.0 62626.86965308294
0.0 3936.0 1527.0 7062.0 29783.497230982714
0.0 6768.0 62.0 271.0 1194.7555296871155
0.0 698.0 3125.0 15067.0 62199.12807482713
0.0 3620.0 1636.0 8018.0 32784.35333617383
0.0 6742.0 77.0 298.0 1466.4167064931632
0.0 6764.0 63.0 292.0 1214.5988267142466
0.0 643.0 3160.0 15140.0 62680.470476217626
0.0 6759.0 71.0 253.0 1288.1637287189067
0.0 6747.0 75.0 295.0 1465.0571792264097
0.0 659.0 3144.0 15144.0 62579.13009555361
0.0 6769.0 66.0 248.0 1184.6393276378215
0.0 6754.0 70.0 290.0 1328.1889950683603
0.0 3874.0 1508.0 7284.0 30134.183102651095
0.0 3574.0 1662.0 8032.0 33557.49304170007
0.0 658.0 3154.0 15052.0 62650.83774082766
0.0 6760.0 64.0 287.0 1282.9776052271518
0.0 3679.0 1618.0 7690.0 32157.1814866218
0.0 6764.0 70.0 243.0 1223.3930655458241
0.0 622.0 3167.0 15164.0 62954.35224323498
0.0 719.0 3114.0 15048.0 62011.643221829785
0.0 3636.0 1635.0 7990.0 32714.242425523433
0.0 6759.0 68.0 278.0 1262.776294985423
0.0 6731.0 79.0 371.0 1624.498063854766
0.0 3659.0 1618.0 7916.0 32663.660312635806
0.0 648.0 3145.0 15180.0 62713.37180909771
0.0 656.0 3151.0 15163.0 62601.753925130266
0.0 6754.0 73.0 296.0 1323.797868637188
0.0 6753.0 72.0 303.0 1348.8064840302054
0.0 640.0 3161.0 15162.0 62851.56322721552
0.0 6758.0 68.0 294.0 1290.8621612185611
0.0 3758.0 1585.0 7776.0 31283.4636294185
0.0 6772.0 59.0 246.0 1153.5058425274508
0.0 3831.0 1578.0 7115.0 30668.49580754427
0.0 623.0 3164.0 15212.0 63000.13462557134
0.0 6767.0 65.0 265.0 1198.3241355225
0.0 3773.0 1563.0 7643.0 31040.094906954026
0.0 6770.0 61.0 262.0 1170.2670243484356
0.0 6765.0 62.0 281.0 1236.382326194263
0.0 726.0 3112.0 14983.0 61891.90702706658
0.0 6765.0 62.0 290.0 1216.7199636220303
0.0 6734.0 85.0 354.0 1552.502824696187
0.0 649.0 3158.0 15137.0 62666.70918584564
0.0 3911.0 1523.0 7176.0 29871.132241477004
0.0 6719.0 96.0 360.0 1702.4934794568753
0.0 851.0 3044.0 14704.0 60606.717317483555
0.0 816.0 3077.0 14673.0 61046.3866093799
0.0 3735.0 1629.0 7480.0 31734.529622516333
0.0 6765.0 67.0 282.0 1210.8010611085795
0.0 3749.0 1635.0 7334.0 31570.760838041813
0.0 6741.0 71.0 366.0 1458.2719753577499
0.0 787.0 3084.0 14782.0 61265.94533366015
0.0 657.0 3157.0 15097.0 62596.840482324165
0.0 6712.0 100.0 378.0 1776.5269665648343
0.0 729.0 3130.0 14863.0 61842.310414344116
0.0 3724.0 1604.0 7650.0 31753.109921073938
0.0 3585.0 1679.0 7871.0 33158.70319605702
0.0 637.0 3163.0 15118.0 62791.2690449677
0.0 3603.0 1669.0 7954.0 33054.49592621377
0.0 6773.0 59.0 249.0 1144.855393162385
0.0 6780.0 55.0 255.0 1072.8558532248805
0.0 660.0 3152.0 15112.0 62625.221574400835
0.0 3761.0 1604.0 7437.0 31319.735635989946
0.0 1012.0 2968.0 14247.0 59028.16653199666
0.0 6763.0 66.0 264.0 1216.574425459541
0.0 6746.0 73.0 316.0 1483.6277628485168
0.0 791.0 3097.0 14703.0 61242.94336287176
0.0 6757.0 69.0 287.0 1300.8337607455692
0.0 3618.0 1695.0 7695.0 33037.94980085293
0.0 1103.0 2931.0 13953.0 58154.91324221852
0.0 701.0 3126.0 15004.0 62143.92330601086
0.0 6733.0 87.0 323.0 1553.9993507648196
0.0 6699.0 108.0 400.0 1972.6347987591391
0.0 664.0 3146.0 15103.0 62544.50703716995
0.0 2401.0 2274.0 10845.0 45069.640230665354
0.0 6766.0 62.0 296.0 1209.5736461638435
0.0 3737.0 1604.0 7380.0 31510.500678795626
0.0 3666.0 1620.0 7828.0 32236.156090906326
0.0 3732.0 1621.0 7552.0 31669.3731916184
0.0 6774.0 60.0 261.0 1126.1034892672194
0.0 3961.0 1481.0 7181.0 29299.188481019082
0.0 3898.0 1521.0 7018.0 29955.458056333053
0.0 3923.0 1501.0 7133.0 29795.43126674245
0.0 803.0 3080.0 14791.0 61095.181418918975
0.0 3605.0 1685.0 7731.0 32932.184773100445
0.0 1332.0 2840.0 13306.0 55884.04195894912
0.0 3647.0 1636.0 7916.0 32464.99634889973
0.0 634.0 3165.0 15115.0 62797.025807195525
0.0 6761.0 68.0 263.0 1238.8975660704243
