0.0 1715.0 2609.0 12743.0 51815.5332325994
0.0 3781.0 1592.0 7473.0 31208.76867148088
0.0 886.0 3036.0 14593.0 60362.73682011599
0.0 1148.0 2905.0 13850.0 57708.248754491135
0.0 6763.0 69.0 253.0 1214.1271064504506
0.0 4009.0 1494.0 6799.0 29052.38363737998
0.0 3751.0 1584.0 7724.0 31436.868407394577
0.0 6752.0 70.0 303.0 1353.3842461900456
0.0 6766.0 67.0 242.0 1208.0068765336914
0.0 3665.0 1601.0 8016.0 32360.111179645603
0.0 4018.0 1474.0 6678.0 28908.944049382728
0.0 6755.0 68.0 306.0 1341.8251533473776
0.0 6744.0 74.0 312.0 1477.6667001840437
0.0 6770.0 60.0 289.0 1176.8258992189724
0.0 6759.0 65.0 309.0 1257.8761493007523
0.0 748.0 3114.0 14858.0 61628.54366142712
0.0 3624.0 1627.0 7909.0 32828.32876914972
0.0 6766.0 57.0 299.0 1198.093756935312
0.0 3793.0 1577.0 7427.0 31030.343726701693
0.0 6770.0 62.0 270.0 1157.0709927772332
0.0 689.0 3121.0 15090.0 62353.16710174278
0.0 3927.0 1525.0 7037.0 29609.947352812327
0.0 3523.0 1733.0 8027.0 33551.01976185861
0.0 3466.0 1701.0 8374.0 34511.591113277806
0.0 631.0 3156.0 15281.0 62884.64146660713
0.0 6745.0 79.0 285.0 1473.6649624692993
0.0 3561.0 1686.0 8042.0 33216.27112098397
0.0 3675.0 1613.0 7690.0 32470.8871961483
0.0 3700.0 1614.0 7643.0 31910.717000314424
0.0 3881.0 1523.0 7290.0 30286.050683912174
0.0 674.0 3127.0 15175.0 62506.64233735328
0.0 3757.0 1599.0 7399.0 31420.83957947055
0.0 3654.0 1635.0 7814.0 32327.33416403876
0.0 6761.0 68.0 280.0 1250.3054615560081
0.0 703.0 3133.0 14974.0 62220.641697949904
0.0 685.0 3123.0 15112.0 62391.30121776108
0.0 701.0 3134.0 14972.0 62194.015027523375
0.0 3761.0 1555.0 7681.0 31447.09365996576
0.0 666.0 3145.0 15076.0 62535.33115058927
0.0 665.0 3144.0 15097.0 62536.58318029019
0.0 3605.0 1686.0 7845.0 33118.18215642537
0.0 6757.0 69.0 277.0 1270.2858835197633
0.0 3524.0 1742.0 7950.0 33784.58687136066
0.0 3671.0 1621.0 7879.0 32331.267616209752
0.0 3677.0 1624.0 7822.0 32285.700363023523
0.0 710.0 3113.0 15007.0 62094.99240298399
0.0 672.0 3143.0 15086.0 62442.7961684085
0.0 3597.0 1674.0 7668.0 33125.154054173065
0.0 1001.0 2969.0 14284.0 59170.94190955658
0.0 653.0 3151.0 15154.0 62654.99571475306
0.0 652.0 3151.0 15093.0 62660.319477359444
0.0 3692.0 1643.0 7672.0 32069.72481892622
0.0 6734.0 82.0 342.0 1537.0389818461026
0.0 3581.0 1640.0 8149.0 33178.56337854585
0.0 3807.0 1583.0 7345.0 31052.82086025065
0.0 6772.0 60.0 243.0 1132.2314389538146
0.0 3596.0 1668.0 7864.0 32972.08295583719
0.0 6773.0 62.0 234.0 1150.5513133156503
0.0 3685.0 1625.0 7855.0 32199.345800657706
0.0 679.0 3134.0 15066.0 62380.25309326697
0.0 3600.0 1645.0 8081.0 32980.96801660339
0.0 717.0 3130.0 14907.0 61961.807719626326
0.0 642.0 3167.0 15127.0 62703.297162210714
0.0 658.0 3146.0 15091.0 62586.706305339605
0.0 641.0 3161.0 15163.0 62744.45675196611
0.0 3563.0 1723.0 7862.0 33548.7811797236
0.0 3722.0 1612.0 7674.0 31751.852842588003
0.0 3534.0 1719.0 8026.0 33817.62860343651
0.0 4575.0 1199.0 5472.0 23090.281185864766
0.0 781.0 3088.0 14790.0 61370.295695347064
0.0 6768.0 71.0 246.0 1193.1176979599138
0.0 717.0 3133.0 14878.0 61956.5472642748
0.0 3555.0 1731.0 7807.0 33619.28249861784
0.0 6763.0 69.0 247.0 1233.6738648826486
0.0 3586.0 1683.0 7779.0 33269.977430182094
0.0 889.0 3049.0 14469.0 60338.248212015795
0.0 692.0 3137.0 14994.0 62262.64584137524
0.0 721.0 3122.0 14941.0 61988.65400479266
0.0 1006.0 2966.0 14232.0 59160.637882133575
0.0 759.0 3095.0 14892.0 61646.48381545208
0.0 727.0 3118.0 14937.0 61927.26098089694
0.0 3881.0 1542.0 7183.0 30216.384062111953
0.0 3802.0 1564.0 7419.0 30893.189458067427
0.0 1086.0 2923.0 14089.0 58309.72606556078
0.0 3630.0 1653.0 7845.0 32619.62003541382
0.0 3935.0 1499.0 7049.0 29625.606882394488
0.0 696.0 3138.0 14953.0 62152.32806500434
0.0 1002.0 2982.0 14212.0 59164.68494441575
0.0 654.0 3155.0 15087.0 62671.94139225383
0.0 3649.0 1682.0 7676.0 32375.49621638612
0.0 6769.0 64.0 247.0 1172.202049130386
0.0 779.0 3088.0 14810.0 61340.44565005774
0.0 3763.0 1570.0 7586.0 31371.838797053293
0.0 6732.0 84.0 333.0 1620.26105084982
0.0 3747.0 1574.0 7673.0 31561.154032564606
0.0 3694.0 1629.0 7604.0 32035.786712719455
0.0 661.0 3146.0 15088.0 62559.9956757548
0.0 3643.0 1637.0 7991.0 32599.79588115284
0.0 3557.0 1676.0 8090.0 33399.49009493441
0.0 645.0 3154.0 15116.0 62747.52300075901
0.0 3765.0 1574.0 7661.0 31259.991246400437
0.0 3620.0 1682.0 7781.0 32673.243072037792
0.0 656.0 3142.0 15176.0 62660.41827817083
0.0 715.0 3130.0 14869.0 62027.232883270255
0.0 3813.0 1536.0 7742.0 30871.921627742166
0.0 6753.0 77.0 281.0 1354.6028048656615
0.0 6749.0 76.0 281.0 1405.4941521674837
0.0 6766.0 62.0 272.0 1214.5423988274142
0.0 3747.0 1609.0 7515.0 31432.059180150474
0.0 634.0 3168.0 15129.0 62827.69246927019
0.0 1308.0 2866.0 13243.0 56118.64975077777
0.0 6772.0 66.0 227.0 1175.7630062370013
0.0 4847.0 1028.0 4932.0 20468.722796298618
0.0 647.0 3156.0 15128.0 62704.88967611293
0.0 6746.0 79.0 281.0 1455.5892237306687
0.0 6771.0 57.0 264.0 1133.340240671333
0.0 6753.0 69.0 287.0 1366.7422492161245
0.0 1052.0 2953.0 14143.0 58598.21580395275
0.0 3687.0 1669.0 7413.0 32216.70212997552
0.0 6766.0 66.0 273.0 1205.1871218588026
0.0 3699.0 1659.0 7547.0 31919.735989685993
0.0 1001.0 2975.0 14229.0 59175.859311314416
0.0 3686.0 1602.0 7858.0 32207.303685710627
0.0 6761.0 64.0 297.0 1268.871165622851
0.0 1029.0 2969.0 14120.0 58860.41390008333
0.0 3947.0 1501.0 6997.0 29511.625256037267
0.0 3579.0 1712.0 7767.0 33096.938376065984
0.0 6735.0 82.0 320.0 1575.1120742270562
0.0 4028.0 1482.0 6770.0 28796.622858135484
0.0 711.0 3125.0 14993.0 62044.98682399295
0.0 3653.0 1636.0 7895.0 32355.42991592274
0.0 6763.0 64.0 271.0 1221.0053616697294
0.0 695.0 3133.0 15006.0 62248.580755593735
0.0 3672.0 1650.0 7819.0 32146.6875092497
0.0 6760.0 67.0 297.0 1273.376025602356
0.0 3676.0 1644.0 7746.0 32047.15815639686
0.0 1389.0 2810.0 13134.0 55246.376022751814
0.0 740.0 3107.0 14951.0 61803.72364417485
0.0 3933.0 1524.0 6990.0 29652.468583714406
0.0 651.0 3147.0 15143.0 62682.133512578155
0.0 672.0 3138.0 15087.0 62514.79878627797
0.0 3596.0 1656.0 7965.0 32810.31081056311
0.0 3626.0 1665.0 7845.0 32897.779064178976
0.0 683.0 3143.0 14985.0 62364.069930555495
0.0 640.0 3169.0 15047.0 62708.39785641285
0.0 702.0 3119.0 15060.0 62207.456877111246
0.0 699.0 3146.0 14923.0 62147.51190052847
0.0 6759.0 73.0 260.0 1283.9182574331685
0.0 3852.0 1552.0 7148.0 30570.292065980353
0.0 6767.0 68.0 263.0 1204.5557607343935
0.0 6759.0 73.0 267.0 1246.0626303483798
0.0 649.0 3160.0 15123.0 62700.49980173218
0.0 3587.0 1691.0 7844.0 33183.40180425552
0.0 6757.0 63.0 313.0 1303.9652213995807
0.0 6761.0 64.0 298.0 1256.9133737822497
0.0 3536.0 1719.0 7887.0 33470.06796172949
0.0 3868.0 1529.0 7283.0 30187.987761810167
0.0 3739.0 1619.0 7539.0 31679.073134478807
0.0 3608.0 1665.0 7909.0 33138.018800814534
0.0 3545.0 1704.0 8079.0 33592.7994616894
0.0 3724.0 1630.0 7510.0 31721.624503043942
0.0 6753.0 69.0 308.0 1316.2837620469913
0.0 6752.0 77.0 275.0 1412.3210880986633
0.0 6740.0 80.0 317.0 1476.6285298803368
0.0 1022.0 2958.0 14177.0 58987.80629828246
0.0 6776.0 60.0 261.0 1104.9233381238212
0.0 6757.0 74.0 269.0 1292.4366603511453
0.0 3737.0 1592.0 7631.0 31635.637345233972
0.0 656.0 3155.0 15062.0 62657.72289732973
0.0 6750.0 72.0 309.0 1432.0661174654003
0.0 4012.0 1484.0 6923.0 28893.355496847424
0.0 657.0 3154.0 15023.0 62608.267659145815
0.0 3600.0 1668.0 7871.0 32823.6412589771
0.0 6767.0 62.0 281.0 1184.5540003428196
0.0 887.0 3052.0 14488.0 60247.162786257024
0.0 637.0 3154.0 15162.0 62835.17316442019
0.0 3613.0 1676.0 7758.0 32891.87438407784
0.0 6764.0 68.0 269.0 1228.8722272641141
0.0 6764.0 68.0 256.0 1232.2611069276982
0.0 3938.0 1530.0 6863.0 29571.040454503483
0.0 3514.0 1682.0 8429.0 33791.107581562734
0.0 3040.0 1920.0 9411.0 38734.56385184318
0.0 6756.0 75.0 257.0 1336.4987224472793
0.0 3807.0 1596.0 7291.0 30783.7702480978
0.0 701.0 3134.0 14975.0 62142.30384735286
0.0 3554.0 1688.0 8045.0 33443.6458923108
0.0 686.0 3146.0 14987.0 62334.7103804777
0.0 825.0 3068.0 14707.0 60850.85969262761
0.0 3740.0 1618.0 7362.0 31701.246298082653
0.0 758.0 3104.0 14840.0 61586.02818709948
0.0 3580.0 1699.0 7710.0 33229.53965200367
0.0 6768.0 65.0 248.0 1170.59641587565
0.0 3781.0 1565.0 7475.0 31163.431212694486
0.0 6760.0 71.0 260.0 1262.296259342277
0.0 6737.0 81.0 303.0 1569.7702300483666
0.0 686.0 3149.0 14974.0 62284.095642496424
0.0 669.0 3134.0 15165.0 62500.79808066552
0.0 701.0 3130.0 15013.0 62192.80572887089
0.0 3710.0 1606.0 7710.0 32041.950140656285
0.0 737.0 3118.0 14930.0 61772.51177702389
0.0 3610.0 1688.0 7810.0 33039.12033193279
0.0 6761.0 65.0 283.0 1252.7819655099345
0.0 6769.0 64.0 250.0 1165.3100583022785
0.0 3633.0 1670.0 7667.0 32774.93007932268
0.0 3572.0 1676.0 8099.0 33243.485315579564
0.0 3730.0 1611.0 7546.0 31595.39326217308
0.0 6765.0 62.0 287.0 1219.3358847507077
0.0 3643.0 1642.0 7743.0 32674.96390604967
0.0 6760.0 65.0 288.0 1282.445573226889
0.0 773.0 3102.0 14796.0 61357.45110903097
0.0 6771.0 62.0 262.0 1173.8459374067813
0.0 3885.0 1524.0 7198.0 30165.388885818575
0.0 714.0 3136.0 14904.0 61999.5608304297
0.0 3547.0 1690.0 8013.0 33367.21428199804
0.0 6763.0 65.0 269.0 1232.0526202986503
0.0 847.0 3065.0 14621.0 60667.18091615915
0.0 6762.0 70.0 253.0 1237.3521838000352
0.0 706.0 3137.0 14920.0 62029.2631503292
0.0 3851.0 1548.0 7411.0 30320.426422807308
0.0 6740.0 82.0 297.0 1522.5671429670517
0.0 3812.0 1561.0 7465.0 30888.81356802346
0.0 3729.0 1604.0 7678.0 31712.11847929526
0.0 628.0 3173.0 15101.0 62904.43138642388
0.0 995.0 2985.0 14234.0 59229.86359873748
0.0 6748.0 78.0 302.0 1397.4424653183637
0.0 3778.0 1597.0 7496.0 31198.72646953714
0.0 6762.0 65.0 276.0 1236.6654658372793
0.0 3649.0 1634.0 7681.0 32404.69537141792
0.0 6756.0 72.0 296.0 1307.8865202838238
0.0 3626.0 1641.0 7846.0 32953.63681104559
0.0 644.0 3149.0 15184.0 62708.818786365686
0.0 708.0 3140.0 14901.0 62055.3178461205
0.0 663.0 3156.0 15035.0 62550.376771760646
0.0 6744.0 76.0 308.0 1490.1872091478856
0.0 741.0 3116.0 14901.0 61701.65764358883
0.0 3566.0 1661.0 8244.0 33533.3912999426
0.0 4023.0 1503.0 6583.0 28853.394051278246
0.0 6751.0 78.0 289.0 1376.670189149501
0.0 6760.0 68.0 292.0 1264.5807731823222
0.0 641.0 3156.0 15232.0 62826.360236662986
0.0 3611.0 1669.0 7853.0 32913.43622338017
0.0 688.0 3142.0 15046.0 62319.82323873127
0.0 3564.0 1687.0 7930.0 33464.69398718853
0.0 3682.0 1637.0 7645.0 32195.301767964967
0.0 6774.0 58.0 264.0 1131.1843664171631
0.0 6764.0 60.0 304.0 1226.5380353425567
0.0 3670.0 1631.0 7778.0 32587.72706275309
0.0 6768.0 67.0 249.0 1169.1861654833851
0.0 3585.0 1698.0 7813.0 33068.05593422485
0.0 1059.0 2950.0 14085.0 58594.737531433784
