0.0 14.0 143706.0 3.046484926417126 67.0 5287056.0 2322.0 193.0
0.0 19.0 117768.0 2.700079697658956 84.0 7868224.0 1942.0 144.0
0.0 30.0 85983.0 0.6427482161477456 124.0 2.7102681E7 1348.0 76.0
0.0 10.0 151906.0 4.453171856508312 63.0 3868320.0 2535.0 229.0
0.0 23.0 111737.0 1.015106531290441 95.0 1.9757E7 1646.0 137.0
0.0 17.0 186417.0 1.9504837054159054 27.0 1.119124E7 2289.0 201.0
0.0 40.0 32507.0 0.1456664936854115 230.0 6.0525591E7 658.0 26.0
0.0 20.0 170766.0 1.2971730093208291 40.0 1.7096722E7 2098.0 181.0
0.0 37.0 35459.0 0.1456664936854115 227.0 5.9375394E7 753.0 34.0
0.0 6.0 276516.0 2.1363118818329974 11.0 1.292258E7 2672.0 543.0
0.0 6.0 276516.0 2.1363118818329974 11.0 1.292258E7 2672.0 543.0
0.0 29.0 71792.0 0.35703393043346 178.0 3.1557177E7 1309.0 78.0
0.0 18.0 185125.0 1.3504837054159056 28.0 1.6450765E7 2195.0 199.0
0.0 25.0 97378.0 0.9617958351953646 107.0 2.0402957E7 1549.0 119.0
0.0 15.0 144380.0 1.6147103180467735 74.0 1.5963901E7 2196.0 203.0
0.0 26.0 93438.0 0.9617958351953646 107.0 2.0795662E7 1536.0 110.0
0.0 18.0 121074.0 2.7639094848929986 84.0 7629836.0 1994.0 145.0
0.0 23.0 98954.0 1.6083074631023415 106.0 1.4396184E7 1718.0 122.0
0.0 1.0 335708.0 4.374773420294535 0.0 747248.0 2985.0 555.0
0.0 18.0 185125.0 1.3504837054159056 28.0 1.6450765E7 2195.0 199.0
0.0 22.0 112021.0 1.0616181591974176 95.0 1.9009752E7 1721.0 138.0
0.0 38.0 40983.0 0.21920279345121946 214.0 5.0006541E7 846.0 29.0
0.0 16.0 141265.0 1.4718531751896307 78.0 1.6190196E7 2153.0 188.0
0.0 26.0 74561.0 0.6749741297690082 169.0 2.5263512E7 1509.0 90.0
0.0 32.0 52509.0 0.48770738827160376 205.0 3.3077769E7 1223.0 43.0
0.0 23.0 98954.0 1.6083074631023415 106.0 1.4396184E7 1718.0 122.0
0.0 16.0 141265.0 1.4718531751896307 78.0 1.6190196E7 2153.0 188.0
0.0 1.0 335708.0 4.374773420294535 0.0 747248.0 2985.0 555.0
0.0 30.0 81954.0 0.8164324266740614 138.0 2.2558719E7 1411.0 66.0
0.0 34.0 71013.0 0.5838644475865578 136.0 3.8255595E7 1072.0 65.0
0.0 13.0 166693.0 1.6424880958245511 66.0 1.551586E7 2284.0 280.0
0.0 17.0 201478.0 1.2466621359884609 34.0 2.181338E7 2010.0 291.0
0.0 20.0 129157.0 1.1532257242092379 90.0 1.8532976E7 1825.0 144.0
0.0 23.0 98954.0 1.6083074631023415 106.0 1.4396184E7 1718.0 122.0
0.0 37.0 35459.0 0.1456664936854115 227.0 5.9375394E7 753.0 34.0
0.0 18.0 185125.0 1.3504837054159056 28.0 1.6450765E7 2195.0 199.0
0.0 21.0 182788.0 1.2717140129927997 38.0 1.8238868E7 1890.0 194.0
0.0 28.0 87826.0 1.4427482161477456 122.0 1.6583631E7 1536.0 78.0
0.0 17.0 186417.0 1.9504837054159054 27.0 1.119124E7 2289.0 201.0
0.0 31.0 65156.0 0.35703393043346 182.0 3.2362206E7 1254.0 60.0
0.0 26.0 104888.0 0.7669754509012962 99.0 3.0514438E7 1406.0 130.0
0.0 34.0 71013.0 0.5838644475865578 136.0 3.8255595E7 1072.0 65.0
0.0 26.0 74561.0 0.6749741297690082 169.0 2.5263512E7 1509.0 90.0
0.0 26.0 91448.0 0.9606884154832936 111.0 2.0396692E7 1590.0 97.0
0.0 26.0 162747.0 0.9438052228612922 55.0 4.4536493E7 1420.0 179.0
0.0 15.0 142557.0 2.0718531751896307 77.0 1.0930671E7 2247.0 190.0
0.0 20.0 184290.0 1.1039720775089286 29.0 2.2457538E7 2026.0 198.0
0.0 14.0 158210.0 1.6424880958245511 69.0 1.5725513E7 2248.0 208.0
0.0 11.0 163957.0 3.280949634286089 58.0 4583985.0 2469.0 214.0
0.0 26.0 71738.0 2.242007096801975 170.0 1.5213905E7 1644.0 67.0
0.0 28.0 67382.0 0.43307079679290705 175.0 3.6181532E7 1267.0 96.0
0.0 10.0 165419.0 3.4809496342860893 58.0 4377180.0 2512.0 234.0
0.0 37.0 35459.0 0.1456664936854115 227.0 5.9375394E7 753.0 34.0
0.0 4.0 270624.0 3.7419865350486337 0.0 2062849.0 2886.0 459.0
0.0 3.0 273307.0 4.341986535048633 0.0 1315601.0 2961.0 464.0
0.0 25.0 92740.0 1.5606884154832938 110.0 1.5137167E7 1684.0 99.0
0.0 11.0 163957.0 3.280949634286089 58.0 4583985.0 2469.0 214.0
0.0 13.0 211748.0 1.584781328907258 22.0 1.4737017E7 2425.0 226.0
0.0 25.0 76835.0 0.7225931773880558 165.0 2.4915234E7 1530.0 104.0
0.0 22.0 182237.0 1.0717140129927996 39.0 2.3498393E7 1796.0 194.0
0.0 15.0 155095.0 1.4996309529674083 73.0 1.5951808E7 2205.0 193.0
0.0 23.0 125016.0 0.8428843090682188 91.0 2.4778137E7 1604.0 142.0
0.0 15.0 194612.0 1.4931737638954379 27.0 1.5213793E7 2321.0 220.0
0.0 32.0 84658.0 0.6427482161477456 125.0 2.7736545E7 1260.0 75.0
0.0 35.0 43935.0 0.21920279345121946 211.0 4.8856344E7 941.0 37.0
0.0 23.0 125016.0 0.8428843090682188 91.0 2.4778137E7 1604.0 142.0
0.0 31.0 65156.0 0.35703393043346 182.0 3.2362206E7 1254.0 60.0
0.0 27.0 76000.0 0.47608154948107906 166.0 3.0922007E7 1361.0 103.0
0.0 38.0 29702.0 0.127147975166893 241.0 6.4634919E7 659.0 30.0
0.0 23.0 125016.0 0.8428843090682188 91.0 2.4778137E7 1604.0 142.0
0.0 43.0 24755.0 0.05139039940931722 249.0 7.6304166E7 376.0 20.0
0.0 32.0 76367.0 0.5997374634595737 133.0 3.2588501E7 1211.0 69.0
0.0 12.0 162665.0 2.680949634286089 59.0 9843510.0 2375.0 212.0
0.0 11.0 223346.0 1.7276384717644009 15.0 1.4301069E7 2504.0 313.0
0.0 43.0 24755.0 0.05139039940931722 249.0 7.6304166E7 376.0 20.0
0.0 13.0 159502.0 2.242488095824551 68.0 1.0465988E7 2342.0 210.0
0.0 4.0 270624.0 3.7419865350486337 0.0 2062849.0 2886.0 459.0
0.0 32.0 56538.0 0.314023177745288 191.0 3.7621731E7 1160.0 53.0
0.0 4.0 270624.0 3.7419865350486337 0.0 2062849.0 2886.0 459.0
0.0 12.0 150127.0 3.2531718565083114 63.0 4822373.0 2417.0 209.0
0.0 22.0 166542.0 1.2506613814138523 40.0 1.8236675E7 2010.0 171.0
0.0 43.0 24755.0 0.05139039940931722 249.0 7.6304166E7 376.0 20.0
0.0 11.0 223346.0 1.7276384717644009 15.0 1.4301069E7 2504.0 313.0
0.0 15.0 194612.0 1.4931737638954379 27.0 1.5213793E7 2321.0 220.0
0.0 28.0 88468.0 0.9141767875763169 115.0 2.1556264E7 1473.0 87.0
0.0 33.0 71340.0 0.5838644475865578 135.0 3.7848026E7 1117.0 66.0
0.0 38.0 62444.0 0.4845363957132083 146.0 5.4550503E7 783.0 52.0
0.0 29.0 80186.0 0.6502804876868085 122.0 4.1441057E7 1173.0 106.0
0.0 39.0 57416.0 0.42056333174014426 160.0 6.455322E7 602.0 54.0
0.0 12.0 150127.0 3.2531718565083114 63.0 4822373.0 2417.0 209.0
0.0 20.0 129157.0 1.1532257242092379 90.0 1.8532976E7 1825.0 144.0
0.0 12.0 202373.0 2.5954650895910185 17.0 9093402.0 2500.0 225.0
0.0 19.0 119782.0 2.163909484892999 85.0 1.2889361E7 1900.0 143.0
0.0 32.0 56538.0 0.314023177745288 191.0 3.7621731E7 1160.0 53.0
0.0 24.0 94499.0 2.599149953944832 104.0 9667488.0 1769.0 94.0
0.0 29.0 80186.0 0.6502804876868085 122.0 4.1441057E7 1173.0 106.0
0.0 18.0 121074.0 2.7639094848929986 84.0 7629836.0 1994.0 145.0
0.0 32.0 56538.0 0.314023177745288 191.0 3.7621731E7 1160.0 53.0
0.0 41.0 26179.0 0.08169342971234753 245.0 7.0637072E7 515.0 22.0
0.0 13.0 211748.0 1.584781328907258 22.0 1.4737017E7 2425.0 226.0
0.0 25.0 171365.0 0.9868159755494644 46.0 3.9276968E7 1514.0 186.0
0.0 20.0 129157.0 1.1532257242092379 90.0 1.8532976E7 1825.0 144.0
0.0 3.0 273307.0 4.341986535048633 0.0 1315601.0 2961.0 464.0
0.0 32.0 52509.0 0.48770738827160376 205.0 3.3077769E7 1223.0 43.0
0.0 36.0 49006.0 0.28770738827160375 209.0 3.9487491E7 1034.0 35.0
0.0 13.0 211748.0 1.584781328907258 22.0 1.4737017E7 2425.0 226.0
0.0 10.0 206780.0 3.338322232448161 12.0 3607582.0 2637.0 242.0
0.0 24.0 174214.0 1.0032094181724152 44.0 3.4017443E7 1608.0 188.0
0.0 35.0 43935.0 0.21920279345121946 211.0 4.8856344E7 941.0 37.0
0.0 25.0 92565.0 2.5277213825162606 112.0 9954380.0 1738.0 83.0
0.0 11.0 216155.0 2.3276384717644008 17.0 9251197.0 2562.0 243.0
0.0 27.0 88110.0 1.4892598440547224 122.0 1.5836383E7 1611.0 79.0
0.0 18.0 121074.0 2.7639094848929986 84.0 7629836.0 1994.0 145.0
0.0 34.0 70384.0 0.7734216739858893 150.0 2.8968441E7 1222.0 51.0
0.0 27.0 88110.0 1.4892598440547224 122.0 1.5836383E7 1611.0 79.0
0.0 25.0 92565.0 2.5277213825162606 112.0 9954380.0 1738.0 83.0
0.0 29.0 160172.0 0.9135021925582619 58.0 5.0229118E7 1240.0 176.0
0.0 29.0 87917.0 0.714176787576317 116.0 2.6815789E7 1379.0 87.0
0.0 29.0 160172.0 0.9135021925582619 58.0 5.0229118E7 1240.0 176.0
0.0 41.0 26179.0 0.08169342971234753 245.0 7.0637072E7 515.0 22.0
0.0 42.0 25852.0 0.08169342971234753 246.0 7.1044641E7 470.0 21.0
0.0 9.0 220610.0 3.3661000102259386 7.0 3369194.0 2689.0 247.0
0.0 22.0 102117.0 2.04676900156388 97.0 1.3773706E7 1751.0 124.0
0.0 33.0 51511.0 0.29815016187227206 193.0 4.2881256E7 1066.0 50.0
0.0 20.0 184290.0 1.1039720775089286 29.0 2.2457538E7 2026.0 198.0
0.0 14.0 145720.0 2.5103147136511685 68.0 1.0308193E7 2280.0 192.0
0.0 12.0 214863.0 1.7276384717644009 18.0 1.4510722E7 2468.0 241.0
0.0 21.0 103409.0 2.6467690015638796 96.0 8514181.0 1845.0 126.0
0.0 21.0 183019.0 1.0717140129927996 30.0 2.2695926E7 1974.0 194.0
0.0 12.0 150127.0 3.2531718565083114 63.0 4822373.0 2417.0 209.0
0.0 7.0 235268.0 3.699433343559272 3.0 2760226.0 2778.0 313.0
0.0 30.0 65707.0 0.5570339304334601 181.0 2.7102681E7 1348.0 60.0
0.0 29.0 71792.0 0.35703393043346 178.0 3.1557177E7 1309.0 78.0
0.0 31.0 73972.0 0.6026614400677608 126.0 4.218204E7 1139.0 83.0
0.0 9.0 250025.0 1.8609718050977342 11.0 1.3617987E7 2579.0 399.0
0.0 25.0 109915.0 0.782848466774312 97.0 2.5254913E7 1500.0 133.0
0.0 7.0 224755.0 4.1661000102259385 7.0 2415141.0 2807.0 272.0
0.0 10.0 165419.0 3.4809496342860893 58.0 4377180.0 2512.0 234.0
0.0 40.0 55789.0 0.42056333174014426 162.0 6.5069553E7 595.0 47.0
0.0 20.0 129157.0 1.1532257242092379 90.0 1.8532976E7 1825.0 144.0
0.0 11.0 216155.0 2.3276384717644008 17.0 9251197.0 2562.0 243.0
0.0 17.0 124189.0 2.9067666277501414 80.0 7403541.0 2037.0 160.0
0.0 30.0 65707.0 0.5570339304334601 181.0 2.7102681E7 1348.0 60.0
0.0 12.0 214863.0 1.7276384717644009 18.0 1.4510722E7 2468.0 241.0
0.0 22.0 102117.0 2.04676900156388 97.0 1.3773706E7 1751.0 124.0
0.0 12.0 214863.0 1.7276384717644009 18.0 1.4510722E7 2468.0 241.0
0.0 21.0 103409.0 2.6467690015638796 96.0 8514181.0 1845.0 126.0
0.0 25.0 92740.0 1.5606884154832938 110.0 1.5137167E7 1684.0 99.0
0.0 25.0 92740.0 1.5606884154832938 110.0 1.5137167E7 1684.0 99.0
0.0 26.0 71738.0 2.242007096801975 170.0 1.5213905E7 1644.0 67.0
0.0 31.0 77365.0 0.5997374634595737 133.0 3.2362206E7 1254.0 69.0
0.0 31.0 77365.0 0.5997374634595737 133.0 3.2362206E7 1254.0 69.0
0.0 26.0 71738.0 2.242007096801975 170.0 1.5213905E7 1644.0 67.0
0.0 35.0 68017.0 0.5312328686391894 139.0 4.351512E7 978.0 62.0
0.0 23.0 97195.0 2.599149953944832 100.0 9255164.0 1811.0 103.0
0.0 17.0 201478.0 1.2466621359884609 34.0 2.181338E7 2010.0 291.0
0.0 22.0 99469.0 2.6467690015638796 96.0 8906886.0 1832.0 117.0
0.0 31.0 85209.0 0.8427482161477455 124.0 2.247702E7 1354.0 75.0
0.0 37.0 64071.0 0.4845363957132083 144.0 5.403417E7 790.0 59.0
0.0 39.0 38134.0 0.20280935082826865 216.0 5.5266066E7 752.0 27.0
0.0 26.0 90044.0 1.5606884154832938 114.0 1.5549491E7 1642.0 90.0
0.0 20.0 170766.0 1.2971730093208291 40.0 1.7096722E7 2098.0 181.0
0.0 27.0 91164.0 0.9141767875763169 111.0 2.114394E7 1515.0 96.0
0.0 27.0 91164.0 0.9141767875763169 111.0 2.114394E7 1515.0 96.0
0.0 17.0 124189.0 2.9067666277501414 80.0 7403541.0 2037.0 160.0
0.0 8.0 222072.0 3.566100010225939 7.0 3162389.0 2732.0 267.0
0.0 10.0 236829.0 1.7276384717644009 15.0 1.402015E7 2533.0 353.0
0.0 28.0 90613.0 0.714176787576317 112.0 2.6403465E7 1421.0 96.0
0.0 11.0 203665.0 3.195465089591018 16.0 3833877.0 2594.0 227.0
0.0 37.0 43979.0 0.2718343723985879 211.0 4.4747016E7 940.0 32.0
0.0 9.0 250025.0 1.8609718050977342 11.0 1.3617987E7 2579.0 399.0
0.0 35.0 68017.0 0.5312328686391894 139.0 4.351512E7 978.0 62.0
0.0 30.0 77337.0 0.6338870450638576 124.0 4.6700582E7 1079.0 104.0
0.0 23.0 164268.0 1.2030423337948046 44.0 1.8584953E7 1989.0 157.0
0.0 25.0 171365.0 0.9868159755494644 46.0 3.9276968E7 1514.0 186.0
0.0 33.0 76040.0 0.5997374634595737 134.0 3.299607E7 1166.0 68.0
0.0 22.0 182237.0 1.0717140129927996 39.0 2.3498393E7 1796.0 194.0
0.0 26.0 96827.0 0.7617958351953646 108.0 2.5662482E7 1455.0 119.0
0.0 34.0 48515.0 0.24551858292490367 196.0 4.8140781E7 972.0 47.0
0.0 22.0 182237.0 1.0717140129927996 39.0 2.3498393E7 1796.0 194.0
0.0 24.0 110466.0 0.9828484667743119 96.0 1.9995388E7 1594.0 133.0
0.0 26.0 104888.0 0.7669754509012962 99.0 3.0514438E7 1406.0 130.0
0.0 23.0 97195.0 2.599149953944832 100.0 9255164.0 1811.0 103.0
0.0 6.0 243751.0 3.699433343559272 0.0 2550573.0 2814.0 385.0
0.0 16.0 207607.0 1.2744399137662386 23.0 2.0982178E7 2204.0 224.0
0.0 6.0 243751.0 3.699433343559272 0.0 2550573.0 2814.0 385.0
0.0 37.0 64071.0 0.4845363957132083 144.0 5.403417E7 790.0 59.0
0.0 38.0 29702.0 0.127147975166893 241.0 6.4634919E7 659.0 30.0
0.0 33.0 51511.0 0.29815016187227206 193.0 4.2881256E7 1066.0 50.0
0.0 25.0 97378.0 0.9617958351953646 107.0 2.0402957E7 1549.0 119.0
0.0 35.0 68017.0 0.5312328686391894 139.0 4.351512E7 978.0 62.0
0.0 18.0 134161.0 1.3607420640785195 79.0 1.7014844E7 2069.0 173.0
0.0 26.0 162747.0 0.9438052228612922 55.0 4.4536493E7 1420.0 179.0
0.0 19.0 198120.0 1.1317498552867062 24.0 2.221915E7 2078.0 203.0
0.0 28.0 88468.0 0.9141767875763169 115.0 2.1556264E7 1473.0 87.0
0.0 21.0 115327.0 1.1254479464314602 95.0 1.8771364E7 1773.0 139.0
0.0 17.0 137959.0 1.4080233879555881 78.0 1.6428584E7 2101.0 187.0
0.0 29.0 86534.0 0.8427482161477455 123.0 2.1843156E7 1442.0 76.0
0.0 25.0 109915.0 0.782848466774312 97.0 2.5254913E7 1500.0 133.0
0.0 19.0 198120.0 1.1317498552867062 24.0 2.221915E7 2078.0 203.0
0.0 25.0 109915.0 0.782848466774312 97.0 2.5254913E7 1500.0 133.0
0.0 9.0 220610.0 3.3661000102259386 7.0 3369194.0 2689.0 247.0
0.0 9.0 220610.0 3.3661000102259386 7.0 3369194.0 2689.0 247.0
0.0 28.0 88804.0 0.6932912403749805 113.0 3.6181532E7 1267.0 113.0
0.0 29.0 86534.0 0.8427482161477455 123.0 2.1843156E7 1442.0 76.0
0.0 13.0 147012.0 3.1103147136511686 67.0 5048668.0 2374.0 194.0
0.0 26.0 76284.0 0.5225931773880558 166.0 3.0174759E7 1436.0 104.0
0.0 14.0 197918.0 1.5570035511294804 27.0 1.4975405E7 2373.0 221.0
0.0 29.0 86534.0 0.8427482161477455 123.0 2.1843156E7 1442.0 76.0
0.0 32.0 71123.0 0.58626799744481 128.0 4.7441565E7 1045.0 81.0
0.0 10.0 236829.0 1.7276384717644009 15.0 1.402015E7 2533.0 353.0
0.0 33.0 79002.0 0.8164324266740614 141.0 2.3708916E7 1316.0 58.0
0.0 27.0 94553.0 0.714176787576317 112.0 2.601076E7 1434.0 105.0
0.0 22.0 112021.0 1.0616181591974176 95.0 1.9009752E7 1721.0 138.0
0.0 13.0 147012.0 3.1103147136511686 67.0 5048668.0 2374.0 194.0
0.0 25.0 76835.0 0.7225931773880558 165.0 2.4915234E7 1530.0 104.0
0.0 24.0 174214.0 1.0032094181724152 44.0 3.4017443E7 1608.0 188.0
0.0 25.0 76835.0 0.7225931773880558 165.0 2.4915234E7 1530.0 104.0
0.0 14.0 158210.0 1.6424880958245511 69.0 1.5725513E7 2248.0 208.0
0.0 27.0 101892.0 0.7143438719539278 102.0 3.5773963E7 1312.0 127.0
0.0 10.0 219318.0 2.766100010225939 8.0 8628719.0 2595.0 245.0
0.0 27.0 101892.0 0.7143438719539278 102.0 3.5773963E7 1312.0 127.0
0.0 17.0 124189.0 2.9067666277501414 80.0 7403541.0 2037.0 160.0
0.0 5.0 238268.0 5.299433343559271 3.0 1265730.0 2928.0 318.0
0.0 20.0 116619.0 1.7254479464314605 94.0 1.3511839E7 1867.0 141.0
0.0 24.0 94499.0 2.599149953944832 104.0 9667488.0 1769.0 94.0
0.0 19.0 117768.0 2.700079697658956 84.0 7868224.0 1942.0 144.0
0.0 9.0 173902.0 3.4809496342860893 55.0 4167527.0 2548.0 306.0
0.0 14.0 145720.0 2.5103147136511685 68.0 1.0308193E7 2280.0 192.0
0.0 40.0 32507.0 0.1456664936854115 230.0 6.0525591E7 658.0 26.0
0.0 27.0 76000.0 0.47608154948107906 166.0 3.0922007E7 1361.0 103.0
0.0 28.0 87826.0 1.4427482161477456 122.0 1.6583631E7 1536.0 78.0
0.0 30.0 85983.0 0.6427482161477456 124.0 2.7102681E7 1348.0 76.0
0.0 22.0 94500.0 0.8397336607171747 153.0 2.4030889E7 1679.0 123.0
0.0 16.0 138019.0 2.934544405527919 75.0 7165153.0 2089.0 165.0
0.0 16.0 138019.0 2.934544405527919 75.0 7165153.0 2089.0 165.0
0.0 33.0 51958.0 0.28770738827160375 206.0 3.8337294E7 1129.0 43.0
0.0 30.0 81954.0 0.8164324266740614 138.0 2.2558719E7 1411.0 66.0
0.0 19.0 132272.0 1.2960828670663807 86.0 1.8306681E7 1868.0 159.0
0.0 19.0 132272.0 1.2960828670663807 86.0 1.8306681E7 1868.0 159.0
0.0 18.0 133612.0 2.1916872626707766 80.0 1.2650973E7 1952.0 148.0
0.0 10.0 219318.0 2.766100010225939 8.0 8628719.0 2595.0 245.0
0.0 10.0 219318.0 2.766100010225939 8.0 8628719.0 2595.0 245.0
0.0 7.0 275054.0 1.9363118818329976 11.0 1.3129385E7 2629.0 523.0
0.0 19.0 132272.0 1.2960828670663807 86.0 1.8306681E7 1868.0 159.0
0.0 21.0 115327.0 1.1254479464314602 95.0 1.8771364E7 1773.0 139.0
0.0 15.0 142557.0 2.0718531751896307 77.0 1.0930671E7 2247.0 190.0
0.0 23.0 177210.0 1.0558409971197837 41.0 2.8757918E7 1702.0 191.0
0.0 33.0 51958.0 0.28770738827160375 206.0 3.8337294E7 1129.0 43.0
0.0 8.0 263415.0 1.903524996587096 11.0 1.3411182E7 2622.0 433.0
0.0 38.0 40983.0 0.21920279345121946 214.0 5.0006541E7 846.0 29.0
0.0 34.0 68344.0 0.5312328686391894 138.0 4.3107551E7 1023.0 63.0
0.0 35.0 45666.0 0.22912514030195286 198.0 5.3400306E7 878.0 45.0
0.0 13.0 199210.0 2.1570035511294803 26.0 9715880.0 2467.0 223.0
0.0 8.0 263415.0 1.903524996587096 11.0 1.3411182E7 2622.0 433.0
0.0 35.0 45666.0 0.22912514030195286 198.0 5.3400306E7 878.0 45.0
0.0 13.0 147012.0 3.1103147136511686 67.0 5048668.0 2374.0 194.0
0.0 39.0 57416.0 0.42056333174014426 160.0 6.455322E7 602.0 54.0
0.0 17.0 136727.0 2.3345444055279194 76.0 1.2424678E7 1995.0 163.0
0.0 22.0 94500.0 0.8397336607171747 153.0 2.4030889E7 1679.0 123.0
0.0 31.0 61127.0 0.5307181409597759 196.0 2.7818244E7 1317.0 50.0
0.0 28.0 99043.0 0.697950429330977 104.0 4.1033488E7 1218.0 125.0
0.0 34.0 48515.0 0.24551858292490367 196.0 4.8140781E7 972.0 47.0
0.0 31.0 61127.0 0.5307181409597759 196.0 2.7818244E7 1317.0 50.0
0.0 31.0 76240.0 0.6035840147608273 127.0 5.1960107E7 985.0 103.0
0.0 23.0 177210.0 1.0558409971197837 41.0 2.8757918E7 1702.0 191.0
0.0 32.0 84658.0 0.6427482161477456 125.0 2.7736545E7 1260.0 75.0
0.0 18.0 134161.0 1.3607420640785195 79.0 1.7014844E7 2069.0 173.0
0.0 38.0 58444.0 0.4273935385703511 158.0 5.9293695E7 696.0 58.0
0.0 17.0 137959.0 1.4080233879555881 78.0 1.6428584E7 2101.0 187.0
0.0 26.0 91448.0 0.9606884154832936 111.0 2.0396692E7 1590.0 97.0
0.0 13.0 199210.0 2.1570035511294803 26.0 9715880.0 2467.0 223.0
0.0 31.0 85209.0 0.8427482161477455 124.0 2.247702E7 1354.0 75.0
0.0 36.0 65168.0 0.5148394260162386 141.0 4.8774645E7 884.0 60.0
0.0 39.0 32287.0 0.07770618888300143 231.0 7.4438406E7 502.0 38.0
0.0 15.0 194612.0 1.4931737638954379 27.0 1.5213793E7 2321.0 220.0
0.0 23.0 97195.0 2.599149953944832 100.0 9255164.0 1811.0 103.0
0.0 11.0 203665.0 3.195465089591018 16.0 3833877.0 2594.0 227.0
0.0 24.0 111186.0 0.815106531290441 96.0 2.5016525E7 1552.0 137.0
0.0 24.0 163717.0 1.0030423337948045 45.0 2.3844478E7 1895.0 157.0
0.0 36.0 65168.0 0.5148394260162386 141.0 4.8774645E7 884.0 60.0
0.0 36.0 65168.0 0.5148394260162386 141.0 4.8774645E7 884.0 60.0
0.0 15.0 155095.0 1.4996309529674083 73.0 1.5951808E7 2205.0 193.0
0.0 28.0 68687.0 0.6035455583404368 177.0 2.5943109E7 1465.0 70.0
0.0 28.0 68687.0 0.6035455583404368 177.0 2.5943109E7 1465.0 70.0
0.0 8.0 222072.0 3.566100010225939 7.0 3162389.0 2732.0 267.0
0.0 20.0 116619.0 1.7254479464314605 94.0 1.3511839E7 1867.0 141.0
0.0 20.0 116619.0 1.7254479464314605 94.0 1.3511839E7 1867.0 141.0
0.0 19.0 119782.0 2.163909484892999 85.0 1.2889361E7 1900.0 143.0
0.0 28.0 67382.0 0.43307079679290705 175.0 3.6181532E7 1267.0 96.0
0.0 22.0 112021.0 1.0616181591974176 95.0 1.9009752E7 1721.0 138.0
0.0 19.0 119782.0 2.163909484892999 85.0 1.2889361E7 1900.0 143.0
0.0 24.0 97662.0 1.0083074631023412 107.0 1.9655709E7 1624.0 120.0
0.0 24.0 97662.0 1.0083074631023412 107.0 1.9655709E7 1624.0 120.0
0.0 24.0 97662.0 1.0083074631023412 107.0 1.9655709E7 1624.0 120.0
0.0 18.0 122897.0 2.3067666277501417 81.0 1.2663066E7 1943.0 158.0
0.0 21.0 115327.0 1.1254479464314602 95.0 1.8771364E7 1773.0 139.0
0.0 7.0 235268.0 3.699433343559272 3.0 2760226.0 2778.0 313.0
0.0 14.0 197918.0 1.5570035511294804 27.0 1.4975405E7 2373.0 221.0
0.0 16.0 141265.0 1.4718531751896307 78.0 1.6190196E7 2153.0 188.0
