0.0 1320.0 42.0 178.0 740.4391299223823
0.0 994.0 200.0 965.0 3955.861261677264
0.0 1325.0 42.0 137.0 685.4033173278411
0.0 394.0 500.0 2519.0 10030.149317063127
0.0 1327.0 37.0 156.0 678.3122571641804
0.0 1052.0 171.0 865.0 3381.874405058137
0.0 307.0 538.0 2711.0 10910.218070850158
0.0 320.0 527.0 2723.0 10765.342961895794
0.0 996.0 191.0 1069.0 3967.391620929987
0.0 1323.0 30.0 233.0 744.3251174891
0.0 762.0 324.0 1477.0 6298.917130280395
0.0 1319.0 41.0 207.0 791.1061706079582
0.0 1327.0 37.0 156.0 678.3122571641804
0.0 589.0 398.0 2103.0 8072.897953641862
0.0 632.0 367.0 1941.0 7644.285943374267
0.0 1028.0 191.0 877.0 3648.6032980201276
0.0 997.0 209.0 969.0 3890.3218214409394
0.0 896.0 258.0 1186.0 4952.969456822034
0.0 904.0 256.0 1180.0 4934.023551615921
0.0 1320.0 42.0 178.0 740.4391299223823
0.0 256.0 562.0 2892.0 11431.601821743105
0.0 506.0 436.0 2283.0 8879.257885547107
0.0 678.0 348.0 1895.0 7202.346935257467
0.0 257.0 561.0 2894.0 11404.326678525254
0.0 996.0 191.0 1069.0 3967.391620929987
0.0 1324.0 42.0 159.0 688.0168467142591
0.0 1060.0 155.0 913.0 3326.141199701227
0.0 939.0 224.0 1142.0 4565.884431981968
0.0 1370.0 12.0 68.0 250.21410390936032
0.0 819.0 294.0 1363.0 5815.175291034353
0.0 312.0 538.0 2690.0 10832.88066149607
0.0 370.0 512.0 2593.0 10260.748010954043
0.0 630.0 383.0 1847.0 7652.952272792792
0.0 782.0 286.0 1627.0 6165.251176985699
0.0 333.0 522.0 2725.0 10637.189066779074
0.0 1052.0 171.0 865.0 3381.874405058137
0.0 315.0 534.0 2714.0 10837.25523691667
0.0 1014.0 186.0 1024.0 3801.785085466751
0.0 868.0 252.0 1366.0 5335.671186325167
0.0 1374.0 13.0 48.0 214.0349642764096
0.0 1365.0 14.0 65.0 320.7825917720595
0.0 854.0 284.0 1249.0 5473.156516487351
0.0 804.0 303.0 1423.0 5917.4624891957965
0.0 602.0 389.0 2041.0 7967.696234097785
0.0 1360.0 20.0 62.0 382.3712832076753
0.0 1370.0 17.0 37.0 250.8974273135632
0.0 854.0 284.0 1249.0 5473.156516487351
0.0 656.0 349.0 1913.0 7468.578020957105
0.0 1319.0 50.0 157.0 773.4952351031092
0.0 678.0 348.0 1895.0 7202.346935257467
0.0 1330.0 38.0 128.0 684.6268224228182
0.0 994.0 200.0 965.0 3955.861261677264
0.0 1023.0 191.0 968.0 3756.1682466967563
0.0 630.0 383.0 1847.0 7652.952272792792
0.0 820.0 264.0 1584.0 5769.720880146222
0.0 641.0 380.0 1850.0 7531.328326415531
0.0 1373.0 10.0 50.0 254.16752235905707
0.0 315.0 530.0 2728.0 10845.497824256414
0.0 1374.0 13.0 48.0 214.0349642764096
0.0 265.0 547.0 2923.0 11316.673358969298
0.0 1296.0 54.0 226.0 1011.967676463725
0.0 1370.0 12.0 68.0 250.21410390936032
0.0 1010.0 203.0 943.0 3837.004124995341
0.0 1098.0 146.0 740.0 2968.815950911577
0.0 866.0 243.0 1433.0 5305.985433981323
0.0 891.0 251.0 1254.0 5022.425821613925
0.0 641.0 380.0 1850.0 7531.328326415531
0.0 950.0 208.0 1172.0 4421.6765333186495
0.0 1001.0 181.0 1129.0 3904.2803977532126
0.0 597.0 396.0 1978.0 7986.0939115291985
0.0 302.0 529.0 2795.0 10948.651970313844
0.0 1373.0 9.0 71.0 240.20976109816021
0.0 782.0 286.0 1627.0 6165.251176985699
0.0 1320.0 42.0 178.0 740.4391299223823
0.0 943.0 227.0 1120.0 4468.730569951781
0.0 370.0 512.0 2593.0 10260.748010954043
0.0 1015.0 183.0 1008.0 3774.474195556419
0.0 819.0 291.0 1365.0 5766.920250620027
0.0 920.0 244.0 1171.0 4745.75870595848
0.0 1371.0 12.0 36.0 250.1441700454096
0.0 328.0 528.0 2703.0 10674.553306434722
0.0 866.0 243.0 1433.0 5305.985433981323
0.0 821.0 267.0 1561.0 5727.085436923821
0.0 329.0 533.0 2671.0 10690.449840432486
0.0 850.0 268.0 1314.0 5430.137772364579
0.0 1015.0 183.0 1008.0 3774.474195556419
0.0 630.0 383.0 1847.0 7652.952272792792
0.0 1368.0 16.0 46.0 293.4587877996715
0.0 397.0 497.0 2507.0 9987.896194918774
0.0 728.0 332.0 1681.0 6644.116705730173
0.0 1011.0 200.0 959.0 3788.447859076187
0.0 896.0 258.0 1186.0 4952.969456822034
0.0 1323.0 32.0 246.0 718.6976694941025
0.0 831.0 287.0 1344.0 5615.111786996242
0.0 997.0 209.0 969.0 3890.3218214409394
0.0 1052.0 171.0 865.0 3381.874405058137
0.0 1370.0 12.0 68.0 250.21410390936032
0.0 261.0 563.0 2845.0 11357.263152668067
0.0 786.0 312.0 1502.0 6023.872469521187
0.0 766.0 299.0 1636.0 6360.826201851271
0.0 1312.0 50.0 189.0 851.3691961648018
0.0 1374.0 13.0 48.0 214.0349642764096
0.0 1084.0 160.0 750.0 3086.0352266418736
0.0 950.0 208.0 1172.0 4421.6765333186495
0.0 1370.0 11.0 76.0 277.15688645132275
0.0 333.0 522.0 2725.0 10637.189066779074
0.0 1372.0 12.0 40.0 230.45473619230626
0.0 1356.0 19.0 104.0 427.8324950965192
0.0 645.0 368.0 1904.0 7407.760020355636
0.0 994.0 200.0 965.0 3955.861261677264
0.0 1043.0 190.0 772.0 3556.388680532256
0.0 333.0 522.0 2725.0 10637.189066779074
0.0 1309.0 45.0 234.0 900.07148647204
0.0 306.0 530.0 2765.0 10930.508321734791
0.0 822.0 284.0 1393.0 5690.823762228669
0.0 307.0 538.0 2711.0 10910.218070850158
0.0 857.0 257.0 1398.0 5381.8459042028635
0.0 641.0 380.0 1850.0 7531.328326415531
0.0 370.0 512.0 2593.0 10260.748010954043
0.0 1369.0 11.0 82.0 280.9333206974083
0.0 1365.0 19.0 52.0 300.45402762316456
0.0 903.0 236.0 1344.0 4856.181945206735
0.0 877.0 257.0 1285.0 5210.644108129611
0.0 765.0 315.0 1555.0 6274.6587205560945
0.0 1015.0 183.0 1008.0 3774.474195556419
0.0 772.0 304.0 1606.0 6170.386246030322
0.0 715.0 334.0 1790.0 6769.456517499481
0.0 879.0 279.0 1204.0 5166.4386687938095
0.0 771.0 312.0 1554.0 6261.470615969409
0.0 1011.0 200.0 959.0 3788.447859076187
0.0 1373.0 13.0 36.0 247.04964340254273
0.0 647.0 360.0 2017.0 7367.025878289421
0.0 370.0 512.0 2593.0 10260.748010954043
0.0 312.0 538.0 2690.0 10832.88066149607
0.0 1043.0 190.0 772.0 3556.388680532256
0.0 307.0 538.0 2711.0 10910.218070850158
0.0 1363.0 21.0 49.0 350.237783787385
0.0 798.0 303.0 1428.0 6004.913566527304
0.0 621.0 367.0 2095.0 7732.303143268561
0.0 370.0 512.0 2593.0 10260.748010954043
0.0 877.0 257.0 1285.0 5210.644108129611
0.0 1052.0 171.0 865.0 3381.874405058137
0.0 1302.0 48.0 249.0 935.2580279928204
0.0 312.0 538.0 2690.0 10832.88066149607
0.0 950.0 208.0 1172.0 4421.6765333186495
0.0 315.0 530.0 2728.0 10845.497824256414
0.0 866.0 243.0 1433.0 5305.985433981323
0.0 1371.0 12.0 60.0 239.2174212920245
0.0 1023.0 191.0 968.0 3756.1682466967563
0.0 1309.0 45.0 234.0 900.07148647204
0.0 820.0 264.0 1584.0 5769.720880146222
0.0 1369.0 11.0 82.0 280.9333206974083
0.0 1368.0 14.0 53.0 283.02773755380946
0.0 918.0 239.0 1222.0 4807.41355468828
0.0 1363.0 17.0 66.0 347.51765133954126
0.0 1369.0 16.0 34.0 278.4012403598785
0.0 997.0 209.0 969.0 3890.3218214409394
0.0 996.0 191.0 1069.0 3967.391620929987
0.0 803.0 299.0 1458.0 5814.293631785825
0.0 879.0 279.0 1204.0 5166.4386687938095
0.0 932.0 241.0 1128.0 4589.976159861329
0.0 343.0 521.0 2622.0 10512.3236207721
0.0 1374.0 13.0 48.0 214.0349642764096
0.0 1370.0 11.0 76.0 277.15688645132275
0.0 324.0 528.0 2691.0 10735.736196913675
0.0 819.0 294.0 1363.0 5815.175291034353
0.0 589.0 398.0 2103.0 8072.897953641862
0.0 302.0 529.0 2795.0 10948.651970313844
0.0 997.0 209.0 969.0 3890.3218214409394
0.0 1011.0 200.0 959.0 3788.447859076187
0.0 1368.0 16.0 46.0 293.4587877996715
0.0 819.0 291.0 1365.0 5766.920250620027
0.0 312.0 529.0 2763.0 10849.912536413192
0.0 641.0 380.0 1850.0 7531.328326415531
0.0 689.0 345.0 1807.0 7008.565654787145
0.0 850.0 268.0 1314.0 5430.137772364579
0.0 1339.0 35.0 117.0 571.0064268828377
0.0 939.0 224.0 1142.0 4565.884431981968
0.0 1373.0 13.0 36.0 247.04964340254273
0.0 656.0 349.0 1913.0 7468.578020957105
0.0 994.0 200.0 965.0 3955.861261677264
0.0 1368.0 16.0 46.0 293.4587877996715
0.0 739.0 313.0 1692.0 6533.966836322094
0.0 783.0 290.0 1602.0 6072.979953331258
0.0 972.0 214.0 1046.0 4218.700098816052
0.0 630.0 383.0 1847.0 7652.952272792792
0.0 1323.0 32.0 246.0 718.6976694941025
0.0 997.0 209.0 969.0 3890.3218214409394
0.0 864.0 267.0 1300.0 5225.867353997982
0.0 850.0 268.0 1314.0 5430.137772364579
0.0 656.0 349.0 1913.0 7468.578020957105
0.0 771.0 312.0 1554.0 6261.470615969409
0.0 943.0 227.0 1120.0 4468.730569951781
0.0 329.0 533.0 2671.0 10690.449840432486
0.0 272.0 545.0 2866.0 11262.991400396433
0.0 1009.0 194.0 1003.0 3870.1011517223337
0.0 1319.0 50.0 157.0 773.4952351031092
0.0 315.0 534.0 2692.0 10847.643214377229
0.0 896.0 258.0 1186.0 4952.969456822034
0.0 632.0 367.0 1941.0 7644.285943374267
0.0 259.0 563.0 2866.0 11378.0490253214
0.0 854.0 284.0 1249.0 5473.156516487351
0.0 333.0 522.0 2725.0 10637.189066779074
0.0 877.0 257.0 1285.0 5210.644108129611
0.0 771.0 312.0 1554.0 6261.470615969409
0.0 756.0 321.0 1639.0 6439.401459481964
0.0 1318.0 37.0 222.0 797.4749426642418
0.0 997.0 209.0 969.0 3890.3218214409394
0.0 315.0 534.0 2692.0 10847.643214377229
0.0 1373.0 13.0 36.0 247.04964340254273
0.0 854.0 284.0 1249.0 5473.156516487351
0.0 621.0 367.0 2095.0 7732.303143268561
0.0 1004.0 191.0 1066.0 3867.6144647184638
0.0 645.0 368.0 1904.0 7407.760020355636
0.0 796.0 287.0 1540.0 5980.236713670888
0.0 263.0 550.0 2915.0 11355.729477495583
0.0 1363.0 17.0 66.0 347.51765133954126
0.0 654.0 371.0 1871.0 7373.149803935946
0.0 854.0 284.0 1249.0 5473.156516487351
0.0 1319.0 41.0 207.0 791.1061706079582
0.0 939.0 224.0 1142.0 4565.884431981968
0.0 706.0 338.0 1826.0 6838.824727434148
0.0 641.0 380.0 1850.0 7531.328326415531
0.0 1324.0 36.0 160.0 739.909898706419
0.0 1358.0 22.0 75.0 379.23017021133944
0.0 306.0 530.0 2765.0 10930.508321734791
0.0 961.0 215.0 1062.0 4273.274772009413
0.0 972.0 214.0 1046.0 4218.700098816052
0.0 610.0 372.0 2132.0 7836.466661777893
0.0 994.0 200.0 965.0 3955.861261677264
0.0 302.0 529.0 2795.0 10948.651970313844
0.0 997.0 209.0 969.0 3890.3218214409394
0.0 1320.0 42.0 178.0 740.4391299223823
0.0 678.0 348.0 1895.0 7202.346935257467
0.0 1325.0 42.0 137.0 685.4033173278411
0.0 597.0 396.0 1978.0 7986.0939115291985
0.0 896.0 258.0 1186.0 4952.969456822034
0.0 654.0 375.0 1837.0 7419.665176293105
0.0 1367.0 15.0 54.0 309.0736053392267
0.0 1023.0 191.0 968.0 3756.1682466967563
0.0 315.0 534.0 2692.0 10847.643214377229
0.0 257.0 562.0 2904.0 11391.83608122246
0.0 715.0 334.0 1790.0 6769.456517499481
0.0 944.0 217.0 1157.0 4598.492232491344
0.0 821.0 279.0 1424.0 5769.466280312175
0.0 1323.0 30.0 233.0 744.3251174891
0.0 820.0 264.0 1584.0 5769.720880146222
0.0 1326.0 40.0 146.0 705.0034390806837
0.0 992.0 199.0 973.0 4012.2029043708476
0.0 1043.0 190.0 772.0 3556.388680532256
0.0 1011.0 200.0 959.0 3788.447859076187
0.0 850.0 268.0 1314.0 5430.137772364579
0.0 946.0 235.0 1090.0 4464.002263012676
0.0 1320.0 42.0 166.0 768.0744056801651
0.0 1364.0 20.0 52.0 334.87682053265
0.0 996.0 191.0 1069.0 3967.391620929987
0.0 1368.0 16.0 46.0 293.4587877996715
0.0 1331.0 29.0 178.0 699.9654010938405
0.0 957.0 230.0 1063.0 4365.682380579241
0.0 647.0 360.0 2017.0 7367.025878289421
0.0 1372.0 12.0 40.0 230.45473619230626
0.0 973.0 213.0 1004.0 4127.962090259663
0.0 370.0 512.0 2593.0 10260.748010954043
0.0 1323.0 32.0 246.0 718.6976694941025
0.0 728.0 343.0 1711.0 6613.539529223656
0.0 1318.0 37.0 222.0 797.4749426642418
0.0 1324.0 36.0 160.0 739.909898706419
0.0 950.0 208.0 1172.0 4421.6765333186495
0.0 656.0 349.0 1913.0 7468.578020957105
0.0 1330.0 38.0 128.0 684.6268224228182
0.0 1370.0 12.0 68.0 250.21410390936032
0.0 1327.0 37.0 156.0 678.3122571641804
0.0 1010.0 203.0 943.0 3837.004124995341
0.0 1371.0 12.0 60.0 239.2174212920245
0.0 657.0 359.0 1928.0 7293.312667385639
0.0 1373.0 13.0 36.0 247.04964340254273
0.0 1001.0 181.0 1129.0 3904.2803977532126
0.0 1009.0 194.0 1003.0 3870.1011517223337
0.0 614.0 385.0 1985.0 7752.277915667217
0.0 589.0 398.0 2103.0 8072.897953641862
0.0 943.0 227.0 1120.0 4468.730569951781
0.0 257.0 563.0 2880.0 11419.626173580806
0.0 652.0 353.0 1976.0 7425.26581819659
0.0 1014.0 186.0 1024.0 3801.785085466751
0.0 1341.0 27.0 159.0 556.7152942975905
0.0 782.0 284.0 1700.0 6093.696594211029
0.0 989.0 208.0 997.0 3984.3757968030454
0.0 602.0 389.0 2041.0 7967.696234097785
0.0 265.0 547.0 2923.0 11316.673358969298
0.0 1015.0 183.0 1008.0 3774.474195556419
0.0 1330.0 33.0 177.0 646.4629980509735
0.0 771.0 312.0 1554.0 6261.470615969409
0.0 782.0 286.0 1627.0 6165.251176985699
