0.0 815.0 297.0 1333.0 5688.1611820506
0.0 967.0 192.0 1156.0 4188.0280700334315
0.0 624.0 373.0 2004.0 7557.69304234901
0.0 720.0 332.0 1759.0 6635.556950554308
0.0 1015.0 192.0 934.0 3716.8301522947318
0.0 604.0 383.0 2052.0 7871.894768033619
0.0 395.0 500.0 2521.0 10008.47904566796
0.0 1373.0 13.0 49.0 217.30423164332885
0.0 867.0 245.0 1526.0 5324.169913434951
0.0 1355.0 23.0 76.0 434.1232136775084
0.0 1000.0 197.0 1013.0 3915.001750493992
0.0 1320.0 42.0 163.0 726.7153332313999
0.0 318.0 532.0 2694.0 10793.056195944151
0.0 399.0 499.0 2464.0 9953.691963568393
0.0 386.0 498.0 2560.0 10111.92057170045
0.0 814.0 303.0 1358.0 5794.418505880017
0.0 784.0 311.0 1469.0 6127.668410166136
0.0 1015.0 192.0 934.0 3716.8301522947318
0.0 1374.0 12.0 46.0 224.523297882613
0.0 412.0 490.0 2478.0 9806.16664806171
0.0 722.0 337.0 1689.0 6743.582509352806
0.0 1337.0 27.0 142.0 593.3919789566312
0.0 965.0 223.0 1008.0 4336.988005168175
0.0 593.0 382.0 2083.0 8000.438862347772
0.0 996.0 212.0 944.0 3990.6464224459287
0.0 804.0 280.0 1487.0 5895.2153115104575
0.0 777.0 317.0 1465.0 6249.63216024862
0.0 1320.0 42.0 163.0 726.7153332313999
0.0 710.0 341.0 1727.0 6916.676017935917
0.0 804.0 300.0 1341.0 6039.12519104875
0.0 903.0 235.0 1308.0 4968.877653437412
0.0 996.0 212.0 944.0 3990.6464224459287
0.0 653.0 352.0 1992.0 7376.592796263312
0.0 864.0 247.0 1478.0 5238.572305816146
0.0 648.0 366.0 1896.0 7458.220946908783
0.0 1080.0 161.0 752.0 3145.315457981973
0.0 1015.0 192.0 934.0 3716.8301522947318
0.0 854.0 284.0 1256.0 5493.957435790009
0.0 653.0 352.0 1992.0 7376.592796263312
0.0 1369.0 10.0 93.0 294.4357979835972
0.0 392.0 499.0 2528.0 10021.613103757463
0.0 845.0 267.0 1359.0 5492.180426117983
0.0 1319.0 36.0 235.0 758.3757842982984
0.0 1335.0 38.0 113.0 599.3718961061243
0.0 965.0 223.0 1008.0 4336.988005168175
0.0 1365.0 19.0 50.0 316.3270883998638
0.0 333.0 523.0 2668.0 10627.144200166797
0.0 312.0 535.0 2699.0 10854.693220857329
0.0 897.0 253.0 1249.0 4920.970307380683
0.0 1009.0 188.0 956.0 3827.7041577393434
0.0 653.0 352.0 1992.0 7376.592796263312
0.0 413.0 493.0 2472.0 9816.436324271102
0.0 398.0 500.0 2523.0 9943.929876443255
0.0 1049.0 160.0 960.0 3463.1983368926453
0.0 778.0 302.0 1574.0 6162.421434416965
0.0 1362.0 20.0 60.0 344.20580685365195
0.0 766.0 308.0 1618.0 6270.893046237628
0.0 390.0 506.0 2499.0 10075.635277293579
0.0 1371.0 16.0 35.0 252.0936627568306
0.0 593.0 382.0 2083.0 8000.438862347772
0.0 1322.0 37.0 189.0 739.013616493524
0.0 788.0 283.0 1651.0 6181.669580088151
0.0 967.0 192.0 1156.0 4188.0280700334315
0.0 1370.0 12.0 62.0 252.48569002063374
0.0 996.0 212.0 944.0 3990.6464224459287
0.0 1373.0 7.0 80.0 228.50142061316353
0.0 384.0 503.0 2512.0 10087.157837017103
0.0 392.0 505.0 2506.0 10014.11267179431
0.0 1002.0 201.0 962.0 3942.6435681172084
0.0 1137.0 126.0 694.0 2534.9662507608123
0.0 843.0 291.0 1283.0 5545.544809426292
0.0 996.0 212.0 944.0 3990.6464224459287
0.0 843.0 291.0 1283.0 5545.544809426292
0.0 1371.0 13.0 56.0 261.8011419438391
0.0 776.0 305.0 1514.0 6159.774892734178
0.0 1298.0 51.0 262.0 973.1565279408702
0.0 1369.0 15.0 49.0 275.43185901496656
0.0 710.0 341.0 1727.0 6916.676017935917
0.0 390.0 503.0 2517.0 10063.08841459294
0.0 1371.0 13.0 56.0 261.8011419438391
0.0 1370.0 12.0 62.0 252.48569002063374
0.0 1015.0 192.0 934.0 3716.8301522947318
0.0 843.0 291.0 1283.0 5545.544809426292
0.0 1323.0 42.0 143.0 719.3015722922646
0.0 1009.0 188.0 956.0 3827.7041577393434
0.0 392.0 505.0 2506.0 10014.11267179431
0.0 838.0 260.0 1458.0 5586.793173486428
0.0 320.0 530.0 2684.0 10787.069756795416
0.0 967.0 192.0 1156.0 4188.0280700334315
0.0 838.0 260.0 1458.0 5586.793173486428
0.0 1049.0 160.0 960.0 3463.1983368926453
0.0 1323.0 40.0 156.0 749.4585165559664
0.0 270.0 546.0 2906.0 11252.836242090747
0.0 989.0 204.0 985.0 4032.0174471237315
0.0 593.0 382.0 2083.0 8000.438862347772
0.0 777.0 317.0 1465.0 6249.63216024862
0.0 798.0 300.0 1460.0 5851.135126047932
0.0 333.0 523.0 2668.0 10627.144200166797
0.0 1009.0 188.0 956.0 3827.7041577393434
0.0 908.0 248.0 1213.0 4792.504560010638
0.0 1003.0 194.0 992.0 3944.963777425
0.0 803.0 305.0 1412.0 5888.681258330249
0.0 989.0 204.0 985.0 4032.0174471237315
0.0 620.0 383.0 1925.0 7717.672549679674
0.0 633.0 380.0 1889.0 7598.297702371638
0.0 1001.0 188.0 1054.0 3938.5564692023754
0.0 392.0 499.0 2528.0 10021.613103757463
0.0 262.0 553.0 2912.0 11339.22240138351
0.0 846.0 260.0 1404.0 5478.0125340360755
0.0 428.0 484.0 2444.0 9707.024978854031
0.0 614.0 387.0 1969.0 7801.752013661261
0.0 854.0 284.0 1256.0 5493.957435790009
0.0 883.0 257.0 1279.0 5171.879742761142
0.0 630.0 384.0 1887.0 7562.80481069247
0.0 1320.0 37.0 210.0 763.5481165465455
0.0 886.0 256.0 1250.0 5081.468777219215
0.0 858.0 260.0 1377.0 5353.326252169531
0.0 253.0 570.0 2861.0 11460.107101022806
0.0 1371.0 16.0 35.0 252.0936627568306
0.0 1026.0 175.0 978.0 3691.0471049147295
0.0 1014.0 183.0 981.0 3871.0117376356593
0.0 1374.0 11.0 62.0 229.38010078456176
0.0 397.0 495.0 2469.0 10002.493921289168
0.0 311.0 531.0 2738.0 10863.395451736771
0.0 774.0 295.0 1632.0 6259.098140428078
0.0 255.0 560.0 2904.0 11450.069206721973
0.0 1371.0 16.0 35.0 252.0936627568306
0.0 1137.0 126.0 694.0 2534.9662507608123
0.0 312.0 535.0 2699.0 10854.693220857329
0.0 1001.0 188.0 1054.0 3938.5564692023754
0.0 1345.0 27.0 125.0 501.57270266234264
0.0 886.0 256.0 1250.0 5081.468777219215
0.0 886.0 256.0 1250.0 5081.468777219215
0.0 757.0 321.0 1628.0 6433.830146823801
0.0 1367.0 18.0 48.0 288.73722509113
0.0 1370.0 16.0 42.0 284.7526582275709
0.0 413.0 493.0 2472.0 9816.436324271102
0.0 800.0 286.0 1502.0 5946.861231862576
0.0 258.0 564.0 2868.0 11398.221025772304
0.0 1323.0 42.0 143.0 719.3015722922646
0.0 1364.0 14.0 78.0 324.93070936233966
0.0 1001.0 188.0 1054.0 3938.5564692023754
0.0 1371.0 10.0 69.0 252.20313533573437
0.0 777.0 317.0 1465.0 6249.63216024862
0.0 1371.0 13.0 56.0 261.8011419438391
0.0 963.0 226.0 1008.0 4333.940447510839
0.0 886.0 254.0 1269.0 5093.928544410667
0.0 1335.0 38.0 113.0 599.3718961061243
0.0 846.0 260.0 1404.0 5478.0125340360755
0.0 1366.0 16.0 56.0 300.1458994838674
0.0 1015.0 192.0 934.0 3716.8301522947318
0.0 945.0 232.0 1093.0 4512.471369684997
0.0 389.0 507.0 2510.0 10049.402964168574
0.0 394.0 503.0 2521.0 10013.130908321247
0.0 630.0 371.0 1944.0 7640.110567531096
0.0 1009.0 188.0 956.0 3827.7041577393434
0.0 829.0 274.0 1432.0 5640.92400994021
0.0 386.0 498.0 2560.0 10111.92057170045
0.0 653.0 352.0 1992.0 7376.592796263312
0.0 854.0 284.0 1256.0 5493.957435790009
0.0 720.0 332.0 1759.0 6635.556950554308
0.0 663.0 357.0 1836.0 7286.77534981338
0.0 1323.0 42.0 143.0 719.3015722922646
0.0 256.0 560.0 2901.0 11436.666493273753
0.0 1374.0 12.0 46.0 224.523297882613
0.0 1308.0 49.0 226.0 871.0506977388933
0.0 399.0 499.0 2464.0 9953.691963568393
0.0 1322.0 37.0 189.0 739.013616493524
0.0 967.0 192.0 1156.0 4188.0280700334315
0.0 392.0 505.0 2506.0 10014.11267179431
0.0 1323.0 35.0 198.0 724.0720269409809
0.0 965.0 223.0 1008.0 4336.988005168175
0.0 804.0 280.0 1487.0 5895.2153115104575
0.0 262.0 565.0 2832.0 11342.724439045689
0.0 1014.0 183.0 981.0 3871.0117376356593
0.0 862.0 259.0 1381.0 5306.708429537993
0.0 260.0 562.0 2857.0 11370.15768624425
0.0 1331.0 29.0 171.0 666.5946789890132
0.0 989.0 204.0 985.0 4032.0174471237315
0.0 922.0 243.0 1179.0 4756.623148323496
0.0 395.0 497.0 2527.0 9989.386141779732
0.0 1104.0 139.0 805.0 2921.2729579243137
0.0 1371.0 12.0 57.0 250.5910488150814
0.0 1337.0 27.0 142.0 593.3919789566312
0.0 1370.0 17.0 34.0 256.171037310931
0.0 1369.0 16.0 48.0 260.77903176333285
0.0 253.0 570.0 2861.0 11460.107101022806
0.0 927.0 243.0 1145.0 4553.233147312937
0.0 945.0 213.0 1205.0 4524.450840017411
0.0 633.0 380.0 1889.0 7598.297702371638
0.0 390.0 503.0 2517.0 10063.08841459294
0.0 826.0 261.0 1549.0 5811.547617913412
0.0 1366.0 16.0 56.0 300.1458994838674
0.0 843.0 291.0 1283.0 5545.544809426292
0.0 1329.0 34.0 170.0 651.1730359808912
0.0 1026.0 175.0 978.0 3691.0471049147295
0.0 1320.0 42.0 163.0 726.7153332313999
0.0 1374.0 12.0 46.0 224.523297882613
0.0 1002.0 201.0 962.0 3942.6435681172084
0.0 634.0 386.0 1881.0 7515.704861161798
0.0 268.0 557.0 2839.0 11299.368749407116
0.0 945.0 232.0 1093.0 4512.471369684997
0.0 996.0 212.0 944.0 3990.6464224459287
0.0 264.0 552.0 2898.0 11330.239944545396
0.0 1373.0 7.0 80.0 228.50142061316353
0.0 1009.0 188.0 956.0 3827.7041577393434
0.0 662.0 362.0 1885.0 7326.5294433942545
0.0 1323.0 40.0 156.0 749.4585165559664
0.0 953.0 217.0 1098.0 4453.862971259137
0.0 641.0 364.0 1938.0 7517.823638616576
0.0 633.0 380.0 1889.0 7598.297702371638
0.0 996.0 212.0 944.0 3990.6464224459287
0.0 956.0 221.0 1060.0 4370.530113217095
0.0 1323.0 35.0 198.0 724.0720269409809
0.0 1009.0 188.0 956.0 3827.7041577393434
0.0 593.0 382.0 2083.0 8000.438862347772
0.0 877.0 257.0 1240.0 5217.035689765113
0.0 659.0 360.0 1899.0 7326.468706113355
0.0 1323.0 36.0 202.0 718.1374966193154
0.0 312.0 535.0 2699.0 10854.693220857329
0.0 646.0 373.0 1883.0 7467.757160934554
0.0 1369.0 11.0 76.0 274.37858227453074
0.0 408.0 493.0 2504.0 9872.695186108587
0.0 273.0 542.0 2921.0 11249.0212963378
0.0 963.0 226.0 1008.0 4333.940447510839
0.0 1014.0 183.0 981.0 3871.0117376356593
0.0 1325.0 40.0 155.0 689.8761993134199
0.0 710.0 341.0 1727.0 6916.676017935917
0.0 989.0 204.0 985.0 4032.0174471237315
0.0 1006.0 188.0 990.0 3902.822726595353
0.0 814.0 271.0 1522.0 5732.857566228957
0.0 1321.0 38.0 194.0 738.1636456463817
0.0 886.0 256.0 1250.0 5081.468777219215
0.0 1374.0 12.0 46.0 224.523297882613
0.0 927.0 243.0 1145.0 4553.233147312937
0.0 1049.0 160.0 960.0 3463.1983368926453
0.0 256.0 564.0 2887.0 11394.401324246131
0.0 635.0 364.0 1959.0 7632.921670622387
0.0 1377.0 10.0 34.0 202.99099411447563
0.0 620.0 383.0 1925.0 7717.672549679674
0.0 945.0 213.0 1205.0 4524.450840017411
0.0 1323.0 42.0 143.0 719.3015722922646
0.0 614.0 387.0 1969.0 7801.752013661261
0.0 321.0 531.0 2691.0 10756.860470044554
0.0 333.0 523.0 2668.0 10627.144200166797
0.0 1370.0 12.0 62.0 252.48569002063374
0.0 967.0 192.0 1156.0 4188.0280700334315
0.0 967.0 200.0 1135.0 4267.367490417653
0.0 1337.0 27.0 142.0 593.3919789566312
0.0 830.0 274.0 1384.0 5634.662890247117
0.0 1319.0 36.0 235.0 758.3757842982984
0.0 1015.0 192.0 934.0 3716.8301522947318
0.0 1320.0 42.0 163.0 726.7153332313999
0.0 1366.0 17.0 51.0 302.07866221474876
0.0 392.0 499.0 2528.0 10021.613103757463
0.0 1320.0 37.0 210.0 763.5481165465455
0.0 302.0 533.0 2775.0 10967.927723774255
0.0 991.0 210.0 958.0 4068.008728673054
0.0 1001.0 188.0 1054.0 3938.5564692023754
0.0 965.0 223.0 1008.0 4336.988005168175
0.0 390.0 503.0 2517.0 10063.08841459294
0.0 838.0 260.0 1458.0 5586.793173486428
0.0 784.0 311.0 1469.0 6127.668410166136
0.0 1003.0 194.0 992.0 3944.963777425
0.0 653.0 352.0 1992.0 7376.592796263312
0.0 788.0 290.0 1581.0 6065.695605161542
0.0 654.0 372.0 1867.0 7419.999041436783
0.0 843.0 291.0 1283.0 5545.544809426292
0.0 945.0 232.0 1093.0 4512.471369684997
0.0 252.0 564.0 2914.0 11492.424935816642
0.0 1012.0 191.0 1029.0 3749.880063707581
0.0 1000.0 197.0 1013.0 3915.001750493992
0.0 648.0 366.0 1896.0 7458.220946908783
0.0 646.0 376.0 1871.0 7506.753442683532
0.0 800.0 286.0 1502.0 5946.861231862576
0.0 1363.0 16.0 72.0 324.1395499140266
0.0 630.0 371.0 1944.0 7640.110567531096
0.0 808.0 277.0 1554.0 5823.482875870454
0.0 392.0 505.0 2506.0 10014.11267179431
0.0 397.0 495.0 2469.0 10002.493921289168
0.0 942.0 223.0 1164.0 4485.037773371202
0.0 804.0 311.0 1402.0 5829.921371418011
0.0 624.0 373.0 2004.0 7557.69304234901
0.0 1365.0 19.0 50.0 316.3270883998638
0.0 1332.0 38.0 125.0 644.1520880026214
0.0 966.0 217.0 1041.0 4225.223298722929
0.0 1335.0 38.0 113.0 599.3718961061243
0.0 1362.0 13.0 96.0 362.2756824990093
0.0 413.0 493.0 2472.0 9816.436324271102
0.0 1345.0 27.0 125.0 501.57270266234264
0.0 1366.0 16.0 56.0 300.1458994838674
0.0 1323.0 39.0 176.0 714.530246763809
0.0 627.0 365.0 2007.0 7681.565448313727
0.0 720.0 332.0 1759.0 6635.556950554308
0.0 722.0 337.0 1689.0 6743.582509352806
0.0 253.0 570.0 2861.0 11460.107101022806
0.0 666.0 353.0 1896.0 7232.053514388969
0.0 604.0 383.0 2052.0 7871.894768033619
