0.0 399.0 491.0 2535.0 9964.684207822225
0.0 410.0 492.0 2481.0 9820.09981355371
0.0 884.0 254.0 1318.0 5056.713531012353
0.0 1368.0 16.0 49.0 299.594678302829
0.0 328.0 525.0 2720.0 10700.950897420322
0.0 890.0 270.0 1193.0 5032.312573324611
0.0 966.0 200.0 1128.0 4327.5450838725055
0.0 334.0 520.0 2725.0 10642.767257957585
0.0 812.0 291.0 1395.0 5824.383116975552
0.0 432.0 487.0 2404.0 9617.562804036543
0.0 403.0 497.0 2457.0 9928.762873735968
0.0 711.0 332.0 1794.0 6805.151708799501
0.0 1368.0 18.0 29.0 289.72099635386144
0.0 394.0 495.0 2527.0 10018.97046602946
0.0 259.0 555.0 2906.0 11414.641631217062
0.0 692.0 342.0 1807.0 7012.918435574778
0.0 639.0 364.0 1911.0 7544.2307794880835
0.0 792.0 295.0 1513.0 6048.035519472698
0.0 856.0 257.0 1409.0 5405.649596400381
0.0 1025.0 190.0 948.0 3729.6020367739134
0.0 792.0 283.0 1584.0 5992.075836275281
0.0 863.0 275.0 1278.0 5310.211692264081
0.0 873.0 264.0 1264.0 5222.6725786448715
0.0 392.0 498.0 2523.0 10037.71400179139
0.0 812.0 298.0 1383.0 5854.122454396236
0.0 1374.0 11.0 58.0 216.98674274049046
0.0 1369.0 11.0 77.0 287.26993195606696
0.0 1025.0 190.0 948.0 3729.6020367739134
0.0 1371.0 12.0 72.0 248.45849437545428
0.0 1374.0 10.0 64.0 227.1410130470038
0.0 938.0 226.0 1143.0 4622.309503022031
0.0 1329.0 33.0 153.0 686.0869798655997
0.0 735.0 327.0 1678.0 6573.549570208278
0.0 258.0 559.0 2877.0 11380.547442032113
0.0 328.0 536.0 2653.0 10676.199767879934
0.0 921.0 220.0 1254.0 4745.992564139792
0.0 618.0 369.0 2071.0 7790.0120493388995
0.0 766.0 319.0 1521.0 6258.14786221085
0.0 771.0 307.0 1589.0 6263.669910962477
0.0 1371.0 9.0 88.0 281.43091806648806
0.0 1337.0 31.0 131.0 611.5912680753707
0.0 995.0 197.0 1067.0 4015.5755101460923
0.0 1302.0 50.0 258.0 952.4633927962819
0.0 331.0 527.0 2699.0 10680.747574732444
0.0 1025.0 190.0 948.0 3729.6020367739134
0.0 420.0 492.0 2432.0 9760.424608370866
0.0 995.0 197.0 1067.0 4015.5755101460923
0.0 724.0 336.0 1693.0 6675.3951853138615
0.0 768.0 313.0 1600.0 6158.235400520803
0.0 1362.0 20.0 54.0 353.56914688913236
0.0 1329.0 33.0 153.0 686.0869798655997
0.0 383.0 505.0 2508.0 10129.64751643851
0.0 724.0 336.0 1693.0 6675.3951853138615
0.0 1025.0 190.0 948.0 3729.6020367739134
0.0 618.0 369.0 2071.0 7790.0120493388995
0.0 343.0 525.0 2653.0 10575.248237858024
0.0 801.0 278.0 1586.0 5905.654950736572
0.0 812.0 291.0 1395.0 5824.383116975552
0.0 1302.0 50.0 258.0 952.4633927962819
0.0 602.0 401.0 1974.0 7919.077864276428
0.0 316.0 533.0 2721.0 10801.567497676135
0.0 1294.0 55.0 258.0 990.952246698196
0.0 819.0 276.0 1451.0 5746.670905447219
0.0 995.0 203.0 1013.0 4046.5098544400976
0.0 938.0 226.0 1143.0 4622.309503022031
0.0 578.0 398.0 2153.0 8204.2897133549
0.0 1302.0 50.0 258.0 952.4633927962819
0.0 1025.0 190.0 948.0 3729.6020367739134
0.0 1362.0 20.0 54.0 353.56914688913236
0.0 970.0 220.0 986.0 4217.028966527149
0.0 1324.0 42.0 156.0 701.6935992705827
0.0 1324.0 42.0 156.0 701.6935992705827
0.0 1022.0 181.0 971.0 3659.3301694264865
0.0 839.0 276.0 1336.0 5555.713438108349
0.0 750.0 336.0 1546.0 6423.970130472692
0.0 1323.0 35.0 195.0 719.8376490476131
0.0 838.0 255.0 1582.0 5572.357737592633
0.0 881.0 256.0 1297.0 5183.924385950563
0.0 1324.0 42.0 156.0 701.6935992705827
0.0 974.0 203.0 1072.0 4198.982964719862
0.0 1369.0 13.0 60.0 280.2415864192113
0.0 838.0 255.0 1582.0 5572.357737592633
0.0 258.0 559.0 2877.0 11380.547442032113
0.0 966.0 200.0 1128.0 4327.5450838725055
0.0 857.0 265.0 1288.0 5408.162934041875
0.0 746.0 324.0 1628.0 6513.972657214273
0.0 958.0 230.0 1050.0 4374.553212463945
0.0 1362.0 20.0 54.0 353.56914688913236
0.0 711.0 332.0 1794.0 6805.151708799501
0.0 838.0 255.0 1582.0 5572.357737592633
0.0 312.0 534.0 2718.0 10847.439499580552
0.0 315.0 530.0 2718.0 10839.663665614058
0.0 1324.0 42.0 156.0 701.6935992705827
0.0 995.0 197.0 1067.0 4015.5755101460923
0.0 1374.0 11.0 58.0 216.98674274049046
0.0 316.0 531.0 2701.0 10847.452784173502
0.0 1311.0 44.0 242.0 879.8901629930829
0.0 322.0 531.0 2675.0 10747.957355373026
0.0 396.0 494.0 2543.0 9988.246844008834
0.0 851.0 287.0 1291.0 5432.2370298421465
0.0 312.0 535.0 2706.0 10841.637558691036
0.0 1371.0 12.0 61.0 261.7745790410746
0.0 313.0 537.0 2705.0 10860.040231662693
0.0 827.0 267.0 1482.0 5701.503528697714
0.0 884.0 254.0 1318.0 5056.713531012353
0.0 1126.0 140.0 657.0 2760.4337729499975
0.0 798.0 289.0 1466.0 6029.41423665074
0.0 974.0 203.0 1072.0 4198.982964719862
0.0 884.0 254.0 1318.0 5056.713531012353
0.0 396.0 494.0 2543.0 9988.246844008834
0.0 639.0 364.0 1911.0 7544.2307794880835
0.0 432.0 487.0 2404.0 9617.562804036543
0.0 995.0 201.0 1023.0 4057.626453821376
0.0 735.0 327.0 1678.0 6573.549570208278
0.0 1333.0 38.0 109.0 627.1442716434658
0.0 1370.0 14.0 56.0 260.8973142302275
0.0 710.0 325.0 1811.0 6855.185002196377
0.0 979.0 206.0 1057.0 4119.270488212097
0.0 884.0 241.0 1322.0 5129.063482803319
0.0 839.0 276.0 1336.0 5555.713438108349
0.0 1323.0 35.0 195.0 719.8376490476131
0.0 311.0 536.0 2713.0 10850.511203373202
0.0 995.0 203.0 1013.0 4046.5098544400976
0.0 995.0 201.0 1023.0 4057.626453821376
0.0 780.0 301.0 1564.0 6157.775999913312
0.0 257.0 560.0 2870.0 11408.84535030734
0.0 1368.0 10.0 73.0 287.3343614831876
0.0 746.0 324.0 1628.0 6513.972657214273
0.0 1367.0 14.0 61.0 297.4441919016126
0.0 1005.0 203.0 951.0 3852.530832904443
0.0 938.0 226.0 1143.0 4622.309503022031
0.0 812.0 298.0 1383.0 5854.122454396236
0.0 1371.0 14.0 56.0 244.46360417806292
0.0 625.0 385.0 1907.0 7710.879245399571
0.0 938.0 226.0 1143.0 4622.309503022031
0.0 321.0 523.0 2732.0 10774.453182398633
0.0 1025.0 190.0 948.0 3729.6020367739134
0.0 632.0 376.0 1920.0 7594.398804073944
0.0 648.0 372.0 1874.0 7423.8558314205675
0.0 711.0 332.0 1794.0 6805.151708799501
0.0 1323.0 35.0 195.0 719.8376490476131
0.0 1370.0 14.0 56.0 260.8973142302275
0.0 857.0 265.0 1288.0 5408.162934041875
0.0 1336.0 29.0 170.0 558.1542970513515
0.0 305.0 534.0 2759.0 10915.769174919182
0.0 884.0 254.0 1318.0 5056.713531012353
0.0 258.0 557.0 2898.0 11426.679018976523
0.0 938.0 226.0 1143.0 4622.309503022031
0.0 1324.0 42.0 156.0 701.6935992705827
0.0 974.0 203.0 1072.0 4198.982964719862
0.0 868.0 254.0 1387.0 5254.942054196189
0.0 979.0 206.0 1057.0 4119.270488212097
0.0 720.0 331.0 1694.0 6765.05879184596
0.0 315.0 530.0 2718.0 10839.663665614058
0.0 410.0 492.0 2481.0 9820.09981355371
0.0 312.0 535.0 2706.0 10841.637558691036
0.0 827.0 267.0 1482.0 5701.503528697714
0.0 1369.0 8.0 98.0 306.4691814151236
0.0 780.0 301.0 1564.0 6157.775999913312
0.0 1363.0 14.0 80.0 346.1453664889921
0.0 681.0 350.0 1850.0 7164.29245691139
0.0 260.0 562.0 2836.0 11376.864623488473
0.0 1372.0 12.0 44.0 251.22251037612523
0.0 616.0 389.0 1915.0 7693.418527802513
0.0 827.0 267.0 1482.0 5701.503528697714
0.0 995.0 190.0 1074.0 3970.85057977538
0.0 997.0 200.0 1031.0 3919.118579625247
0.0 1362.0 21.0 41.0 338.0566549574195
0.0 839.0 276.0 1336.0 5555.713438108349
0.0 863.0 275.0 1278.0 5310.211692264081
0.0 1374.0 10.0 64.0 227.1410130470038
0.0 884.0 241.0 1322.0 5129.063482803319
0.0 1333.0 38.0 109.0 627.1442716434658
0.0 258.0 559.0 2877.0 11380.547442032113
0.0 974.0 203.0 1072.0 4198.982964719862
0.0 1329.0 33.0 164.0 666.0170204013154
0.0 1371.0 12.0 61.0 261.7745790410746
0.0 432.0 487.0 2404.0 9617.562804036543
0.0 258.0 565.0 2864.0 11396.990366194523
0.0 1367.0 14.0 61.0 297.4441919016126
0.0 1022.0 181.0 971.0 3659.3301694264865
0.0 766.0 319.0 1521.0 6258.14786221085
0.0 974.0 203.0 1072.0 4198.982964719862
0.0 814.0 284.0 1420.0 5795.3370139857525
0.0 313.0 537.0 2705.0 10860.040231662693
0.0 1324.0 42.0 156.0 701.6935992705827
0.0 1329.0 33.0 153.0 686.0869798655997
0.0 1369.0 11.0 77.0 287.26993195606696
0.0 938.0 226.0 1143.0 4622.309503022031
0.0 974.0 203.0 1072.0 4198.982964719862
0.0 632.0 376.0 1920.0 7594.398804073944
0.0 1369.0 15.0 49.0 278.54932878048965
0.0 1329.0 32.0 162.0 688.7692242309267
0.0 812.0 298.0 1383.0 5854.122454396236
0.0 328.0 536.0 2653.0 10676.199767879934
0.0 974.0 203.0 1072.0 4198.982964719862
0.0 969.0 220.0 1020.0 4246.101298014916
0.0 271.0 545.0 2907.0 11241.720226851188
0.0 665.0 361.0 1875.0 7302.244513081201
0.0 746.0 324.0 1628.0 6513.972657214273
0.0 1302.0 50.0 258.0 952.4633927962819
0.0 1025.0 190.0 948.0 3729.6020367739134
0.0 998.0 190.0 1037.0 3954.2251717094427
0.0 309.0 531.0 2763.0 10876.079614714428
0.0 995.0 203.0 1013.0 4046.5098544400976
0.0 940.0 245.0 1055.0 4580.543801505876
0.0 1371.0 13.0 70.0 233.173268143405
0.0 1025.0 190.0 948.0 3729.6020367739134
0.0 814.0 284.0 1420.0 5795.3370139857525
0.0 812.0 291.0 1395.0 5824.383116975552
0.0 268.0 553.0 2851.0 11299.23454392024
0.0 921.0 220.0 1254.0 4745.992564139792
0.0 602.0 401.0 1974.0 7919.077864276428
0.0 1368.0 16.0 49.0 299.594678302829
0.0 958.0 208.0 1142.0 4387.916660702386
0.0 904.0 248.0 1267.0 4927.864542534827
0.0 1363.0 14.0 80.0 346.1453664889921
0.0 1324.0 41.0 161.0 714.2260535942628
0.0 578.0 398.0 2153.0 8204.2897133549
0.0 989.0 212.0 1019.0 4044.7418083573066
0.0 793.0 300.0 1482.0 6039.437703797631
0.0 711.0 332.0 1794.0 6805.151708799501
0.0 1333.0 38.0 109.0 627.1442716434658
0.0 1372.0 15.0 39.0 268.07660298091946
0.0 735.0 327.0 1678.0 6573.549570208278
0.0 665.0 361.0 1875.0 7302.244513081201
0.0 1326.0 41.0 149.0 675.3882350132868
0.0 991.0 206.0 981.0 4022.551013704802
0.0 639.0 364.0 1911.0 7544.2307794880835
0.0 1329.0 33.0 164.0 666.0170204013154
0.0 598.0 393.0 2070.0 7944.995214123917
0.0 998.0 190.0 1037.0 3954.2251717094427
0.0 868.0 254.0 1387.0 5254.942054196189
0.0 995.0 201.0 1023.0 4057.626453821376
0.0 432.0 487.0 2404.0 9617.562804036543
0.0 636.0 361.0 2045.0 7543.233152915383
0.0 625.0 385.0 1907.0 7710.879245399571
0.0 995.0 197.0 1067.0 4015.5755101460923
0.0 1005.0 203.0 951.0 3852.530832904443
0.0 603.0 391.0 1965.0 7873.849018882061
0.0 1322.0 38.0 206.0 718.7953316430082
0.0 990.0 185.0 1148.0 4045.280116572538
0.0 258.0 559.0 2877.0 11380.547442032113
0.0 1368.0 16.0 49.0 299.594678302829
0.0 669.0 357.0 1856.0 7281.115765608984
0.0 814.0 284.0 1420.0 5795.3370139857525
0.0 1324.0 42.0 156.0 701.6935992705827
0.0 396.0 494.0 2543.0 9988.246844008834
0.0 827.0 267.0 1482.0 5701.503528697714
0.0 940.0 245.0 1055.0 4580.543801505876
0.0 995.0 203.0 1013.0 4046.5098544400976
0.0 610.0 385.0 2001.0 7910.031752255323
0.0 602.0 401.0 1974.0 7919.077864276428
0.0 938.0 226.0 1143.0 4622.309503022031
0.0 616.0 389.0 1915.0 7693.418527802513
0.0 724.0 336.0 1693.0 6675.3951853138615
0.0 668.0 351.0 1878.0 7257.271447049497
0.0 634.0 366.0 2000.0 7543.823993880453
0.0 632.0 376.0 1920.0 7594.398804073944
0.0 1025.0 190.0 948.0 3729.6020367739134
0.0 1323.0 38.0 188.0 746.6666409098408
0.0 921.0 220.0 1254.0 4745.992564139792
0.0 851.0 287.0 1291.0 5432.2370298421465
0.0 630.0 367.0 1997.0 7638.198905664124
0.0 1323.0 35.0 195.0 719.8376490476131
0.0 1322.0 44.0 176.0 750.1799820630685
0.0 958.0 230.0 1050.0 4374.553212463945
0.0 1368.0 18.0 29.0 289.72099635386144
0.0 1369.0 15.0 49.0 278.54932878048965
0.0 618.0 369.0 2071.0 7790.0120493388995
0.0 979.0 198.0 1094.0 4175.865381849244
0.0 1372.0 12.0 53.0 250.633119967151
0.0 254.0 564.0 2897.0 11456.979391502
0.0 1362.0 20.0 54.0 353.56914688913236
0.0 1329.0 33.0 153.0 686.0869798655997
0.0 639.0 378.0 1873.0 7514.8928404583485
0.0 268.0 553.0 2851.0 11299.23454392024
0.0 653.0 346.0 2004.0 7410.381658579302
0.0 1325.0 34.0 204.0 700.6696353201618
0.0 978.0 213.0 1030.0 4187.316002859295
0.0 995.0 190.0 1074.0 3970.85057977538
0.0 692.0 342.0 1807.0 7012.918435574778
0.0 970.0 220.0 986.0 4217.028966527149
0.0 333.0 523.0 2680.0 10619.023043972571
0.0 609.0 382.0 2061.0 7858.547606751143
0.0 284.0 549.0 2789.0 11165.57099688986
0.0 660.0 355.0 1910.0 7345.537896843211
0.0 966.0 200.0 1128.0 4327.5450838725055
0.0 1337.0 31.0 131.0 611.5912680753707
0.0 1022.0 181.0 971.0 3659.3301694264865
0.0 974.0 203.0 1072.0 4198.982964719862
0.0 1374.0 11.0 58.0 216.98674274049046
0.0 1368.0 10.0 73.0 287.3343614831876
0.0 393.0 490.0 2573.0 10026.190571080177
