0.0 1371.0 13.0 56.0 262.554912822478
0.0 1010.0 196.0 982.0 3860.605943246662
0.0 336.0 521.0 2681.0 10656.294785448144
0.0 1319.0 46.0 184.0 778.0104138441295
0.0 1044.0 163.0 950.0 3496.8332762597356
0.0 675.0 364.0 1796.0 7249.680854350768
0.0 417.0 489.0 2470.0 9772.111095092463
0.0 1368.0 15.0 52.0 282.3789183130596
0.0 1041.0 172.0 918.0 3476.5458348317406
0.0 723.0 330.0 1739.0 6720.225626182356
0.0 820.0 271.0 1466.0 5810.799244210434
0.0 1326.0 43.0 140.0 688.584978193507
0.0 1324.0 34.0 191.0 727.2686723621567
0.0 974.0 213.0 1001.0 4193.347706383325
0.0 988.0 191.0 1085.0 4043.3430866287285
0.0 1366.0 17.0 45.0 295.93627013372463
0.0 934.0 234.0 1121.0 4585.4426050971215
0.0 1371.0 13.0 56.0 262.554912822478
0.0 1338.0 31.0 125.0 588.0563900524722
0.0 857.0 250.0 1405.0 5394.5843655907565
0.0 1371.0 13.0 56.0 262.554912822478
0.0 1331.0 40.0 141.0 615.945821768973
0.0 307.0 535.0 2723.0 10933.935176427152
0.0 412.0 486.0 2533.0 9834.75388240847
0.0 629.0 364.0 1966.0 7666.911145937506
0.0 924.0 244.0 1155.0 4688.953704685
0.0 829.0 297.0 1294.0 5633.6894914557115
0.0 829.0 297.0 1294.0 5633.6894914557115
0.0 671.0 361.0 1817.0 7233.000879998528
0.0 264.0 550.0 2907.0 11318.022662667549
0.0 901.0 239.0 1260.0 4902.217333007418
0.0 820.0 271.0 1466.0 5810.799244210434
0.0 829.0 257.0 1639.0 5674.675357580499
0.0 444.0 477.0 2396.0 9512.49243807287
0.0 1324.0 34.0 191.0 727.2686723621567
0.0 805.0 275.0 1571.0 5924.180995318096
0.0 988.0 191.0 1085.0 4043.3430866287285
0.0 617.0 370.0 2033.0 7718.2087865250005
0.0 675.0 364.0 1796.0 7249.680854350768
0.0 883.0 259.0 1225.0 5152.957929465078
0.0 657.0 360.0 1917.0 7329.220252309729
0.0 329.0 528.0 2714.0 10664.671923861137
0.0 833.0 279.0 1378.0 5523.40854158055
0.0 1367.0 12.0 79.0 292.22411781770256
0.0 671.0 361.0 1817.0 7233.000879998528
0.0 793.0 305.0 1421.0 6126.504194707963
0.0 652.0 361.0 1881.0 7468.698784269932
0.0 1374.0 10.0 63.0 227.34766406559802
0.0 330.0 528.0 2684.0 10670.583331072883
0.0 986.0 202.0 1006.0 4022.0060101725994
0.0 1311.0 42.0 217.0 859.9374346497289
0.0 868.0 263.0 1289.0 5289.492209004139
0.0 879.0 252.0 1350.0 5099.109846290302
0.0 786.0 284.0 1615.0 6049.200297756255
0.0 675.0 364.0 1796.0 7249.680854350768
0.0 857.0 254.0 1414.0 5339.910995660685
0.0 675.0 364.0 1796.0 7249.680854350768
0.0 781.0 321.0 1475.0 6168.907825645189
0.0 1082.0 153.0 796.0 3141.134253823927
0.0 723.0 330.0 1739.0 6720.225626182356
0.0 1010.0 196.0 982.0 3860.605943246662
0.0 1376.0 10.0 43.0 214.6637880599978
0.0 986.0 202.0 1006.0 4022.0060101725994
0.0 327.0 532.0 2662.0 10681.317034778769
0.0 887.0 241.0 1379.0 5025.9744863569895
0.0 1322.0 39.0 183.0 755.683521880957
0.0 259.0 564.0 2858.0 11359.141539305721
0.0 829.0 297.0 1294.0 5633.6894914557115
0.0 1044.0 163.0 950.0 3496.8332762597356
0.0 1367.0 16.0 47.0 307.24926564960697
0.0 1373.0 11.0 53.0 220.75313816824766
0.0 1371.0 9.0 81.0 268.86673632972594
0.0 829.0 297.0 1294.0 5633.6894914557115
0.0 1366.0 16.0 53.0 309.0142277828599
0.0 1054.0 163.0 876.0 3376.3544782528343
0.0 604.0 384.0 2035.0 7858.92813441241
0.0 300.0 535.0 2766.0 11001.493913485781
0.0 393.0 501.0 2502.0 10047.141355780857
0.0 1001.0 191.0 1040.0 3852.739569550525
0.0 407.0 482.0 2558.0 9917.021038394636
0.0 335.0 526.0 2671.0 10628.66077466602
0.0 1374.0 14.0 54.0 219.8685239230048
0.0 988.0 191.0 1085.0 4043.3430866287285
0.0 829.0 297.0 1294.0 5633.6894914557115
0.0 1364.0 18.0 45.0 342.99597656642334
0.0 1014.0 194.0 943.0 3838.1315892836715
0.0 1017.0 199.0 965.0 3800.2812498691574
0.0 907.0 249.0 1173.0 4861.835636014181
0.0 990.0 199.0 1018.0 3930.4686240423034
0.0 1012.0 200.0 933.0 3916.0377626834497
0.0 1371.0 13.0 56.0 262.554912822478
0.0 269.0 545.0 2943.0 11269.770535449064
0.0 631.0 381.0 1897.0 7619.497209243455
0.0 1380.0 6.0 46.0 151.49851661292783
0.0 630.0 374.0 1928.0 7637.30082069181
0.0 400.0 493.0 2481.0 9960.305563336984
0.0 1320.0 41.0 194.0 782.2348866593791
0.0 1012.0 200.0 933.0 3916.0377626834497
0.0 1017.0 199.0 965.0 3800.2812498691574
0.0 1012.0 200.0 933.0 3916.0377626834497
0.0 327.0 532.0 2662.0 10681.317034778769
0.0 974.0 213.0 1001.0 4193.347706383325
0.0 1374.0 10.0 63.0 227.34766406559802
0.0 631.0 381.0 1897.0 7619.497209243455
0.0 775.0 295.0 1642.0 6173.58678304617
0.0 829.0 297.0 1294.0 5633.6894914557115
0.0 644.0 363.0 1933.0 7467.682478118005
0.0 1051.0 174.0 874.0 3378.784981450755
0.0 1324.0 34.0 191.0 727.2686723621567
0.0 1368.0 15.0 53.0 261.351402007726
0.0 786.0 284.0 1615.0 6049.200297756255
0.0 393.0 501.0 2502.0 10047.141355780857
0.0 631.0 381.0 1897.0 7619.497209243455
0.0 1324.0 34.0 191.0 727.2686723621567
0.0 377.0 510.0 2540.0 10208.331721770559
0.0 1017.0 199.0 965.0 3800.2812498691574
0.0 336.0 521.0 2681.0 10656.294785448144
0.0 671.0 361.0 1817.0 7233.000879998528
0.0 1017.0 199.0 965.0 3800.2812498691574
0.0 1012.0 200.0 933.0 3916.0377626834497
0.0 1368.0 15.0 53.0 261.351402007726
0.0 1368.0 12.0 72.0 282.55795079875526
0.0 1318.0 47.0 167.0 802.5771549728712
0.0 986.0 202.0 1006.0 4022.0060101725994
0.0 1319.0 42.0 214.0 799.1277700766971
0.0 1363.0 21.0 46.0 348.74415168439083
0.0 946.0 219.0 1177.0 4464.9982612659205
0.0 934.0 234.0 1121.0 4585.4426050971215
0.0 934.0 234.0 1121.0 4585.4426050971215
0.0 1012.0 200.0 933.0 3916.0377626834497
0.0 1371.0 13.0 56.0 262.554912822478
0.0 407.0 482.0 2558.0 9917.021038394636
0.0 1371.0 13.0 56.0 262.554912822478
0.0 1380.0 6.0 46.0 151.49851661292783
0.0 879.0 252.0 1350.0 5099.109846290302
0.0 857.0 250.0 1405.0 5394.5843655907565
0.0 786.0 284.0 1615.0 6049.200297756255
0.0 631.0 381.0 1897.0 7619.497209243455
0.0 336.0 521.0 2681.0 10656.294785448144
0.0 253.0 568.0 2887.0 11426.97037560562
0.0 799.0 302.0 1414.0 5900.19836072462
0.0 805.0 275.0 1571.0 5924.180995318096
0.0 314.0 527.0 2738.0 10814.234242632003
0.0 868.0 263.0 1289.0 5289.492209004139
0.0 604.0 384.0 2035.0 7858.92813441241
0.0 976.0 195.0 1105.0 4162.1682380058155
0.0 842.0 291.0 1223.0 5564.111634139569
0.0 252.0 566.0 2877.0 11466.36913820491
0.0 1368.0 15.0 53.0 261.351402007726
0.0 1363.0 21.0 46.0 348.74415168439083
0.0 314.0 527.0 2738.0 10814.234242632003
0.0 390.0 504.0 2506.0 10042.454372599577
0.0 854.0 289.0 1212.0 5447.125903535184
0.0 1321.0 43.0 187.0 745.1900401808562
0.0 1368.0 13.0 58.0 301.2893629514559
0.0 723.0 330.0 1739.0 6720.225626182356
0.0 1338.0 31.0 125.0 588.0563900524722
0.0 1044.0 163.0 950.0 3496.8332762597356
0.0 652.0 361.0 1881.0 7468.698784269932
0.0 393.0 501.0 2502.0 10047.141355780857
0.0 638.0 366.0 1912.0 7560.032172730403
0.0 760.0 318.0 1652.0 6367.884729072907
0.0 986.0 202.0 1006.0 4022.0060101725994
0.0 675.0 364.0 1796.0 7249.680854350768
0.0 602.0 388.0 2034.0 7913.469166730507
0.0 311.0 536.0 2697.0 10878.635495839657
0.0 1041.0 172.0 918.0 3476.5458348317406
0.0 336.0 525.0 2682.0 10615.703578674073
0.0 307.0 535.0 2723.0 10933.935176427152
0.0 336.0 521.0 2681.0 10656.294785448144
0.0 998.0 191.0 1047.0 3975.342046529468
0.0 883.0 259.0 1225.0 5152.957929465078
0.0 773.0 314.0 1534.0 6234.388971642259
0.0 612.0 389.0 1961.0 7801.91755581911
0.0 871.0 244.0 1443.0 5219.810761523787
0.0 977.0 225.0 931.0 4244.703445900746
0.0 829.0 297.0 1294.0 5633.6894914557115
0.0 612.0 389.0 1961.0 7801.91755581911
0.0 998.0 191.0 1047.0 3975.342046529468
0.0 780.0 292.0 1620.0 6139.018583310734
0.0 255.0 563.0 2889.0 11411.58973686857
0.0 327.0 532.0 2662.0 10681.317034778769
0.0 946.0 219.0 1177.0 4464.9982612659205
0.0 820.0 271.0 1466.0 5810.799244210434
0.0 330.0 528.0 2684.0 10670.583331072883
0.0 1010.0 196.0 982.0 3860.605943246662
0.0 1001.0 191.0 1040.0 3852.739569550525
0.0 857.0 264.0 1321.0 5399.760914617115
0.0 974.0 213.0 1001.0 4193.347706383325
0.0 974.0 213.0 1001.0 4193.347706383325
0.0 846.0 273.0 1331.0 5456.97607187852
0.0 829.0 297.0 1294.0 5633.6894914557115
0.0 887.0 241.0 1379.0 5025.9744863569895
0.0 1380.0 6.0 46.0 151.49851661292783
0.0 1376.0 10.0 43.0 214.6637880599978
0.0 1368.0 12.0 72.0 282.55795079875526
0.0 1319.0 46.0 184.0 778.0104138441295
0.0 261.0 563.0 2854.0 11358.965632199985
0.0 1366.0 17.0 45.0 295.93627013372463
0.0 988.0 191.0 1085.0 4043.3430866287285
0.0 1017.0 199.0 965.0 3800.2812498691574
0.0 671.0 361.0 1817.0 7233.000879998528
0.0 924.0 244.0 1155.0 4688.953704685
0.0 412.0 486.0 2533.0 9834.75388240847
0.0 327.0 532.0 2662.0 10681.317034778769
0.0 988.0 191.0 1085.0 4043.3430866287285
0.0 1324.0 34.0 191.0 727.2686723621567
0.0 1324.0 34.0 191.0 727.2686723621567
0.0 780.0 292.0 1620.0 6139.018583310734
0.0 1054.0 163.0 876.0 3376.3544782528343
0.0 1014.0 194.0 943.0 3838.1315892836715
0.0 1054.0 163.0 876.0 3376.3544782528343
0.0 1017.0 199.0 965.0 3800.2812498691574
0.0 602.0 388.0 2034.0 7913.469166730507
0.0 256.0 566.0 2869.0 11406.55689233483
0.0 273.0 546.0 2877.0 11227.612539181951
0.0 829.0 297.0 1294.0 5633.6894914557115
0.0 1330.0 35.0 141.0 670.4813413291795
0.0 983.0 201.0 1009.0 4123.653479217632
0.0 390.0 504.0 2506.0 10042.454372599577
0.0 1320.0 41.0 194.0 782.2348866593791
0.0 258.0 559.0 2888.0 11406.0351536983
0.0 976.0 195.0 1105.0 4162.1682380058155
0.0 1374.0 10.0 63.0 227.34766406559802
0.0 778.0 307.0 1529.0 6163.142325272782
0.0 336.0 521.0 2681.0 10656.294785448144
0.0 941.0 216.0 1213.0 4615.077397822543
0.0 600.0 393.0 2041.0 7942.865659073167
0.0 977.0 225.0 931.0 4244.703445900746
0.0 1041.0 172.0 918.0 3476.5458348317406
0.0 1370.0 11.0 76.0 262.6455700296662
0.0 1319.0 46.0 184.0 778.0104138441295
0.0 833.0 279.0 1378.0 5523.40854158055
0.0 606.0 387.0 1979.0 7868.505786609856
0.0 1012.0 200.0 933.0 3916.0377626834497
0.0 1014.0 194.0 943.0 3838.1315892836715
0.0 394.0 503.0 2486.0 9994.82824747684
0.0 1341.0 35.0 98.0 575.6751818095005
0.0 959.0 212.0 1111.0 4305.234473851534
0.0 1319.0 37.0 218.0 778.3816406771821
0.0 762.0 326.0 1544.0 6367.877656889232
0.0 630.0 374.0 1928.0 7637.30082069181
0.0 1341.0 36.0 89.0 572.9929374441735
0.0 607.0 397.0 1971.0 7881.682955878104
0.0 1338.0 31.0 125.0 588.0563900524722
0.0 1337.0 35.0 114.0 593.8513872272196
0.0 1361.0 18.0 67.0 363.28369285365136
0.0 1368.0 13.0 58.0 301.2893629514559
0.0 657.0 360.0 1917.0 7329.220252309729
0.0 1371.0 13.0 56.0 262.554912822478
0.0 329.0 528.0 2714.0 10664.671923861137
0.0 846.0 257.0 1453.0 5495.064436924849
0.0 314.0 527.0 2738.0 10814.234242632003
0.0 675.0 364.0 1796.0 7249.680854350768
0.0 1363.0 21.0 46.0 348.74415168439083
0.0 1371.0 12.0 68.0 254.83699289728492
0.0 780.0 292.0 1620.0 6139.018583310734
0.0 723.0 330.0 1739.0 6720.225626182356
0.0 1017.0 199.0 965.0 3800.2812498691574
0.0 997.0 208.0 951.0 4040.7448619218967
0.0 738.0 331.0 1712.0 6536.904933127962
0.0 1368.0 15.0 53.0 261.351402007726
0.0 260.0 560.0 2863.0 11380.585245858661
0.0 617.0 381.0 1945.0 7796.790342765288
0.0 1010.0 196.0 982.0 3860.605943246662
0.0 1326.0 43.0 140.0 688.584978193507
0.0 1333.0 30.0 149.0 634.4771830972256
0.0 787.0 298.0 1490.0 6180.425034704829
0.0 860.0 270.0 1297.0 5320.1346078167135
0.0 781.0 321.0 1475.0 6168.907825645189
0.0 1324.0 34.0 191.0 727.2686723621567
0.0 986.0 202.0 1006.0 4022.0060101725994
0.0 857.0 250.0 1405.0 5394.5843655907565
0.0 257.0 560.0 2891.0 11412.563679549707
0.0 1322.0 39.0 183.0 755.683521880957
0.0 998.0 191.0 1047.0 3975.342046529468
0.0 320.0 524.0 2790.0 10785.078630888822
0.0 1331.0 40.0 141.0 615.945821768973
0.0 1360.0 22.0 56.0 388.2414679879324
0.0 1054.0 163.0 876.0 3376.3544782528343
0.0 934.0 234.0 1121.0 4585.4426050971215
0.0 974.0 213.0 1001.0 4193.347706383325
0.0 617.0 370.0 2033.0 7718.2087865250005
0.0 629.0 364.0 1966.0 7666.911145937506
0.0 601.0 394.0 2007.0 7851.56037988361
0.0 883.0 259.0 1225.0 5152.957929465078
0.0 988.0 191.0 1085.0 4043.3430866287285
0.0 327.0 532.0 2662.0 10681.317034778769
0.0 901.0 239.0 1260.0 4902.217333007418
0.0 1380.0 6.0 46.0 151.49851661292783
0.0 262.0 552.0 2934.0 11335.998680395594
0.0 307.0 535.0 2723.0 10933.935176427152
0.0 1320.0 36.0 215.0 762.0581642429427
0.0 1335.0 27.0 173.0 631.4857931643103
0.0 868.0 263.0 1289.0 5289.492209004139
0.0 935.0 231.0 1177.0 4561.404527845896
0.0 612.0 389.0 1961.0 7801.91755581911
0.0 1319.0 42.0 214.0 799.1277700766971
0.0 671.0 361.0 1817.0 7233.000879998528
0.0 1326.0 33.0 184.0 703.8495520456737
