0.0 787.0 293.0 1543.0 6103.0165531611765
0.0 970.0 222.0 1008.0 4248.150442539294
0.0 429.0 488.0 2405.0 9678.052729578189
0.0 758.0 308.0 1600.0 6391.4021915109215
0.0 1320.0 38.0 212.0 747.5000166324572
0.0 779.0 311.0 1512.0 6186.329403001102
0.0 1015.0 181.0 1040.0 3768.2919542679683
0.0 985.0 207.0 1021.0 4040.899123472841
0.0 424.0 474.0 2488.0 9725.130811927786
0.0 981.0 202.0 1062.0 4087.6521820811486
0.0 992.0 209.0 966.0 3992.858305533895
0.0 1366.0 13.0 68.0 321.53488595988506
0.0 333.0 528.0 2678.0 10637.235428318498
0.0 1030.0 177.0 1018.0 3647.499474623322
0.0 666.0 359.0 1828.0 7315.882125904292
0.0 392.0 496.0 2548.0 10028.965606777376
0.0 970.0 192.0 1201.0 4260.818995059999
0.0 644.0 366.0 1914.0 7504.466817949024
0.0 918.0 224.0 1235.0 4814.29792318716
0.0 847.0 267.0 1376.0 5535.055825393263
0.0 970.0 192.0 1201.0 4260.818995059999
0.0 493.0 440.0 2329.0 9013.726143672173
0.0 1015.0 187.0 981.0 3784.674080091901
0.0 320.0 529.0 2711.0 10749.501281402967
0.0 1030.0 177.0 1018.0 3647.499474623322
0.0 1030.0 177.0 1018.0 3647.499474623322
0.0 952.0 202.0 1215.0 4490.400244115261
0.0 1005.0 206.0 929.0 3882.1509632231864
0.0 852.0 280.0 1311.0 5413.049285094476
0.0 259.0 554.0 2924.0 11399.505288594832
0.0 1320.0 38.0 212.0 747.5000166324572
0.0 328.0 529.0 2640.0 10713.576068806951
0.0 1322.0 43.0 153.0 719.421455591235
0.0 794.0 318.0 1410.0 6007.19311421372
0.0 1009.0 192.0 966.0 3938.6390885937467
0.0 876.0 251.0 1393.0 5214.857630253568
0.0 766.0 318.0 1573.0 6323.7068492783965
0.0 1325.0 38.0 166.0 713.1072481665478
0.0 637.0 369.0 1904.0 7557.1029157111225
0.0 392.0 501.0 2512.0 10017.68783627227
0.0 918.0 224.0 1235.0 4814.29792318716
0.0 393.0 498.0 2542.0 10019.547705064586
0.0 637.0 381.0 1879.0 7574.128762226912
0.0 802.0 310.0 1390.0 5952.338161069892
0.0 813.0 268.0 1612.0 5793.58031696687
0.0 1373.0 11.0 58.0 237.38932670058048
0.0 1367.0 10.0 109.0 288.80404157211586
0.0 988.0 198.0 1006.0 4113.316285473885
0.0 799.0 287.0 1496.0 5973.631326065345
0.0 1322.0 36.0 204.0 751.0605810490543
0.0 320.0 531.0 2671.0 10779.170246835823
0.0 952.0 202.0 1215.0 4490.400244115261
0.0 1368.0 18.0 38.0 280.59019543218534
0.0 847.0 289.0 1306.0 5493.621511633907
0.0 1323.0 43.0 153.0 707.8339165325564
0.0 1323.0 43.0 153.0 707.8339165325564
0.0 255.0 565.0 2881.0 11415.249002997663
0.0 1069.0 166.0 852.0 3215.741292578557
0.0 1369.0 17.0 40.0 289.39432011500594
0.0 652.0 371.0 1833.0 7456.361026662296
0.0 1370.0 16.0 33.0 280.08074809655733
0.0 988.0 198.0 1006.0 4113.316285473885
0.0 1320.0 43.0 186.0 765.7233110800729
0.0 1106.0 148.0 711.0 2841.874182134503
0.0 1323.0 43.0 153.0 707.8339165325564
0.0 666.0 359.0 1828.0 7315.882125904292
0.0 1334.0 38.0 99.0 628.1505865097378
0.0 789.0 300.0 1491.0 6100.839982232476
0.0 392.0 496.0 2548.0 10028.965606777376
0.0 860.0 257.0 1398.0 5410.443189206197
0.0 605.0 401.0 1962.0 7870.594474252462
0.0 847.0 267.0 1376.0 5535.055825393263
0.0 981.0 202.0 1062.0 4087.6521820811486
0.0 1369.0 13.0 64.0 262.71681190548355
0.0 1367.0 10.0 90.0 293.7959806884677
0.0 813.0 312.0 1306.0 5800.045053197666
0.0 1370.0 15.0 46.0 260.5709676116948
0.0 1030.0 177.0 1018.0 3647.499474623322
0.0 990.0 211.0 1007.0 4058.2149656625456
0.0 1368.0 18.0 38.0 280.59019543218534
0.0 865.0 260.0 1324.0 5213.368435255689
0.0 1369.0 11.0 65.0 284.7682010583192
0.0 620.0 372.0 2020.0 7757.991576734186
0.0 774.0 300.0 1606.0 6114.378049151942
0.0 950.0 232.0 1076.0 4451.714295196958
0.0 1015.0 187.0 981.0 3784.674080091901
0.0 650.0 368.0 1847.0 7457.728449555242
0.0 802.0 310.0 1390.0 5952.338161069892
0.0 928.0 231.0 1206.0 4641.941303782874
0.0 619.0 368.0 2081.0 7699.730999389217
0.0 1328.0 38.0 150.0 667.0922966327049
0.0 1320.0 39.0 207.0 744.756240558335
0.0 862.0 285.0 1223.0 5356.247828097085
0.0 644.0 353.0 2015.0 7516.8614982620165
0.0 938.0 241.0 1091.0 4571.821589300973
0.0 1321.0 41.0 191.0 794.9396509786955
0.0 952.0 202.0 1215.0 4490.400244115261
0.0 670.0 348.0 1926.0 7312.9951029943695
0.0 774.0 318.0 1504.0 6151.771191589859
0.0 332.0 528.0 2671.0 10654.897528600151
0.0 1320.0 47.0 154.0 741.1204691498285
0.0 672.0 360.0 1861.0 7224.871151479672
0.0 1367.0 12.0 65.0 309.71088045157654
0.0 392.0 496.0 2548.0 10028.965606777376
0.0 1371.0 15.0 49.0 247.7618715806217
0.0 950.0 232.0 1076.0 4451.714295196958
0.0 1334.0 32.0 146.0 594.0313692189782
0.0 1324.0 33.0 216.0 707.9242854870688
0.0 588.0 414.0 2000.0 8024.109442329859
0.0 375.0 508.0 2586.0 10246.779651390543
0.0 981.0 202.0 1062.0 4087.6521820811486
0.0 429.0 488.0 2405.0 9678.052729578189
0.0 1004.0 199.0 1003.0 3947.4140535119695
0.0 981.0 202.0 1062.0 4087.6521820811486
0.0 333.0 528.0 2678.0 10637.235428318498
0.0 532.0 432.0 2202.0 8622.23587933169
0.0 663.0 358.0 1900.0 7357.080474492676
0.0 1070.0 170.0 815.0 3238.0018513925866
0.0 1298.0 54.0 258.0 979.0778376374312
0.0 332.0 528.0 2684.0 10651.11546383208
0.0 855.0 268.0 1303.0 5398.08962896786
0.0 952.0 202.0 1215.0 4490.400244115261
0.0 1030.0 177.0 1018.0 3647.499474623322
0.0 1069.0 166.0 852.0 3215.741292578557
0.0 259.0 554.0 2924.0 11399.505288594832
0.0 392.0 507.0 2496.0 10014.49163144742
0.0 330.0 526.0 2677.0 10677.851555964538
0.0 429.0 488.0 2405.0 9678.052729578189
0.0 650.0 368.0 1847.0 7457.728449555242
0.0 429.0 488.0 2405.0 9678.052729578189
0.0 950.0 232.0 1076.0 4451.714295196958
0.0 1370.0 16.0 33.0 280.08074809655733
0.0 869.0 259.0 1343.0 5240.851018691561
0.0 1004.0 199.0 1003.0 3947.4140535119695
0.0 429.0 488.0 2405.0 9678.052729578189
0.0 1368.0 18.0 38.0 280.59019543218534
0.0 605.0 400.0 1937.0 7871.077536692526
0.0 1041.0 180.0 858.0 3556.8262575897324
0.0 1332.0 28.0 198.0 615.6032747610315
0.0 970.0 192.0 1201.0 4260.818995059999
0.0 860.0 257.0 1398.0 5410.443189206197
0.0 314.0 539.0 2665.0 10835.052734925324
0.0 309.0 536.0 2698.0 10878.104105210085
0.0 309.0 536.0 2698.0 10878.104105210085
0.0 1374.0 12.0 58.0 215.00059016947276
0.0 1368.0 14.0 52.0 300.8100618733861
0.0 309.0 536.0 2698.0 10878.104105210085
0.0 872.0 288.0 1214.0 5232.676457179158
0.0 988.0 198.0 1006.0 4113.316285473885
0.0 1363.0 13.0 90.0 353.44107689486714
0.0 1374.0 12.0 58.0 215.00059016947276
0.0 799.0 287.0 1496.0 5973.631326065345
0.0 296.0 539.0 2765.0 11007.132223107013
0.0 865.0 260.0 1324.0 5213.368435255689
0.0 1371.0 12.0 56.0 250.25323580664903
0.0 333.0 528.0 2678.0 10637.235428318498
0.0 1368.0 18.0 38.0 280.59019543218534
0.0 966.0 216.0 1043.0 4307.7586321832905
0.0 967.0 214.0 1070.0 4219.8110289898
0.0 296.0 539.0 2765.0 11007.132223107013
0.0 1288.0 53.0 320.0 1054.9252821849223
0.0 1368.0 18.0 38.0 280.59019543218534
0.0 918.0 224.0 1235.0 4814.29792318716
0.0 1370.0 12.0 50.0 265.7693640911833
0.0 257.0 569.0 2848.0 11421.530001293208
0.0 1005.0 206.0 929.0 3882.1509632231864
0.0 417.0 489.0 2480.0 9792.6053602543
0.0 1328.0 38.0 150.0 667.0922966327049
0.0 802.0 310.0 1390.0 5952.338161069892
0.0 1323.0 43.0 153.0 707.8339165325564
0.0 401.0 495.0 2523.0 9942.604235606615
0.0 839.0 279.0 1376.0 5527.846081585069
0.0 779.0 311.0 1512.0 6186.329403001102
0.0 1373.0 11.0 58.0 237.38932670058048
0.0 821.0 275.0 1460.0 5758.65571369505
0.0 821.0 275.0 1460.0 5758.65571369505
0.0 814.0 273.0 1515.0 5884.9497875258
0.0 902.0 244.0 1265.0 4994.9829314828075
0.0 637.0 369.0 1904.0 7557.1029157111225
0.0 814.0 280.0 1485.0 5784.384821777039
0.0 392.0 496.0 2548.0 10028.965606777376
0.0 1365.0 22.0 39.0 307.9408498432725
0.0 532.0 432.0 2202.0 8622.23587933169
0.0 1373.0 13.0 45.0 249.7333385497352
0.0 429.0 488.0 2405.0 9678.052729578189
0.0 257.0 561.0 2889.0 11411.383024935993
0.0 670.0 348.0 1926.0 7312.9951029943695
0.0 1374.0 11.0 58.0 234.22437278040977
0.0 1336.0 30.0 151.0 602.7626904460526
0.0 309.0 536.0 2698.0 10878.104105210085
0.0 254.0 565.0 2885.0 11432.627388651332
0.0 666.0 359.0 1828.0 7315.882125904292
0.0 270.0 546.0 2907.0 11257.801663727663
0.0 588.0 414.0 2000.0 8024.109442329859
0.0 1298.0 50.0 278.0 989.3983224179746
0.0 839.0 263.0 1486.0 5532.731128652326
0.0 847.0 267.0 1376.0 5535.055825393263
0.0 1367.0 10.0 90.0 293.7959806884677
0.0 1015.0 187.0 981.0 3784.674080091901
0.0 804.0 274.0 1583.0 5963.195020941519
0.0 928.0 231.0 1206.0 4641.941303782874
0.0 759.0 302.0 1688.0 6426.785275436955
0.0 1370.0 12.0 50.0 265.7693640911833
0.0 262.0 556.0 2862.0 11373.056460146412
0.0 795.0 306.0 1430.0 6070.478445985055
0.0 907.0 249.0 1251.0 4937.790087181389
0.0 739.0 320.0 1737.0 6564.16260320152
0.0 918.0 224.0 1235.0 4814.29792318716
0.0 1373.0 10.0 86.0 231.8471855649737
0.0 966.0 216.0 1043.0 4307.7586321832905
0.0 666.0 359.0 1828.0 7315.882125904292
0.0 613.0 380.0 2024.0 7797.256772580796
0.0 952.0 202.0 1215.0 4490.400244115261
0.0 851.0 267.0 1369.0 5477.191005560151
0.0 259.0 554.0 2924.0 11399.505288594832
0.0 672.0 360.0 1861.0 7224.871151479672
0.0 981.0 202.0 1062.0 4087.6521820811486
0.0 988.0 198.0 1006.0 4113.316285473885
0.0 588.0 414.0 2000.0 8024.109442329859
0.0 779.0 311.0 1512.0 6186.329403001102
0.0 619.0 368.0 2081.0 7699.730999389217
0.0 970.0 192.0 1201.0 4260.818995059999
0.0 1375.0 10.0 49.0 220.7798914126302
0.0 1328.0 34.0 176.0 665.1915236775384
0.0 1320.0 38.0 212.0 747.5000166324572
0.0 649.0 362.0 1913.0 7474.005127263148
0.0 934.0 219.0 1227.0 4670.664057596379
0.0 990.0 211.0 1007.0 4058.2149656625456
0.0 1339.0 28.0 153.0 568.2497980392026
0.0 1368.0 18.0 38.0 280.59019543218534
0.0 697.0 354.0 1721.0 6994.534513170365
0.0 865.0 260.0 1324.0 5213.368435255689
0.0 659.0 372.0 1870.0 7299.595492926162
0.0 258.0 566.0 2844.0 11391.021305216878
0.0 821.0 275.0 1460.0 5758.65571369505
0.0 758.0 308.0 1600.0 6391.4021915109215
0.0 1005.0 206.0 929.0 3882.1509632231864
0.0 1030.0 177.0 1018.0 3647.499474623322
0.0 429.0 488.0 2405.0 9678.052729578189
0.0 1015.0 187.0 981.0 3784.674080091901
0.0 1320.0 39.0 207.0 744.756240558335
0.0 620.0 372.0 2020.0 7757.991576734186
0.0 1328.0 38.0 150.0 667.0922966327049
0.0 637.0 381.0 1879.0 7574.128762226912
0.0 258.0 564.0 2864.0 11396.802388585564
0.0 1374.0 12.0 58.0 215.00059016947276
0.0 1327.0 34.0 185.0 675.8529276337749
0.0 611.0 390.0 1992.0 7790.872347234719
0.0 1363.0 13.0 90.0 353.44107689486714
0.0 1357.0 20.0 82.0 423.4789517319392
0.0 1004.0 199.0 1003.0 3947.4140535119695
0.0 1334.0 38.0 99.0 628.1505865097378
0.0 938.0 241.0 1091.0 4571.821589300973
0.0 839.0 263.0 1486.0 5532.731128652326
0.0 605.0 401.0 1962.0 7870.594474252462
0.0 644.0 366.0 1914.0 7504.466817949024
0.0 946.0 235.0 1054.0 4483.112058522613
0.0 1374.0 11.0 58.0 234.22437278040977
0.0 262.0 556.0 2862.0 11373.056460146412
0.0 795.0 306.0 1430.0 6070.478445985055
0.0 618.0 369.0 2080.0 7768.085262115359
0.0 260.0 564.0 2848.0 11359.512125479045
0.0 1332.0 28.0 198.0 615.6032747610315
0.0 605.0 400.0 1937.0 7871.077536692526
0.0 975.0 203.0 1089.0 4243.607622419955
0.0 991.0 204.0 1019.0 3961.431276149992
0.0 1322.0 36.0 204.0 751.0605810490543
0.0 970.0 222.0 1008.0 4248.150442539294
0.0 392.0 507.0 2496.0 10014.49163144742
0.0 332.0 528.0 2684.0 10651.11546383208
0.0 650.0 368.0 1847.0 7457.728449555242
0.0 1320.0 43.0 186.0 765.7233110800729
0.0 985.0 207.0 1021.0 4040.899123472841
0.0 670.0 353.0 1867.0 7244.267964017905
0.0 1337.0 32.0 136.0 581.9910269049128
0.0 1364.0 20.0 44.0 348.28222819077496
0.0 322.0 527.0 2710.0 10770.776471356183
0.0 314.0 539.0 2665.0 10835.052734925324
0.0 670.0 348.0 1926.0 7312.9951029943695
0.0 1370.0 12.0 50.0 265.7693640911833
0.0 1373.0 13.0 52.0 235.6709163111429
0.0 401.0 495.0 2523.0 9942.604235606615
0.0 637.0 369.0 1904.0 7557.1029157111225
0.0 1334.0 36.0 128.0 613.0217443588156
0.0 847.0 289.0 1306.0 5493.621511633907
0.0 950.0 232.0 1076.0 4451.714295196958
0.0 1321.0 41.0 191.0 794.9396509786955
0.0 1370.0 16.0 33.0 280.08074809655733
0.0 860.0 257.0 1398.0 5410.443189206197
0.0 822.0 298.0 1376.0 5681.947434062785
0.0 644.0 353.0 2015.0 7516.8614982620165
0.0 830.0 266.0 1438.0 5689.005739203151
0.0 309.0 536.0 2698.0 10878.104105210085
0.0 615.0 387.0 1961.0 7778.475397549804
