0.0 1336.0 26.0 171.0 620.252845718013
0.0 1016.0 196.0 982.0 3821.703227879438
0.0 976.0 192.0 1127.0 4238.677844393796
0.0 1008.0 189.0 1006.0 3869.1480167075597
0.0 792.0 312.0 1449.0 5967.993373019294
0.0 797.0 277.0 1592.0 5994.1930945964905
0.0 1004.0 178.0 1107.0 3951.885477902714
0.0 404.0 501.0 2462.0 9919.273025735283
0.0 944.0 233.0 1100.0 4436.174450276697
0.0 1371.0 15.0 49.0 252.5409982994132
0.0 1320.0 43.0 177.0 755.6405980892541
0.0 853.0 280.0 1279.0 5409.4543542371875
0.0 602.0 396.0 2081.0 7814.5414673964
0.0 895.0 238.0 1237.0 5055.646164677525
0.0 404.0 493.0 2474.0 9918.548987942548
0.0 895.0 238.0 1237.0 5055.646164677525
0.0 1336.0 26.0 171.0 620.252845718013
0.0 993.0 194.0 1060.0 3954.6912002915806
0.0 616.0 377.0 2009.0 7705.230568508635
0.0 391.0 496.0 2547.0 10047.855762904088
0.0 874.0 272.0 1220.0 5193.673085727477
0.0 314.0 525.0 2758.0 10845.503895394157
0.0 654.0 350.0 1994.0 7384.510634753867
0.0 1368.0 14.0 60.0 279.6866202874777
0.0 1372.0 11.0 53.0 253.12717639583852
0.0 586.0 386.0 2204.0 8119.410435409989
0.0 382.0 505.0 2515.0 10097.736355294432
0.0 1078.0 161.0 787.0 3137.232227276461
0.0 1319.0 38.0 208.0 778.5721166267351
0.0 767.0 312.0 1571.0 6339.0833001517585
0.0 307.0 530.0 2758.0 10899.106834108226
0.0 1318.0 41.0 194.0 790.5401242582712
0.0 410.0 492.0 2431.0 9854.198060499439
0.0 792.0 297.0 1537.0 5905.231040323622
0.0 880.0 258.0 1281.0 5128.152964778888
0.0 858.0 262.0 1337.0 5365.959572759089
0.0 990.0 200.0 1008.0 4029.3224085002157
0.0 860.0 240.0 1472.0 5386.97338454087
0.0 908.0 259.0 1163.0 4860.6637050905665
0.0 1335.0 34.0 116.0 622.9785341280241
0.0 1373.0 11.0 58.0 237.7417439504177
0.0 1365.0 20.0 37.0 323.6523264859648
0.0 793.0 285.0 1559.0 5992.719122036351
0.0 993.0 194.0 1060.0 3954.6912002915806
0.0 979.0 220.0 996.0 4137.07468010722
0.0 392.0 503.0 2516.0 10019.553070609176
0.0 1329.0 34.0 154.0 643.9815800980621
0.0 793.0 279.0 1595.0 6043.199903986512
0.0 1004.0 178.0 1107.0 3951.885477902714
0.0 254.0 565.0 2879.0 11422.444369229393
0.0 764.0 301.0 1645.0 6349.7073672533625
0.0 258.0 555.0 2904.0 11430.904309356023
0.0 976.0 192.0 1127.0 4238.677844393796
0.0 659.0 364.0 1851.0 7353.56523497094
0.0 392.0 503.0 2516.0 10019.553070609176
0.0 764.0 301.0 1645.0 6349.7073672533625
0.0 310.0 531.0 2737.0 10870.307831794324
0.0 1320.0 43.0 177.0 755.6405980892541
0.0 838.0 279.0 1349.0 5544.235563616844
0.0 679.0 353.0 1829.0 7160.112751248214
0.0 404.0 493.0 2474.0 9918.548987942548
0.0 1366.0 19.0 44.0 313.8207269441852
0.0 895.0 238.0 1237.0 5055.646164677525
0.0 624.0 389.0 1915.0 7651.6768753422375
0.0 305.0 539.0 2719.0 10903.54927692583
0.0 1320.0 43.0 177.0 755.6405980892541
0.0 1332.0 37.0 128.0 651.7332306868674
0.0 1372.0 12.0 51.0 250.93749762901714
0.0 1016.0 196.0 982.0 3821.703227879438
0.0 772.0 289.0 1654.0 6236.566703628403
0.0 1016.0 196.0 982.0 3821.703227879438
0.0 990.0 200.0 1008.0 4029.3224085002157
0.0 257.0 561.0 2872.0 11415.321252802569
0.0 712.0 340.0 1722.0 6785.332157583271
0.0 853.0 280.0 1279.0 5409.4543542371875
0.0 1292.0 52.0 293.0 1045.0149037499289
0.0 1008.0 189.0 1006.0 3869.1480167075597
0.0 1336.0 32.0 131.0 620.2143563653754
0.0 1005.0 193.0 982.0 3881.160321994608
0.0 820.0 252.0 1641.0 5792.480993580707
0.0 808.0 287.0 1446.0 5790.969634449787
0.0 659.0 364.0 1851.0 7353.56523497094
0.0 976.0 192.0 1127.0 4238.677844393796
0.0 1016.0 196.0 982.0 3821.703227879438
0.0 824.0 292.0 1361.0 5682.533466523337
0.0 1008.0 189.0 1006.0 3869.1480167075597
0.0 255.0 568.0 2864.0 11409.103179812717
0.0 944.0 209.0 1252.0 4508.861166907166
0.0 662.0 361.0 1845.0 7311.3314740622245
0.0 990.0 200.0 1008.0 4029.3224085002157
0.0 953.0 234.0 1046.0 4322.249842929692
0.0 820.0 298.0 1367.0 5710.306548748147
0.0 772.0 289.0 1654.0 6236.566703628403
0.0 766.0 303.0 1630.0 6257.881879313135
0.0 923.0 241.0 1146.0 4728.089657567143
0.0 410.0 492.0 2431.0 9854.198060499439
0.0 254.0 557.0 2929.0 11459.00876228293
0.0 976.0 192.0 1127.0 4238.677844393796
0.0 776.0 307.0 1538.0 6214.8939443644
0.0 1107.0 144.0 753.0 2794.773744427446
0.0 786.0 316.0 1461.0 6026.933304682409
0.0 671.0 352.0 1852.0 7244.978122381344
0.0 315.0 534.0 2696.0 10823.720781230426
0.0 1371.0 10.0 81.0 278.38742496824904
0.0 712.0 340.0 1722.0 6785.332157583271
0.0 953.0 234.0 1046.0 4322.249842929692
0.0 1336.0 34.0 116.0 611.3909950693454
0.0 718.0 338.0 1772.0 6778.736951623238
0.0 1368.0 12.0 69.0 283.247341605872
0.0 586.0 386.0 2204.0 8119.410435409989
0.0 679.0 353.0 1829.0 7160.112751248214
0.0 1368.0 15.0 51.0 306.5750625450428
0.0 1319.0 38.0 208.0 778.5721166267351
0.0 911.0 243.0 1203.0 4844.984051116581
0.0 1323.0 39.0 185.0 701.7804848870031
0.0 400.0 497.0 2506.0 9951.900179383758
0.0 1364.0 21.0 36.0 316.7098359832289
0.0 849.0 274.0 1304.0 5471.649977676102
0.0 343.0 519.0 2671.0 10546.529970875548
0.0 990.0 200.0 1008.0 4029.3224085002157
0.0 824.0 292.0 1361.0 5682.533466523337
0.0 982.0 215.0 991.0 4211.720786373031
0.0 586.0 386.0 2204.0 8119.410435409989
0.0 1375.0 8.0 73.0 217.2487030357799
0.0 1005.0 193.0 982.0 3881.160321994608
0.0 589.0 409.0 1978.0 8070.403648596208
0.0 1293.0 53.0 273.0 1039.637361920107
0.0 990.0 200.0 1008.0 4029.3224085002157
0.0 953.0 234.0 1046.0 4322.249842929692
0.0 1377.0 9.0 57.0 181.41636565641082
0.0 1368.0 15.0 51.0 306.5750625450428
0.0 382.0 505.0 2515.0 10097.736355294432
0.0 1033.0 183.0 954.0 3532.1261541507047
0.0 860.0 240.0 1472.0 5386.97338454087
0.0 830.0 269.0 1447.0 5734.2499562616595
0.0 1372.0 13.0 47.0 232.1194535477696
0.0 1371.0 10.0 81.0 278.38742496824904
0.0 853.0 280.0 1279.0 5409.4543542371875
0.0 396.0 506.0 2456.0 9993.228057265433
0.0 1308.0 43.0 270.0 871.2251742227587
0.0 671.0 352.0 1852.0 7244.978122381344
0.0 880.0 258.0 1281.0 5128.152964778888
0.0 260.0 561.0 2847.0 11361.425583049202
0.0 1008.0 189.0 1006.0 3869.1480167075597
0.0 1362.0 18.0 66.0 345.00839656451103
0.0 1375.0 8.0 73.0 217.2487030357799
0.0 979.0 220.0 996.0 4137.07468010722
0.0 259.0 563.0 2855.0 11360.270004937156
0.0 343.0 519.0 2671.0 10546.529970875548
0.0 838.0 279.0 1349.0 5544.235563616844
0.0 1371.0 10.0 81.0 278.38742496824904
0.0 370.0 509.0 2612.0 10277.685002058564
0.0 586.0 386.0 2204.0 8119.410435409989
0.0 880.0 258.0 1281.0 5128.152964778888
0.0 1320.0 43.0 177.0 755.6405980892541
0.0 792.0 312.0 1449.0 5967.993373019294
0.0 1071.0 163.0 834.0 3217.8359589700017
0.0 392.0 503.0 2516.0 10019.553070609176
0.0 982.0 215.0 991.0 4211.720786373031
0.0 1371.0 10.0 81.0 278.38742496824904
0.0 601.0 403.0 1948.0 7912.417235472074
0.0 895.0 238.0 1237.0 5055.646164677525
0.0 1320.0 43.0 177.0 755.6405980892541
0.0 1016.0 196.0 982.0 3821.703227879438
0.0 990.0 200.0 1008.0 4029.3224085002157
0.0 382.0 505.0 2515.0 10097.736355294432
0.0 853.0 280.0 1279.0 5409.4543542371875
0.0 860.0 240.0 1472.0 5386.97338454087
0.0 1005.0 193.0 982.0 3881.160321994608
0.0 1004.0 178.0 1107.0 3951.885477902714
0.0 395.0 504.0 2490.0 9993.297052065302
0.0 1320.0 43.0 177.0 755.6405980892541
0.0 1004.0 178.0 1107.0 3951.885477902714
0.0 410.0 492.0 2431.0 9854.198060499439
0.0 1364.0 21.0 36.0 316.7098359832289
0.0 392.0 503.0 2516.0 10019.553070609176
0.0 695.0 342.0 1820.0 7013.646361000594
0.0 392.0 503.0 2516.0 10019.553070609176
0.0 872.0 257.0 1286.0 5357.402235199234
0.0 908.0 259.0 1163.0 4860.6637050905665
0.0 646.0 370.0 1878.0 7478.123040222302
0.0 824.0 292.0 1361.0 5682.533466523337
0.0 990.0 200.0 1008.0 4029.3224085002157
0.0 254.0 557.0 2929.0 11459.00876228293
0.0 259.0 563.0 2855.0 11360.270004937156
0.0 1005.0 193.0 982.0 3881.160321994608
0.0 314.0 538.0 2691.0 10818.177857751636
0.0 425.0 486.0 2463.0 9746.659501192042
0.0 944.0 233.0 1100.0 4436.174450276697
0.0 990.0 200.0 1008.0 4029.3224085002157
0.0 1369.0 14.0 48.0 285.6947038297087
0.0 259.0 563.0 2855.0 11360.270004937156
0.0 1362.0 18.0 66.0 345.00839656451103
0.0 764.0 301.0 1645.0 6349.7073672533625
0.0 976.0 192.0 1127.0 4238.677844393796
0.0 1358.0 18.0 91.0 396.0438692226829
0.0 895.0 238.0 1237.0 5055.646164677525
0.0 797.0 322.0 1364.0 6054.60588390368
0.0 1369.0 12.0 71.0 265.0622620882183
0.0 772.0 289.0 1654.0 6236.566703628403
0.0 382.0 505.0 2515.0 10097.736355294432
0.0 993.0 194.0 1060.0 3954.6912002915806
0.0 256.0 560.0 2883.0 11421.751843269454
0.0 624.0 389.0 1915.0 7651.6768753422375
0.0 990.0 200.0 1008.0 4029.3224085002157
0.0 258.0 555.0 2904.0 11430.904309356023
0.0 322.0 529.0 2682.0 10746.656865526029
0.0 1373.0 11.0 58.0 237.7417439504177
0.0 405.0 500.0 2459.0 9957.264332944367
0.0 1374.0 12.0 42.0 211.9996801249016
0.0 1369.0 16.0 55.0 263.1499852827371
0.0 918.0 231.0 1270.0 4777.812718146429
0.0 1336.0 34.0 116.0 611.3909950693454
0.0 659.0 364.0 1851.0 7353.56523497094
0.0 648.0 367.0 1878.0 7518.085758074312
0.0 1362.0 18.0 66.0 345.00839656451103
0.0 838.0 279.0 1349.0 5544.235563616844
0.0 1368.0 17.0 51.0 278.30359673429103
0.0 259.0 563.0 2855.0 11360.270004937156
0.0 712.0 340.0 1722.0 6785.332157583271
0.0 1319.0 38.0 208.0 778.5721166267351
0.0 1365.0 16.0 53.0 331.5421234152438
0.0 792.0 312.0 1449.0 5967.993373019294
0.0 633.0 372.0 1941.0 7615.300710849582
0.0 1330.0 37.0 139.0 670.0786623144963
0.0 632.0 362.0 2047.0 7575.891659804053
0.0 616.0 377.0 2009.0 7705.230568508635
0.0 619.0 384.0 1963.0 7717.4460551024185
0.0 586.0 386.0 2204.0 8119.410435409989
0.0 382.0 505.0 2515.0 10097.736355294432
0.0 646.0 370.0 1878.0 7478.123040222302
0.0 725.0 331.0 1756.0 6653.161094373365
0.0 1369.0 13.0 63.0 283.2655327695486
0.0 860.0 240.0 1472.0 5386.97338454087
0.0 799.0 287.0 1487.0 5934.433704846659
0.0 1008.0 189.0 1006.0 3869.1480167075597
0.0 953.0 234.0 1046.0 4322.249842929692
0.0 611.0 381.0 2025.0 7871.522903962009
0.0 895.0 238.0 1237.0 5055.646164677525
0.0 1320.0 43.0 177.0 755.6405980892541
0.0 880.0 258.0 1281.0 5128.152964778888
0.0 1371.0 10.0 81.0 278.38742496824904
0.0 1016.0 196.0 982.0 3821.703227879438
0.0 609.0 384.0 2018.0 7801.871566728077
0.0 1005.0 193.0 982.0 3881.160321994608
0.0 1041.0 170.0 937.0 3544.4474023382804
0.0 1332.0 37.0 128.0 651.7332306868674
0.0 944.0 233.0 1100.0 4436.174450276697
0.0 305.0 535.0 2745.0 10903.288999700031
0.0 589.0 409.0 1978.0 8070.403648596208
0.0 818.0 273.0 1502.0 5803.87894114231
0.0 993.0 194.0 1060.0 3954.6912002915806
0.0 679.0 353.0 1829.0 7160.112751248214
0.0 597.0 397.0 1963.0 8022.168606680115
0.0 1320.0 39.0 186.0 754.0217417184446
0.0 410.0 492.0 2431.0 9854.198060499439
0.0 601.0 403.0 1948.0 7912.417235472074
0.0 395.0 492.0 2560.0 10018.231654419891
0.0 821.0 303.0 1339.0 5789.954433984254
0.0 1318.0 41.0 194.0 790.5401242582712
0.0 662.0 361.0 1845.0 7311.3314740622245
0.0 1324.0 36.0 187.0 727.2328926638148
0.0 1329.0 34.0 154.0 643.9815800980621
0.0 396.0 506.0 2456.0 9993.228057265433
0.0 976.0 192.0 1127.0 4238.677844393796
0.0 392.0 503.0 2516.0 10019.553070609176
0.0 958.0 211.0 1115.0 4397.230528491565
0.0 957.0 209.0 1150.0 4366.9020256035465
0.0 635.0 375.0 1932.0 7530.521630405182
0.0 1377.0 9.0 57.0 181.41636565641082
0.0 679.0 355.0 1818.0 7217.071382727558
0.0 1363.0 13.0 91.0 345.8547637497225
0.0 1314.0 43.0 220.0 831.9908434843691
0.0 1004.0 178.0 1107.0 3951.885477902714
0.0 772.0 289.0 1654.0 6236.566703628403
0.0 314.0 533.0 2697.0 10849.254127304155
0.0 1323.0 39.0 185.0 701.7804848870031
0.0 1372.0 12.0 73.0 238.12233411304777
0.0 1367.0 18.0 38.0 278.33120843504594
0.0 1358.0 18.0 91.0 396.0438692226829
0.0 944.0 209.0 1252.0 4508.861166907166
0.0 982.0 215.0 991.0 4211.720786373031
0.0 654.0 350.0 1994.0 7384.510634753867
0.0 695.0 342.0 1820.0 7013.646361000594
0.0 853.0 280.0 1279.0 5409.4543542371875
0.0 278.0 541.0 2890.0 11177.452108649823
0.0 650.0 351.0 2010.0 7410.869346702249
0.0 990.0 200.0 1008.0 4029.3224085002157
0.0 718.0 338.0 1772.0 6778.736951623238
0.0 979.0 220.0 996.0 4137.07468010722
0.0 1335.0 34.0 116.0 622.9785341280241
0.0 671.0 352.0 1852.0 7244.978122381344
0.0 404.0 493.0 2474.0 9918.548987942548
0.0 616.0 389.0 1933.0 7813.002587916117
0.0 1328.0 31.0 187.0 686.4820969496384
0.0 1336.0 26.0 171.0 620.252845718013
0.0 1317.0 49.0 179.0 788.0450806615879
