0.0 956.0 225.0 1045.0 4416.126508927277
0.0 648.0 366.0 1888.0 7509.4154507426265
0.0 821.0 287.0 1363.0 5726.0737484607625
0.0 774.0 294.0 1667.0 6211.679721722286
0.0 885.0 245.0 1296.0 5119.346340641519
0.0 648.0 366.0 1888.0 7509.4154507426265
0.0 1380.0 9.0 40.0 160.98824800451476
0.0 1038.0 185.0 897.0 3565.9327676960106
0.0 394.0 501.0 2523.0 9987.353296924543
0.0 662.0 344.0 1939.0 7329.095856466953
0.0 1372.0 12.0 55.0 254.61640624780063
0.0 764.0 320.0 1557.0 6354.141840122683
0.0 1325.0 41.0 143.0 709.9859235131776
0.0 623.0 379.0 1961.0 7624.98489056087
0.0 885.0 245.0 1296.0 5119.346340641519
0.0 871.0 272.0 1243.0 5291.839588635072
0.0 977.0 216.0 994.0 4162.8569558977415
0.0 415.0 490.0 2495.0 9809.638220376548
0.0 258.0 561.0 2873.0 11419.987144579589
0.0 968.0 204.0 1103.0 4254.297365802951
0.0 750.0 327.0 1596.0 6474.874698664672
0.0 765.0 323.0 1467.0 6318.358797782607
0.0 1000.0 191.0 987.0 3975.2623193637455
0.0 1027.0 189.0 834.0 3714.886751798385
0.0 1357.0 19.0 88.0 426.05619008317825
0.0 831.0 284.0 1337.0 5721.694042908847
0.0 1321.0 39.0 203.0 739.185713029456
0.0 1000.0 191.0 987.0 3975.2623193637455
0.0 1294.0 55.0 268.0 1021.8298412972794
0.0 1335.0 35.0 120.0 591.8733034364293
0.0 1370.0 15.0 55.0 263.68719043525766
0.0 986.0 195.0 1091.0 4147.619055377492
0.0 998.0 184.0 1141.0 4005.1889670439036
0.0 828.0 297.0 1320.0 5732.1503373791
0.0 393.0 498.0 2519.0 10017.038093927376
0.0 1380.0 9.0 40.0 160.98824800451476
0.0 269.0 547.0 2900.0 11263.92790002068
0.0 654.0 361.0 1887.0 7466.221257981747
0.0 1325.0 41.0 143.0 709.9859235131776
0.0 337.0 522.0 2643.0 10572.53583107638
0.0 1357.0 17.0 108.0 408.1209929538441
0.0 980.0 225.0 955.0 4059.967406520834
0.0 632.0 354.0 2122.0 7621.460836500898
0.0 784.0 285.0 1622.0 6039.002714801196
0.0 769.0 309.0 1569.0 6229.200496905505
0.0 398.0 499.0 2459.0 9949.664604033705
0.0 388.0 502.0 2521.0 10073.040303743668
0.0 1338.0 25.0 188.0 585.9946366994117
0.0 1371.0 12.0 61.0 281.3696522090349
0.0 1373.0 12.0 56.0 246.63878419461994
0.0 1006.0 197.0 996.0 3845.8902002307345
0.0 853.0 255.0 1451.0 5428.554684805239
0.0 325.0 526.0 2689.0 10724.870430509656
0.0 325.0 526.0 2689.0 10724.870430509656
0.0 1366.0 18.0 54.0 292.91640462860806
0.0 328.0 528.0 2699.0 10686.114553731444
0.0 853.0 272.0 1338.0 5283.207878414551
0.0 668.0 367.0 1783.0 7249.40081762132
0.0 1321.0 35.0 210.0 783.0831464799361
0.0 684.0 353.0 1762.0 7109.525312351485
0.0 924.0 220.0 1239.0 4725.5411956082025
0.0 1371.0 12.0 71.0 242.41339773961377
0.0 1371.0 12.0 64.0 255.58145284089653
0.0 1053.0 166.0 870.0 3382.633070947595
0.0 261.0 558.0 2872.0 11385.072257477526
0.0 1368.0 12.0 70.0 284.0403169807103
0.0 1362.0 20.0 62.0 344.78254915784424
0.0 810.0 301.0 1389.0 5793.644981184775
0.0 1006.0 197.0 996.0 3845.8902002307345
0.0 1053.0 166.0 870.0 3382.633070947595
0.0 839.0 271.0 1395.0 5550.517295182108
0.0 759.0 315.0 1563.0 6333.2374353158
0.0 680.0 348.0 1849.0 7107.419011014195
0.0 325.0 526.0 2689.0 10724.870430509656
0.0 973.0 204.0 1047.0 4243.307587920971
0.0 434.0 487.0 2395.0 9640.876877842506
0.0 356.0 517.0 2620.0 10385.723802385528
0.0 1000.0 191.0 987.0 3975.2623193637455
0.0 943.0 219.0 1165.0 4420.501680661919
0.0 1005.0 188.0 1052.0 4007.993102101371
0.0 783.0 314.0 1465.0 6067.408380124618
0.0 800.0 284.0 1502.0 6046.080633252272
0.0 1369.0 13.0 62.0 281.31079588884916
0.0 1027.0 189.0 834.0 3714.886751798385
0.0 662.0 344.0 1939.0 7329.095856466953
0.0 1006.0 197.0 996.0 3845.8902002307345
0.0 662.0 344.0 1939.0 7329.095856466953
0.0 1371.0 12.0 71.0 242.41339773961377
0.0 842.0 293.0 1287.0 5578.565487759629
0.0 980.0 225.0 955.0 4059.967406520834
0.0 973.0 204.0 1047.0 4243.307587920971
0.0 1361.0 21.0 52.0 355.83119435389614
0.0 323.0 530.0 2679.0 10770.191366856476
0.0 1367.0 14.0 60.0 306.7650316442471
0.0 1368.0 14.0 60.0 275.8004529337139
0.0 1380.0 9.0 40.0 160.98824800451476
0.0 742.0 328.0 1678.0 6560.222240821878
0.0 1373.0 13.0 41.0 244.04038063962068
0.0 904.0 234.0 1268.0 4998.26135448453
0.0 1325.0 41.0 143.0 709.9859235131776
0.0 1319.0 43.0 193.0 793.2502808359311
0.0 1369.0 14.0 56.0 277.5386782067827
0.0 924.0 220.0 1239.0 4725.5411956082025
0.0 1371.0 12.0 71.0 242.41339773961377
0.0 1309.0 44.0 238.0 847.6571562479216
0.0 849.0 275.0 1299.0 5542.952189431665
0.0 664.0 367.0 1810.0 7396.098261383592
0.0 261.0 561.0 2847.0 11329.179833544082
0.0 1367.0 17.0 52.0 288.5288735879395
0.0 325.0 526.0 2689.0 10724.870430509656
0.0 1366.0 17.0 50.0 317.791770743706
0.0 1361.0 19.0 64.0 364.09687147795177
0.0 639.0 357.0 2036.0 7513.938760680278
0.0 261.0 562.0 2870.0 11325.409702110663
0.0 996.0 198.0 985.0 4082.4869153584914
0.0 839.0 271.0 1395.0 5550.517295182108
0.0 610.0 383.0 1955.0 7831.272113861587
0.0 1321.0 39.0 203.0 739.185713029456
0.0 952.0 207.0 1200.0 4385.653606929968
0.0 863.0 262.0 1337.0 5288.599447788938
0.0 1363.0 20.0 54.0 338.9879318765232
0.0 956.0 225.0 1045.0 4416.126508927277
0.0 1024.0 185.0 901.0 3703.4732856981664
0.0 1329.0 37.0 141.0 673.6240705957778
0.0 594.0 399.0 1966.0 8024.880288522391
0.0 1325.0 41.0 143.0 709.9859235131776
0.0 996.0 198.0 985.0 4082.4869153584914
0.0 980.0 225.0 955.0 4059.967406520834
0.0 257.0 561.0 2898.0 11426.062527068212
0.0 1325.0 41.0 143.0 709.9859235131776
0.0 853.0 255.0 1451.0 5428.554684805239
0.0 323.0 530.0 2679.0 10770.191366856476
0.0 1325.0 39.0 154.0 714.2498055111895
0.0 1367.0 14.0 60.0 306.7650316442471
0.0 325.0 526.0 2689.0 10724.870430509656
0.0 764.0 320.0 1557.0 6354.141840122683
0.0 828.0 297.0 1320.0 5732.1503373791
0.0 1371.0 14.0 50.0 259.98225250628565
0.0 1050.0 176.0 851.0 3481.6671023384088
0.0 943.0 219.0 1165.0 4420.501680661919
0.0 902.0 251.0 1236.0 4912.277789661679
0.0 1329.0 37.0 141.0 673.6240705957778
0.0 868.0 265.0 1296.0 5278.407106766094
0.0 1027.0 189.0 834.0 3714.886751798385
0.0 853.0 272.0 1338.0 5283.207878414551
0.0 810.0 301.0 1389.0 5793.644981184775
0.0 1360.0 16.0 92.0 386.0621241720031
0.0 1319.0 43.0 193.0 793.2502808359311
0.0 269.0 547.0 2900.0 11263.92790002068
0.0 750.0 327.0 1596.0 6474.874698664672
0.0 320.0 532.0 2677.0 10799.903274457025
0.0 325.0 526.0 2689.0 10724.870430509656
0.0 631.0 358.0 2034.0 7649.018198313152
0.0 325.0 526.0 2689.0 10724.870430509656
0.0 998.0 184.0 1141.0 4005.1889670439036
0.0 610.0 383.0 1955.0 7831.272113861587
0.0 853.0 273.0 1329.0 5365.247066452481
0.0 1370.0 10.0 62.0 265.09643868059595
0.0 1024.0 185.0 901.0 3703.4732856981664
0.0 1012.0 199.0 913.0 3785.7201893421893
0.0 1325.0 41.0 143.0 709.9859235131776
0.0 861.0 253.0 1442.0 5355.932178512326
0.0 810.0 301.0 1389.0 5793.644981184775
0.0 1000.0 194.0 1059.0 3912.485084978925
0.0 1053.0 166.0 870.0 3382.633070947595
0.0 1329.0 37.0 141.0 673.6240705957778
0.0 805.0 285.0 1478.0 5925.146972970704
0.0 1321.0 39.0 203.0 739.185713029456
0.0 924.0 220.0 1239.0 4725.5411956082025
0.0 261.0 561.0 2847.0 11329.179833544082
0.0 1321.0 39.0 203.0 739.185713029456
0.0 1367.0 14.0 60.0 306.7650316442471
0.0 729.0 326.0 1698.0 6591.810772300583
0.0 325.0 526.0 2689.0 10724.870430509656
0.0 596.0 392.0 2082.0 8000.329952665519
0.0 1321.0 39.0 203.0 739.185713029456
0.0 596.0 392.0 2082.0 8000.329952665519
0.0 977.0 216.0 994.0 4162.8569558977415
0.0 986.0 212.0 1030.0 3976.1445803349898
0.0 821.0 287.0 1363.0 5726.0737484607625
0.0 908.0 236.0 1278.0 4866.293793568139
0.0 996.0 198.0 985.0 4082.4869153584914
0.0 1380.0 9.0 40.0 160.98824800451476
0.0 606.0 400.0 1923.0 7838.357537679224
0.0 1335.0 35.0 120.0 591.8733034364293
0.0 871.0 272.0 1243.0 5291.839588635072
0.0 771.0 293.0 1675.0 6230.745310867726
0.0 394.0 501.0 2523.0 9987.353296924543
0.0 393.0 502.0 2510.0 10017.391627416897
0.0 1319.0 43.0 193.0 793.2502808359311
0.0 594.0 399.0 1966.0 8024.880288522391
0.0 393.0 498.0 2519.0 10017.038093927376
0.0 306.0 531.0 2761.0 10912.570354014544
0.0 306.0 531.0 2761.0 10912.570354014544
0.0 1367.0 17.0 52.0 288.5288735879395
0.0 980.0 225.0 955.0 4059.967406520834
0.0 266.0 548.0 2924.0 11301.724561786625
0.0 1371.0 12.0 71.0 242.41339773961377
0.0 775.0 310.0 1500.0 6106.361126405828
0.0 968.0 204.0 1103.0 4254.297365802951
0.0 684.0 353.0 1762.0 7109.525312351485
0.0 853.0 255.0 1451.0 5428.554684805239
0.0 885.0 245.0 1296.0 5119.346340641519
0.0 986.0 212.0 1030.0 3976.1445803349898
0.0 309.0 536.0 2718.0 10897.669673905599
0.0 258.0 561.0 2873.0 11419.987144579589
0.0 596.0 392.0 2082.0 8000.329952665519
0.0 996.0 198.0 985.0 4082.4869153584914
0.0 924.0 220.0 1239.0 4725.5411956082025
0.0 963.0 209.0 1074.0 4230.9969334161115
0.0 1000.0 191.0 987.0 3975.2623193637455
0.0 956.0 225.0 1045.0 4416.126508927277
0.0 784.0 285.0 1622.0 6039.002714801196
0.0 596.0 392.0 2082.0 8000.329952665519
0.0 631.0 358.0 2034.0 7649.018198313152
0.0 610.0 383.0 1955.0 7831.272113861587
0.0 839.0 271.0 1395.0 5550.517295182108
0.0 1338.0 25.0 188.0 585.9946366994117
0.0 1325.0 41.0 143.0 709.9859235131776
0.0 1368.0 14.0 56.0 300.8235235174026
0.0 668.0 367.0 1783.0 7249.40081762132
0.0 1335.0 29.0 160.0 617.4152467495237
0.0 996.0 198.0 985.0 4082.4869153584914
0.0 325.0 526.0 2689.0 10724.870430509656
0.0 1012.0 199.0 913.0 3785.7201893421893
0.0 650.0 359.0 1920.0 7478.023233069651
0.0 1335.0 28.0 191.0 585.3336267240585
0.0 652.0 370.0 1852.0 7416.7525292379005
0.0 977.0 216.0 994.0 4162.8569558977415
0.0 963.0 209.0 1074.0 4230.9969334161115
0.0 700.0 366.0 1663.0 6955.406389338336
0.0 638.0 382.0 1870.0 7562.615326523966
0.0 853.0 255.0 1451.0 5428.554684805239
0.0 648.0 366.0 1888.0 7509.4154507426265
0.0 327.0 524.0 2709.0 10714.983340142613
0.0 775.0 310.0 1500.0 6106.361126405828
0.0 783.0 314.0 1465.0 6067.408380124618
0.0 333.0 526.0 2696.0 10629.755086644047
0.0 594.0 399.0 1966.0 8024.880288522391
0.0 943.0 219.0 1165.0 4420.501680661919
0.0 323.0 530.0 2679.0 10770.191366856476
0.0 664.0 367.0 1810.0 7396.098261383592
0.0 797.0 307.0 1429.0 5967.007558811325
0.0 1006.0 197.0 996.0 3845.8902002307345
0.0 1367.0 14.0 60.0 306.7650316442471
0.0 1322.0 40.0 173.0 758.2956497087495
0.0 986.0 188.0 1214.0 4153.30193714418
0.0 616.0 371.0 2057.0 7756.164034611468
0.0 1335.0 28.0 162.0 602.855284285111
0.0 328.0 528.0 2699.0 10686.114553731444
0.0 885.0 245.0 1296.0 5119.346340641519
0.0 1321.0 35.0 210.0 783.0831464799361
0.0 252.0 566.0 2890.0 11425.10533678237
0.0 257.0 561.0 2898.0 11426.062527068212
0.0 973.0 204.0 1047.0 4243.307587920971
0.0 654.0 361.0 1887.0 7466.221257981747
0.0 1325.0 39.0 154.0 714.2498055111895
0.0 998.0 206.0 991.0 3897.650890512819
0.0 398.0 499.0 2459.0 9949.664604033705
0.0 1321.0 39.0 203.0 739.185713029456
0.0 1380.0 9.0 40.0 160.98824800451476
0.0 1371.0 12.0 71.0 242.41339773961377
0.0 998.0 184.0 1141.0 4005.1889670439036
0.0 791.0 281.0 1578.0 6032.47161976751
0.0 968.0 204.0 1103.0 4254.297365802951
0.0 684.0 353.0 1762.0 7109.525312351485
0.0 784.0 285.0 1622.0 6039.002714801196
0.0 1000.0 191.0 987.0 3975.2623193637455
0.0 607.0 383.0 2026.0 7849.379117934613
0.0 923.0 244.0 1173.0 4751.234723301358
0.0 810.0 301.0 1389.0 5793.644981184775
0.0 255.0 558.0 2918.0 11449.118994078375
0.0 306.0 531.0 2761.0 10912.570354014544
0.0 1027.0 189.0 834.0 3714.886751798385
0.0 1319.0 43.0 193.0 793.2502808359311
0.0 606.0 400.0 1923.0 7838.357537679224
0.0 821.0 305.0 1304.0 5812.55437340289
0.0 1023.0 187.0 935.0 3698.239903010336
0.0 840.0 263.0 1468.0 5583.295892284107
0.0 956.0 225.0 1045.0 4416.126508927277
0.0 1005.0 188.0 1052.0 4007.993102101371
0.0 924.0 220.0 1239.0 4725.5411956082025
0.0 277.0 554.0 2809.0 11218.57131232571
0.0 1372.0 12.0 55.0 254.61640624780063
0.0 632.0 354.0 2122.0 7621.460836500898
0.0 952.0 207.0 1200.0 4385.653606929968
0.0 1329.0 37.0 141.0 673.6240705957778
0.0 623.0 379.0 1961.0 7624.98489056087
0.0 639.0 357.0 2036.0 7513.938760680278
0.0 615.0 389.0 1954.0 7750.439593733119
0.0 980.0 225.0 955.0 4059.967406520834
0.0 662.0 344.0 1939.0 7329.095856466953
0.0 1371.0 14.0 50.0 259.98225250628565
