0.0 937.0 227.0 1169.0 4618.943203092525
0.0 309.0 534.0 2726.0 10892.005270644897
0.0 254.0 561.0 2897.0 11449.179785383862
0.0 379.0 498.0 2679.0 10207.629504465307
0.0 1358.0 20.0 86.0 401.5849730219074
0.0 634.0 376.0 1877.0 7613.071359487374
0.0 1320.0 45.0 170.0 768.1074831775785
0.0 261.0 562.0 2854.0 11352.530887587598
0.0 980.0 210.0 964.0 4184.109386159542
0.0 850.0 282.0 1283.0 5574.161932462249
0.0 421.0 492.0 2449.0 9747.402760886664
0.0 898.0 244.0 1302.0 4935.085084430906
0.0 1368.0 18.0 41.0 298.55567281549594
0.0 1370.0 17.0 41.0 265.12548708271987
0.0 1359.0 19.0 82.0 385.88208901063183
0.0 309.0 536.0 2731.0 10889.281513875767
0.0 969.0 206.0 1156.0 4231.6752498574
0.0 609.0 387.0 1984.0 7904.614852458856
0.0 945.0 225.0 1118.0 4481.368510649369
0.0 977.0 206.0 1079.0 4213.052921765691
0.0 1031.0 188.0 955.0 3612.81154411336
0.0 598.0 394.0 2104.0 7940.197256097996
0.0 320.0 532.0 2691.0 10781.64529992318
0.0 848.0 251.0 1538.0 5435.019270608886
0.0 961.0 221.0 1092.0 4295.586357116004
0.0 1367.0 11.0 87.0 298.30075685122154
0.0 308.0 537.0 2734.0 10897.378221016355
0.0 878.0 246.0 1393.0 5226.314432339778
0.0 747.0 333.0 1572.0 6505.135147886218
0.0 971.0 212.0 1100.0 4220.78926201265
0.0 937.0 227.0 1169.0 4618.943203092525
0.0 936.0 225.0 1217.0 4584.111418999566
0.0 836.0 278.0 1364.0 5595.101282474401
0.0 878.0 246.0 1393.0 5226.314432339778
0.0 394.0 502.0 2513.0 9998.861894772619
0.0 832.0 295.0 1335.0 5550.4955467117115
0.0 258.0 554.0 2921.0 11429.915514231276
0.0 1367.0 14.0 72.0 277.18924506330825
0.0 1366.0 8.0 105.0 298.1646404739447
0.0 1369.0 14.0 50.0 276.97119433055224
0.0 961.0 221.0 1092.0 4295.586357116004
0.0 1335.0 31.0 149.0 641.317631228363
0.0 916.0 237.0 1214.0 4838.7665184759935
0.0 981.0 195.0 1147.0 4153.279970086928
0.0 1327.0 42.0 136.0 713.4701629580876
0.0 818.0 277.0 1471.0 5788.488921342111
0.0 793.0 307.0 1435.0 6053.806370340087
0.0 640.0 365.0 1993.0 7431.668448755001
0.0 812.0 292.0 1405.0 5806.203980193757
0.0 1368.0 14.0 64.0 291.2816248223573
0.0 598.0 394.0 2104.0 7940.197256097996
0.0 1357.0 23.0 69.0 402.8137959676477
0.0 784.0 295.0 1612.0 6097.190974649609
0.0 256.0 566.0 2871.0 11403.752482677612
0.0 869.0 262.0 1294.0 5347.606075434006
0.0 1369.0 12.0 84.0 266.9534247657674
0.0 827.0 266.0 1559.0 5675.4415552421315
0.0 676.0 344.0 1864.0 7174.999857786078
0.0 1000.0 192.0 1048.0 3908.204797179811
0.0 1368.0 14.0 64.0 291.2816248223573
0.0 609.0 382.0 1996.0 7784.189069752842
0.0 1370.0 12.0 63.0 257.1211726267578
0.0 311.0 533.0 2736.0 10858.710526864961
0.0 778.0 311.0 1491.0 6208.055782120638
0.0 1367.0 15.0 57.0 302.73912008150205
0.0 1367.0 12.0 85.0 301.3237746190691
0.0 309.0 536.0 2731.0 10889.281513875767
0.0 313.0 535.0 2708.0 10834.039903292345
0.0 258.0 567.0 2844.0 11397.321572278182
0.0 1362.0 21.0 58.0 346.84282637999394
0.0 606.0 381.0 2011.0 7823.204030806197
0.0 254.0 569.0 2868.0 11422.091010976175
0.0 641.0 359.0 1983.0 7554.098653266058
0.0 971.0 212.0 1100.0 4220.78926201265
0.0 1327.0 42.0 136.0 713.4701629580876
0.0 287.0 539.0 2838.0 11156.4257815772
0.0 1371.0 15.0 34.0 265.76551861740313
0.0 899.0 256.0 1231.0 4980.97283776808
0.0 1372.0 11.0 73.0 256.5613088088572
0.0 898.0 244.0 1302.0 4935.085084430906
0.0 987.0 200.0 1100.0 4042.9699102311924
0.0 598.0 394.0 2104.0 7940.197256097996
0.0 313.0 532.0 2803.0 10840.930030088932
0.0 793.0 307.0 1435.0 6053.806370340087
0.0 849.0 274.0 1343.0 5520.1305562310645
0.0 793.0 307.0 1435.0 6053.806370340087
0.0 780.0 305.0 1555.0 6151.840733435294
0.0 301.0 535.0 2837.0 10930.644431830135
0.0 855.0 269.0 1323.0 5413.996651495504
0.0 310.0 528.0 2765.0 10880.633014038127
0.0 337.0 523.0 2685.0 10606.831453855473
0.0 855.0 269.0 1323.0 5413.996651495504
0.0 970.0 211.0 1130.0 4166.5950485308285
0.0 796.0 299.0 1468.0 6055.025610110213
0.0 312.0 530.0 2796.0 10853.948537579188
0.0 809.0 275.0 1527.0 5839.446298521023
0.0 783.0 290.0 1632.0 6131.0728650026595
0.0 1030.0 178.0 968.0 3662.41690445583
0.0 841.0 269.0 1395.0 5480.651896441862
0.0 1346.0 24.0 150.0 504.99549250118076
0.0 1371.0 13.0 64.0 247.45695785822704
0.0 1000.0 192.0 1048.0 3908.204797179811
0.0 800.0 302.0 1427.0 5935.2818737129655
0.0 1320.0 45.0 170.0 768.1074831775785
0.0 839.0 265.0 1425.0 5633.654572766735
0.0 828.0 283.0 1369.0 5743.201488214571
0.0 676.0 344.0 1864.0 7174.999857786078
0.0 968.0 218.0 1104.0 4231.113192426065
0.0 965.0 207.0 1103.0 4254.6773398507
0.0 965.0 207.0 1103.0 4254.6773398507
0.0 788.0 286.0 1587.0 6063.423249440541
0.0 880.0 255.0 1341.0 5116.515769227946
0.0 1323.0 36.0 177.0 718.4708804203408
0.0 980.0 210.0 964.0 4184.109386159542
0.0 1363.0 20.0 60.0 345.12503166828054
0.0 644.0 365.0 1905.0 7522.845489796438
0.0 861.0 258.0 1375.0 5303.541338895307
0.0 278.0 541.0 2913.0 11188.647274345207
0.0 1368.0 17.0 48.0 301.5869957875591
0.0 310.0 530.0 2737.0 10888.31280749423
0.0 1327.0 42.0 136.0 713.4701629580876
0.0 721.0 353.0 1658.0 6780.913145113598
0.0 887.0 251.0 1290.0 5013.423554636977
0.0 275.0 558.0 2803.0 11269.77380690685
0.0 309.0 534.0 2726.0 10892.005270644897
0.0 412.0 491.0 2481.0 9868.877264082417
0.0 394.0 501.0 2535.0 9992.520455967659
0.0 880.0 268.0 1244.0 5160.26322151265
0.0 1030.0 178.0 968.0 3662.41690445583
0.0 326.0 523.0 2780.0 10767.395568911294
0.0 937.0 227.0 1169.0 4618.943203092525
0.0 309.0 538.0 2745.0 10874.609971539632
0.0 286.0 545.0 2817.0 11136.918969318878
0.0 824.0 302.0 1346.0 5771.277281180583
0.0 579.0 415.0 2025.0 8106.296423853886
0.0 1367.0 13.0 71.0 309.7071463767806
0.0 1370.0 17.0 41.0 265.12548708271987
0.0 1320.0 45.0 170.0 768.1074831775785
0.0 600.0 390.0 2036.0 7937.02084266874
0.0 665.0 355.0 1884.0 7259.916720943625
0.0 1368.0 14.0 64.0 291.2816248223573
0.0 865.0 276.0 1258.0 5291.472783260744
0.0 982.0 203.0 1092.0 4115.72797169604
0.0 832.0 266.0 1461.0 5654.996858836754
0.0 337.0 523.0 2685.0 10606.831453855473
0.0 845.0 272.0 1392.0 5460.669594447037
0.0 1329.0 35.0 158.0 671.3679931521702
0.0 1367.0 17.0 49.0 305.16294009518265
0.0 659.0 345.0 1971.0 7384.1163907458
0.0 647.0 358.0 1946.0 7470.487407610266
0.0 1327.0 42.0 136.0 713.4701629580876
0.0 680.0 365.0 1778.0 7050.89132132426
0.0 256.0 562.0 2883.0 11416.313910725214
0.0 1339.0 26.0 173.0 585.3805437823285
0.0 774.0 309.0 1605.0 6219.873284648879
0.0 855.0 269.0 1323.0 5413.996651495504
0.0 413.0 492.0 2488.0 9812.710392194784
0.0 1025.0 190.0 946.0 3681.96192717408
0.0 313.0 532.0 2803.0 10840.930030088932
0.0 721.0 353.0 1658.0 6780.913145113598
0.0 1335.0 27.0 184.0 611.068217204612
0.0 1367.0 15.0 57.0 302.73912008150205
0.0 598.0 394.0 2104.0 7940.197256097996
0.0 1055.0 177.0 863.0 3350.7594094013684
0.0 961.0 221.0 1092.0 4295.586357116004
0.0 1368.0 12.0 88.0 264.7157676184266
0.0 648.0 373.0 1905.0 7400.523256122941
0.0 1323.0 36.0 177.0 718.4708804203408
0.0 792.0 292.0 1535.0 6037.794545330382
0.0 738.0 333.0 1592.0 6565.313047247461
0.0 648.0 375.0 1869.0 7535.338143892497
0.0 308.0 537.0 2745.0 10884.633772523714
0.0 986.0 198.0 1050.0 4119.2152166759415
0.0 1002.0 198.0 996.0 3918.8494378097316
0.0 1319.0 37.0 231.0 799.3217581250253
0.0 577.0 411.0 2088.0 8159.158744218039
0.0 665.0 355.0 1884.0 7259.916720943625
0.0 964.0 218.0 1069.0 4257.984671541316
0.0 275.0 558.0 2803.0 11269.77380690685
0.0 965.0 198.0 1157.0 4347.424589895407
0.0 950.0 227.0 1059.0 4426.471411421757
0.0 822.0 286.0 1412.0 5720.367377273084
0.0 982.0 203.0 1092.0 4115.72797169604
0.0 898.0 244.0 1302.0 4935.085084430906
0.0 981.0 199.0 1101.0 4119.56427208097
0.0 1335.0 31.0 149.0 641.317631228363
0.0 981.0 195.0 1147.0 4153.279970086928
0.0 945.0 225.0 1118.0 4481.368510649369
0.0 1332.0 32.0 168.0 642.2363469087696
0.0 794.0 284.0 1626.0 6022.1749861462085
0.0 1368.0 14.0 64.0 291.2816248223573
0.0 1320.0 45.0 170.0 768.1074831775785
0.0 1328.0 34.0 164.0 692.3203097535533
0.0 1322.0 34.0 200.0 762.8554027337685
0.0 644.0 356.0 1974.0 7487.972534664136
0.0 991.0 221.0 1003.0 4013.9645749616257
0.0 962.0 206.0 1210.0 4280.552217856982
0.0 1030.0 178.0 968.0 3662.41690445583
0.0 1326.0 40.0 146.0 681.1956110069435
0.0 778.0 311.0 1491.0 6208.055782120638
0.0 606.0 381.0 2011.0 7823.204030806197
0.0 1324.0 37.0 196.0 712.5135371409372
0.0 624.0 364.0 2026.0 7675.606935282145
0.0 620.0 389.0 1921.0 7841.653309421382
0.0 258.0 554.0 2921.0 11429.915514231276
0.0 421.0 492.0 2449.0 9747.402760886664
0.0 1367.0 18.0 52.0 286.3301854197829
0.0 828.0 283.0 1369.0 5743.201488214571
0.0 916.0 237.0 1214.0 4838.7665184759935
0.0 880.0 268.0 1244.0 5160.26322151265
0.0 965.0 207.0 1103.0 4254.6773398507
0.0 1325.0 35.0 167.0 718.2662442162303
0.0 1366.0 19.0 57.0 283.393249550551
0.0 728.0 336.0 1679.0 6669.992958163635
0.0 309.0 536.0 2731.0 10889.281513875767
0.0 1328.0 33.0 187.0 682.5208344477107
0.0 611.0 398.0 1902.0 7792.503502622428
0.0 1326.0 39.0 163.0 704.0486868423822
0.0 878.0 246.0 1393.0 5226.314432339778
0.0 635.0 365.0 1991.0 7562.032907273929
0.0 794.0 295.0 1482.0 6011.35082937652
0.0 676.0 344.0 1864.0 7174.999857786078
0.0 337.0 523.0 2685.0 10606.831453855473
0.0 1329.0 33.0 197.0 645.7797598451668
0.0 621.0 397.0 1905.0 7727.762417556454
0.0 1367.0 11.0 87.0 298.30075685122154
0.0 806.0 282.0 1548.0 5839.895569492633
0.0 313.0 535.0 2708.0 10834.039903292345
0.0 970.0 211.0 1130.0 4166.5950485308285
0.0 980.0 197.0 1150.0 4165.509415742435
0.0 579.0 415.0 2025.0 8106.296423853886
0.0 937.0 227.0 1169.0 4618.943203092525
0.0 1370.0 11.0 87.0 256.78018764363026
0.0 850.0 282.0 1283.0 5574.161932462249
0.0 824.0 302.0 1346.0 5771.277281180583
0.0 1000.0 192.0 1048.0 3908.204797179811
0.0 1368.0 18.0 41.0 298.55567281549594
0.0 929.0 228.0 1241.0 4489.303400793081
0.0 609.0 387.0 1984.0 7904.614852458856
0.0 1322.0 39.0 178.0 754.1472858877811
0.0 600.0 390.0 2036.0 7937.02084266874
0.0 1368.0 14.0 53.0 308.6038227095156
0.0 269.0 549.0 2894.0 11266.453949289815
0.0 793.0 307.0 1435.0 6053.806370340087
0.0 259.0 556.0 2915.0 11385.873921555132
0.0 254.0 569.0 2868.0 11422.091010976175
0.0 644.0 365.0 1905.0 7522.845489796438
0.0 968.0 218.0 1104.0 4231.113192426065
0.0 973.0 204.0 1126.0 4286.99548900613
0.0 960.0 213.0 1125.0 4353.51280549095
0.0 784.0 295.0 1612.0 6097.190974649609
0.0 909.0 242.0 1206.0 4895.6530969747055
0.0 1027.0 171.0 1036.0 3660.9868978904283
0.0 663.0 367.0 1820.0 7367.92801497561
0.0 1009.0 201.0 994.0 3778.914325273178
0.0 977.0 211.0 1089.0 4135.782464763011
0.0 422.0 488.0 2452.0 9767.602259175897
0.0 956.0 217.0 1133.0 4338.206143835168
0.0 936.0 225.0 1217.0 4584.111418999566
0.0 1341.0 29.0 146.0 554.7642467677757
0.0 658.0 369.0 1863.0 7338.350087198264
0.0 1370.0 17.0 41.0 265.12548708271987
0.0 971.0 212.0 1100.0 4220.78926201265
0.0 1053.0 180.0 868.0 3362.4181317126645
0.0 977.0 206.0 1079.0 4213.052921765691
0.0 643.0 376.0 1879.0 7532.578610336149
0.0 326.0 523.0 2780.0 10767.395568911294
0.0 261.0 562.0 2854.0 11352.530887587598
0.0 663.0 357.0 1903.0 7324.809371364361
0.0 645.0 369.0 1928.0 7451.798080336878
0.0 980.0 210.0 964.0 4184.109386159542
0.0 807.0 280.0 1559.0 5811.1899901069855
0.0 1326.0 33.0 196.0 686.8144528356198
0.0 640.0 365.0 1993.0 7431.668448755001
0.0 624.0 390.0 1908.0 7764.201180315419
0.0 969.0 206.0 1156.0 4231.6752498574
0.0 664.0 360.0 1847.0 7374.232049157145
0.0 417.0 485.0 2532.0 9812.694875139961
0.0 634.0 374.0 1905.0 7672.401064749846
0.0 643.0 374.0 1891.0 7464.537607637701
0.0 987.0 200.0 1100.0 4042.9699102311924
0.0 613.0 362.0 2187.0 7837.7531860034505
0.0 286.0 545.0 2817.0 11136.918969318878
0.0 309.0 534.0 2726.0 10892.005270644897
