0.0 923.0 229.0 1251.0 4666.895013523034
0.0 1318.0 39.0 216.0 795.3317332493414
0.0 633.0 374.0 1935.0 7618.7114246824385
0.0 746.0 314.0 1702.0 6450.2041745843535
0.0 597.0 391.0 2077.0 7915.741489180754
0.0 315.0 534.0 2719.0 10832.279782034419
0.0 974.0 213.0 1034.0 4251.91537014158
0.0 876.0 264.0 1291.0 5169.615816467976
0.0 1371.0 13.0 40.0 274.8349190993393
0.0 318.0 528.0 2717.0 10824.132952360233
0.0 1043.0 159.0 972.0 3536.1095923590797
0.0 769.0 288.0 1644.0 6228.062682509135
0.0 1363.0 21.0 54.0 334.3460781147096
0.0 917.0 241.0 1113.0 4770.869884821401
0.0 996.0 206.0 996.0 4061.318349258826
0.0 796.0 303.0 1467.0 5928.610276955706
0.0 804.0 299.0 1436.0 5859.619910749491
0.0 414.0 485.0 2542.0 9852.325792317093
0.0 390.0 506.0 2522.0 10081.308072439884
0.0 321.0 527.0 2713.0 10790.76960369038
0.0 273.0 558.0 2822.0 11265.337399487522
0.0 256.0 563.0 2884.0 11415.953586915804
0.0 328.0 530.0 2668.0 10687.429689317223
0.0 976.0 219.0 991.0 4158.789055915555
0.0 1322.0 42.0 169.0 757.7553315885827
0.0 254.0 565.0 2869.0 11446.056145228205
0.0 1366.0 18.0 43.0 289.93238423372264
0.0 786.0 285.0 1626.0 6193.209221071323
0.0 839.0 265.0 1472.0 5600.318524053384
0.0 1367.0 18.0 42.0 300.42997121632305
0.0 921.0 251.0 1159.0 4701.2771928679695
0.0 855.0 255.0 1433.0 5373.635555577725
0.0 1370.0 14.0 67.0 256.1228844680317
0.0 602.0 389.0 2027.0 7920.760160581052
0.0 659.0 347.0 1910.0 7342.912017609893
0.0 430.0 491.0 2393.0 9658.374509670748
0.0 819.0 285.0 1399.0 5792.024064462397
0.0 1324.0 43.0 147.0 711.2802783333287
0.0 839.0 265.0 1472.0 5600.318524053384
0.0 895.0 258.0 1212.0 5085.900071901178
0.0 778.0 306.0 1501.0 6171.562679729
0.0 390.0 506.0 2522.0 10081.308072439884
0.0 1367.0 15.0 61.0 290.8975498080447
0.0 997.0 198.0 974.0 4031.6471547833335
0.0 974.0 212.0 1022.0 4257.710024053935
0.0 1328.0 31.0 207.0 659.9035077522129
0.0 598.0 375.0 2144.0 7979.764217119938
0.0 876.0 264.0 1291.0 5169.615816467976
0.0 304.0 537.0 2738.0 10959.110653846607
0.0 794.0 316.0 1359.0 6060.771090820124
0.0 1354.0 20.0 108.0 427.35587786701615
0.0 1037.0 175.0 933.0 3463.383213676075
0.0 1034.0 181.0 878.0 3643.729666419922
0.0 1020.0 185.0 975.0 3702.0451530344017
0.0 1371.0 14.0 45.0 259.5137524545991
0.0 775.0 284.0 1707.0 6210.509341362679
0.0 617.0 391.0 1947.0 7785.404099182563
0.0 429.0 487.0 2428.0 9693.716587125542
0.0 597.0 380.0 2081.0 7968.50154520546
0.0 963.0 205.0 1136.0 4299.324032723425
0.0 584.0 414.0 2039.0 8031.504872952257
0.0 883.0 271.0 1267.0 5077.723370033769
0.0 781.0 317.0 1477.0 6187.344608195419
0.0 637.0 361.0 1978.0 7521.863441745832
0.0 251.0 565.0 2913.0 11466.79917266671
0.0 1373.0 12.0 45.0 244.85124328750868
0.0 778.0 327.0 1413.0 6151.011839366788
0.0 985.0 193.0 1103.0 4121.354919202084
0.0 1290.0 55.0 284.0 1056.597426216911
0.0 270.0 546.0 2895.0 11281.868212517938
0.0 257.0 562.0 2893.0 11439.259323594295
0.0 308.0 536.0 2743.0 10911.177340557499
0.0 328.0 527.0 2711.0 10711.341547920563
0.0 822.0 291.0 1404.0 5717.384699608412
0.0 804.0 281.0 1525.0 5884.042704799787
0.0 318.0 533.0 2696.0 10798.21526549037
0.0 1359.0 22.0 61.0 390.9540100684169
0.0 259.0 554.0 2918.0 11412.945379778876
0.0 756.0 336.0 1501.0 6317.336384511246
0.0 981.0 205.0 1015.0 4182.241497769671
0.0 584.0 414.0 2039.0 8031.504872952257
0.0 1051.0 174.0 890.0 3403.0504905757184
0.0 304.0 532.0 2772.0 10958.590250141358
0.0 1321.0 40.0 180.0 746.2860385791853
0.0 1321.0 41.0 171.0 743.6037942138582
0.0 864.0 277.0 1289.0 5303.215701956831
0.0 980.0 199.0 1067.0 4070.1226589424737
0.0 306.0 536.0 2740.0 10921.119680562495
0.0 1366.0 17.0 55.0 305.41055467245417
0.0 306.0 537.0 2731.0 10926.714626337915
0.0 952.0 211.0 1158.0 4418.269711317158
0.0 939.0 232.0 1062.0 4556.526775270801
0.0 961.0 217.0 1089.0 4286.045268822939
0.0 1043.0 159.0 972.0 3536.1095923590797
0.0 988.0 207.0 965.0 4034.510674431457
0.0 829.0 295.0 1312.0 5613.504195494101
0.0 1365.0 21.0 39.0 307.14635087946783
0.0 1368.0 13.0 83.0 272.3195400465476
0.0 617.0 391.0 1947.0 7785.404099182563
0.0 1090.0 161.0 713.0 3071.877071213666
0.0 313.0 532.0 2727.0 10855.219722444135
0.0 999.0 187.0 1084.0 3958.338877220631
0.0 342.0 520.0 2685.0 10570.725838580298
0.0 321.0 530.0 2708.0 10779.125866663164
0.0 939.0 232.0 1062.0 4556.526775270801
0.0 414.0 486.0 2519.0 9825.970255547996
0.0 1370.0 13.0 76.0 260.00186500466924
0.0 398.0 489.0 2585.0 10003.75823823059
0.0 1318.0 35.0 229.0 770.673696270659
0.0 1370.0 12.0 64.0 289.70937691264373
0.0 804.0 281.0 1525.0 5884.042704799787
0.0 1361.0 15.0 85.0 359.731620652852
0.0 1010.0 195.0 988.0 3817.2946903064785
0.0 804.0 299.0 1436.0 5859.619910749491
0.0 1051.0 174.0 890.0 3403.0504905757184
0.0 1366.0 13.0 83.0 312.2081439148824
0.0 327.0 528.0 2728.0 10698.347499645288
0.0 1361.0 14.0 98.0 383.4708928222002
0.0 1365.0 17.0 60.0 313.42207997246743
0.0 770.0 299.0 1637.0 6213.0418024775345
0.0 1325.0 32.0 227.0 716.5921841929271
0.0 676.0 358.0 1866.0 7258.2889804679635
0.0 1322.0 42.0 169.0 757.7553315885827
0.0 976.0 203.0 1042.0 4162.857994765826
0.0 885.0 248.0 1322.0 5101.691647716246
0.0 608.0 375.0 2097.0 7831.8559794670555
0.0 390.0 506.0 2522.0 10081.308072439884
0.0 1033.0 177.0 1000.0 3649.266108829948
0.0 853.0 267.0 1403.0 5406.901160191236
0.0 838.0 276.0 1370.0 5531.182791653863
0.0 847.0 260.0 1453.0 5424.156913351853
0.0 952.0 211.0 1158.0 4418.269711317158
0.0 358.0 510.0 2643.0 10383.003555471529
0.0 869.0 249.0 1323.0 5216.718719645945
0.0 768.0 306.0 1553.0 6353.330671266599
0.0 961.0 214.0 1099.0 4314.467551923078
0.0 923.0 229.0 1251.0 4666.895013523034
0.0 817.0 271.0 1572.0 5771.830301399403
0.0 254.0 562.0 2884.0 11440.505410138236
0.0 981.0 211.0 1042.0 4090.7465398431646
0.0 811.0 297.0 1395.0 5824.4117092460565
0.0 817.0 271.0 1572.0 5771.830301399403
0.0 976.0 219.0 991.0 4158.789055915555
0.0 1370.0 7.0 93.0 269.754948106663
0.0 931.0 233.0 1132.0 4649.527067258826
0.0 1328.0 32.0 179.0 684.6639908641848
0.0 636.0 373.0 1931.0 7579.2102126723785
0.0 302.0 536.0 2768.0 10979.184567459637
0.0 846.0 273.0 1382.0 5396.419401168141
0.0 1338.0 31.0 143.0 593.0405457741736
0.0 390.0 506.0 2522.0 10081.308072439884
0.0 952.0 211.0 1158.0 4418.269711317158
0.0 796.0 303.0 1467.0 5928.610276955706
0.0 974.0 212.0 1022.0 4257.710024053935
0.0 994.0 214.0 1019.0 4000.2880491895003
0.0 997.0 208.0 937.0 4022.806036811664
0.0 974.0 213.0 1034.0 4251.91537014158
0.0 1326.0 33.0 200.0 707.6491325648935
0.0 775.0 284.0 1707.0 6210.509341362679
0.0 839.0 265.0 1472.0 5600.318524053384
0.0 633.0 358.0 2094.0 7607.1614689381595
0.0 269.0 558.0 2851.0 11258.11134012749
0.0 1346.0 25.0 126.0 482.89178650093265
0.0 779.0 323.0 1432.0 6180.955356716602
0.0 584.0 414.0 2039.0 8031.504872952257
0.0 1322.0 42.0 169.0 757.7553315885827
0.0 804.0 299.0 1436.0 5859.619910749491
0.0 981.0 205.0 1015.0 4182.241497769671
0.0 961.0 217.0 1089.0 4286.045268822939
0.0 258.0 561.0 2890.0 11417.872223457261
0.0 1329.0 39.0 145.0 687.9370502289938
0.0 309.0 534.0 2752.0 10881.557342757113
0.0 822.0 291.0 1404.0 5717.384699608412
0.0 882.0 263.0 1254.0 5136.703284786351
0.0 304.0 532.0 2772.0 10958.590250141358
0.0 996.0 206.0 996.0 4061.318349258826
0.0 1365.0 14.0 73.0 311.9727205225579
0.0 719.0 339.0 1693.0 6748.509347135348
0.0 939.0 232.0 1062.0 4556.526775270801
0.0 651.0 347.0 1992.0 7445.390602617474
0.0 778.0 306.0 1501.0 6171.562679729
0.0 646.0 366.0 1918.0 7510.205700825506
0.0 602.0 389.0 2027.0 7920.760160581052
0.0 1361.0 18.0 65.0 364.91056266384675
0.0 653.0 359.0 1962.0 7405.400492754959
0.0 1328.0 31.0 180.0 687.4033735628534
0.0 1318.0 35.0 229.0 770.673696270659
0.0 272.0 546.0 2891.0 11233.833292517074
0.0 846.0 271.0 1370.0 5420.634550708037
0.0 1317.0 44.0 191.0 803.2818408616411
0.0 390.0 497.0 2551.0 10063.743747020728
0.0 980.0 199.0 1067.0 4070.1226589424737
0.0 921.0 251.0 1159.0 4701.2771928679695
0.0 991.0 204.0 1027.0 4047.619490926638
0.0 644.0 353.0 1961.0 7512.123471707719
0.0 876.0 264.0 1291.0 5169.615816467976
0.0 997.0 198.0 974.0 4031.6471547833335
0.0 306.0 529.0 2786.0 10909.563625773015
0.0 1373.0 9.0 67.0 249.82645146866534
0.0 1323.0 39.0 176.0 746.8442404102308
0.0 1326.0 33.0 200.0 707.6491325648935
0.0 1043.0 159.0 972.0 3536.1095923590797
0.0 1369.0 17.0 48.0 269.654312912239
0.0 923.0 229.0 1251.0 4666.895013523034
0.0 1367.0 15.0 59.0 293.3594377919952
0.0 1321.0 39.0 197.0 739.0192369911298
0.0 986.0 193.0 1101.0 4097.315546338022
0.0 804.0 281.0 1525.0 5884.042704799787
0.0 963.0 205.0 1136.0 4299.324032723425
0.0 780.0 292.0 1605.0 6217.824616692988
0.0 769.0 324.0 1546.0 6190.840170370141
0.0 942.0 225.0 1141.0 4574.633162693776
0.0 429.0 487.0 2428.0 9693.716587125542
0.0 256.0 563.0 2884.0 11415.953586915804
0.0 819.0 285.0 1399.0 5792.024064462397
0.0 1372.0 14.0 45.0 250.74669995367873
0.0 414.0 485.0 2542.0 9852.325792317093
0.0 985.0 193.0 1103.0 4121.354919202084
0.0 1363.0 17.0 69.0 328.9157750030497
0.0 865.0 275.0 1312.0 5345.004406704207
0.0 1328.0 31.0 207.0 659.9035077522129
0.0 1321.0 41.0 171.0 743.6037942138582
0.0 616.0 389.0 1970.0 7669.398332492637
0.0 778.0 327.0 1413.0 6151.011839366788
0.0 318.0 528.0 2717.0 10824.132952360233
0.0 646.0 367.0 1886.0 7534.102367051885
0.0 1332.0 31.0 167.0 636.9603123884007
0.0 1009.0 200.0 931.0 3895.6864423501092
0.0 1371.0 13.0 69.0 251.4826833539503
0.0 314.0 540.0 2720.0 10832.91125379873
0.0 1329.0 37.0 155.0 670.7934366718221
0.0 708.0 336.0 1772.0 6895.6581842871265
0.0 981.0 211.0 1042.0 4090.7465398431646
0.0 590.0 390.0 2131.0 8046.905714212292
0.0 327.0 528.0 2728.0 10698.347499645288
0.0 342.0 520.0 2685.0 10570.725838580298
0.0 769.0 288.0 1644.0 6228.062682509135
0.0 1321.0 40.0 180.0 746.2860385791853
0.0 261.0 560.0 2868.0 11351.261144185482
0.0 597.0 380.0 2081.0 7968.50154520546
0.0 628.0 371.0 1965.0 7624.308632237994
0.0 642.0 367.0 1961.0 7478.246190736804
0.0 655.0 366.0 1877.0 7389.2936597077905
0.0 1371.0 15.0 57.0 258.35553190092526
0.0 1371.0 13.0 58.0 262.84638633748466
0.0 601.0 394.0 2031.0 7862.918642441748
0.0 665.0 354.0 1882.0 7267.244133774085
0.0 1324.0 37.0 184.0 740.0536754001503
0.0 1332.0 36.0 144.0 636.9115351250917
0.0 1325.0 40.0 159.0 713.2565813030127
0.0 961.0 214.0 1099.0 4314.467551923078
0.0 1370.0 13.0 49.0 269.40138702143724
0.0 1020.0 185.0 975.0 3702.0451530344017
0.0 358.0 510.0 2643.0 10383.003555471529
0.0 1335.0 28.0 168.0 616.7005674442186
0.0 613.0 370.0 2034.0 7832.16229681723
0.0 622.0 370.0 1997.0 7653.3239112795845
0.0 1328.0 38.0 155.0 674.6106457084894
0.0 999.0 187.0 1084.0 3958.338877220631
0.0 1368.0 14.0 60.0 291.7750805924329
0.0 1368.0 12.0 76.0 285.3324540189985
0.0 1320.0 36.0 207.0 768.8133332296228
0.0 1051.0 174.0 890.0 3403.0504905757184
0.0 1033.0 177.0 1000.0 3649.266108829948
0.0 976.0 203.0 1042.0 4162.857994765826
0.0 1364.0 19.0 55.0 323.53393637354714
0.0 676.0 358.0 1866.0 7258.2889804679635
0.0 598.0 375.0 2144.0 7979.764217119938
0.0 1365.0 21.0 39.0 307.14635087946783
0.0 962.0 198.0 1239.0 4365.528524548833
0.0 855.0 278.0 1321.0 5437.7924586196295
0.0 656.0 363.0 1842.0 7339.637291681884
0.0 860.0 258.0 1372.0 5396.033051088327
0.0 629.0 385.0 1909.0 7692.8448673987195
0.0 1328.0 37.0 148.0 683.0625131091971
0.0 650.0 372.0 1901.0 7337.461072945158
0.0 1354.0 20.0 108.0 427.35587786701615
0.0 608.0 375.0 2097.0 7831.8559794670555
0.0 254.0 562.0 2884.0 11440.505410138236
0.0 648.0 369.0 1894.0 7419.880219082932
0.0 414.0 486.0 2519.0 9825.970255547996
0.0 603.0 387.0 2023.0 7955.70230028247
0.0 770.0 302.0 1604.0 6263.402589021563
0.0 617.0 391.0 1947.0 7785.404099182563
0.0 987.0 199.0 1042.0 4046.5642182622737
0.0 954.0 220.0 1075.0 4399.34528320041
