0.0 643.0 360.0 1978.0 7494.2467017328145
0.0 1044.0 179.0 862.0 3560.0338627918254
0.0 1371.0 15.0 28.0 264.8679684497425
0.0 1372.0 12.0 48.0 252.98264623249116
0.0 781.0 315.0 1483.0 6118.384814515217
0.0 1006.0 195.0 1009.0 3835.6166186949404
0.0 803.0 294.0 1427.0 5918.621986430015
0.0 844.0 289.0 1233.0 5586.24046410842
0.0 901.0 252.0 1168.0 4900.330860494343
0.0 955.0 232.0 1013.0 4431.257148501433
0.0 262.0 560.0 2853.0 11348.878491623824
0.0 1006.0 195.0 1009.0 3835.6166186949404
0.0 686.0 351.0 1829.0 7053.408873090536
0.0 836.0 272.0 1393.0 5543.263276143867
0.0 1370.0 11.0 76.0 267.1727166282127
0.0 1006.0 195.0 1009.0 3835.6166186949404
0.0 1372.0 12.0 48.0 252.98264623249116
0.0 658.0 367.0 1870.0 7394.309527942495
0.0 256.0 561.0 2899.0 11416.82772788121
0.0 999.0 192.0 1037.0 3898.8969220392514
0.0 350.0 517.0 2663.0 10431.627103902158
0.0 755.0 324.0 1623.0 6417.402928176507
0.0 260.0 555.0 2890.0 11390.703134721136
0.0 1370.0 11.0 76.0 267.1727166282127
0.0 874.0 254.0 1332.0 5215.425275992074
0.0 944.0 227.0 1092.0 4506.077223195949
0.0 274.0 542.0 2931.0 11225.985535512873
0.0 1327.0 41.0 157.0 673.1231933577006
0.0 774.0 286.0 1724.0 6211.809396429295
0.0 997.0 197.0 1018.0 3968.475923393625
0.0 855.0 277.0 1261.0 5341.400244713546
0.0 937.0 227.0 1076.0 4563.225998487629
0.0 810.0 277.0 1521.0 5805.922447800346
0.0 1020.0 185.0 981.0 3752.8827310596384
0.0 391.0 500.0 2550.0 10040.885017839166
0.0 757.0 318.0 1639.0 6397.469981158982
0.0 1044.0 177.0 932.0 3579.150860554855
0.0 810.0 264.0 1542.0 5821.31535150352
0.0 325.0 527.0 2688.0 10727.025429598509
0.0 980.0 215.0 1015.0 4069.875855625999
0.0 327.0 527.0 2694.0 10703.970613943007
0.0 350.0 517.0 2663.0 10431.627103902158
0.0 953.0 222.0 1078.0 4368.3323876764225
0.0 305.0 533.0 2756.0 10936.05723726573
0.0 937.0 227.0 1076.0 4563.225998487629
0.0 308.0 531.0 2742.0 10887.05994370953
0.0 1369.0 13.0 60.0 281.75161352427716
0.0 760.0 313.0 1639.0 6396.556919689197
0.0 863.0 256.0 1368.0 5314.059994515044
0.0 1324.0 37.0 193.0 704.0921913313052
0.0 1320.0 38.0 216.0 784.5296865673489
0.0 955.0 232.0 1013.0 4431.257148501433
0.0 1329.0 37.0 149.0 657.3354893384216
0.0 1371.0 15.0 28.0 264.8679684497425
0.0 623.0 372.0 1983.0 7687.145906626031
0.0 855.0 277.0 1261.0 5341.400244713546
0.0 1294.0 56.0 235.0 1021.449074925919
0.0 383.0 506.0 2569.0 10156.31801519617
0.0 844.0 289.0 1233.0 5586.24046410842
0.0 613.0 378.0 1990.0 7839.430809476228
0.0 333.0 522.0 2710.0 10655.11299873888
0.0 711.0 344.0 1692.0 6812.755965724953
0.0 900.0 246.0 1279.0 4905.195094962499
0.0 1322.0 38.0 197.0 762.7798430070268
0.0 394.0 498.0 2539.0 10008.241982068408
0.0 383.0 506.0 2569.0 10156.31801519617
0.0 1001.0 197.0 1021.0 3902.7836594634823
0.0 964.0 209.0 1100.0 4271.534871244432
0.0 388.0 504.0 2535.0 10070.508608446924
0.0 612.0 380.0 2006.0 7728.3063620341045
0.0 350.0 517.0 2663.0 10431.627103902158
0.0 1360.0 25.0 51.0 368.0168447589623
0.0 844.0 289.0 1233.0 5586.24046410842
0.0 1369.0 19.0 25.0 271.80829852516354
0.0 624.0 390.0 1870.0 7722.483373312669
0.0 624.0 390.0 1870.0 7722.483373312669
0.0 1007.0 189.0 1062.0 3880.6747887870215
0.0 649.0 355.0 1915.0 7529.899173810646
0.0 784.0 307.0 1448.0 6109.95220899798
0.0 1007.0 189.0 1062.0 3880.6747887870215
0.0 914.0 239.0 1188.0 4850.344050940946
0.0 322.0 525.0 2729.0 10744.70326750506
0.0 997.0 197.0 1018.0 3968.475923393625
0.0 1367.0 16.0 51.0 285.4984497413388
0.0 388.0 504.0 2535.0 10070.508608446924
0.0 1006.0 195.0 1009.0 3835.6166186949404
0.0 914.0 239.0 1188.0 4850.344050940946
0.0 832.0 258.0 1501.0 5534.3145040886075
0.0 859.0 272.0 1289.0 5400.787725490104
0.0 1044.0 179.0 862.0 3560.0338627918254
0.0 711.0 344.0 1692.0 6812.755965724953
0.0 1323.0 39.0 176.0 751.8319256774186
0.0 394.0 498.0 2539.0 10008.241982068408
0.0 624.0 390.0 1870.0 7722.483373312669
0.0 1370.0 11.0 76.0 267.1727166282127
0.0 1361.0 21.0 55.0 363.45042944760183
0.0 801.0 285.0 1512.0 5871.482751296773
0.0 803.0 294.0 1427.0 5918.621986430015
0.0 383.0 506.0 2569.0 10156.31801519617
0.0 261.0 553.0 2927.0 11344.280376675168
0.0 955.0 232.0 1013.0 4431.257148501433
0.0 1020.0 185.0 981.0 3752.8827310596384
0.0 867.0 254.0 1375.0 5188.550955201023
0.0 668.0 347.0 1933.0 7358.841997035779
0.0 844.0 289.0 1233.0 5586.24046410842
0.0 784.0 307.0 1448.0 6109.95220899798
0.0 680.0 360.0 1795.0 7196.183421082274
0.0 964.0 209.0 1100.0 4271.534871244432
0.0 997.0 197.0 1018.0 3968.475923393625
0.0 845.0 271.0 1339.0 5523.575283761831
0.0 392.0 496.0 2550.0 10030.76251678169
0.0 803.0 294.0 1427.0 5918.621986430015
0.0 1371.0 13.0 62.0 241.94696997879788
0.0 392.0 496.0 2550.0 10030.76251678169
0.0 394.0 498.0 2539.0 10008.241982068408
0.0 1006.0 195.0 1009.0 3835.6166186949404
0.0 327.0 527.0 2694.0 10703.970613943007
0.0 711.0 344.0 1692.0 6812.755965724953
0.0 810.0 277.0 1521.0 5805.922447800346
0.0 1006.0 195.0 1009.0 3835.6166186949404
0.0 988.0 211.0 997.0 4072.678490000265
0.0 1001.0 197.0 1021.0 3902.7836594634823
0.0 261.0 562.0 2855.0 11338.929222736644
0.0 955.0 232.0 1013.0 4431.257148501433
0.0 394.0 498.0 2539.0 10008.241982068408
0.0 1372.0 10.0 67.0 264.8020257767928
0.0 1129.0 138.0 644.0 2590.9229604741413
0.0 1329.0 37.0 149.0 657.3354893384216
0.0 392.0 496.0 2550.0 10030.76251678169
0.0 260.0 556.0 2881.0 11381.615328246879
0.0 605.0 385.0 2027.0 7909.362166676453
0.0 602.0 385.0 2059.0 7922.339098576788
0.0 1044.0 179.0 862.0 3560.0338627918254
0.0 1372.0 12.0 48.0 252.98264623249116
0.0 394.0 498.0 2539.0 10008.241982068408
0.0 383.0 506.0 2569.0 10156.31801519617
0.0 881.0 245.0 1372.0 5065.36678032104
0.0 350.0 517.0 2663.0 10431.627103902158
0.0 309.0 537.0 2718.0 10874.278089924901
0.0 1006.0 195.0 1009.0 3835.6166186949404
0.0 1371.0 15.0 28.0 264.8679684497425
0.0 997.0 197.0 1018.0 3968.475923393625
0.0 1325.0 40.0 166.0 719.4382598117701
0.0 774.0 286.0 1724.0 6211.809396429295
0.0 1373.0 13.0 64.0 222.0577230211876
0.0 1325.0 40.0 166.0 719.4382598117701
0.0 1006.0 195.0 1009.0 3835.6166186949404
0.0 262.0 560.0 2853.0 11348.878491623824
0.0 822.0 285.0 1375.0 5761.599163804835
0.0 1371.0 10.0 63.0 277.26632288415277
0.0 955.0 232.0 1013.0 4431.257148501433
0.0 1319.0 38.0 245.0 757.8050585416597
0.0 988.0 211.0 997.0 4072.678490000265
0.0 1072.0 163.0 845.0 3182.308030759517
0.0 836.0 272.0 1393.0 5543.263276143867
0.0 600.0 380.0 2088.0 7930.015553317147
0.0 982.0 202.0 1037.0 4136.046443770894
0.0 383.0 506.0 2569.0 10156.31801519617
0.0 602.0 385.0 2059.0 7922.339098576788
0.0 1370.0 16.0 38.0 250.66191540163535
0.0 992.0 190.0 1129.0 4070.0830335778874
0.0 252.0 567.0 2854.0 11466.72687940986
0.0 844.0 289.0 1233.0 5586.24046410842
0.0 1020.0 185.0 981.0 3752.8827310596384
0.0 1339.0 28.0 170.0 541.0972781460099
0.0 1369.0 15.0 49.0 276.1023267285454
0.0 755.0 324.0 1623.0 6417.402928176507
0.0 937.0 227.0 1076.0 4563.225998487629
0.0 1370.0 11.0 76.0 267.1727166282127
0.0 867.0 254.0 1375.0 5188.550955201023
0.0 953.0 222.0 1078.0 4368.3323876764225
0.0 305.0 533.0 2756.0 10936.05723726573
0.0 383.0 506.0 2569.0 10156.31801519617
0.0 328.0 525.0 2692.0 10703.145771441415
0.0 914.0 239.0 1188.0 4850.344050940946
0.0 1059.0 167.0 873.0 3295.4180846410018
0.0 1324.0 37.0 193.0 704.0921913313052
0.0 260.0 559.0 2867.0 11359.635721579734
0.0 1369.0 15.0 51.0 271.0682486156372
0.0 787.0 287.0 1626.0 6006.71669928743
0.0 1322.0 38.0 197.0 762.7798430070268
0.0 256.0 561.0 2899.0 11416.82772788121
0.0 897.0 242.0 1274.0 5017.428818398106
0.0 1371.0 10.0 63.0 277.26632288415277
0.0 1352.0 26.0 92.0 464.18869477896556
0.0 629.0 383.0 1895.0 7597.431538532522
0.0 1329.0 37.0 149.0 657.3354893384216
0.0 1364.0 13.0 94.0 322.68217320307224
0.0 1364.0 20.0 50.0 314.9098582100203
0.0 327.0 527.0 2694.0 10703.970613943007
0.0 855.0 277.0 1261.0 5341.400244713546
0.0 881.0 245.0 1372.0 5065.36678032104
0.0 999.0 192.0 1037.0 3898.8969220392514
0.0 643.0 360.0 1978.0 7494.2467017328145
0.0 784.0 307.0 1448.0 6109.95220899798
0.0 872.0 258.0 1317.0 5246.115481183514
0.0 605.0 385.0 2027.0 7909.362166676453
0.0 1369.0 19.0 25.0 271.80829852516354
0.0 1019.0 193.0 923.0 3686.9201514807737
0.0 1371.0 12.0 63.0 260.1275000250213
0.0 1044.0 177.0 932.0 3579.150860554855
0.0 1364.0 15.0 71.0 323.6899998888684
0.0 1362.0 19.0 55.0 363.72192497708716
0.0 983.0 195.0 1062.0 4103.0522255597925
0.0 881.0 245.0 1372.0 5065.36678032104
0.0 1334.0 29.0 153.0 648.6463103308031
0.0 1323.0 36.0 195.0 715.6830856178058
0.0 937.0 227.0 1076.0 4563.225998487629
0.0 1007.0 189.0 1062.0 3880.6747887870215
0.0 1001.0 197.0 1021.0 3902.7836594634823
0.0 955.0 232.0 1013.0 4431.257148501433
0.0 1334.0 25.0 204.0 622.3042349936532
0.0 964.0 209.0 1100.0 4271.534871244432
0.0 1007.0 190.0 1011.0 3849.903895255606
0.0 309.0 537.0 2718.0 10874.278089924901
0.0 649.0 355.0 1915.0 7529.899173810646
0.0 1323.0 39.0 176.0 751.8319256774186
0.0 1020.0 185.0 981.0 3752.8827310596384
0.0 350.0 517.0 2663.0 10431.627103902158
0.0 602.0 385.0 2059.0 7922.339098576788
0.0 805.0 284.0 1487.0 5872.876058276174
0.0 665.0 371.0 1819.0 7345.77478753599
0.0 612.0 380.0 2006.0 7728.3063620341045
0.0 1324.0 37.0 193.0 704.0921913313052
0.0 1361.0 19.0 62.0 370.60032612745135
0.0 674.0 352.0 1873.0 7209.81708859196
0.0 785.0 306.0 1457.0 6113.781515265388
0.0 388.0 504.0 2535.0 10070.508608446924
0.0 1371.0 10.0 63.0 277.26632288415277
0.0 803.0 294.0 1427.0 5918.621986430015
0.0 260.0 555.0 2890.0 11390.703134721136
0.0 624.0 390.0 1870.0 7722.483373312669
0.0 1339.0 28.0 170.0 541.0972781460099
0.0 855.0 277.0 1261.0 5341.400244713546
0.0 1319.0 38.0 245.0 757.8050585416597
0.0 1320.0 44.0 158.0 764.5666646528858
0.0 252.0 567.0 2854.0 11466.72687940986
0.0 383.0 506.0 2569.0 10156.31801519617
0.0 872.0 258.0 1317.0 5246.115481183514
0.0 1325.0 40.0 166.0 719.4382598117701
0.0 1371.0 15.0 28.0 264.8679684497425
0.0 989.0 199.0 1010.0 4104.939777543332
0.0 680.0 360.0 1795.0 7196.183421082274
0.0 852.0 264.0 1367.0 5421.611900481759
0.0 327.0 527.0 2694.0 10703.970613943007
0.0 914.0 239.0 1188.0 4850.344050940946
0.0 992.0 190.0 1129.0 4070.0830335778874
0.0 1322.0 34.0 229.0 730.5344598320594
0.0 997.0 197.0 1018.0 3968.475923393625
0.0 643.0 360.0 1978.0 7494.2467017328145
0.0 1367.0 16.0 51.0 285.4984497413388
0.0 1327.0 41.0 157.0 673.1231933577006
0.0 978.0 190.0 1202.0 4197.758667177198
0.0 1329.0 37.0 149.0 657.3354893384216
0.0 665.0 357.0 1905.0 7325.762237473257
0.0 844.0 289.0 1233.0 5586.24046410842
0.0 1327.0 34.0 184.0 708.0680157807412
0.0 1323.0 40.0 182.0 704.6633204381086
0.0 1328.0 39.0 136.0 703.3294208893678
0.0 1372.0 12.0 48.0 252.98264623249116
0.0 686.0 351.0 1829.0 7053.408873090536
0.0 613.0 378.0 1990.0 7839.430809476228
0.0 988.0 211.0 997.0 4072.678490000265
0.0 629.0 377.0 1916.0 7643.94846099185
0.0 1334.0 25.0 204.0 622.3042349936532
0.0 605.0 385.0 2027.0 7909.362166676453
0.0 1362.0 19.0 55.0 363.72192497708716
0.0 253.0 562.0 2910.0 11460.93096400717
0.0 774.0 312.0 1519.0 6266.452984578272
0.0 999.0 192.0 1037.0 3898.8969220392514
0.0 1369.0 19.0 25.0 271.80829852516354
0.0 656.0 356.0 1960.0 7357.91875670473
0.0 822.0 285.0 1375.0 5761.599163804835
0.0 653.0 363.0 1919.0 7384.153946961698
0.0 600.0 380.0 2088.0 7930.015553317147
0.0 640.0 371.0 1912.0 7542.876096894013
0.0 757.0 318.0 1639.0 6397.469981158982
0.0 1364.0 20.0 50.0 314.9098582100203
0.0 1019.0 193.0 923.0 3686.9201514807737
0.0 1372.0 10.0 67.0 264.8020257767928
0.0 623.0 372.0 1983.0 7687.145906626031
0.0 394.0 498.0 2539.0 10008.241982068408
0.0 1322.0 38.0 197.0 762.7798430070268
0.0 629.0 383.0 1895.0 7597.431538532522
0.0 982.0 202.0 1037.0 4136.046443770894
0.0 953.0 222.0 1078.0 4368.3323876764225
0.0 781.0 288.0 1580.0 6061.5882172083575
0.0 755.0 324.0 1623.0 6417.402928176507
0.0 765.0 305.0 1579.0 6303.038514326704
0.0 1006.0 195.0 1009.0 3835.6166186949404
0.0 658.0 367.0 1870.0 7394.309527942495
0.0 668.0 347.0 1933.0 7358.841997035779
0.0 945.0 217.0 1188.0 4471.900821233702
