623.0 6457.0 210.0 978.0 4320.90949703689
1881.0 6298.0 288.0 1561.0 5945.8104591510155
77.0 6582.0 154.0 664.0 3073.8710815043596
999.0 5251.0 828.0 3914.0 16530.06440341767
2.0 1970.0 2492.0 12018.0 49382.54996277412
789.0 5192.0 853.0 4081.0 17157.55085182551
24.0 4807.0 1058.0 4968.0 20924.718101679344
0.0 4634.0 1153.0 5280.0 22568.660277025047
1668.0 5405.0 737.0 3642.0 14920.402899192177
656.0 6448.0 219.0 1007.0 4378.650582628593
84.0 1527.0 2746.0 12657.0 53788.81416104567
10.0 4807.0 1055.0 4994.0 20925.9372956187
631.0 6454.0 215.0 980.0 4353.502110286963
750.0 6429.0 221.0 1081.0 4590.647964565396
735.0 6431.0 219.0 1083.0 4569.463220738963
0.0 6631.0 129.0 595.0 2561.7012725173986
219.0 6549.0 169.0 761.0 3451.903020603215
2379.0 5759.0 555.0 2721.0 11342.758409024327
862.0 5190.0 855.0 4083.0 17172.71662619926
6.0 2913.0 2035.0 9605.0 39921.14328345493
5.0 736.0 3124.0 14813.0 61736.72635497306
127.0 6570.0 165.0 674.0 3175.5807857604855
24.0 3370.0 1797.0 8444.0 35340.02272208583
2.0 3920.0 1478.0 7148.0 29804.99552969427
3.0 4632.0 1155.0 5283.0 22595.16471220908
9.0 2612.0 2163.0 10441.0 43050.191246012895
315.0 6524.0 190.0 806.0 3658.7742308311085
2403.0 6026.0 429.0 2117.0 8616.795334525528
16.0 2920.0 2032.0 9563.0 39852.24585115442
12.0 4801.0 1062.0 4975.0 20988.600527407456
8.0 6763.0 69.0 235.0 1225.3301405569653
794.0 5186.0 856.0 4098.0 17224.373602347427
1689.0 5413.0 731.0 3629.0 14860.977807089428
18.0 4808.0 1057.0 4975.0 20918.793651854856
59.0 6591.0 152.0 642.0 2968.837066562755
801.0 6422.0 228.0 1052.0 4681.6217239400185
3.0 6771.0 55.0 293.0 1151.92734902511
28.0 3370.0 1796.0 8449.0 35348.78928034917
2412.0 6023.0 425.0 2153.0 8632.134221125567
1.0 1969.0 2494.0 11996.0 49381.86846211785
2392.0 6024.0 426.0 2141.0 8629.711955504778
2384.0 6026.0 426.0 2124.0 8599.487142351303
1.0 3689.0 1606.0 7765.0 31985.55068836088
629.0 5020.0 939.0 4538.0 18881.488884704362
25.0 6615.0 140.0 597.0 2773.26320331828
24.0 3369.0 1794.0 8465.0 35387.29644849171
0.0 6778.0 60.0 257.0 1109.2087314140367
998.0 5247.0 833.0 3911.0 16576.575418205633
8.0 6770.0 56.0 293.0 1171.851156739053
60.0 6590.0 150.0 644.0 2979.3264986001236
753.0 6430.0 222.0 1043.0 4604.906388442917
3.0 2493.0 2229.0 10715.0 44147.86639964003
803.0 5183.0 858.0 4109.0 17241.81344201224
504.0 6482.0 202.0 941.0 4045.5251538190064
1004.0 5250.0 828.0 3921.0 16539.082178042365
23.0 1607.0 2673.0 12807.0 53083.07435317746
1106.0 6358.0 260.0 1216.0 5314.400397906542
47.0 1510.0 2755.0 12721.0 53954.82185987579
576.0 5088.0 917.0 4319.0 18132.447824158146
69.0 1524.0 2750.0 12664.0 53830.76337571506
0.0 6697.0 106.0 396.0 1886.5004247358468
27.0 1610.0 2673.0 12789.0 53040.51048024887
805.0 5184.0 857.0 4093.0 17240.859627616755
581.0 6467.0 209.0 947.0 4216.7999404765305
8.0 4803.0 1059.0 4992.0 20958.272355995563
27.0 3372.0 1797.0 8438.0 35327.11302520237
2378.0 5761.0 558.0 2712.0 11305.82906268666
309.0 6521.0 187.0 839.0 3703.8033850537686
800.0 5182.0 858.0 4110.0 17247.44617725412
30.0 4808.0 1053.0 5006.0 20905.482511274393
9.0 2913.0 2033.0 9619.0 39915.457845795514
823.0 5183.0 860.0 4106.0 17250.90717558727
0.0 992.0 2974.0 14264.0 59265.40486650916
4.0 3919.0 1479.0 7145.0 29831.579594673112
17.0 6614.0 138.0 624.0 2777.800089925758
12.0 4804.0 1060.0 4979.0 20956.759360963366
61.0 3625.0 1679.0 7508.0 32861.89143090889
70.0 1523.0 2749.0 12674.0 53833.41504242321
8.0 4633.0 1155.0 5270.0 22599.575388944948
2.0 4489.0 1236.0 5743.0 24075.685820724786
43.0 2929.0 2027.0 9542.0 39754.077701382776
799.0 5186.0 857.0 4094.0 17217.13625445025
796.0 5186.0 858.0 4092.0 17214.69332367237
4.0 4106.0 1387.0 6903.0 27669.982891990127
2375.0 6031.0 423.0 2115.0 8552.009156418553
10.0 4254.0 1330.0 6321.0 26459.05943453705
0.0 2805.0 2084.0 9867.0 41021.20245616936
1.0 626.0 3172.0 15156.0 62916.45696893659
16.0 4251.0 1333.0 6314.0 26495.119649290908
13.0 3945.0 1541.0 6793.0 29314.560111253206
1.0 2411.0 2272.0 10915.0 44945.4149767573
799.0 5189.0 854.0 4090.0 17184.67848937427
995.0 5248.0 829.0 3927.0 16566.19829891965
16.0 4809.0 1057.0 4971.0 20910.115956210946
54.0 4227.0 1357.0 6273.0 26778.833481088826
2378.0 5761.0 558.0 2712.0 11305.82906268666
5.0 1365.0 2833.0 13122.0 55455.10051769177
5.0 3515.0 1714.0 7938.0 33937.8736399274
2.0 3529.0 1696.0 8014.0 33555.24162842036
12.0 4803.0 1060.0 4987.0 20968.67110125399
20.0 4807.0 1055.0 4994.0 20918.126769212875
15.0 3368.0 1796.0 8465.0 35391.99068530817
998.0 5249.0 828.0 3927.0 16565.840686271167
4.0 4630.0 1157.0 5278.0 22618.76556890922
2.0 2809.0 2084.0 9844.0 40994.57811448161
726.0 6435.0 218.0 1066.0 4530.1715452064045
115.0 6575.0 162.0 664.0 3129.0141656635037
3.0 2807.0 2083.0 9860.0 41000.94215738774
10.0 4637.0 1149.0 5265.0 22516.96416806111
996.0 5247.0 833.0 3916.0 16567.506638412706
3.0 4632.0 1154.0 5281.0 22599.670487882267
10.0 4255.0 1329.0 6313.0 26455.20154543772
1002.0 5250.0 829.0 3922.0 16533.636840070576
4.0 1307.0 2870.0 13238.0 56098.851386852504
15.0 4803.0 1061.0 4985.0 20962.953554459822
0.0 3514.0 1713.0 7948.0 33961.99214149128
991.0 5251.0 829.0 3927.0 16535.646882570243
8.0 4801.0 1059.0 4999.0 20987.128187951555
1.0 623.0 3172.0 15176.0 62946.94581519179
19.0 4808.0 1055.0 4995.0 20901.198876753657
0.0 2374.0 2281.0 11053.0 45368.092242273924
8.0 1232.0 2857.0 13662.0 56735.50784548296
61.0 6590.0 151.0 637.0 2982.060460640899
1687.0 5413.0 730.0 3638.0 14867.946998771855
24.0 3371.0 1796.0 8444.0 35334.195993255336
24.0 1609.0 2673.0 12796.0 53052.63584667403
634.0 5019.0 940.0 4528.0 18884.16601701885
11.0 2054.0 2449.0 11646.0 48596.700591859124
2372.0 6034.0 422.0 2106.0 8528.19515613736
0.0 6766.0 66.0 234.0 1192.229339760337
25.0 2068.0 2442.0 11610.0 48475.53252271801
0.0 6697.0 106.0 396.0 1886.5004247358468
5.0 2415.0 2272.0 10890.0 44898.59830733768
13.0 2061.0 2448.0 11621.0 48532.136088424406
997.0 5249.0 830.0 3924.0 16561.024826405563
11.0 4801.0 1062.0 4980.0 20988.988996119395
2397.0 5780.0 549.0 2668.0 11129.730602178804
1712.0 5416.0 728.0 3627.0 14832.645906079
790.0 5192.0 854.0 4079.0 17155.95320308574
1653.0 5412.0 731.0 3637.0 14861.757398227635
17.0 4797.0 1062.0 4991.0 21025.447951690996
993.0 5250.0 831.0 3911.0 16541.455055624192
16.0 2918.0 2034.0 9569.0 39866.46161844095
16.0 4807.0 1056.0 4987.0 20917.535311426214
3.0 2498.0 2225.0 10705.0 44095.84922723551
5.0 4804.0 1058.0 4990.0 20962.16311867172
1708.0 5416.0 730.0 3616.0 14836.203742204983
12.0 3370.0 1795.0 8459.0 35366.23907858099
994.0 5253.0 828.0 3917.0 16523.193495363907
9.0 4808.0 1056.0 4981.0 20916.88927881007
4.0 2502.0 2224.0 10692.0 44052.86261098213
0.0 1307.0 2869.0 13238.0 56100.184610439435
300.0 6524.0 185.0 835.0 3673.818611712158
2379.0 5751.0 564.0 2734.0 11399.69820963907
1686.0 5414.0 729.0 3646.0 14852.913843807708
60.0 6591.0 150.0 637.0 2968.2597968618793
0.0 4635.0 1153.0 5275.0 22569.795171505197
59.0 3627.0 1677.0 7508.0 32841.43334736742
14.0 4804.0 1054.0 5019.0 20950.937184699396
18.0 2922.0 2031.0 9560.0 39837.18308437543
11.0 6614.0 140.0 593.0 2773.5021292526253
8.0 3786.0 1570.0 7343.0 31234.383360197997
11.0 3539.0 1651.0 8174.0 33513.464593792254
7.0 4804.0 1059.0 4989.0 20951.839115067876
210.0 6551.0 166.0 763.0 3430.9814507856927
8.0 6772.0 64.0 243.0 1126.8873899776872
14.0 4807.0 1054.0 5010.0 20915.243944739523
9.0 2059.0 2448.0 11632.0 48558.77769710087
4.0 1023.0 2969.0 14122.0 58851.09684148127
4.0 1368.0 2833.0 13103.0 55426.93789601442
1.0 2050.0 2451.0 11680.0 48636.67883234638
2379.0 5753.0 563.0 2724.0 11384.378018868974
12.0 2611.0 2164.0 10442.0 43049.299721261734
2.0 4107.0 1385.0 6909.0 27653.95810372269
1000.0 5252.0 828.0 3915.0 16521.88012618473
0.0 4470.0 1242.0 5800.0 24215.160177331174
4.0 2055.0 2450.0 11644.0 48577.111016283954
1703.0 5416.0 730.0 3621.0 14829.389279688407
0.0 6683.0 111.0 435.0 2063.7277759736944
2.0 4709.0 1100.0 5304.0 21810.558812183495
26.0 4127.0 1430.0 6485.0 27640.10475643979
8.0 4807.0 1054.0 5012.0 20917.42762178442
18.0 1603.0 2676.0 12809.0 53120.717850831825
19.0 6775.0 58.0 252.0 1086.4618650977513
5.0 6761.0 68.0 249.0 1246.9670653924798
3.0 4805.0 1057.0 4993.0 20943.414490189745
2394.0 5782.0 548.0 2661.0 11104.873924601634
5.0 665.0 3150.0 15009.0 62543.53379582854
4.0 2051.0 2452.0 11662.0 48629.36083884294
628.0 5016.0 940.0 4543.0 18938.740406616416
39.0 1505.0 2755.0 12755.0 54010.42598338525
0.0 4807.0 1056.0 4991.0 20921.959099217074
17.0 803.0 3077.0 14686.0 61141.68133004255
10.0 6614.0 141.0 589.0 2787.715700411572
992.0 5252.0 828.0 3913.0 16524.023853673938
12.0 6776.0 58.0 252.0 1088.5913260251773
19.0 4260.0 1328.0 6297.0 26401.13996498277
631.0 5021.0 937.0 4547.0 18868.779705016328
627.0 5022.0 938.0 4529.0 18867.782323723786
3.0 2498.0 2226.0 10703.0 44094.73221606422
0.0 6773.0 53.0 293.0 1135.578873009909
634.0 5020.0 936.0 4540.0 18884.6226923057
0.0 2051.0 2451.0 11672.0 48624.63921222273
58.0 3626.0 1677.0 7516.0 32842.34777849167
3.0 3787.0 1568.0 7353.0 31221.766278483545
4.0 3503.0 1740.0 7940.0 34178.13887229518
40.0 6777.0 57.0 249.0 1079.495470874308
53.0 6596.0 149.0 619.0 2938.2486410343886
0.0 2370.0 2279.0 11116.0 45418.4419116553
11.0 3948.0 1540.0 6782.0 29280.296182395145
37.0 2928.0 2027.0 9543.0 39773.29924381918
0.0 631.0 3161.0 15176.0 62891.90240877013
2373.0 5763.0 555.0 2712.0 11292.283181550409
2.0 624.0 3173.0 15160.0 62939.67114119881
629.0 5023.0 936.0 4534.0 18854.17421429255
2.0 6769.0 60.0 254.0 1187.724472966284
0.0 3922.0 1477.0 7143.0 29784.51811236461
25.0 6776.0 59.0 242.0 1075.9619648364421
1.0 6642.0 120.0 578.0 2454.1511022585246
0.0 6640.0 122.0 583.0 2463.1334770815106
0.0 2411.0 2273.0 10906.0 44947.46508321257
0.0 6683.0 111.0 435.0 2063.7277759736944
7.0 6763.0 69.0 234.0 1232.094311103524
1703.0 5416.0 730.0 3621.0 14829.389279688407
38.0 6602.0 144.0 619.0 2873.7848888391804
11.0 3546.0 1648.0 8155.0 33448.016099441
7.0 1095.0 2937.0 13920.0 58153.29161835511
11.0 6764.0 71.0 226.0 1226.0162130524393
6.0 6770.0 53.0 319.0 1165.9466820604537
0.0 6780.0 56.0 240.0 1045.4482845453078
0.0 6767.0 64.0 245.0 1188.2935196751573
13.0 2917.0 2034.0 9577.0 39875.02926391765
0.0 733.0 3123.0 14842.0 61772.78564416366
1.0 2808.0 2083.0 9857.0 40997.82503318576
0.0 3789.0 1568.0 7352.0 31207.643216621498
9.0 4255.0 1329.0 6321.0 26452.68828427711
0.0 6773.0 53.0 293.0 1135.578873009909
5.0 4620.0 1132.0 5489.0 22837.3499187786
10.0 3948.0 1540.0 6787.0 29281.38747158466
15.0 1108.0 2934.0 13854.0 58006.066784570896
2.0 4467.0 1246.0 5790.0 24252.271440734366
22.0 4129.0 1432.0 6479.0 27593.04784365427
0.0 2393.0 2286.0 10952.0 45174.76871161301
12.0 4259.0 1328.0 6309.0 26407.145101814396
1.0 4622.0 1134.0 5473.0 22827.33341920983
11.0 2917.0 2034.0 9579.0 39874.27938693304
1.0 1021.0 2972.0 14125.0 58877.62768997898
0.0 4622.0 1133.0 5482.0 22824.505274735715
2.0 1362.0 2836.0 13122.0 55481.6936778358
9.0 794.0 3080.0 14728.0 61235.65816909185
5.0 3950.0 1536.0 6802.0 29255.946958345186
0.0 2807.0 2083.0 9867.0 41006.22312075454
2.0 4467.0 1245.0 5796.0 24245.531002028434
9.0 3543.0 1650.0 8163.0 33477.96447022171
8.0 2612.0 2164.0 10442.0 43043.36161416382
7.0 6768.0 59.0 268.0 1169.8692664835573
0.0 4471.0 1244.0 5787.0 24201.965977559135
4.0 2608.0 2169.0 10444.0 43079.94231337443
0.0 3531.0 1696.0 8008.0 33535.11771237179
0.0 4492.0 1234.0 5739.0 24041.433839979538
0.0 1968.0 2496.0 11995.0 49388.04851878348
1.0 624.0 3173.0 15165.0 62940.431058221846
0.0 3691.0 1606.0 7754.0 31962.039539478115
6.0 4256.0 1329.0 6319.0 26442.65933819726
0.0 1969.0 2495.0 11992.0 49379.79944133454
0.0 2912.0 2036.0 9606.0 39930.187249305476
0.0 621.0 3174.0 15174.0 62969.30964143039
4.0 3925.0 1478.0 7109.0 29733.73479005379
4.0 3745.0 1616.0 7370.0 31494.53820823977
0.0 6766.0 66.0 234.0 1192.229339760337
0.0 2807.0 2083.0 9867.0 41006.22312075454
0.0 4106.0 1386.0 6916.0 27672.51640132704
0.0 6778.0 60.0 257.0 1109.2087314140367
5.0 3541.0 1652.0 8167.0 33493.332464101
10.0 6764.0 72.0 226.0 1223.7900391808491
3.0 3924.0 1479.0 7111.0 29756.295997439207
0.0 6620.0 137.0 587.0 2720.0966013066
0.0 6773.0 53.0 293.0 1135.578873009909
0.0 1215.0 2865.0 13715.0 56930.03908280895
0.0 6768.0 69.0 224.0 1182.7112399445987
0.0 642.0 3170.0 15079.0 62668.863789435636
0.0 621.0 3174.0 15174.0 62969.30964143039
0.0 6766.0 70.0 228.0 1206.605034670023
0.0 6771.0 65.0 241.0 1131.1993845662628
0.0 1015.0 2973.0 14159.0 58946.883125623266
0.0 6766.0 66.0 234.0 1192.229339760337
0.0 6778.0 60.0 257.0 1109.2087314140367
0.0 6772.0 58.0 263.0 1140.1684339145554
0.0 6775.0 62.0 243.0 1101.776149952381
0.0 628.0 3167.0 15161.0 62898.33279192001
0.0 6776.0 59.0 260.0 1117.8456365595516
0.0 624.0 3174.0 15147.0 63011.81245368324
0.0 6771.0 59.0 254.0 1167.359094072434
0.0 3921.0 1479.0 7135.0 29790.928091905327
