39.0 2948.0 2015.0 9456.0 39598.203371536
1292.0 6202.0 354.0 1576.0 6889.072355935864
471.0 6509.0 191.0 882.0 3777.3855326503576
22.0 2949.0 2016.0 9441.0 39597.601435239965
816.0 5091.0 920.0 4304.0 17992.306538048415
29.0 6689.0 108.0 374.0 2022.4380540753361
14.0 3587.0 1725.0 7574.0 33170.90464112558
4.0 1652.0 2681.0 12426.0 52651.20931920265
1195.0 6285.0 314.0 1385.0 6050.893486618016
1592.0 5882.0 517.0 2332.0 10052.84588379027
28.0 2948.0 2009.0 9502.0 39609.53501704239
13.0 1342.0 2848.0 13196.0 55672.55439310336
1310.0 6200.0 358.0 1564.0 6893.234378806162
3.0 4201.0 1388.0 6326.0 26924.58115195138
1615.0 5556.0 673.0 3194.0 13225.435011367495
157.0 6584.0 158.0 652.0 3081.7297399142158
17.0 1127.0 2923.0 13844.0 57875.40977549351
18.0 2175.0 2386.0 11447.0 47359.32997705699
11.0 3774.0 1566.0 7408.0 31342.781190881844
1299.0 6199.0 360.0 1569.0 6903.712900041526
1522.0 5908.0 506.0 2269.0 9784.653156523083
9.0 2349.0 2301.0 11033.0 45566.80708805727
1612.0 5561.0 666.0 3218.0 13183.093968302874
1313.0 6206.0 362.0 1524.0 6802.128052112764
35.0 2945.0 2010.0 9502.0 39628.32353057147
1636.0 5551.0 671.0 3228.0 13297.57135272115
969.0 6375.0 262.0 1174.0 5207.867282506896
2.0 1012.0 2972.0 14156.0 59034.666388406
1615.0 5546.0 680.0 3212.0 13336.135167462342
13.0 2418.0 2276.0 10778.0 44920.41967784148
1075.0 5366.0 764.0 3675.0 15164.138291084295
810.0 5083.0 926.0 4292.0 18069.6668278459
1597.0 5554.0 672.0 3210.0 13272.211009415698
822.0 5078.0 928.0 4313.0 18110.468779758856
9.0 4115.0 1421.0 6484.0 27867.945912120224
1290.0 6199.0 356.0 1598.0 6903.9800126907985
8.0 2747.0 2117.0 9960.0 41583.25133458933
0.0 3032.0 1976.0 9246.0 38753.500784853524
815.0 5094.0 919.0 4297.0 17969.31530926958
0.0 6777.0 57.0 256.0 1119.4416843687718
489.0 2988.0 1980.0 9475.0 39115.99307680452
27.0 2950.0 2009.0 9501.0 39566.6175947967
1087.0 5366.0 763.0 3669.0 15156.923741472297
1404.0 5459.0 740.0 3399.0 14382.787137711148
4.0 3707.0 1608.0 7592.0 31794.523283729744
13.0 3887.0 1517.0 7082.0 30140.648984421383
1317.0 6199.0 358.0 1565.0 6919.179884368742
8.0 2750.0 2116.0 9953.0 41549.558032818684
27.0 1124.0 2926.0 13852.0 57901.273762910634
21.0 4452.0 1244.0 5760.0 24313.82648553204
1611.0 5560.0 669.0 3204.0 13193.177506744305
41.0 3423.0 1752.0 8387.0 34942.405733257736
1626.0 5562.0 668.0 3189.0 13167.44241537536
53.0 1700.0 2654.0 12299.0 52073.45079471992
3.0 2055.0 2442.0 11691.0 48551.4924626367
21.0 2766.0 2105.0 9936.0 41399.23543175322
40.0 3429.0 1750.0 8372.0 34893.347343434594
0.0 4435.0 1207.0 6058.0 24737.309269892994
1184.0 6290.0 312.0 1365.0 5995.690572395111
1396.0 5464.0 737.0 3374.0 14343.624408186428
0.0 4960.0 990.0 4606.0 19349.6852983911
1205.0 5370.0 759.0 3669.0 15102.085114392741
961.0 6373.0 261.0 1178.0 5239.949006811736
28.0 2758.0 2107.0 9949.0 41459.88192229309
1547.0 5899.0 512.0 2276.0 9883.585843873452
400.0 6525.0 184.0 834.0 3639.131488915293
808.0 5082.0 926.0 4312.0 18078.674296658934
14.0 3773.0 1568.0 7400.0 31354.725651566612
1598.0 5882.0 515.0 2348.0 10055.132694467342
5.0 1465.0 2790.0 12910.0 54469.49517216665
20.0 4293.0 1314.0 6262.0 26117.59883910533
1599.0 5553.0 675.0 3200.0 13265.779735538417
847.0 5123.0 899.0 4239.0 17694.715111283025
810.0 5090.0 920.0 4300.0 18019.05836554124
100.0 1698.0 2656.0 12297.0 52082.43328830133
1.0 2936.0 2021.0 9516.0 39749.65715704784
35.0 2949.0 2014.0 9451.0 39592.672174214385
904.0 6386.0 253.0 1159.0 5101.905311411136
1158.0 6297.0 304.0 1371.0 5924.9391372436585
1042.0 3130.0 1884.0 9282.0 37829.63838684983
1393.0 5467.0 736.0 3370.0 14310.405987902885
12.0 646.0 3162.0 15027.0 62643.417541357274
1557.0 5887.0 515.0 2308.0 10018.100407616063
825.0 6427.0 237.0 1070.0 4679.096140852852
1076.0 5371.0 761.0 3661.0 15105.97441473059
43.0 3430.0 1754.0 8357.0 34873.97276421962
37.0 4612.0 1173.0 5346.0 22796.721231395008
11.0 2584.0 2169.0 10541.0 43217.42605181154
1577.0 5887.0 514.0 2327.0 10006.57295301407
7.0 2749.0 2116.0 9958.0 41555.2608552839
1218.0 5373.0 758.0 3667.0 15088.428338559308
929.0 6381.0 257.0 1166.0 5154.287820300633
4.0 637.0 3166.0 15063.0 62740.31362252525
464.0 6512.0 188.0 882.0 3752.901645830607
1597.0 5877.0 519.0 2356.0 10112.727615991605
47.0 1691.0 2658.0 12321.0 52168.64298792776
1538.0 5899.0 511.0 2279.0 9891.362297534006
1526.0 5906.0 509.0 2267.0 9813.357964579334
1534.0 5905.0 509.0 2260.0 9835.670037165746
808.0 5078.0 928.0 4324.0 18140.47505712475
311.0 4813.0 1065.0 4926.0 20813.67602437971
307.0 4817.0 1067.0 4906.0 20785.332775891442
1286.0 6206.0 356.0 1542.0 6842.999692072607
168.0 6586.0 158.0 636.0 3036.050762512631
308.0 4811.0 1070.0 4905.0 20823.71068484742
6.0 6697.0 105.0 356.0 1955.0295250215806
382.0 6537.0 175.0 789.0 3499.9148330973294
0.0 6777.0 57.0 256.0 1119.4416843687718
1303.0 6196.0 360.0 1583.0 6946.178104057055
143.0 6589.0 156.0 633.0 3023.017137554583
15.0 4617.0 1169.0 5370.0 22742.742857088553
831.0 5085.0 926.0 4287.0 18061.727824546273
1238.0 5353.0 767.0 3728.0 15291.158409691056
11.0 3887.0 1516.0 7090.0 30130.680683312574
847.0 5122.0 899.0 4238.0 17713.763923392435
813.0 5089.0 921.0 4300.0 18032.645288126198
23.0 3887.0 1513.0 7102.0 30115.890731358446
5.0 1460.0 2796.0 12899.0 54522.86729415834
300.0 4806.0 1072.0 4927.0 20863.390795160813
301.0 4813.0 1068.0 4915.0 20805.954494209098
301.0 4809.0 1071.0 4907.0 20832.592392954564
1275.0 6213.0 349.0 1554.0 6759.9711417167055
306.0 4816.0 1068.0 4909.0 20777.76445176367
21.0 4618.0 1168.0 5377.0 22717.481817823013
913.0 6385.0 256.0 1159.0 5116.844595520608
1218.0 5373.0 759.0 3664.0 15091.17649904459
0.0 2752.0 2113.0 9958.0 41536.346317855394
32.0 4614.0 1169.0 5360.0 22758.9183822985
32.0 4612.0 1172.0 5356.0 22789.40173661056
1605.0 5560.0 668.0 3207.0 13195.575902330062
301.0 4805.0 1069.0 4952.0 20857.289462422643
1597.0 5555.0 673.0 3201.0 13253.854054235057
816.0 5092.0 920.0 4301.0 17983.846693994554
0.0 6699.0 105.0 343.0 1939.4331155162242
6.0 3893.0 1511.0 7092.0 30061.591764593577
38.0 3428.0 1751.0 8377.0 34909.5276747046
31.0 2949.0 2015.0 9451.0 39596.52036806827
302.0 4805.0 1072.0 4929.0 20870.16531184658
19.0 2944.0 2015.0 9479.0 39643.61390315495
8.0 1825.0 2556.0 12370.0 50784.426541512184
317.0 6556.0 173.0 711.0 3300.779999748768
1232.0 5370.0 758.0 3678.0 15090.980697748444
39.0 3428.0 1756.0 8355.0 34892.25956733853
1267.0 6211.0 353.0 1549.0 6780.9401501608445
1227.0 5358.0 763.0 3716.0 15233.425392341273
818.0 5093.0 919.0 4299.0 17968.357126216666
1532.0 5905.0 510.0 2262.0 9835.247705850325
6.0 2577.0 2174.0 10566.0 43283.338232373004
5.0 2170.0 2388.0 11469.0 47412.161514986816
2.0 634.0 3164.0 15098.0 62783.60684539169
7.0 1302.0 2858.0 13310.0 56197.591669334965
4.0 3595.0 1636.0 7985.0 32959.17465080074
807.0 5084.0 924.0 4313.0 18071.673163627955
20.0 2428.0 2271.0 10742.0 44821.22310535858
4.0 2052.0 2447.0 11678.0 48589.519354135715
6.0 3599.0 1632.0 7988.0 32928.83782949018
0.0 2347.0 2301.0 11047.0 45589.66340441509
1609.0 5562.0 667.0 3204.0 13170.764738604952
302.0 4808.0 1069.0 4926.0 20840.810801883632
13.0 1121.0 2926.0 13869.0 57931.32006334734
9.0 4124.0 1416.0 6466.0 27780.22475468574
1536.0 5901.0 511.0 2276.0 9862.627644988923
8.0 3983.0 1492.0 6744.0 29297.23739306266
15.0 2946.0 2016.0 9462.0 39629.46741791505
305.0 4815.0 1066.0 4924.0 20788.90938888912
4.0 3547.0 1702.0 7923.0 33462.304628325095
7.0 2582.0 2171.0 10541.0 43250.60130037083
1583.0 5882.0 516.0 2350.0 10068.005205876127
814.0 5088.0 923.0 4286.0 18030.088487314057
1608.0 5564.0 667.0 3187.0 13151.197183383769
301.0 4816.0 1067.0 4907.0 20780.499373399303
813.0 5089.0 921.0 4304.0 18017.904915154395
1525.0 5904.0 510.0 2270.0 9848.815687328915
1532.0 5907.0 508.0 2264.0 9799.390796060618
11.0 2944.0 2016.0 9487.0 39653.132216190694
2.0 2169.0 2388.0 11477.0 47418.297529945994
817.0 6431.0 234.0 1065.0 4634.885253458112
0.0 3573.0 1749.0 7598.0 33276.30959816355
7.0 640.0 3166.0 15047.0 62694.91868747989
1531.0 5909.0 503.0 2287.0 9781.203960834364
1160.0 6299.0 306.0 1354.0 5901.181104338163
889.0 6391.0 253.0 1149.0 5053.74429019775
0.0 3890.0 1515.0 7084.0 30086.385544049554
20.0 4614.0 1167.0 5394.0 22752.39871932857
6.0 3978.0 1497.0 6743.0 29344.04387401043
296.0 4809.0 1069.0 4927.0 20833.51485171093
871.0 6404.0 248.0 1117.0 4904.265844371287
0.0 6777.0 60.0 245.0 1091.8289399001776
8.0 6760.0 70.0 240.0 1273.679835473282
49.0 1691.0 2658.0 12327.0 52159.34398453978
392.0 6530.0 180.0 829.0 3575.456205603208
2.0 3597.0 1636.0 7978.0 32949.70787451714
1229.0 5363.0 763.0 3688.0 15168.369570711848
1223.0 5378.0 757.0 3660.0 15012.579490419565
7.0 4297.0 1315.0 6248.0 26092.55322808987
6.0 4518.0 1214.0 5633.0 23648.38679183672
14.0 6771.0 54.0 302.0 1141.8606147284695
28.0 4614.0 1170.0 5358.0 22764.04879321934
284.0 6563.0 168.0 698.0 3229.0483219756456
47.0 6622.0 138.0 568.0 2651.9160956321202
1248.0 6218.0 349.0 1539.0 6714.013116505557
6.0 2420.0 2273.0 10791.0 44895.53870934991
34.0 3427.0 1751.0 8382.0 34909.480727700895
17.0 2424.0 2273.0 10758.0 44854.64608633345
1.0 6776.0 57.0 259.0 1130.645069261876
27.0 4610.0 1164.0 5426.0 22783.071980431516
24.0 4616.0 1171.0 5359.0 22744.59493650623
9.0 6761.0 72.0 232.0 1272.109111031812
0.0 1458.0 2796.0 12919.0 54541.313952727294
0.0 4297.0 1316.0 6248.0 26105.934923280514
292.0 4815.0 1068.0 4913.0 20784.82571219409
91.0 6604.0 147.0 610.0 2870.5077507054248
9.0 3777.0 1564.0 7405.0 31313.880048386447
1526.0 5909.0 506.0 2273.0 9783.378575403329
1519.0 5911.0 506.0 2258.0 9767.518401851255
20.0 6769.0 66.0 235.0 1160.0005097359262
2.0 2049.0 2447.0 11697.0 48614.87835380294
19.0 6630.0 133.0 563.0 2566.7976445104127
2.0 2052.0 2441.0 11710.0 48597.67941148016
0.0 2331.0 2300.0 11147.0 45760.60213512622
7.0 4515.0 1217.0 5629.0 23681.112956026886
3.0 1921.0 2521.0 12113.0 49830.83330739297
0.0 1008.0 2974.0 14178.0 59074.68174316294
60.0 6614.0 141.0 601.0 2724.188486958043
0.0 1823.0 2558.0 12366.0 50797.87796772729
7.0 3976.0 1497.0 6754.0 29367.792232494783
8.0 6760.0 71.0 237.0 1276.486833678102
8.0 1337.0 2851.0 13205.0 55738.071036393085
1227.0 5377.0 758.0 3658.0 15033.34689145766
5.0 3599.0 1633.0 7981.0 32931.17815817368
7.0 6763.0 70.0 232.0 1260.8934486387031
7.0 1652.0 2680.0 12427.0 52652.25860286123
3.0 4446.0 1248.0 5783.0 24397.812376589005
5.0 732.0 3117.0 14863.0 61817.55189581405
5.0 4394.0 1268.0 5983.0 25035.09730815081
23.0 6629.0 133.0 564.0 2587.7916842103773
1.0 622.0 3170.0 15212.0 62973.63650982414
5.0 4616.0 1169.0 5384.0 22758.450889906893
30.0 3431.0 1748.0 8379.0 34878.7683473942
2.0 4397.0 1267.0 5975.0 25003.001353048887
0.0 2051.0 2443.0 11709.0 48599.55927455968
9.0 4121.0 1418.0 6475.0 27810.099885466865
0.0 2286.0 2337.0 11225.0 46223.27917301054
3.0 634.0 3167.0 15076.0 62765.33306272913
5.0 4125.0 1418.0 6465.0 27761.245125981615
1221.0 5376.0 759.0 3654.0 15048.481219704332
13.0 4199.0 1392.0 6301.0 26920.893043285658
0.0 2938.0 2019.0 9518.0 39712.071904627206
1.0 2580.0 2171.0 10568.0 43274.837578032166
5.0 4125.0 1416.0 6471.0 27771.975869141734
1518.0 5912.0 505.0 2258.0 9758.129964560929
11.0 3591.0 1724.0 7565.0 33132.6911530924
3.0 3967.0 1439.0 7286.0 29178.805325206697
2.0 631.0 3167.0 15094.0 62808.64061652133
3.0 3982.0 1493.0 6746.0 29311.558463825957
2.0 4448.0 1248.0 5768.0 24389.25163038118
6.0 6773.0 55.0 291.0 1125.8596552823026
3.0 6771.0 58.0 263.0 1151.7957920632937
0.0 6768.0 64.0 248.0 1178.34165503804
0.0 6764.0 69.0 232.0 1243.7080975074975
5.0 4451.0 1247.0 5757.0 24343.66699856446
19.0 6773.0 53.0 293.0 1130.7520553602515
1.0 940.0 3032.0 14283.0 59708.579737748805
4.0 2579.0 2173.0 10559.0 43275.270014772876
0.0 4449.0 1248.0 5766.0 24376.17867573316
0.0 6687.0 102.0 445.0 1992.8858791206196
1.0 4197.0 1389.0 6337.0 26959.13104762174
4.0 4514.0 1218.0 5633.0 23692.95370752122
10.0 3583.0 1731.0 7580.0 33218.951135253126
0.0 4200.0 1388.0 6333.0 26928.115981032915
4.0 3547.0 1702.0 7923.0 33462.304628325095
10.0 6773.0 61.0 249.0 1132.7581039070546
0.0 6777.0 60.0 245.0 1091.8289399001776
1.0 4515.0 1217.0 5638.0 23679.80403836529
0.0 2049.0 2444.0 11714.0 48621.185799162646
0.0 6648.0 121.0 543.0 2404.416886042232
12.0 6773.0 53.0 296.0 1130.3974962053296
6.0 6774.0 61.0 248.0 1121.036662369198
0.0 6660.0 115.0 506.0 2307.367079394474
0.0 6775.0 53.0 291.0 1111.1252569097005
0.0 3706.0 1636.0 7484.0 31733.635680230273
0.0 631.0 3157.0 15201.0 62889.03861810175
0.0 629.0 3167.0 15110.0 62825.68977299756
0.0 4144.0 1372.0 6742.0 27458.77291840997
0.0 6776.0 56.0 276.0 1106.853602334063
0.0 1300.0 2861.0 13320.0 56236.90891683482
0.0 6764.0 69.0 232.0 1243.7080975074975
0.0 984.0 2982.0 14275.0 59334.891227525564
0.0 6777.0 57.0 256.0 1119.4416843687718
0.0 6771.0 64.0 233.0 1145.619464006083
0.0 6777.0 60.0 245.0 1091.8289399001776
0.0 3706.0 1609.0 7596.0 31803.00912230153
0.0 1067.0 2947.0 14031.0 58515.71303450663
0.0 622.0 3169.0 15221.0 62965.415139895835
0.0 1651.0 2680.0 12441.0 52664.44345192722
0.0 797.0 3099.0 14662.0 61168.66252097096
0.0 6773.0 58.0 254.0 1126.6065546368259
0.0 811.0 3080.0 14680.0 61056.2035673517
