982.0 2892.0 2032.0 9580.0 40075.178474816275
701.0 5025.0 934.0 4531.0 18681.448479929088
2789.0 6192.0 367.0 1638.0 7019.40910693021
7.0 3513.0 1714.0 8026.0 33662.801840241606
13.0 6769.0 58.0 274.0 1161.9634623344834
3219.0 5850.0 535.0 2373.0 10338.267965100977
1480.0 5616.0 634.0 2999.0 12738.599546361147
18.0 2609.0 2170.0 10471.0 42970.47960190917
803.0 5187.0 846.0 4123.0 17069.154813666675
4.0 1100.0 2941.0 13873.0 58124.68372601328
1491.0 5477.0 698.0 3414.0 14107.923743820122
0.0 4389.0 1272.0 6020.0 25001.14747628966
0.0 635.0 3157.0 15151.0 62824.02350728346
834.0 5251.0 812.0 3967.0 16412.462802812224
1447.0 5612.0 631.0 3023.0 12805.075514050763
1444.0 5618.0 626.0 3035.0 12723.889448817486
13.0 6755.0 70.0 263.0 1315.9968491271147
2791.0 6194.0 366.0 1636.0 7030.501888838624
20.0 4675.0 1113.0 5351.0 22210.206302209193
6.0 2715.0 2125.0 10124.0 41992.807953120624
39.0 1431.0 2806.0 12866.0 54836.2178227565
704.0 5032.0 926.0 4556.0 18619.926988983807
0.0 4637.0 1137.0 5411.0 22615.83856214194
840.0 5241.0 819.0 3957.0 16497.121567024064
804.0 5181.0 852.0 4123.0 17129.186474191196
2814.0 6194.0 367.0 1630.0 7015.6651439154375
1025.0 6428.0 230.0 1048.0 4642.73884940254
0.0 6771.0 65.0 227.0 1159.9836869996846
4.0 2480.0 2240.0 10696.0 44286.3215317777
456.0 6514.0 199.0 783.0 3774.026758113462
1461.0 5605.0 631.0 3057.0 12824.039427614893
20.0 3475.0 1685.0 8394.0 34206.429611801446
9.0 2602.0 2197.0 10283.0 43148.32760022827
1446.0 5612.0 629.0 3041.0 12775.748242075751
50.0 4671.0 1118.0 5315.0 22240.475261849835
4.0 4667.0 1116.0 5380.0 22276.489221731274
5.0 1702.0 2635.0 12495.0 52089.95799859094
988.0 2900.0 2027.0 9563.0 40005.536748485996
592.0 2798.0 2101.0 9702.0 41162.71597918896
841.0 5252.0 811.0 3957.0 16417.871553650584
3.0 2711.0 2125.0 10135.0 42037.83270503774
10.0 4661.0 1122.0 5364.0 22340.167595511983
910.0 5304.0 789.0 3769.0 15934.265595016199
2759.0 6191.0 366.0 1665.0 7042.207175009544
1448.0 5617.0 626.0 3045.0 12731.579821382194
1490.0 5539.0 671.0 3202.0 13551.453250250872
10.0 4668.0 1112.0 5400.0 22269.381167041982
17.0 3480.0 1682.0 8387.0 34156.2372236635
719.0 5018.0 942.0 4515.0 18755.93529082833
2784.0 6197.0 365.0 1629.0 6992.812002069771
966.0 3153.0 1897.0 8790.0 37386.168543051
2775.0 6196.0 363.0 1642.0 7005.513691464395
962.0 3151.0 1897.0 8810.0 37401.084299762006
1079.0 6429.0 228.0 1055.0 4632.525895656557
8.0 1395.0 2825.0 12983.0 55178.68001024432
8.0 4668.0 1113.0 5388.0 22286.296402378244
827.0 5240.0 812.0 4026.0 16525.837051325885
18.0 1711.0 2629.0 12466.0 51995.27159001222
11.0 2712.0 2122.0 10138.0 42023.883630797936
7.0 4071.0 1454.0 6539.0 28111.70380909934
2.0 4480.0 1238.0 5723.0 24048.804139353357
24.0 3637.0 1676.0 7500.0 32560.792257334237
3.0 2477.0 2243.0 10701.0 44304.90882370112
802.0 5174.0 853.0 4143.0 17205.757546150522
2.0 632.0 3153.0 15228.0 62870.71180000776
7.0 3516.0 1714.0 8003.0 33629.10094984914
992.0 6436.0 228.0 1030.0 4546.416533060419
1.0 4669.0 1114.0 5380.0 22267.386168425735
201.0 6571.0 157.0 675.0 3202.378713799908
84.0 2632.0 2180.0 10195.0 42793.92608137119
3310.0 5853.0 534.0 2368.0 10311.267097013206
453.0 6518.0 199.0 768.0 3747.5190946317507
989.0 6437.0 227.0 1032.0 4539.881687401383
7.0 6764.0 75.0 214.0 1249.1282449495454
12.0 2262.0 2339.0 11144.0 46457.6669250872
7.0 2005.0 2483.0 11823.0 49165.47615674923
29.0 1426.0 2809.0 12878.0 54882.357194496595
2764.0 6198.0 363.0 1634.0 6967.5255377140065
985.0 2897.0 2027.0 9582.0 40032.958433041254
538.0 6504.0 206.0 824.0 3892.370735159369
2.0 759.0 3109.0 14764.0 61559.07140065338
0.0 6774.0 56.0 264.0 1109.642986248993
2.0 3518.0 1713.0 8001.0 33609.528975643996
4.0 3521.0 1710.0 7999.0 33587.144520352595
1.0 4070.0 1452.0 6558.0 28127.302118165884
850.0 5246.0 815.0 3943.0 16476.484758403923
1048.0 6434.0 227.0 1037.0 4569.934265364054
15.0 1988.0 2487.0 11866.0 49294.86880757403
532.0 6504.0 204.0 835.0 3895.2139123806833
5.0 3883.0 1548.0 7043.0 29953.84217395191
1457.0 5613.0 627.0 3038.0 12747.071527983899
0.0 1396.0 2825.0 12982.0 55162.021022677836
10.0 2271.0 2338.0 11104.0 46353.07088318559
1012.0 6435.0 226.0 1029.0 4568.482974840177
2.0 995.0 2971.0 14239.0 59243.45641627649
17.0 4675.0 1115.0 5340.0 22221.321538978973
1489.0 5543.0 667.0 3202.0 13502.17417679125
3257.0 5842.0 539.0 2379.0 10454.077367900594
1445.0 5619.0 625.0 3035.0 12716.83637479234
91.0 2629.0 2185.0 10180.0 42821.969866906584
999.0 6439.0 225.0 1034.0 4511.307168076268
3208.0 5853.0 534.0 2369.0 10309.844804864551
822.0 5245.0 809.0 4017.0 16483.74637511184
478.0 6512.0 207.0 767.0 3816.406492909419
55.0 2619.0 2194.0 10190.0 42936.75768316566
25.0 4673.0 1115.0 5343.0 22233.121586865367
701.0 5038.0 925.0 4524.0 18566.04667010698
4.0 1703.0 2632.0 12505.0 52082.444068102064
63.0 6610.0 141.0 599.0 2778.8454308458263
9.0 2713.0 2123.0 10133.0 42011.420679134906
279.0 6552.0 164.0 782.0 3365.3511405500103
7.0 3515.0 1714.0 8008.0 33646.42988572478
0.0 4388.0 1273.0 6020.0 25013.319663572674
1452.0 5611.0 633.0 3023.0 12801.761795092727
1.0 1700.0 2635.0 12505.0 52110.02591540577
0.0 3518.0 1712.0 8007.0 33611.72373640363
85.0 3684.0 1599.0 7601.0 31985.862250830898
7.0 3883.0 1545.0 7052.0 29962.794114703633
972.0 6444.0 222.0 1020.0 4461.7205172096865
955.0 3158.0 1892.0 8801.0 37321.20158171242
19.0 1123.0 2928.0 13796.0 57906.58084610218
960.0 6446.0 221.0 1014.0 4437.208104582517
0.0 1016.0 2980.0 14125.0 58932.65403585458
24.0 4267.0 1337.0 6087.0 26499.689878368834
955.0 3163.0 1888.0 8791.0 37274.17584990174
1440.0 5617.0 626.0 3026.0 12745.900698562182
1.0 916.0 3026.0 14370.0 60062.77333259622
59.0 2621.0 2194.0 10177.0 42923.31728899468
1449.0 5610.0 633.0 3031.0 12802.300923946223
837.0 5252.0 813.0 3959.0 16402.567570715768
2.0 2255.0 2344.0 11166.0 46524.22687373683
709.0 5034.0 925.0 4536.0 18594.77209947701
10.0 2007.0 2480.0 11830.0 49136.18793701287
176.0 6576.0 156.0 666.0 3149.2917276962985
0.0 2710.0 2126.0 10133.0 42042.22891529903
2763.0 6202.0 361.0 1628.0 6942.599844005446
805.0 5181.0 851.0 4124.0 17124.782728286682
3.0 4606.0 1174.0 5432.0 22757.9340277971
14.0 4071.0 1449.0 6540.0 28109.63509953232
18.0 3477.0 1685.0 8385.0 34190.08491129864
95.0 6596.0 148.0 643.0 2935.9904375842993
46.0 6615.0 139.0 601.0 2727.643795942984
22.0 3888.0 1492.0 7269.0 30064.48481201295
701.0 5033.0 927.0 4549.0 18609.79533728457
698.0 5044.0 920.0 4541.0 18515.75785849381
844.0 5246.0 815.0 3954.0 16469.660433458004
1446.0 5612.0 633.0 3022.0 12797.487323253637
0.0 6682.0 102.0 478.0 2048.86568076214
695.0 5046.0 924.0 4516.0 18486.487940631956
0.0 1976.0 2494.0 11924.0 49427.21939827951
185.0 6570.0 156.0 731.0 3186.0091318773134
27.0 3641.0 1676.0 7483.0 32521.933839981488
840.0 5248.0 814.0 3953.0 16443.023563470506
9.0 4667.0 1111.0 5392.0 22284.20564941082
828.0 5250.0 808.0 4003.0 16424.995528637468
27.0 4676.0 1116.0 5333.0 22202.199834674968
837.0 5251.0 812.0 3961.0 16427.75960853063
830.0 5244.0 820.0 3958.0 16472.785161465406
1457.0 5616.0 628.0 3025.0 12722.243150505434
802.0 5184.0 849.0 4123.0 17103.22518163203
19.0 4674.0 1113.0 5353.0 22236.120453030606
416.0 6526.0 195.0 760.0 3670.3924437960795
38.0 3449.0 1725.0 8446.0 34508.51818430189
181.0 6575.0 155.0 678.0 3135.647465912585
17.0 6766.0 58.0 277.0 1187.6683206023763
11.0 4672.0 1112.0 5373.0 22239.531179575864
14.0 6762.0 75.0 216.0 1282.5081599171363
16.0 3479.0 1684.0 8380.0 34164.36425801747
5.0 4600.0 1176.0 5452.0 22804.175694073794
1.0 1977.0 2492.0 11922.0 49419.59012985098
1455.0 5619.0 627.0 3027.0 12720.946305443069
3.0 2004.0 2482.0 11832.0 49170.267132906505
711.0 5026.0 935.0 4517.0 18668.97853790826
19.0 4677.0 1113.0 5346.0 22187.00527889909
41.0 2616.0 2194.0 10212.0 42972.30681792396
0.0 6757.0 69.0 258.0 1286.0932116083093
703.0 5034.0 926.0 4535.0 18600.556333970962
1449.0 5616.0 626.0 3037.0 12738.738956812438
958.0 3153.0 1896.0 8808.0 37377.520366223784
70.0 3675.0 1606.0 7614.0 32073.253813101506
54.0 3661.0 1613.0 7660.0 32212.653301905382
827.0 5250.0 809.0 3995.0 16431.77431545009
693.0 5022.0 940.0 4564.0 18719.560570660477
7.0 4063.0 1455.0 6576.0 28175.327017454223
31.0 4266.0 1336.0 6088.0 26500.520158715404
6.0 4067.0 1452.0 6564.0 28147.67355384495
24.0 3641.0 1675.0 7486.0 32524.364825751847
20.0 6771.0 56.0 284.0 1146.5076155465229
8.0 768.0 3108.0 14713.0 61471.37027058276
20.0 4656.0 1131.0 5342.0 22375.738912690183
5.0 4672.0 1113.0 5371.0 22241.284158323975
79.0 3682.0 1599.0 7612.0 32003.983597883427
3305.0 5856.0 534.0 2355.0 10290.394551201472
160.0 6582.0 152.0 661.0 3081.0746015985364
9.0 4351.0 1315.0 5917.0 25523.25567246652
9.0 6770.0 57.0 282.0 1157.5488186915518
6.0 4072.0 1453.0 6539.0 28102.22482406397
1456.0 5623.0 625.0 3026.0 12673.798793353022
825.0 5244.0 819.0 3965.0 16482.459141853666
15.0 3480.0 1684.0 8371.0 34150.9974575023
0.0 4486.0 1232.0 5699.0 24135.210224521095
0.0 4605.0 1175.0 5433.0 22760.682069624698
1470.0 5624.0 624.0 3046.0 12642.435040784067
8.0 4674.0 1112.0 5366.0 22217.53106882773
2.0 4482.0 1238.0 5711.0 24022.92250856268
1470.0 5624.0 623.0 3045.0 12646.123290866859
0.0 1695.0 2636.0 12528.0 52160.3513977144
5.0 4664.0 1120.0 5359.0 22321.020092274088
1443.0 5615.0 629.0 3028.0 12761.454953665721
13.0 2595.0 2206.0 10262.0 43223.66474955704
10.0 3490.0 1678.0 8347.0 34049.55153169377
31.0 4267.0 1335.0 6090.0 26496.747585424644
59.0 3657.0 1616.0 7655.0 32267.738224550903
830.0 5251.0 809.0 3988.0 16425.2154463806
9.0 4071.0 1454.0 6535.0 28109.392175147488
1459.0 5622.0 625.0 3023.0 12690.633780159975
1.0 2596.0 2200.0 10304.0 43193.54155174728
4.0 6770.0 66.0 235.0 1147.8706983823663
1461.0 5621.0 626.0 3027.0 12698.029389399924
0.0 638.0 3165.0 15090.0 62753.50551659288
6.0 1586.0 2680.0 12804.0 53255.634119426504
3.0 4668.0 1114.0 5380.0 22281.00429998095
0.0 638.0 3165.0 15090.0 62753.50551659288
3.0 4115.0 1390.0 6712.0 27840.017936524968
1.0 2592.0 2204.0 10306.0 43232.24593284018
834.0 5250.0 814.0 3953.0 16434.52056415584
951.0 3157.0 1893.0 8800.0 37342.129271949634
0.0 2477.0 2242.0 10712.0 44309.28842992356
0.0 3790.0 1580.0 7284.0 31166.022116114662
2.0 4481.0 1237.0 5725.0 24034.689751903294
1460.0 5622.0 625.0 3027.0 12683.714964512908
35.0 4671.0 1116.0 5333.0 22251.927824873586
3.0 4069.0 1452.0 6563.0 28123.58626755513
10.0 2265.0 2341.0 11119.0 46418.3302824053
2.0 700.0 3134.0 14931.0 62088.62839561078
9.0 2607.0 2171.0 10474.0 42993.679434566795
5.0 1102.0 2940.0 13866.0 58092.933347109116
21.0 6624.0 134.0 586.0 2643.9096310691993
833.0 5252.0 813.0 3959.0 16409.524076689442
1.0 4114.0 1392.0 6710.0 27855.220997270604
3.0 3892.0 1492.0 7271.0 30032.158110771066
8.0 6773.0 60.0 253.0 1141.2750545205333
0.0 915.0 3027.0 14370.0 60072.51646356325
7.0 6770.0 58.0 269.0 1146.1681421509077
1.0 1585.0 2681.0 12810.0 53264.54428977235
0.0 4485.0 1235.0 5711.0 23991.650206455746
0.0 1976.0 2493.0 11929.0 49418.9680920856
1464.0 5625.0 623.0 3046.0 12647.059651341428
13.0 6772.0 61.0 248.0 1151.0130688529562
16.0 1587.0 2681.0 12776.0 53256.161817122986
4.0 4355.0 1311.0 5923.0 25493.302438204824
0.0 2417.0 2277.0 10810.0 45019.10291007032
8.0 3891.0 1545.0 7013.0 29889.562728724686
2.0 631.0 3154.0 15228.0 62880.17764724154
6.0 6769.0 67.0 235.0 1162.4494624273177
21.0 6761.0 75.0 216.0 1287.2097216701973
8.0 2260.0 2342.0 11143.0 46484.390080918885
22.0 4271.0 1334.0 6083.0 26460.500056850306
0.0 6642.0 127.0 542.0 2457.2063786034328
3.0 6765.0 74.0 214.0 1243.455238958699
12.0 6664.0 112.0 478.0 2282.033034889645
6.0 3887.0 1548.0 7017.0 29933.721369112744
4.0 1099.0 2942.0 13873.0 58133.29213720267
0.0 6773.0 62.0 253.0 1134.252077448243
0.0 2375.0 2283.0 10967.0 45446.237482802884
0.0 6633.0 131.0 566.0 2553.495166264783
9.0 6770.0 58.0 270.0 1144.4551364152853
2.0 4665.0 1118.0 5368.0 22309.89212304122
8.0 6773.0 58.0 260.0 1153.146409689177
0.0 6773.0 62.0 253.0 1134.252077448243
20.0 4272.0 1331.0 6095.0 26456.37676542606
0.0 6773.0 62.0 253.0 1134.252077448243
13.0 6666.0 114.0 460.0 2259.641534004302
0.0 6672.0 108.0 460.0 2200.092797044056
6.0 2250.0 2346.0 11191.0 46578.1613477404
24.0 4281.0 1325.0 6085.0 26366.098814645895
0.0 6642.0 127.0 542.0 2457.2063786034328
8.0 6771.0 57.0 269.0 1145.6330053021795
0.0 6726.0 84.0 353.0 1604.6504556835637
0.0 2253.0 2345.0 11181.0 46548.281942285066
0.0 6766.0 73.0 214.0 1232.6810093695756
0.0 6774.0 56.0 264.0 1109.642986248993
0.0 6772.0 64.0 235.0 1130.7293748611107
0.0 3788.0 1580.0 7296.0 31185.43512161621
0.0 631.0 3160.0 15160.0 62870.83166191104
0.0 630.0 3168.0 15131.0 62845.192486829685
0.0 6776.0 58.0 247.0 1111.9062680871607
0.0 1315.0 2851.0 13286.0 56046.88287175646
0.0 6776.0 60.0 272.0 1108.700026920389
0.0 638.0 3165.0 15090.0 62753.50551659288
0.0 623.0 3168.0 15215.0 62964.031721654785
0.0 1247.0 2869.0 13558.0 56714.76461029109
0.0 633.0 3167.0 15122.0 62812.75534680712
0.0 628.0 3156.0 15234.0 62916.28345263311
0.0 1393.0 2826.0 12990.0 55197.63155910202
