510.0 6471.0 217.0 934.0 4277.006602099322
9.0 1902.0 2527.0 12159.0 50063.26802564287
271.0 5633.0 635.0 2988.0 12602.053743860022
5.0 3970.0 1475.0 6915.0 29332.184620480763
1523.0 6269.0 308.0 1449.0 6212.3616103858385
419.0 6489.0 209.0 862.0 4069.815871473685
8.0 2316.0 2323.0 11095.0 45982.89572309998
42.0 3924.0 1526.0 6822.0 29521.807520053633
4.0 2042.0 2468.0 11654.0 48669.965969384124
31.0 5160.0 878.0 4163.0 17330.94522863189
1281.0 6277.0 302.0 1443.0 6152.376421776741
1397.0 6274.0 303.0 1449.0 6179.501733025449
5.0 5169.0 873.0 4166.0 17240.370070700323
1533.0 6269.0 311.0 1437.0 6211.248984636664
10.0 4753.0 1089.0 5335.0 21428.91682798403
311.0 5629.0 638.0 2995.0 12646.461417709803
49.0 5150.0 884.0 4219.0 17425.262553727905
280.0 6524.0 173.0 847.0 3753.865934691964
10.0 2318.0 2324.0 11081.0 45960.21969171121
433.0 6481.0 216.0 892.0 4185.665190275448
30.0 3903.0 1542.0 6858.0 29715.973675666402
308.0 3282.0 1823.0 8761.0 36007.74050643317
457.0 6475.0 219.0 906.0 4242.913868276104
927.0 5936.0 488.0 2231.0 9615.157953787591
271.0 3040.0 1973.0 9305.0 38585.73344688218
292.0 5626.0 639.0 2992.0 12676.588112243266
21.0 739.0 3122.0 14770.0 61706.52076318151
3.0 2313.0 2324.0 11114.0 46006.76631585849
1539.0 6266.0 310.0 1470.0 6257.372364227628
195.0 6545.0 172.0 765.0 3520.413678481791
19.0 2058.0 2455.0 11647.0 48518.85994354868
19.0 5170.0 867.0 4180.0 17227.46341096032
293.0 3290.0 1820.0 8723.0 35975.475064707774
302.0 3050.0 1966.0 9273.0 38462.75377063778
4.0 1800.0 2587.0 12360.0 51076.058723141825
19.0 5159.0 877.0 4204.0 17332.309143017006
1.0 1062.0 2943.0 14071.0 58534.70060456258
161.0 6562.0 163.0 729.0 3334.168268106847
476.0 5814.0 537.0 2521.0 10620.762983965613
279.0 5633.0 637.0 2978.0 12602.651008223269
9.0 5169.0 872.0 4165.0 17236.90419409598
1.0 2256.0 2353.0 11275.0 46627.312791251905
268.0 3299.0 1814.0 8721.0 35908.66645324163
1249.0 6314.0 287.0 1363.0 5761.0683536190445
510.0 4968.0 971.0 4637.0 19373.041414658615
2.0 2241.0 2351.0 11361.0 46787.1305267881
28.0 5448.0 719.0 3470.0 14430.572979860788
1312.0 6299.0 294.0 1401.0 5959.018083665516
14.0 4502.0 1193.0 5898.0 23698.618609991925
0.0 6641.0 123.0 568.0 2501.0742649903113
16.0 733.0 3128.0 14771.0 61780.91193307638
459.0 5828.0 532.0 2491.0 10499.674366845804
0.0 627.0 3165.0 15186.0 62907.78571350697
942.0 5938.0 489.0 2226.0 9606.847474538325
4.0 2041.0 2467.0 11665.0 48682.9181721606
54.0 2557.0 2204.0 10490.0 43565.2139758051
169.0 5005.0 941.0 4646.0 18915.735006429863
0.0 2289.0 2330.0 11198.0 46256.51463402531
505.0 4960.0 975.0 4665.0 19450.44412381807
33.0 5440.0 727.0 3486.0 14514.452381119612
14.0 734.0 3125.0 14788.0 61766.65253368019
14.0 5167.0 874.0 4153.0 17267.585655532184
922.0 5937.0 489.0 2230.0 9601.038805867658
72.0 6589.0 157.0 629.0 3060.665565366683
1.0 2491.0 2234.0 10715.0 44178.352469911544
512.0 4968.0 968.0 4649.0 19379.445057426594
463.0 5823.0 529.0 2537.0 10543.45894618477
7.0 5169.0 872.0 4167.0 17241.89172765694
3.0 4306.0 1314.0 6166.0 25990.07050975612
22.0 4605.0 1153.0 5462.0 22851.034169355204
14.0 4707.0 1108.0 5210.0 22026.57259404348
18.0 2929.0 2023.0 9585.0 39711.622676723935
1.0 995.0 2980.0 14207.0 59221.210859448576
5.0 1328.0 2849.0 13204.0 55862.59739269157
448.0 5828.0 529.0 2498.0 10523.260671619091
508.0 4960.0 974.0 4670.0 19459.74592472741
12.0 4413.0 1282.0 5770.0 24800.94743726407
454.0 5827.0 529.0 2517.0 10504.738236674426
12.0 2796.0 2088.0 9915.0 41167.331179501576
455.0 5830.0 529.0 2491.0 10486.735209416329
287.0 3294.0 1820.0 8698.0 35942.82970734468
168.0 5007.0 941.0 4645.0 18887.931760856427
9.0 4401.0 1290.0 5789.0 24912.62281855751
12.0 3458.0 1727.0 8340.0 34336.572606685615
503.0 5811.0 541.0 2514.0 10670.059550387768
10.0 6768.0 67.0 232.0 1174.7948305986854
182.0 5571.0 667.0 3129.0 13203.632099300623
269.0 5636.0 635.0 2972.0 12566.024740190674
12.0 4396.0 1291.0 5814.0 24975.086778218232
436.0 6478.0 217.0 896.0 4208.57563244943
11.0 5165.0 875.0 4176.0 17292.03485910968
8.0 2043.0 2467.0 11639.0 48669.65802139537
11.0 4150.0 1434.0 6329.0 27421.329848648264
5.0 5463.0 715.0 3433.0 14269.566139813816
5.0 3968.0 1475.0 6924.0 29359.124964003182
13.0 2800.0 2085.0 9912.0 41134.64924100949
15.0 4605.0 1152.0 5477.0 22852.814913321727
9.0 4303.0 1314.0 6177.0 25992.94210562202
69.0 1586.0 2682.0 12739.0 53265.93475887737
9.0 1554.0 2690.0 12892.0 53618.12730429286
25.0 6608.0 140.0 622.0 2887.2870950333686
879.0 5930.0 492.0 2249.0 9689.952657965647
405.0 6486.0 212.0 883.0 4138.088436674692
3.0 2803.0 2086.0 9887.0 41099.910212408206
9.0 5173.0 867.0 4180.0 17216.98059846413
459.0 5830.0 531.0 2487.0 10494.597402597326
7.0 5169.0 871.0 4176.0 17248.0166333734
1294.0 6308.0 288.0 1379.0 5859.182443266131
1.0 621.0 3164.0 15266.0 62977.93462954515
13.0 5452.0 715.0 3468.0 14399.843446808547
1288.0 6325.0 279.0 1344.0 5675.8173604814565
456.0 5834.0 530.0 2477.0 10438.895102377424
22.0 3906.0 1539.0 6866.0 29692.81108908
32.0 6603.0 149.0 607.0 2931.7220924378053
275.0 6526.0 172.0 840.0 3727.408243197435
194.0 5571.0 668.0 3115.0 13197.73694822386
52.0 6596.0 152.0 620.0 3005.101723602675
53.0 2559.0 2201.0 10499.0 43549.16507224021
937.0 5939.0 488.0 2228.0 9583.908428905017
37.0 2933.0 2020.0 9569.0 39683.40153492093
12.0 5170.0 874.0 4156.0 17229.429445619244
176.0 6553.0 166.0 753.0 3445.601464265076
1233.0 6307.0 287.0 1389.0 5860.515129910701
479.0 5820.0 536.0 2494.0 10575.399376436655
65.0 1583.0 2683.0 12759.0 53287.63271334692
29.0 6605.0 143.0 623.0 2907.8886281702935
256.0 6530.0 174.0 827.0 3673.338766883201
0.0 6619.0 137.0 600.0 2773.3743529883036
409.0 6486.0 201.0 944.0 4120.788955473324
0.0 632.0 3162.0 15124.0 62859.086115597005
14.0 2530.0 2211.0 10596.0 43797.85631326891
8.0 3455.0 1728.0 8355.0 34392.944854865935
8.0 3754.0 1609.0 7245.0 31297.672806893443
1379.0 6281.0 300.0 1427.0 6096.92876327978
1.0 3561.0 1669.0 8032.0 33277.52724559486
16.0 5462.0 716.0 3417.0 14292.696971834957
1265.0 6316.0 282.0 1373.0 5772.7947527961815
264.0 3039.0 1972.0 9316.0 38590.99514824322
272.0 3046.0 1967.0 9312.0 38507.844815245946
20.0 2927.0 2024.0 9585.0 39740.117264507324
7.0 3456.0 1727.0 8354.0 34373.86648931737
282.0 3285.0 1826.0 8739.0 36026.02041867472
1.0 2796.0 2088.0 9914.0 41171.06907757834
3.0 4305.0 1315.0 6167.0 25994.162925528908
43.0 3919.0 1528.0 6829.0 29573.354106787978
458.0 5829.0 530.0 2497.0 10481.870677936558
449.0 5829.0 529.0 2501.0 10490.362619264515
4.0 2043.0 2468.0 11646.0 48668.656689960735
381.0 6493.0 198.0 916.0 4052.3552603931807
2.0 5171.0 871.0 4166.0 17224.33225974136
16.0 2928.0 2023.0 9593.0 39718.29117953688
24.0 3595.0 1703.0 7605.0 33111.53185893151
5.0 5455.0 717.0 3461.0 14362.647761590986
20.0 4607.0 1153.0 5456.0 22835.348658658793
52.0 2557.0 2202.0 10499.0 43563.16249107063
18.0 2935.0 2022.0 9562.0 39656.63441777989
11.0 2528.0 2213.0 10605.0 43823.857591758344
0.0 6771.0 58.0 281.0 1131.097975631113
16.0 4705.0 1110.0 5215.0 22042.784154663277
6.0 4664.0 1129.0 5292.0 22289.20282108127
507.0 4965.0 970.0 4662.0 19399.130528350564
0.0 6762.0 69.0 245.0 1266.64942055531
457.0 5832.0 529.0 2493.0 10470.220462699948
0.0 4153.0 1432.0 6336.0 27387.318902155224
267.0 3299.0 1814.0 8721.0 35913.57096698284
464.0 5828.0 534.0 2484.0 10496.882867669268
189.0 5572.0 667.0 3122.0 13190.404334579553
0.0 2798.0 2087.0 9911.0 41148.44463636012
1.0 1320.0 2855.0 13221.0 55955.91936223407
5.0 5170.0 873.0 4162.0 17224.566874318287
4.0 3970.0 1475.0 6918.0 29339.928826855303
0.0 6723.0 88.0 332.0 1683.0917931655786
459.0 5828.0 530.0 2497.0 10527.74524789168
1.0 1796.0 2591.0 12369.0 51123.671623345064
284.0 3294.0 1818.0 8712.0 35937.231841163
4.0 3462.0 1720.0 8352.0 34331.657677740404
0.0 4756.0 1087.0 5318.0 21393.011055359362
10.0 3682.0 1624.0 7533.0 32152.525160138568
0.0 1897.0 2532.0 12156.0 50113.62915591153
0.0 5174.0 868.0 4166.0 17195.0386140071
3.0 4406.0 1286.0 5792.0 24858.5916954869
6.0 4505.0 1192.0 5888.0 23672.033065465126
187.0 5569.0 668.0 3134.0 13230.451979326392
3.0 3459.0 1725.0 8353.0 34348.405616526354
5.0 4665.0 1129.0 5285.0 22287.50160912128
10.0 4705.0 1109.0 5221.0 22048.00868788475
0.0 2040.0 2468.0 11667.0 48692.392286060756
915.0 5938.0 489.0 2228.0 9603.191767517012
1913.0 6192.0 338.0 1720.0 7012.159022798071
5.0 4412.0 1282.0 5777.0 24815.181113423834
15.0 6612.0 139.0 611.0 2843.604099587847
1.0 4669.0 1128.0 5282.0 22244.56055977815
11.0 5464.0 713.0 3435.0 14256.509154393558
190.0 5567.0 670.0 3128.0 13240.551435377853
5.0 6774.0 66.0 224.0 1144.6695248151696
450.0 5834.0 529.0 2479.0 10443.574127127673
5.0 6771.0 57.0 282.0 1133.1447967205495
3.0 3601.0 1696.0 7638.0 33023.93213531694
549.0 5874.0 518.0 2408.0 10242.59452511331
444.0 5834.0 527.0 2487.0 10447.62869346252
35.0 5438.0 729.0 3487.0 14547.878941841418
10.0 4698.0 1114.0 5219.0 22107.284561252643
0.0 6697.0 101.0 409.0 1910.21245366911
917.0 5937.0 488.0 2238.0 9614.479929163006
114.0 5524.0 683.0 3283.0 13677.999868057594
916.0 5938.0 490.0 2224.0 9612.975997928645
3.0 1551.0 2693.0 12896.0 53646.86466217158
44.0 3917.0 1529.0 6832.0 29588.17279922081
4.0 4673.0 1124.0 5281.0 22217.75856258396
2.0 621.0 3161.0 15275.0 62959.34912720828
912.0 5941.0 487.0 2222.0 9572.627755129728
4.0 4700.0 1112.0 5225.0 22081.16253106472
0.0 1318.0 2857.0 13229.0 55972.34682460415
0.0 4670.0 1128.0 5273.0 22240.852926326206
15.0 6684.0 105.0 441.0 2029.473745956082
6.0 1555.0 2692.0 12880.0 53595.375326069676
3.0 1215.0 2879.0 13632.0 56978.215479988474
7.0 2905.0 2039.0 9637.0 39973.723569650734
2.0 1399.0 2819.0 13028.0 55167.22766234149
9.0 2526.0 2215.0 10606.0 43852.60801748319
10.0 4610.0 1152.0 5456.0 22801.673818547788
5.0 4702.0 1112.0 5224.0 22065.41812195168
5.0 4154.0 1434.0 6313.0 27383.291132027247
182.0 5572.0 667.0 3124.0 13195.348059519207
0.0 6771.0 62.0 244.0 1163.1605472010194
108.0 5525.0 685.0 3272.0 13666.815484869829
3.0 4408.0 1285.0 5788.0 24843.63985409803
38.0 3920.0 1528.0 6832.0 29562.88541580199
1.0 1210.0 2883.0 13641.0 57039.65318331748
4.0 6774.0 65.0 225.0 1146.5104504042063
8.0 5459.0 713.0 3460.0 14312.76240677552
4.0 3753.0 1610.0 7250.0 31310.08092929744
25.0 5445.0 725.0 3470.0 14464.03697376312
1.0 995.0 2980.0 14207.0 59221.210859448576
0.0 6645.0 124.0 549.0 2454.8019233743635
0.0 4510.0 1190.0 5886.0 23631.694426338625
4.0 3753.0 1609.0 7256.0 31301.510969754436
5.0 3691.0 1619.0 7509.0 32084.828630882515
2.0 4124.0 1430.0 6483.0 27779.460899324597
0.0 6691.0 103.0 425.0 1961.2531625895372
2.0 3752.0 1611.0 7251.0 31327.046937163683
6.0 4304.0 1314.0 6177.0 25993.316329484456
3.0 2522.0 2218.0 10617.0 43898.41575228193
11.0 2923.0 2026.0 9605.0 39780.11833562107
4.0 1806.0 2587.0 12328.0 51031.27713270816
0.0 6751.0 73.0 275.0 1351.0922393851727
7.0 4150.0 1435.0 6321.0 27420.371258935713
6.0 5463.0 714.0 3436.0 14277.19412283826
5.0 5465.0 714.0 3428.0 14253.199219433644
0.0 791.0 3091.0 14761.0 61238.93157401654
5.0 3687.0 1622.0 7520.0 32119.3882080368
0.0 3754.0 1609.0 7251.0 31303.61948703081
0.0 2492.0 2233.0 10710.0 44177.99655461519
2.0 622.0 3164.0 15242.0 62958.12726224194
0.0 4412.0 1282.0 5783.0 24813.16753479224
2.0 1106.0 2936.0 13885.0 58104.808597135976
16.0 3926.0 1524.0 6853.0 29510.589611022217
3.0 6775.0 64.0 234.0 1131.2301991405318
0.0 1393.0 2822.0 13046.0 55214.51447796148
1.0 3562.0 1669.0 8022.0 33255.15354831774
0.0 1798.0 2591.0 12357.0 51110.61099839933
0.0 6775.0 66.0 227.0 1123.2688328344216
4.0 5464.0 714.0 3437.0 14265.41451937948
0.0 5461.0 714.0 3452.0 14293.190601753375
0.0 4700.0 1112.0 5234.0 22090.13376854329
0.0 2314.0 2324.0 11118.0 45999.05013767407
0.0 6770.0 67.0 226.0 1160.5591191325716
4.0 2913.0 2032.0 9631.0 39881.75213964974
0.0 6667.0 111.0 505.0 2206.1842725849415
0.0 5462.0 713.0 3452.0 14288.08478142159
0.0 6772.0 57.0 281.0 1124.1865377469092
2.0 6774.0 65.0 228.0 1144.7002338842435
0.0 3562.0 1669.0 8023.0 33264.07824247955
0.0 6776.0 64.0 224.0 1124.630313798612
3.0 1546.0 2696.0 12907.0 53693.470097692894
0.0 6619.0 137.0 600.0 2773.3743529883036
1.0 3915.0 1531.0 6886.0 29603.250103871876
0.0 639.0 3170.0 15076.0 62761.49426943285
0.0 6767.0 65.0 242.0 1193.9787918048119
0.0 4208.0 1383.0 6375.0 26840.070341683775
0.0 4153.0 1432.0 6336.0 27387.318902155224
0.0 6774.0 58.0 277.0 1132.094385607762
0.0 6772.0 63.0 249.0 1126.5243101848835
0.0 1187.0 2888.0 13743.0 57228.26571700328
0.0 6767.0 68.0 236.0 1212.615455761711
0.0 6759.0 65.0 276.0 1268.84799413209
0.0 3562.0 1669.0 8023.0 33264.07824247955
0.0 6770.0 61.0 264.0 1153.2450112937788
0.0 4499.0 1211.0 5750.0 23985.378064776356
0.0 6774.0 59.0 274.0 1118.888164524969
0.0 6766.0 58.0 301.0 1217.0861110784092
0.0 6776.0 64.0 224.0 1124.630313798612
0.0 993.0 2980.0 14222.0 59240.42004662233
0.0 616.0 3166.0 15275.0 63027.345130120266
0.0 641.0 3167.0 15085.0 62731.57690807062
0.0 3603.0 1696.0 7633.0 33010.309992695155
0.0 625.0 3166.0 15196.0 62931.86959462944
