17.0 773.0 3095.0 14695.0 61442.43566012427
1666.0 5871.0 503.0 2521.0 10096.2295969633
767.0 3221.0 1880.0 8583.0 36772.416858853576
1250.0 6338.0 281.0 1335.0 5485.179431722248
1530.0 6018.0 431.0 2102.0 8644.140204240315
1725.0 5870.0 512.0 2470.0 10107.368883717227
2008.0 5566.0 665.0 3193.0 13130.876695600988
7.0 4656.0 1132.0 5400.0 22472.313458886878
835.0 5321.0 790.0 3863.0 15684.200180015756
1982.0 5574.0 655.0 3213.0 13056.067487396054
1314.0 5391.0 765.0 3605.0 15098.66231674971
1642.0 5894.0 497.0 2423.0 9855.014234167009
425.0 6514.0 195.0 859.0 3758.7307751260137
28.0 4404.0 1243.0 5984.0 24780.617697143578
1285.0 6318.0 293.0 1328.0 5666.425109369936
252.0 6563.0 173.0 689.0 3257.4463545815074
1338.0 5442.0 744.0 3453.0 14593.779721708845
1198.0 5314.0 816.0 3806.0 15845.166578193961
15.0 6641.0 125.0 556.0 2483.14404254411
53.0 3471.0 1760.0 7960.0 34143.13817295414
1735.0 5867.0 506.0 2523.0 10137.906403958486
355.0 6525.0 190.0 817.0 3650.5829891464628
1519.0 6048.0 417.0 2015.0 8397.391270503673
1178.0 6366.0 269.0 1250.0 5169.448417382124
938.0 6437.0 234.0 1087.0 4488.1046148605
1236.0 6347.0 276.0 1298.0 5396.271706636744
838.0 5316.0 792.0 3881.0 15728.203519852112
12.0 4494.0 1201.0 5813.0 23929.129769996645
19.0 777.0 3090.0 14710.0 61389.82428017814
1450.0 6057.0 417.0 2022.0 8265.696443783674
1492.0 6040.0 424.0 2042.0 8466.425667677135
359.0 6526.0 188.0 822.0 3652.093184445361
1661.0 5887.0 501.0 2430.0 9937.228702184235
31.0 2843.0 2074.0 9758.0 40620.78624647251
0.0 724.0 3132.0 14799.0 61838.87080108753
1443.0 6059.0 412.0 2046.0 8255.11737804823
1513.0 6020.0 432.0 2109.0 8639.638600393431
1172.0 5274.0 831.0 3932.0 16314.76285700496
1521.0 6021.0 432.0 2107.0 8650.954368862345
20.0 2299.0 2325.0 11113.0 46063.325448555646
1471.0 6060.0 412.0 2032.0 8233.431892725006
5.0 2565.0 2193.0 10578.0 43494.84519888615
13.0 6640.0 120.0 589.0 2491.7443657030726
2009.0 5568.0 663.0 3191.0 13097.134149021782
44.0 1465.0 2786.0 12834.0 54381.37203651117
1.0 623.0 3170.0 15115.0 62928.78171732527
245.0 6565.0 173.0 698.0 3229.1980130573347
1448.0 6060.0 413.0 2029.0 8240.427543183829
209.0 6575.0 162.0 688.0 3116.9016760737163
789.0 3218.0 1884.0 8554.0 36816.249009647465
167.0 6588.0 156.0 670.0 2992.576946766431
428.0 6515.0 193.0 842.0 3730.8791748972308
5.0 1735.0 2618.0 12452.0 51876.318017121186
389.0 3378.0 1800.0 8257.0 35075.321262760655
36.0 1747.0 2610.0 12407.0 51741.5308932418
1257.0 6337.0 282.0 1330.0 5490.86235185797
797.0 3219.0 1882.0 8575.0 36812.188111030104
27.0 4233.0 1329.0 6328.0 26668.100725003573
1.0 1367.0 2837.0 13093.0 55523.45565284839
1473.0 6059.0 415.0 2020.0 8234.889547000947
4.0 2514.0 2222.0 10672.0 43940.210385433835
458.0 6511.0 196.0 859.0 3790.109227010657
1996.0 5576.0 656.0 3192.0 13030.528609484798
350.0 6529.0 189.0 803.0 3618.653444561302
438.0 6514.0 193.0 842.0 3741.5843366670333
2.0 622.0 3169.0 15125.0 62936.69672211145
418.0 6517.0 194.0 837.0 3727.6044698588016
1994.0 5571.0 660.0 3197.0 13082.62954103026
0.0 3834.0 1541.0 7229.0 30758.583902885555
30.0 4057.0 1447.0 6531.0 28345.776436221444
0.0 6764.0 70.0 243.0 1228.2996151550844
1307.0 5393.0 765.0 3586.0 15087.09116118567
9.0 1445.0 2790.0 12940.0 54627.340192110416
16.0 3771.0 1576.0 7379.0 31294.16678002177
17.0 4879.0 1016.0 4910.0 20133.752751518106
1645.0 5877.0 500.0 2504.0 10046.965173871231
6.0 4051.0 1450.0 6569.0 28425.600738258036
5.0 4045.0 1457.0 6566.0 28487.631789220464
6.0 3482.0 1742.0 8031.0 34012.69732666862
1248.0 6340.0 279.0 1335.0 5464.667673152048
10.0 3898.0 1537.0 6972.0 29910.059315056715
29.0 2845.0 2074.0 9746.0 40616.39935804001
9.0 6766.0 61.0 267.0 1189.8002000060671
35.0 4893.0 1019.0 4836.0 19980.996860339153
1300.0 5385.0 770.0 3615.0 15167.039950450962
1169.0 6370.0 268.0 1237.0 5134.4106797833065
13.0 3546.0 1678.0 8010.0 33440.656960051216
4.0 3482.0 1745.0 8021.0 34015.07719182331
27.0 2840.0 2085.0 9726.0 40642.498384879706
1640.0 5897.0 495.0 2422.0 9826.886606816879
1499.0 6027.0 427.0 2097.0 8583.561263374912
6.0 2195.0 2368.0 11429.0 47105.67391121795
560.0 2968.0 2003.0 9247.0 39312.77489376254
1304.0 5386.0 769.0 3599.0 15166.05503888456
15.0 4239.0 1327.0 6316.0 26609.690537784954
1318.0 5391.0 761.0 3613.0 15104.52609575012
10.0 4891.0 1015.0 4864.0 20037.07201475594
34.0 4060.0 1445.0 6530.0 28312.970245666096
3.0 2205.0 2365.0 11407.0 46990.179445025526
545.0 2960.0 2003.0 9279.0 39412.765042542545
891.0 6445.0 234.0 1054.0 4392.842295836787
1180.0 5277.0 831.0 3931.0 16271.438947895585
557.0 2970.0 2001.0 9248.0 39305.938617511034
1652.0 5878.0 499.0 2522.0 10046.89476531047
10.0 4893.0 1012.0 4871.0 20016.90852369955
14.0 3774.0 1577.0 7356.0 31257.751861664714
786.0 3223.0 1880.0 8556.0 36764.801063127365
1435.0 6064.0 411.0 2017.0 8195.463282723396
541.0 2961.0 2004.0 9269.0 39404.8301516977
24.0 4898.0 1011.0 4857.0 19963.61826884807
14.0 4894.0 1010.0 4872.0 20009.403262422515
3.0 4425.0 1234.0 5963.0 24561.297235379352
4.0 2512.0 2222.0 10660.0 44043.79931517442
0.0 6770.0 61.0 251.0 1132.6130665334797
39.0 1465.0 2780.0 12884.0 54388.85604949232
1711.0 5875.0 509.0 2453.0 10063.285810666239
22.0 1746.0 2610.0 12423.0 51758.4486806215
549.0 2967.0 2003.0 9257.0 39338.297451717175
52.0 6629.0 136.0 553.0 2583.7230513633
7.0 6768.0 60.0 265.0 1167.5482026897369
27.0 4891.0 1007.0 4898.0 20045.686480759516
1693.0 5913.0 490.0 2339.0 9637.644263391327
1309.0 5391.0 765.0 3599.0 15123.464544932333
1226.0 6350.0 273.0 1298.0 5358.522604480313
1160.0 6373.0 266.0 1236.0 5106.733831273222
42.0 3472.0 1758.0 7976.0 34135.53125729704
26.0 4885.0 1020.0 4852.0 20084.1969626397
784.0 3221.0 1881.0 8569.0 36783.30326888856
13.0 830.0 3063.0 14637.0 60790.625165838246
8.0 4895.0 1012.0 4861.0 19988.11443502181
1203.0 5312.0 822.0 3774.0 15884.725833992656
49.0 3472.0 1762.0 7965.0 34141.1265168733
4.0 2718.0 2119.0 10134.0 41926.105574213114
2.0 3627.0 1627.0 7862.0 32707.97233125002
40.0 1460.0 2784.0 12875.0 54448.482009846215
69.0 2006.0 2479.0 11825.0 48987.84772981065
833.0 5324.0 788.0 3869.0 15655.208255470556
28.0 4896.0 1009.0 4863.0 19999.775552952982
22.0 4408.0 1242.0 5983.0 24741.618577643472
22.0 4885.0 1018.0 4856.0 20087.78513272284
0.0 2509.0 2224.0 10669.0 44078.44729370374
0.0 3673.0 1647.0 7520.0 32323.66959106214
1176.0 5287.0 830.0 3893.0 16185.326829479334
26.0 4896.0 1016.0 4833.0 19973.850933346333
7.0 1012.0 2973.0 14128.0 59091.17661278306
9.0 4665.0 1129.0 5387.0 22363.03602379549
1.0 3675.0 1647.0 7512.0 32308.8576151927
11.0 1079.0 2947.0 13966.0 58330.11579624145
20.0 4887.0 1014.0 4869.0 20057.20745005877
2.0 2202.0 2367.0 11402.0 47025.625880001855
10.0 4653.0 1136.0 5388.0 22493.764427322472
22.0 4411.0 1240.0 5976.0 24709.053425073485
1313.0 5384.0 767.0 3617.0 15182.69777481684
27.0 2836.0 2080.0 9757.0 40694.894995921844
2.0 4663.0 1129.0 5402.0 22391.755528196387
1634.0 5899.0 495.0 2413.0 9813.553952433464
21.0 4889.0 1019.0 4842.0 20055.040708476914
18.0 4896.0 1011.0 4864.0 19982.379486500504
0.0 6769.0 67.0 239.0 1187.7243083525163
16.0 1956.0 2496.0 12003.0 49453.20013697246
1335.0 5445.0 742.0 3452.0 14567.015040090866
36.0 4895.0 1015.0 4844.0 19976.30821755615
1.0 1728.0 2620.0 12479.0 51944.09358706858
0.0 4499.0 1202.0 5794.0 23898.371025403783
3.0 621.0 3170.0 15125.0 62948.640003367946
20.0 2842.0 2076.0 9753.0 40638.99621208313
1180.0 5283.0 829.0 3916.0 16218.80427143361
24.0 2838.0 2081.0 9747.0 40685.62227883118
1.0 3483.0 1743.0 8022.0 33999.98561758966
21.0 4894.0 1015.0 4849.0 19994.67607979908
1640.0 5885.0 496.0 2484.0 9964.841811502205
0.0 3905.0 1532.0 6980.0 29837.087135523438
11.0 6767.0 60.0 265.0 1183.2497764193772
4.0 2726.0 2115.0 10114.0 41843.64100759196
9.0 2721.0 2121.0 10099.0 41900.080542073345
0.0 2769.0 2098.0 10029.0 41390.72419546925
1309.0 5391.0 764.0 3609.0 15103.887183908546
45.0 4061.0 1447.0 6513.0 28295.708396080332
3.0 1006.0 2975.0 14154.0 59147.552734055396
1.0 3907.0 1531.0 6973.0 29808.063727046312
16.0 4888.0 1018.0 4852.0 20056.453928579915
7.0 4653.0 1132.0 5416.0 22509.125895170964
0.0 6646.0 122.0 551.0 2425.3899013768237
14.0 4883.0 1015.0 4892.0 20100.800894314292
1197.0 5311.0 819.0 3804.0 15883.65091798058
1307.0 5393.0 762.0 3609.0 15091.42076206854
8.0 2725.0 2118.0 10095.0 41857.99712357615
1177.0 5287.0 830.0 3893.0 16185.295741364547
0.0 6645.0 119.0 580.0 2437.692510489676
383.0 3380.0 1797.0 8259.0 35069.63812077187
0.0 4105.0 1368.0 6941.0 27852.46335292691
1995.0 5575.0 656.0 3197.0 13039.0258616635
17.0 2300.0 2323.0 11111.0 46064.63890200113
6.0 6767.0 59.0 278.0 1182.003221309861
1.0 1729.0 2619.0 12480.0 51928.38548667445
0.0 4571.0 1173.0 5628.0 23314.766507514036
0.0 6772.0 58.0 280.0 1141.9366412634279
16.0 2294.0 2326.0 11127.0 46131.69556883409
1500.0 6058.0 412.0 2004.0 8298.396322439932
3.0 1942.0 2499.0 12066.0 49610.68997213108
49.0 6629.0 137.0 558.0 2588.7423428506354
10.0 1734.0 2618.0 12452.0 51873.49577878879
542.0 2960.0 2005.0 9273.0 39416.27047045495
22.0 4893.0 1012.0 4857.0 20028.721955525387
15.0 2841.0 2082.0 9743.0 40622.80215568375
13.0 4895.0 1009.0 4872.0 20000.423039859106
7.0 2198.0 2368.0 11405.0 47074.206284797205
0.0 4573.0 1172.0 5626.0 23297.898927330367
1307.0 5395.0 763.0 3595.0 15071.665776928745
8.0 635.0 3163.0 15074.0 62817.01370890392
146.0 6597.0 153.0 633.0 2911.268055402384
7.0 4497.0 1206.0 5783.0 23910.73507176484
0.0 2720.0 2120.0 10121.0 41910.15919334299
0.0 6772.0 59.0 260.0 1157.2988667377663
0.0 6647.0 126.0 523.0 2421.34305775194
13.0 4881.0 1015.0 4905.0 20120.666041189572
18.0 4894.0 1011.0 4861.0 20018.914753944748
11.0 4894.0 1011.0 4877.0 20005.393171700583
1997.0 5576.0 656.0 3192.0 13023.000536383775
1991.0 5577.0 655.0 3197.0 13015.18252913664
1179.0 5301.0 825.0 3839.0 16036.742370876695
2.0 621.0 3171.0 15120.0 62949.82036397621
13.0 2294.0 2326.0 11136.0 46116.75029693603
4.0 6765.0 68.0 243.0 1221.8829961308131
1990.0 5578.0 654.0 3197.0 13006.548029211497
0.0 2196.0 2370.0 11420.0 47099.00153696732
1541.0 6069.0 407.0 1976.0 8165.046718866193
6.0 4254.0 1319.0 6296.0 26459.441625018153
4.0 6712.0 91.0 380.0 1742.7524313675167
1191.0 5316.0 818.0 3784.0 15832.02037098107
0.0 6772.0 58.0 280.0 1141.9366412634279
1.0 3907.0 1531.0 6971.0 29810.57024890886
0.0 4427.0 1232.0 5966.0 24545.58106701388
1562.0 6075.0 403.0 1968.0 8099.9432193881885
12.0 3549.0 1677.0 8010.0 33415.94254383296
4.0 4656.0 1133.0 5399.0 22471.529601297436
0.0 4499.0 1202.0 5794.0 23898.371025403783
13.0 3775.0 1574.0 7371.0 31251.050361176985
1.0 3481.0 1745.0 8022.0 34033.90228618644
4.0 4250.0 1320.0 6311.0 26494.629868238095
6.0 4660.0 1133.0 5381.0 22432.101210073215
3.0 4892.0 1012.0 4879.0 20028.275701848168
4.0 6765.0 70.0 231.0 1221.5571592001133
12.0 2293.0 2326.0 11144.0 46122.186661565145
0.0 1002.0 2976.0 14180.0 59193.94370027921
2.0 4660.0 1132.0 5392.0 22433.2103871305
3.0 752.0 3106.0 14766.0 61675.0419461175
0.0 6767.0 70.0 229.0 1200.7073203060504
0.0 6734.0 80.0 313.0 1562.1719345848373
35.0 6635.0 134.0 543.0 2529.8036565227867
5.0 1443.0 2791.0 12952.0 54648.12112713215
0.0 619.0 3172.0 15125.0 62977.49416663982
0.0 2511.0 2224.0 10683.0 43975.725986563084
0.0 6645.0 119.0 580.0 2437.692510489676
0.0 4893.0 1012.0 4872.0 20019.465023663222
12.0 4055.0 1449.0 6546.0 28374.317729492966
16.0 6767.0 59.0 276.0 1177.7374791375375
0.0 2562.0 2195.0 10592.0 43521.72131546296
0.0 1364.0 2838.0 13104.0 55549.64332229178
4.0 1945.0 2496.0 12061.0 49583.14245387332
0.0 6714.0 89.0 380.0 1718.451046960057
9.0 1949.0 2498.0 12013.0 49556.88509674403
2.0 6769.0 62.0 257.0 1173.510311472046
2.0 4048.0 1455.0 6565.0 28455.82900734874
6.0 4050.0 1450.0 6571.0 28431.539677292807
5.0 6769.0 59.0 265.0 1158.5693799822577
6.0 622.0 3172.0 15095.0 62944.96793956887
3.0 4251.0 1320.0 6307.0 26477.457280234757
6.0 4249.0 1322.0 6300.0 26519.49159903585
6.0 4252.0 1319.0 6305.0 26466.465757109745
1.0 3641.0 1639.0 7720.0 32645.506353282948
1.0 621.0 3170.0 15125.0 62955.73229920048
4.0 1071.0 2950.0 13990.0 58421.328911986166
7.0 1952.0 2497.0 12016.0 49498.30061018988
0.0 6757.0 73.0 250.0 1307.8984913818188
7.0 3899.0 1537.0 6969.0 29895.28863340367
0.0 4252.0 1320.0 6304.0 26470.24636003603
4.0 1143.0 2911.0 13869.0 57693.85628044527
0.0 1335.0 2847.0 13212.0 55800.60462910615
2.0 3770.0 1573.0 7422.0 31320.23230339552
0.0 6691.0 106.0 405.0 2018.9859457675743
0.0 4427.0 1232.0 5966.0 24545.58106701388
0.0 6772.0 63.0 246.0 1134.5660935523301
0.0 1330.0 2850.0 13221.0 55851.1868106304
0.0 6772.0 58.0 280.0 1141.9366412634279
0.0 619.0 3172.0 15125.0 62977.49416663982
0.0 6757.0 73.0 250.0 1307.8984913818188
0.0 618.0 3171.0 15205.0 62995.570553438636
0.0 6770.0 58.0 265.0 1152.222990045021
0.0 6776.0 60.0 253.0 1110.4884724052968
0.0 1139.0 2913.0 13885.0 57740.769555174375
0.0 3672.0 1647.0 7530.0 32328.792989343674
0.0 3629.0 1628.0 7850.0 32691.222583665753
0.0 6772.0 59.0 260.0 1157.2988667377663
0.0 6769.0 61.0 264.0 1181.2021747357635
