11.0 4550.0 1190.0 5527.0 23560.8645264881
49.0 2049.0 2455.0 11614.0 48670.40283529197
4.0 621.0 3168.0 15221.0 62984.37650080965
23.0 4015.0 1464.0 6714.0 28655.186599028148
1200.0 6446.0 248.0 945.0 4407.5342371601155
314.0 4956.0 1056.0 4103.0 19283.945914595337
126.0 6575.0 163.0 716.0 3118.692213521936
20.0 2747.0 2112.0 10071.0 41620.319678196254
1964.0 5984.0 452.0 2261.0 9058.791541239047
216.0 6567.0 166.0 730.0 3204.665781722053
327.0 4951.0 1064.0 4083.0 19341.56930201411
1141.0 6456.0 237.0 932.0 4360.309785012277
1669.0 5430.0 737.0 3659.0 14607.513652887166
26.0 3603.0 1684.0 7697.0 32781.10413999876
0.0 4381.0 1293.0 5983.0 25267.584702302815
11.0 644.0 3154.0 15086.0 62745.267817336615
0.0 2519.0 2226.0 10606.0 43862.869089711734
1668.0 5412.0 744.0 3702.0 14790.855078307077
1287.0 5714.0 583.0 3019.0 11822.128845226162
15.0 3733.0 1633.0 7224.0 31651.836618992616
2089.0 5985.0 446.0 2291.0 9019.296540501275
2.0 4738.0 1122.0 4994.0 21455.283539787066
1255.0 5717.0 582.0 3001.0 11779.259290826998
321.0 4955.0 1060.0 4079.0 19310.295094752535
911.0 6505.0 197.0 843.0 3827.759385639014
1159.0 6455.0 234.0 950.0 4370.778864472659
5.0 2236.0 2359.0 11324.0 46673.86464732493
186.0 6573.0 161.0 745.0 3191.4228486582037
1167.0 6455.0 236.0 936.0 4375.350289087655
0.0 4568.0 1194.0 5478.0 23292.757607024872
1960.0 5987.0 448.0 2264.0 9005.340316449106
906.0 6506.0 194.0 853.0 3813.2449052613993
20.0 4015.0 1463.0 6715.0 28666.244123856257
1138.0 6459.0 233.0 936.0 4339.54641834438
6.0 3880.0 1538.0 7038.0 30064.676410495144
330.0 4959.0 1055.0 4084.0 19263.70009483589
10.0 6688.0 105.0 406.0 2016.2826873337972
39.0 6597.0 151.0 675.0 2902.9686383240582
171.0 3323.0 1799.0 8585.0 35705.91448084309
1222.0 6444.0 246.0 970.0 4428.021750623358
150.0 5055.0 934.0 4540.0 18466.980938579065
11.0 2739.0 2117.0 10067.0 41706.551620585655
1216.0 6447.0 245.0 950.0 4395.689271216965
33.0 3787.0 1524.0 7576.0 30998.927201171507
19.0 6757.0 67.0 265.0 1304.9738181084629
180.0 3322.0 1798.0 8587.0 35728.15409662285
1258.0 5743.0 565.0 2964.0 11527.956249821851
1242.0 5735.0 573.0 2955.0 11609.153700622055
101.0 6585.0 153.0 719.0 3030.1287247626456
102.0 6587.0 161.0 655.0 3012.0606628343576
7.0 3840.0 1566.0 7106.0 30376.866694613444
1953.0 5990.0 448.0 2239.0 8979.11159142657
35.0 3788.0 1524.0 7567.0 30996.777158343644
4.0 723.0 3126.0 14835.0 61859.49595184243
1.0 4640.0 1137.0 5371.0 22608.290570770707
1268.0 5273.0 850.0 3695.0 16260.77382474427
1148.0 6457.0 236.0 936.0 4353.685418170392
27.0 6603.0 153.0 630.0 2859.0903157793387
334.0 4950.0 1065.0 4084.0 19338.786724921676
1278.0 5715.0 580.0 3021.0 11818.817239431624
12.0 4634.0 1140.0 5374.0 22662.52058134051
6.0 4150.0 1411.0 6413.0 27299.825494668035
34.0 3778.0 1524.0 7630.0 31089.030751844326
1269.0 5273.0 849.0 3702.0 16275.830331570145
5.0 4859.0 1037.0 4817.0 20293.07857643354
171.0 5058.0 934.0 4533.0 18441.375652308423
10.0 3531.0 1702.0 7927.0 33705.1261146302
3.0 4434.0 1234.0 5965.0 24385.10877586703
35.0 2551.0 2199.0 10540.0 43640.33615181522
157.0 5056.0 930.0 4566.0 18452.8691972396
7.0 3003.0 1988.0 9428.0 39010.88539526004
2.0 1664.0 2670.0 12473.0 52564.552897389614
1198.0 6452.0 243.0 936.0 4347.3619200514995
170.0 3318.0 1804.0 8593.0 35775.854850844196
9.0 3007.0 1986.0 9419.0 38971.60429078059
6.0 4555.0 1188.0 5518.0 23513.507900761517
14.0 2740.0 2115.0 10077.0 41700.952757247134
27.0 4984.0 956.0 4746.0 19124.42789996245
1260.0 5277.0 848.0 3689.0 16231.957187917225
2120.0 5994.0 442.0 2248.0 8918.680043426832
1949.0 5993.0 446.0 2238.0 8952.824720934626
47.0 6594.0 150.0 692.0 2942.746997189197
24.0 6606.0 149.0 630.0 2829.721310005736
37.0 2551.0 2197.0 10550.0 43637.912945980555
1.0 4443.0 1235.0 5923.0 24297.652669883388
13.0 3006.0 1981.0 9437.0 38984.14994129754
2126.0 5998.0 440.0 2244.0 8881.790354693208
4.0 6773.0 59.0 271.0 1139.747574650207
1674.0 5411.0 744.0 3696.0 14788.743230446644
2124.0 5990.0 443.0 2257.0 8964.637252344834
325.0 4959.0 1057.0 4077.0 19265.63083580707
9.0 1354.0 2839.0 13132.0 55583.33618310016
63.0 6597.0 153.0 637.0 2913.0521212064987
19.0 4016.0 1463.0 6714.0 28652.25203493142
136.0 6577.0 162.0 715.0 3124.513375359917
3.0 641.0 3153.0 15102.0 62768.37237693907
21.0 2046.0 2455.0 11632.0 48726.94032951257
5.0 4672.0 1132.0 5259.0 22170.000551245215
2088.0 5985.0 445.0 2298.0 9015.751791305262
11.0 4991.0 959.0 4729.0 19064.99562530778
837.0 5156.0 879.0 4356.0 17468.55516888773
9.0 3001.0 1988.0 9443.0 39035.1074859697
11.0 4157.0 1406.0 6414.0 27216.359782468673
100.0 6581.0 161.0 695.0 3054.330577998579
1263.0 5719.0 579.0 3002.0 11754.895366517583
19.0 1733.0 2659.0 12174.0 51787.75805980534
9.0 3008.0 1984.0 9425.0 38977.051875796555
5.0 616.0 3183.0 15157.0 62998.95456490985
1261.0 5740.0 572.0 2922.0 11537.293679742603
14.0 1080.0 2940.0 13964.0 58340.66103588611
436.0 2850.0 2034.0 9884.0 40504.56481142379
0.0 4639.0 1137.0 5371.0 22608.985252935814
7.0 2999.0 1990.0 9444.0 39061.99439651711
314.0 4957.0 1056.0 4094.0 19277.61718673737
12.0 1074.0 2946.0 13950.0 58411.9003457173
1240.0 5741.0 570.0 2946.0 11546.36181651723
18.0 4427.0 1238.0 5974.0 24472.551641138467
2120.0 5997.0 439.0 2253.0 8892.16463175754
3.0 725.0 3123.0 14843.0 61832.527844030024
2125.0 5991.0 442.0 2254.0 8953.458269095716
1268.0 5733.0 577.0 2926.0 11624.548218367361
1262.0 5741.0 572.0 2914.0 11523.257818435231
4.0 3004.0 1987.0 9431.0 39003.30502431487
58.0 6672.0 112.0 425.0 2160.6471654998018
11.0 3732.0 1634.0 7222.0 31664.27826127013
5.0 3003.0 1985.0 9443.0 38999.8848704658
322.0 4960.0 1057.0 4063.0 19256.37468027653
2127.0 5997.0 443.0 2238.0 8888.962398608579
174.0 3318.0 1799.0 8622.0 35762.88916399422
12.0 4010.0 1467.0 6727.0 28744.04856994286
3.0 2236.0 2359.0 11322.0 46680.22618280086
6.0 4153.0 1408.0 6420.0 27247.200410252888
28.0 4836.0 1113.0 4506.0 20539.70378353311
2123.0 5996.0 439.0 2264.0 8907.971339690197
11.0 6761.0 70.0 249.0 1239.4487898384139
17.0 6603.0 150.0 655.0 2850.2174595938
5.0 3005.0 1986.0 9433.0 39005.9474284005
0.0 4680.0 1131.0 5227.0 22102.072682791866
1261.0 5739.0 574.0 2922.0 11548.675839959515
0.0 2737.0 2118.0 10080.0 41728.342787431066
174.0 3320.0 1803.0 8585.0 35747.30899579154
1661.0 5431.0 733.0 3676.0 14612.293592680231
21.0 2538.0 2205.0 10571.0 43763.7849041945
0.0 4558.0 1184.0 5526.0 23483.26676675479
21.0 3466.0 1735.0 8105.0 34446.16685948492
0.0 4154.0 1409.0 6405.0 27241.85307084334
5.0 6769.0 60.0 266.0 1188.3520670870473
159.0 5058.0 931.0 4554.0 18441.42545732308
2112.0 5996.0 442.0 2240.0 8907.911943671954
152.0 5055.0 932.0 4559.0 18462.625996927607
36.0 6603.0 151.0 626.0 2858.596576546261
5.0 642.0 3154.0 15098.0 62760.271786864025
18.0 3536.0 1698.0 7910.0 33650.45687585146
16.0 2042.0 2457.0 11642.0 48762.017134076
1663.0 5414.0 742.0 3702.0 14770.363291361879
7.0 4012.0 1465.0 6732.0 28725.935919139538
1260.0 5741.0 573.0 2920.0 11533.040905531114
6.0 890.0 3044.0 14424.0 60153.11116237939
0.0 4860.0 1036.0 4817.0 20279.099411161264
0.0 614.0 3168.0 15278.0 63052.05757584947
1261.0 5723.0 577.0 2997.0 11718.520590229704
846.0 5156.0 876.0 4368.0 17473.386015789478
28.0 1367.0 2835.0 13067.0 55440.79339835216
1664.0 5431.0 736.0 3662.0 14599.086458385882
2.0 2383.0 2272.0 11051.0 45300.17591676348
2114.0 6000.0 438.0 2245.0 8863.84376888671
3.0 1721.0 2660.0 12241.0 51895.28916606389
0.0 6774.0 59.0 269.0 1128.9098076648993
137.0 5052.0 932.0 4587.0 18481.557611389977
13.0 6608.0 149.0 627.0 2804.117147348103
29.0 1844.0 2597.0 11935.0 50687.423447141104
1258.0 5739.0 568.0 2955.0 11556.04973211681
21.0 4836.0 1112.0 4513.0 20542.820827787633
1255.0 5742.0 568.0 2945.0 11537.249977938272
9.0 3725.0 1636.0 7264.0 31720.507132262384
6.0 2028.0 2464.0 11694.0 48886.36297573465
20.0 4986.0 957.0 4750.0 19095.921471153502
6.0 3730.0 1634.0 7248.0 31686.432930935985
1.0 1002.0 2969.0 14238.0 59162.90357681746
9.0 3477.0 1728.0 8082.0 34322.139177969955
8.0 1833.0 2600.0 11987.0 50791.89591532489
1.0 2235.0 2361.0 11319.0 46683.29923417026
20.0 3467.0 1734.0 8105.0 34434.54874484583
4.0 4016.0 1463.0 6730.0 28661.88837701754
25.0 6738.0 78.0 295.0 1515.7268535556818
0.0 6777.0 60.0 256.0 1114.4349096974395
4.0 4015.0 1467.0 6717.0 28682.401047257994
2.0 3877.0 1538.0 7055.0 30106.7816887325
19.0 6759.0 71.0 250.0 1269.2522374731318
1657.0 5433.0 735.0 3654.0 14578.010562321737
32.0 6680.0 108.0 415.0 2087.6343090616992
1264.0 5739.0 573.0 2920.0 11556.063000952392
834.0 5155.0 878.0 4363.0 17482.39232626587
29.0 6681.0 108.0 414.0 2073.7621725689646
0.0 3001.0 1987.0 9447.0 39037.84857422162
0.0 6770.0 61.0 261.0 1184.0399845017769
4.0 4445.0 1234.0 5915.0 24280.76856220961
0.0 4559.0 1184.0 5522.0 23482.063263690998
2.0 618.0 3180.0 15170.0 62986.45373727242
5.0 1071.0 2945.0 13989.0 58426.91277570846
7.0 1360.0 2836.0 13112.0 55521.23992284899
312.0 4957.0 1058.0 4083.0 19284.465507644723
15.0 4986.0 958.0 4744.0 19107.25824130749
7.0 4200.0 1391.0 6283.0 26940.18138109497
16.0 6760.0 72.0 246.0 1247.679874452159
0.0 4443.0 1239.0 5882.0 24373.588405202085
0.0 2379.0 2274.0 11056.0 45321.34309600748
1250.0 5744.0 569.0 2943.0 11515.628923478162
10.0 2535.0 2208.0 10584.0 43780.896643991975
176.0 3319.0 1802.0 8589.0 35764.98367273845
19.0 6723.0 88.0 330.0 1637.9441556243764
0.0 2234.0 2363.0 11315.0 46701.675924137715
1255.0 5743.0 572.0 2911.0 11512.703082599823
47.0 4826.0 1122.0 4499.0 20612.597611042085
1249.0 5744.0 567.0 2941.0 11516.447627082292
0.0 1661.0 2671.0 12489.0 52584.71723914257
8.0 4206.0 1385.0 6287.0 26882.63118220986
1249.0 5745.0 566.0 2943.0 11503.760491101297
31.0 1444.0 2789.0 12959.0 54691.82003487038
8.0 2036.0 2458.0 11676.0 48819.294873537496
3.0 2028.0 2462.0 11703.0 48890.8974252705
4.0 2259.0 2378.0 11125.0 46570.60937283327
18.0 3601.0 1685.0 7707.0 32793.873567742296
20.0 1836.0 2601.0 11964.0 50757.81280959357
26.0 1439.0 2790.0 12984.0 54726.701424885796
2.0 4437.0 1235.0 5952.0 24358.99491970353
139.0 5049.0 933.0 4585.0 18504.68737971919
0.0 2510.0 2215.0 10711.0 43977.239065574926
7.0 1357.0 2838.0 13119.0 55555.88247278603
6.0 2534.0 2206.0 10601.0 43801.81563724923
3.0 4205.0 1389.0 6276.0 26891.307130322864
1255.0 5742.0 568.0 2945.0 11537.249977938272
0.0 614.0 3168.0 15278.0 63052.05757584947
0.0 6610.0 146.0 635.0 2789.6076846508154
25.0 4843.0 1106.0 4508.0 20466.48992266228
13.0 3603.0 1686.0 7697.0 32767.58913489936
7.0 3534.0 1701.0 7923.0 33675.18243013221
1247.0 5747.0 566.0 2940.0 11487.188709877062
3.0 3567.0 1663.0 7992.0 33312.30657320278
146.0 5053.0 934.0 4558.0 18482.16049242343
1658.0 5435.0 733.0 3654.0 14555.692306584571
13.0 3473.0 1729.0 8095.0 34366.518511632275
0.0 6770.0 61.0 261.0 1184.0399845017769
2.0 3840.0 1566.0 7116.0 30381.55045641377
144.0 5052.0 935.0 4560.0 18475.935740201305
0.0 4443.0 1234.0 5931.0 24297.44718931536
10.0 4987.0 959.0 4744.0 19100.7598166554
14.0 4991.0 961.0 4715.0 19057.863120055386
1.0 1172.0 2905.0 13823.0 57431.09201298883
0.0 6770.0 61.0 261.0 1184.0399845017769
7.0 6763.0 68.0 249.0 1225.145153058809
0.0 616.0 3182.0 15170.0 63010.92704167781
1.0 1720.0 2663.0 12227.0 51915.834875216664
138.0 5054.0 933.0 4566.0 18463.67726392164
2.0 638.0 3156.0 15102.0 62808.83205144098
0.0 6691.0 103.0 403.0 1982.8151300625466
8.0 4990.0 960.0 4729.0 19071.636426568406
171.0 3322.0 1797.0 8621.0 35678.604660622186
7.0 6762.0 65.0 259.0 1251.3837513571304
4.0 3841.0 1566.0 7107.0 30356.555349067352
6.0 1353.0 2840.0 13132.0 55598.23837531226
1.0 1065.0 2947.0 14012.0 58497.587353582385
22.0 4832.0 1115.0 4520.0 20556.706545009678
0.0 4739.0 1120.0 5003.0 21448.123331650524
0.0 6774.0 59.0 269.0 1128.9098076648993
2.0 3733.0 1629.0 7262.0 31653.914941544714
0.0 6770.0 61.0 261.0 1184.0399845017769
6.0 4199.0 1387.0 6310.0 26937.32894714379
2.0 1815.0 2609.0 12045.0 50973.27332737767
0.0 6770.0 60.0 275.0 1159.299206504566
0.0 6772.0 60.0 276.0 1143.556420102646
0.0 6772.0 61.0 260.0 1168.6481239338739
0.0 6774.0 59.0 269.0 1128.9098076648993
2.0 4203.0 1390.0 6285.0 26912.75968010705
0.0 6774.0 59.0 269.0 1128.9098076648993
0.0 883.0 3049.0 14437.0 60225.58282551531
0.0 614.0 3168.0 15278.0 63052.05757584947
0.0 720.0 3127.0 14852.0 61886.77461638863
0.0 6770.0 60.0 275.0 1159.299206504566
0.0 6765.0 67.0 246.0 1202.0392892068005
0.0 6767.0 63.0 255.0 1200.6146435343203
0.0 881.0 3051.0 14437.0 60247.95981026833
0.0 622.0 3158.0 15222.0 63028.9490699682
0.0 1661.0 2671.0 12489.0 52584.71723914257
0.0 6774.0 59.0 269.0 1128.9098076648993
0.0 6771.0 60.0 259.0 1168.7360077323674
0.0 6772.0 60.0 276.0 1143.556420102646
0.0 6775.0 64.0 251.0 1120.8723414806327
0.0 6765.0 69.0 244.0 1222.4921679110628
