1721.0 5916.0 477.0 2393.0 9762.348169515746
1765.0 5920.0 478.0 2372.0 9709.89473590326
872.0 4979.0 993.0 4506.0 19096.776341755267
1891.0 6281.0 287.0 1618.0 6176.592328861465
842.0 3080.0 1944.0 9233.0 38331.4441475727
1543.0 6051.0 424.0 2013.0 8349.60777993623
1563.0 6045.0 428.0 2021.0 8428.833124816578
1723.0 5915.0 480.0 2396.0 9780.86573263139
77.0 1534.0 2741.0 12707.0 53774.97925675923
282.0 6543.0 169.0 854.0 3488.8174415083286
0.0 1695.0 2641.0 12638.0 52115.03210665426
1339.0 5359.0 787.0 3640.0 15223.621270120444
1041.0 5144.0 907.0 4098.0 17423.20843536237
121.0 6591.0 149.0 657.0 3036.4420448022547
1541.0 6055.0 422.0 2003.0 8308.197279406057
5.0 1701.0 2638.0 12613.0 52048.22138069434
1791.0 6277.0 289.0 1637.0 6224.185708255106
1907.0 6276.0 288.0 1633.0 6226.569835672224
4.0 2624.0 2183.0 10284.0 42782.61879212509
29.0 6775.0 57.0 246.0 1122.9394761285203
1.0 2626.0 2183.0 10278.0 42774.5257079234
1561.0 6044.0 427.0 2029.0 8434.08117178782
357.0 6528.0 180.0 850.0 3619.7742407354663
391.0 6527.0 185.0 834.0 3654.5607933819965
405.0 6519.0 182.0 894.0 3707.932301377927
228.0 3344.0 1769.0 8682.0 35626.36594094063
1873.0 6287.0 286.0 1597.0 6116.887937023681
20.0 2328.0 2329.0 11008.0 45770.75386517894
0.0 2738.0 2123.0 10044.0 41737.07756715893
6.0 4490.0 1244.0 5647.0 24034.34060216232
8.0 1983.0 2533.0 11552.0 49190.99836986517
15.0 4696.0 1111.0 5300.0 21981.176706591174
1343.0 5358.0 787.0 3635.0 15227.501836621908
1725.0 5917.0 479.0 2395.0 9748.999841955423
1927.0 5722.0 572.0 2980.0 11486.091141803065
677.0 3038.0 1974.0 9339.0 38739.27370670231
4.0 6645.0 116.0 588.0 2407.9739406314725
85.0 1533.0 2742.0 12701.0 53768.35288145255
1343.0 5360.0 788.0 3635.0 15212.939327059505
15.0 2630.0 2181.0 10251.0 42751.00138912838
1342.0 5348.0 795.0 3640.0 15355.22806176185
15.0 3474.0 1750.0 8071.0 34213.21931695609
878.0 4967.0 1002.0 4524.0 19212.703265846663
310.0 6537.0 173.0 855.0 3554.2095936072656
1884.0 5723.0 571.0 2953.0 11509.61573155013
0.0 6650.0 122.0 529.0 2374.774093534655
1046.0 5145.0 906.0 4102.0 17403.340770044495
169.0 6580.0 157.0 665.0 3141.215588972279
360.0 6525.0 188.0 831.0 3675.271074851151
19.0 6771.0 55.0 276.0 1155.3086917745293
0.0 2300.0 2346.0 11117.0 46034.757066194805
1553.0 6047.0 428.0 2018.0 8390.392300355034
222.0 6564.0 164.0 741.0 3261.1473757547847
1552.0 6049.0 423.0 2021.0 8373.924351982998
873.0 4980.0 1001.0 4485.0 19078.561104420507
546.0 3320.0 1798.0 8578.0 35633.11767284297
834.0 5035.0 938.0 4541.0 18590.460652098423
1859.0 5735.0 564.0 2925.0 11374.614380239856
5.0 4490.0 1243.0 5655.0 24035.313780426353
1969.0 5591.0 666.0 3135.0 12942.221612797746
18.0 1131.0 2919.0 13794.0 57885.41233704867
1551.0 6047.0 428.0 2010.0 8392.982849476526
1536.0 6052.0 423.0 2016.0 8345.090969449939
1926.0 5720.0 573.0 2981.0 11512.276513973286
1871.0 5738.0 565.0 2905.0 11339.334416465586
11.0 4647.0 1174.0 5281.0 22522.225976907746
0.0 4293.0 1328.0 6145.0 26016.486511370662
1605.0 6399.0 252.0 1096.0 4963.406464614622
1334.0 5359.0 787.0 3641.0 15234.077214392355
843.0 3083.0 1943.0 9220.0 38295.3699217484
1339.0 5360.0 788.0 3634.0 15215.193996217298
323.0 6535.0 175.0 847.0 3566.4524091829526
1336.0 5349.0 794.0 3663.0 15307.481238129341
68.0 6606.0 145.0 597.0 2895.5444972353494
2.0 2627.0 2180.0 10288.0 42766.636134253924
1304.0 5356.0 792.0 3636.0 15244.198305022697
1838.0 6272.0 295.0 1638.0 6265.902163274072
678.0 3039.0 1974.0 9339.0 38733.30695981759
6.0 2316.0 2330.0 11074.0 45893.63732193729
1552.0 6051.0 421.0 2020.0 8359.878688501414
7.0 3756.0 1559.0 7668.0 31235.237002106867
4.0 4288.0 1330.0 6154.0 26060.848069592947
1040.0 5142.0 909.0 4088.0 17450.00592214317
1052.0 5147.0 910.0 4068.0 17388.320819177046
0.0 1696.0 2640.0 12638.0 52100.29417947902
1756.0 5924.0 477.0 2362.0 9664.91255733738
18.0 1127.0 2919.0 13821.0 57932.84593117187
335.0 6533.0 180.0 828.0 3599.888022578711
73.0 6605.0 144.0 616.0 2902.088109052996
323.0 2846.0 2064.0 9838.0 40622.37397753447
12.0 4056.0 1444.0 6616.0 28492.187296016935
678.0 3033.0 1977.0 9353.0 38789.14237505268
1871.0 5742.0 568.0 2874.0 11294.298551408006
21.0 6770.0 56.0 264.0 1165.472307158219
1546.0 6050.0 425.0 2018.0 8362.578016606383
1706.0 5923.0 476.0 2377.0 9689.066856571448
1341.0 5357.0 791.0 3632.0 15231.19187945811
0.0 4293.0 1328.0 6145.0 26016.486511370662
5.0 3962.0 1486.0 6917.0 29407.09761312862
1039.0 5142.0 910.0 4093.0 17451.02810538343
9.0 1982.0 2534.0 11565.0 49198.36769834762
1590.0 6057.0 420.0 1992.0 8299.031377548035
17.0 1984.0 2527.0 11585.0 49159.84122057103
126.0 6588.0 153.0 654.0 3062.378423508656
434.0 2901.0 2040.0 9711.0 40061.19851278877
391.0 6524.0 179.0 887.0 3658.641775607927
0.0 6640.0 130.0 537.0 2475.2223167478887
440.0 2903.0 2042.0 9685.0 40033.16247976448
5.0 3654.0 1657.0 7529.0 32243.74207331242
11.0 6771.0 56.0 268.0 1160.907100740255
0.0 6692.0 104.0 411.0 1956.9216072467416
302.0 2839.0 2063.0 9881.0 40708.822367010165
1870.0 5730.0 565.0 2950.0 11417.751585010596
311.0 2843.0 2057.0 9897.0 40660.27718683892
1555.0 6049.0 426.0 2012.0 8383.711496248156
1340.0 5355.0 793.0 3630.0 15241.855010608066
831.0 5039.0 935.0 4531.0 18544.67942774221
1535.0 6056.0 421.0 2003.0 8302.098451408532
5.0 4650.0 1170.0 5285.0 22493.38150005625
14.0 4692.0 1113.0 5318.0 22006.28206422095
12.0 1400.0 2816.0 13018.0 55038.03858577461
37.0 6615.0 143.0 587.0 2795.0295890266398
1882.0 6286.0 283.0 1619.0 6117.269439340853
10.0 3660.0 1657.0 7499.0 32185.563493174286
1.0 2627.0 2181.0 10282.0 42766.57879844358
216.0 3346.0 1764.0 8708.0 35610.39067508722
5.0 4698.0 1108.0 5332.0 21967.98297930166
32.0 4698.0 1108.0 5312.0 21953.995293110624
24.0 6770.0 54.0 283.0 1153.871496618722
3.0 1932.0 2523.0 11956.0 49781.66220307941
1855.0 5741.0 562.0 2905.0 11314.283964550734
1867.0 5745.0 566.0 2870.0 11265.076908610365
1879.0 5752.0 555.0 2884.0 11190.15347537563
11.0 2631.0 2179.0 10256.0 42731.64188012554
26.0 6769.0 54.0 279.0 1173.422218011236
8.0 1982.0 2532.0 11565.0 49199.88356666463
0.0 621.0 3176.0 15169.0 62953.03997913832
1607.0 6062.0 415.0 1998.0 8253.895679583191
2.0 3660.0 1655.0 7517.0 32183.598699308146
217.0 3347.0 1768.0 8675.0 35598.044412369796
11.0 6771.0 57.0 258.0 1162.1863506068596
1871.0 6287.0 284.0 1609.0 6122.398286433926
12.0 4693.0 1112.0 5316.0 22008.648317003634
7.0 1981.0 2533.0 11572.0 49209.097626195944
880.0 4985.0 995.0 4485.0 19030.699642025706
7.0 4048.0 1447.0 6632.0 28594.87114659635
26.0 4690.0 1116.0 5300.0 22043.13645788097
0.0 4654.0 1168.0 5282.0 22449.252899146537
12.0 1119.0 2924.0 13839.0 58021.80564706335
1324.0 5353.0 790.0 3676.0 15283.56921470529
1869.0 6290.0 282.0 1607.0 6086.228382870719
1859.0 5751.0 562.0 2863.0 11210.749038780732
0.0 962.0 3012.0 14266.0 59521.503684798845
12.0 4691.0 1112.0 5325.0 22030.446184246324
8.0 3474.0 1743.0 8106.0 34222.73071210001
0.0 6643.0 121.0 564.0 2458.5750956053475
1039.0 5147.0 906.0 4088.0 17394.38490931422
1053.0 5137.0 916.0 4072.0 17495.02825140986
63.0 2676.0 2146.0 10277.0 42279.37038335268
10.0 3661.0 1655.0 7501.0 32167.173120390864
1361.0 5362.0 788.0 3623.0 15185.145264885481
0.0 4201.0 1347.0 6435.0 27167.563924689082
10.0 3480.0 1739.0 8094.0 34160.39423186592
875.0 4974.0 999.0 4503.0 19135.0048476442
836.0 3077.0 1945.0 9247.0 38355.338476456534
28.0 4700.0 1109.0 5301.0 21942.833196052805
0.0 1695.0 2641.0 12638.0 52115.03210665426
3.0 4467.0 1229.0 5855.0 24325.358564291506
0.0 3965.0 1486.0 6910.0 29377.08929426569
333.0 2846.0 2067.0 9813.0 40641.21791361715
1880.0 5756.0 554.0 2873.0 11166.358163491626
1342.0 5359.0 787.0 3645.0 15221.567563852986
7.0 4047.0 1445.0 6649.0 28597.42043651779
7.0 6751.0 77.0 244.0 1391.335405513656
15.0 4694.0 1108.0 5334.0 21991.676645569114
1.0 3902.0 1521.0 7123.0 29798.13924372916
1.0 1935.0 2521.0 11946.0 49754.032831914854
5.0 4532.0 1209.0 5601.0 23737.795243154895
0.0 6692.0 104.0 411.0 1956.9216072467416
2.0 4355.0 1296.0 6087.0 25347.17154381654
301.0 2836.0 2065.0 9888.0 40742.24651891667
1342.0 5356.0 791.0 3635.0 15237.28517082311
3.0 1013.0 2969.0 14146.0 59078.956323398554
1040.0 5138.0 915.0 4091.0 17489.5680575818
872.0 4975.0 998.0 4505.0 19133.20274984137
1749.0 5927.0 475.0 2361.0 9644.744896583903
1604.0 6062.0 416.0 1990.0 8258.330927954008
1050.0 5148.0 908.0 4076.0 17378.63606462131
3.0 2238.0 2360.0 11374.0 46698.43342486062
0.0 4468.0 1228.0 5855.0 24315.365779634918
31.0 4697.0 1110.0 5294.0 21976.999172924774
1044.0 5143.0 911.0 4078.0 17437.487003152586
6.0 728.0 3126.0 14828.0 61787.500342226886
1339.0 5357.0 788.0 3648.0 15234.371019474323
4.0 2532.0 2224.0 10513.0 43763.85292367996
1044.0 5146.0 908.0 4078.0 17404.804708138
1339.0 5358.0 790.0 3634.0 15231.97814468495
13.0 2327.0 2328.0 11032.0 45774.5679941135
11.0 1983.0 2531.0 11570.0 49196.17108738595
0.0 3964.0 1486.0 6912.0 29389.28551828291
0.0 2626.0 2182.0 10282.0 42772.51890055681
11.0 4048.0 1446.0 6638.0 28580.540598444448
5.0 4492.0 1243.0 5643.0 24013.20280313773
5.0 2529.0 2224.0 10533.0 43789.68907502063
1340.0 5358.0 789.0 3635.0 15222.518189220282
11.0 3472.0 1749.0 8091.0 34231.11186619227
4.0 2315.0 2331.0 11075.0 45911.0320572148
5.0 6751.0 77.0 244.0 1392.2808901077844
0.0 4202.0 1347.0 6432.0 27169.091965392043
1336.0 5362.0 787.0 3630.0 15188.590665086444
1047.0 5148.0 908.0 4078.0 17390.002235809916
0.0 6669.0 112.0 489.0 2198.6273080280125
0.0 818.0 3077.0 14655.0 60956.65705380098
3.0 3756.0 1560.0 7668.0 31228.552286949616
2.0 4536.0 1207.0 5604.0 23705.963839519623
225.0 3346.0 1767.0 8679.0 35629.80107496536
24.0 4701.0 1105.0 5332.0 21964.675315226214
873.0 4980.0 995.0 4498.0 19086.762185222
6.0 656.0 3159.0 15016.0 62532.143559094024
4.0 3475.0 1744.0 8098.0 34209.580246117665
9.0 3893.0 1547.0 6967.0 30109.056698112698
3.0 1008.0 2974.0 14146.0 59129.18500383936
0.0 1344.0 2853.0 13154.0 55705.09773122656
12.0 4694.0 1111.0 5317.0 22007.82573360639
19.0 6770.0 54.0 281.0 1167.2243473030842
2.0 4535.0 1208.0 5604.0 23712.614881355417
1.0 3474.0 1745.0 8107.0 34219.279499499644
3.0 2647.0 2158.0 10376.0 42588.72017318807
3.0 2321.0 2329.0 11063.0 45835.43960033427
6.0 3550.0 1706.0 7891.0 33440.62150958044
23.0 4696.0 1111.0 5298.0 21987.943484078456
0.0 2236.0 2363.0 11373.0 46715.1627372877
2.0 3659.0 1655.0 7518.0 32193.752855268813
13.0 6772.0 55.0 267.0 1150.5797388819722
14.0 3647.0 1660.0 7550.0 32288.592262814054
14.0 4690.0 1107.0 5362.0 22060.05634880652
28.0 4698.0 1103.0 5347.0 21983.083798290205
434.0 2901.0 2042.0 9697.0 40066.82283498709
11.0 4695.0 1110.0 5316.0 21991.36012009753
877.0 4984.0 996.0 4482.0 19043.961014476215
2.0 6774.0 59.0 257.0 1136.1526075716044
885.0 4982.0 1000.0 4467.0 19057.346728096145
208.0 3349.0 1766.0 8683.0 35592.44676026642
1606.0 6064.0 415.0 1988.0 8236.976461770828
4.0 722.0 3129.0 14840.0 61855.289823936524
0.0 3474.0 1746.0 8097.0 34218.186107199486
2.0 4150.0 1416.0 6381.0 27409.399121954026
29.0 6619.0 140.0 583.0 2756.7018525683225
59.0 1514.0 2753.0 12753.0 53973.09097492986
0.0 6647.0 116.0 573.0 2390.1014640465805
4.0 6774.0 54.0 258.0 1127.660263117845
3.0 6769.0 69.0 234.0 1189.6758256682162
4.0 4157.0 1414.0 6355.0 27330.198833432674
9.0 4284.0 1334.0 6146.0 26096.56444176009
7.0 3895.0 1546.0 6966.0 30088.419697890353
0.0 623.0 3176.0 15158.0 62935.10871491173
15.0 4697.0 1105.0 5344.0 21988.478828202427
0.0 4358.0 1296.0 6075.0 25327.441468852743
5.0 6773.0 55.0 258.0 1141.2846952101306
0.0 6681.0 106.0 469.0 2063.4794321750765
4.0 4493.0 1242.0 5644.0 24005.44145777276
0.0 4698.0 1107.0 5338.0 21987.290704614334
0.0 1000.0 2978.0 14176.0 59219.43390603909
1.0 3656.0 1656.0 7527.0 32219.09677485949
3.0 6773.0 59.0 257.0 1141.8623867425815
2.0 6772.0 62.0 254.0 1140.9377722456934
0.0 3757.0 1561.0 7653.0 31212.277930311295
3.0 2531.0 2223.0 10526.0 43780.87368757198
17.0 6772.0 55.0 261.0 1139.3103518658454
0.0 621.0 3176.0 15169.0 62953.03997913832
2.0 4157.0 1413.0 6363.0 27328.732779566617
5.0 1395.0 2817.0 13043.0 55091.39740096607
0.0 2528.0 2225.0 10535.0 43803.22543211736
2.0 623.0 3178.0 15139.0 62933.04408557961
0.0 4156.0 1414.0 6365.0 27345.221594591952
6.0 4055.0 1444.0 6624.0 28515.379886553223
6.0 1976.0 2534.0 11599.0 49267.04534768317
0.0 1931.0 2524.0 11954.0 49796.848343929276
0.0 3582.0 1682.0 7853.0 33015.051492815786
1.0 1340.0 2836.0 13243.0 55804.43757399641
0.0 626.0 3162.0 15239.0 62870.454441228496
0.0 6774.0 58.0 268.0 1112.7960808966845
0.0 625.0 3163.0 15204.0 62916.662008716376
0.0 6775.0 58.0 257.0 1123.8276958955857
0.0 3730.0 1594.0 7536.0 31670.121056049313
0.0 1389.0 2819.0 13068.0 55154.53563186105
0.0 6767.0 69.0 235.0 1212.515319589385
0.0 811.0 3080.0 14680.0 61026.75266406005
0.0 650.0 3161.0 15044.0 62618.10530941203
0.0 6754.0 74.0 244.0 1364.1445335183112
0.0 3902.0 1519.0 7140.0 29798.630201469423
0.0 1464.0 2783.0 12881.0 54489.4067448457
0.0 6772.0 68.0 229.0 1155.5535162131066
0.0 6774.0 61.0 249.0 1121.0319987413175
0.0 6776.0 53.0 257.0 1106.7631097789335
0.0 620.0 3177.0 15169.0 62960.81310454284
