612.0 6498.0 198.0 902.0 3862.9591071837967
14.0 2909.0 2036.0 9546.0 39976.019211703075
15.0 4681.0 1126.0 5211.0 22165.75054959093
2.0 3825.0 1576.0 7096.0 30744.54668973204
1289.0 5537.0 674.0 3340.0 13457.775191776673
420.0 6537.0 174.0 850.0 3461.499149800286
1411.0 5785.0 559.0 2628.0 10981.085963345187
0.0 1218.0 2859.0 13798.0 56932.292348631534
9.0 6763.0 67.0 250.0 1245.848348303899
1421.0 5782.0 562.0 2609.0 10999.914262244496
184.0 2956.0 2000.0 9500.0 39571.537851711044
18.0 6768.0 58.0 278.0 1169.6931922853898
932.0 5128.0 890.0 4288.0 17618.562250887575
1590.0 6347.0 269.0 1295.0 5400.172622080631
1653.0 6338.0 272.0 1322.0 5460.635978985742
111.0 6597.0 145.0 636.0 2960.0612702879926
2.0 1026.0 2974.0 14068.0 58883.09553895203
36.0 6623.0 132.0 570.0 2693.45359142629
1.0 2605.0 2172.0 10436.0 43011.88939134608
1283.0 5541.0 672.0 3324.0 13417.223233784407
1052.0 5220.0 850.0 4033.0 16659.831987300393
1407.0 5784.0 559.0 2637.0 10984.66802759591
1531.0 5707.0 607.0 2756.0 11794.230123311443
10.0 2909.0 2037.0 9534.0 39983.19068089328
17.0 4141.0 1374.0 6600.0 27551.901186540115
14.0 2910.0 2037.0 9531.0 39974.68887410217
24.0 6769.0 58.0 270.0 1162.2336615687102
956.0 5084.0 907.0 4386.0 18072.736248978235
2620.0 6064.0 434.0 1840.0 8394.375334877159
19.0 4680.0 1123.0 5234.0 22166.006391565847
27.0 6619.0 141.0 560.0 2730.293422255157
28.0 4679.0 1127.0 5215.0 22174.29967511799
1155.0 5276.0 818.0 3912.0 16122.030304791599
721.0 6487.0 203.0 897.0 4025.468366538485
2.0 642.0 3170.0 15058.0 62710.05077238699
69.0 1896.0 2530.0 12077.0 50144.67421841641
1056.0 5218.0 851.0 4031.0 16676.785684709703
0.0 6685.0 105.0 430.0 2070.0110814790937
468.0 6530.0 181.0 847.0 3537.9168642114378
26.0 1567.0 2701.0 12819.0 53422.9667296756
934.0 5148.0 877.0 4268.0 17404.914577300646
0.0 2753.0 2099.0 10055.0 41561.32483442953
539.0 6514.0 181.0 913.0 3713.1191414398995
192.0 6575.0 151.0 725.0 3147.702861226585
761.0 6477.0 210.0 915.0 4122.271618539656
1317.0 5534.0 672.0 3366.0 13496.588621571162
38.0 4682.0 1124.0 5206.0 22152.29911285273
58.0 2920.0 2029.0 9523.0 39861.53434835308
142.0 6590.0 144.0 673.0 3013.1631883777623
1287.0 5533.0 676.0 3341.0 13498.087022069545
0.0 631.0 3165.0 15168.0 62900.80163787014
1647.0 6339.0 274.0 1304.0 5456.1100475510575
14.0 3698.0 1617.0 7576.0 31753.186225089044
1.0 6766.0 65.0 256.0 1188.083727517983
1052.0 5215.0 854.0 4036.0 16683.75898375353
757.0 6477.0 211.0 908.0 4127.970522382801
935.0 5141.0 881.0 4273.0 17453.478853605386
1693.0 6333.0 278.0 1305.0 5533.578938179614
4.0 3519.0 1694.0 8037.0 34049.30327670928
83.0 6606.0 142.0 600.0 2855.240722658659
1284.0 5535.0 674.0 3338.0 13487.033355093325
935.0 5148.0 878.0 4258.0 17403.308764100446
1607.0 6348.0 269.0 1272.0 5364.01968538209
935.0 5140.0 880.0 4290.0 17469.424278619867
1285.0 5530.0 678.0 3346.0 13560.469526739926
0.0 3909.0 1498.0 7091.0 30010.213015831796
1052.0 5218.0 850.0 4038.0 16671.730071003818
2.0 4389.0 1257.0 6114.0 25045.262406862053
19.0 4682.0 1124.0 5226.0 22161.518100890487
30.0 6620.0 138.0 567.0 2726.4004523865365
2.0 2059.0 2476.0 11589.0 48462.94157933633
601.0 6503.0 195.0 885.0 3817.6349091929956
21.0 2914.0 2030.0 9544.0 39924.37479833007
11.0 2908.0 2032.0 9579.0 39997.83516732022
545.0 6515.0 180.0 926.0 3708.855355093997
13.0 2697.0 2155.0 9966.0 42169.85932197649
0.0 4389.0 1257.0 6112.0 25050.339850154476
739.0 6484.0 206.0 893.0 4061.3728037016494
1319.0 5538.0 670.0 3348.0 13442.684247593927
954.0 5074.0 912.0 4426.0 18182.887743268708
937.0 5143.0 878.0 4279.0 17429.269355581215
0.0 2392.0 2284.0 10888.0 45190.64234387745
19.0 2701.0 2153.0 9948.0 42131.408565590165
7.0 4487.0 1224.0 5728.0 23875.324312502333
20.0 4678.0 1129.0 5209.0 22217.005751956473
1414.0 5777.0 564.0 2619.0 11057.922560860936
21.0 2914.0 2031.0 9543.0 39912.68497965846
930.0 5131.0 888.0 4278.0 17581.133796519687
2.0 2291.0 2346.0 11154.0 46163.560588246095
919.0 4917.0 989.0 4847.0 19646.872594037668
11.0 4676.0 1129.0 5224.0 22221.6211303284
211.0 1816.0 2572.0 12170.0 50814.91922006012
1285.0 5538.0 672.0 3337.0 13462.107762140531
8.0 1341.0 2838.0 13193.0 55786.85526445672
8.0 3439.0 1765.0 8154.0 34567.92524117175
1147.0 5274.0 818.0 3932.0 16143.538874307085
1411.0 5786.0 560.0 2621.0 10955.987506756857
2.0 2056.0 2477.0 11599.0 48494.46737336586
4.0 687.0 3142.0 14932.0 62336.94609237071
932.0 5145.0 882.0 4252.0 17427.659478673206
6.0 2908.0 2036.0 9548.0 39998.2975822464
43.0 4450.0 1241.0 5803.0 24238.060789753796
1286.0 5539.0 672.0 3332.0 13440.189157066114
4.0 2559.0 2203.0 10511.0 43490.79040476211
15.0 3438.0 1765.0 8146.0 34574.95874547711
187.0 6576.0 153.0 712.0 3143.565554049976
9.0 4680.0 1122.0 5233.0 22173.25699056155
1512.0 6347.0 265.0 1315.0 5383.000937005508
2.0 3827.0 1577.0 7078.0 30728.344097929905
2.0 2391.0 2285.0 10884.0 45205.92973455212
1409.0 5775.0 565.0 2633.0 11078.777691254047
1409.0 5767.0 568.0 2665.0 11178.115695561528
21.0 4058.0 1466.0 6516.0 28365.490979150032
1044.0 5222.0 850.0 4022.0 16635.127551542417
40.0 4454.0 1240.0 5778.0 24195.762312299154
6.0 4176.0 1343.0 6664.0 27072.914156927338
935.0 5137.0 886.0 4262.0 17511.791447649888
3.0 4175.0 1347.0 6654.0 27067.032925292697
18.0 4678.0 1129.0 5209.0 22218.878258462108
20.0 6624.0 137.0 556.0 2685.1407076032033
23.0 3436.0 1766.0 8142.0 34578.77256371867
1046.0 5223.0 851.0 4014.0 16613.96680419572
7.0 2911.0 2033.0 9561.0 39960.59241531763
17.0 4681.0 1121.0 5235.0 22171.99087152937
0.0 6632.0 130.0 570.0 2616.967476310933
10.0 4673.0 1129.0 5234.0 22263.43419375804
23.0 4680.0 1121.0 5242.0 22188.12977735078
21.0 3437.0 1767.0 8133.0 34564.955180111814
46.0 1577.0 2701.0 12756.0 53341.70957547751
934.0 5146.0 882.0 4248.0 17414.6180752906
1288.0 5541.0 671.0 3332.0 13422.59944400588
934.0 5145.0 883.0 4247.0 17431.449697820703
6.0 4673.0 1128.0 5249.0 22247.368772959268
1146.0 5276.0 817.0 3935.0 16131.02217742006
4.0 3633.0 1655.0 7708.0 32604.15903904201
28.0 3432.0 1763.0 8218.0 34608.66595988517
15.0 2909.0 2033.0 9569.0 39964.38306018413
761.0 3179.0 1901.0 8866.0 37178.34173524955
7.0 2156.0 2409.0 11421.0 47556.16404846035
2.0 2390.0 2285.0 10892.0 45219.69783624982
12.0 3566.0 1706.0 7806.0 33213.0071470471
25.0 4688.0 1123.0 5179.0 22105.36229145634
9.0 3437.0 1766.0 8153.0 34583.88373378839
22.0 1563.0 2699.0 12852.0 53463.24864948906
30.0 4058.0 1464.0 6524.0 28362.951211139807
13.0 6627.0 134.0 556.0 2652.44181693709
5.0 6731.0 82.0 325.0 1573.2116275335557
174.0 6579.0 151.0 706.0 3125.166489637635
0.0 1731.0 2622.0 12577.0 51888.92138267488
12.0 2908.0 2035.0 9560.0 39980.8381777014
1.0 3823.0 1578.0 7096.0 30767.151362886114
5.0 2692.0 2158.0 9979.0 42218.20369637696
30.0 4684.0 1121.0 5221.0 22138.53727200823
56.0 814.0 3082.0 14554.0 60996.637076450126
15.0 4681.0 1126.0 5211.0 22165.75054959093
5.0 4676.0 1128.0 5234.0 22232.047106391426
6.0 3751.0 1569.0 7451.0 31674.233762318356
1146.0 5277.0 816.0 3932.0 16112.61719074887
12.0 4678.0 1125.0 5240.0 22193.692921915394
1.0 3912.0 1498.0 7071.0 29970.816986772923
3.0 2483.0 2250.0 10667.0 44260.09665434713
0.0 2908.0 2035.0 9554.0 39985.90737218956
11.0 4679.0 1123.0 5237.0 22189.963412200523
8.0 4670.0 1129.0 5252.0 22307.835856191363
8.0 4675.0 1129.0 5224.0 22238.493811482065
9.0 1038.0 2968.0 14035.0 58764.46204262044
21.0 4056.0 1466.0 6525.0 28385.8548944051
5.0 3438.0 1763.0 8183.0 34561.25940004991
0.0 631.0 3165.0 15168.0 62900.80163787014
1.0 4177.0 1344.0 6660.0 27060.769372913703
1404.0 5773.0 565.0 2649.0 11117.016189370843
4.0 642.0 3171.0 15046.0 62708.011753630955
2.0 4485.0 1223.0 5746.0 23894.339140382654
0.0 2605.0 2172.0 10444.0 43007.54935643854
18.0 4059.0 1466.0 6519.0 28361.068931568905
935.0 5150.0 877.0 4257.0 17380.439814714475
939.0 5148.0 882.0 4238.0 17407.622100781566
18.0 4679.0 1127.0 5214.0 22196.791981547252
6.0 4676.0 1128.0 5238.0 22216.626102709757
18.0 6627.0 131.0 564.0 2670.0678547294656
1415.0 5787.0 561.0 2601.0 10963.239113538673
0.0 6773.0 62.0 247.0 1151.0268829923782
13.0 6772.0 57.0 274.0 1131.8662693892677
3.0 4675.0 1127.0 5243.0 22227.775893636637
1150.0 5278.0 818.0 3917.0 16104.92306955881
1407.0 5788.0 558.0 2620.0 10943.920114553837
0.0 2054.0 2480.0 11596.0 48508.02587579355
1415.0 5783.0 559.0 2621.0 10995.37354580431
209.0 1815.0 2572.0 12179.0 50830.31143527588
6.0 4677.0 1127.0 5230.0 22222.07812987746
0.0 2392.0 2284.0 10888.0 45190.64234387745
5.0 4681.0 1123.0 5233.0 22168.65217008351
1407.0 5775.0 565.0 2640.0 11075.651013743367
6.0 3440.0 1765.0 8155.0 34553.06146286192
147.0 6587.0 145.0 693.0 3045.58681585147
0.0 2478.0 2253.0 10685.0 44313.693036126846
1402.0 5780.0 561.0 2638.0 11047.151205713417
0.0 4423.0 1235.0 6047.0 24736.004914053003
68.0 1891.0 2533.0 12083.0 50187.98662697175
0.0 6773.0 59.0 260.0 1136.5593672120012
9.0 4548.0 1168.0 5673.0 23451.17390584028
1405.0 5779.0 564.0 2623.0 11050.939602820317
3.0 1388.0 2760.0 13430.0 55276.982088799705
1409.0 5787.0 559.0 2617.0 10957.012552762502
0.0 6767.0 71.0 230.0 1201.2869292716282
52.0 807.0 3086.0 14574.0 61071.79723182888
21.0 6774.0 56.0 278.0 1120.4535382338263
13.0 4146.0 1369.0 6598.0 27512.185940186842
4.0 4676.0 1128.0 5232.0 22236.211088210533
26.0 1568.0 2700.0 12819.0 53409.986144874645
19.0 1417.0 2803.0 13021.0 54953.13586736088
4.0 6765.0 72.0 231.0 1223.2714267564834
0.0 4570.0 1183.0 5504.0 23408.789841973026
18.0 1416.0 2803.0 13026.0 54962.260305658376
0.0 4678.0 1126.0 5233.0 22207.362764901925
1416.0 5783.0 560.0 2612.0 10993.200158398333
12.0 6642.0 121.0 558.0 2466.671606555063
5.0 1035.0 2968.0 14052.0 58790.217986272946
1.0 4173.0 1348.0 6662.0 27085.83510360086
8.0 2693.0 2158.0 9971.0 42218.86996319089
5.0 3447.0 1764.0 8129.0 34471.589042887805
1414.0 5788.0 560.0 2600.0 10951.161544759267
13.0 3699.0 1616.0 7576.0 31744.00424958827
4.0 4477.0 1226.0 5763.0 23985.795192140737
12.0 1555.0 2711.0 12846.0 53545.722032358426
1413.0 5784.0 560.0 2612.0 10979.559515084336
7.0 6772.0 59.0 258.0 1136.2693584377128
63.0 1891.0 2532.0 12091.0 50198.13325730267
10.0 2690.0 2157.0 9993.0 42244.93349789479
1.0 1388.0 2762.0 13425.0 55272.81696331431
10.0 4058.0 1464.0 6538.0 28375.380932080683
1.0 639.0 3172.0 15053.0 62748.968394592564
6.0 6772.0 59.0 260.0 1137.2071206474172
11.0 6771.0 57.0 273.0 1149.159609718213
3.0 3516.0 1691.0 8079.0 34070.151086994774
0.0 4179.0 1343.0 6654.0 27038.39012085089
1424.0 5790.0 561.0 2589.0 10942.421386231776
0.0 2692.0 2158.0 9986.0 42222.432417609016
3.0 3569.0 1699.0 7842.0 33176.152681363106
1.0 3569.0 1704.0 7814.0 33185.04945178832
1420.0 5787.0 562.0 2597.0 10963.337066483367
3.0 2151.0 2412.0 11439.0 47593.91805384203
0.0 6699.0 97.0 428.0 1848.1763309841103
937.0 5151.0 878.0 4255.0 17370.52252558653
0.0 6774.0 62.0 250.0 1123.1619857935584
1417.0 5787.0 562.0 2596.0 10969.18178042091
2.0 2153.0 2411.0 11432.0 47589.065102762244
1414.0 5788.0 560.0 2600.0 10951.161544759267
0.0 3753.0 1568.0 7458.0 31656.135367025334
0.0 2148.0 2414.0 11445.0 47630.95473358388
0.0 3930.0 1565.0 6767.0 29662.153576058638
2.0 2057.0 2479.0 11583.0 48481.451971240385
4.0 3518.0 1694.0 8044.0 34059.77860939987
5.0 1332.0 2843.0 13224.0 55877.194562307515
0.0 628.0 3167.0 15173.0 62928.91192931036
0.0 2054.0 2480.0 11596.0 48508.02587579355
0.0 6648.0 119.0 548.0 2398.119480790192
0.0 997.0 2975.0 14227.0 59248.15538077269
0.0 6709.0 97.0 359.0 1826.2142298801123
1.0 1024.0 2974.0 14084.0 58906.50931141253
1.0 637.0 3172.0 15068.0 62764.21723533442
0.0 6774.0 57.0 259.0 1110.7938687312887
23.0 6626.0 130.0 570.0 2669.7206495746227
8.0 4547.0 1170.0 5666.0 23459.59001746343
2.0 3636.0 1655.0 7695.0 32565.111541015805
0.0 6734.0 82.0 315.0 1537.1566198028481
7.0 4551.0 1168.0 5660.0 23421.071478573536
0.0 6633.0 128.0 556.0 2603.7774629027026
12.0 4146.0 1370.0 6596.0 27512.395897762675
2.0 630.0 3167.0 15157.0 62911.54941137845
0.0 4484.0 1224.0 5746.0 23907.02183958655
0.0 6775.0 57.0 254.0 1105.4056609082845
0.0 627.0 3168.0 15173.0 62940.89801779007
0.0 2292.0 2345.0 11160.0 46153.1132022868
10.0 3698.0 1615.0 7593.0 31762.27876898039
0.0 3909.0 1498.0 7091.0 30010.213015831796
0.0 3825.0 1577.0 7088.0 30751.716990604265
4.0 3950.0 1459.0 7178.0 29452.918817182242
0.0 1018.0 2978.0 14103.0 58960.97026884948
0.0 6777.0 56.0 267.0 1093.231685317399
0.0 6773.0 62.0 247.0 1151.0268829923782
0.0 1326.0 2844.0 13261.0 55921.17585776365
0.0 6774.0 62.0 250.0 1123.1619857935584
0.0 679.0 3144.0 14969.0 62418.06166525534
0.0 6773.0 59.0 260.0 1136.5593672120012
0.0 6767.0 71.0 230.0 1201.2869292716282
0.0 636.0 3156.0 15209.0 62805.02026530908
0.0 637.0 3172.0 15068.0 62764.726019509355
0.0 6762.0 67.0 250.0 1265.3532147050578
0.0 4202.0 1368.0 6463.0 26960.841831607286
0.0 6764.0 71.0 238.0 1224.4166191793825
0.0 6766.0 65.0 247.0 1225.428310754993
0.0 6768.0 64.0 251.0 1172.6955659431114
