0.0 392.0 508.0 2487.0 10029.743369401798
0.0 996.0 211.0 974.0 3936.4574516412185
0.0 994.0 192.0 1091.0 4048.5909924027123
0.0 1368.0 14.0 56.0 297.3119920688019
0.0 1327.0 35.0 168.0 694.9365720696088
0.0 1359.0 22.0 65.0 372.6011105525599
0.0 616.0 369.0 2041.0 7815.883364543333
0.0 379.0 508.0 2589.0 10196.567519652688
0.0 1372.0 13.0 55.0 247.4320645609221
0.0 941.0 216.0 1198.0 4573.972024412149
0.0 1320.0 40.0 172.0 754.6960792948626
0.0 251.0 571.0 2873.0 11468.186631797666
0.0 257.0 564.0 2870.0 11410.655861254116
0.0 1319.0 31.0 248.0 769.1622791054668
0.0 302.0 539.0 2738.0 10940.650182258703
0.0 631.0 390.0 1886.0 7576.466566400122
0.0 986.0 189.0 1084.0 4054.507816832861
0.0 1371.0 11.0 73.0 263.9856951324564
0.0 796.0 296.0 1457.0 5968.132577594224
0.0 1017.0 190.0 944.0 3807.2192375783225
0.0 985.0 194.0 1083.0 4128.100875564554
0.0 983.0 213.0 977.0 4061.033869972203
0.0 339.0 524.0 2677.0 10600.249589416604
0.0 393.0 492.0 2577.0 10042.814911349205
0.0 616.0 369.0 2041.0 7815.883364543333
0.0 865.0 253.0 1393.0 5350.500947252928
0.0 715.0 336.0 1718.0 6730.802835710667
0.0 1319.0 31.0 248.0 769.1622791054668
0.0 414.0 485.0 2523.0 9828.711251158516
0.0 927.0 234.0 1212.0 4673.356951324714
0.0 379.0 508.0 2589.0 10196.567519652688
0.0 393.0 492.0 2577.0 10042.814911349205
0.0 659.0 353.0 1940.0 7306.944739279863
0.0 1374.0 10.0 90.0 224.43703223197906
0.0 1372.0 11.0 58.0 249.22939131146455
0.0 831.0 292.0 1333.0 5614.727739030619
0.0 616.0 369.0 2041.0 7815.883364543333
0.0 996.0 211.0 974.0 3936.4574516412185
0.0 395.0 489.0 2572.0 10004.89781938349
0.0 379.0 508.0 2589.0 10196.567519652688
0.0 256.0 564.0 2860.0 11414.499133208108
0.0 1298.0 52.0 243.0 970.5994309657019
0.0 257.0 569.0 2861.0 11392.660578036293
0.0 631.0 390.0 1886.0 7576.466566400122
0.0 743.0 319.0 1696.0 6585.455744041185
0.0 396.0 498.0 2509.0 10021.187894166655
0.0 961.0 208.0 1145.0 4282.6248217388575
0.0 1368.0 11.0 76.0 292.3284823600134
0.0 319.0 531.0 2696.0 10792.61046398607
0.0 1337.0 22.0 184.0 597.4029541107143
0.0 623.0 381.0 1937.0 7734.205472311951
0.0 961.0 208.0 1145.0 4282.6248217388575
0.0 396.0 498.0 2509.0 10021.187894166655
0.0 961.0 208.0 1145.0 4282.6248217388575
0.0 1339.0 34.0 105.0 589.527692751745
0.0 655.0 360.0 1896.0 7361.055317255778
0.0 1375.0 9.0 67.0 218.58161006123
0.0 783.0 303.0 1487.0 6017.734438972032
0.0 825.0 291.0 1331.0 5740.78755251216
0.0 876.0 258.0 1289.0 5205.586918522892
0.0 255.0 557.0 2916.0 11442.776179595816
0.0 715.0 336.0 1718.0 6730.802835710667
0.0 316.0 532.0 2705.0 10794.570716478649
0.0 1367.0 15.0 56.0 293.23602987479325
0.0 780.0 299.0 1506.0 6189.959977166933
0.0 605.0 387.0 2044.0 7895.106907947162
0.0 313.0 536.0 2688.0 10866.323904749095
0.0 852.0 263.0 1341.0 5398.464169602784
0.0 1321.0 40.0 179.0 727.3446912072188
0.0 999.0 189.0 1035.0 3924.3610560935094
0.0 1373.0 10.0 53.0 233.45655842015046
0.0 961.0 208.0 1145.0 4282.6248217388575
0.0 976.0 216.0 1043.0 4117.767653229244
0.0 813.0 280.0 1447.0 5804.349391020504
0.0 1320.0 40.0 172.0 754.6960792948626
0.0 1301.0 47.0 265.0 946.758257939831
0.0 1003.0 189.0 984.0 3848.0385522207457
0.0 895.0 257.0 1215.0 4955.44177368252
0.0 379.0 508.0 2589.0 10196.567519652688
0.0 945.0 231.0 1116.0 4426.862004240878
0.0 396.0 502.0 2522.0 10002.15439247634
0.0 1353.0 23.0 107.0 412.01717437700484
0.0 393.0 492.0 2577.0 10042.814911349205
0.0 915.0 251.0 1201.0 4730.330168513692
0.0 1368.0 14.0 56.0 297.3119920688019
0.0 994.0 192.0 1091.0 4048.5909924027123
0.0 1319.0 31.0 248.0 769.1622791054668
0.0 984.0 192.0 1094.0 4093.204496632655
0.0 996.0 211.0 974.0 3936.4574516412185
0.0 882.0 273.0 1172.0 5171.151796035448
0.0 783.0 303.0 1487.0 6017.734438972032
0.0 824.0 279.0 1420.0 5696.903026874536
0.0 858.0 267.0 1300.0 5356.539001975789
0.0 396.0 498.0 2509.0 10021.187894166655
0.0 985.0 194.0 1083.0 4128.100875564554
0.0 991.0 198.0 1045.0 4050.961269893534
0.0 723.0 329.0 1775.0 6635.632589946802
0.0 634.0 374.0 1922.0 7613.567419109641
0.0 988.0 197.0 1110.0 4013.866149016583
0.0 650.0 350.0 1976.0 7483.632265202653
0.0 783.0 303.0 1487.0 6017.734438972032
0.0 852.0 263.0 1341.0 5398.464169602784
0.0 873.0 252.0 1359.0 5273.913419786965
0.0 915.0 251.0 1201.0 4730.330168513692
0.0 918.0 239.0 1188.0 4798.267542653818
0.0 1371.0 10.0 74.0 254.63694532885378
0.0 313.0 536.0 2688.0 10866.323904749095
0.0 1372.0 10.0 66.0 259.5842753125459
0.0 257.0 561.0 2880.0 11426.200660395023
0.0 339.0 524.0 2677.0 10600.249589416604
0.0 675.0 360.0 1811.0 7216.6921315974505
0.0 1370.0 15.0 43.0 267.99473775842665
0.0 895.0 250.0 1242.0 4959.123673811435
0.0 661.0 354.0 1899.0 7324.070750485949
0.0 616.0 369.0 2041.0 7815.883364543333
0.0 986.0 189.0 1084.0 4054.507816832861
0.0 878.0 257.0 1324.0 5172.517502956673
0.0 323.0 525.0 2711.0 10728.567399468491
0.0 605.0 387.0 2044.0 7895.106907947162
0.0 1067.0 162.0 903.0 3271.5526999401905
0.0 1374.0 14.0 38.0 213.06411755655338
0.0 1371.0 11.0 73.0 263.9856951324564
0.0 396.0 498.0 2509.0 10021.187894166655
0.0 996.0 211.0 974.0 3936.4574516412185
0.0 1320.0 40.0 172.0 754.6960792948626
0.0 983.0 213.0 977.0 4061.033869972203
0.0 986.0 189.0 1084.0 4054.507816832861
0.0 1368.0 14.0 56.0 297.3119920688019
0.0 859.0 281.0 1285.0 5428.6516347271445
0.0 945.0 231.0 1116.0 4426.862004240878
0.0 1320.0 40.0 172.0 754.6960792948626
0.0 675.0 360.0 1811.0 7216.6921315974505
0.0 1371.0 11.0 73.0 263.9856951324564
0.0 991.0 198.0 1045.0 4050.961269893534
0.0 1320.0 40.0 172.0 754.6960792948626
0.0 266.0 546.0 2936.0 11317.119086684066
0.0 1038.0 178.0 889.0 3622.019031494707
0.0 794.0 278.0 1661.0 6010.9886164527725
0.0 396.0 498.0 2509.0 10021.187894166655
0.0 1371.0 12.0 70.0 254.95167379678142
0.0 1371.0 10.0 74.0 254.63694532885378
0.0 1320.0 40.0 172.0 754.6960792948626
0.0 723.0 329.0 1775.0 6635.632589946802
0.0 878.0 257.0 1324.0 5172.517502956673
0.0 254.0 562.0 2898.0 11446.773418445186
0.0 1374.0 10.0 90.0 224.43703223197906
0.0 895.0 257.0 1215.0 4955.44177368252
0.0 762.0 307.0 1671.0 6352.005917496576
0.0 783.0 303.0 1487.0 6017.734438972032
0.0 339.0 524.0 2677.0 10600.249589416604
0.0 796.0 296.0 1457.0 5968.132577594224
0.0 771.0 309.0 1605.0 6123.192786070472
0.0 986.0 189.0 1084.0 4054.507816832861
0.0 806.0 283.0 1509.0 5835.2084906596165
0.0 254.0 566.0 2885.0 11446.416803155182
0.0 961.0 212.0 1110.0 4320.231619267565
0.0 605.0 387.0 2044.0 7895.106907947162
0.0 1365.0 17.0 57.0 319.68559838996106
0.0 655.0 360.0 1896.0 7361.055317255778
0.0 1370.0 15.0 43.0 267.99473775842665
0.0 314.0 533.0 2698.0 10849.632341154753
0.0 264.0 548.0 2950.0 11339.99474223406
0.0 1372.0 11.0 58.0 249.22939131146455
0.0 783.0 303.0 1487.0 6017.734438972032
0.0 631.0 390.0 1886.0 7576.466566400122
0.0 1365.0 17.0 55.0 333.7133432041542
0.0 379.0 508.0 2589.0 10196.567519652688
0.0 986.0 189.0 1084.0 4054.507816832861
0.0 988.0 197.0 1110.0 4013.866149016583
0.0 396.0 498.0 2509.0 10021.187894166655
0.0 1159.0 117.0 664.0 2372.12364936888
0.0 790.0 294.0 1488.0 6109.459718596633
0.0 780.0 299.0 1506.0 6189.959977166933
0.0 750.0 314.0 1637.0 6484.871008167109
0.0 976.0 216.0 1043.0 4117.767653229244
0.0 986.0 203.0 1044.0 4090.244489693663
0.0 859.0 256.0 1414.0 5387.157536365251
0.0 258.0 563.0 2870.0 11392.390078920584
0.0 1365.0 18.0 54.0 325.7917890383024
0.0 625.0 381.0 1932.0 7641.661702733283
0.0 1363.0 20.0 54.0 332.51789286996825
0.0 715.0 336.0 1718.0 6730.802835710667
0.0 379.0 508.0 2589.0 10196.567519652688
0.0 915.0 251.0 1201.0 4730.330168513692
0.0 1334.0 31.0 154.0 595.191905182664
0.0 869.0 241.0 1438.0 5285.06939395571
0.0 999.0 189.0 1035.0 3924.3610560935094
0.0 792.0 288.0 1593.0 5887.352007966986
0.0 319.0 531.0 2696.0 10792.61046398607
0.0 837.0 264.0 1463.0 5638.554868656556
0.0 616.0 369.0 2041.0 7815.883364543333
0.0 811.0 270.0 1600.0 5759.435101672033
0.0 977.0 193.0 1196.0 4177.841092261348
0.0 803.0 277.0 1582.0 5945.856056837396
0.0 965.0 223.0 998.0 4281.794577057713
0.0 983.0 213.0 977.0 4061.033869972203
0.0 400.0 496.0 2449.0 9967.495268183931
0.0 984.0 192.0 1094.0 4093.204496632655
0.0 327.0 524.0 2702.0 10702.141477309204
0.0 1319.0 31.0 248.0 769.1622791054668
0.0 1368.0 13.0 59.0 294.4417119455064
0.0 857.0 264.0 1364.0 5358.336984950219
0.0 852.0 263.0 1341.0 5398.464169602784
0.0 783.0 303.0 1487.0 6017.734438972032
0.0 831.0 293.0 1295.0 5681.83244394476
0.0 313.0 530.0 2724.0 10849.825335701391
0.0 302.0 536.0 2750.0 10949.36853330032
0.0 985.0 194.0 1083.0 4128.100875564554
0.0 687.0 337.0 1862.0 7174.496337552928
0.0 918.0 239.0 1188.0 4798.267542653818
0.0 792.0 288.0 1593.0 5887.352007966986
0.0 631.0 390.0 1886.0 7576.466566400122
0.0 796.0 296.0 1457.0 5968.132577594224
0.0 837.0 297.0 1318.0 5545.963670401352
0.0 1038.0 178.0 889.0 3622.019031494707
0.0 723.0 329.0 1775.0 6635.632589946802
0.0 1314.0 43.0 204.0 832.8901133389937
0.0 1023.0 193.0 971.0 3687.978005042199
0.0 661.0 354.0 1899.0 7324.070750485949
0.0 1323.0 41.0 171.0 742.1595307237251
0.0 643.0 357.0 1987.0 7505.619120784
0.0 938.0 221.0 1163.0 4500.457583666719
0.0 260.0 556.0 2894.0 11370.786232975375
0.0 605.0 387.0 2044.0 7895.106907947162
0.0 1338.0 34.0 105.0 601.1152318104237
0.0 1330.0 28.0 199.0 633.7303446816552
0.0 1359.0 20.0 62.0 384.6570593890406
0.0 1327.0 35.0 168.0 694.9365720696088
0.0 616.0 369.0 2041.0 7815.883364543333
0.0 994.0 192.0 1091.0 4048.5909924027123
0.0 985.0 194.0 1083.0 4128.100875564554
0.0 1374.0 10.0 61.0 226.72318225739042
0.0 715.0 336.0 1718.0 6730.802835710667
0.0 1320.0 40.0 172.0 754.6960792948626
0.0 1017.0 190.0 944.0 3807.2192375783225
0.0 653.0 371.0 1823.0 7395.012634730398
0.0 655.0 360.0 1896.0 7361.055317255778
0.0 396.0 498.0 2509.0 10021.187894166655
0.0 675.0 360.0 1811.0 7216.6921315974505
0.0 392.0 508.0 2487.0 10029.743369401798
0.0 824.0 279.0 1420.0 5696.903026874536
0.0 966.0 223.0 1027.0 4234.734110626307
0.0 668.0 360.0 1870.0 7209.17747099054
0.0 267.0 546.0 2932.0 11291.274800300866
0.0 1339.0 34.0 105.0 589.527692751745
0.0 1316.0 40.0 224.0 830.1071994336518
0.0 757.0 303.0 1641.0 6381.835558056305
0.0 986.0 203.0 1044.0 4090.244489693663
0.0 379.0 508.0 2589.0 10196.567519652688
0.0 650.0 350.0 1976.0 7483.632265202653
0.0 1334.0 31.0 154.0 595.191905182664
0.0 1320.0 42.0 167.0 770.4910156435047
0.0 1368.0 14.0 56.0 297.3119920688019
0.0 945.0 231.0 1116.0 4426.862004240878
0.0 829.0 263.0 1548.0 5572.974711476483
0.0 1365.0 17.0 55.0 333.7133432041542
0.0 1370.0 11.0 75.0 270.3307907239798
0.0 992.0 205.0 962.0 4037.984331073501
0.0 991.0 198.0 1045.0 4050.961269893534
0.0 1365.0 19.0 52.0 320.25362778861614
0.0 1368.0 14.0 59.0 286.3676670507066
0.0 1337.0 22.0 184.0 597.4029541107143
0.0 604.0 378.0 2126.0 7916.808321184326
0.0 393.0 492.0 2577.0 10042.814911349205
0.0 986.0 189.0 1084.0 4054.507816832861
0.0 1369.0 17.0 41.0 256.5432546513156
0.0 783.0 303.0 1487.0 6017.734438972032
0.0 254.0 566.0 2885.0 11446.416803155182
0.0 613.0 384.0 2002.0 7809.079559183929
0.0 1370.0 12.0 62.0 285.5823015301436
0.0 1339.0 34.0 105.0 589.527692751745
0.0 1369.0 13.0 52.0 275.6067985448885
0.0 1332.0 32.0 149.0 654.3741570091761
0.0 334.0 529.0 2625.0 10643.653033988545
0.0 1319.0 31.0 248.0 769.1622791054668
0.0 977.0 193.0 1196.0 4177.841092261348
0.0 623.0 381.0 1937.0 7734.205472311951
0.0 650.0 382.0 1800.0 7441.851335732387
0.0 831.0 292.0 1333.0 5614.727739030619
0.0 1339.0 34.0 105.0 589.527692751745
0.0 865.0 253.0 1393.0 5350.500947252928
0.0 941.0 216.0 1198.0 4573.972024412149
0.0 1371.0 12.0 70.0 254.95167379678142
0.0 1331.0 37.0 136.0 659.7652944322721
0.0 988.0 197.0 1110.0 4013.866149016583
0.0 660.0 351.0 1920.0 7412.807015193449
0.0 984.0 192.0 1094.0 4093.204496632655
0.0 313.0 536.0 2688.0 10866.323904749095
0.0 1325.0 40.0 160.0 709.5879715039932
0.0 1368.0 13.0 59.0 294.4417119455064
0.0 335.0 531.0 2626.0 10591.052370915393
0.0 996.0 211.0 974.0 3936.4574516412185
0.0 629.0 359.0 2113.0 7613.848229584273
0.0 659.0 353.0 1940.0 7306.944739279863
0.0 1320.0 38.0 209.0 788.7358964652055
0.0 1334.0 30.0 151.0 633.6372810580202
0.0 815.0 290.0 1430.0 5729.246792386205
0.0 947.0 212.0 1187.0 4463.932933645071
