0.0 870.0 273.0 1248.0 5247.849201395059
0.0 698.0 340.0 1827.0 6958.271390153021
0.0 1296.0 53.0 248.0 992.4195172698738
0.0 1372.0 16.0 30.0 264.50251996407104
0.0 403.0 497.0 2450.0 9926.12733980836
0.0 1301.0 50.0 260.0 942.799508630574
0.0 802.0 300.0 1409.0 5983.831584337932
0.0 993.0 215.0 965.0 4040.0916219915043
0.0 1002.0 187.0 1043.0 3865.869658969644
0.0 777.0 294.0 1574.0 6182.941482555303
0.0 594.0 400.0 2051.0 7991.569591198711
0.0 1318.0 41.0 214.0 774.0431593611274
0.0 403.0 497.0 2450.0 9926.12733980836
0.0 825.0 303.0 1311.0 5757.782272097679
0.0 1365.0 20.0 40.0 305.6144093818207
0.0 604.0 373.0 2037.0 7941.527407249965
0.0 653.0 360.0 1924.0 7461.324530863903
0.0 912.0 249.0 1164.0 4792.805329059657
0.0 684.0 364.0 1719.0 7106.807682521568
0.0 254.0 565.0 2862.0 11428.30063664354
0.0 635.0 360.0 2030.0 7623.966670139542
0.0 1015.0 188.0 982.0 3778.119474295576
0.0 425.0 491.0 2437.0 9714.957038636094
0.0 985.0 199.0 1025.0 4141.492994673922
0.0 985.0 199.0 1025.0 4141.492994673922
0.0 1364.0 21.0 37.0 340.7277555012365
0.0 912.0 249.0 1164.0 4792.805329059657
0.0 987.0 210.0 954.0 4055.0598751787506
0.0 1118.0 139.0 720.0 2740.8344179185897
0.0 418.0 480.0 2521.0 9781.590826163
0.0 775.0 299.0 1561.0 6144.543862776352
0.0 258.0 559.0 2883.0 11430.183166773806
0.0 770.0 302.0 1591.0 6287.865432437128
0.0 379.0 510.0 2510.0 10144.134996544008
0.0 1370.0 11.0 62.0 252.13165199071236
0.0 856.0 267.0 1307.0 5344.975082415648
0.0 392.0 505.0 2492.0 10048.034082873874
0.0 630.0 379.0 1932.0 7634.982318386105
0.0 594.0 400.0 2051.0 7991.569591198711
0.0 748.0 318.0 1698.0 6417.133554176919
0.0 890.0 242.0 1347.0 5084.211595692575
0.0 654.0 355.0 1948.0 7453.797572929977
0.0 1361.0 18.0 67.0 369.6098006281191
0.0 677.0 360.0 1859.0 7226.088433510427
0.0 1357.0 19.0 91.0 415.5840042500737
0.0 995.0 203.0 969.0 4078.0288966923013
0.0 677.0 360.0 1859.0 7226.088433510427
0.0 1014.0 189.0 912.0 3806.03335285963
0.0 677.0 360.0 1859.0 7226.088433510427
0.0 1015.0 188.0 982.0 3778.119474295576
0.0 604.0 373.0 2037.0 7941.527407249965
0.0 1306.0 49.0 215.0 879.5294279263663
0.0 254.0 561.0 2906.0 11445.19253046265
0.0 1370.0 11.0 62.0 252.13165199071236
0.0 306.0 537.0 2711.0 10913.394505139086
0.0 1002.0 187.0 1043.0 3865.869658969644
0.0 1020.0 182.0 999.0 3671.2743205465526
0.0 1375.0 13.0 30.0 220.18909441983803
0.0 425.0 491.0 2437.0 9714.957038636094
0.0 1012.0 186.0 1018.0 3807.7282320352906
0.0 1322.0 34.0 221.0 730.4550309165207
0.0 976.0 216.0 987.0 4151.32911786142
0.0 647.0 356.0 1972.0 7379.457608354786
0.0 792.0 319.0 1394.0 6013.952708885302
0.0 987.0 198.0 1042.0 4049.7896754680314
0.0 1373.0 10.0 62.0 233.9457869168707
0.0 395.0 492.0 2551.0 10021.282562612607
0.0 257.0 559.0 2899.0 11451.87332576642
0.0 993.0 215.0 965.0 4040.0916219915043
0.0 932.0 222.0 1247.0 4525.559528575767
0.0 604.0 373.0 2037.0 7941.527407249965
0.0 1335.0 31.0 143.0 601.4811161303239
0.0 948.0 219.0 1117.0 4408.049166448943
0.0 1053.0 172.0 856.0 3370.2072797405417
0.0 1360.0 21.0 65.0 357.7264907007884
0.0 826.0 302.0 1281.0 5713.91543192613
0.0 426.0 484.0 2438.0 9724.03337399117
0.0 1010.0 180.0 1075.0 3801.415164844419
0.0 1012.0 175.0 1115.0 3809.4732701964017
0.0 425.0 491.0 2437.0 9714.957038636094
0.0 1369.0 15.0 50.0 258.45566897850864
0.0 916.0 226.0 1229.0 4772.197497232112
0.0 781.0 318.0 1484.0 6135.225985609492
0.0 425.0 491.0 2437.0 9714.957038636094
0.0 311.0 530.0 2726.0 10869.091030293892
0.0 783.0 310.0 1468.0 6109.460815327042
0.0 813.0 286.0 1418.0 5845.409464727365
0.0 322.0 527.0 2680.0 10727.091350657942
0.0 387.0 507.0 2490.0 10073.336760791773
0.0 948.0 219.0 1117.0 4408.049166448943
0.0 1372.0 16.0 30.0 264.50251996407104
0.0 976.0 216.0 987.0 4151.32911786142
0.0 684.0 364.0 1719.0 7106.807682521568
0.0 390.0 501.0 2502.0 10038.903670108479
0.0 870.0 273.0 1248.0 5247.849201395059
0.0 1370.0 11.0 62.0 252.13165199071236
0.0 604.0 373.0 2037.0 7941.527407249965
0.0 391.0 494.0 2555.0 10049.258513004022
0.0 425.0 491.0 2437.0 9714.957038636094
0.0 1292.0 57.0 260.0 1035.739544700649
0.0 403.0 497.0 2450.0 9926.12733980836
0.0 396.0 501.0 2502.0 9979.761663926782
0.0 1010.0 180.0 1075.0 3801.415164844419
0.0 426.0 484.0 2438.0 9724.03337399117
0.0 891.0 259.0 1239.0 5031.030970259157
0.0 1321.0 39.0 190.0 758.965244798489
0.0 1024.0 195.0 922.0 3690.6727359420506
0.0 647.0 356.0 1972.0 7379.457608354786
0.0 1372.0 15.0 33.0 245.68912837345692
0.0 624.0 391.0 1879.0 7680.7637102875
0.0 898.0 226.0 1383.0 5003.785068025965
0.0 1010.0 180.0 1075.0 3801.415164844419
0.0 1334.0 32.0 150.0 616.198941328941
0.0 976.0 216.0 987.0 4151.32911786142
0.0 598.0 392.0 2030.0 7980.0881167171465
0.0 870.0 273.0 1248.0 5247.849201395059
0.0 387.0 507.0 2490.0 10073.336760791773
0.0 976.0 216.0 987.0 4151.32911786142
0.0 948.0 219.0 1117.0 4408.049166448943
0.0 1321.0 39.0 190.0 758.965244798489
0.0 322.0 527.0 2680.0 10727.091350657942
0.0 801.0 274.0 1630.0 5943.19398206558
0.0 1335.0 31.0 143.0 601.4811161303239
0.0 969.0 201.0 1163.0 4176.458074816481
0.0 948.0 219.0 1117.0 4408.049166448943
0.0 616.0 375.0 1943.0 7765.0972224484085
0.0 425.0 491.0 2437.0 9714.957038636094
0.0 1020.0 182.0 999.0 3671.2743205465526
0.0 946.0 209.0 1213.0 4558.318685748468
0.0 1014.0 189.0 912.0 3806.03335285963
0.0 637.0 388.0 1881.0 7651.762034399438
0.0 614.0 392.0 1943.0 7763.194489349065
0.0 261.0 562.0 2849.0 11348.88095647563
0.0 387.0 507.0 2490.0 10073.336760791773
0.0 810.0 285.0 1473.0 5805.203632258857
0.0 1371.0 13.0 59.0 253.16251595166796
0.0 386.0 511.0 2488.0 10138.616523628249
0.0 604.0 373.0 2037.0 7941.527407249965
0.0 1319.0 46.0 170.0 776.6788178484608
0.0 932.0 222.0 1247.0 4525.559528575767
0.0 1321.0 39.0 190.0 758.965244798489
0.0 801.0 274.0 1630.0 5943.19398206558
0.0 426.0 484.0 2438.0 9724.03337399117
0.0 1010.0 180.0 1075.0 3801.415164844419
0.0 1375.0 13.0 30.0 220.18909441983803
0.0 912.0 249.0 1164.0 4792.805329059657
0.0 842.0 260.0 1438.0 5566.349575546716
0.0 842.0 260.0 1438.0 5566.349575546716
0.0 322.0 527.0 2680.0 10727.091350657942
0.0 253.0 566.0 2874.0 11422.712275088037
0.0 1370.0 15.0 35.0 266.97519945259756
0.0 403.0 497.0 2450.0 9926.12733980836
0.0 1010.0 180.0 1075.0 3801.415164844419
0.0 1327.0 42.0 146.0 665.1776452901888
0.0 1010.0 180.0 1075.0 3801.415164844419
0.0 647.0 356.0 1972.0 7379.457608354786
0.0 1326.0 28.0 235.0 740.6778778839486
0.0 268.0 548.0 2915.0 11281.033646978578
0.0 1370.0 14.0 52.0 270.6556347274967
0.0 860.0 259.0 1376.0 5301.019999308607
0.0 770.0 290.0 1728.0 6325.710827054225
0.0 618.0 381.0 1973.0 7734.7217100026355
0.0 1372.0 16.0 30.0 264.50251996407104
0.0 1339.0 29.0 139.0 577.9317849258375
0.0 319.0 533.0 2674.0 10795.26757863338
0.0 898.0 226.0 1383.0 5003.785068025965
0.0 948.0 219.0 1117.0 4408.049166448943
0.0 1318.0 41.0 214.0 774.0431593611274
0.0 775.0 299.0 1561.0 6144.543862776352
0.0 1367.0 16.0 53.0 305.6035913340675
0.0 598.0 392.0 2030.0 7980.0881167171465
0.0 387.0 507.0 2490.0 10073.336760791773
0.0 1366.0 13.0 87.0 294.77084094495956
0.0 836.0 259.0 1472.0 5548.14296371288
0.0 1322.0 34.0 221.0 730.4550309165207
0.0 1370.0 11.0 62.0 252.13165199071236
0.0 1370.0 11.0 62.0 252.13165199071236
0.0 684.0 364.0 1719.0 7106.807682521568
0.0 907.0 253.0 1173.0 4901.312598578326
0.0 425.0 491.0 2437.0 9714.957038636094
0.0 1325.0 44.0 139.0 706.102592580648
0.0 870.0 273.0 1248.0 5247.849201395059
0.0 985.0 199.0 1025.0 4141.492994673922
0.0 259.0 561.0 2880.0 11355.53409961644
0.0 781.0 318.0 1484.0 6135.225985609492
0.0 792.0 285.0 1621.0 5971.190791148842
0.0 826.0 302.0 1281.0 5713.91543192613
0.0 1361.0 20.0 58.0 361.37387432244486
0.0 311.0 530.0 2726.0 10869.091030293892
0.0 802.0 300.0 1409.0 5983.831584337932
0.0 872.0 255.0 1332.0 5233.929736211868
0.0 770.0 302.0 1591.0 6287.865432437128
0.0 1334.0 32.0 150.0 616.198941328941
0.0 1012.0 186.0 1018.0 3807.7282320352906
0.0 886.0 259.0 1262.0 5066.610069952024
0.0 932.0 222.0 1247.0 4525.559528575767
0.0 1321.0 39.0 190.0 758.965244798489
0.0 1053.0 172.0 856.0 3370.2072797405417
0.0 836.0 259.0 1472.0 5548.14296371288
0.0 1368.0 14.0 55.0 286.7470096306
0.0 1296.0 53.0 248.0 992.4195172698738
0.0 1371.0 14.0 58.0 247.43523713923034
0.0 846.0 252.0 1482.0 5508.179904358995
0.0 883.0 236.0 1402.0 5148.812911444434
0.0 1361.0 18.0 67.0 369.6098006281191
0.0 856.0 267.0 1307.0 5344.975082415648
0.0 801.0 296.0 1433.0 5959.457304189972
0.0 1372.0 15.0 33.0 245.68912837345692
0.0 650.0 369.0 1856.0 7461.758692043724
0.0 801.0 274.0 1630.0 5943.19398206558
0.0 647.0 356.0 1972.0 7379.457608354786
0.0 1363.0 17.0 64.0 348.1063017360905
0.0 815.0 311.0 1350.0 5715.31132184388
0.0 684.0 364.0 1719.0 7106.807682521568
0.0 944.0 237.0 1084.0 4530.0335345874055
0.0 1318.0 41.0 214.0 774.0431593611274
0.0 653.0 360.0 1924.0 7461.324530863903
0.0 900.0 246.0 1269.0 4940.624947860831
0.0 1012.0 175.0 1115.0 3809.4732701964017
0.0 988.0 206.0 1007.0 4074.1136196224443
0.0 425.0 491.0 2437.0 9714.957038636094
0.0 1000.0 197.0 1023.0 3953.0630827713444
0.0 418.0 480.0 2521.0 9781.590826163
0.0 948.0 219.0 1117.0 4408.049166448943
0.0 1318.0 42.0 208.0 770.8704951744755
0.0 1375.0 10.0 62.0 217.6509276798569
0.0 257.0 565.0 2864.0 11391.001837413685
0.0 274.0 545.0 2888.0 11214.592711989337
0.0 616.0 375.0 1943.0 7765.0972224484085
0.0 1325.0 44.0 139.0 706.102592580648
0.0 256.0 565.0 2878.0 11401.65720344925
0.0 842.0 260.0 1438.0 5566.349575546716
0.0 635.0 361.0 2058.0 7551.391106996728
0.0 1370.0 11.0 62.0 252.13165199071236
0.0 306.0 537.0 2711.0 10913.394505139086
0.0 1015.0 188.0 982.0 3778.119474295576
0.0 1329.0 38.0 149.0 652.8206552269083
0.0 764.0 310.0 1610.0 6322.0368171248565
0.0 916.0 226.0 1229.0 4772.197497232112
0.0 1322.0 34.0 221.0 730.4550309165207
0.0 1323.0 45.0 160.0 722.2355544394544
0.0 968.0 230.0 1016.0 4256.331014487615
0.0 818.0 290.0 1397.0 5761.146126522003
0.0 599.0 401.0 1987.0 7945.9112375644045
0.0 1332.0 30.0 166.0 639.3798361606878
0.0 677.0 360.0 1859.0 7226.088433510427
0.0 1364.0 21.0 37.0 340.7277555012365
0.0 1020.0 182.0 999.0 3671.2743205465526
0.0 828.0 281.0 1355.0 5690.82245204444
0.0 1367.0 18.0 47.0 301.7110437894791
0.0 387.0 507.0 2490.0 10073.336760791773
0.0 987.0 198.0 1042.0 4049.7896754680314
0.0 792.0 319.0 1394.0 6013.952708885302
0.0 987.0 210.0 954.0 4055.0598751787506
0.0 1370.0 15.0 35.0 266.97519945259756
0.0 976.0 216.0 987.0 4151.32911786142
0.0 993.0 215.0 965.0 4040.0916219915043
0.0 1370.0 13.0 60.0 264.793930198377
0.0 801.0 296.0 1433.0 5959.457304189972
0.0 1326.0 28.0 235.0 740.6778778839486
0.0 1324.0 41.0 149.0 746.1527373767515
0.0 278.0 552.0 2809.0 11221.012712170517
0.0 604.0 373.0 2037.0 7941.527407249965
0.0 637.0 388.0 1881.0 7651.762034399438
0.0 1012.0 186.0 1018.0 3807.7282320352906
0.0 395.0 501.0 2512.0 10016.380960992738
0.0 781.0 294.0 1524.0 6204.547717824467
0.0 347.0 517.0 2674.0 10484.838599812065
0.0 594.0 400.0 2051.0 7991.569591198711
0.0 614.0 392.0 1943.0 7763.194489349065
0.0 1328.0 33.0 181.0 669.5864569883995
0.0 1002.0 187.0 1043.0 3865.869658969644
0.0 658.0 358.0 1877.0 7419.589954676689
0.0 870.0 273.0 1248.0 5247.849201395059
0.0 836.0 259.0 1472.0 5548.14296371288
0.0 856.0 267.0 1307.0 5344.975082415648
0.0 985.0 199.0 1025.0 4141.492994673922
0.0 1010.0 180.0 1075.0 3801.415164844419
0.0 1332.0 29.0 175.0 642.0620805260147
0.0 1321.0 39.0 190.0 758.965244798489
0.0 258.0 564.0 2861.0 11392.613183058136
0.0 261.0 553.0 2910.0 11397.564494552345
0.0 319.0 533.0 2674.0 10795.26757863338
0.0 630.0 379.0 1932.0 7634.982318386105
0.0 1339.0 29.0 139.0 577.9317849258375
0.0 698.0 340.0 1827.0 6958.271390153021
0.0 995.0 203.0 969.0 4078.0288966923013
0.0 1319.0 46.0 170.0 776.6788178484608
0.0 312.0 533.0 2703.0 10866.283210113737
