0.0 1366.0 9.0 99.0 324.9806596465206
0.0 834.0 288.0 1329.0 5561.083920431861
0.0 990.0 187.0 1146.0 4079.3934086773475
0.0 389.0 507.0 2523.0 10097.407497479255
0.0 834.0 279.0 1342.0 5578.615426171216
0.0 1024.0 187.0 955.0 3646.7643550363746
0.0 995.0 207.0 957.0 3932.300347426784
0.0 1293.0 54.0 284.0 1045.6766485273715
0.0 1324.0 41.0 145.0 707.3261649633754
0.0 634.0 353.0 2071.0 7640.8548395526095
0.0 858.0 261.0 1322.0 5430.888970726955
0.0 975.0 207.0 1032.0 4097.593030314058
0.0 254.0 567.0 2881.0 11430.62940322385
0.0 766.0 312.0 1611.0 6251.388596415946
0.0 1324.0 41.0 145.0 707.3261649633754
0.0 995.0 207.0 957.0 3932.300347426784
0.0 1323.0 42.0 169.0 706.9867508410093
0.0 1367.0 19.0 42.0 306.70164039971763
0.0 600.0 394.0 1977.0 7830.6671526596
0.0 1024.0 187.0 955.0 3646.7643550363746
0.0 1370.0 15.0 40.0 264.76737183620065
0.0 609.0 376.0 2077.0 7754.15353654484
0.0 1369.0 14.0 67.0 245.90799810660806
0.0 822.0 276.0 1428.0 5679.941139156853
0.0 935.0 230.0 1152.0 4585.787020425467
0.0 397.0 491.0 2549.0 9986.21036121976
0.0 1034.0 193.0 865.0 3597.0937504148405
0.0 655.0 365.0 1857.0 7453.270758520214
0.0 773.0 324.0 1478.0 6199.754265641904
0.0 634.0 353.0 2071.0 7640.8548395526095
0.0 836.0 297.0 1281.0 5586.993480070224
0.0 769.0 319.0 1547.0 6297.225590325931
0.0 867.0 254.0 1337.0 5304.169972545938
0.0 1365.0 19.0 51.0 324.0229750149583
0.0 1034.0 193.0 865.0 3597.0937504148405
0.0 1026.0 184.0 933.0 3704.79759444875
0.0 865.0 250.0 1410.0 5224.110184729783
0.0 413.0 489.0 2489.0 9841.443882602405
0.0 397.0 497.0 2465.0 9984.50704997505
0.0 846.0 257.0 1428.0 5496.09870651361
0.0 397.0 497.0 2465.0 9984.50704997505
0.0 1034.0 193.0 865.0 3597.0937504148405
0.0 397.0 491.0 2549.0 9986.21036121976
0.0 793.0 283.0 1546.0 5971.570395799508
0.0 650.0 378.0 1843.0 7430.703993863292
0.0 788.0 284.0 1600.0 6083.487766308194
0.0 427.0 492.0 2410.0 9683.463316898164
0.0 797.0 293.0 1468.0 6003.945163819028
0.0 970.0 205.0 1075.0 4171.563624540103
0.0 417.0 487.0 2455.0 9775.933125033236
0.0 1369.0 11.0 75.0 266.1313774330974
0.0 629.0 373.0 1943.0 7587.376250278436
0.0 600.0 394.0 1977.0 7830.6671526596
0.0 1024.0 187.0 955.0 3646.7643550363746
0.0 338.0 526.0 2670.0 10579.507356418551
0.0 1318.0 39.0 211.0 800.4022732101528
0.0 413.0 491.0 2457.0 9823.394431856332
0.0 788.0 284.0 1600.0 6083.487766308194
0.0 1026.0 184.0 933.0 3704.79759444875
0.0 1024.0 187.0 955.0 3646.7643550363746
0.0 990.0 187.0 1146.0 4079.3934086773475
0.0 1318.0 39.0 211.0 800.4022732101528
0.0 338.0 526.0 2670.0 10579.507356418551
0.0 1034.0 193.0 865.0 3597.0937504148405
0.0 1034.0 193.0 865.0 3597.0937504148405
0.0 1370.0 15.0 51.0 251.8358318119583
0.0 1373.0 13.0 46.0 237.40212235397095
0.0 810.0 309.0 1374.0 5838.402736151196
0.0 1318.0 39.0 211.0 800.4022732101528
0.0 1352.0 23.0 98.0 460.10401249107224
0.0 1005.0 203.0 920.0 3896.266073464687
0.0 1299.0 52.0 254.0 971.8627758093772
0.0 969.0 230.0 980.0 4177.680046490605
0.0 990.0 187.0 1146.0 4079.3934086773475
0.0 1322.0 38.0 188.0 739.8369331139386
0.0 307.0 533.0 2741.0 10908.736741535633
0.0 1024.0 187.0 955.0 3646.7643550363746
0.0 903.0 250.0 1226.0 4953.571221795851
0.0 788.0 284.0 1600.0 6083.487766308194
0.0 1370.0 15.0 40.0 264.76737183620065
0.0 834.0 288.0 1329.0 5561.083920431861
0.0 300.0 534.0 2766.0 10980.182461343888
0.0 964.0 213.0 1047.0 4235.6329803368735
0.0 990.0 187.0 1146.0 4079.3934086773475
0.0 770.0 306.0 1588.0 6264.0493234345595
0.0 945.0 213.0 1238.0 4407.14083583024
0.0 1372.0 12.0 66.0 240.10173961182156
0.0 650.0 378.0 1843.0 7430.703993863292
0.0 836.0 297.0 1281.0 5586.993480070224
0.0 1364.0 18.0 58.0 328.2177579317095
0.0 1366.0 17.0 52.0 316.44971610613584
0.0 774.0 332.0 1438.0 6165.919724485888
0.0 1369.0 10.0 96.0 295.16597142198896
0.0 1370.0 12.0 71.0 248.6731848279346
0.0 846.0 257.0 1428.0 5496.09870651361
0.0 1293.0 54.0 284.0 1045.6766485273715
0.0 881.0 268.0 1249.0 5103.102605368135
0.0 1375.0 11.0 52.0 221.44702803868313
0.0 600.0 394.0 1977.0 7830.6671526596
0.0 394.0 503.0 2504.0 10015.57392934701
0.0 1332.0 32.0 168.0 634.6305269074721
0.0 1368.0 14.0 67.0 256.9045498314541
0.0 648.0 358.0 1955.0 7463.9151179229475
0.0 650.0 378.0 1843.0 7430.703993863292
0.0 793.0 283.0 1546.0 5971.570395799508
0.0 397.0 491.0 2549.0 9986.21036121976
0.0 336.0 521.0 2701.0 10603.328384842407
0.0 343.0 526.0 2639.0 10510.490254372648
0.0 887.0 247.0 1275.0 5054.361266063542
0.0 655.0 365.0 1857.0 7453.270758520214
0.0 681.0 349.0 1876.0 7076.354827161752
0.0 867.0 254.0 1337.0 5304.169972545938
0.0 1327.0 41.0 149.0 669.1022143728879
0.0 789.0 309.0 1445.0 6130.588019752382
0.0 397.0 497.0 2465.0 9984.50704997505
0.0 969.0 230.0 980.0 4177.680046490605
0.0 1357.0 23.0 75.0 426.4726049260027
0.0 1011.0 190.0 948.0 3800.151232454046
0.0 259.0 561.0 2869.0 11378.506656072479
0.0 921.0 225.0 1301.0 4779.249706403214
0.0 914.0 231.0 1245.0 4878.521483995658
0.0 1026.0 184.0 933.0 3704.79759444875
0.0 1327.0 41.0 149.0 669.1022143728879
0.0 624.0 365.0 2048.0 7672.829031280125
0.0 961.0 219.0 1034.0 4315.727741460937
0.0 1034.0 193.0 865.0 3597.0937504148405
0.0 1369.0 11.0 75.0 266.1313774330974
0.0 858.0 261.0 1322.0 5430.888970726955
0.0 969.0 230.0 980.0 4177.680046490605
0.0 251.0 566.0 2896.0 11483.618482478298
0.0 826.0 278.0 1396.0 5685.287897118055
0.0 1005.0 203.0 920.0 3896.266073464687
0.0 648.0 380.0 1788.0 7464.919989033889
0.0 655.0 365.0 1857.0 7453.270758520214
0.0 1369.0 14.0 55.0 294.09370098391463
0.0 656.0 357.0 1943.0 7383.051254868483
0.0 650.0 378.0 1843.0 7430.703993863292
0.0 1370.0 13.0 52.0 274.8453013247183
0.0 935.0 230.0 1152.0 4585.787020425467
0.0 1372.0 14.0 55.0 235.3386222406809
0.0 1006.0 181.0 1088.0 3948.9753497710835
0.0 339.0 520.0 2699.0 10582.166743336797
0.0 945.0 213.0 1238.0 4407.14083583024
0.0 717.0 331.0 1798.0 6755.96676136357
0.0 1365.0 16.0 58.0 327.85304427120985
0.0 1340.0 31.0 115.0 570.1545203977909
0.0 990.0 187.0 1146.0 4079.3934086773475
0.0 648.0 358.0 1955.0 7463.9151179229475
0.0 1368.0 14.0 67.0 256.9045498314541
0.0 1318.0 39.0 211.0 800.4022732101528
0.0 392.0 504.0 2502.0 10034.975338125045
0.0 1324.0 41.0 145.0 707.3261649633754
0.0 303.0 534.0 2754.0 10966.604253689038
0.0 990.0 187.0 1146.0 4079.3934086773475
0.0 1370.0 15.0 40.0 264.76737183620065
0.0 413.0 491.0 2457.0 9823.394431856332
0.0 1325.0 43.0 141.0 723.0030433835725
0.0 788.0 284.0 1600.0 6083.487766308194
0.0 822.0 276.0 1428.0 5679.941139156853
0.0 397.0 491.0 2549.0 9986.21036121976
0.0 1034.0 193.0 865.0 3597.0937504148405
0.0 1299.0 52.0 254.0 971.8627758093772
0.0 413.0 489.0 2489.0 9841.443882602405
0.0 1330.0 39.0 138.0 655.3938106653354
0.0 865.0 250.0 1410.0 5224.110184729783
0.0 1370.0 12.0 71.0 248.6731848279346
0.0 887.0 247.0 1275.0 5054.361266063542
0.0 1322.0 36.0 218.0 754.3684531417964
0.0 793.0 283.0 1546.0 5971.570395799508
0.0 1009.0 198.0 961.0 3850.7869579024177
0.0 600.0 394.0 1977.0 7830.6671526596
0.0 773.0 324.0 1478.0 6199.754265641904
0.0 391.0 506.0 2518.0 10047.682665907807
0.0 964.0 213.0 1047.0 4235.6329803368735
0.0 395.0 487.0 2576.0 10014.810079249703
0.0 1293.0 54.0 284.0 1045.6766485273715
0.0 655.0 365.0 1857.0 7453.270758520214
0.0 1024.0 187.0 955.0 3646.7643550363746
0.0 963.0 211.0 1073.0 4338.931782920321
0.0 1366.0 9.0 99.0 324.9806596465206
0.0 858.0 261.0 1322.0 5430.888970726955
0.0 867.0 254.0 1337.0 5304.169972545938
0.0 1370.0 14.0 58.0 250.262885468442
0.0 1367.0 13.0 64.0 313.10093819551554
0.0 1011.0 190.0 948.0 3800.151232454046
0.0 427.0 492.0 2410.0 9683.463316898164
0.0 256.0 566.0 2860.0 11414.362645842923
0.0 319.0 536.0 2660.0 10781.295688539669
0.0 903.0 250.0 1226.0 4953.571221795851
0.0 903.0 250.0 1226.0 4953.571221795851
0.0 427.0 492.0 2410.0 9683.463316898164
0.0 665.0 364.0 1825.0 7239.263716028136
0.0 846.0 257.0 1428.0 5496.09870651361
0.0 397.0 497.0 2465.0 9984.50704997505
0.0 1372.0 12.0 66.0 240.10173961182156
0.0 1011.0 190.0 948.0 3800.151232454046
0.0 1305.0 52.0 219.0 879.7836846155865
0.0 273.0 541.0 2914.0 11225.00202864448
0.0 1330.0 39.0 138.0 655.3938106653354
0.0 1005.0 203.0 920.0 3896.266073464687
0.0 328.0 533.0 2664.0 10708.797129895469
0.0 969.0 230.0 980.0 4177.680046490605
0.0 253.0 560.0 2917.0 11452.676272705648
0.0 717.0 331.0 1798.0 6755.96676136357
0.0 267.0 556.0 2848.0 11295.828967968711
0.0 605.0 374.0 2101.0 7797.05815995355
0.0 858.0 261.0 1322.0 5430.888970726955
0.0 427.0 492.0 2410.0 9683.463316898164
0.0 1024.0 187.0 955.0 3646.7643550363746
0.0 648.0 380.0 1788.0 7464.919989033889
0.0 304.0 540.0 2724.0 10937.269501246996
0.0 1328.0 30.0 214.0 712.3332683762561
0.0 978.0 216.0 976.0 4146.249487897462
0.0 773.0 324.0 1478.0 6199.754265641904
0.0 1364.0 18.0 55.0 333.43688607823856
0.0 1324.0 41.0 145.0 707.3261649633754
0.0 1365.0 19.0 51.0 324.0229750149583
0.0 1318.0 39.0 211.0 800.4022732101528
0.0 1325.0 44.0 132.0 720.3207990182455
0.0 1321.0 42.0 156.0 750.4615199454109
0.0 1372.0 14.0 55.0 235.3386222406809
0.0 836.0 297.0 1281.0 5586.993480070224
0.0 391.0 506.0 2518.0 10047.682665907807
0.0 969.0 230.0 980.0 4177.680046490605
0.0 970.0 205.0 1075.0 4171.563624540103
0.0 257.0 562.0 2874.0 11423.477268024617
0.0 613.0 396.0 1883.0 7797.294274477422
0.0 1011.0 190.0 948.0 3800.151232454046
0.0 258.0 560.0 2882.0 11381.601644656357
0.0 339.0 520.0 2699.0 10582.166743336797
0.0 861.0 280.0 1233.0 5399.643461881886
0.0 1368.0 14.0 67.0 256.9045498314541
0.0 886.0 253.0 1291.0 5053.761223401251
0.0 605.0 396.0 1971.0 7906.23473702441
0.0 655.0 365.0 1857.0 7453.270758520214
0.0 788.0 284.0 1600.0 6083.487766308194
0.0 664.0 371.0 1858.0 7247.404865570817
0.0 273.0 541.0 2914.0 11225.00202864448
0.0 394.0 503.0 2504.0 10015.57392934701
0.0 615.0 395.0 1915.0 7794.199783644961
0.0 256.0 561.0 2886.0 11415.165567339443
0.0 972.0 216.0 1015.0 4187.430314113371
0.0 251.0 566.0 2896.0 11483.618482478298
0.0 822.0 276.0 1428.0 5679.941139156853
0.0 318.0 529.0 2702.0 10807.575814489597
0.0 648.0 364.0 1897.0 7446.558994354855
0.0 769.0 319.0 1547.0 6297.225590325931
0.0 337.0 516.0 2704.0 10628.94166251951
0.0 990.0 187.0 1146.0 4079.3934086773475
0.0 846.0 257.0 1428.0 5496.09870651361
0.0 622.0 387.0 1904.0 7775.692112041397
0.0 810.0 287.0 1426.0 5853.9967789859065
0.0 995.0 207.0 957.0 3932.300347426784
0.0 656.0 357.0 1943.0 7383.051254868483
0.0 600.0 394.0 1977.0 7830.6671526596
0.0 609.0 376.0 2077.0 7754.15353654484
0.0 304.0 535.0 2739.0 10965.05211762842
0.0 1321.0 40.0 191.0 747.2089046319874
0.0 799.0 271.0 1657.0 5934.421679304347
0.0 1372.0 12.0 66.0 240.10173961182156
0.0 834.0 288.0 1329.0 5561.083920431861
0.0 602.0 386.0 2018.0 7862.144214309705
0.0 634.0 353.0 2071.0 7640.8548395526095
0.0 256.0 559.0 2903.0 11438.148893718599
0.0 1030.0 179.0 922.0 3750.7630513419626
0.0 1334.0 25.0 213.0 644.7748006229107
0.0 888.0 251.0 1286.0 5022.998797676409
0.0 1367.0 15.0 53.0 303.04492072289156
0.0 935.0 230.0 1152.0 4585.787020425467
0.0 975.0 207.0 1032.0 4097.593030314058
0.0 1005.0 203.0 920.0 3896.266073464687
0.0 1367.0 19.0 47.0 300.23491039983065
0.0 1322.0 36.0 218.0 754.3684531417964
0.0 1330.0 39.0 138.0 655.3938106653354
0.0 1006.0 181.0 1088.0 3948.9753497710835
0.0 629.0 373.0 1943.0 7587.376250278436
0.0 945.0 213.0 1238.0 4407.14083583024
0.0 648.0 358.0 1955.0 7463.9151179229475
0.0 1332.0 32.0 168.0 634.6305269074721
0.0 1034.0 193.0 865.0 3597.0937504148405
0.0 787.0 307.0 1451.0 6113.062964297922
0.0 1323.0 42.0 169.0 706.9867508410093
0.0 602.0 376.0 2189.0 7907.513859239998
0.0 1325.0 43.0 141.0 723.0030433835725
0.0 320.0 530.0 2689.0 10747.501481621148
0.0 1326.0 31.0 239.0 708.1475021701121
0.0 650.0 378.0 1843.0 7430.703993863292
0.0 925.0 232.0 1171.0 4740.401645881144
0.0 1373.0 11.0 53.0 249.3884500965614
0.0 775.0 306.0 1577.0 6140.865710339613
0.0 1359.0 17.0 86.0 397.0821420636637
0.0 963.0 211.0 1073.0 4338.931782920321
