0.0 611.0 387.0 1972.0 7840.369248279669
0.0 1027.0 184.0 959.0 3642.4592493666783
0.0 893.0 247.0 1297.0 5019.7390514673925
0.0 781.0 301.0 1539.0 6174.470279258776
0.0 1022.0 194.0 942.0 3730.544555151528
0.0 887.0 256.0 1283.0 5123.520651786264
0.0 883.0 251.0 1279.0 5136.191602882142
0.0 1314.0 45.0 211.0 818.1981605104359
0.0 396.0 505.0 2490.0 9989.703895883793
0.0 1374.0 11.0 31.0 236.12572314782835
0.0 1049.0 178.0 822.0 3413.017160455241
0.0 701.0 351.0 1768.0 6962.89067607368
0.0 1371.0 15.0 40.0 257.10270531671205
0.0 828.0 268.0 1514.0 5630.645071149214
0.0 1022.0 194.0 942.0 3730.544555151528
0.0 983.0 210.0 1013.0 4014.76189181967
0.0 392.0 498.0 2490.0 10009.336315887547
0.0 1372.0 15.0 49.0 230.67519469582467
0.0 865.0 261.0 1370.0 5218.555779074988
0.0 1373.0 15.0 31.0 212.25630367095135
0.0 848.0 255.0 1400.0 5496.049680548939
0.0 1005.0 200.0 959.0 3895.220494655987
0.0 1337.0 33.0 118.0 581.6817613502967
0.0 331.0 530.0 2680.0 10656.68226407877
0.0 314.0 534.0 2696.0 10838.07617648197
0.0 799.0 291.0 1459.0 6001.511682724009
0.0 998.0 195.0 999.0 4000.1694520650167
0.0 1369.0 14.0 53.0 277.81105095648513
0.0 314.0 534.0 2696.0 10838.07617648197
0.0 1045.0 174.0 953.0 3506.350798718614
0.0 1322.0 40.0 171.0 739.0379347302925
0.0 721.0 326.0 1713.0 6749.271759576292
0.0 1370.0 14.0 54.0 246.3094086084151
0.0 943.0 227.0 1071.0 4469.997581160069
0.0 314.0 534.0 2696.0 10838.07617648197
0.0 1084.0 154.0 835.0 3094.8631177674024
0.0 1372.0 15.0 49.0 230.67519469582467
0.0 936.0 242.0 1012.0 4664.122677316328
0.0 1304.0 47.0 274.0 911.1532054937522
0.0 580.0 407.0 2087.0 8187.664215972506
0.0 998.0 195.0 999.0 4000.1694520650167
0.0 317.0 530.0 2692.0 10798.841503411326
0.0 850.0 262.0 1344.0 5482.1954980300325
0.0 1370.0 14.0 54.0 246.3094086084151
0.0 1023.0 173.0 969.0 3680.4728799266213
0.0 1314.0 45.0 211.0 818.1981605104359
0.0 1329.0 36.0 145.0 654.4763353654487
0.0 1363.0 16.0 56.0 359.39691060482374
0.0 255.0 561.0 2890.0 11420.26656651961
0.0 1367.0 17.0 46.0 306.4112791051806
0.0 1027.0 184.0 959.0 3642.4592493666783
0.0 580.0 407.0 2087.0 8187.664215972506
0.0 1027.0 184.0 959.0 3642.4592493666783
0.0 1032.0 188.0 882.0 3631.7768635102534
0.0 608.0 381.0 2009.0 7891.119339730533
0.0 425.0 490.0 2426.0 9691.208733757354
0.0 266.0 549.0 2906.0 11313.430923828048
0.0 767.0 303.0 1658.0 6250.916901434735
0.0 850.0 262.0 1344.0 5482.1954980300325
0.0 1027.0 184.0 959.0 3642.4592493666783
0.0 918.0 231.0 1261.0 4821.7017076304855
0.0 943.0 227.0 1071.0 4469.997581160069
0.0 1370.0 10.0 75.0 266.00582300049336
0.0 850.0 262.0 1344.0 5482.1954980300325
0.0 773.0 312.0 1519.0 6270.0621936041125
0.0 1006.0 189.0 996.0 3899.835669302259
0.0 1023.0 173.0 969.0 3680.4728799266213
0.0 1022.0 194.0 942.0 3730.544555151528
0.0 1322.0 40.0 171.0 739.0379347302925
0.0 521.0 425.0 2249.0 8740.64546872011
0.0 792.0 304.0 1450.0 6069.471446770299
0.0 421.0 479.0 2466.0 9727.578276619728
0.0 639.0 349.0 2002.0 7649.133762729192
0.0 1022.0 194.0 942.0 3730.544555151528
0.0 314.0 534.0 2696.0 10838.07617648197
0.0 1376.0 10.0 57.0 208.24930849680877
0.0 329.0 530.0 2684.0 10703.268640900806
0.0 773.0 312.0 1519.0 6270.0621936041125
0.0 1369.0 11.0 76.0 292.5929819585797
0.0 883.0 260.0 1280.0 5126.094173582042
0.0 639.0 349.0 2002.0 7649.133762729192
0.0 1152.0 118.0 625.0 2446.066669285563
0.0 1027.0 184.0 959.0 3642.4592493666783
0.0 982.0 208.0 984.0 4127.464715337355
0.0 1294.0 53.0 255.0 1009.3150197073779
0.0 631.0 377.0 1911.0 7601.496723439014
0.0 315.0 527.0 2746.0 10817.82831090749
0.0 1045.0 182.0 879.0 3538.677337279351
0.0 318.0 528.0 2719.0 10772.84109614077
0.0 1027.0 184.0 959.0 3642.4592493666783
0.0 654.0 369.0 1843.0 7373.640883916869
0.0 652.0 368.0 1885.0 7344.8631842679215
0.0 850.0 262.0 1344.0 5482.1954980300325
0.0 943.0 227.0 1071.0 4469.997581160069
0.0 1329.0 36.0 145.0 654.4763353654487
0.0 400.0 497.0 2457.0 9953.823924594482
0.0 611.0 387.0 1972.0 7840.369248279669
0.0 678.0 352.0 1890.0 7157.964632089548
0.0 399.0 502.0 2490.0 9967.857942698189
0.0 1300.0 47.0 280.0 956.5683543668397
0.0 1314.0 45.0 211.0 818.1981605104359
0.0 783.0 291.0 1583.0 6084.095717875953
0.0 655.0 355.0 1949.0 7380.502743025635
0.0 1045.0 174.0 953.0 3506.350798718614
0.0 813.0 308.0 1344.0 5811.739054756005
0.0 313.0 537.0 2690.0 10836.99419533954
0.0 802.0 287.0 1478.0 5895.100747597239
0.0 829.0 267.0 1447.0 5709.29098822705
0.0 1363.0 19.0 59.0 334.5525107539056
0.0 323.0 536.0 2655.0 10733.903201334979
0.0 317.0 530.0 2692.0 10798.841503411326
0.0 1326.0 36.0 172.0 669.0514603500765
0.0 1045.0 174.0 953.0 3506.350798718614
0.0 317.0 529.0 2720.0 10817.613538060423
0.0 992.0 194.0 1063.0 3986.6604857357147
0.0 676.0 361.0 1802.0 7132.962755910722
0.0 701.0 351.0 1768.0 6962.89067607368
0.0 877.0 246.0 1356.0 5220.274502350621
0.0 788.0 316.0 1432.0 6132.457937809664
0.0 1005.0 200.0 959.0 3895.220494655987
0.0 425.0 490.0 2426.0 9691.208733757354
0.0 948.0 215.0 1135.0 4467.012307928296
0.0 1366.0 18.0 41.0 291.50117830722104
0.0 392.0 498.0 2490.0 10009.336315887547
0.0 817.0 281.0 1424.0 5853.294882579419
0.0 1367.0 19.0 39.0 300.99172498096823
0.0 1361.0 20.0 54.0 369.532708763178
0.0 1045.0 174.0 953.0 3506.350798718614
0.0 591.0 396.0 2010.0 7984.905859452644
0.0 580.0 407.0 2087.0 8187.664215972506
0.0 1372.0 15.0 49.0 230.67519469582467
0.0 813.0 308.0 1344.0 5811.739054756005
0.0 257.0 558.0 2895.0 11429.891778054307
0.0 1032.0 188.0 882.0 3631.7768635102534
0.0 1322.0 40.0 171.0 739.0379347302925
0.0 317.0 530.0 2692.0 10798.841503411326
0.0 639.0 349.0 2002.0 7649.133762729192
0.0 1314.0 45.0 211.0 818.1981605104359
0.0 802.0 275.0 1601.0 6012.7457229774045
0.0 1022.0 194.0 942.0 3730.544555151528
0.0 1319.0 41.0 207.0 780.4833158000225
0.0 425.0 490.0 2426.0 9691.208733757354
0.0 936.0 242.0 1012.0 4664.122677316328
0.0 884.0 248.0 1327.0 5167.420142772945
0.0 821.0 294.0 1334.0 5741.746208528882
0.0 1027.0 184.0 959.0 3642.4592493666783
0.0 256.0 564.0 2858.0 11411.40753555262
0.0 776.0 296.0 1651.0 6199.200227040131
0.0 330.0 526.0 2676.0 10676.525293159391
0.0 655.0 366.0 1860.0 7394.262403751553
0.0 721.0 326.0 1713.0 6749.271759576292
0.0 637.0 371.0 1906.0 7567.938875491072
0.0 1369.0 11.0 76.0 292.5929819585797
0.0 572.0 414.0 2101.0 8194.373086413992
0.0 701.0 351.0 1768.0 6962.89067607368
0.0 946.0 221.0 1096.0 4440.829845545926
0.0 883.0 260.0 1280.0 5126.094173582042
0.0 767.0 303.0 1658.0 6250.916901434735
0.0 948.0 215.0 1135.0 4467.012307928296
0.0 1319.0 41.0 207.0 780.4833158000225
0.0 1372.0 15.0 49.0 230.67519469582467
0.0 597.0 391.0 2050.0 7960.8443166266
0.0 794.0 298.0 1457.0 6056.036055725096
0.0 1359.0 17.0 97.0 380.6775976462623
0.0 1323.0 40.0 165.0 730.0760013972405
0.0 1371.0 15.0 40.0 257.10270531671205
0.0 773.0 312.0 1519.0 6270.0621936041125
0.0 1369.0 10.0 83.0 281.299254533081
0.0 1329.0 36.0 145.0 654.4763353654487
0.0 765.0 314.0 1582.0 6370.154872211191
0.0 940.0 218.0 1198.0 4568.150801404244
0.0 1032.0 188.0 882.0 3631.7768635102534
0.0 773.0 312.0 1519.0 6270.0621936041125
0.0 280.0 557.0 2771.0 11199.423575910387
0.0 254.0 562.0 2891.0 11431.562976110099
0.0 652.0 368.0 1885.0 7344.8631842679215
0.0 943.0 227.0 1071.0 4469.997581160069
0.0 1372.0 12.0 47.0 243.31501938534242
0.0 655.0 366.0 1860.0 7394.262403751553
0.0 315.0 525.0 2762.0 10827.513101622655
0.0 943.0 227.0 1071.0 4469.997581160069
0.0 655.0 366.0 1860.0 7394.262403751553
0.0 255.0 559.0 2902.0 11452.543041986439
0.0 425.0 490.0 2426.0 9691.208733757354
0.0 1023.0 173.0 969.0 3680.4728799266213
0.0 418.0 487.0 2459.0 9794.036141563789
0.0 792.0 286.0 1561.0 6040.924399253007
0.0 865.0 261.0 1370.0 5218.555779074988
0.0 850.0 262.0 1344.0 5482.1954980300325
0.0 597.0 391.0 2050.0 7960.8443166266
0.0 1022.0 194.0 942.0 3730.544555151528
0.0 1340.0 27.0 152.0 563.2766987055534
0.0 978.0 206.0 1037.0 4133.790302763728
0.0 813.0 308.0 1344.0 5811.739054756005
0.0 918.0 231.0 1261.0 4821.7017076304855
0.0 768.0 306.0 1608.0 6338.966301897569
0.0 392.0 498.0 2490.0 10009.336315887547
0.0 1032.0 188.0 882.0 3631.7768635102534
0.0 820.0 287.0 1381.0 5787.373662123274
0.0 1376.0 10.0 57.0 208.24930849680877
0.0 256.0 563.0 2876.0 11406.87729412215
0.0 1367.0 17.0 46.0 306.4112791051806
0.0 521.0 425.0 2249.0 8740.64546872011
0.0 1049.0 178.0 822.0 3413.017160455241
0.0 636.0 375.0 1882.0 7674.404052154889
0.0 948.0 215.0 1135.0 4467.012307928296
0.0 655.0 355.0 1949.0 7380.502743025635
0.0 983.0 210.0 1013.0 4014.76189181967
0.0 330.0 526.0 2676.0 10676.525293159391
0.0 992.0 194.0 1063.0 3986.6604857357147
0.0 1045.0 174.0 953.0 3506.350798718614
0.0 1329.0 36.0 145.0 654.4763353654487
0.0 1022.0 194.0 942.0 3730.544555151528
0.0 425.0 490.0 2426.0 9691.208733757354
0.0 611.0 387.0 1972.0 7840.369248279669
0.0 946.0 221.0 1096.0 4440.829845545926
0.0 1006.0 189.0 996.0 3899.835669302259
0.0 1319.0 41.0 207.0 780.4833158000225
0.0 978.0 206.0 1037.0 4133.790302763728
0.0 1370.0 14.0 54.0 246.3094086084151
0.0 1314.0 45.0 211.0 818.1981605104359
0.0 580.0 407.0 2087.0 8187.664215972506
0.0 837.0 270.0 1444.0 5554.735288939456
0.0 1373.0 15.0 31.0 212.25630367095135
0.0 590.0 386.0 2135.0 7991.634864211867
0.0 1330.0 36.0 144.0 650.5480350782246
0.0 1323.0 34.0 183.0 762.4182801901583
0.0 318.0 528.0 2719.0 10772.84109614077
0.0 999.0 185.0 1105.0 3947.5450962547343
0.0 599.0 400.0 1994.0 7974.813551604445
0.0 1369.0 11.0 76.0 292.5929819585797
0.0 1321.0 46.0 152.0 742.11604171873
0.0 1323.0 34.0 207.0 720.0042583131567
0.0 850.0 262.0 1344.0 5482.1954980300325
0.0 678.0 352.0 1890.0 7157.964632089548
0.0 678.0 349.0 1869.0 7193.24400589128
0.0 1372.0 16.0 43.0 224.91906116408578
0.0 918.0 231.0 1261.0 4821.7017076304855
0.0 940.0 218.0 1198.0 4568.150801404244
0.0 1369.0 10.0 83.0 281.299254533081
0.0 1032.0 188.0 882.0 3631.7768635102534
0.0 314.0 534.0 2696.0 10838.07617648197
0.0 317.0 530.0 2692.0 10798.841503411326
0.0 773.0 312.0 1519.0 6270.0621936041125
0.0 1028.0 192.0 946.0 3609.875341789789
0.0 1373.0 14.0 42.0 235.8682387471874
0.0 1004.0 202.0 956.0 3916.6119688182393
0.0 966.0 203.0 1171.0 4304.810427703236
0.0 982.0 208.0 984.0 4127.464715337355
0.0 802.0 287.0 1478.0 5895.100747597239
0.0 1376.0 10.0 57.0 208.24930849680877
0.0 701.0 351.0 1768.0 6962.89067607368
0.0 1005.0 200.0 959.0 3895.220494655987
0.0 608.0 381.0 2009.0 7891.119339730533
0.0 936.0 242.0 1012.0 4664.122677316328
0.0 639.0 349.0 2002.0 7649.133762729192
0.0 848.0 255.0 1400.0 5496.049680548939
0.0 994.0 206.0 964.0 4062.7078327626264
0.0 1027.0 184.0 959.0 3642.4592493666783
0.0 254.0 562.0 2891.0 11431.562976110099
0.0 270.0 546.0 2904.0 11259.029497552088
0.0 256.0 564.0 2858.0 11411.40753555262
0.0 1323.0 36.0 182.0 734.0517328187474
0.0 998.0 195.0 999.0 4000.1694520650167
0.0 813.0 308.0 1344.0 5811.739054756005
0.0 631.0 377.0 1911.0 7601.496723439014
0.0 809.0 288.0 1406.0 5842.277873804383
0.0 866.0 279.0 1294.0 5283.205261329884
0.0 597.0 391.0 2050.0 7960.8443166266
0.0 884.0 248.0 1327.0 5167.420142772945
0.0 1367.0 17.0 46.0 306.4112791051806
0.0 1326.0 36.0 172.0 669.0514603500765
0.0 1323.0 40.0 165.0 730.0760013972405
0.0 315.0 527.0 2746.0 10817.82831090749
0.0 1372.0 15.0 49.0 230.67519469582467
0.0 1371.0 15.0 40.0 257.10270531671205
0.0 943.0 227.0 1071.0 4469.997581160069
0.0 1339.0 27.0 152.0 574.8642377642321
0.0 262.0 558.0 2860.0 11355.423231174862
0.0 817.0 284.0 1428.0 5795.292171665355
0.0 1322.0 40.0 171.0 739.0379347302925
0.0 676.0 361.0 1802.0 7132.962755910722
0.0 1337.0 33.0 118.0 581.6817613502967
0.0 993.0 190.0 1101.0 3994.685619102013
0.0 954.0 224.0 1050.0 4401.127144454706
0.0 1335.0 37.0 116.0 634.3352688091616
0.0 1319.0 36.0 209.0 767.5399806901278
0.0 819.0 268.0 1546.0 5789.431162605856
0.0 1335.0 30.0 146.0 606.4078385259513
0.0 926.0 226.0 1254.0 4676.458078292539
0.0 655.0 366.0 1860.0 7394.262403751553
0.0 654.0 369.0 1843.0 7373.640883916869
0.0 637.0 371.0 1906.0 7567.938875491072
