0.0 994.0 206.0 945.0 3979.4944607258867
0.0 874.0 266.0 1273.0 5164.997793125547
0.0 1370.0 12.0 66.0 264.5143140877299
0.0 810.0 300.0 1394.0 5846.359051741454
0.0 1367.0 18.0 43.0 301.5009414363332
0.0 1036.0 180.0 922.0 3631.557676394207
0.0 994.0 206.0 945.0 3979.4944607258867
0.0 855.0 269.0 1343.0 5403.276017352209
0.0 1321.0 36.0 198.0 736.2113357092313
0.0 935.0 220.0 1264.0 4573.146487431401
0.0 1373.0 13.0 35.0 219.90362503982848
0.0 1004.0 190.0 957.0 3929.534007922907
0.0 661.0 355.0 1863.0 7304.834149017067
0.0 1036.0 180.0 922.0 3631.557676394207
0.0 989.0 198.0 1019.0 4081.9966255509407
0.0 1371.0 13.0 54.0 268.73789094882153
0.0 778.0 288.0 1628.0 6201.340601741653
0.0 1025.0 186.0 911.0 3724.29136142768
0.0 313.0 528.0 2770.0 10845.67546403009
0.0 259.0 564.0 2843.0 11372.730170505814
0.0 323.0 534.0 2703.0 10753.041656184718
0.0 1372.0 10.0 53.0 268.9193623015441
0.0 1336.0 35.0 113.0 621.727886930027
0.0 313.0 528.0 2770.0 10845.67546403009
0.0 1012.0 182.0 1042.0 3855.7534459266794
0.0 1338.0 29.0 131.0 555.1539480454492
0.0 1330.0 33.0 148.0 672.588711042662
0.0 1370.0 17.0 31.0 268.33653888497656
0.0 891.0 251.0 1233.0 4971.50773614932
0.0 1369.0 18.0 39.0 282.0766551167757
0.0 395.0 506.0 2465.0 9992.929390013012
0.0 795.0 308.0 1438.0 5968.86992755737
0.0 696.0 344.0 1776.0 6876.380432182114
0.0 336.0 527.0 2676.0 10631.679092924165
0.0 834.0 286.0 1334.0 5678.551315584213
0.0 989.0 198.0 1019.0 4081.9966255509407
0.0 342.0 520.0 2665.0 10556.975313598383
0.0 342.0 520.0 2665.0 10556.975313598383
0.0 1371.0 13.0 55.0 243.47814285421603
0.0 893.0 249.0 1264.0 5032.1973056004
0.0 1357.0 20.0 85.0 417.8457791590534
0.0 1322.0 43.0 156.0 741.3308788757685
0.0 256.0 561.0 2907.0 11396.586886708212
0.0 330.0 527.0 2688.0 10702.270191073407
0.0 1328.0 41.0 127.0 654.0538512721135
0.0 391.0 498.0 2560.0 10014.70229304255
0.0 800.0 291.0 1435.0 5934.840714173008
0.0 602.0 385.0 2034.0 7957.080579319602
0.0 276.0 553.0 2823.0 11196.797896676808
0.0 1369.0 13.0 64.0 264.19019992059805
0.0 1293.0 54.0 291.0 1010.7715991760404
0.0 865.0 278.0 1260.0 5266.4777354852795
0.0 882.0 262.0 1241.0 5191.373856365082
0.0 1324.0 42.0 133.0 744.1707109958659
0.0 1360.0 22.0 59.0 365.222516459566
0.0 1322.0 43.0 156.0 741.3308788757685
0.0 635.0 387.0 1861.0 7639.325523710814
0.0 1036.0 180.0 922.0 3631.557676394207
0.0 994.0 206.0 945.0 3979.4944607258867
0.0 395.0 506.0 2465.0 9992.929390013012
0.0 1318.0 42.0 194.0 776.6395234495128
0.0 254.0 567.0 2862.0 11438.140360702766
0.0 391.0 498.0 2560.0 10014.70229304255
0.0 328.0 530.0 2664.0 10675.70910683365
0.0 313.0 528.0 2770.0 10845.67546403009
0.0 391.0 502.0 2532.0 10059.770951861925
0.0 1025.0 186.0 911.0 3724.29136142768
0.0 315.0 534.0 2704.0 10816.452029514856
0.0 804.0 274.0 1567.0 5992.35092039993
0.0 601.0 397.0 2019.0 7899.933093145963
0.0 696.0 344.0 1776.0 6876.380432182114
0.0 1373.0 15.0 21.0 226.02458624764404
0.0 988.0 212.0 982.0 4108.117456088014
0.0 937.0 232.0 1115.0 4573.566761453921
0.0 1372.0 8.0 60.0 264.25492395674667
0.0 1369.0 13.0 64.0 264.19019992059805
0.0 1297.0 51.0 277.0 1004.140725714221
0.0 1036.0 180.0 922.0 3631.557676394207
0.0 795.0 271.0 1643.0 6035.498219198551
0.0 696.0 344.0 1776.0 6876.380432182114
0.0 728.0 331.0 1737.0 6646.59102005676
0.0 327.0 527.0 2695.0 10717.140367668017
0.0 687.0 367.0 1721.0 7092.975761769907
0.0 1374.0 12.0 61.0 223.98838776711304
0.0 270.0 547.0 2886.0 11259.262071246267
0.0 1318.0 41.0 213.0 763.7369769783132
0.0 818.0 301.0 1360.0 5794.20468673514
0.0 1321.0 36.0 198.0 736.2113357092313
0.0 1372.0 11.0 63.0 254.98219853628032
0.0 989.0 198.0 1019.0 4081.9966255509407
0.0 988.0 212.0 982.0 4108.117456088014
0.0 698.0 336.0 1783.0 7021.460009016964
0.0 308.0 534.0 2737.0 10898.556498066126
0.0 1374.0 12.0 61.0 223.98838776711304
0.0 1315.0 42.0 218.0 817.4969020500167
0.0 728.0 331.0 1737.0 6646.59102005676
0.0 775.0 297.0 1589.0 6125.62848918579
0.0 956.0 228.0 1032.0 4382.985656121193
0.0 901.0 237.0 1332.0 4964.005732209684
0.0 1324.0 42.0 133.0 744.1707109958659
0.0 1338.0 29.0 131.0 555.1539480454492
0.0 989.0 198.0 1019.0 4081.9966255509407
0.0 313.0 528.0 2770.0 10845.67546403009
0.0 257.0 564.0 2870.0 11370.63790837928
0.0 696.0 344.0 1776.0 6876.380432182114
0.0 864.0 255.0 1407.0 5298.259079766199
0.0 944.0 222.0 1139.0 4502.143400405792
0.0 661.0 355.0 1863.0 7304.834149017067
0.0 1007.0 203.0 921.0 3857.7143295929063
0.0 866.0 280.0 1258.0 5278.566634536961
0.0 1004.0 190.0 957.0 3929.534007922907
0.0 1012.0 182.0 1042.0 3855.7534459266794
0.0 1370.0 17.0 31.0 268.33653888497656
0.0 779.0 316.0 1436.0 6140.036835173466
0.0 1324.0 42.0 133.0 744.1707109958659
0.0 937.0 232.0 1115.0 4573.566761453921
0.0 509.0 436.0 2268.0 8799.665261183383
0.0 1368.0 19.0 33.0 283.8602425329886
0.0 312.0 537.0 2707.0 10855.867315246254
0.0 1370.0 12.0 55.0 275.8067331972611
0.0 631.0 365.0 1948.0 7647.9351193900275
0.0 258.0 560.0 2889.0 11386.467016046636
0.0 1335.0 29.0 150.0 616.8574221649475
0.0 1025.0 186.0 911.0 3724.29136142768
0.0 1370.0 17.0 31.0 268.33653888497656
0.0 257.0 555.0 2921.0 11400.381358743914
0.0 869.0 258.0 1331.0 5204.773635939671
0.0 1365.0 17.0 52.0 332.1423413618207
0.0 1321.0 36.0 198.0 736.2113357092313
0.0 1372.0 11.0 78.0 232.77057653620147
0.0 978.0 202.0 1067.0 4124.178283907937
0.0 792.0 299.0 1485.0 5996.962557864865
0.0 395.0 506.0 2465.0 9992.929390013012
0.0 621.0 385.0 1937.0 7750.539157807584
0.0 839.0 276.0 1372.0 5527.051714893561
0.0 1372.0 8.0 60.0 264.25492395674667
0.0 882.0 262.0 1241.0 5191.373856365082
0.0 834.0 286.0 1334.0 5678.551315584213
0.0 696.0 344.0 1776.0 6876.380432182114
0.0 900.0 250.0 1258.0 4964.793165282393
0.0 811.0 283.0 1414.0 5814.4775550139675
0.0 1365.0 17.0 52.0 332.1423413618207
0.0 1007.0 203.0 921.0 3857.7143295929063
0.0 336.0 527.0 2676.0 10631.679092924165
0.0 801.0 288.0 1501.0 5884.384298843219
0.0 391.0 502.0 2532.0 10059.770951861925
0.0 1322.0 43.0 156.0 741.3308788757685
0.0 741.0 330.0 1681.0 6391.457580958026
0.0 989.0 198.0 1019.0 4081.9966255509407
0.0 652.0 378.0 1822.0 7465.243947492933
0.0 332.0 526.0 2658.0 10634.007349746364
0.0 812.0 273.0 1519.0 5901.659661187408
0.0 783.0 311.0 1514.0 6030.416546881956
0.0 1002.0 192.0 1026.0 3888.2788528873198
0.0 834.0 283.0 1379.0 5535.464745977196
0.0 255.0 562.0 2911.0 11425.63253475197
0.0 261.0 556.0 2878.0 11363.580018434768
0.0 314.0 529.0 2740.0 10808.743641952937
0.0 1368.0 19.0 33.0 283.8602425329886
0.0 1324.0 42.0 133.0 744.1707109958659
0.0 994.0 206.0 945.0 3979.4944607258867
0.0 968.0 223.0 1029.0 4212.0447924331365
0.0 997.0 191.0 1057.0 4026.0888692408826
0.0 799.0 306.0 1419.0 6011.479472498802
0.0 645.0 355.0 2044.0 7445.580642401104
0.0 978.0 202.0 1067.0 4124.178283907937
0.0 988.0 212.0 982.0 4108.117456088014
0.0 648.0 363.0 1890.0 7448.8813533844195
0.0 1373.0 15.0 21.0 226.02458624764404
0.0 1318.0 41.0 213.0 763.7369769783132
0.0 939.0 232.0 1093.0 4567.488673243419
0.0 391.0 498.0 2560.0 10014.70229304255
0.0 602.0 385.0 2034.0 7957.080579319602
0.0 308.0 534.0 2737.0 10898.556498066126
0.0 994.0 206.0 945.0 3979.4944607258867
0.0 395.0 506.0 2465.0 9992.929390013012
0.0 1025.0 186.0 911.0 3724.29136142768
0.0 1373.0 15.0 21.0 226.02458624764404
0.0 856.0 268.0 1349.0 5328.869991800606
0.0 1372.0 8.0 60.0 264.25492395674667
0.0 864.0 255.0 1407.0 5298.259079766199
0.0 1370.0 17.0 31.0 268.33653888497656
0.0 866.0 280.0 1258.0 5278.566634536961
0.0 1036.0 180.0 922.0 3631.557676394207
0.0 784.0 285.0 1577.0 6149.490173771521
0.0 1025.0 186.0 911.0 3724.29136142768
0.0 326.0 530.0 2679.0 10699.391669179424
0.0 661.0 355.0 1863.0 7304.834149017067
0.0 992.0 194.0 1101.0 3957.306339509816
0.0 315.0 534.0 2704.0 10816.452029514856
0.0 810.0 300.0 1394.0 5846.359051741454
0.0 311.0 536.0 2720.0 10857.710745925066
0.0 331.0 532.0 2680.0 10661.394638425638
0.0 882.0 262.0 1241.0 5191.373856365082
0.0 955.0 218.0 1034.0 4442.351443556101
0.0 775.0 297.0 1589.0 6125.62848918579
0.0 263.0 551.0 2921.0 11327.387924866318
0.0 1369.0 13.0 64.0 264.19019992059805
0.0 778.0 288.0 1628.0 6201.340601741653
0.0 866.0 280.0 1258.0 5278.566634536961
0.0 257.0 561.0 2868.0 11401.4682935936
0.0 1372.0 11.0 78.0 232.77057653620147
0.0 659.0 366.0 1854.0 7418.536877113733
0.0 965.0 200.0 1142.0 4258.970360946436
0.0 997.0 191.0 1057.0 4026.0888692408826
0.0 1003.0 185.0 1109.0 3925.067867166449
0.0 804.0 274.0 1567.0 5992.35092039993
0.0 323.0 534.0 2703.0 10753.041656184718
0.0 865.0 278.0 1260.0 5266.4777354852795
0.0 1330.0 33.0 148.0 672.588711042662
0.0 1370.0 15.0 44.0 274.89800083376116
0.0 342.0 520.0 2665.0 10556.975313598383
0.0 883.0 236.0 1472.0 5152.215216723996
0.0 310.0 535.0 2712.0 10897.108156640008
0.0 1036.0 180.0 922.0 3631.557676394207
0.0 687.0 367.0 1721.0 7092.975761769907
0.0 955.0 218.0 1034.0 4442.351443556101
0.0 844.0 284.0 1275.0 5590.157963216124
0.0 1036.0 180.0 922.0 3631.557676394207
0.0 1321.0 36.0 198.0 736.2113357092313
0.0 616.0 384.0 1967.0 7797.610202760864
0.0 391.0 498.0 2560.0 10014.70229304255
0.0 1324.0 42.0 133.0 744.1707109958659
0.0 978.0 202.0 1067.0 4124.178283907937
0.0 1373.0 15.0 21.0 226.02458624764404
0.0 696.0 344.0 1776.0 6876.380432182114
0.0 1004.0 190.0 957.0 3929.534007922907
0.0 1365.0 17.0 52.0 332.1423413618207
0.0 956.0 214.0 1137.0 4338.614217597072
0.0 968.0 223.0 1029.0 4212.0447924331365
0.0 955.0 218.0 1034.0 4442.351443556101
0.0 1369.0 12.0 67.0 288.6220035421399
0.0 1316.0 40.0 204.0 800.3098775180679
0.0 266.0 549.0 2900.0 11295.140542346333
0.0 755.0 316.0 1638.0 6406.957316919019
0.0 643.0 363.0 1970.0 7420.935583878
0.0 1315.0 42.0 218.0 817.4969020500167
0.0 633.0 366.0 1985.0 7580.190530100608
0.0 784.0 318.0 1479.0 6079.507546646229
0.0 661.0 355.0 1863.0 7304.834149017067
0.0 792.0 299.0 1485.0 5996.962557864865
0.0 1370.0 17.0 31.0 268.33653888497656
0.0 314.0 531.0 2736.0 10835.113499100256
0.0 635.0 387.0 1861.0 7639.325523710814
0.0 323.0 534.0 2703.0 10753.041656184718
0.0 611.0 384.0 2009.0 7713.442102727666
0.0 652.0 378.0 1822.0 7465.243947492933
0.0 1025.0 186.0 911.0 3724.29136142768
0.0 602.0 385.0 2034.0 7957.080579319602
0.0 601.0 397.0 2019.0 7899.933093145963
0.0 1012.0 182.0 1042.0 3855.7534459266794
0.0 1335.0 29.0 150.0 616.8574221649475
0.0 777.0 305.0 1533.0 6327.056139833848
0.0 687.0 367.0 1721.0 7092.975761769907
0.0 972.0 190.0 1242.0 4206.489377367849
0.0 989.0 198.0 1019.0 4081.9966255509407
0.0 1372.0 13.0 57.0 230.88158665990875
0.0 826.0 283.0 1387.0 5688.8433206518675
0.0 856.0 268.0 1349.0 5328.869991800606
0.0 882.0 262.0 1241.0 5191.373856365082
0.0 645.0 355.0 2044.0 7445.580642401104
0.0 804.0 274.0 1567.0 5992.35092039993
0.0 1318.0 41.0 213.0 763.7369769783132
0.0 647.0 366.0 1908.0 7440.070305442975
0.0 1002.0 192.0 1026.0 3888.2788528873198
0.0 612.0 383.0 1995.0 7861.388814608977
0.0 992.0 194.0 1101.0 3957.306339509816
0.0 956.0 228.0 1032.0 4382.985656121193
0.0 1328.0 41.0 127.0 654.0538512721135
0.0 805.0 274.0 1544.0 5908.60226193506
0.0 997.0 191.0 1057.0 4026.0888692408826
0.0 839.0 277.0 1385.0 5521.958609415093
0.0 329.0 526.0 2703.0 10695.629379221544
0.0 645.0 352.0 2004.0 7481.395498396342
0.0 1345.0 24.0 138.0 513.1411381200776
0.0 618.0 372.0 2052.0 7770.119533230976
0.0 621.0 385.0 1937.0 7750.539157807584
0.0 642.0 355.0 1994.0 7606.804102186332
0.0 1330.0 33.0 148.0 672.588711042662
0.0 1325.0 32.0 212.0 716.574357922431
0.0 623.0 379.0 1953.0 7688.485494300288
0.0 878.0 258.0 1291.0 5142.2915975954975
0.0 939.0 232.0 1093.0 4567.488673243419
0.0 1360.0 22.0 59.0 365.222516459566
0.0 1322.0 43.0 156.0 741.3308788757685
0.0 1374.0 12.0 61.0 223.98838776711304
0.0 728.0 331.0 1737.0 6646.59102005676
0.0 1369.0 13.0 64.0 264.19019992059805
0.0 631.0 365.0 1948.0 7647.9351193900275
0.0 994.0 206.0 945.0 3979.4944607258867
0.0 935.0 220.0 1264.0 4573.146487431401
0.0 1320.0 39.0 205.0 762.1111034006935
0.0 1338.0 29.0 131.0 555.1539480454492
0.0 614.0 394.0 1917.0 7824.473016535976
0.0 950.0 208.0 1205.0 4455.819404651271
0.0 937.0 232.0 1115.0 4573.566761453921
0.0 621.0 366.0 2032.0 7733.2801017605625
0.0 1318.0 42.0 194.0 776.6395234495128
