0.0 621.0 359.0 2105.0 7631.741799836482
0.0 999.0 195.0 1000.0 3967.1609802414646
0.0 1322.0 39.0 191.0 754.4551102812499
0.0 1007.0 186.0 953.0 3891.855503062778
0.0 312.0 527.0 2824.0 10863.530883004349
0.0 768.0 307.0 1575.0 6294.715376950992
0.0 452.0 464.0 2423.0 9503.304430107464
0.0 714.0 346.0 1703.0 6845.2243716755265
0.0 300.0 536.0 2803.0 10963.320042171143
0.0 1359.0 22.0 69.0 398.7127641984149
0.0 839.0 280.0 1337.0 5484.241133652296
0.0 1328.0 31.0 201.0 671.9862577627237
0.0 992.0 193.0 1073.0 3980.8791051345047
0.0 1371.0 12.0 57.0 264.2159972801766
0.0 992.0 193.0 1073.0 3980.8791051345047
0.0 1328.0 42.0 149.0 667.5905015358409
0.0 617.0 365.0 2094.0 7687.3348243022265
0.0 1325.0 40.0 142.0 698.5741802027705
0.0 606.0 397.0 1953.0 7908.371839644433
0.0 784.0 313.0 1467.0 6103.415429001551
0.0 942.0 223.0 1152.0 4495.853496060935
0.0 827.0 276.0 1387.0 5655.726516235722
0.0 1005.0 198.0 934.0 3865.0457759154697
0.0 651.0 381.0 1804.0 7425.219626060261
0.0 1021.0 180.0 972.0 3763.2709942907127
0.0 827.0 276.0 1387.0 5655.726516235722
0.0 624.0 383.0 1955.0 7669.578048501904
0.0 1373.0 10.0 75.0 236.14020796533248
0.0 763.0 311.0 1590.0 6254.6046931149085
0.0 1019.0 193.0 917.0 3724.555213151134
0.0 1316.0 40.0 223.0 815.3374137441212
0.0 810.0 304.0 1347.0 5873.139581149382
0.0 610.0 383.0 2014.0 7809.585733741317
0.0 1005.0 198.0 934.0 3865.0457759154697
0.0 406.0 499.0 2453.0 9887.530649594335
0.0 973.0 199.0 1077.0 4248.86888623616
0.0 867.0 252.0 1353.0 5234.375280792696
0.0 391.0 503.0 2513.0 10038.647379105545
0.0 262.0 554.0 2884.0 11381.696322199716
0.0 992.0 193.0 1073.0 3980.8791051345047
0.0 1009.0 188.0 1017.0 3789.7105010000396
0.0 803.0 308.0 1371.0 5936.180760804981
0.0 305.0 535.0 2745.0 10910.821540560119
0.0 1334.0 29.0 177.0 614.2082106980591
0.0 841.0 262.0 1485.0 5501.154512848612
0.0 1047.0 177.0 889.0 3468.135053652739
0.0 390.0 506.0 2522.0 10038.116457133536
0.0 827.0 276.0 1387.0 5655.726516235722
0.0 1018.0 194.0 942.0 3783.832359483741
0.0 1373.0 11.0 50.0 225.43766257306538
0.0 886.0 254.0 1245.0 5114.792264952982
0.0 817.0 277.0 1455.0 5722.399490849512
0.0 1367.0 16.0 59.0 284.44217437111286
0.0 962.0 202.0 1149.0 4335.375091228408
0.0 1368.0 15.0 56.0 283.45223271413437
0.0 938.0 236.0 1115.0 4563.776025145043
0.0 1367.0 14.0 67.0 304.1521984638686
0.0 1372.0 13.0 59.0 245.97736056742696
0.0 962.0 202.0 1149.0 4335.375091228408
0.0 1373.0 10.0 75.0 236.14020796533248
0.0 974.0 214.0 994.0 4273.791071456382
0.0 311.0 530.0 2806.0 10871.19079285975
0.0 304.0 531.0 2839.0 10945.032830698401
0.0 286.0 550.0 2811.0 11092.474400255072
0.0 832.0 272.0 1415.0 5620.781155827384
0.0 1019.0 193.0 917.0 3724.555213151134
0.0 820.0 262.0 1596.0 5760.62610261247
0.0 1017.0 175.0 1087.0 3848.8778006214725
0.0 750.0 329.0 1582.0 6462.8847645092355
0.0 1370.0 16.0 50.0 266.5323349720093
0.0 1004.0 197.0 1016.0 3893.4258356389146
0.0 1017.0 175.0 1087.0 3848.8778006214725
0.0 310.0 526.0 2826.0 10871.759844028358
0.0 1017.0 175.0 1087.0 3848.8778006214725
0.0 844.0 272.0 1376.0 5510.174569571917
0.0 401.0 491.0 2496.0 9960.386171251192
0.0 256.0 565.0 2882.0 11406.407677647945
0.0 1366.0 18.0 52.0 310.398549238725
0.0 1370.0 15.0 54.0 265.038663230351
0.0 767.0 317.0 1547.0 6271.292196860683
0.0 321.0 525.0 2736.0 10775.917268055628
0.0 307.0 534.0 2744.0 10889.872444563593
0.0 803.0 308.0 1371.0 5936.180760804981
0.0 1019.0 193.0 917.0 3724.555213151134
0.0 314.0 528.0 2772.0 10835.113264115422
0.0 267.0 549.0 2898.0 11283.368668562835
0.0 820.0 297.0 1353.0 5769.804101479089
0.0 1365.0 17.0 55.0 327.41948476954707
0.0 785.0 307.0 1487.0 6058.2450181901395
0.0 312.0 533.0 2720.0 10878.237841539727
0.0 999.0 195.0 1000.0 3967.1609802414646
0.0 827.0 276.0 1387.0 5655.726516235722
0.0 308.0 532.0 2740.0 10871.195611391086
0.0 1360.0 23.0 56.0 365.66646043297527
0.0 322.0 533.0 2669.0 10756.092974966568
0.0 974.0 214.0 994.0 4273.791071456382
0.0 933.0 221.0 1241.0 4586.647588514073
0.0 1361.0 14.0 96.0 389.563212896438
0.0 905.0 261.0 1171.0 4977.970988078238
0.0 258.0 558.0 2900.0 11425.48688752287
0.0 999.0 195.0 1000.0 3967.1609802414646
0.0 889.0 263.0 1233.0 5081.702949533929
0.0 867.0 261.0 1335.0 5218.057016887277
0.0 305.0 532.0 2797.0 10892.660820653238
0.0 960.0 228.0 998.0 4374.3934227275995
0.0 820.0 297.0 1353.0 5769.804101479089
0.0 1002.0 199.0 1005.0 3869.914736461779
0.0 814.0 279.0 1425.0 5854.5363292966185
0.0 1325.0 32.0 193.0 721.6783403305985
0.0 1320.0 42.0 182.0 735.9582908074409
0.0 775.0 295.0 1590.0 6239.405516922759
0.0 255.0 566.0 2852.0 11430.908934061461
0.0 1004.0 197.0 1016.0 3893.4258356389146
0.0 806.0 279.0 1531.0 5845.659837165375
0.0 847.0 270.0 1360.0 5497.469022276043
0.0 960.0 228.0 998.0 4374.3934227275995
0.0 1022.0 199.0 853.0 3712.7270435956893
0.0 905.0 261.0 1171.0 4977.970988078238
0.0 1326.0 40.0 157.0 687.9593804801099
0.0 977.0 215.0 974.0 4151.907619333057
0.0 1004.0 197.0 1016.0 3893.4258356389146
0.0 390.0 497.0 2540.0 10064.938898637163
0.0 312.0 533.0 2720.0 10878.237841539727
0.0 329.0 530.0 2702.0 10701.469568401313
0.0 1368.0 12.0 76.0 279.62266312053197
0.0 1306.0 41.0 295.0 907.3311258694476
0.0 974.0 204.0 989.0 4278.77538632483
0.0 889.0 251.0 1344.0 5034.097542042332
0.0 967.0 203.0 1099.0 4223.6550019013175
0.0 762.0 293.0 1699.0 6398.623455311008
0.0 1370.0 13.0 68.0 262.68996943692594
0.0 1370.0 14.0 43.0 273.9139518077184
0.0 774.0 295.0 1681.0 6164.076771311468
0.0 893.0 245.0 1275.0 4956.839554911558
0.0 805.0 270.0 1663.0 5889.859605682464
0.0 866.0 279.0 1243.0 5337.033171070422
0.0 897.0 241.0 1279.0 4986.082657745358
0.0 812.0 271.0 1539.0 5874.671699008637
0.0 259.0 564.0 2877.0 11375.041750712702
0.0 1047.0 177.0 889.0 3468.135053652739
0.0 1115.0 138.0 709.0 2794.394363566429
0.0 750.0 314.0 1661.0 6400.933420660989
0.0 1334.0 37.0 122.0 621.1216694852038
0.0 750.0 314.0 1661.0 6400.933420660989
0.0 624.0 383.0 1955.0 7669.578048501904
0.0 606.0 397.0 1953.0 7908.371839644433
0.0 817.0 277.0 1455.0 5722.399490849512
0.0 1360.0 15.0 99.0 391.38522395525206
0.0 820.0 297.0 1353.0 5769.804101479089
0.0 768.0 313.0 1533.0 6398.627912260544
0.0 1366.0 15.0 63.0 319.5858648089397
0.0 258.0 558.0 2900.0 11425.48688752287
0.0 967.0 203.0 1099.0 4223.6550019013175
0.0 893.0 245.0 1275.0 4956.839554911558
0.0 260.0 561.0 2868.0 11379.453623700394
0.0 256.0 565.0 2882.0 11406.407677647945
0.0 655.0 357.0 1957.0 7407.951453405953
0.0 266.0 558.0 2855.0 11288.657294900964
0.0 599.0 381.0 2128.0 7992.0448335889505
0.0 636.0 373.0 1913.0 7568.276172345013
0.0 973.0 199.0 1077.0 4248.86888623616
0.0 648.0 357.0 1945.0 7581.0167591327245
0.0 1326.0 40.0 157.0 687.9593804801099
0.0 1322.0 39.0 204.0 753.9144071336576
0.0 960.0 228.0 998.0 4374.3934227275995
0.0 267.0 548.0 2931.0 11293.15877957397
0.0 612.0 389.0 2002.0 7828.291669099242
0.0 827.0 276.0 1387.0 5655.726516235722
0.0 768.0 322.0 1530.0 6280.605012258444
0.0 949.0 231.0 1031.0 4441.073224836207
0.0 999.0 195.0 1000.0 3967.1609802414646
0.0 666.0 366.0 1820.0 7284.146139816026
0.0 790.0 306.0 1457.0 6028.591313333946
0.0 314.0 528.0 2772.0 10835.113264115422
0.0 890.0 258.0 1245.0 5033.419063653504
0.0 641.0 365.0 1979.0 7466.700604813695
0.0 629.0 390.0 1870.0 7606.175704245771
0.0 624.0 368.0 2046.0 7668.4851606762595
0.0 860.0 279.0 1281.0 5301.08940309083
0.0 1368.0 14.0 64.0 285.3639961253672
0.0 1326.0 37.0 175.0 705.830481447898
0.0 806.0 279.0 1531.0 5845.659837165375
0.0 1367.0 17.0 48.0 310.4211781407706
0.0 1328.0 32.0 181.0 690.8288845495882
0.0 1012.0 197.0 993.0 3803.8466710216744
0.0 1368.0 15.0 56.0 283.45223271413437
0.0 1325.0 33.0 230.0 713.8525422774064
0.0 596.0 401.0 1976.0 7978.273177145761
0.0 1021.0 180.0 972.0 3763.2709942907127
0.0 629.0 360.0 2008.0 7760.78281808063
0.0 905.0 261.0 1171.0 4977.970988078238
0.0 942.0 223.0 1152.0 4495.853496060935
0.0 1372.0 11.0 73.0 237.96595805298162
0.0 1328.0 39.0 153.0 664.1733725745326
0.0 758.0 330.0 1558.0 6380.843000383571
0.0 774.0 295.0 1681.0 6164.076771311468
0.0 311.0 538.0 2705.0 10896.154078015788
0.0 933.0 221.0 1241.0 4586.647588514073
0.0 1367.0 16.0 57.0 296.12433352642364
0.0 308.0 532.0 2740.0 10871.195611391086
0.0 1370.0 16.0 50.0 266.5323349720093
0.0 657.0 360.0 1909.0 7425.369164230474
0.0 1009.0 188.0 1017.0 3789.7105010000396
0.0 281.0 545.0 2845.0 11154.556403915867
0.0 1320.0 42.0 182.0 735.9582908074409
0.0 1321.0 39.0 210.0 761.6911694685124
0.0 1334.0 29.0 177.0 614.2082106980591
0.0 1017.0 175.0 1087.0 3848.8778006214725
0.0 1328.0 31.0 201.0 671.9862577627237
0.0 1374.0 11.0 66.0 206.52399656148367
0.0 642.0 366.0 1948.0 7519.16399468667
0.0 637.0 356.0 2050.0 7596.714357819496
0.0 790.0 293.0 1530.0 6068.370887042701
0.0 1367.0 14.0 67.0 304.1521984638686
0.0 309.0 538.0 2717.0 10886.848051299541
0.0 257.0 562.0 2869.0 11424.3490350093
0.0 260.0 554.0 2926.0 11372.549256754515
0.0 955.0 228.0 1057.0 4378.096604511427
0.0 628.0 366.0 2040.0 7633.532344942047
0.0 648.0 373.0 1901.0 7438.410043929138
0.0 1005.0 198.0 934.0 3865.0457759154697
0.0 875.0 257.0 1334.0 5183.955244312744
0.0 1326.0 30.0 216.0 707.1668541032276
0.0 818.0 301.0 1334.0 5742.8012807912055
0.0 390.0 506.0 2522.0 10038.116457133536
0.0 1370.0 14.0 43.0 273.9139518077184
0.0 711.0 341.0 1762.0 6845.260020589478
0.0 921.0 230.0 1255.0 4712.409493132379
0.0 306.0 536.0 2759.0 10905.736077663387
0.0 1019.0 193.0 917.0 3724.555213151134
0.0 1326.0 37.0 164.0 711.7102262089671
0.0 1047.0 177.0 889.0 3468.135053652739
0.0 603.0 385.0 2119.0 7954.259647634788
0.0 1022.0 199.0 853.0 3712.7270435956893
0.0 1320.0 43.0 173.0 778.3138204267508
0.0 867.0 252.0 1353.0 5234.375280792696
0.0 305.0 535.0 2745.0 10910.821540560119
0.0 1368.0 12.0 76.0 279.62266312053197
0.0 1019.0 185.0 949.0 3768.6930369323823
0.0 1367.0 15.0 67.0 273.3042330138236
0.0 327.0 528.0 2691.0 10705.180207254974
0.0 962.0 202.0 1149.0 4335.375091228408
0.0 1332.0 33.0 157.0 647.6629503946109
0.0 864.0 260.0 1340.0 5355.003363452423
0.0 643.0 352.0 2019.0 7526.949238358512
0.0 391.0 503.0 2513.0 10038.647379105545
0.0 696.0 360.0 1677.0 7071.712275169296
0.0 651.0 381.0 1804.0 7425.219626060261
0.0 645.0 366.0 1906.0 7592.124765291766
0.0 1361.0 20.0 64.0 366.0091707660352
0.0 1365.0 17.0 55.0 327.41948476954707
0.0 332.0 525.0 2699.0 10655.504266856522
0.0 974.0 204.0 989.0 4278.77538632483
0.0 657.0 360.0 1912.0 7422.620220931795
0.0 974.0 214.0 994.0 4273.791071456382
0.0 638.0 375.0 1908.0 7583.882137798835
0.0 653.0 366.0 1916.0 7377.415895768754
0.0 1373.0 10.0 75.0 236.14020796533248
0.0 1007.0 186.0 953.0 3891.855503062778
0.0 1004.0 197.0 1016.0 3893.4258356389146
0.0 1005.0 180.0 1082.0 3889.6391653001856
0.0 312.0 533.0 2720.0 10878.237841539727
0.0 977.0 215.0 974.0 4151.907619333057
0.0 1324.0 45.0 157.0 726.3826151182443
0.0 621.0 369.0 2002.0 7674.566185751959
0.0 1323.0 42.0 152.0 736.8566081506333
0.0 998.0 191.0 1084.0 3907.4589595120797
0.0 1328.0 42.0 149.0 667.5905015358409
0.0 1323.0 40.0 176.0 710.8688797488451
0.0 638.0 363.0 1992.0 7520.107671056818
0.0 650.0 371.0 1868.0 7498.974285666329
0.0 724.0 331.0 1768.0 6597.249368698313
0.0 1358.0 21.0 85.0 374.7309363920875
0.0 659.0 361.0 1899.0 7391.599955812365
0.0 1317.0 35.0 247.0 811.2091394523935
0.0 950.0 221.0 1086.0 4477.262555190876
0.0 1326.0 39.0 151.0 689.6688855094189
0.0 992.0 193.0 1073.0 3980.8791051345047
0.0 1338.0 26.0 153.0 579.8794932020609
0.0 1365.0 18.0 48.0 316.5762579172777
0.0 803.0 308.0 1371.0 5936.180760804981
0.0 939.0 203.0 1273.0 4466.894191940816
0.0 651.0 372.0 1885.0 7443.99536442337
0.0 1018.0 194.0 942.0 3783.832359483741
0.0 784.0 313.0 1467.0 6103.415429001551
0.0 938.0 236.0 1115.0 4563.776025145043
0.0 968.0 227.0 1016.0 4234.8715616050395
0.0 304.0 531.0 2839.0 10945.032830698401
0.0 632.0 357.0 2056.0 7584.389977332731
0.0 1372.0 13.0 52.0 251.51186241813312
