0.0 412.0 491.0 2497.0 9854.63634975487
0.0 1326.0 41.0 149.0 695.4625293818584
0.0 939.0 247.0 1060.0 4473.845227061642
0.0 1370.0 11.0 56.0 266.6668491432322
0.0 841.0 256.0 1495.0 5583.301778188545
0.0 941.0 226.0 1088.0 4548.068322139533
0.0 805.0 277.0 1560.0 5898.557163311327
0.0 988.0 209.0 969.0 4094.697280458023
0.0 878.0 261.0 1205.0 5148.832023973455
0.0 990.0 201.0 1033.0 4046.952653330142
0.0 1376.0 13.0 39.0 210.43487768426286
0.0 1009.0 208.0 911.0 3818.623014572001
0.0 1011.0 190.0 1045.0 3835.536367081043
0.0 976.0 220.0 1006.0 4132.68084996488
0.0 1132.0 131.0 680.0 2588.525066616654
0.0 1376.0 9.0 58.0 192.2778615826493
0.0 1372.0 15.0 36.0 246.02526841423438
0.0 673.0 355.0 1860.0 7237.793125786491
0.0 1009.0 208.0 911.0 3818.623014572001
0.0 328.0 529.0 2654.0 10667.222482573457
0.0 647.0 361.0 1913.0 7472.339420743653
0.0 1009.0 208.0 911.0 3818.623014572001
0.0 330.0 525.0 2659.0 10685.422361789226
0.0 994.0 188.0 1056.0 3976.8979359714176
0.0 1373.0 14.0 38.0 219.46873056922448
0.0 814.0 292.0 1388.0 5779.041166987965
0.0 1324.0 39.0 152.0 719.5072987287915
0.0 325.0 526.0 2692.0 10710.381231827565
0.0 1369.0 8.0 92.0 275.95795402159297
0.0 1366.0 17.0 51.0 296.4983591270507
0.0 624.0 364.0 2119.0 7693.968993715925
0.0 1011.0 190.0 1045.0 3835.536367081043
0.0 255.0 566.0 2872.0 11421.10290863709
0.0 416.0 485.0 2505.0 9782.713500597594
0.0 1009.0 208.0 911.0 3818.623014572001
0.0 651.0 370.0 1825.0 7471.694806452085
0.0 849.0 272.0 1302.0 5447.709308259038
0.0 266.0 550.0 2909.0 11301.528927010746
0.0 587.0 410.0 2010.0 7941.127362984819
0.0 635.0 363.0 1926.0 7643.315826899197
0.0 836.0 269.0 1388.0 5577.4226493126525
0.0 303.0 544.0 2709.0 10965.347296598484
0.0 774.0 290.0 1678.0 6185.217434745326
0.0 766.0 310.0 1595.0 6309.12284780487
0.0 328.0 529.0 2654.0 10667.222482573457
0.0 255.0 566.0 2872.0 11421.10290863709
0.0 1009.0 208.0 911.0 3818.623014572001
0.0 795.0 282.0 1576.0 5992.792812426876
0.0 1373.0 11.0 61.0 229.44089974432342
0.0 1323.0 40.0 167.0 711.1917979648027
0.0 261.0 565.0 2838.0 11336.356907541845
0.0 915.0 233.0 1274.0 4746.663346600685
0.0 1011.0 190.0 1045.0 3835.536367081043
0.0 935.0 214.0 1229.0 4651.759230083979
0.0 775.0 304.0 1523.0 6135.601140443053
0.0 849.0 272.0 1302.0 5447.709308259038
0.0 994.0 188.0 1056.0 3976.8979359714176
0.0 1291.0 57.0 268.0 1066.775662061346
0.0 857.0 252.0 1458.0 5395.580683515492
0.0 743.0 313.0 1684.0 6499.81948489804
0.0 330.0 525.0 2659.0 10685.422361789226
0.0 801.0 299.0 1446.0 5955.316670854636
0.0 763.0 308.0 1622.0 6326.901328416433
0.0 763.0 308.0 1622.0 6326.901328416433
0.0 1010.0 200.0 925.0 3936.6995606467676
0.0 968.0 191.0 1204.0 4308.22989966967
0.0 1370.0 11.0 56.0 266.6668491432322
0.0 849.0 272.0 1302.0 5447.709308259038
0.0 968.0 191.0 1204.0 4308.22989966967
0.0 1103.0 156.0 737.0 2920.5059776445737
0.0 845.0 270.0 1328.0 5546.365647172638
0.0 263.0 560.0 2856.0 11328.033674047872
0.0 652.0 367.0 1858.0 7461.334370131976
0.0 1365.0 18.0 48.0 318.77483442800116
0.0 651.0 370.0 1825.0 7471.694806452085
0.0 389.0 495.0 2557.0 10078.411556566607
0.0 659.0 353.0 1952.0 7413.627713232441
0.0 1376.0 9.0 58.0 192.2778615826493
0.0 1291.0 57.0 268.0 1066.775662061346
0.0 618.0 395.0 1912.0 7726.600803515116
0.0 330.0 525.0 2659.0 10685.422361789226
0.0 1009.0 208.0 911.0 3818.623014572001
0.0 767.0 304.0 1627.0 6236.267655007087
0.0 991.0 202.0 1058.0 3974.1189501861245
0.0 1009.0 208.0 911.0 3818.623014572001
0.0 1376.0 13.0 39.0 210.43487768426286
0.0 330.0 527.0 2691.0 10679.699257256103
0.0 849.0 272.0 1302.0 5447.709308259038
0.0 994.0 188.0 1056.0 3976.8979359714176
0.0 258.0 561.0 2881.0 11373.982468338612
0.0 651.0 370.0 1825.0 7471.694806452085
0.0 253.0 565.0 2892.0 11453.38093130856
0.0 991.0 202.0 1058.0 3974.1189501861245
0.0 389.0 495.0 2557.0 10078.411556566607
0.0 1376.0 13.0 39.0 210.43487768426286
0.0 1010.0 200.0 925.0 3936.6995606467676
0.0 1362.0 18.0 61.0 356.78835441100415
0.0 1371.0 10.0 72.0 259.59165167719385
0.0 253.0 565.0 2892.0 11453.38093130856
0.0 1330.0 30.0 187.0 669.8768126980672
0.0 1371.0 10.0 72.0 259.59165167719385
0.0 319.0 534.0 2679.0 10770.064702704485
0.0 775.0 299.0 1541.0 6286.984765996392
0.0 841.0 256.0 1495.0 5583.301778188545
0.0 939.0 247.0 1060.0 4473.845227061642
0.0 402.0 490.0 2473.0 9968.488201176473
0.0 1371.0 10.0 72.0 259.59165167719385
0.0 966.0 214.0 1082.0 4217.3211035397335
0.0 1324.0 39.0 152.0 719.5072987287915
0.0 1157.0 117.0 599.0 2333.4994134606527
0.0 1009.0 208.0 911.0 3818.623014572001
0.0 939.0 247.0 1060.0 4473.845227061642
0.0 618.0 395.0 1912.0 7726.600803515116
0.0 514.0 435.0 2227.0 8809.145820175143
0.0 330.0 525.0 2659.0 10685.422361789226
0.0 814.0 292.0 1388.0 5779.041166987965
0.0 1376.0 13.0 39.0 210.43487768426286
0.0 878.0 261.0 1205.0 5148.832023973455
0.0 878.0 261.0 1205.0 5148.832023973455
0.0 941.0 226.0 1088.0 4548.068322139533
0.0 767.0 304.0 1627.0 6236.267655007087
0.0 878.0 261.0 1205.0 5148.832023973455
0.0 941.0 226.0 1088.0 4548.068322139533
0.0 662.0 355.0 1937.0 7331.747917445953
0.0 1011.0 190.0 1045.0 3835.536367081043
0.0 1011.0 190.0 1045.0 3835.536367081043
0.0 939.0 247.0 1060.0 4473.845227061642
0.0 831.0 287.0 1335.0 5660.523460910928
0.0 1369.0 13.0 52.0 280.3848466991576
0.0 1345.0 26.0 114.0 470.82391415079394
0.0 994.0 188.0 1056.0 3976.8979359714176
0.0 1371.0 10.0 72.0 259.59165167719385
0.0 612.0 395.0 1942.0 7754.3906165951275
0.0 849.0 272.0 1302.0 5447.709308259038
0.0 763.0 308.0 1622.0 6326.901328416433
0.0 766.0 310.0 1595.0 6309.12284780487
0.0 990.0 201.0 1033.0 4046.952653330142
0.0 410.0 493.0 2488.0 9838.196607762202
0.0 1009.0 208.0 911.0 3818.623014572001
0.0 402.0 490.0 2473.0 9968.488201176473
0.0 1371.0 10.0 72.0 259.59165167719385
0.0 1372.0 14.0 47.0 241.40073368824724
0.0 320.0 535.0 2677.0 10783.137520948552
0.0 814.0 292.0 1388.0 5779.041166987965
0.0 605.0 400.0 1971.0 7857.516770806389
0.0 899.0 244.0 1285.0 4900.340733268312
0.0 1371.0 10.0 72.0 259.59165167719385
0.0 939.0 247.0 1060.0 4473.845227061642
0.0 330.0 525.0 2659.0 10685.422361789226
0.0 651.0 370.0 1825.0 7471.694806452085
0.0 1363.0 17.0 63.0 348.32200409051933
0.0 795.0 310.0 1452.0 6012.043101812302
0.0 603.0 383.0 2098.0 7844.615370417839
0.0 1326.0 41.0 149.0 695.4625293818584
0.0 1372.0 11.0 56.0 231.27984872519696
0.0 316.0 533.0 2688.0 10815.864804594694
0.0 820.0 275.0 1436.0 5789.572540039271
0.0 412.0 491.0 2497.0 9854.63634975487
0.0 396.0 501.0 2479.0 10000.123739413419
0.0 1361.0 20.0 67.0 350.6183405480166
0.0 841.0 256.0 1495.0 5583.301778188545
0.0 1013.0 198.0 990.0 3760.7721043392744
0.0 962.0 206.0 1121.0 4326.191666638782
0.0 1009.0 208.0 911.0 3818.623014572001
0.0 831.0 287.0 1335.0 5660.523460910928
0.0 675.0 341.0 1899.0 7215.780951843235
0.0 900.0 260.0 1170.0 4967.908084534264
0.0 878.0 261.0 1205.0 5148.832023973455
0.0 939.0 247.0 1060.0 4473.845227061642
0.0 968.0 191.0 1204.0 4308.22989966967
0.0 767.0 304.0 1627.0 6236.267655007087
0.0 1373.0 14.0 38.0 219.46873056922448
0.0 1376.0 9.0 58.0 192.2778615826493
0.0 395.0 502.0 2511.0 9979.27903731227
0.0 255.0 566.0 2872.0 11421.10290863709
0.0 1291.0 57.0 268.0 1066.775662061346
0.0 1331.0 28.0 200.0 633.9678805927712
0.0 1365.0 18.0 48.0 318.77483442800116
0.0 1157.0 117.0 599.0 2333.4994134606527
0.0 1373.0 11.0 61.0 229.44089974432342
0.0 306.0 532.0 2762.0 10907.373453557464
0.0 284.0 543.0 2824.0 11153.132238172153
0.0 1372.0 10.0 84.0 228.62871198180665
0.0 849.0 272.0 1302.0 5447.709308259038
0.0 1324.0 39.0 152.0 719.5072987287915
0.0 976.0 220.0 1006.0 4132.68084996488
0.0 587.0 410.0 2010.0 7941.127362984819
0.0 775.0 304.0 1523.0 6135.601140443053
0.0 1338.0 31.0 128.0 570.7865578414613
0.0 795.0 282.0 1576.0 5992.792812426876
0.0 1362.0 18.0 61.0 356.78835441100415
0.0 703.0 346.0 1753.0 6861.153547773614
0.0 393.0 504.0 2473.0 10031.168285439742
0.0 878.0 261.0 1205.0 5148.832023973455
0.0 398.0 501.0 2493.0 9968.806971381562
0.0 635.0 363.0 1926.0 7643.315826899197
0.0 1376.0 13.0 39.0 210.43487768426286
0.0 328.0 529.0 2654.0 10667.222482573457
0.0 743.0 313.0 1684.0 6499.81948489804
0.0 260.0 563.0 2860.0 11361.100975730256
0.0 1369.0 13.0 52.0 280.3848466991576
0.0 325.0 526.0 2692.0 10710.381231827565
0.0 1009.0 208.0 911.0 3818.623014572001
0.0 1323.0 40.0 167.0 711.1917979648027
0.0 412.0 491.0 2497.0 9854.63634975487
0.0 878.0 261.0 1205.0 5148.832023973455
0.0 929.0 233.0 1171.0 4613.213122367696
0.0 651.0 370.0 1825.0 7471.694806452085
0.0 968.0 191.0 1204.0 4308.22989966967
0.0 1371.0 10.0 72.0 259.59165167719385
0.0 935.0 214.0 1229.0 4651.759230083979
0.0 820.0 275.0 1436.0 5789.572540039271
0.0 611.0 377.0 2067.0 7853.668862360832
0.0 991.0 202.0 1058.0 3974.1189501861245
0.0 393.0 502.0 2534.0 10047.572505143304
0.0 604.0 383.0 2060.0 7850.092890074274
0.0 303.0 537.0 2746.0 10950.867611741782
0.0 1374.0 13.0 38.0 229.11581981722452
0.0 1330.0 35.0 145.0 626.2861761321444
0.0 655.0 362.0 1886.0 7434.828003537838
0.0 587.0 410.0 2010.0 7941.127362984819
0.0 603.0 383.0 2098.0 7844.615370417839
0.0 686.0 365.0 1761.0 7157.722895189619
0.0 962.0 206.0 1121.0 4326.191666638782
0.0 1325.0 35.0 182.0 724.9466527346106
0.0 1338.0 31.0 128.0 570.7865578414613
0.0 1369.0 13.0 52.0 280.3848466991576
0.0 823.0 279.0 1425.0 5688.122481759759
0.0 1316.0 40.0 205.0 804.9965293717446
0.0 666.0 364.0 1821.0 7284.889767332994
0.0 988.0 209.0 969.0 4094.697280458023
0.0 989.0 208.0 1006.0 4038.4542368801854
0.0 774.0 290.0 1678.0 6185.217434745326
0.0 1359.0 23.0 60.0 394.4257240237718
0.0 730.0 329.0 1737.0 6660.024172507589
0.0 603.0 398.0 1992.0 7894.207400891985
0.0 255.0 566.0 2872.0 11421.10290863709
0.0 1373.0 14.0 38.0 219.46873056922448
0.0 316.0 533.0 2688.0 10815.864804594694
0.0 253.0 565.0 2892.0 11453.38093130856
0.0 1320.0 43.0 153.0 747.7576889572425
0.0 767.0 304.0 1627.0 6236.267655007087
0.0 1009.0 208.0 911.0 3818.623014572001
0.0 941.0 226.0 1088.0 4548.068322139533
0.0 612.0 395.0 1942.0 7754.3906165951275
0.0 1342.0 28.0 140.0 530.5962644390124
0.0 320.0 535.0 2677.0 10783.137520948552
0.0 320.0 526.0 2714.0 10768.722160826044
0.0 1331.0 28.0 200.0 633.9678805927712
0.0 857.0 252.0 1458.0 5395.580683515492
0.0 618.0 395.0 1912.0 7726.600803515116
0.0 881.0 246.0 1303.0 5218.614532742761
0.0 389.0 495.0 2557.0 10078.411556566607
0.0 939.0 247.0 1060.0 4473.845227061642
0.0 1002.0 189.0 1035.0 3976.1992545015996
0.0 966.0 214.0 1082.0 4217.3211035397335
0.0 1328.0 38.0 137.0 662.558980976787
0.0 412.0 491.0 2497.0 9854.63634975487
0.0 915.0 233.0 1274.0 4746.663346600685
0.0 994.0 188.0 1056.0 3976.8979359714176
0.0 659.0 353.0 1952.0 7413.627713232441
0.0 662.0 355.0 1937.0 7331.747917445953
0.0 1023.0 176.0 967.0 3699.4097909107836
0.0 325.0 526.0 2692.0 10710.381231827565
0.0 1322.0 41.0 184.0 731.7680105603519
0.0 1334.0 34.0 142.0 624.1401373535939
0.0 588.0 402.0 2055.0 7968.990354976845
0.0 990.0 201.0 1033.0 4046.952653330142
0.0 653.0 375.0 1786.0 7374.156259519953
0.0 1327.0 30.0 247.0 700.0296859679174
0.0 831.0 287.0 1335.0 5660.523460910928
0.0 657.0 367.0 1820.0 7301.633098323452
0.0 266.0 550.0 2909.0 11301.528927010746
0.0 576.0 415.0 2030.0 8058.897000625569
0.0 1330.0 30.0 187.0 669.8768126980672
0.0 1011.0 190.0 1045.0 3835.536367081043
0.0 673.0 355.0 1860.0 7237.793125786491
0.0 1324.0 39.0 152.0 719.5072987287915
0.0 878.0 261.0 1205.0 5148.832023973455
0.0 652.0 367.0 1858.0 7461.334370131976
0.0 849.0 272.0 1302.0 5447.709308259038
0.0 953.0 207.0 1176.0 4444.475338642087
0.0 1330.0 29.0 203.0 650.2913570270106
0.0 1376.0 13.0 39.0 210.43487768426286
0.0 665.0 368.0 1803.0 7326.366300138011
0.0 1370.0 11.0 56.0 266.6668491432322
0.0 599.0 391.0 2012.0 8020.151106351621
0.0 624.0 364.0 2119.0 7693.968993715925
0.0 605.0 400.0 1971.0 7857.516770806389
0.0 1326.0 37.0 163.0 695.8675546290524
0.0 1010.0 200.0 925.0 3936.6995606467676
