0.0 981.0 204.0 1041.0 4133.500243187818
0.0 1024.0 179.0 976.0 3819.741665479122
0.0 1323.0 42.0 168.0 706.2645743385146
0.0 1011.0 197.0 896.0 3849.953601294086
0.0 1373.0 12.0 65.0 220.24547415138113
0.0 383.0 503.0 2534.0 10115.725920311479
0.0 660.0 355.0 1901.0 7326.635806826395
0.0 1368.0 17.0 46.0 282.5053490824719
0.0 695.0 361.0 1695.0 7002.081993481146
0.0 581.0 402.0 2032.0 8085.1972501619275
0.0 1364.0 19.0 48.0 320.1110512804717
0.0 1011.0 197.0 896.0 3849.953601294086
0.0 797.0 318.0 1425.0 6052.89059522631
0.0 981.0 204.0 1041.0 4133.500243187818
0.0 882.0 263.0 1248.0 5165.252613778215
0.0 301.0 540.0 2751.0 10978.970846948874
0.0 946.0 227.0 1100.0 4478.717292893517
0.0 1369.0 17.0 48.0 272.3158038444529
0.0 1326.0 38.0 150.0 691.7189156899849
0.0 961.0 199.0 1160.0 4343.946962066338
0.0 1373.0 12.0 58.0 240.44549472861087
0.0 948.0 205.0 1261.0 4358.079090304925
0.0 701.0 356.0 1745.0 6950.2070110769255
0.0 610.0 388.0 1989.0 7843.691866336719
0.0 979.0 213.0 1031.0 4171.835233095382
0.0 342.0 526.0 2637.0 10599.149846270431
0.0 783.0 301.0 1577.0 6101.090449202953
0.0 776.0 296.0 1620.0 6228.7738165973
0.0 250.0 570.0 2857.0 11472.369830042724
0.0 862.0 261.0 1315.0 5300.832260035069
0.0 991.0 193.0 1089.0 4047.2086249873314
0.0 887.0 261.0 1275.0 4998.135416978302
0.0 1335.0 32.0 146.0 614.3879823991963
0.0 1369.0 15.0 44.0 290.399262434423
0.0 1372.0 10.0 70.0 256.8559361894914
0.0 1321.0 37.0 207.0 760.9525262737881
0.0 764.0 315.0 1612.0 6269.504385881851
0.0 1011.0 197.0 896.0 3849.953601294086
0.0 1322.0 43.0 168.0 714.243733929424
0.0 952.0 224.0 1096.0 4435.363521704061
0.0 327.0 528.0 2686.0 10697.764940802688
0.0 1054.0 157.0 989.0 3401.5368846458414
0.0 313.0 536.0 2728.0 10814.96089142175
0.0 612.0 366.0 2131.0 7796.420894657154
0.0 981.0 204.0 1041.0 4133.500243187818
0.0 977.0 207.0 1062.0 4146.173147298545
0.0 257.0 562.0 2892.0 11430.331941522052
0.0 1368.0 14.0 65.0 276.7084265627382
0.0 581.0 402.0 2032.0 8085.1972501619275
0.0 1373.0 9.0 75.0 230.99632401218187
0.0 983.0 198.0 1136.0 4135.948282358683
0.0 905.0 249.0 1218.0 4977.098516888962
0.0 1020.0 200.0 899.0 3689.264599431169
0.0 1011.0 197.0 896.0 3849.953601294086
0.0 335.0 526.0 2724.0 10651.435330484825
0.0 1370.0 15.0 45.0 260.3680545793746
0.0 807.0 289.0 1465.0 5849.721019216881
0.0 854.0 270.0 1353.0 5399.003025120247
0.0 421.0 480.0 2479.0 9726.338806871889
0.0 1335.0 32.0 146.0 614.3879823991963
0.0 1370.0 13.0 70.0 261.2340552309583
0.0 993.0 183.0 1141.0 3973.8337538181177
0.0 258.0 558.0 2909.0 11397.225571163413
0.0 695.0 361.0 1695.0 7002.081993481146
0.0 866.0 272.0 1326.0 5234.68399671658
0.0 263.0 553.0 2929.0 11335.048713216918
0.0 769.0 306.0 1548.0 6207.725635375933
0.0 366.0 515.0 2601.0 10341.517542635456
0.0 957.0 222.0 1071.0 4337.787014211691
0.0 335.0 526.0 2724.0 10651.435330484825
0.0 837.0 275.0 1372.0 5486.937674857248
0.0 948.0 205.0 1261.0 4358.079090304925
0.0 309.0 537.0 2732.0 10864.048660110606
0.0 641.0 356.0 2073.0 7486.558400202731
0.0 286.0 546.0 2808.0 11148.227782890837
0.0 701.0 356.0 1745.0 6950.2070110769255
0.0 394.0 492.0 2547.0 10029.488921511887
0.0 981.0 204.0 1041.0 4133.500243187818
0.0 806.0 304.0 1387.0 5992.9981636599305
0.0 701.0 356.0 1745.0 6950.2070110769255
0.0 936.0 233.0 1147.0 4575.593974472464
0.0 701.0 356.0 1745.0 6950.2070110769255
0.0 258.0 554.0 2915.0 11416.095304836752
0.0 871.0 260.0 1292.0 5256.023321055567
0.0 1370.0 17.0 36.0 261.79322830141945
0.0 1370.0 12.0 79.0 259.3496831969731
0.0 1034.0 173.0 974.0 3657.5784781944963
0.0 701.0 356.0 1745.0 6950.2070110769255
0.0 928.0 232.0 1227.0 4721.441846032452
0.0 806.0 286.0 1516.0 5837.378670102074
0.0 822.0 289.0 1384.0 5704.315162494113
0.0 1323.0 41.0 170.0 742.9145024158711
0.0 311.0 526.0 2774.0 10887.892884758901
0.0 1370.0 13.0 70.0 261.2340552309583
0.0 775.0 308.0 1512.0 6320.249867205075
0.0 398.0 495.0 2523.0 9952.382914672182
0.0 1367.0 17.0 48.0 292.5648481739688
0.0 623.0 368.0 2042.0 7656.835958895129
0.0 928.0 232.0 1227.0 4721.441846032452
0.0 1372.0 12.0 55.0 246.15951319498967
0.0 815.0 288.0 1437.0 5781.440049697974
0.0 818.0 271.0 1526.0 5798.754739458253
0.0 1322.0 43.0 168.0 714.243733929424
0.0 592.0 392.0 2043.0 8072.919806664158
0.0 701.0 356.0 1745.0 6950.2070110769255
0.0 787.0 306.0 1489.0 6174.589007994136
0.0 1325.0 36.0 205.0 711.1008798212878
0.0 1331.0 32.0 162.0 649.2882301601262
0.0 1325.0 36.0 205.0 711.1008798212878
0.0 1370.0 12.0 59.0 281.84584189709176
0.0 313.0 530.0 2752.0 10856.621922586468
0.0 327.0 528.0 2686.0 10697.764940802688
0.0 777.0 312.0 1553.0 6204.815603624143
0.0 320.0 522.0 2774.0 10761.49048845051
0.0 1371.0 12.0 65.0 268.97529801028986
0.0 870.0 252.0 1434.0 5316.007185228314
0.0 1370.0 15.0 52.0 255.82729059810018
0.0 769.0 314.0 1515.0 6214.144943171463
0.0 849.0 262.0 1467.0 5403.467067118685
0.0 650.0 366.0 1872.0 7434.241149757783
0.0 882.0 272.0 1251.0 5113.758846792726
0.0 425.0 488.0 2431.0 9719.114963506272
0.0 330.0 523.0 2724.0 10672.325984104922
0.0 1020.0 200.0 899.0 3689.264599431169
0.0 1367.0 13.0 70.0 312.6638070922695
0.0 1370.0 13.0 70.0 261.2340552309583
0.0 602.0 385.0 2090.0 7956.088976516005
0.0 984.0 212.0 1038.0 4030.7727404708376
0.0 985.0 212.0 984.0 4076.9242742010247
0.0 756.0 301.0 1792.0 6440.639492631262
0.0 961.0 199.0 1160.0 4343.946962066338
0.0 268.0 546.0 2916.0 11275.303368323526
0.0 801.0 299.0 1454.0 5915.502363090236
0.0 1362.0 17.0 71.0 360.9846406337957
0.0 844.0 266.0 1418.0 5487.209842749231
0.0 1371.0 14.0 64.0 230.38426036347045
0.0 843.0 265.0 1421.0 5552.05695193678
0.0 604.0 375.0 2098.0 7879.795317205821
0.0 877.0 265.0 1244.0 5232.504768755139
0.0 695.0 344.0 1813.0 7038.8975981169015
0.0 936.0 233.0 1147.0 4575.593974472464
0.0 337.0 526.0 2681.0 10601.295347215968
0.0 787.0 291.0 1617.0 6074.955904672836
0.0 991.0 193.0 1089.0 4047.2086249873314
0.0 833.0 262.0 1488.0 5674.487246116372
0.0 1358.0 23.0 70.0 394.74040491859773
0.0 1024.0 179.0 976.0 3819.741665479122
0.0 337.0 526.0 2681.0 10601.295347215968
0.0 631.0 385.0 1889.0 7662.019363627427
0.0 834.0 270.0 1427.0 5616.872073263311
0.0 832.0 288.0 1354.0 5575.331496942249
0.0 398.0 495.0 2523.0 9952.382914672182
0.0 1369.0 16.0 41.0 279.2945491118669
0.0 1327.0 35.0 182.0 691.1345018756463
0.0 701.0 356.0 1745.0 6950.2070110769255
0.0 625.0 374.0 1976.0 7680.873800901797
0.0 637.0 374.0 1914.0 7617.04613549484
0.0 824.0 301.0 1348.0 5770.491632973928
0.0 1020.0 200.0 899.0 3689.264599431169
0.0 1321.0 37.0 207.0 760.9525262737881
0.0 833.0 262.0 1488.0 5674.487246116372
0.0 647.0 375.0 1888.0 7410.736295907568
0.0 631.0 351.0 2057.0 7674.896371099324
0.0 888.0 252.0 1316.0 5087.646734874471
0.0 1330.0 40.0 134.0 672.7920292837427
0.0 335.0 526.0 2724.0 10651.435330484825
0.0 1323.0 41.0 170.0 742.9145024158711
0.0 1329.0 32.0 184.0 645.7494957554443
0.0 989.0 203.0 1011.0 4005.5598592591577
0.0 936.0 233.0 1147.0 4575.593974472464
0.0 977.0 215.0 1018.0 4196.349258645598
0.0 794.0 289.0 1564.0 5943.487677351279
0.0 1360.0 22.0 61.0 375.0568813104285
0.0 313.0 536.0 2728.0 10814.96089142175
0.0 1373.0 9.0 75.0 230.99632401218187
0.0 824.0 284.0 1406.0 5663.312886291443
0.0 1323.0 42.0 168.0 706.2645743385146
0.0 394.0 492.0 2547.0 10029.488921511887
0.0 1328.0 35.0 172.0 665.6134140379376
0.0 948.0 205.0 1261.0 4358.079090304925
0.0 282.0 542.0 2858.0 11151.355982256715
0.0 930.0 229.0 1166.0 4667.639599726115
0.0 905.0 249.0 1218.0 4977.098516888962
0.0 1369.0 14.0 57.0 287.02654496679327
0.0 327.0 528.0 2686.0 10697.764940802688
0.0 967.0 219.0 1041.0 4231.8161697026035
0.0 877.0 265.0 1244.0 5232.504768755139
0.0 600.0 394.0 2010.0 7987.168670156884
0.0 308.0 530.0 2770.0 10898.186177079735
0.0 870.0 266.0 1304.0 5221.271370498953
0.0 257.0 563.0 2871.0 11402.04748872272
0.0 1328.0 31.0 200.0 718.3981151166074
0.0 302.0 535.0 2754.0 10956.13619674583
0.0 687.0 354.0 1804.0 7100.421134798113
0.0 635.0 376.0 1916.0 7635.701917178177
0.0 1370.0 15.0 45.0 260.3680545793746
0.0 302.0 533.0 2764.0 10971.166949015476
0.0 984.0 212.0 1038.0 4030.7727404708376
0.0 1328.0 33.0 179.0 699.957186581012
0.0 631.0 385.0 1889.0 7662.019363627427
0.0 1002.0 215.0 904.0 3957.163831583598
0.0 610.0 378.0 2026.0 7870.137601793114
0.0 632.0 391.0 1876.0 7681.081982334036
0.0 677.0 357.0 1825.0 7134.421147460215
0.0 1036.0 180.0 919.0 3537.5906266904813
0.0 1034.0 173.0 974.0 3657.5784781944963
0.0 604.0 375.0 2098.0 7879.795317205821
0.0 330.0 526.0 2701.0 10683.511329355964
0.0 1368.0 16.0 51.0 297.9402734826127
0.0 1338.0 30.0 153.0 571.4499940896139
0.0 1372.0 11.0 67.0 244.0954940484121
0.0 695.0 361.0 1695.0 7002.081993481146
0.0 398.0 499.0 2495.0 9961.060970708848
0.0 882.0 263.0 1248.0 5165.252613778215
0.0 1331.0 32.0 162.0 649.2882301601262
0.0 1325.0 36.0 205.0 711.1008798212878
0.0 730.0 325.0 1769.0 6566.783006608554
0.0 1326.0 38.0 150.0 691.7189156899849
0.0 259.0 561.0 2881.0 11393.729676693478
0.0 719.0 346.0 1676.0 6717.217384902756
0.0 979.0 203.0 1116.0 4111.782283916195
0.0 1338.0 25.0 176.0 587.7469013309025
0.0 1330.0 37.0 138.0 668.8577843313308
0.0 985.0 212.0 984.0 4076.9242742010247
0.0 963.0 209.0 1066.0 4178.7678332908245
0.0 977.0 207.0 1062.0 4146.173147298545
0.0 828.0 291.0 1368.0 5654.630596369515
0.0 1335.0 32.0 146.0 614.3879823991963
0.0 991.0 193.0 1089.0 4047.2086249873314
0.0 1368.0 19.0 47.0 279.64936664750405
0.0 972.0 208.0 1058.0 4223.639538879095
0.0 1370.0 12.0 79.0 259.3496831969731
0.0 650.0 366.0 1872.0 7434.241149757783
0.0 1002.0 211.0 928.0 3896.879393293951
0.0 952.0 224.0 1096.0 4435.363521704061
0.0 641.0 356.0 2073.0 7486.558400202731
0.0 834.0 270.0 1427.0 5616.872073263311
0.0 1328.0 35.0 172.0 665.6134140379376
0.0 660.0 355.0 1901.0 7326.635806826395
0.0 640.0 377.0 1888.0 7548.5395787357165
0.0 1361.0 19.0 62.0 385.99227588797925
0.0 818.0 271.0 1526.0 5798.754739458253
0.0 818.0 277.0 1489.0 5733.964782069469
0.0 659.0 358.0 1902.0 7405.331172462427
0.0 981.0 204.0 1041.0 4133.500243187818
0.0 1327.0 39.0 163.0 672.7061040535987
0.0 602.0 385.0 2090.0 7956.088976516005
0.0 871.0 260.0 1292.0 5256.023321055567
0.0 257.0 557.0 2893.0 11419.409128373223
0.0 957.0 222.0 1071.0 4337.787014211691
0.0 1363.0 16.0 74.0 343.5872911752709
0.0 615.0 378.0 2001.0 7825.8233293300555
0.0 337.0 526.0 2681.0 10601.295347215968
0.0 801.0 299.0 1454.0 5915.502363090236
0.0 985.0 204.0 1020.0 4113.369663324473
0.0 1357.0 26.0 45.0 415.60679952932134
0.0 819.0 271.0 1579.0 5719.449430954741
0.0 621.0 363.0 2060.0 7677.700465213184
0.0 839.0 272.0 1398.0 5575.030711839031
0.0 983.0 202.0 1034.0 4133.994604820502
0.0 612.0 366.0 2131.0 7796.420894657154
0.0 695.0 344.0 1813.0 7038.8975981169015
0.0 685.0 356.0 1836.0 7075.731505128432
0.0 659.0 361.0 1831.0 7373.02850286661
0.0 1326.0 34.0 201.0 720.7590667304465
0.0 987.0 197.0 1081.0 4099.898926761245
0.0 993.0 199.0 1087.0 4056.2428223935367
0.0 257.0 562.0 2892.0 11430.331941522052
0.0 832.0 288.0 1354.0 5575.331496942249
0.0 264.0 561.0 2855.0 11356.81178424391
0.0 979.0 213.0 1031.0 4171.835233095382
0.0 311.0 526.0 2774.0 10887.892884758901
0.0 1022.0 194.0 860.0 3740.136837625441
0.0 787.0 306.0 1489.0 6174.589007994136
0.0 254.0 560.0 2902.0 11456.452580501267
0.0 1367.0 17.0 48.0 292.5648481739688
0.0 1022.0 181.0 966.0 3716.2908584112083
0.0 1364.0 18.0 57.0 327.725640370641
0.0 1322.0 43.0 168.0 714.243733929424
0.0 1011.0 197.0 896.0 3849.953601294086
0.0 961.0 199.0 1160.0 4343.946962066338
0.0 331.0 528.0 2695.0 10657.740085602078
0.0 398.0 495.0 2523.0 9952.382914672182
0.0 971.0 215.0 1000.0 4269.306217071526
0.0 581.0 402.0 2032.0 8085.1972501619275
0.0 950.0 214.0 1170.0 4469.723125594018
0.0 1024.0 179.0 976.0 3819.741665479122
0.0 946.0 227.0 1100.0 4478.717292893517
