0.0 317.0 528.0 2716.0 10800.622203801451
0.0 1369.0 16.0 40.0 271.2083939017646
0.0 261.0 565.0 2837.0 11360.116921456523
0.0 633.0 372.0 1943.0 7571.360092324198
0.0 957.0 197.0 1247.0 4368.997585392708
0.0 1369.0 17.0 39.0 293.96820117249695
0.0 1376.0 10.0 53.0 201.64738785089617
0.0 826.0 288.0 1364.0 5743.414035845686
0.0 994.0 205.0 1026.0 4014.1365471374593
0.0 1370.0 14.0 59.0 252.01971280052345
0.0 261.0 553.0 2894.0 11364.840718467669
0.0 761.0 304.0 1642.0 6348.573234888755
0.0 397.0 499.0 2523.0 9961.776322126992
0.0 305.0 536.0 2731.0 10937.29261489362
0.0 1376.0 10.0 53.0 201.64738785089617
0.0 809.0 288.0 1447.0 5884.689938527548
0.0 384.0 507.0 2478.0 10111.84560854539
0.0 654.0 357.0 1890.0 7465.41432374553
0.0 1370.0 10.0 86.0 259.22452130087436
0.0 994.0 205.0 1026.0 4014.1365471374593
0.0 414.0 492.0 2441.0 9843.633025598592
0.0 780.0 312.0 1478.0 6170.51091748791
0.0 257.0 564.0 2854.0 11401.200870243463
0.0 401.0 491.0 2480.0 9919.312677601438
0.0 1323.0 43.0 143.0 713.3011171006723
0.0 650.0 363.0 1912.0 7428.269298131032
0.0 1024.0 183.0 1020.0 3650.7374309618067
0.0 850.0 265.0 1370.0 5379.606387130929
0.0 397.0 499.0 2523.0 9961.776322126992
0.0 317.0 532.0 2701.0 10804.489480380815
0.0 803.0 275.0 1607.0 5874.186066201645
0.0 1074.0 164.0 825.0 3181.2305848247242
0.0 306.0 530.0 2774.0 10891.472073980434
0.0 1362.0 19.0 55.0 356.16063136093055
0.0 957.0 197.0 1247.0 4368.997585392708
0.0 868.0 264.0 1273.0 5293.904115788666
0.0 1319.0 41.0 199.0 777.8348296347821
0.0 1334.0 37.0 125.0 614.8953950816679
0.0 1368.0 19.0 33.0 296.0942834251748
0.0 946.0 225.0 1126.0 4440.719540582491
0.0 821.0 293.0 1363.0 5770.574398393791
0.0 605.0 376.0 2085.0 7884.630636075742
0.0 931.0 229.0 1146.0 4668.55770005979
0.0 393.0 507.0 2474.0 10034.887897669409
0.0 1371.0 12.0 67.0 250.35982608381707
0.0 993.0 200.0 970.0 4016.5768188834904
0.0 667.0 359.0 1833.0 7342.564108743856
0.0 1324.0 38.0 169.0 693.1654255927347
0.0 1322.0 44.0 146.0 729.6245935349117
0.0 393.0 502.0 2500.0 10027.821111371211
0.0 1373.0 12.0 46.0 241.99129580053693
0.0 596.0 393.0 2014.0 7921.305508862524
0.0 872.0 271.0 1258.0 5263.390288149504
0.0 662.0 362.0 1844.0 7328.668713320096
0.0 1367.0 15.0 54.0 298.6377294777922
0.0 393.0 495.0 2566.0 10008.110838546943
0.0 1371.0 12.0 61.0 259.3408815883817
0.0 877.0 246.0 1361.0 5226.47672332949
0.0 931.0 229.0 1146.0 4668.55770005979
0.0 420.0 495.0 2417.0 9738.556766712118
0.0 988.0 210.0 1006.0 3994.0149199850284
0.0 594.0 391.0 2077.0 7995.789486631775
0.0 993.0 200.0 970.0 4016.5768188834904
0.0 1002.0 186.0 1089.0 3874.478010917803
0.0 1372.0 11.0 62.0 256.7794385923968
0.0 1362.0 18.0 60.0 354.0508886701651
0.0 1310.0 46.0 240.0 838.4780807305227
0.0 1015.0 195.0 927.0 3781.509234062554
0.0 868.0 264.0 1273.0 5293.904115788666
0.0 896.0 254.0 1185.0 5021.314651243762
0.0 414.0 490.0 2480.0 9821.757272884905
0.0 791.0 316.0 1438.0 6024.36798322298
0.0 1105.0 140.0 805.0 2850.9419465001524
0.0 1331.0 31.0 167.0 628.071511281139
0.0 1020.0 188.0 930.0 3687.047409447179
0.0 617.0 377.0 1992.0 7703.611151019073
0.0 640.0 369.0 1864.0 7569.861447410401
0.0 981.0 211.0 1014.0 4089.9158855370206
0.0 931.0 229.0 1146.0 4668.55770005979
0.0 957.0 197.0 1247.0 4368.997585392708
0.0 1306.0 52.0 215.0 875.7452186914065
0.0 965.0 210.0 1062.0 4388.37369902318
0.0 600.0 391.0 2021.0 7941.5260407724
0.0 254.0 567.0 2864.0 11431.293023053033
0.0 988.0 210.0 1006.0 3994.0149199850284
0.0 1374.0 10.0 69.0 226.4493391967923
0.0 937.0 213.0 1188.0 4572.763817155145
0.0 600.0 391.0 2021.0 7941.5260407724
0.0 826.0 272.0 1447.0 5729.918871586136
0.0 1323.0 43.0 143.0 713.3011171006723
0.0 397.0 499.0 2523.0 9961.776322126992
0.0 833.0 263.0 1495.0 5593.874163302992
0.0 643.0 367.0 1945.0 7480.511970222066
0.0 1326.0 40.0 150.0 694.0144073137875
0.0 596.0 380.0 2129.0 7973.203623257095
0.0 1313.0 44.0 227.0 808.6282103398553
0.0 1373.0 12.0 57.0 238.4872548527574
0.0 747.0 315.0 1695.0 6467.799348334476
0.0 1370.0 12.0 61.0 264.76627587068
0.0 770.0 324.0 1430.0 6231.530905878444
0.0 1365.0 18.0 49.0 318.66326061582464
0.0 1105.0 140.0 805.0 2850.9419465001524
0.0 1020.0 188.0 930.0 3687.047409447179
0.0 1331.0 26.0 206.0 648.4305515175943
0.0 620.0 368.0 2050.0 7730.192553762377
0.0 842.0 281.0 1284.0 5483.948842882024
0.0 965.0 210.0 1062.0 4388.37369902318
0.0 759.0 306.0 1667.0 6400.84219221958
0.0 1367.0 13.0 66.0 303.47962646456034
0.0 870.0 253.0 1286.0 5253.152758348665
0.0 269.0 546.0 2926.0 11254.59670309184
0.0 1367.0 16.0 46.0 302.6987475905903
0.0 1320.0 30.0 266.0 782.342929698229
0.0 384.0 507.0 2478.0 10111.84560854539
0.0 393.0 508.0 2476.0 10012.507512900162
0.0 769.0 314.0 1587.0 6283.280931000825
0.0 837.0 279.0 1372.0 5489.660599193465
0.0 401.0 491.0 2480.0 9919.312677601438
0.0 1020.0 188.0 930.0 3687.047409447179
0.0 1362.0 18.0 63.0 339.99258578168093
0.0 780.0 312.0 1478.0 6170.51091748791
0.0 931.0 229.0 1146.0 4668.55770005979
0.0 937.0 213.0 1188.0 4572.763817155145
0.0 1326.0 40.0 150.0 694.0144073137875
0.0 1376.0 10.0 53.0 201.64738785089617
0.0 384.0 507.0 2478.0 10111.84560854539
0.0 840.0 254.0 1498.0 5600.943743618023
0.0 855.0 282.0 1280.0 5409.138042374136
0.0 931.0 229.0 1146.0 4668.55770005979
0.0 310.0 532.0 2724.0 10884.892389067825
0.0 393.0 491.0 2570.0 10028.724871529837
0.0 873.0 281.0 1222.0 5293.798088335705
0.0 763.0 309.0 1628.0 6318.0168722524
0.0 633.0 372.0 1943.0 7571.360092324198
0.0 957.0 197.0 1247.0 4368.997585392708
0.0 821.0 280.0 1427.0 5752.156349580174
0.0 1320.0 30.0 266.0 782.342929698229
0.0 964.0 224.0 1035.0 4369.444788698768
0.0 255.0 564.0 2871.0 11444.240912069434
0.0 1373.0 12.0 46.0 241.99129580053693
0.0 855.0 282.0 1280.0 5409.138042374136
0.0 1105.0 140.0 805.0 2850.9419465001524
0.0 799.0 280.0 1509.0 6071.440067367205
0.0 397.0 499.0 2523.0 9961.776322126992
0.0 818.0 296.0 1378.0 5811.48261795652
0.0 1374.0 10.0 69.0 226.4493391967923
0.0 937.0 213.0 1188.0 4572.763817155145
0.0 257.0 564.0 2854.0 11401.200870243463
0.0 397.0 499.0 2523.0 9961.776322126992
0.0 870.0 253.0 1286.0 5253.152758348665
0.0 629.0 379.0 1930.0 7650.571717962863
0.0 833.0 263.0 1495.0 5593.874163302992
0.0 662.0 362.0 1844.0 7328.668713320096
0.0 855.0 282.0 1280.0 5409.138042374136
0.0 1373.0 12.0 46.0 241.99129580053693
0.0 1338.0 28.0 139.0 575.2193456769558
0.0 1308.0 48.0 221.0 857.2693362936119
0.0 1368.0 13.0 63.0 273.7003935530995
0.0 836.0 273.0 1390.0 5583.704845527919
0.0 638.0 380.0 1888.0 7615.222155154864
0.0 1367.0 13.0 66.0 303.47962646456034
0.0 965.0 210.0 1062.0 4388.37369902318
0.0 1324.0 38.0 169.0 693.1654255927347
0.0 414.0 490.0 2480.0 9821.757272884905
0.0 319.0 533.0 2681.0 10758.582479899565
0.0 1371.0 11.0 76.0 247.75275560882605
0.0 393.0 497.0 2520.0 10021.907481811695
0.0 1322.0 44.0 146.0 729.6245935349117
0.0 866.0 250.0 1360.0 5244.044583214118
0.0 789.0 297.0 1514.0 6041.281187200611
0.0 384.0 507.0 2478.0 10111.84560854539
0.0 1369.0 17.0 39.0 293.96820117249695
0.0 896.0 254.0 1185.0 5021.314651243762
0.0 605.0 376.0 2085.0 7884.630636075742
0.0 260.0 564.0 2846.0 11372.666945565115
0.0 800.0 301.0 1446.0 5911.1144196421565
0.0 393.0 507.0 2474.0 10034.887897669409
0.0 1002.0 186.0 1089.0 3874.478010917803
0.0 994.0 205.0 1026.0 4014.1365471374593
0.0 257.0 554.0 2919.0 11404.256115420641
0.0 992.0 200.0 1068.0 3994.123615608754
0.0 983.0 206.0 1028.0 4065.3053282370624
0.0 868.0 264.0 1273.0 5293.904115788666
0.0 1368.0 19.0 33.0 296.0942834251748
0.0 396.0 495.0 2547.0 9990.953949699991
0.0 1040.0 179.0 873.0 3426.6279041038474
0.0 791.0 282.0 1663.0 6029.157112849582
0.0 791.0 316.0 1438.0 6024.36798322298
0.0 994.0 199.0 1019.0 4028.1917184922527
0.0 871.0 263.0 1312.0 5229.072006326347
0.0 1331.0 26.0 206.0 648.4305515175943
0.0 937.0 213.0 1188.0 4572.763817155145
0.0 1020.0 188.0 930.0 3687.047409447179
0.0 600.0 391.0 2021.0 7941.5260407724
0.0 994.0 199.0 1019.0 4028.1917184922527
0.0 337.0 525.0 2640.0 10607.998319320468
0.0 317.0 532.0 2701.0 10804.489480380815
0.0 988.0 210.0 1006.0 3994.0149199850284
0.0 800.0 301.0 1446.0 5911.1144196421565
0.0 993.0 200.0 970.0 4016.5768188834904
0.0 276.0 539.0 2923.0 11199.78526048883
0.0 1341.0 27.0 145.0 526.7197178221805
0.0 806.0 281.0 1533.0 5878.357414029079
0.0 262.0 549.0 2937.0 11345.745600211201
0.0 670.0 361.0 1799.0 7314.279548316002
0.0 649.0 363.0 1915.0 7482.183339709068
0.0 800.0 301.0 1446.0 5911.1144196421565
0.0 1362.0 18.0 68.0 333.79761094760136
0.0 931.0 229.0 1146.0 4668.55770005979
0.0 650.0 352.0 2010.0 7458.980305195058
0.0 988.0 210.0 1006.0 3994.0149199850284
0.0 257.0 554.0 2919.0 11404.256115420641
0.0 833.0 263.0 1495.0 5593.874163302992
0.0 968.0 214.0 1070.0 4184.341803251936
0.0 620.0 368.0 2050.0 7730.192553762377
0.0 975.0 202.0 1100.0 4226.055249872142
0.0 1368.0 13.0 63.0 273.7003935530995
0.0 1364.0 19.0 52.0 328.45849246303385
0.0 1334.0 37.0 125.0 614.8953950816679
0.0 393.0 497.0 2520.0 10021.907481811695
0.0 965.0 210.0 1062.0 4388.37369902318
0.0 596.0 380.0 2129.0 7973.203623257095
0.0 1020.0 188.0 930.0 3687.047409447179
0.0 837.0 279.0 1372.0 5489.660599193465
0.0 1338.0 28.0 139.0 575.2193456769558
0.0 605.0 376.0 2085.0 7884.630636075742
0.0 778.0 312.0 1530.0 6102.734785673812
0.0 774.0 303.0 1633.0 6227.144165858654
0.0 391.0 496.0 2558.0 10057.142509286448
0.0 1369.0 16.0 40.0 271.2083939017646
0.0 635.0 370.0 1958.0 7556.429361647383
0.0 767.0 313.0 1633.0 6279.0440282797135
0.0 884.0 261.0 1228.0 5172.520995688886
0.0 662.0 362.0 1844.0 7328.668713320096
0.0 642.0 366.0 1922.0 7560.297555061395
0.0 1324.0 38.0 169.0 693.1654255927347
0.0 629.0 379.0 1930.0 7650.571717962863
0.0 1323.0 38.0 189.0 711.8163277240535
0.0 966.0 208.0 1059.0 4318.300940846191
0.0 1001.0 190.0 1047.0 3975.937849116785
0.0 414.0 490.0 2480.0 9821.757272884905
0.0 594.0 391.0 2077.0 7995.789486631775
0.0 260.0 564.0 2846.0 11372.666945565115
0.0 1373.0 12.0 46.0 241.99129580053693
0.0 1362.0 18.0 60.0 354.0508886701651
0.0 1023.0 190.0 903.0 3609.969027532913
0.0 306.0 530.0 2774.0 10891.472073980434
0.0 1330.0 32.0 165.0 655.8029655937199
0.0 1374.0 12.0 57.0 223.84569124706854
0.0 596.0 393.0 2014.0 7921.305508862524
0.0 1333.0 26.0 196.0 628.4177533400438
0.0 670.0 360.0 1821.0 7262.253896734744
0.0 840.0 254.0 1498.0 5600.943743618023
0.0 937.0 213.0 1188.0 4572.763817155145
0.0 994.0 205.0 1026.0 4014.1365471374593
0.0 986.0 197.0 1109.0 4143.519377611069
0.0 1015.0 195.0 927.0 3781.509234062554
0.0 1374.0 10.0 69.0 226.4493391967923
0.0 617.0 377.0 1992.0 7703.611151019073
0.0 780.0 312.0 1478.0 6170.51091748791
0.0 981.0 211.0 1014.0 4089.9158855370206
0.0 1370.0 14.0 59.0 252.01971280052345
0.0 1319.0 41.0 199.0 777.8348296347821
0.0 1003.0 197.0 1027.0 3945.3597299538974
0.0 1002.0 186.0 1089.0 3874.478010917803
0.0 782.0 301.0 1565.0 6131.594277668039
0.0 964.0 224.0 1035.0 4369.444788698768
0.0 397.0 499.0 2523.0 9961.776322126992
0.0 638.0 380.0 1888.0 7615.222155154864
0.0 972.0 211.0 1040.0 4294.450772107806
0.0 588.0 393.0 2045.0 8062.962242087625
0.0 654.0 357.0 1890.0 7465.41432374553
0.0 1331.0 26.0 206.0 648.4305515175943
0.0 317.0 528.0 2716.0 10800.622203801451
0.0 996.0 193.0 1045.0 4050.284639364841
0.0 397.0 493.0 2569.0 9964.805864721722
0.0 257.0 564.0 2854.0 11401.200870243463
0.0 1336.0 31.0 138.0 595.2313233256167
0.0 397.0 504.0 2476.0 10001.712515058252
0.0 674.0 337.0 1980.0 7209.62881564832
0.0 1323.0 43.0 143.0 713.3011171006723
0.0 635.0 377.0 1907.0 7646.189587572375
0.0 650.0 363.0 1912.0 7428.269298131032
0.0 1326.0 40.0 150.0 694.0144073137875
0.0 946.0 225.0 1126.0 4440.719540582491
0.0 842.0 281.0 1284.0 5483.948842882024
0.0 1024.0 183.0 1020.0 3650.7374309618067
0.0 600.0 391.0 2021.0 7941.5260407724
0.0 1001.0 206.0 932.0 3939.1958849755783
0.0 1322.0 44.0 146.0 729.6245935349117
0.0 384.0 507.0 2478.0 10111.84560854539
0.0 663.0 366.0 1832.0 7292.317087589798
0.0 957.0 197.0 1247.0 4368.997585392708
0.0 1331.0 26.0 206.0 648.4305515175943
0.0 994.0 199.0 1019.0 4028.1917184922527
