0.0 968.0 223.0 979.0 4220.827089030741
0.0 1330.0 37.0 135.0 653.1923318250467
0.0 1311.0 46.0 205.0 878.6001699805329
0.0 332.0 526.0 2682.0 10629.997790625364
0.0 434.0 485.0 2393.0 9639.77719643669
0.0 1369.0 12.0 62.0 289.60597643208513
0.0 1322.0 39.0 190.0 720.9237914151132
0.0 848.0 256.0 1416.0 5504.450641739663
0.0 1330.0 37.0 135.0 653.1923318250467
0.0 346.0 523.0 2640.0 10511.104310768907
0.0 593.0 388.0 2080.0 8030.518617201988
0.0 1326.0 37.0 165.0 684.5796354477204
0.0 1370.0 11.0 53.0 263.28889003247
0.0 1016.0 190.0 1033.0 3831.0277724689404
0.0 1313.0 42.0 204.0 840.444925260051
0.0 1161.0 122.0 605.0 2340.2994469018467
0.0 1322.0 39.0 190.0 720.9237914151132
0.0 1367.0 16.0 49.0 319.03809027838327
0.0 989.0 199.0 998.0 4047.899057474423
0.0 416.0 495.0 2428.0 9799.454624995578
0.0 1301.0 52.0 226.0 970.4512841269226
0.0 861.0 262.0 1326.0 5337.652154775069
0.0 846.0 283.0 1281.0 5438.7812581737135
0.0 877.0 266.0 1236.0 5173.256024421429
0.0 999.0 198.0 971.0 3899.0267434529974
0.0 1331.0 39.0 121.0 649.2995390823236
0.0 833.0 296.0 1302.0 5633.858188683447
0.0 798.0 288.0 1473.0 6036.165803240764
0.0 790.0 309.0 1410.0 6025.4495493425575
0.0 769.0 307.0 1632.0 6131.621128896497
0.0 392.0 505.0 2510.0 10049.558920284022
0.0 593.0 388.0 2080.0 8030.518617201988
0.0 432.0 480.0 2421.0 9642.146189587564
0.0 660.0 366.0 1840.0 7399.19153712342
0.0 306.0 533.0 2738.0 10913.008737710323
0.0 593.0 388.0 2080.0 8030.518617201988
0.0 405.0 494.0 2438.0 9899.322440967157
0.0 824.0 262.0 1525.0 5738.3703397412955
0.0 968.0 214.0 1025.0 4244.3262150090095
0.0 321.0 525.0 2730.0 10766.215756952057
0.0 332.0 526.0 2682.0 10629.997790625364
0.0 1006.0 192.0 1017.0 3933.6935354427824
0.0 392.0 505.0 2510.0 10049.558920284022
0.0 397.0 506.0 2470.0 9998.024793605684
0.0 410.0 495.0 2482.0 9838.334978411232
0.0 332.0 526.0 2682.0 10629.997790625364
0.0 1315.0 40.0 237.0 810.6558652116009
0.0 999.0 198.0 971.0 3899.0267434529974
0.0 855.0 251.0 1453.0 5354.265365257425
0.0 619.0 375.0 1941.0 7753.872335532455
0.0 1369.0 14.0 59.0 276.1341272017187
0.0 410.0 495.0 2482.0 9838.334978411232
0.0 968.0 223.0 979.0 4220.827089030741
0.0 1330.0 37.0 135.0 653.1923318250467
0.0 1367.0 17.0 46.0 305.6445721600699
0.0 883.0 245.0 1389.0 5204.543998750208
0.0 309.0 536.0 2707.0 10885.731472000629
0.0 1364.0 18.0 46.0 346.84697447179013
0.0 965.0 209.0 1036.0 4232.086707990275
0.0 701.0 345.0 1812.0 6950.688158052143
0.0 388.0 512.0 2479.0 10086.455620648954
0.0 964.0 212.0 1066.0 4260.5984092578465
0.0 1371.0 14.0 54.0 239.42600463621474
0.0 902.0 230.0 1293.0 4999.831770321482
0.0 1327.0 39.0 138.0 681.1657840906331
0.0 718.0 329.0 1798.0 6718.656602222343
0.0 1367.0 18.0 47.0 288.0884722036887
0.0 847.0 281.0 1314.0 5485.0299872602445
0.0 822.0 281.0 1391.0 5758.066330913116
0.0 772.0 300.0 1611.0 6216.521233503163
0.0 1010.0 198.0 980.0 3882.725976664308
0.0 824.0 262.0 1525.0 5738.3703397412955
0.0 968.0 223.0 979.0 4220.827089030741
0.0 824.0 262.0 1525.0 5738.3703397412955
0.0 1322.0 39.0 190.0 720.9237914151132
0.0 879.0 261.0 1265.0 5142.465258275997
0.0 606.0 386.0 1946.0 7863.829925103797
0.0 692.0 343.0 1779.0 7000.249100082456
0.0 714.0 352.0 1673.0 6818.348887350643
0.0 641.0 368.0 1866.0 7525.955378120764
0.0 660.0 352.0 1938.0 7356.444653119055
0.0 1338.0 31.0 127.0 575.0832074090387
0.0 393.0 501.0 2529.0 10031.34240798516
0.0 989.0 190.0 1129.0 4071.5335171863403
0.0 861.0 262.0 1326.0 5337.652154775069
0.0 432.0 480.0 2421.0 9642.146189587564
0.0 393.0 503.0 2506.0 10033.118012962852
0.0 260.0 562.0 2859.0 11383.772979731477
0.0 968.0 223.0 979.0 4220.827089030741
0.0 434.0 491.0 2370.0 9636.399611369072
0.0 1003.0 182.0 1022.0 3874.066065027065
0.0 660.0 352.0 1938.0 7356.444653119055
0.0 257.0 562.0 2884.0 11404.408865036414
0.0 332.0 526.0 2682.0 10629.997790625364
0.0 428.0 487.0 2423.0 9707.122448509112
0.0 346.0 523.0 2640.0 10511.104310768907
0.0 865.0 259.0 1325.0 5269.539822584494
0.0 1010.0 198.0 980.0 3882.725976664308
0.0 318.0 532.0 2684.0 10814.01619939908
0.0 305.0 534.0 2740.0 10903.670418182426
0.0 937.0 226.0 1182.0 4540.808099287733
0.0 807.0 281.0 1473.0 5887.336879720922
0.0 803.0 285.0 1484.0 5993.670499912534
0.0 999.0 198.0 971.0 3899.0267434529974
0.0 987.0 202.0 1022.0 4038.124186234002
0.0 1369.0 12.0 62.0 289.60597643208513
0.0 346.0 523.0 2640.0 10511.104310768907
0.0 1331.0 39.0 121.0 649.2995390823236
0.0 924.0 232.0 1218.0 4726.397606548497
0.0 1361.0 21.0 53.0 365.94668543793824
0.0 262.0 552.0 2932.0 11339.564646085266
0.0 1305.0 46.0 245.0 909.7808968648869
0.0 872.0 271.0 1266.0 5250.88288538446
0.0 971.0 199.0 1154.0 4193.4978296767795
0.0 698.0 358.0 1751.0 6931.524820376886
0.0 1016.0 190.0 1033.0 3831.0277724689404
0.0 968.0 223.0 979.0 4220.827089030741
0.0 861.0 262.0 1326.0 5337.652154775069
0.0 760.0 322.0 1574.0 6321.02919612814
0.0 432.0 480.0 2421.0 9642.146189587564
0.0 641.0 368.0 1866.0 7525.955378120764
0.0 625.0 407.0 1865.0 7687.199413149496
0.0 1372.0 11.0 63.0 242.89692289756465
0.0 662.0 360.0 1813.0 7379.955339431298
0.0 961.0 208.0 1114.0 4375.296969451414
0.0 1338.0 31.0 127.0 575.0832074090387
0.0 968.0 214.0 1025.0 4244.3262150090095
0.0 1313.0 42.0 204.0 840.444925260051
0.0 593.0 388.0 2080.0 8030.518617201988
0.0 790.0 309.0 1410.0 6025.4495493425575
0.0 968.0 223.0 979.0 4220.827089030741
0.0 769.0 307.0 1632.0 6131.621128896497
0.0 877.0 266.0 1236.0 5173.256024421429
0.0 332.0 526.0 2682.0 10629.997790625364
0.0 933.0 223.0 1258.0 4577.928874557351
0.0 861.0 262.0 1326.0 5337.652154775069
0.0 869.0 259.0 1305.0 5237.636375617789
0.0 1161.0 122.0 605.0 2340.2994469018467
0.0 857.0 281.0 1248.0 5394.8798244329355
0.0 987.0 202.0 1022.0 4038.124186234002
0.0 1377.0 7.0 70.0 216.94916165307956
0.0 772.0 300.0 1611.0 6216.521233503163
0.0 989.0 199.0 998.0 4047.899057474423
0.0 824.0 262.0 1525.0 5738.3703397412955
0.0 648.0 379.0 1858.0 7413.725020706772
0.0 392.0 505.0 2510.0 10049.558920284022
0.0 999.0 198.0 971.0 3899.0267434529974
0.0 865.0 259.0 1325.0 5269.539822584494
0.0 274.0 545.0 2870.0 11223.661543335676
0.0 306.0 533.0 2738.0 10913.008737710323
0.0 610.0 372.0 2068.0 7829.717143604453
0.0 968.0 223.0 979.0 4220.827089030741
0.0 275.0 560.0 2800.0 11216.547768921357
0.0 1300.0 55.0 234.0 933.0571578404148
0.0 841.0 263.0 1403.0 5658.482785232002
0.0 773.0 328.0 1431.0 6240.188784786016
0.0 410.0 495.0 2482.0 9838.334978411232
0.0 1008.0 193.0 946.0 3893.382079524855
0.0 968.0 214.0 1025.0 4244.3262150090095
0.0 773.0 325.0 1525.0 6138.261469975293
0.0 306.0 538.0 2722.0 10911.757133399222
0.0 1339.0 32.0 119.0 549.312459445025
0.0 965.0 209.0 1036.0 4232.086707990275
0.0 602.0 377.0 2087.0 7902.259755605704
0.0 1366.0 14.0 65.0 307.4488987400609
0.0 968.0 223.0 979.0 4220.827089030741
0.0 812.0 273.0 1551.0 5798.107669595515
0.0 260.0 561.0 2860.0 11368.007050605494
0.0 261.0 552.0 2915.0 11394.92297307268
0.0 999.0 198.0 971.0 3899.0267434529974
0.0 1010.0 198.0 980.0 3882.725976664308
0.0 660.0 352.0 1938.0 7356.444653119055
0.0 701.0 345.0 1812.0 6950.688158052143
0.0 606.0 386.0 1946.0 7863.829925103797
0.0 1321.0 40.0 185.0 772.4981810545953
0.0 1010.0 198.0 980.0 3882.725976664308
0.0 937.0 226.0 1182.0 4540.808099287733
0.0 989.0 190.0 1129.0 4071.5335171863403
0.0 1010.0 198.0 980.0 3882.725976664308
0.0 1315.0 40.0 237.0 810.6558652116009
0.0 1369.0 12.0 62.0 289.60597643208513
0.0 259.0 565.0 2865.0 11354.416880134055
0.0 1371.0 14.0 54.0 239.42600463621474
0.0 790.0 309.0 1410.0 6025.4495493425575
0.0 1363.0 13.0 98.0 343.84301939780136
0.0 848.0 256.0 1416.0 5504.450641739663
0.0 718.0 329.0 1798.0 6718.656602222343
0.0 989.0 190.0 1129.0 4071.5335171863403
0.0 987.0 202.0 1022.0 4038.124186234002
0.0 1369.0 12.0 62.0 289.60597643208513
0.0 392.0 502.0 2487.0 10054.058642693397
0.0 346.0 523.0 2640.0 10511.104310768907
0.0 909.0 253.0 1209.0 4869.988911233189
0.0 432.0 480.0 2421.0 9642.146189587564
0.0 660.0 352.0 1938.0 7356.444653119055
0.0 397.0 506.0 2470.0 9998.024793605684
0.0 855.0 251.0 1453.0 5354.265365257425
0.0 1364.0 19.0 55.0 310.84538360375564
0.0 1003.0 182.0 1022.0 3874.066065027065
0.0 1326.0 37.0 165.0 684.5796354477204
0.0 838.0 280.0 1356.0 5570.976626041417
0.0 388.0 512.0 2479.0 10086.455620648954
0.0 893.0 245.0 1230.0 5016.710752637704
0.0 416.0 495.0 2428.0 9799.454624995578
0.0 999.0 198.0 971.0 3899.0267434529974
0.0 1326.0 37.0 165.0 684.5796354477204
0.0 593.0 388.0 2080.0 8030.518617201988
0.0 845.0 268.0 1340.0 5615.466765668659
0.0 1331.0 39.0 121.0 649.2995390823236
0.0 254.0 561.0 2896.0 11428.360100508276
0.0 606.0 386.0 1946.0 7863.829925103797
0.0 610.0 372.0 2068.0 7829.717143604453
0.0 677.0 360.0 1841.0 7172.034519483641
0.0 643.0 362.0 1924.0 7553.046965594463
0.0 779.0 300.0 1580.0 6134.306213788635
0.0 744.0 321.0 1686.0 6514.351797506502
0.0 609.0 391.0 2021.0 7789.434321283183
0.0 797.0 315.0 1397.0 6018.379138208927
0.0 847.0 281.0 1314.0 5485.0299872602445
0.0 782.0 308.0 1507.0 6142.044348145456
0.0 651.0 363.0 1880.0 7476.288977539754
0.0 701.0 345.0 1812.0 6950.688158052143
0.0 961.0 208.0 1114.0 4375.296969451414
0.0 638.0 383.0 1885.0 7522.178511601313
0.0 619.0 375.0 1941.0 7753.872335532455
0.0 1369.0 16.0 49.0 274.41500862516267
0.0 811.0 280.0 1480.0 5795.914989487455
0.0 989.0 199.0 998.0 4047.899057474423
0.0 1330.0 37.0 135.0 653.1923318250467
0.0 910.0 237.0 1244.0 4843.339428287307
0.0 274.0 545.0 2870.0 11223.661543335676
0.0 1364.0 18.0 46.0 346.84697447179013
0.0 1370.0 14.0 47.0 242.03188240416068
0.0 713.0 344.0 1742.0 6806.857838693421
0.0 1331.0 35.0 152.0 616.8787168095805
0.0 965.0 209.0 1036.0 4232.086707990275
0.0 772.0 300.0 1611.0 6216.521233503163
0.0 833.0 296.0 1302.0 5633.858188683447
0.0 1371.0 10.0 76.0 267.5205241568473
0.0 261.0 552.0 2915.0 11394.92297307268
0.0 1006.0 192.0 1017.0 3933.6935354427824
0.0 1367.0 17.0 46.0 305.6445721600699
0.0 611.0 371.0 2026.0 7901.175203176465
0.0 968.0 214.0 1025.0 4244.3262150090095
0.0 1315.0 40.0 237.0 810.6558652116009
0.0 1371.0 14.0 54.0 239.42600463621474
0.0 1340.0 30.0 122.0 561.4459501970083
0.0 1321.0 40.0 185.0 772.4981810545953
0.0 1010.0 198.0 980.0 3882.725976664308
0.0 635.0 365.0 1948.0 7622.800765184111
0.0 253.0 564.0 2888.0 11443.816805013861
0.0 602.0 377.0 2087.0 7902.259755605704
0.0 1322.0 39.0 190.0 720.9237914151132
0.0 1369.0 12.0 62.0 289.60597643208513
0.0 968.0 223.0 979.0 4220.827089030741
0.0 993.0 205.0 986.0 4012.1860689070286
0.0 970.0 194.0 1148.0 4286.096056295639
0.0 773.0 328.0 1431.0 6240.188784786016
0.0 987.0 202.0 1022.0 4038.124186234002
0.0 660.0 366.0 1840.0 7399.19153712342
0.0 384.0 508.0 2481.0 10095.615035257299
0.0 1327.0 39.0 138.0 681.1657840906331
0.0 432.0 480.0 2421.0 9642.146189587564
0.0 1330.0 38.0 126.0 650.5100874597197
0.0 1338.0 31.0 127.0 575.0832074090387
0.0 790.0 309.0 1410.0 6025.4495493425575
0.0 698.0 358.0 1751.0 6931.524820376886
0.0 812.0 273.0 1551.0 5798.107669595515
0.0 331.0 533.0 2654.0 10670.83516758786
0.0 1016.0 190.0 1033.0 3831.0277724689404
0.0 999.0 198.0 971.0 3899.0267434529974
0.0 714.0 352.0 1673.0 6818.348887350643
0.0 971.0 199.0 1154.0 4193.4978296767795
0.0 1319.0 37.0 231.0 753.8927725875764
0.0 660.0 352.0 1938.0 7356.444653119055
0.0 1359.0 20.0 76.0 389.80784573353316
0.0 989.0 190.0 1129.0 4071.5335171863403
0.0 257.0 567.0 2875.0 11408.241131579021
0.0 257.0 560.0 2889.0 11435.208382086417
0.0 1363.0 18.0 58.0 337.55166091465145
0.0 1323.0 35.0 201.0 749.7692512087684
0.0 970.0 196.0 1208.0 4196.8803524447
0.0 978.0 207.0 1051.0 4140.3939102903
