0.0 1004.0 196.0 1052.0 3868.4376271616175
0.0 1165.0 122.0 560.0 2244.8320209956614
0.0 1325.0 42.0 142.0 669.1343092072976
0.0 992.0 201.0 964.0 3959.6941684234307
0.0 395.0 494.0 2545.0 10019.270652428935
0.0 1375.0 10.0 53.0 209.31427039659923
0.0 841.0 265.0 1378.0 5572.861917947703
0.0 590.0 392.0 2063.0 8114.366375199118
0.0 328.0 523.0 2711.0 10715.05975618542
0.0 955.0 227.0 1040.0 4306.730802816814
0.0 306.0 530.0 2767.0 10931.73682002321
0.0 1360.0 23.0 46.0 367.4947886244088
0.0 340.0 521.0 2686.0 10589.220158008364
0.0 1004.0 196.0 1052.0 3868.4376271616175
0.0 1328.0 37.0 137.0 679.786784417027
0.0 1372.0 9.0 70.0 247.65565174020458
0.0 859.0 262.0 1329.0 5434.124205361058
0.0 726.0 322.0 1741.0 6684.881539490047
0.0 1333.0 33.0 147.0 614.9821087114922
0.0 1325.0 42.0 142.0 669.1343092072976
0.0 397.0 498.0 2514.0 9986.793949376988
0.0 1107.0 141.0 751.0 2854.2194884487863
0.0 1367.0 17.0 44.0 298.5966769989164
0.0 608.0 402.0 1943.0 7923.878746933548
0.0 284.0 547.0 2811.0 11132.581226336682
0.0 650.0 368.0 1893.0 7406.0210259566475
0.0 634.0 368.0 1939.0 7631.251056133292
0.0 1004.0 196.0 1052.0 3868.4376271616175
0.0 988.0 191.0 1096.0 4002.6578512273472
0.0 1361.0 22.0 52.0 375.069390247348
0.0 803.0 302.0 1404.0 5973.599057019936
0.0 1375.0 11.0 41.0 196.2910759728437
0.0 664.0 369.0 1860.0 7265.986287252517
0.0 666.0 350.0 1960.0 7335.317980078218
0.0 992.0 201.0 964.0 3959.6941684234307
0.0 816.0 285.0 1405.0 5777.914468964382
0.0 258.0 561.0 2865.0 11390.466947168925
0.0 1364.0 20.0 49.0 326.20763459575676
0.0 1328.0 37.0 137.0 679.786784417027
0.0 990.0 191.0 1051.0 4025.6576700356322
0.0 911.0 239.0 1214.0 4829.314266526825
0.0 1372.0 9.0 70.0 247.65565174020458
0.0 1165.0 122.0 560.0 2244.8320209956614
0.0 255.0 562.0 2898.0 11429.634425434644
0.0 1372.0 13.0 54.0 237.65226619847843
0.0 1304.0 48.0 224.0 913.2081173473938
0.0 814.0 272.0 1482.0 5810.0946840867
0.0 992.0 192.0 1063.0 4015.191895837769
0.0 395.0 494.0 2545.0 10019.270652428935
0.0 1042.0 187.0 849.0 3503.274767553353
0.0 1370.0 8.0 94.0 285.5238201196957
0.0 429.0 489.0 2400.0 9693.958984549183
0.0 765.0 310.0 1612.0 6224.178752586072
0.0 794.0 288.0 1544.0 6046.06862049446
0.0 1320.0 39.0 197.0 774.7661979940297
0.0 1375.0 11.0 41.0 196.2910759728437
0.0 828.0 300.0 1331.0 5642.732344245636
0.0 788.0 311.0 1428.0 6122.053441858395
0.0 1010.0 201.0 963.0 3812.6900966645235
0.0 779.0 313.0 1496.0 6135.884541780373
0.0 1372.0 9.0 70.0 247.65565174020458
0.0 1366.0 18.0 49.0 287.4850947609821
0.0 666.0 350.0 1960.0 7335.317980078218
0.0 332.0 533.0 2639.0 10638.778242619874
0.0 834.0 278.0 1335.0 5578.275646905481
0.0 1304.0 48.0 224.0 913.2081173473938
0.0 1042.0 187.0 849.0 3503.274767553353
0.0 828.0 268.0 1476.0 5699.259194931783
0.0 776.0 308.0 1526.0 6181.807694132943
0.0 992.0 201.0 964.0 3959.6941684234307
0.0 846.0 278.0 1317.0 5531.020052654122
0.0 591.0 392.0 2066.0 8093.645042170549
0.0 588.0 395.0 2084.0 7994.365657213436
0.0 649.0 353.0 1970.0 7489.017147076165
0.0 902.0 243.0 1202.0 4900.805500755848
0.0 1363.0 23.0 37.0 348.14706069005746
0.0 955.0 227.0 1040.0 4306.730802816814
0.0 1372.0 9.0 70.0 247.65565174020458
0.0 663.0 357.0 1891.0 7320.09940745892
0.0 992.0 201.0 964.0 3959.6941684234307
0.0 324.0 529.0 2663.0 10746.316878157253
0.0 1127.0 134.0 709.0 2653.050850690951
0.0 992.0 201.0 964.0 3959.6941684234307
0.0 846.0 278.0 1317.0 5531.020052654122
0.0 1029.0 185.0 919.0 3595.9929926818368
0.0 992.0 201.0 964.0 3959.6941684234307
0.0 1026.0 176.0 991.0 3732.7794625573483
0.0 902.0 243.0 1202.0 4900.805500755848
0.0 860.0 253.0 1386.0 5308.330890487641
0.0 423.0 490.0 2447.0 9736.049991642005
0.0 1364.0 19.0 48.0 331.249895247869
0.0 851.0 260.0 1365.0 5438.8910559818405
0.0 460.0 466.0 2331.0 9362.138253319856
0.0 762.0 308.0 1625.0 6317.787609454971
0.0 634.0 378.0 1875.0 7679.388491901872
0.0 413.0 494.0 2461.0 9814.109230847844
0.0 1328.0 37.0 137.0 679.786784417027
0.0 588.0 395.0 2084.0 7994.365657213436
0.0 1371.0 11.0 63.0 260.705161971623
0.0 1165.0 122.0 560.0 2244.8320209956614
0.0 1370.0 8.0 94.0 285.5238201196957
0.0 751.0 327.0 1580.0 6455.480504508736
0.0 874.0 267.0 1210.0 5124.74136459615
0.0 411.0 486.0 2501.0 9856.22956005421
0.0 1325.0 36.0 172.0 678.7958735632409
0.0 330.0 530.0 2669.0 10673.556004005415
0.0 393.0 499.0 2527.0 10013.004493583707
0.0 992.0 201.0 964.0 3959.6941684234307
0.0 332.0 533.0 2639.0 10638.778242619874
0.0 795.0 304.0 1409.0 5994.980334898043
0.0 655.0 371.0 1832.0 7449.636580583421
0.0 726.0 322.0 1741.0 6684.881539490047
0.0 319.0 529.0 2696.0 10741.569785586496
0.0 397.0 498.0 2514.0 9986.793949376988
0.0 990.0 191.0 1051.0 4025.6576700356322
0.0 399.0 494.0 2512.0 9970.60444172448
0.0 255.0 562.0 2898.0 11429.634425434644
0.0 1368.0 18.0 33.0 295.62411387896555
0.0 395.0 494.0 2545.0 10019.270652428935
0.0 1372.0 13.0 54.0 237.65226619847843
0.0 634.0 378.0 1875.0 7679.388491901872
0.0 874.0 267.0 1210.0 5124.74136459615
0.0 1042.0 187.0 849.0 3503.274767553353
0.0 1375.0 11.0 41.0 196.2910759728437
0.0 332.0 533.0 2639.0 10638.778242619874
0.0 1006.0 196.0 978.0 3831.551311295265
0.0 623.0 371.0 2027.0 7636.320571077807
0.0 1320.0 39.0 207.0 758.2318405215154
0.0 396.0 495.0 2516.0 9996.574869704948
0.0 590.0 392.0 2063.0 8114.366375199118
0.0 814.0 272.0 1482.0 5810.0946840867
0.0 992.0 192.0 1063.0 4015.191895837769
0.0 1318.0 39.0 192.0 786.6466938997679
0.0 608.0 402.0 1943.0 7923.878746933548
0.0 960.0 209.0 1117.0 4358.163158327616
0.0 649.0 353.0 1970.0 7489.017147076165
0.0 1325.0 36.0 172.0 678.7958735632409
0.0 960.0 209.0 1117.0 4358.163158327616
0.0 992.0 201.0 964.0 3959.6941684234307
0.0 255.0 562.0 2898.0 11429.634425434644
0.0 1333.0 33.0 147.0 614.9821087114922
0.0 876.0 256.0 1281.0 5219.40840190621
0.0 874.0 267.0 1210.0 5124.74136459615
0.0 255.0 563.0 2897.0 11436.00365626067
0.0 828.0 300.0 1331.0 5642.732344245636
0.0 263.0 560.0 2854.0 11364.352711535732
0.0 588.0 395.0 2084.0 7994.365657213436
0.0 1318.0 41.0 182.0 808.5475830606975
0.0 1325.0 42.0 142.0 669.1343092072976
0.0 1314.0 46.0 179.0 789.4049539785769
0.0 1372.0 10.0 80.0 230.62757131998606
0.0 1004.0 196.0 1052.0 3868.4376271616175
0.0 588.0 395.0 2084.0 7994.365657213436
0.0 259.0 557.0 2890.0 11386.715326363337
0.0 590.0 392.0 2063.0 8114.366375199118
0.0 769.0 306.0 1609.0 6249.551106446628
0.0 1319.0 41.0 212.0 774.5592852348087
0.0 1006.0 196.0 978.0 3831.551311295265
0.0 992.0 201.0 964.0 3959.6941684234307
0.0 1325.0 36.0 172.0 678.7958735632409
0.0 1328.0 37.0 137.0 679.786784417027
0.0 332.0 533.0 2639.0 10638.778242619874
0.0 1371.0 9.0 88.0 262.41087903599094
0.0 1371.0 14.0 37.0 249.5533454223166
0.0 991.0 204.0 958.0 4036.3457283448593
0.0 952.0 214.0 1144.0 4440.620364846962
0.0 1004.0 196.0 1052.0 3868.4376271616175
0.0 1375.0 11.0 41.0 196.2910759728437
0.0 874.0 267.0 1210.0 5124.74136459615
0.0 1361.0 22.0 52.0 375.069390247348
0.0 319.0 529.0 2696.0 10741.569785586496
0.0 623.0 371.0 2027.0 7636.320571077807
0.0 1333.0 38.0 122.0 614.6801310170849
0.0 992.0 192.0 1063.0 4015.191895837769
0.0 328.0 523.0 2711.0 10715.05975618542
0.0 1318.0 39.0 192.0 786.6466938997679
0.0 423.0 490.0 2447.0 9736.049991642005
0.0 879.0 253.0 1301.0 5206.014415368838
0.0 1375.0 10.0 53.0 209.31427039659923
0.0 751.0 327.0 1580.0 6455.480504508736
0.0 955.0 206.0 1169.0 4392.231637067942
0.0 1042.0 187.0 849.0 3503.274767553353
0.0 949.0 214.0 1134.0 4482.53852338625
0.0 779.0 313.0 1496.0 6135.884541780373
0.0 1033.0 184.0 863.0 3593.0320807108437
0.0 1304.0 48.0 224.0 913.2081173473938
0.0 955.0 227.0 1040.0 4306.730802816814
0.0 911.0 239.0 1214.0 4829.314266526825
0.0 1372.0 13.0 54.0 237.65226619847843
0.0 685.0 349.0 1787.0 7092.403804137519
0.0 626.0 377.0 1938.0 7640.92806258846
0.0 1320.0 39.0 207.0 758.2318405215154
0.0 911.0 239.0 1214.0 4829.314266526825
0.0 1004.0 196.0 1052.0 3868.4376271616175
0.0 326.0 526.0 2700.0 10706.420643469371
0.0 990.0 191.0 1051.0 4025.6576700356322
0.0 1165.0 122.0 560.0 2244.8320209956614
0.0 833.0 269.0 1432.0 5613.324914621423
0.0 955.0 206.0 1169.0 4392.231637067942
0.0 1081.0 152.0 821.0 3145.5055842779343
0.0 395.0 494.0 2545.0 10019.270652428935
0.0 396.0 495.0 2516.0 9996.574869704948
0.0 811.0 275.0 1594.0 5751.9750297627925
0.0 268.0 547.0 2904.0 11276.63163213871
0.0 340.0 521.0 2686.0 10589.220158008364
0.0 897.0 259.0 1209.0 4946.908735828872
0.0 397.0 498.0 2514.0 9986.793949376988
0.0 841.0 265.0 1378.0 5572.861917947703
0.0 795.0 304.0 1409.0 5994.980334898043
0.0 646.0 367.0 1896.0 7512.774465762318
0.0 916.0 244.0 1191.0 4822.407238546774
0.0 790.0 289.0 1565.0 5979.1317571517475
0.0 726.0 322.0 1741.0 6684.881539490047
0.0 1367.0 17.0 44.0 298.5966769989164
0.0 788.0 287.0 1576.0 6022.321921745426
0.0 1371.0 12.0 58.0 255.3383699465741
0.0 1370.0 13.0 52.0 273.56709757537357
0.0 411.0 486.0 2501.0 9856.22956005421
0.0 1370.0 8.0 94.0 285.5238201196957
0.0 764.0 309.0 1650.0 6280.683155658869
0.0 417.0 482.0 2507.0 9807.587796507505
0.0 591.0 392.0 2066.0 8093.645042170549
0.0 646.0 380.0 1811.0 7537.480384108174
0.0 1370.0 13.0 52.0 273.56709757537357
0.0 1029.0 185.0 919.0 3595.9929926818368
0.0 1314.0 46.0 179.0 789.4049539785769
0.0 663.0 357.0 1891.0 7320.09940745892
0.0 666.0 350.0 1960.0 7335.317980078218
0.0 608.0 402.0 1943.0 7923.878746933548
0.0 1010.0 201.0 963.0 3812.6900966645235
0.0 1363.0 20.0 49.0 364.34393713043835
0.0 986.0 211.0 996.0 4099.413143831828
0.0 612.0 389.0 1957.0 7860.416639068913
0.0 814.0 272.0 1482.0 5810.0946840867
0.0 685.0 349.0 1787.0 7092.403804137519
0.0 955.0 206.0 1169.0 4392.231637067942
0.0 634.0 378.0 1875.0 7679.388491901872
0.0 911.0 239.0 1214.0 4829.314266526825
0.0 846.0 278.0 1317.0 5531.020052654122
0.0 795.0 304.0 1409.0 5994.980334898043
0.0 590.0 392.0 2063.0 8114.366375199118
0.0 1333.0 33.0 147.0 614.9821087114922
0.0 989.0 206.0 1010.0 4013.7440525820757
0.0 658.0 361.0 1918.0 7324.229087246744
0.0 1329.0 30.0 196.0 658.3656916822163
0.0 992.0 201.0 964.0 3959.6941684234307
0.0 1325.0 42.0 142.0 669.1343092072976
0.0 1320.0 39.0 197.0 774.7661979940297
0.0 634.0 368.0 1939.0 7631.251056133292
0.0 879.0 254.0 1341.0 5100.111737270353
0.0 1361.0 22.0 52.0 375.069390247348
0.0 664.0 369.0 1860.0 7265.986287252517
0.0 955.0 227.0 1040.0 4306.730802816814
0.0 1042.0 187.0 849.0 3503.274767553353
0.0 885.0 251.0 1259.0 5098.504818789079
0.0 958.0 235.0 1032.0 4396.117419853742
0.0 816.0 283.0 1446.0 5750.811979053898
0.0 255.0 563.0 2897.0 11436.00365626067
0.0 646.0 367.0 1896.0 7512.774465762318
0.0 902.0 243.0 1202.0 4900.805500755848
0.0 395.0 494.0 2545.0 10019.270652428935
0.0 952.0 220.0 1111.0 4397.386284963221
0.0 1373.0 13.0 36.0 227.28541825072028
0.0 810.0 297.0 1372.0 5896.580611882185
0.0 269.0 558.0 2837.0 11276.443918596131
0.0 960.0 209.0 1117.0 4358.163158327616
0.0 874.0 267.0 1210.0 5124.74136459615
0.0 332.0 533.0 2639.0 10638.778242619874
0.0 752.0 318.0 1686.0 6431.389646826296
0.0 739.0 319.0 1673.0 6584.107613349643
0.0 309.0 533.0 2739.0 10868.895718052254
0.0 841.0 265.0 1378.0 5572.861917947703
0.0 1318.0 39.0 192.0 786.6466938997679
0.0 991.0 204.0 958.0 4036.3457283448593
0.0 1344.0 28.0 129.0 501.1479088084003
0.0 395.0 505.0 2477.0 10019.451301746722
0.0 1371.0 12.0 58.0 255.3383699465741
0.0 259.0 559.0 2883.0 11392.935325791032
0.0 705.0 358.0 1670.0 6921.320154931294
0.0 1006.0 196.0 978.0 3831.551311295265
0.0 301.0 535.0 2770.0 10954.422987921984
0.0 965.0 220.0 1000.0 4279.164395211134
0.0 1372.0 9.0 70.0 247.65565174020458
0.0 788.0 311.0 1428.0 6122.053441858395
0.0 1375.0 11.0 41.0 196.2910759728437
0.0 1315.0 43.0 203.0 797.4945173278329
0.0 588.0 395.0 2084.0 7994.365657213436
0.0 990.0 191.0 1051.0 4025.6576700356322
0.0 273.0 542.0 2917.0 11231.239569650177
0.0 655.0 371.0 1832.0 7449.636580583421
0.0 1328.0 37.0 137.0 679.786784417027
0.0 641.0 371.0 1897.0 7553.504824801055
0.0 1369.0 13.0 57.0 279.61787833955884
0.0 992.0 192.0 1063.0 4015.191895837769
0.0 254.0 563.0 2910.0 11457.803671897904
0.0 879.0 253.0 1301.0 5206.014415368838
0.0 1325.0 36.0 172.0 678.7958735632409
0.0 1372.0 13.0 54.0 237.65226619847843
0.0 987.0 201.0 1013.0 4171.1206571127295
