0.0 995.0 195.0 1084.0 3928.8242885220975
0.0 1370.0 14.0 59.0 288.67926654957677
0.0 885.0 258.0 1305.0 5005.310400613197
0.0 1371.0 10.0 77.0 257.90334829642734
0.0 839.0 260.0 1482.0 5599.882345394003
0.0 639.0 374.0 1886.0 7549.568498715916
0.0 259.0 564.0 2860.0 11380.774810791556
0.0 986.0 218.0 1002.0 3986.4135250762433
0.0 1000.0 205.0 964.0 3894.0794491158454
0.0 840.0 265.0 1446.0 5587.84578691694
0.0 1325.0 40.0 159.0 739.8519710645926
0.0 394.0 501.0 2516.0 10014.557535003905
0.0 303.0 533.0 2786.0 10946.115228234092
0.0 646.0 351.0 2026.0 7537.555904307395
0.0 1363.0 17.0 67.0 347.21084368538004
0.0 258.0 557.0 2913.0 11419.843382793966
0.0 335.0 517.0 2746.0 10634.502292751351
0.0 885.0 258.0 1305.0 5005.310400613197
0.0 883.0 272.0 1229.0 5122.099195623125
0.0 827.0 281.0 1393.0 5666.222673577751
0.0 1371.0 9.0 88.0 267.07010485554326
0.0 950.0 217.0 1148.0 4398.319006150952
0.0 1323.0 38.0 207.0 721.6324861272697
0.0 1368.0 13.0 77.0 278.60264549245875
0.0 962.0 213.0 1036.0 4333.446460934298
0.0 1005.0 200.0 1013.0 3912.177618423587
0.0 767.0 313.0 1580.0 6256.307989654406
0.0 818.0 275.0 1505.0 5713.6562769989205
0.0 744.0 329.0 1640.0 6594.191227411987
0.0 1328.0 39.0 145.0 712.6106973150412
0.0 995.0 195.0 1084.0 3928.8242885220975
0.0 304.0 528.0 2793.0 10942.388096991923
0.0 1307.0 50.0 212.0 912.5865675973897
0.0 389.0 505.0 2521.0 10030.002419497738
0.0 959.0 221.0 1057.0 4310.545420133097
0.0 791.0 328.0 1442.0 6013.5300200289485
0.0 986.0 218.0 1002.0 3986.4135250762433
0.0 302.0 537.0 2744.0 10976.158038957627
0.0 845.0 256.0 1462.0 5450.5972321838535
0.0 1326.0 36.0 167.0 697.3130274056775
0.0 1112.0 147.0 736.0 2850.789867180788
0.0 808.0 285.0 1464.0 5901.6395448438025
0.0 622.0 367.0 2026.0 7775.125628564545
0.0 1289.0 59.0 261.0 1052.8089857819361
0.0 843.0 265.0 1418.0 5542.725498972522
0.0 256.0 562.0 2888.0 11400.773012815718
0.0 307.0 537.0 2737.0 10910.102944878998
0.0 994.0 203.0 1024.0 4078.075394465809
0.0 807.0 271.0 1622.0 5827.256560491183
0.0 987.0 205.0 978.0 4008.0702853211005
0.0 911.0 254.0 1185.0 4877.641124341112
0.0 789.0 291.0 1504.0 6066.88370110391
0.0 1361.0 22.0 45.0 343.6546063816004
0.0 1084.0 154.0 831.0 3033.2700850479937
0.0 990.0 200.0 1048.0 4130.816332201408
0.0 996.0 204.0 987.0 3989.5728559308263
0.0 885.0 258.0 1305.0 5005.310400613197
0.0 379.0 508.0 2498.0 10156.347899948578
0.0 834.0 283.0 1337.0 5632.855880261357
0.0 995.0 195.0 1084.0 3928.8242885220975
0.0 1365.0 18.0 56.0 312.2275730425118
0.0 959.0 221.0 1057.0 4310.545420133097
0.0 648.0 375.0 1886.0 7482.529805013999
0.0 883.0 272.0 1229.0 5122.099195623125
0.0 793.0 284.0 1580.0 6036.062885833777
0.0 587.0 401.0 2058.0 8049.398785220959
0.0 256.0 559.0 2893.0 11448.075008363385
0.0 798.0 296.0 1450.0 5967.461155631522
0.0 267.0 547.0 2933.0 11298.461444429793
0.0 1356.0 23.0 60.0 411.68799567898316
0.0 303.0 535.0 2770.0 10945.29300679517
0.0 802.0 295.0 1450.0 5985.056859645458
0.0 812.0 297.0 1374.0 5851.146951443976
0.0 986.0 180.0 1175.0 4081.968327387245
0.0 1368.0 15.0 53.0 307.91624008439
0.0 794.0 277.0 1727.0 5972.414643873959
0.0 968.0 219.0 1024.0 4319.764972587645
0.0 309.0 534.0 2744.0 10866.07453926648
0.0 872.0 253.0 1322.0 5264.966992676357
0.0 608.0 382.0 2007.0 7869.267346234503
0.0 789.0 291.0 1504.0 6066.88370110391
0.0 1365.0 18.0 56.0 312.2275730425118
0.0 256.0 565.0 2872.0 11419.19582010652
0.0 1298.0 52.0 276.0 974.2227242705525
0.0 1372.0 11.0 72.0 238.52936528228213
0.0 1363.0 21.0 53.0 328.063568343514
0.0 1367.0 19.0 44.0 305.5695472929039
0.0 413.0 489.0 2514.0 9845.173099986887
0.0 1314.0 45.0 191.0 846.3698594737978
0.0 833.0 281.0 1380.0 5656.034013323977
0.0 987.0 205.0 978.0 4008.0702853211005
0.0 828.0 289.0 1325.0 5723.021887925582
0.0 299.0 543.0 2723.0 11005.043107878557
0.0 1368.0 19.0 50.0 267.9066487084028
0.0 772.0 300.0 1606.0 6257.248982881074
0.0 906.0 248.0 1252.0 4922.830963367586
0.0 322.0 523.0 2724.0 10758.568472573057
0.0 1025.0 179.0 949.0 3664.8749234635684
0.0 747.0 324.0 1645.0 6504.69566042584
0.0 911.0 254.0 1185.0 4877.641124341112
0.0 847.0 275.0 1316.0 5557.087929154421
0.0 404.0 501.0 2459.0 9910.531384579052
0.0 787.0 321.0 1483.0 5995.268040751262
0.0 994.0 203.0 1024.0 4078.075394465809
0.0 1357.0 20.0 89.0 416.0991418294363
0.0 940.0 206.0 1255.0 4506.705976795807
0.0 259.0 564.0 2860.0 11380.774810791556
0.0 962.0 213.0 1036.0 4333.446460934298
0.0 1025.0 179.0 949.0 3664.8749234635684
0.0 958.0 217.0 1091.0 4351.613472175002
0.0 311.0 534.0 2774.0 10860.647855688794
0.0 962.0 213.0 1036.0 4333.446460934298
0.0 798.0 296.0 1450.0 5967.461155631522
0.0 608.0 382.0 2007.0 7869.267346234503
0.0 338.0 528.0 2688.0 10592.920834069722
0.0 1371.0 13.0 63.0 255.21771061597218
0.0 882.0 274.0 1213.0 5098.841538311997
0.0 637.0 365.0 1915.0 7604.5842933036665
0.0 304.0 536.0 2746.0 10944.041568697301
0.0 1365.0 18.0 56.0 312.2275730425118
0.0 648.0 358.0 1983.0 7469.420379845344
0.0 332.0 527.0 2685.0 10653.084146080468
0.0 1332.0 29.0 193.0 649.3583353843958
0.0 864.0 277.0 1278.0 5352.803189927151
0.0 608.0 382.0 2007.0 7869.267346234503
0.0 1374.0 12.0 45.0 226.1703338386097
0.0 605.0 381.0 2039.0 7885.407969185248
0.0 780.0 305.0 1548.0 6116.785780958899
0.0 996.0 194.0 1092.0 4038.574009344078
0.0 1005.0 200.0 1013.0 3912.177618423587
0.0 883.0 272.0 1229.0 5122.099195623125
0.0 1326.0 38.0 158.0 681.17690806641
0.0 814.0 296.0 1351.0 5819.915937324374
0.0 1368.0 14.0 70.0 286.6176256736741
0.0 311.0 534.0 2774.0 10860.647855688794
0.0 1369.0 14.0 60.0 275.17724104811407
0.0 394.0 504.0 2512.0 9998.723677480768
0.0 884.0 258.0 1290.0 5106.207568100677
0.0 1369.0 16.0 53.0 274.38597201612015
0.0 1330.0 35.0 162.0 644.4186411199104
0.0 383.0 508.0 2499.0 10119.94931259862
0.0 408.0 494.0 2496.0 9875.647870482931
0.0 939.0 236.0 1155.0 4562.396067067761
0.0 994.0 203.0 1024.0 4078.075394465809
0.0 986.0 218.0 1002.0 3986.4135250762433
0.0 836.0 265.0 1479.0 5605.522634656534
0.0 1368.0 16.0 54.0 276.02289463937166
0.0 647.0 374.0 1880.0 7483.817678099008
0.0 309.0 528.0 2826.0 10865.418409900532
0.0 639.0 374.0 1886.0 7549.568498715916
0.0 958.0 217.0 1091.0 4351.613472175002
0.0 969.0 197.0 1156.0 4285.528634758883
0.0 637.0 365.0 1915.0 7604.5842933036665
0.0 1328.0 33.0 174.0 672.3297069571029
0.0 1368.0 12.0 66.0 297.4208404661597
0.0 262.0 564.0 2848.0 11350.26815119743
0.0 310.0 537.0 2720.0 10882.267962532453
0.0 608.0 382.0 2007.0 7869.267346234503
0.0 1324.0 37.0 186.0 749.4688431221233
0.0 990.0 200.0 1048.0 4130.816332201408
0.0 648.0 358.0 1983.0 7469.420379845344
0.0 637.0 362.0 2019.0 7575.286637470651
0.0 1329.0 40.0 134.0 676.1170453088398
0.0 333.0 534.0 2623.0 10624.425640324202
0.0 712.0 341.0 1711.0 6790.045154502357
0.0 325.0 530.0 2762.0 10739.7584390936
0.0 307.0 537.0 2737.0 10910.102944878998
0.0 640.0 358.0 2022.0 7514.52927537642
0.0 663.0 356.0 1873.0 7315.756669639171
0.0 654.0 373.0 1874.0 7444.10262723
0.0 1039.0 174.0 919.0 3541.5414069803687
0.0 1000.0 205.0 964.0 3894.0794491158454
0.0 986.0 180.0 1175.0 4081.968327387245
0.0 306.0 537.0 2740.0 10933.47269342167
0.0 939.0 236.0 1155.0 4562.396067067761
0.0 1337.0 31.0 155.0 572.4567603789533
0.0 906.0 248.0 1252.0 4922.830963367586
0.0 258.0 561.0 2880.0 11395.851521208231
0.0 614.0 387.0 1989.0 7750.694648043252
0.0 687.0 365.0 1718.0 7105.444031089676
0.0 1372.0 12.0 53.0 233.34864012781924
0.0 1369.0 13.0 73.0 277.80094080697523
0.0 633.0 384.0 1887.0 7641.736159479595
0.0 962.0 213.0 1036.0 4333.446460934298
0.0 311.0 534.0 2774.0 10860.647855688794
0.0 883.0 272.0 1229.0 5122.099195623125
0.0 271.0 546.0 2899.0 11247.74553290886
0.0 1366.0 17.0 52.0 304.977077037377
0.0 632.0 384.0 1865.0 7690.005068206196
0.0 646.0 351.0 2026.0 7537.555904307395
0.0 882.0 274.0 1213.0 5098.841538311997
0.0 1325.0 35.0 187.0 696.8486355649005
0.0 656.0 377.0 1861.0 7370.4647573354605
0.0 1016.0 196.0 978.0 3754.2610621498184
0.0 798.0 296.0 1450.0 5967.461155631522
0.0 975.0 197.0 1165.0 4245.489724458077
0.0 885.0 258.0 1305.0 5005.310400613197
0.0 267.0 547.0 2918.0 11322.010799670932
0.0 959.0 221.0 1057.0 4310.545420133097
0.0 1369.0 13.0 72.0 290.5532839150698
0.0 260.0 566.0 2857.0 11340.847891897427
0.0 723.0 331.0 1740.0 6665.7627121745845
0.0 1363.0 14.0 96.0 336.0064984335339
0.0 620.0 387.0 1920.0 7748.911460684747
0.0 994.0 203.0 1024.0 4078.075394465809
0.0 259.0 564.0 2860.0 11380.774810791556
0.0 629.0 379.0 1915.0 7666.718076809337
0.0 627.0 386.0 1915.0 7623.532166597173
0.0 1321.0 37.0 228.0 759.2473820077224
0.0 259.0 554.0 2928.0 11393.244502008049
0.0 1005.0 200.0 1013.0 3912.177618423587
0.0 785.0 286.0 1595.0 6099.804449735104
0.0 839.0 260.0 1482.0 5599.882345394003
0.0 383.0 508.0 2499.0 10119.94931259862
0.0 1365.0 19.0 50.0 304.42384784780404
0.0 1341.0 30.0 130.0 557.3405368819137
0.0 1358.0 16.0 116.0 393.5295747039995
0.0 304.0 528.0 2793.0 10942.388096991923
0.0 417.0 480.0 2537.0 9806.132374682476
0.0 630.0 377.0 1927.0 7688.91432264373
0.0 1023.0 192.0 888.0 3684.587338434618
0.0 995.0 195.0 1084.0 3928.8242885220975
0.0 403.0 492.0 2481.0 9936.300050144695
0.0 1366.0 18.0 50.0 304.96681547652634
0.0 615.0 383.0 1979.0 7837.476055445567
0.0 648.0 375.0 1886.0 7482.529805013999
0.0 1369.0 14.0 60.0 275.17724104811407
0.0 1339.0 32.0 130.0 564.9020643292473
0.0 1367.0 12.0 81.0 288.72644860033
0.0 1332.0 29.0 193.0 649.3583353843958
0.0 1007.0 185.0 1053.0 3842.0316721096287
0.0 840.0 265.0 1446.0 5587.84578691694
0.0 1321.0 40.0 212.0 771.9831878972136
0.0 1368.0 13.0 77.0 278.60264549245875
0.0 1361.0 20.0 64.0 369.2329378360981
0.0 1326.0 36.0 167.0 697.3130274056775
0.0 1327.0 30.0 210.0 678.5702802770982
0.0 1322.0 33.0 220.0 743.5620707128697
0.0 1322.0 38.0 182.0 741.2463487616845
0.0 645.0 363.0 1916.0 7475.272972774678
0.0 665.0 350.0 1891.0 7284.586721573572
0.0 847.0 275.0 1316.0 5557.087929154421
0.0 675.0 355.0 1870.0 7181.177995298949
0.0 940.0 206.0 1255.0 4506.705976795807
0.0 1365.0 18.0 56.0 312.2275730425118
0.0 1331.0 39.0 121.0 656.1035982880832
0.0 1336.0 31.0 151.0 590.0621862179656
0.0 1324.0 41.0 154.0 747.151614522322
0.0 332.0 523.0 2761.0 10681.266495163034
0.0 1322.0 41.0 159.0 737.2423878826702
0.0 947.0 213.0 1202.0 4500.946703731123
0.0 781.0 321.0 1439.0 6226.791468162523
0.0 884.0 258.0 1290.0 5106.207568100677
0.0 391.0 504.0 2523.0 9997.520577488272
0.0 1372.0 11.0 72.0 238.52936528228213
0.0 807.0 271.0 1622.0 5827.256560491183
0.0 784.0 291.0 1623.0 6103.113365157561
0.0 1323.0 38.0 207.0 721.6324861272697
0.0 843.0 291.0 1325.0 5519.278576854751
0.0 987.0 205.0 978.0 4008.0702853211005
0.0 1328.0 38.0 154.0 686.5795425482114
0.0 1369.0 13.0 77.0 266.3076658711211
0.0 834.0 275.0 1407.0 5545.561655969042
0.0 350.0 519.0 2653.0 10482.085458108178
0.0 1006.0 189.0 1046.0 3906.078529887009
0.0 911.0 254.0 1185.0 4877.641124341112
0.0 782.0 302.0 1566.0 6138.623904075415
0.0 616.0 391.0 1940.0 7812.282420836951
0.0 608.0 386.0 2012.0 7823.258584990877
0.0 338.0 528.0 2688.0 10592.920834069722
0.0 979.0 199.0 1080.0 4214.45882123886
0.0 998.0 200.0 1071.0 3947.7586581832707
0.0 974.0 198.0 1116.0 4169.097590367589
0.0 767.0 313.0 1580.0 6256.307989654406
0.0 968.0 219.0 1024.0 4319.764972587645
0.0 646.0 357.0 1983.0 7518.14262612827
0.0 613.0 392.0 1933.0 7806.634718045771
0.0 1371.0 14.0 61.0 246.1102939227994
0.0 322.0 523.0 2724.0 10758.568472573057
0.0 1037.0 177.0 963.0 3535.093707382251
0.0 1326.0 38.0 158.0 681.17690806641
0.0 1025.0 179.0 949.0 3664.8749234635684
0.0 789.0 291.0 1504.0 6066.88370110391
0.0 996.0 204.0 987.0 3989.5728559308263
0.0 977.0 195.0 1134.0 4183.321585357415
0.0 986.0 218.0 1002.0 3986.4135250762433
0.0 996.0 194.0 1092.0 4038.574009344078
0.0 622.0 367.0 2026.0 7775.125628564545
