13.0 1144.0 112.0 604.0 2421.7975209132696
250.0 1096.0 120.0 800.0 2981.2528827042183
36.0 793.0 334.0 1184.0 5930.143922604414
53.0 1275.0 51.0 183.0 1163.4728658676547
51.0 953.0 225.0 893.0 4323.490623288081
0.0 1377.0 10.0 38.0 189.85080143711718
0.0 1377.0 10.0 38.0 189.85080143711718
59.0 1274.0 52.0 180.0 1175.9233976357389
6.0 366.0 490.0 2617.0 10206.664504741533
2.0 368.0 488.0 2624.0 10194.922594922671
10.0 635.0 351.0 1923.0 7592.075982909042
12.0 1120.0 125.0 633.0 2672.549620721371
7.0 1116.0 143.0 530.0 2757.1000276144223
5.0 1116.0 146.0 518.0 2757.6495470895616
41.0 1185.0 104.0 388.0 2036.6570916511312
87.0 1257.0 65.0 217.0 1357.4097690787157
35.0 791.0 334.0 1184.0 5961.759803823911
14.0 867.0 242.0 1273.0 5160.1756886627845
7.0 346.0 519.0 2549.0 10459.840422676465
14.0 843.0 249.0 1396.0 5433.2536430157415
5.0 349.0 517.0 2540.0 10439.372529161097
11.0 632.0 353.0 1932.0 7620.134798527577
5.0 349.0 518.0 2535.0 10442.889824911075
39.0 1248.0 77.0 222.0 1411.3065676258252
65.0 1177.0 109.0 408.0 2101.7939401950007
95.0 1232.0 79.0 285.0 1553.6519131009509
15.0 755.0 291.0 1614.0 6337.824844695417
67.0 1172.0 122.0 377.0 2162.5433819339114
47.0 1282.0 47.0 174.0 1094.0146849932976
48.0 954.0 225.0 896.0 4302.110013225805
8.0 439.0 472.0 2297.0 9460.81850276458
12.0 1149.0 112.0 577.0 2377.782034441812
18.0 1059.0 161.0 723.0 3221.8424696938937
54.0 833.0 303.0 1121.0 5514.095570110911
31.0 896.0 287.0 915.0 4983.716688019199
4.0 411.0 486.0 2363.0 9774.55122830986
2.0 268.0 545.0 2922.0 11267.644677724362
59.0 578.0 383.0 2041.0 8089.650944528339
3.0 270.0 543.0 2922.0 11246.98541765001
5.0 1112.0 149.0 521.0 2792.8495160767425
48.0 954.0 225.0 892.0 4309.44054384151
21.0 1018.0 157.0 999.0 3697.568585858457
26.0 1201.0 98.0 352.0 1885.0550161312713
48.0 951.0 226.0 903.0 4335.094882320975
47.0 574.0 385.0 2050.0 8132.845063839956
15.0 754.0 292.0 1614.0 6343.210086703375
46.0 1238.0 78.0 263.0 1512.6261917564705
31.0 896.0 287.0 915.0 4983.716688019199
1.0 1377.0 10.0 39.0 181.00040236981084
61.0 1274.0 52.0 186.0 1169.1134877611698
41.0 996.0 207.0 761.0 3857.2829466260223
11.0 1111.0 151.0 516.0 2778.318853493435
104.0 1075.0 188.0 518.0 3167.045984539479
10.0 1151.0 121.0 505.0 2347.9707083557946
5.0 397.0 492.0 2404.0 9904.39297673103
23.0 1331.0 24.0 83.0 615.2495725003542
4.0 411.0 486.0 2363.0 9774.55122830986
13.0 876.0 238.0 1250.0 5069.100524393199
30.0 791.0 333.0 1194.0 5973.887434159851
24.0 567.0 417.0 1911.0 8260.459607006795
54.0 1234.0 82.0 263.0 1545.4877822734138
1.0 1375.0 10.0 39.0 209.7137260429439
6.0 290.0 562.0 2633.0 11031.813366341225
12.0 869.0 242.0 1263.0 5142.968293745674
32.0 1056.0 177.0 642.0 3231.774682083408
47.0 988.0 212.0 781.0 3930.9753053649283
48.0 1278.0 48.0 191.0 1127.751495240239
4.0 1356.0 14.0 56.0 394.8727085217735
0.0 1377.0 10.0 38.0 189.85080143711718
25.0 1021.0 156.0 994.0 3665.3966092565092
29.0 1053.0 180.0 643.0 3270.609764715781
43.0 1184.0 108.0 370.0 2039.763922537967
13.0 844.0 249.0 1394.0 5414.1372072875665
7.0 1118.0 142.0 526.0 2735.2208380792945
6.0 1120.0 128.0 618.0 2679.012299278791
9.0 264.0 569.0 2770.0 11318.324156399622
54.0 834.0 303.0 1113.0 5505.77367849555
31.0 896.0 287.0 915.0 4983.716688019199
28.0 1049.0 181.0 658.0 3316.382314627996
20.0 1020.0 156.0 1006.0 3676.1696443455903
46.0 1237.0 79.0 263.0 1521.3142364612918
58.0 1159.0 113.0 480.0 2307.526119646746
31.0 895.0 287.0 918.0 4995.1101939913
21.0 730.0 308.0 1682.0 6585.075496956786
10.0 1145.0 113.0 594.0 2397.601359851052
1.0 1377.0 10.0 39.0 181.00040236981084
88.0 1258.0 65.0 210.0 1354.5556540957432
40.0 1008.0 190.0 790.0 3723.8238903266188
23.0 1019.0 156.0 1008.0 3684.920575605456
14.0 894.0 235.0 1183.0 4887.89565360713
31.0 1310.0 33.0 131.0 832.7961781676393
34.0 796.0 330.0 1180.0 5911.88018637153
28.0 1049.0 181.0 658.0 3316.382314627996
1.0 1377.0 10.0 39.0 181.00040236981084
53.0 1235.0 81.0 263.0 1538.917349138911
24.0 500.0 428.0 2197.0 8833.66053739596
42.0 999.0 205.0 759.0 3835.147581314832
250.0 1097.0 119.0 800.0 2968.8646195199717
48.0 1243.0 82.0 225.0 1448.2516815765234
104.0 1075.0 188.0 518.0 3167.045984539479
54.0 832.0 304.0 1121.0 5530.44093282681
1.0 1365.0 13.0 46.0 303.2742940358837
30.0 1056.0 178.0 641.0 3236.602192029095
6.0 1121.0 127.0 618.0 2672.0174113106905
20.0 477.0 456.0 2134.0 9104.97205121624
57.0 578.0 384.0 2041.0 8093.766450983948
10.0 982.0 169.0 1113.0 4112.007525467565
2.0 661.0 342.0 1822.0 7360.662322607044
57.0 1161.0 112.0 471.0 2281.6065189157157
36.0 1250.0 76.0 220.0 1395.4228870466798
2.0 655.0 344.0 1849.0 7422.1642124747195
61.0 1179.0 107.0 408.0 2084.525032230958
7.0 439.0 470.0 2307.0 9468.776260770475
47.0 1279.0 49.0 178.0 1125.8064232131335
48.0 954.0 225.0 892.0 4309.44054384151
27.0 1202.0 99.0 342.0 1883.044136195991
28.0 1219.0 91.0 307.0 1726.0424975313229
22.0 496.0 451.0 2062.0 8940.591890749614
48.0 1183.0 107.0 382.0 2057.5928617736663
12.0 873.0 240.0 1250.0 5098.734415819012
23.0 948.0 256.0 828.0 4442.640130639888
22.0 494.0 452.0 2069.0 8964.867586336879
23.0 564.0 417.0 1921.0 8296.68018258974
10.0 633.0 353.0 1923.0 7608.683900454933
47.0 988.0 213.0 778.0 3929.4321500215956
48.0 1242.0 82.0 225.0 1463.1093643566935
28.0 1220.0 90.0 307.0 1718.5531900162473
36.0 792.0 334.0 1185.0 5956.366168614059
41.0 1186.0 104.0 386.0 2029.6995281408224
24.0 947.0 255.0 835.0 4450.491549943499
42.0 999.0 205.0 760.0 3819.775101094666
10.0 984.0 166.0 1124.0 4088.639016188349
0.0 589.0 406.0 1899.0 8048.887596068135
8.0 1121.0 126.0 623.0 2660.684214022424
38.0 796.0 328.0 1191.0 5913.512649008676
40.0 1007.0 190.0 798.0 3729.942842868824
62.0 1275.0 53.0 173.0 1182.2200670416391
87.0 1259.0 64.0 210.0 1341.5073242606236
29.0 1205.0 97.0 338.0 1850.7686706974835
15.0 755.0 291.0 1614.0 6337.824844695417
16.0 993.0 163.0 1082.0 4006.1778802520594
133.0 1127.0 140.0 489.0 2582.183515143311
34.0 794.0 333.0 1184.0 5924.279278912333
35.0 1309.0 32.0 138.0 844.8470378900321
31.0 896.0 287.0 915.0 4983.716688019199
47.0 1282.0 47.0 174.0 1094.0146849932976
30.0 1055.0 177.0 647.0 3252.002655885123
41.0 1185.0 105.0 385.0 2038.9127628398217
10.0 1146.0 113.0 591.0 2399.6858188411193
8.0 1353.0 14.0 64.0 418.32704192105604
31.0 1052.0 179.0 653.0 3278.2341314351675
22.0 494.0 452.0 2069.0 8964.867586336879
10.0 986.0 166.0 1107.0 4064.6199475083326
47.0 988.0 213.0 778.0 3929.4321500215956
5.0 396.0 492.0 2410.0 9917.605137188344
24.0 565.0 416.0 1920.0 8278.301434136547
12.0 869.0 242.0 1263.0 5142.968293745674
53.0 1276.0 51.0 177.0 1155.0512888517649
35.0 893.0 288.0 925.0 5012.899514406184
2.0 269.0 544.0 2922.0 11260.01116118497
9.0 919.0 219.0 1134.0 4795.622388151181
13.0 842.0 250.0 1391.0 5441.598207444917
67.0 1174.0 122.0 368.0 2145.149779018448
44.0 1185.0 105.0 382.0 2035.49895540612
89.0 1275.0 53.0 170.0 1179.5767410295066
10.0 1114.0 148.0 517.0 2765.335552421032
7.0 440.0 471.0 2297.0 9454.875681030959
2.0 663.0 340.0 1825.0 7331.340552688198
3.0 655.0 342.0 1868.0 7415.101864852191
5.0 393.0 494.0 2420.0 9946.397160668104
4.0 1354.0 14.0 60.0 416.69360305649747
2.0 269.0 544.0 2922.0 11260.01116118497
31.0 895.0 287.0 916.0 4995.152308458719
28.0 1220.0 90.0 307.0 1718.5531900162473
38.0 1293.0 41.0 161.0 1002.7170133686352
10.0 985.0 166.0 1119.0 4074.3475064862287
2.0 367.0 489.0 2624.0 10202.131250118156
46.0 1291.0 42.0 160.0 1026.8126241793252
29.0 1205.0 97.0 338.0 1850.7686706974835
26.0 1205.0 97.0 342.0 1845.2470790856041
15.0 810.0 275.0 1366.0 5791.015163115271
47.0 576.0 385.0 2039.0 8118.525186628189
7.0 1117.0 143.0 526.0 2742.8175181495526
13.0 1343.0 18.0 72.0 517.7849771757063
50.0 571.0 388.0 2047.0 8171.097136139715
20.0 1020.0 156.0 1006.0 3676.1696443455903
8.0 347.0 519.0 2539.0 10458.935291400809
23.0 1332.0 23.0 83.0 605.5829240786692
35.0 1325.0 26.0 102.0 663.1814038177121
27.0 546.0 418.0 2016.0 8367.933740440292
21.0 730.0 308.0 1682.0 6585.075496956786
38.0 979.0 244.0 733.0 4193.43021316539
26.0 691.0 364.0 1523.0 6993.140942483627
34.0 1308.0 33.0 142.0 843.6051506296785
21.0 471.0 461.0 2136.0 9182.137136554555
24.0 1332.0 23.0 83.0 601.904833707747
6.0 290.0 562.0 2633.0 11031.813366341225
24.0 499.0 428.0 2205.0 8840.652076829432
26.0 693.0 363.0 1520.0 6964.428621672101
10.0 1153.0 122.0 491.0 2331.197838946055
1.0 1377.0 10.0 39.0 181.00040236981084
23.0 950.0 252.0 828.0 4431.784094761621
30.0 1057.0 177.0 641.0 3229.005022315815
21.0 1019.0 157.0 996.0 3690.557725089578
35.0 1309.0 32.0 138.0 844.8470378900321
9.0 1115.0 147.0 517.0 2758.9552976825007
24.0 708.0 367.0 1444.0 6799.785854607462
24.0 499.0 429.0 2195.0 8847.044580333068
13.0 847.0 249.0 1366.0 5387.7883991587005
2.0 662.0 341.0 1825.0 7344.379988140863
1.0 1377.0 10.0 39.0 181.00040236981084
21.0 710.0 364.0 1444.0 6788.5406137594055
38.0 1293.0 41.0 161.0 1002.7170133686352
46.0 1238.0 78.0 263.0 1512.6261917564705
31.0 1310.0 33.0 131.0 832.7961781676393
10.0 1146.0 113.0 591.0 2399.6858188411193
14.0 843.0 249.0 1396.0 5433.2536430157415
5.0 403.0 494.0 2367.0 9849.073518678779
67.0 1174.0 122.0 368.0 2145.149779018448
47.0 988.0 213.0 778.0 3929.4321500215956
25.0 707.0 368.0 1444.0 6811.984867619925
23.0 1332.0 23.0 83.0 605.5829240786692
24.0 535.0 427.0 2015.0 8562.951836033635
41.0 997.0 206.0 761.0 3847.909504389772
21.0 471.0 461.0 2136.0 9182.137136554555
26.0 691.0 364.0 1523.0 6993.140942483627
5.0 288.0 563.0 2641.0 11051.609183910494
31.0 896.0 287.0 915.0 4983.716688019199
5.0 1116.0 146.0 518.0 2757.6495470895616
30.0 1326.0 25.0 102.0 652.6382990726989
11.0 628.0 356.0 1944.0 7658.473582145874
5.0 288.0 563.0 2641.0 11051.609183910494
18.0 1067.0 158.0 699.0 3158.3044980368686
23.0 1332.0 23.0 83.0 605.5829240786692
14.0 897.0 235.0 1156.0 4862.4117706880725
10.0 985.0 166.0 1119.0 4074.3475064862287
20.0 715.0 361.0 1433.0 6751.571069569522
27.0 727.0 307.0 1709.0 6622.46660561425
20.0 475.0 459.0 2129.0 9132.941922863158
24.0 698.0 361.0 1504.0 6919.644248700929
15.0 757.0 290.0 1608.0 6321.906698038903
9.0 874.0 245.0 1209.0 5111.482835224978
20.0 713.0 362.0 1437.0 6764.2752694774435
18.0 1067.0 158.0 699.0 3158.3044980368686
28.0 789.0 334.0 1201.0 5987.021897707535
23.0 563.0 416.0 1931.0 8300.673236353692
0.0 1369.0 12.0 42.0 266.790904376068
4.0 1354.0 14.0 60.0 416.69360305649747
19.0 936.0 209.0 1120.0 4526.246751931982
27.0 1327.0 25.0 100.0 644.6290878561421
18.0 1067.0 158.0 699.0 3158.3044980368686
33.0 1310.0 33.0 131.0 829.567297580434
0.0 1367.0 12.0 46.0 287.4017709421355
16.0 758.0 291.0 1595.0 6305.134177058342
20.0 713.0 362.0 1437.0 6764.2752694774435
23.0 1332.0 23.0 83.0 605.5829240786692
3.0 340.0 521.0 2577.0 10525.994915760126
37.0 1294.0 41.0 157.0 997.3848283295137
10.0 1351.0 15.0 65.0 437.5204547704256
22.0 487.0 434.0 2231.0 8983.098369723615
5.0 288.0 563.0 2641.0 11051.609183910494
26.0 1204.0 98.0 342.0 1859.3933307788448
1.0 1375.0 10.0 39.0 209.7137260429439
24.0 496.0 430.0 2209.0 8867.535320483117
5.0 265.0 568.0 2770.0 11311.279870049339
10.0 995.0 163.0 1076.0 3984.937106214833
18.0 1067.0 158.0 699.0 3158.3044980368686
5.0 264.0 568.0 2778.0 11322.975572852893
11.0 921.0 216.0 1141.0 4783.228769462061
16.0 758.0 291.0 1595.0 6305.134177058342
23.0 562.0 417.0 1931.0 8314.025445717985
24.0 708.0 367.0 1444.0 6799.785854607462
12.0 820.0 275.0 1305.0 5699.624614011302
1.0 1377.0 10.0 39.0 181.00040236981084
12.0 822.0 275.0 1295.0 5676.370843887307
12.0 820.0 275.0 1305.0 5699.624614011302
1.0 1375.0 10.0 39.0 209.7137260429439
4.0 1356.0 14.0 56.0 394.8727085217735
18.0 1069.0 159.0 685.0 3142.6160261415343
16.0 763.0 289.0 1587.0 6254.795756098351
0.0 1377.0 10.0 38.0 189.85080143711718
14.0 809.0 277.0 1360.0 5797.040695564359
0.0 1377.0 10.0 38.0 189.85080143711718
0.0 1377.0 10.0 38.0 189.85080143711718
0.0 1377.0 10.0 38.0 189.85080143711718
0.0 1377.0 10.0 38.0 189.85080143711718
0.0 1377.0 10.0 38.0 189.85080143711718
0.0 1377.0 10.0 38.0 189.85080143711718
5.0 264.0 568.0 2778.0 11322.975572852893
0.0 278.0 548.0 2868.0 11241.065703683125
0.0 278.0 548.0 2868.0 11241.065703683125
