11.0 1159.0 97.0 574.0 2332.8681187465095
38.0 1208.0 97.0 328.0 1740.7958310450363
19.0 975.0 223.0 777.0 4047.6492413390674
62.0 501.0 444.0 2106.0 8869.552291709844
18.0 1051.0 170.0 681.0 3333.423120212936
10.0 1109.0 133.0 629.0 2725.2535528012468
31.0 1326.0 31.0 88.0 657.0932593658878
10.0 799.0 320.0 1257.0 5836.770777873925
13.0 930.0 241.0 916.0 4482.141474319684
6.0 1126.0 126.0 584.0 2578.75704773366
73.0 673.0 382.0 1571.0 7116.161727143704
74.0 1159.0 110.0 500.0 2252.5250184831
16.0 1338.0 24.0 78.0 527.117343003997
6.0 625.0 379.0 1822.0 7623.852959905467
7.0 769.0 282.0 1658.0 6183.341011175356
37.0 1322.0 32.0 106.0 700.5738603248625
17.0 857.0 271.0 1161.0 5205.67567218342
0.0 389.0 493.0 2458.0 9996.38736969831
6.0 952.0 194.0 1166.0 4316.690815434856
31.0 1335.0 25.0 79.0 552.208183940227
1.0 1372.0 12.0 44.0 210.96698835372212
26.0 733.0 340.0 1419.0 6545.262379937965
32.0 1325.0 31.0 91.0 673.1129850943337
5.0 437.0 477.0 2268.0 9495.580514491903
89.0 1319.0 35.0 83.0 701.2553213786477
8.0 992.0 173.0 1022.0 3915.6327449479545
0.0 333.0 532.0 2547.0 10595.16829834387
18.0 976.0 221.0 780.0 4049.629246974936
19.0 972.0 225.0 780.0 4089.067826234183
4.0 642.0 350.0 1941.0 7444.088364400249
28.0 1241.0 72.0 297.0 1431.6251458371548
28.0 862.0 290.0 1076.0 5242.469400817953
27.0 1244.0 71.0 286.0 1392.3954510552164
10.0 799.0 320.0 1255.0 5843.648769984494
8.0 1301.0 36.0 207.0 876.9245523685707
16.0 1339.0 24.0 78.0 514.866905540975
11.0 1159.0 97.0 574.0 2332.8681187465095
25.0 1248.0 67.0 278.0 1366.3256770053185
1.0 389.0 492.0 2460.0 10002.966668376492
70.0 671.0 386.0 1571.0 7128.713305862417
122.0 672.0 383.0 1569.0 7131.025342436444
19.0 858.0 272.0 1150.0 5191.851828356875
10.0 1278.0 55.0 218.0 1093.5789354587469
2.0 385.0 497.0 2454.0 10043.369008842452
71.0 674.0 383.0 1563.0 7109.289857672096
83.0 1207.0 76.0 472.0 1776.7019732776046
30.0 1327.0 30.0 88.0 650.7130046273558
63.0 504.0 444.0 2081.0 8838.078107102223
8.0 1281.0 54.0 214.0 1054.9232977345773
8.0 450.0 461.0 2313.0 9398.92214763585
7.0 993.0 174.0 1011.0 3904.278972457811
22.0 1247.0 68.0 280.0 1378.3858273055255
21.0 238.0 579.0 2883.0 11583.505708415034
11.0 792.0 323.0 1264.0 5912.788255197646
13.0 760.0 330.0 1356.0 6284.669569044768
12.0 773.0 277.0 1661.0 6167.237167985703
45.0 1171.0 119.0 386.0 2122.677240771697
9.0 774.0 278.0 1649.0 6146.278765839013
5.0 439.0 476.0 2265.0 9471.549898848247
6.0 435.0 478.0 2275.0 9519.257234632329
22.0 727.0 343.0 1434.0 6598.172015443166
11.0 1295.0 42.0 203.0 946.1943806104533
2.0 365.0 506.0 2510.0 10253.89366859936
16.0 234.0 578.0 2919.0 11625.14141867067
82.0 1209.0 76.0 461.0 1749.378469654958
11.0 788.0 324.0 1273.0 5952.006453057976
5.0 439.0 475.0 2268.0 9474.120147976839
25.0 1248.0 67.0 278.0 1366.3256770053185
8.0 1301.0 36.0 207.0 876.9245523685707
9.0 989.0 175.0 1030.0 3948.3623722713032
2.0 717.0 307.0 1786.0 6723.134711140636
19.0 737.0 336.0 1416.0 6510.0819912898805
4.0 281.0 563.0 2684.0 11108.754343335195
9.0 1297.0 40.0 202.0 919.4283027830852
24.0 1264.0 57.0 254.0 1245.9985917438669
19.0 973.0 224.0 780.0 4072.5253109252194
3.0 269.0 566.0 2725.0 11235.072303336552
5.0 270.0 565.0 2724.0 11233.621175283968
20.0 970.0 224.0 795.0 4112.302550385845
0.0 1373.0 9.0 57.0 228.17309476245438
32.0 867.0 289.0 1059.0 5185.011934525843
22.0 1248.0 68.0 275.0 1364.6521946214793
25.0 1248.0 67.0 278.0 1366.3256770053185
24.0 1265.0 57.0 249.0 1233.306121655277
25.0 1263.0 58.0 250.0 1244.9792310869695
0.0 1373.0 9.0 57.0 228.17309476245438
8.0 958.0 191.0 1154.0 4244.361250414881
29.0 1243.0 72.0 286.0 1407.085924467814
0.0 1373.0 9.0 57.0 228.17309476245438
1.0 331.0 533.0 2557.0 10610.000873570785
5.0 992.0 174.0 1018.0 3914.4741253159996
4.0 640.0 352.0 1939.0 7470.216734582927
6.0 1304.0 36.0 192.0 858.0935478716583
63.0 500.0 444.0 2115.0 8878.54429556876
9.0 521.0 438.0 2060.0 8670.28709577547
3.0 825.0 249.0 1520.0 5688.885451195238
18.0 1337.0 24.0 83.0 532.1211200818024
8.0 1301.0 36.0 207.0 876.9245523685707
3.0 825.0 249.0 1520.0 5688.885451195238
23.0 727.0 343.0 1430.0 6606.362058627496
28.0 862.0 290.0 1076.0 5242.469400817953
21.0 732.0 341.0 1419.0 6551.505403351617
5.0 892.0 214.0 1360.0 4939.402452411703
3.0 562.0 403.0 2025.0 8248.09230858188
32.0 1325.0 31.0 91.0 673.1129850943337
5.0 541.0 435.0 1981.0 8517.040470731457
34.0 1199.0 97.0 370.0 1829.2644766928938
5.0 888.0 216.0 1375.0 4970.034331943534
2.0 718.0 306.0 1786.0 6711.612141785892
12.0 761.0 329.0 1356.0 6266.466270818803
82.0 1209.0 76.0 461.0 1749.378469654958
46.0 1170.0 119.0 389.0 2136.070079924329
25.0 1248.0 67.0 278.0 1366.3256770053185
16.0 927.0 243.0 923.0 4511.913663200783
45.0 1171.0 119.0 386.0 2122.677240771697
4.0 639.0 352.0 1942.0 7479.532087023831
3.0 416.0 486.0 2356.0 9712.589195996767
15.0 1155.0 98.0 589.0 2365.232362194062
2.0 908.0 210.0 1312.0 4790.303894993632
45.0 1171.0 118.0 389.0 2127.3641441272835
0.0 387.0 494.0 2460.0 10024.768366977962
3.0 494.0 458.0 2115.0 8989.702716874739
35.0 1199.0 96.0 370.0 1828.4425141382162
3.0 573.0 395.0 2003.0 8159.458652186984
3.0 594.0 409.0 1845.0 8016.236291710907
11.0 792.0 323.0 1264.0 5912.788255197646
10.0 522.0 437.0 2063.0 8658.36935249495
21.0 237.0 580.0 2883.0 11597.523828187683
24.0 1265.0 57.0 249.0 1233.306121655277
73.0 672.0 383.0 1571.0 7129.854506820351
49.0 1176.0 116.0 373.0 2089.100651848983
62.0 500.0 445.0 2106.0 8876.185704141544
14.0 1060.0 165.0 672.0 3248.224938752086
11.0 1110.0 133.0 625.0 2716.873999600477
3.0 572.0 396.0 2001.0 8161.440874306698
9.0 1056.0 152.0 789.0 3307.455082353045
9.0 774.0 278.0 1649.0 6146.278765839013
18.0 858.0 271.0 1153.0 5194.255250629612
7.0 616.0 377.0 1883.0 7708.216855044052
21.0 729.0 341.0 1434.0 6580.518380426482
43.0 1205.0 98.0 334.0 1770.568616749035
0.0 362.0 507.0 2524.0 10281.562846734798
83.0 1207.0 76.0 472.0 1776.7019732776046
10.0 1110.0 132.0 629.0 2715.1339480719844
2.0 567.0 400.0 2015.0 8209.423127819462
1.0 719.0 307.0 1770.0 6701.718685405363
5.0 269.0 566.0 2724.0 11243.03283017022
6.0 635.0 373.0 1798.0 7549.178592413049
3.0 280.0 563.0 2689.0 11118.133149941807
44.0 1171.0 117.0 390.0 2130.846858434113
9.0 521.0 438.0 2060.0 8670.28709577547
19.0 1092.0 148.0 634.0 2964.572523167778
2.0 862.0 231.0 1427.0 5241.66153150383
21.0 728.0 341.0 1439.0 6598.126271740635
33.0 1326.0 30.0 91.0 662.1065105994568
5.0 438.0 476.0 2268.0 9484.205247903526
7.0 993.0 174.0 1011.0 3904.278972457811
36.0 1208.0 97.0 329.0 1738.6635516577023
18.0 1013.0 203.0 709.0 3680.8142526243323
1.0 1372.0 12.0 44.0 210.96698835372212
16.0 928.0 242.0 923.0 4499.294515197082
18.0 1015.0 203.0 699.0 3665.024614892603
15.0 903.0 260.0 978.0 4806.8955856184975
9.0 1125.0 126.0 584.0 2591.862073656845
23.0 1336.0 24.0 87.0 541.0425122229066
2.0 265.0 544.0 2954.0 11317.871823065474
9.0 1055.0 153.0 789.0 3316.1369773577303
19.0 974.0 223.0 780.0 4061.002741570476
5.0 953.0 194.0 1161.0 4302.367389290651
11.0 1111.0 130.0 632.0 2712.6391175676517
10.0 1111.0 132.0 625.0 2709.801763032863
18.0 1014.0 202.0 709.0 3671.4198405270768
13.0 931.0 240.0 922.0 4471.653030153602
5.0 439.0 475.0 2268.0 9474.120147976839
3.0 1079.0 136.0 821.0 3084.4349166588177
1.0 334.0 531.0 2547.0 10580.78776322908
18.0 236.0 578.0 2904.0 11600.26354515645
18.0 1014.0 202.0 709.0 3671.4198405270768
0.0 1368.0 16.0 37.0 275.67477812674304
6.0 1127.0 124.0 586.0 2564.657603753098
17.0 236.0 579.0 2900.0 11610.145630996985
36.0 1208.0 97.0 329.0 1738.6635516577023
16.0 1052.0 172.0 675.0 3323.9637482956578
48.0 1178.0 115.0 369.0 2075.1967375390614
5.0 438.0 476.0 2268.0 9484.205247903526
15.0 235.0 577.0 2919.0 11615.598152607601
11.0 1110.0 130.0 636.0 2730.0106050311088
15.0 1060.0 164.0 682.0 3251.45705508146
24.0 1265.0 57.0 249.0 1233.306121655277
11.0 1159.0 97.0 574.0 2332.8681187465095
15.0 235.0 577.0 2919.0 11615.598152607601
3.0 1082.0 133.0 836.0 3052.2089190231536
0.0 1373.0 9.0 57.0 228.17309476245438
5.0 1076.0 137.0 830.0 3103.5900923604377
10.0 1112.0 131.0 625.0 2701.4220697564315
5.0 438.0 476.0 2268.0 9484.205247903526
13.0 931.0 241.0 913.0 4476.229490075367
9.0 1056.0 153.0 783.0 3305.70847727052
18.0 1016.0 203.0 694.0 3658.1377776490626
15.0 869.0 266.0 1128.0 5080.17073916062
6.0 1128.0 124.0 584.0 2557.697183305871
2.0 862.0 231.0 1427.0 5241.66153150383
12.0 1160.0 100.0 553.0 2315.7715104398
48.0 1177.0 116.0 369.0 2080.8253526932767
14.0 1061.0 166.0 666.0 3245.7306928888875
18.0 1338.0 24.0 79.0 523.572330314477
9.0 1296.0 41.0 203.0 933.7172453449368
18.0 1015.0 203.0 703.0 3659.6171674609695
3.0 825.0 249.0 1520.0 5688.885451195238
0.0 1368.0 16.0 37.0 275.67477812674304
5.0 889.0 216.0 1370.0 4968.0558379544955
3.0 1078.0 136.0 821.0 3092.2505392320113
6.0 632.0 375.0 1802.0 7571.974460147364
15.0 865.0 268.0 1136.0 5122.004782579948
7.0 993.0 174.0 1011.0 3904.278972457811
11.0 791.0 324.0 1264.0 5918.635405827462
13.0 924.0 245.0 935.0 4542.612337990346
13.0 924.0 245.0 935.0 4542.612337990346
8.0 1281.0 54.0 214.0 1054.9232977345773
36.0 1208.0 97.0 329.0 1738.6635516577023
3.0 592.0 410.0 1848.0 8043.375091120909
19.0 1094.0 147.0 631.0 2940.0549345838417
2.0 909.0 210.0 1309.0 4777.308418924737
13.0 759.0 331.0 1356.0 6294.093272396243
82.0 1208.0 76.0 471.0 1762.9889027868032
20.0 1014.0 202.0 706.0 3676.9099233824877
5.0 269.0 566.0 2724.0 11243.03283017022
5.0 993.0 173.0 1026.0 3905.194182468212
11.0 1159.0 97.0 574.0 2332.8681187465095
17.0 1054.0 170.0 673.0 3309.073994980682
15.0 903.0 259.0 985.0 4809.089471307642
19.0 974.0 223.0 780.0 4061.002741570476
5.0 995.0 173.0 1011.0 3884.4603456758955
45.0 1171.0 118.0 389.0 2127.3641441272835
16.0 1057.0 169.0 668.0 3278.5463454861483
13.0 924.0 245.0 935.0 4542.612337990346
3.0 822.0 250.0 1538.0 5717.443459568249
0.0 1372.0 9.0 57.0 238.7998036902487
17.0 1054.0 170.0 673.0 3309.073994980682
18.0 1017.0 202.0 694.0 3645.620651212947
15.0 235.0 577.0 2919.0 11615.598152607601
17.0 740.0 336.0 1410.0 6477.443312534297
10.0 797.0 321.0 1259.0 5854.995015751915
14.0 1061.0 165.0 669.0 3240.7393798247485
15.0 235.0 577.0 2919.0 11615.598152607601
29.0 1226.0 90.0 300.0 1564.969522087232
15.0 903.0 259.0 985.0 4809.089471307642
8.0 449.0 462.0 2313.0 9408.003929980321
0.0 365.0 505.0 2516.0 10257.514638437926
4.0 1360.0 13.0 72.0 335.4920440065565
29.0 1224.0 92.0 300.0 1581.927606350497
0.0 1373.0 9.0 57.0 228.17309476245438
14.0 870.0 265.0 1128.0 5073.260378231614
16.0 858.0 271.0 1156.0 5193.7713299857105
19.0 974.0 223.0 780.0 4061.002741570476
3.0 822.0 250.0 1538.0 5717.443459568249
11.0 670.0 356.0 1703.0 7207.281180712826
18.0 1016.0 202.0 703.0 3652.1273318254166
0.0 1373.0 9.0 57.0 228.17309476245438
20.0 970.0 224.0 795.0 4112.302550385845
11.0 790.0 324.0 1271.0 5931.351788680954
0.0 1373.0 9.0 57.0 228.17309476245438
7.0 615.0 377.0 1892.0 7715.977692979352
0.0 1373.0 9.0 57.0 228.17309476245438
5.0 890.0 216.0 1360.0 4955.942527753327
16.0 1339.0 24.0 78.0 514.866905540975
4.0 644.0 349.0 1943.0 7428.41490612828
6.0 1128.0 124.0 584.0 2557.697183305871
5.0 890.0 216.0 1360.0 4955.942527753327
48.0 1178.0 115.0 369.0 2075.1967375390614
3.0 592.0 410.0 1848.0 8043.375091120909
0.0 362.0 507.0 2524.0 10281.562846734798
4.0 1360.0 13.0 72.0 335.4920440065565
9.0 520.0 438.0 2068.0 8681.922620639465
0.0 329.0 533.0 2571.0 10638.568273586492
25.0 1330.0 28.0 86.0 621.8786927427823
0.0 1373.0 9.0 57.0 228.17309476245438
0.0 1373.0 9.0 57.0 228.17309476245438
0.0 1373.0 9.0 57.0 228.17309476245438
24.0 1265.0 57.0 249.0 1233.306121655277
16.0 1341.0 23.0 77.0 502.05721914493665
2.0 563.0 403.0 2024.0 8249.898728601987
14.0 1278.0 52.0 233.0 1101.3832197342306
0.0 1373.0 9.0 57.0 228.17309476245438
0.0 1373.0 9.0 57.0 228.17309476245438
0.0 1373.0 9.0 57.0 228.17309476245438
0.0 1372.0 11.0 53.0 216.6621967698398
0.0 1372.0 11.0 53.0 216.6621967698398
0.0 1372.0 11.0 53.0 216.6621967698398
0.0 1372.0 11.0 53.0 216.6621967698398
0.0 287.0 549.0 2809.0 11126.77769754346
0.0 287.0 549.0 2809.0 11126.77769754346
