8.0 778.0 284.0 1514.0 6070.932778317141
7.0 1111.0 128.0 616.0 2805.888134447737
17.0 908.0 275.0 890.0 4814.446070344749
2.0 891.0 227.0 1275.0 4988.686247207386
27.0 1137.0 116.0 511.0 2549.8827207791187
11.0 1211.0 73.0 448.0 1825.4432959814535
14.0 1286.0 50.0 197.0 1048.119087419895
0.0 302.0 554.0 2591.0 10907.328127580282
4.0 373.0 513.0 2420.0 10187.938459597137
9.0 1188.0 90.0 447.0 2031.1688218625293
18.0 1015.0 182.0 749.0 3777.151959676681
3.0 1098.0 119.0 783.0 2925.490531088909
7.0 1111.0 127.0 621.0 2804.437996116834
2.0 257.0 570.0 2786.0 11366.349753665523
15.0 949.0 214.0 989.0 4351.666609060276
7.0 1023.0 150.0 977.0 3655.5349035253744
21.0 400.0 450.0 2703.0 9932.262452209661
14.0 924.0 264.0 876.0 4653.00620048005
11.0 649.0 371.0 1705.0 7359.497236813175
7.0 1104.0 131.0 631.0 2875.8559914718758
14.0 924.0 264.0 876.0 4653.00620048005
8.0 967.0 179.0 1242.0 4258.834266257887
11.0 1291.0 48.0 186.0 1002.9313425602882
8.0 614.0 396.0 1746.0 7717.075226370891
3.0 1092.0 119.0 813.0 2990.530257749729
3.0 373.0 513.0 2424.0 10182.14732010341
8.0 614.0 399.0 1734.0 7720.300560697593
22.0 1160.0 102.0 489.0 2318.3464630019375
22.0 1010.0 185.0 760.0 3820.112013685559
8.0 543.0 425.0 1953.0 8452.04047969396
32.0 731.0 339.0 1426.0 6578.521231978382
10.0 1187.0 90.0 453.0 2040.6598412574147
7.0 1308.0 46.0 134.0 840.9376080946438
9.0 1187.0 90.0 457.0 2045.0331094361457
7.0 1072.0 160.0 643.0 3233.8542429251524
3.0 701.0 314.0 1778.0 6877.365443624328
14.0 950.0 212.0 997.0 4342.358040793616
0.0 723.0 314.0 1676.0 6646.795992003374
8.0 540.0 430.0 1940.0 8467.80485895215
7.0 421.0 488.0 2277.0 9715.012643368138
7.0 969.0 179.0 1231.0 4234.495652979843
7.0 1356.0 23.0 44.0 366.8435991185975
24.0 1275.0 49.0 225.0 1137.3948237484367
3.0 1093.0 119.0 803.0 2984.6182454310215
18.0 1015.0 182.0 749.0 3777.151959676681
9.0 777.0 285.0 1516.0 6085.531805141444
5.0 1358.0 22.0 40.0 342.1018261218228
7.0 1109.0 129.0 619.0 2820.4968058577097
8.0 543.0 427.0 1944.0 8441.045675534702
8.0 1185.0 91.0 464.0 2054.6383606715376
7.0 968.0 180.0 1231.0 4244.772141247937
43.0 1230.0 79.0 299.0 1626.571340923979
15.0 910.0 275.0 878.0 4793.798229606392
11.0 1211.0 73.0 448.0 1825.4432959814535
32.0 732.0 340.0 1416.0 6589.794515564784
21.0 398.0 451.0 2709.0 9949.66463223045
1.0 278.0 530.0 2946.0 11180.912333760742
3.0 373.0 511.0 2436.0 10184.178109135979
2.0 888.0 227.0 1284.0 5018.772548062993
13.0 764.0 286.0 1587.0 6231.774365799436
3.0 1031.0 148.0 959.0 3584.9199950999587
2.0 886.0 230.0 1276.0 5038.13161104356
7.0 1072.0 162.0 631.0 3237.652549855988
15.0 1287.0 48.0 201.0 1041.9344135720112
11.0 1211.0 73.0 448.0 1825.4432959814535
27.0 1150.0 107.0 493.0 2420.602437698679
2.0 603.0 377.0 1936.0 7842.3469212327645
7.0 1078.0 157.0 629.0 3163.5856168844693
7.0 534.0 429.0 1984.0 8537.774928042394
18.0 1016.0 182.0 746.0 3772.755962635179
3.0 1097.0 118.0 796.0 2934.0761835903463
8.0 1348.0 32.0 37.0 444.42895254346155
25.0 1344.0 8.0 125.0 511.3110390370619
2.0 276.0 531.0 2951.0 11207.198154381862
10.0 807.0 323.0 1177.0 5878.355827175306
14.0 1200.0 81.0 441.0 1941.4110974237385
8.0 611.0 399.0 1744.0 7738.898401679089
2.0 344.0 523.0 2528.0 10493.933486976213
3.0 714.0 313.0 1706.0 6738.79352106135
3.0 1093.0 119.0 803.0 2984.6182454310215
3.0 1092.0 120.0 803.0 2992.318785349587
21.0 848.0 279.0 1141.0 5425.030339777614
11.0 463.0 470.0 2154.0 9274.382318124286
8.0 1074.0 160.0 631.0 3209.9123452867375
11.0 1210.0 73.0 458.0 1838.4894828869824
13.0 1289.0 50.0 186.0 1025.9645592365198
11.0 1212.0 73.0 442.0 1815.9803979747835
30.0 981.0 203.0 831.0 4129.534273176508
14.0 950.0 213.0 989.0 4337.234180451386
0.0 1311.0 49.0 179.0 850.0574393140168
1.0 713.0 312.0 1725.0 6740.94651067328
7.0 1111.0 128.0 616.0 2805.888134447737
8.0 613.0 397.0 1743.0 7731.45075085566
0.0 450.0 482.0 2214.0 9417.237642028053
9.0 1305.0 48.0 143.0 877.129029222796
9.0 1189.0 89.0 447.0 2023.5356696485835
8.0 775.0 286.0 1529.0 6113.690134357875
9.0 810.0 320.0 1177.0 5848.040224556856
0.0 896.0 240.0 1232.0 4963.193666234076
9.0 810.0 321.0 1176.0 5855.377573041012
7.0 1109.0 129.0 619.0 2820.4968058577097
4.0 698.0 315.0 1788.0 6910.649816744694
21.0 398.0 451.0 2709.0 9949.66463223045
2.0 606.0 377.0 1928.0 7804.869653519627
2.0 1373.0 12.0 30.0 230.83626246326898
11.0 656.0 364.0 1700.0 7312.625281083204
2.0 711.0 314.0 1725.0 6758.772741561026
0.0 299.0 556.0 2599.0 10938.902362558085
0.0 300.0 556.0 2594.0 10929.35641687875
2.0 890.0 227.0 1281.0 4996.961530161105
10.0 808.0 323.0 1176.0 5877.848391629861
0.0 774.0 323.0 1418.0 6100.6980044577585
8.0 1347.0 32.0 45.0 458.7214396819218
12.0 1174.0 95.0 486.0 2157.383608058102
2.0 1032.0 148.0 958.0 3574.1572367612675
8.0 609.0 400.0 1751.0 7764.861923396312
55.0 1315.0 10.0 279.0 814.2838249945257
24.0 1141.0 113.0 510.0 2508.1969786436507
9.0 1189.0 89.0 447.0 2023.5356696485835
23.0 1276.0 49.0 225.0 1125.4113975554508
9.0 810.0 320.0 1177.0 5848.040224556856
24.0 1145.0 110.0 508.0 2466.4717259480226
2.0 605.0 377.0 1931.0 7818.076701439459
2.0 603.0 377.0 1936.0 7842.3469212327645
12.0 1068.0 153.0 664.0 3268.1839202174087
8.0 613.0 399.0 1736.0 7733.214667930364
2.0 1032.0 148.0 959.0 3565.3756056441393
15.0 955.0 209.0 979.0 4299.541524470595
24.0 1277.0 49.0 220.0 1116.4513759624563
28.0 986.0 201.0 816.0 4082.606681370888
37.0 1332.0 6.0 217.0 635.9968756606825
19.0 1012.0 184.0 759.0 3804.5919737280956
9.0 810.0 321.0 1176.0 5855.377573041012
25.0 1140.0 114.0 510.0 2519.640419243847
27.0 1339.0 8.0 139.0 558.0089866502024
9.0 1187.0 90.0 457.0 2045.0331094361457
7.0 1073.0 159.0 643.0 3220.9620169171462
37.0 1247.0 68.0 274.0 1455.6408370911138
2.0 891.0 227.0 1275.0 4988.686247207386
3.0 1095.0 118.0 810.0 2954.4217023234996
8.0 1307.0 47.0 134.0 853.0728875685976
2.0 597.0 380.0 1969.0 7910.185478539153
11.0 1177.0 96.0 476.0 2128.383689674864
18.0 1015.0 182.0 749.0 3777.151959676681
13.0 658.0 363.0 1694.0 7287.257016134905
27.0 1152.0 105.0 493.0 2401.4955311679023
2.0 1031.0 149.0 957.0 3573.2015791835006
4.0 698.0 314.0 1792.0 6911.249339710798
8.0 541.0 427.0 1950.0 8464.48620390435
4.0 698.0 314.0 1798.0 6903.804367824981
9.0 811.0 320.0 1176.0 5842.450539113976
7.0 1371.0 12.0 25.0 240.4630120087273
6.0 1026.0 149.0 970.0 3629.0678104240856
3.0 700.0 314.0 1787.0 6890.260250303013
0.0 301.0 554.0 2600.0 10913.270815537377
2.0 888.0 228.0 1276.0 5015.970538791271
14.0 408.0 489.0 2350.0 9811.392605276294
12.0 837.0 246.0 1427.0 5549.583551350833
43.0 1231.0 78.0 299.0 1616.8841035917997
31.0 981.0 201.0 836.0 4129.989920078324
37.0 1247.0 68.0 274.0 1455.6408370911138
13.0 1206.0 74.0 469.0 1875.8632316516555
12.0 918.0 268.0 884.0 4723.8895111870315
6.0 1028.0 149.0 956.0 3607.5101868740394
12.0 1174.0 95.0 486.0 2157.383608058102
14.0 924.0 264.0 876.0 4653.00620048005
8.0 776.0 285.0 1517.0 6091.118238248063
18.0 1019.0 179.0 751.0 3744.0504742514254
37.0 1245.0 68.0 286.0 1473.4690390359945
6.0 1029.0 148.0 956.0 3594.4729107047424
21.0 398.0 451.0 2709.0 9949.66463223045
11.0 1209.0 73.0 458.0 1844.2838450923587
1.0 713.0 312.0 1725.0 6740.94651067328
25.0 1140.0 114.0 510.0 2519.640419243847
0.0 1374.0 11.0 30.0 220.67407299207557
3.0 1093.0 119.0 803.0 2984.6182454310215
7.0 1111.0 128.0 616.0 2805.888134447737
8.0 531.0 429.0 2004.0 8564.424052736997
13.0 1199.0 82.0 441.0 1947.6402092739438
17.0 862.0 271.0 1113.0 5297.772496007199
12.0 1287.0 49.0 194.0 1039.4236278651367
31.0 729.0 340.0 1431.0 6607.113584593143
3.0 715.0 313.0 1697.0 6724.2742947183515
3.0 371.0 513.0 2432.0 10202.100466054593
12.0 1066.0 154.0 672.0 3286.200482473342
37.0 1246.0 68.0 283.0 1461.0921392307334
6.0 1028.0 149.0 956.0 3607.5101868740394
2.0 606.0 376.0 1935.0 7799.2892616576855
2.0 597.0 380.0 1969.0 7910.185478539153
8.0 776.0 285.0 1517.0 6091.118238248063
3.0 700.0 314.0 1787.0 6890.260250303013
9.0 1189.0 89.0 447.0 2023.5356696485835
10.0 1178.0 94.0 480.0 2129.0416199663323
8.0 539.0 430.0 1945.0 8481.09099141415
7.0 1078.0 157.0 629.0 3163.5856168844693
14.0 925.0 263.0 876.0 4638.18582246114
24.0 1276.0 49.0 228.0 1125.089789868277
19.0 1014.0 181.0 760.0 3788.1259731728583
11.0 836.0 247.0 1427.0 5562.165039067056
37.0 1247.0 68.0 274.0 1455.6408370911138
2.0 889.0 228.0 1276.0 5010.357957594839
7.0 533.0 429.0 1992.0 8545.626892533519
3.0 1096.0 118.0 800.0 2952.3603130714678
13.0 953.0 212.0 975.0 4323.483354130534
2.0 889.0 228.0 1276.0 5010.357957594839
23.0 1277.0 49.0 221.0 1119.506879294405
0.0 1374.0 11.0 30.0 220.67407299207557
7.0 1308.0 46.0 134.0 840.9376080946438
26.0 682.0 357.0 1594.0 7069.573966592379
17.0 909.0 275.0 888.0 4808.431800715957
7.0 1371.0 12.0 25.0 240.4630120087273
21.0 848.0 279.0 1141.0 5425.030339777614
0.0 299.0 556.0 2599.0 10938.902362558085
9.0 811.0 320.0 1176.0 5842.450539113976
11.0 1211.0 73.0 448.0 1825.4432959814535
8.0 777.0 285.0 1517.0 6085.391047790046
14.0 403.0 495.0 2338.0 9874.580599164006
11.0 837.0 247.0 1422.0 5552.163982401921
21.0 397.0 452.0 2709.0 9960.269928320555
38.0 1330.0 6.0 230.0 657.9942682358055
16.0 910.0 271.0 899.0 4792.599836585202
8.0 870.0 235.0 1323.0 5192.248812704194
1.0 1366.0 15.0 33.0 293.134884357969
14.0 925.0 263.0 876.0 4638.18582246114
0.0 1374.0 11.0 30.0 220.67407299207557
2.0 1029.0 149.0 976.0 3591.93594013223
7.0 1109.0 129.0 619.0 2820.4968058577097
12.0 1287.0 49.0 194.0 1039.4236278651367
2.0 892.0 227.0 1266.0 4982.773590782477
11.0 459.0 471.0 2167.0 9318.56546677414
7.0 1371.0 12.0 25.0 240.4630120087273
8.0 1348.0 32.0 37.0 444.42895254346155
11.0 656.0 364.0 1700.0 7312.625281083204
26.0 682.0 355.0 1601.0 7066.079364317315
27.0 988.0 199.0 816.0 4066.18325338704
0.0 1372.0 8.0 55.0 260.37243549156176
24.0 1342.0 8.0 128.0 537.0488302413717
11.0 837.0 247.0 1422.0 5552.163982401921
11.0 464.0 469.0 2154.0 9266.302189116737
37.0 1246.0 68.0 283.0 1461.0921392307334
25.0 1344.0 8.0 125.0 511.3110390370619
26.0 1341.0 8.0 136.0 541.4032698798953
7.0 1308.0 46.0 134.0 840.9376080946438
9.0 812.0 320.0 1175.0 5834.515978050976
11.0 1211.0 73.0 448.0 1825.4432959814535
7.0 969.0 179.0 1231.0 4234.495652979843
37.0 1332.0 6.0 217.0 635.9968756606825
1.0 1366.0 15.0 33.0 293.134884357969
3.0 1097.0 118.0 796.0 2934.0761835903463
14.0 1287.0 50.0 191.0 1041.1748877713408
11.0 463.0 470.0 2154.0 9274.382318124286
0.0 1374.0 11.0 30.0 220.67407299207557
3.0 372.0 512.0 2434.0 10191.863338512754
17.0 862.0 271.0 1113.0 5297.772496007199
9.0 1348.0 33.0 37.0 433.203539992481
15.0 487.0 448.0 2142.0 9019.499392462365
7.0 1075.0 159.0 631.0 3202.8774384829226
3.0 259.0 570.0 2759.0 11348.830486909786
0.0 1374.0 11.0 30.0 220.67407299207557
0.0 1374.0 11.0 30.0 220.67407299207557
11.0 1022.0 173.0 784.0 3702.4139461431073
14.0 489.0 447.0 2138.0 9003.904445714643
1.0 1366.0 15.0 33.0 293.134884357969
2.0 343.0 524.0 2528.0 10500.865778199794
0.0 1374.0 11.0 30.0 220.67407299207557
8.0 871.0 235.0 1315.0 5183.856354365936
2.0 276.0 531.0 2951.0 11207.198154381862
14.0 489.0 447.0 2138.0 9003.904445714643
13.0 496.0 443.0 2127.0 8954.551346206463
7.0 1111.0 128.0 616.0 2805.888134447737
1.0 256.0 569.0 2802.0 11374.708609235757
0.0 1374.0 11.0 30.0 220.67407299207557
0.0 1374.0 11.0 30.0 220.67407299207557
8.0 871.0 235.0 1315.0 5183.856354365936
11.0 1291.0 48.0 186.0 1002.9313425602882
7.0 1111.0 128.0 616.0 2805.888134447737
0.0 1374.0 11.0 30.0 220.67407299207557
0.0 1374.0 11.0 30.0 220.67407299207557
0.0 1372.0 8.0 55.0 260.37243549156176
1.0 342.0 525.0 2533.0 10518.360677171957
5.0 1359.0 21.0 40.0 331.5770828523324
0.0 1374.0 11.0 30.0 220.67407299207557
2.0 261.0 570.0 2750.0 11331.075371830273
0.0 1374.0 11.0 30.0 220.67407299207557
0.0 282.0 547.0 2848.0 11187.898231804078
0.0 282.0 547.0 2848.0 11187.898231804078
