11.0 928.0 220.0 1050.0 4586.560777893817
11.0 707.0 324.0 1657.0 6779.325310871786
0.0 597.0 402.0 1861.0 7970.467741021477
61.0 1231.0 80.0 286.0 1551.230832349353
1.0 629.0 375.0 1823.0 7599.279153352148
3.0 778.0 289.0 1504.0 6115.415061423298
11.0 939.0 215.0 1042.0 4461.7022977774
3.0 1369.0 16.0 26.0 255.1712028465154
14.0 1297.0 43.0 167.0 940.0444131883152
1.0 597.0 393.0 1891.0 7899.976474768623
2.0 628.0 375.0 1825.0 7610.394711360372
6.0 339.0 524.0 2543.0 10600.552106936586
4.0 1020.0 191.0 736.0 3750.6912665035857
18.0 1114.0 135.0 570.0 2737.881872022307
38.0 1199.0 99.0 350.0 1880.8745345471739
7.0 756.0 296.0 1551.0 6359.787829218312
1.0 1375.0 10.0 30.0 198.9395190305632
4.0 248.0 571.0 2870.0 11486.895745941716
5.0 818.0 304.0 1211.0 5776.38910535283
3.0 1374.0 10.0 31.0 207.76423862643472
0.0 612.0 369.0 1970.0 7732.263750499923
26.0 991.0 178.0 942.0 3971.5235332969996
42.0 675.0 357.0 1689.0 7079.414568423531
15.0 1298.0 42.0 163.0 932.3549019470335
16.0 716.0 350.0 1515.0 6748.555090763254
6.0 1360.0 23.0 26.0 339.11967604040257
2.0 1098.0 138.0 648.0 2907.3602977625924
4.0 1100.0 137.0 641.0 2883.3789462688574
12.0 709.0 325.0 1632.0 6757.6704737335085
23.0 715.0 351.0 1515.0 6753.2098452616365
12.0 1327.0 35.0 81.0 646.5616607967855
3.0 366.0 511.0 2472.0 10258.687915980703
3.0 1021.0 191.0 731.0 3746.3455353832333
8.0 1178.0 108.0 409.0 2103.871795856196
26.0 1207.0 90.0 338.0 1817.9053864804357
7.0 756.0 296.0 1551.0 6359.787829218312
26.0 1212.0 88.0 319.0 1771.1309642690983
6.0 1362.0 21.0 26.0 325.7948527531838
36.0 988.0 181.0 935.0 4009.0362782084717
4.0 779.0 288.0 1504.0 6109.787323814251
2.0 671.0 346.0 1776.0 7154.721671923774
15.0 711.0 323.0 1632.0 6729.867264078982
8.0 869.0 252.0 1189.0 5154.668573799572
5.0 809.0 311.0 1221.0 5856.04000951304
17.0 1115.0 135.0 570.0 2726.2351999185066
1.0 1376.0 10.0 28.0 190.96072537113952
26.0 990.0 178.0 948.0 3979.4055315472433
26.0 991.0 180.0 926.0 3969.827229971545
11.0 445.0 453.0 2397.0 9503.420972848644
1.0 277.0 536.0 2907.0 11181.687669786783
7.0 758.0 295.0 1548.0 6336.167183813095
2.0 848.0 244.0 1392.0 5383.37278773466
8.0 869.0 252.0 1190.0 5147.6416954282895
5.0 247.0 571.0 2877.0 11503.756122640481
26.0 1209.0 89.0 331.0 1801.5770705330333
24.0 994.0 177.0 930.0 3947.886787978434
20.0 1279.0 54.0 187.0 1113.341372334376
7.0 727.0 315.0 1589.0 6642.918765807522
2.0 1094.0 140.0 658.0 2958.9969522037886
15.0 704.0 328.0 1650.0 6804.680299637446
4.0 278.0 562.0 2708.0 11142.945928977359
2.0 1099.0 137.0 648.0 2895.17638601449
9.0 871.0 253.0 1176.0 5139.315403673735
13.0 909.0 232.0 1089.0 4755.8319945098065
15.0 414.0 494.0 2249.0 9853.576108756582
1.0 1376.0 10.0 28.0 190.96072537113952
5.0 1354.0 12.0 94.0 408.9616932608537
7.0 810.0 313.0 1211.0 5856.761969175793
16.0 414.0 494.0 2247.0 9855.729563208371
9.0 1324.0 28.0 116.0 701.2785252842767
12.0 1328.0 32.0 84.0 643.0170487173808
3.0 1066.0 158.0 695.0 3243.696196950357
18.0 1285.0 54.0 169.0 1028.140622195819
0.0 598.0 390.0 1907.0 7886.907253976265
8.0 929.0 226.0 1024.0 4562.122415920956
16.0 459.0 465.0 2200.0 9340.727105041487
0.0 521.0 421.0 2172.0 8722.6616997312
2.0 1099.0 137.0 648.0 2895.17638601449
0.0 620.0 365.0 1946.0 7634.195146667039
1.0 597.0 391.0 1903.0 7894.383175460777
5.0 341.0 523.0 2537.0 10585.55873601349
41.0 670.0 359.0 1703.0 7128.662814262227
11.0 923.0 224.0 1057.0 4632.471154163488
9.0 1332.0 31.0 78.0 601.2137431773023
5.0 1354.0 12.0 94.0 408.9616932608537
5.0 1354.0 12.0 94.0 408.9616932608537
11.0 1319.0 28.0 140.0 749.6004547759313
8.0 877.0 250.0 1162.0 5071.53161947053
10.0 1320.0 27.0 140.0 743.9148044909132
4.0 248.0 572.0 2867.0 11501.254946549687
23.0 823.0 266.0 1369.0 5615.979888421563
3.0 249.0 571.0 2862.0 11479.130693766081
2.0 1066.0 158.0 698.0 3243.1378637811035
1.0 1376.0 10.0 28.0 190.96072537113952
28.0 987.0 180.0 956.0 4009.9268773060303
2.0 845.0 245.0 1405.0 5414.773937259847
2.0 1376.0 10.0 29.0 187.43414330781923
6.0 1352.0 12.0 102.0 425.62816610059264
1.0 632.0 373.0 1819.0 7565.879008126244
43.0 672.0 358.0 1693.0 7106.685655900479
17.0 414.0 493.0 2251.0 9857.082626802672
15.0 1114.0 134.0 585.0 2741.546782796626
22.0 910.0 231.0 1089.0 4757.181892851358
5.0 809.0 311.0 1219.0 5862.518722515164
12.0 1163.0 115.0 450.0 2244.754358454668
5.0 809.0 312.0 1218.0 5861.647510776428
3.0 847.0 244.0 1396.0 5390.833487172293
20.0 1279.0 53.0 189.0 1115.6598776389778
25.0 1265.0 59.0 227.0 1244.2219691029588
4.0 1373.0 11.0 29.0 225.90395446481065
22.0 1270.0 55.0 229.0 1203.5536536140203
20.0 1280.0 53.0 187.0 1107.427456575738
20.0 713.0 322.0 1623.0 6713.856230922962
3.0 363.0 514.0 2472.0 10293.03602856566
4.0 1374.0 11.0 28.0 202.18706119461623
17.0 1115.0 135.0 570.0 2726.2351999185066
10.0 1320.0 27.0 140.0 743.9148044909132
39.0 1198.0 99.0 354.0 1890.858145935378
17.0 1115.0 135.0 570.0 2726.2351999185066
15.0 711.0 323.0 1632.0 6729.867264078982
8.0 876.0 251.0 1162.0 5081.616719397219
8.0 930.0 226.0 1022.0 4554.143622261533
26.0 991.0 178.0 942.0 3971.5235332969996
2.0 1063.0 159.0 710.0 3266.2061617724585
5.0 1035.0 169.0 778.0 3561.168049362782
2.0 1065.0 159.0 699.0 3249.6587928171807
26.0 1212.0 88.0 319.0 1771.1309642690983
8.0 1036.0 168.0 776.0 3548.452037038051
1.0 673.0 346.0 1759.0 7131.796912127623
10.0 1320.0 27.0 140.0 743.9148044909132
5.0 1035.0 169.0 778.0 3561.168049362782
6.0 1131.0 122.0 583.0 2599.0415661771003
2.0 1375.0 10.0 29.0 197.04338573629596
3.0 1346.0 22.0 78.0 447.5860772851694
6.0 456.0 462.0 2258.0 9380.421103320197
6.0 1030.0 172.0 784.0 3599.5862263430613
16.0 459.0 465.0 2200.0 9340.727105041487
20.0 713.0 322.0 1623.0 6713.856230922962
18.0 1286.0 53.0 168.0 1017.8585904072397
1.0 520.0 422.0 2168.0 8733.163530484202
36.0 1257.0 65.0 253.0 1316.2264596793239
26.0 1212.0 87.0 325.0 1771.2843351561812
8.0 969.0 218.0 877.0 4234.9127562655885
2.0 1066.0 158.0 698.0 3243.1378637811035
25.0 1266.0 59.0 227.0 1229.6178293620064
11.0 1167.0 113.0 438.0 2201.610879415303
8.0 1331.0 31.0 81.0 612.1131106289299
2.0 1099.0 137.0 648.0 2895.17638601449
23.0 995.0 177.0 925.0 3935.091727025184
10.0 444.0 454.0 2397.0 9516.511503248348
23.0 1223.0 84.0 301.0 1649.5504873476107
15.0 1114.0 134.0 585.0 2741.546782796626
5.0 1034.0 170.0 777.0 3569.0129480262526
16.0 459.0 461.0 2249.0 9339.501120016845
10.0 1299.0 42.0 161.0 919.4407947142622
15.0 413.0 493.0 2257.0 9868.04328337712
10.0 446.0 452.0 2397.0 9500.770076730825
5.0 814.0 309.0 1206.0 5819.065711824278
31.0 1262.0 59.0 253.0 1274.6019377132095
1.0 1375.0 10.0 30.0 198.9395190305632
38.0 1199.0 99.0 350.0 1880.8745345471739
11.0 929.0 220.0 1048.0 4579.647462133722
4.0 1022.0 191.0 731.0 3732.1022349414557
7.0 810.0 313.0 1211.0 5856.761969175793
23.0 1224.0 84.0 295.0 1644.4941637956383
17.0 413.0 495.0 2247.0 9866.144794951282
11.0 445.0 453.0 2397.0 9503.420972848644
0.0 513.0 427.0 2189.0 8814.708619343082
12.0 1163.0 115.0 450.0 2244.754358454668
6.0 1125.0 126.0 588.0 2646.2707920507432
26.0 1214.0 88.0 308.0 1750.9222721314902
59.0 1233.0 79.0 281.0 1524.4900096177603
23.0 1277.0 54.0 195.0 1136.6529628260091
8.0 871.0 252.0 1179.0 5132.428772003865
6.0 457.0 463.0 2251.0 9362.672407038861
26.0 1220.0 83.0 314.0 1689.1052439709129
26.0 991.0 180.0 926.0 3969.827229971545
3.0 1065.0 158.0 703.0 3243.5145587514303
39.0 1261.0 60.0 247.0 1285.5147762220483
11.0 1166.0 113.0 441.0 2215.7194319830755
26.0 1209.0 89.0 331.0 1801.5770705330333
3.0 1021.0 191.0 736.0 3738.9112448557594
8.0 1325.0 28.0 113.0 687.347855084513
1.0 631.0 374.0 1819.0 7579.764336967079
11.0 939.0 215.0 1042.0 4461.7022977774
8.0 970.0 217.0 877.0 4228.525010507441
11.0 712.0 322.0 1632.0 6724.856790776449
4.0 1374.0 11.0 28.0 202.18706119461623
5.0 815.0 307.0 1210.0 5805.6899481843
11.0 1167.0 113.0 438.0 2201.610879415303
8.0 1178.0 108.0 409.0 2103.871795856196
4.0 251.0 570.0 2852.0 11452.42103535579
16.0 928.0 206.0 1226.0 4587.404267060422
1.0 831.0 263.0 1367.0 5565.335741769665
26.0 1212.0 88.0 319.0 1771.1309642690983
3.0 363.0 514.0 2472.0 10293.03602856566
8.0 929.0 226.0 1024.0 4562.122415920956
8.0 1176.0 109.0 410.0 2125.420792187786
1.0 828.0 266.0 1369.0 5596.054536734777
8.0 872.0 252.0 1176.0 5125.68775359115
3.0 275.0 563.0 2722.0 11186.181367412797
11.0 1164.0 114.0 450.0 2237.1326908114647
5.0 1032.0 175.0 760.0 3581.0515008953853
10.0 1301.0 42.0 158.0 896.735184506914
1.0 1376.0 10.0 28.0 190.96072537113952
8.0 1175.0 109.0 416.0 2128.0059365617763
11.0 1172.0 110.0 421.0 2171.340002308955
4.0 1023.0 191.0 728.0 3719.6102264359074
26.0 1215.0 86.0 317.0 1741.7312630887882
2.0 800.0 277.0 1473.0 5844.550918840207
2.0 281.0 560.0 2707.0 11113.737453160975
8.0 870.0 252.0 1187.0 5141.314544013178
13.0 911.0 231.0 1084.0 4737.856922620736
9.0 1300.0 42.0 159.0 910.9591392038324
32.0 1260.0 63.0 245.0 1293.236691704896
7.0 971.0 216.0 877.0 4218.974348670308
6.0 1333.0 30.0 78.0 594.6103771747077
1.0 596.0 393.0 1897.0 7907.24311059919
2.0 1065.0 158.0 703.0 3249.4230424719144
0.0 549.0 417.0 2046.0 8394.617631390809
16.0 414.0 494.0 2247.0 9855.729563208371
3.0 365.0 512.0 2472.0 10272.881511904094
21.0 1268.0 57.0 231.0 1216.6387651929033
7.0 757.0 295.0 1551.0 6351.086220259332
1.0 509.0 429.0 2204.0 8855.704250039586
6.0 1333.0 30.0 78.0 594.6103771747077
0.0 619.0 366.0 1946.0 7644.662771685669
10.0 1168.0 113.0 433.0 2196.2719682147313
4.0 1022.0 191.0 731.0 3732.1022349414557
3.0 847.0 244.0 1396.0 5390.833487172293
10.0 913.0 230.0 1081.0 4719.744236807085
5.0 1035.0 169.0 778.0 3561.168049362782
1.0 1376.0 10.0 28.0 190.96072537113952
15.0 413.0 493.0 2257.0 9868.04328337712
0.0 545.0 416.0 2070.0 8440.651653792082
15.0 1288.0 52.0 166.0 1000.7812599537033
8.0 876.0 251.0 1162.0 5081.616719397219
2.0 1370.0 15.0 26.0 246.23467973756058
1.0 598.0 391.0 1896.0 7886.674128566844
5.0 813.0 307.0 1218.0 5821.986672870427
1.0 286.0 552.0 2726.0 11042.115749876168
3.0 279.0 562.0 2707.0 11137.226376421915
1.0 673.0 346.0 1763.0 7127.516509683416
0.0 619.0 366.0 1946.0 7644.662771685669
6.0 1132.0 122.0 577.0 2586.3655742287506
2.0 848.0 244.0 1392.0 5383.37278773466
0.0 521.0 421.0 2172.0 8722.6616997312
23.0 1223.0 85.0 295.0 1654.4368195604607
6.0 1127.0 126.0 581.0 2618.666509842445
6.0 1131.0 125.0 568.0 2588.018009933759
0.0 552.0 414.0 2046.0 8361.289648784646
7.0 971.0 216.0 877.0 4218.974348670308
11.0 909.0 229.0 1111.0 4765.8829342006065
11.0 924.0 223.0 1057.0 4620.2316023896365
1.0 596.0 393.0 1897.0 7907.24311059919
2.0 845.0 245.0 1405.0 5414.773937259847
23.0 1223.0 82.0 309.0 1666.3632760727821
5.0 813.0 309.0 1210.0 5827.410253106143
7.0 756.0 296.0 1551.0 6359.787829218312
0.0 550.0 416.0 2046.0 8383.982888540912
1.0 1376.0 10.0 28.0 190.96072537113952
23.0 995.0 177.0 925.0 3935.091727025184
15.0 1288.0 52.0 166.0 1000.7812599537033
23.0 1223.0 85.0 295.0 1654.4368195604607
8.0 1178.0 108.0 409.0 2103.871795856196
2.0 322.0 535.0 2599.0 10748.503936437077
0.0 547.0 416.0 2060.0 8415.723153876752
0.0 543.0 420.0 2060.0 8465.195639602716
5.0 1033.0 174.0 760.0 3573.157846334584
2.0 1067.0 158.0 695.0 3237.96900649234
3.0 248.0 571.0 2871.0 11493.920716091086
3.0 338.0 524.0 2550.0 10614.479353345125
3.0 1075.0 150.0 729.0 3101.959943565657
6.0 1133.0 122.0 576.0 2576.9217930899654
0.0 1378.0 9.0 37.0 180.47643655540267
0.0 1378.0 9.0 37.0 180.47643655540267
2.0 321.0 536.0 2599.0 10761.091613759376
3.0 249.0 571.0 2862.0 11479.130693766081
0.0 1378.0 9.0 37.0 180.47643655540267
0.0 1378.0 9.0 37.0 180.47643655540267
3.0 1341.0 26.0 75.0 513.7144892238175
1.0 1376.0 10.0 28.0 190.96072537113952
0.0 1378.0 9.0 37.0 180.47643655540267
0.0 1378.0 9.0 37.0 180.47643655540267
0.0 1378.0 9.0 37.0 180.47643655540267
0.0 1378.0 9.0 37.0 180.47643655540267
0.0 1378.0 9.0 37.0 180.47643655540267
0.0 286.0 542.0 2853.0 11158.315618165761
0.0 286.0 542.0 2853.0 11158.315618165761
