15.0 521.0 450.0 1988.0 8694.232788065425
17.0 959.0 189.0 1116.0 4349.448806333045
17.0 550.0 382.0 2213.0 8424.03382608986
3.0 1133.0 140.0 512.0 2562.73249054954
40.0 894.0 210.0 1396.0 4900.4495036420085
2.0 1368.0 13.0 22.0 273.36085599047357
9.0 975.0 234.0 844.0 4123.158107623331
13.0 1089.0 165.0 565.0 3064.547306330278
7.0 968.0 189.0 1056.0 4251.962489969776
3.0 443.0 469.0 2289.0 9438.516587655717
12.0 1181.0 109.0 412.0 2101.7933564473096
39.0 1279.0 64.0 142.0 1137.6493399760102
42.0 1242.0 78.0 246.0 1448.0869800843407
27.0 1290.0 56.0 138.0 1021.5185993065768
8.0 832.0 300.0 1123.0 5599.139740006738
14.0 525.0 446.0 1993.0 8640.01764376918
16.0 762.0 329.0 1327.0 6254.800016073143
21.0 1083.0 170.0 574.0 3123.496515928145
52.0 914.0 259.0 953.0 4716.309913487588
0.0 1382.0 8.0 27.0 130.07965766284954
35.0 1275.0 58.0 183.0 1177.9207727092335
4.0 1124.0 148.0 521.0 2632.0118507032457
8.0 848.0 237.0 1503.0 5353.174801739196
16.0 1348.0 28.0 34.0 449.79676100289316
6.0 1106.0 116.0 854.0 2862.40685627056
18.0 1337.0 14.0 129.0 575.1814121612701
17.0 1074.0 171.0 615.0 3187.936800997071
7.0 1148.0 94.0 694.0 2435.935407946349
4.0 427.0 474.0 2344.0 9594.024578855635
33.0 657.0 379.0 1615.0 7325.113295514446
7.0 313.0 547.0 2555.0 10784.316863417604
69.0 1219.0 74.0 385.0 1679.890040205058
34.0 1283.0 62.0 139.0 1085.957240455875
106.0 1204.0 66.0 542.0 1903.5227525759294
0.0 1382.0 8.0 27.0 130.07965766284954
71.0 945.0 189.0 1214.0 4428.526092591589
17.0 1350.0 27.0 24.0 431.4614782463855
0.0 1382.0 8.0 27.0 130.07965766284954
5.0 309.0 548.0 2573.0 10834.789712109512
13.0 1352.0 27.0 22.0 411.55379190821867
13.0 1351.0 27.0 23.0 425.97548442659206
39.0 1278.0 66.0 141.0 1139.32871774654
12.0 1179.0 111.0 412.0 2122.143439121775
32.0 659.0 379.0 1606.0 7309.016816333666
4.0 309.0 549.0 2572.0 10831.095970019274
8.0 967.0 190.0 1056.0 4259.438516709161
12.0 291.0 517.0 2941.0 11040.234311341388
71.0 942.0 190.0 1220.0 4454.541202152131
66.0 1220.0 74.0 384.0 1676.604433161668
19.0 755.0 332.0 1350.0 6316.884723205186
10.0 841.0 238.0 1532.0 5418.373663063499
49.0 1240.0 78.0 255.0 1457.5445929544235
10.0 636.0 385.0 1708.0 7561.086604192961
16.0 1173.0 111.0 442.0 2192.2287308732657
12.0 296.0 514.0 2926.0 10983.352789278368
4.0 499.0 462.0 2060.0 8917.580545417752
7.0 848.0 238.0 1495.0 5345.32796981002
3.0 443.0 469.0 2289.0 9438.516587655717
4.0 1107.0 116.0 852.0 2851.4937891798404
65.0 1225.0 71.0 375.0 1620.904791106205
6.0 630.0 334.0 2129.0 7662.453232523881
45.0 958.0 232.0 873.0 4331.364379021254
6.0 995.0 178.0 1015.0 3977.8211028025034
69.0 943.0 190.0 1222.0 4445.596161905704
21.0 1338.0 14.0 128.0 556.6501174368365
20.0 1070.0 175.0 615.0 3236.951869709765
13.0 1176.0 111.0 425.0 2162.3270159816902
31.0 1285.0 60.0 136.0 1080.6586273595385
14.0 714.0 352.0 1459.0 6743.673231254935
8.0 1029.0 161.0 927.0 3591.0655652468386
18.0 1314.0 22.0 210.0 751.7407466751833
12.0 1088.0 166.0 571.0 3072.7188501846977
1.0 1106.0 119.0 841.0 2850.7983401415254
39.0 903.0 206.0 1366.0 4823.126616664955
16.0 551.0 380.0 2223.0 8428.046538275366
46.0 915.0 257.0 950.0 4714.482917420164
15.0 1086.0 169.0 561.0 3100.54864477409
31.0 1302.0 26.0 232.0 883.6715858342618
0.0 1382.0 8.0 27.0 130.07965766284954
147.0 981.0 216.0 839.0 4074.009652112693
47.0 910.0 257.0 971.0 4767.0176583389575
5.0 1155.0 92.0 677.0 2369.9376852816285
6.0 1147.0 94.0 707.0 2450.548457410063
33.0 1252.0 70.0 258.0 1318.317523902994
46.0 956.0 233.0 880.0 4355.68042453202
40.0 897.0 208.0 1395.0 4878.580360033247
13.0 530.0 446.0 1977.0 8607.670671428834
44.0 921.0 253.0 944.0 4648.18781471816
27.0 1306.0 24.0 227.0 845.7089384679805
12.0 1176.0 114.0 412.0 2150.730197132277
3.0 1368.0 13.0 23.0 269.3198546912867
40.0 898.0 209.0 1376.0 4861.741348491888
39.0 1247.0 77.0 228.0 1387.956406458446
40.0 1246.0 77.0 236.0 1397.9610523684723
6.0 630.0 334.0 2129.0 7662.453232523881
9.0 686.0 322.0 1842.0 7014.270543724235
40.0 895.0 210.0 1386.0 4892.711031817543
121.0 678.0 314.0 2016.0 7180.719985216137
57.0 1223.0 94.0 282.0 1612.2685568849672
7.0 1146.0 95.0 699.0 2459.50529921764
19.0 755.0 333.0 1348.0 6314.704629764218
12.0 1179.0 111.0 412.0 2122.143439121775
6.0 631.0 333.0 2129.0 7654.820080309934
5.0 1152.0 92.0 694.0 2396.1191745280194
6.0 608.0 405.0 1762.0 7866.868287470939
40.0 1279.0 64.0 145.0 1133.0900081337527
12.0 1179.0 111.0 412.0 2122.143439121775
39.0 903.0 206.0 1366.0 4823.126616664955
21.0 1310.0 23.0 211.0 798.6908299891177
27.0 1013.0 201.0 759.0 3817.4451941444368
46.0 918.0 254.0 948.0 4680.038042511829
4.0 497.0 463.0 2060.0 8928.126963354189
27.0 1014.0 201.0 756.0 3806.0516881723356
27.0 1289.0 57.0 138.0 1032.5434261927599
5.0 1119.0 151.0 525.0 2684.107793565448
4.0 1132.0 142.0 508.0 2568.8558963147293
9.0 691.0 321.0 1820.0 6961.538056528712
6.0 977.0 233.0 844.0 4100.142421883409
16.0 760.0 330.0 1338.0 6260.740744671342
0.0 1378.0 8.0 30.0 165.85338222048935
69.0 944.0 190.0 1214.0 4434.590248880619
2.0 1058.0 148.0 851.0 3321.042179921109
22.0 755.0 332.0 1351.0 6314.360696339329
44.0 921.0 253.0 944.0 4648.18781471816
4.0 309.0 549.0 2572.0 10831.095970019274
6.0 365.0 500.0 2543.0 10277.525564270642
27.0 1013.0 200.0 766.0 3811.5789050556978
46.0 957.0 233.0 873.0 4343.550773870988
15.0 249.0 572.0 2834.0 11461.267489791786
5.0 609.0 404.0 1762.0 7854.602528360643
19.0 1071.0 174.0 615.0 3223.8613400622603
40.0 1243.0 78.0 242.0 1438.5575062438365
5.0 1059.0 149.0 823.0 3316.850168253995
6.0 1150.0 93.0 695.0 2417.988148011429
5.0 1153.0 91.0 694.0 2388.9449057158336
2.0 1059.0 149.0 825.0 3321.0752605066314
12.0 1186.0 105.0 429.0 2051.846376502177
6.0 611.0 401.0 1764.0 7847.084066985037
39.0 1247.0 77.0 228.0 1387.956406458446
18.0 1313.0 22.0 214.0 758.0187021909701
14.0 1184.0 108.0 405.0 2074.5722135675765
12.0 790.0 257.0 1695.0 6033.476126295624
14.0 716.0 353.0 1446.0 6719.489738035069
13.0 1352.0 27.0 22.0 411.55379190821867
7.0 265.0 565.0 2763.0 11291.075347500566
7.0 968.0 189.0 1056.0 4251.962489969776
3.0 1057.0 150.0 830.0 3340.175045331874
9.0 691.0 321.0 1820.0 6961.538056528712
27.0 1014.0 201.0 756.0 3806.0516881723356
61.0 1224.0 72.0 373.0 1634.8792785029614
7.0 969.0 188.0 1062.0 4246.16169277305
6.0 1030.0 161.0 925.0 3582.3146339869736
27.0 1024.0 195.0 737.0 3703.272799481025
14.0 716.0 353.0 1446.0 6719.489738035069
14.0 801.0 301.0 1276.0 5893.024473041689
8.0 1145.0 95.0 714.0 2474.0401164050522
3.0 419.0 478.0 2365.0 9674.520665476239
54.0 1229.0 90.0 270.0 1554.9274725873347
10.0 842.0 238.0 1528.0 5412.303046176371
6.0 635.0 331.0 2121.0 7630.301222009873
27.0 1305.0 25.0 227.0 854.3937675868826
25.0 979.0 182.0 1039.0 4125.07599269511
4.0 1039.0 157.0 904.0 3495.396131987282
31.0 1285.0 60.0 136.0 1080.6586273595385
12.0 787.0 260.0 1695.0 6055.58912106411
12.0 796.0 255.0 1676.0 5953.164570671976
40.0 898.0 208.0 1386.0 4864.061133690249
22.0 679.0 364.0 1572.0 7084.979974437967
12.0 1179.0 111.0 412.0 2122.143439121775
8.0 1154.0 92.0 678.0 2377.2133293860315
16.0 248.0 573.0 2834.0 11468.339726359398
19.0 1339.0 15.0 118.0 545.1957844709201
27.0 1022.0 195.0 742.0 3734.423555259372
68.0 1219.0 74.0 393.0 1687.5632594370143
4.0 1038.0 159.0 889.0 3507.852488594505
7.0 1118.0 152.0 527.0 2686.1235225740793
4.0 1036.0 158.0 911.0 3528.7210199114684
17.0 1074.0 171.0 615.0 3187.936800997071
16.0 1341.0 14.0 117.0 521.0950465658827
8.0 832.0 300.0 1123.0 5599.139740006738
33.0 1253.0 70.0 251.0 1311.0803315276273
8.0 833.0 299.0 1122.0 5600.818291431266
7.0 849.0 237.0 1494.0 5345.020527773649
4.0 309.0 549.0 2572.0 10831.095970019274
12.0 797.0 255.0 1672.0 5947.793878331228
0.0 1378.0 8.0 30.0 165.85338222048935
12.0 797.0 255.0 1672.0 5947.793878331228
8.0 830.0 300.0 1131.0 5625.006261438104
13.0 1089.0 165.0 565.0 3064.547306330278
5.0 632.0 333.0 2123.0 7650.824839600981
21.0 1310.0 23.0 211.0 798.6908299891177
0.0 1377.0 12.0 16.0 179.1151201097831
53.0 1230.0 89.0 270.0 1546.372330984199
14.0 716.0 353.0 1446.0 6719.489738035069
48.0 917.0 256.0 945.0 4687.340751020283
13.0 520.0 450.0 1994.0 8703.8265698454
8.0 832.0 300.0 1123.0 5599.139740006738
15.0 713.0 355.0 1454.0 6758.430710343367
12.0 788.0 259.0 1695.0 6048.930297911306
7.0 1119.0 151.0 527.0 2678.5263528608
2.0 1371.0 13.0 17.0 248.47501268682026
32.0 655.0 380.0 1625.0 7342.345464854092
9.0 688.0 322.0 1831.0 6996.869561674868
5.0 1155.0 92.0 677.0 2369.9376852816285
39.0 903.0 206.0 1366.0 4823.126616664955
16.0 548.0 383.0 2223.0 8451.037051182577
4.0 497.0 461.0 2073.0 8939.096634493118
4.0 610.0 402.0 1765.0 7850.15567894189
22.0 680.0 363.0 1572.0 7074.775558253008
12.0 1181.0 109.0 412.0 2101.7933564473096
28.0 1022.0 196.0 740.0 3727.372623485508
12.0 296.0 514.0 2926.0 10983.352789278368
13.0 1086.0 167.0 574.0 3098.0278644245604
8.0 830.0 301.0 1128.0 5618.578979368565
57.0 1224.0 93.0 282.0 1606.8672134518495
10.0 685.0 323.0 1837.0 7026.640334329952
15.0 249.0 572.0 2834.0 11461.267489791786
12.0 864.0 277.0 1116.0 5258.387062071844
17.0 761.0 330.0 1333.0 6251.635425619238
40.0 1244.0 77.0 242.0 1423.622672698777
8.0 832.0 300.0 1123.0 5599.139740006738
16.0 760.0 330.0 1337.0 6266.714457138409
4.0 1123.0 149.0 521.0 2641.963920920153
4.0 1107.0 116.0 852.0 2851.4937891798404
13.0 520.0 449.0 2003.0 8699.907015227926
63.0 1226.0 71.0 368.0 1614.4019787711773
31.0 1285.0 60.0 136.0 1080.6586273595385
23.0 1268.0 57.0 269.0 1176.2508923037435
7.0 970.0 188.0 1053.0 4232.620615066298
25.0 1308.0 24.0 214.0 819.8106634135895
2.0 1058.0 150.0 825.0 3326.954823155734
12.0 523.0 447.0 2002.0 8665.02548588444
14.0 543.0 387.0 2233.0 8489.221836465873
7.0 849.0 237.0 1494.0 5345.020527773649
16.0 548.0 383.0 2223.0 8451.037051182577
12.0 291.0 517.0 2941.0 11040.234311341388
27.0 1289.0 57.0 138.0 1032.5434261927599
3.0 443.0 469.0 2289.0 9438.516587655717
27.0 1024.0 194.0 740.0 3706.0754711361687
3.0 419.0 478.0 2365.0 9674.520665476239
45.0 958.0 232.0 873.0 4331.364379021254
20.0 1312.0 23.0 206.0 773.8263954086924
17.0 1340.0 14.0 120.0 534.7002097246365
47.0 911.0 257.0 969.0 4754.820591723515
3.0 1133.0 141.0 508.0 2563.7778932286305
60.0 1228.0 70.0 367.0 1597.0734704993872
16.0 1341.0 14.0 117.0 521.0950465658827
15.0 550.0 386.0 2196.0 8399.781606241246
3.0 379.0 519.0 2396.0 10077.146352401922
5.0 611.0 401.0 1767.0 7840.454981378989
6.0 363.0 500.0 2555.0 10302.05880124987
47.0 910.0 257.0 971.0 4767.0176583389575
21.0 681.0 362.0 1572.0 7067.774270747026
3.0 1133.0 141.0 508.0 2563.7778932286305
12.0 864.0 277.0 1116.0 5258.387062071844
21.0 572.0 427.0 1893.0 8210.202807751863
14.0 708.0 356.0 1473.0 6811.993596913578
8.0 1154.0 92.0 678.0 2377.2133293860315
3.0 625.0 339.0 2118.0 7727.937718360953
5.0 842.0 288.0 1148.0 5500.814558908274
7.0 358.0 502.0 2568.0 10344.35352932996
5.0 395.0 507.0 2374.0 9874.675681221142
3.0 439.0 470.0 2306.0 9479.929476069761
13.0 803.0 300.0 1269.0 5880.2670661364045
3.0 378.0 520.0 2396.0 10088.966513875526
32.0 655.0 380.0 1625.0 7342.345464854092
6.0 995.0 178.0 1015.0 3977.8211028025034
12.0 1089.0 165.0 571.0 3064.0787255843597
12.0 864.0 277.0 1116.0 5258.387062071844
3.0 1134.0 140.0 508.0 2556.9074457498996
7.0 263.0 567.0 2766.0 11322.663781303387
3.0 423.0 475.0 2360.0 9632.652604893345
2.0 1371.0 13.0 17.0 248.47501268682026
16.0 1341.0 14.0 117.0 521.0950465658827
15.0 248.0 572.0 2844.0 11474.351733981985
11.0 1355.0 25.0 23.0 380.4340598214836
6.0 361.0 503.0 2547.0 10316.295989525064
0.0 1382.0 8.0 27.0 130.07965766284954
21.0 1310.0 23.0 211.0 798.6908299891177
7.0 261.0 568.0 2776.0 11346.198280580382
20.0 1312.0 23.0 206.0 773.8263954086924
0.0 1380.0 8.0 28.0 148.7852205253363
0.0 1382.0 8.0 27.0 130.07965766284954
0.0 1382.0 8.0 27.0 130.07965766284954
2.0 1369.0 13.0 21.0 261.76020770303927
2.0 1369.0 13.0 21.0 261.76020770303927
0.0 1379.0 8.0 30.0 155.54269381618573
0.0 1379.0 8.0 30.0 155.54269381618573
0.0 1382.0 8.0 27.0 130.07965766284954
0.0 1382.0 8.0 27.0 130.07965766284954
0.0 1382.0 8.0 27.0 130.07965766284954
0.0 1382.0 8.0 27.0 130.07965766284954
0.0 282.0 547.0 2846.0 11192.577367813004
0.0 282.0 547.0 2846.0 11192.577367813004
