29.0 896.0 265.0 994.0 4892.02778031993
11.0 632.0 361.0 1835.0 7506.40008432053
56.0 1226.0 75.0 344.0 1676.0393090615144
43.0 1236.0 86.0 215.0 1549.2330315077334
11.0 495.0 451.0 2084.0 9005.74042315032
54.0 1227.0 74.0 345.0 1670.175623902007
11.0 635.0 360.0 1829.0 7470.165409932679
11.0 495.0 450.0 2091.0 9000.376396838745
12.0 1176.0 109.0 466.0 2134.8080396237683
2.0 250.0 569.0 2871.0 11443.036244958976
10.0 1102.0 132.0 687.0 2810.541392907709
8.0 410.0 482.0 2362.0 9806.467445568387
42.0 1232.0 87.0 242.0 1591.5375360789765
37.0 1249.0 77.0 190.0 1435.0380695469237
20.0 1264.0 72.0 171.0 1303.0985180957998
19.0 1286.0 43.0 255.0 1051.8081794446173
11.0 1311.0 35.0 167.0 763.6695462301693
47.0 952.0 236.0 815.0 4328.212025344788
1.0 858.0 251.0 1340.0 5296.15190581053
16.0 1032.0 183.0 741.0 3519.863085025819
4.0 1319.0 32.0 157.0 686.1445783650083
20.0 868.0 271.0 1084.0 5214.155251388858
2.0 251.0 569.0 2865.0 11437.306723386655
8.0 1153.0 110.0 579.0 2316.549241008686
17.0 1274.0 66.0 164.0 1196.2115009370575
14.0 563.0 411.0 1930.0 8260.424051772274
7.0 409.0 482.0 2369.0 9800.000013212766
14.0 574.0 408.0 1915.0 8114.5775351680695
4.0 1319.0 32.0 157.0 686.1445783650083
10.0 1308.0 40.0 167.0 779.5959393120531
11.0 1307.0 40.0 171.0 783.6327013880017
12.0 1346.0 10.0 112.0 516.1215349932999
11.0 440.0 477.0 2231.0 9559.846667839427
16.0 1030.0 184.0 742.0 3536.1551420292512
11.0 1139.0 129.0 531.0 2492.0924386506613
23.0 720.0 345.0 1482.0 6709.697402736845
45.0 960.0 231.0 800.0 4254.87895706543
4.0 1319.0 32.0 157.0 686.1445783650083
9.0 1157.0 108.0 568.0 2290.44947501885
11.0 1187.0 99.0 463.0 2008.3838738746874
11.0 1140.0 129.0 521.0 2481.6566173546016
4.0 1319.0 32.0 157.0 686.1445783650083
12.0 648.0 352.0 1798.0 7357.698989589355
11.0 1097.0 124.0 778.0 2868.282398276125
8.0 1018.0 189.0 788.0 3681.300829452811
3.0 245.0 570.0 2908.0 11500.693864470852
8.0 420.0 482.0 2309.0 9681.454028664077
45.0 958.0 232.0 803.0 4273.753995783426
10.0 1076.0 167.0 645.0 3105.0955418445965
20.0 1264.0 72.0 171.0 1303.0985180957998
2.0 1375.0 12.0 20.0 207.0103862076441
11.0 1126.0 125.0 611.0 2573.0432642262654
23.0 720.0 345.0 1482.0 6709.697402736845
14.0 576.0 407.0 1914.0 8093.658029708558
9.0 1154.0 106.0 595.0 2325.82055606712
2.0 312.0 539.0 2637.0 10808.650182117182
46.0 953.0 236.0 811.0 4319.895809456078
11.0 1072.0 168.0 652.0 3141.2596309377127
10.0 1118.0 116.0 713.0 2682.967698618056
14.0 1193.0 94.0 458.0 1941.3275016952734
3.0 1371.0 14.0 22.0 246.97685766219442
4.0 607.0 371.0 1973.0 7798.378286195875
20.0 869.0 273.0 1074.0 5184.000745029042
11.0 1099.0 123.0 770.0 2850.030187852936
45.0 953.0 237.0 809.0 4326.000652432811
12.0 1091.0 156.0 633.0 2935.166765701407
10.0 511.0 433.0 2124.0 8773.562446390728
17.0 951.0 206.0 1055.0 4368.82824022999
8.0 745.0 303.0 1605.0 6369.15623539791
11.0 1074.0 168.0 648.0 3124.5795577327285
4.0 369.0 507.0 2455.0 10236.58292753016
12.0 475.0 461.0 2137.0 9216.515309034688
41.0 1238.0 85.0 211.0 1522.08094471928
36.0 1239.0 85.0 209.0 1521.5259768119977
54.0 1228.0 73.0 339.0 1663.6810290373996
10.0 633.0 361.0 1831.0 7491.926313352351
10.0 1308.0 41.0 163.0 774.5807513811965
46.0 953.0 236.0 809.0 4322.071006773973
19.0 858.0 278.0 1111.0 5282.8756715219215
45.0 960.0 231.0 800.0 4254.87895706543
10.0 1119.0 116.0 709.0 2669.4682733987925
20.0 869.0 271.0 1081.0 5200.145087241698
1.0 1066.0 140.0 973.0 3242.309011115102
14.0 1344.0 10.0 131.0 534.5748043831394
35.0 1251.0 77.0 185.0 1417.236762987755
13.0 1117.0 116.0 712.0 2689.10919977993
2.0 314.0 538.0 2630.0 10789.43666070896
29.0 898.0 262.0 997.0 4869.063270129623
10.0 1348.0 10.0 116.0 480.4056709595103
20.0 871.0 270.0 1081.0 5166.763089068316
12.0 547.0 416.0 1995.0 8410.1230506278
11.0 1137.0 130.0 537.0 2523.0237243797274
23.0 1184.0 94.0 497.0 2034.942568969363
17.0 1031.0 183.0 745.0 3531.2101983328134
18.0 1262.0 74.0 171.0 1324.3222161291553
29.0 898.0 261.0 997.0 4876.674386607306
45.0 958.0 233.0 800.0 4275.615328690883
23.0 720.0 345.0 1482.0 6709.697402736845
13.0 546.0 416.0 1997.0 8422.613454193466
59.0 1226.0 74.0 345.0 1677.3929277600753
0.0 1066.0 139.0 974.0 3243.490230410563
8.0 1155.0 110.0 566.0 2300.5742417396127
15.0 1191.0 93.0 474.0 1955.9857499758073
1.0 282.0 550.0 2764.0 11092.300415218044
5.0 830.0 279.0 1276.0 5517.400296355823
11.0 826.0 311.0 1174.0 5673.062434065127
11.0 1092.0 155.0 633.0 2928.6281066308716
5.0 1317.0 32.0 158.0 707.1174177225862
7.0 748.0 300.0 1613.0 6348.537228990709
7.0 1007.0 191.0 841.0 3781.7849946339843
18.0 1284.0 46.0 243.0 1063.1263135127788
20.0 869.0 271.0 1081.0 5200.145087241698
3.0 1361.0 7.0 84.0 355.24826946929545
3.0 795.0 288.0 1432.0 5891.966820352965
11.0 998.0 198.0 852.0 3877.4703758742867
10.0 511.0 433.0 2124.0 8773.562446390728
3.0 1361.0 7.0 84.0 355.24826946929545
1.0 1379.0 7.0 36.0 166.745932039588
13.0 446.0 472.0 2225.0 9495.210343875488
2.0 311.0 539.0 2641.0 10822.725795960252
13.0 575.0 409.0 1904.0 8106.482501389978
14.0 1346.0 10.0 113.0 510.6794378509653
3.0 342.0 520.0 2564.0 10512.167812347661
11.0 827.0 311.0 1167.0 5670.960922390202
2.0 917.0 213.0 1335.0 4734.695255912598
11.0 1074.0 168.0 648.0 3124.5795577327285
11.0 1141.0 127.0 531.0 2474.9693653060035
14.0 1194.0 93.0 458.0 1931.123085510313
8.0 743.0 305.0 1605.0 6392.377007473157
11.0 1188.0 98.0 463.0 1996.1001855378204
14.0 1194.0 93.0 458.0 1931.123085510313
12.0 446.0 471.0 2235.0 9493.336763775309
35.0 1251.0 77.0 185.0 1417.236762987755
8.0 776.0 315.0 1385.0 6102.054397333683
18.0 1283.0 45.0 258.0 1069.1535063502395
10.0 633.0 361.0 1831.0 7491.926313352351
4.0 368.0 508.0 2462.0 10249.491029420942
16.0 1031.0 184.0 741.0 3526.7203966343773
3.0 795.0 292.0 1410.0 5867.369457010197
8.0 1155.0 110.0 566.0 2300.5742417396127
16.0 953.0 204.0 1055.0 4341.903992883783
12.0 1140.0 128.0 530.0 2488.6703253578644
13.0 546.0 416.0 1995.0 8425.778470786838
15.0 701.0 354.0 1544.0 6923.1217159327325
2.0 1374.0 13.0 20.0 213.39813196579033
8.0 1014.0 189.0 806.0 3734.8648192352593
11.0 1099.0 123.0 770.0 2850.030187852936
8.0 775.0 316.0 1385.0 6114.3386041471995
41.0 1237.0 86.0 214.0 1531.0078066891833
1.0 858.0 251.0 1340.0 5296.15190581053
10.0 1076.0 167.0 645.0 3105.0955418445965
14.0 1194.0 93.0 458.0 1931.123085510313
13.0 970.0 208.0 938.0 4174.246072525175
7.0 407.0 483.0 2379.0 9823.773801957586
20.0 1283.0 46.0 248.0 1067.08975286685
10.0 1127.0 125.0 611.0 2555.4971596454557
10.0 1312.0 35.0 167.0 752.2869800360409
4.0 606.0 372.0 1973.0 7811.001888991059
8.0 1018.0 189.0 788.0 3681.300829452811
12.0 1093.0 153.0 636.0 2910.6321439217986
16.0 1031.0 184.0 741.0 3526.7203966343773
3.0 883.0 241.0 1267.0 5054.359645844217
3.0 883.0 240.0 1275.0 5057.206105320227
5.0 831.0 277.0 1280.0 5513.956000687504
15.0 701.0 354.0 1544.0 6923.1217159327325
7.0 406.0 485.0 2374.0 9829.732321833179
1.0 918.0 213.0 1325.0 4728.698902957074
36.0 603.0 394.0 1786.0 7905.789461825903
5.0 692.0 331.0 1724.0 6897.330179684536
16.0 1031.0 184.0 741.0 3526.7203966343773
1.0 917.0 214.0 1302.0 4780.513019043132
3.0 794.0 289.0 1432.0 5898.729367360264
0.0 1060.0 143.0 978.0 3311.9261940578253
5.0 609.0 371.0 1957.0 7781.875007538396
0.0 1059.0 143.0 975.0 3327.281986725031
18.0 1285.0 45.0 243.0 1055.2066224649402
23.0 720.0 345.0 1482.0 6709.697402736845
2.0 311.0 539.0 2641.0 10822.725795960252
14.0 1346.0 10.0 113.0 510.6794378509653
3.0 341.0 520.0 2572.0 10519.66947484006
45.0 961.0 230.0 800.0 4241.235323026835
5.0 830.0 278.0 1280.0 5520.395003319181
17.0 860.0 277.0 1105.0 5267.3823961035205
1.0 914.0 213.0 1342.0 4801.095959993831
5.0 692.0 332.0 1721.0 6897.259150373648
45.0 958.0 233.0 800.0 4275.615328690883
16.0 1031.0 184.0 741.0 3526.7203966343773
11.0 1099.0 123.0 770.0 2850.030187852936
10.0 830.0 308.0 1167.0 5632.138629142498
29.0 897.0 262.0 998.0 4884.877574040858
8.0 1000.0 197.0 852.0 3852.229857437735
2.0 860.0 249.0 1347.0 5266.733141454775
5.0 827.0 280.0 1290.0 5543.250237266922
18.0 1284.0 45.0 248.0 1059.4566006529042
11.0 630.0 361.0 1856.0 7517.045051823439
29.0 899.0 261.0 997.0 4863.661926696504
29.0 896.0 264.0 997.0 4888.517810272815
11.0 493.0 451.0 2098.0 9020.469615408467
18.0 1271.0 67.0 168.0 1229.5744772409066
3.0 794.0 292.0 1416.0 5878.630304724684
14.0 1194.0 93.0 458.0 1931.123085510313
8.0 743.0 305.0 1605.0 6392.377007473157
5.0 831.0 277.0 1280.0 5513.956000687504
3.0 1371.0 14.0 22.0 246.97685766219442
11.0 493.0 451.0 2098.0 9020.469615408467
14.0 956.0 204.0 1040.0 4312.892694282555
1.0 278.0 555.0 2757.0 11148.020065389985
5.0 690.0 332.0 1731.0 6923.900989585797
11.0 1140.0 128.0 531.0 2482.579923681802
10.0 828.0 310.0 1167.0 5659.2203695069265
40.0 1239.0 85.0 209.0 1516.2275249414552
2.0 1374.0 12.0 21.0 213.2997405327722
8.0 1001.0 196.0 852.0 3840.85459084936
10.0 512.0 431.0 2131.0 8760.759424624257
14.0 956.0 204.0 1040.0 4312.892694282555
7.0 749.0 300.0 1612.0 6336.8010211032115
11.0 1076.0 166.0 648.0 3107.7878920041953
1.0 1380.0 7.0 35.0 158.32676350745533
14.0 1194.0 93.0 458.0 1931.123085510313
11.0 538.0 422.0 2027.0 8504.369766082102
14.0 1194.0 93.0 458.0 1931.123085510313
5.0 692.0 331.0 1724.0 6897.330179684536
7.0 747.0 301.0 1617.0 6355.690792190753
3.0 1361.0 7.0 84.0 355.24826946929545
11.0 439.0 478.0 2231.0 9566.012929072805
4.0 367.0 509.0 2462.0 10263.452051106668
5.0 693.0 332.0 1714.0 6896.196182716582
1.0 278.0 555.0 2757.0 11148.020065389985
45.0 960.0 231.0 800.0 4254.87895706543
2.0 250.0 569.0 2871.0 11443.036244958976
4.0 369.0 507.0 2455.0 10236.58292753016
7.0 748.0 301.0 1612.0 6342.948053159281
3.0 883.0 240.0 1275.0 5057.206105320227
14.0 956.0 204.0 1040.0 4312.892694282555
4.0 1319.0 32.0 157.0 686.1445783650083
8.0 1155.0 110.0 566.0 2300.5742417396127
11.0 1099.0 123.0 770.0 2850.030187852936
8.0 745.0 303.0 1605.0 6369.15623539791
9.0 571.0 389.0 2084.0 8163.227329995945
29.0 896.0 265.0 994.0 4892.02778031993
3.0 796.0 290.0 1407.0 5865.18822227524
7.0 401.0 489.0 2378.0 9899.955679595454
10.0 1104.0 132.0 681.0 2790.7255353223914
1.0 278.0 555.0 2757.0 11148.020065389985
16.0 1031.0 184.0 741.0 3526.7203966343773
5.0 690.0 332.0 1731.0 6923.900989585797
12.0 646.0 353.0 1808.0 7377.619777807263
3.0 341.0 520.0 2572.0 10519.66947484006
54.0 1228.0 74.0 338.0 1660.111734942984
7.0 1009.0 190.0 835.0 3768.8240602245583
22.0 723.0 343.0 1478.0 6678.109834701158
7.0 1015.0 187.0 818.0 3714.0857632004127
4.0 1319.0 32.0 157.0 686.1445783650083
8.0 775.0 316.0 1385.0 6114.3386041471995
17.0 1273.0 67.0 164.0 1208.8768164805535
13.0 968.0 209.0 947.0 4198.690924178905
1.0 1380.0 7.0 35.0 158.32676350745533
1.0 1380.0 7.0 35.0 158.32676350745533
16.0 952.0 205.0 1055.0 4354.171283463738
37.0 1249.0 77.0 190.0 1435.0380695469237
12.0 473.0 462.0 2144.0 9237.143318088087
1.0 1380.0 7.0 35.0 158.32676350745533
1.0 1380.0 7.0 35.0 158.32676350745533
17.0 1274.0 66.0 164.0 1196.2115009370575
11.0 630.0 362.0 1847.0 7525.037052381709
1.0 1380.0 7.0 35.0 158.32676350745533
1.0 1380.0 7.0 35.0 158.32676350745533
2.0 246.0 569.0 2908.0 11488.758238551529
3.0 1371.0 14.0 22.0 246.97685766219442
4.0 365.0 509.0 2475.0 10280.882453778924
1.0 1380.0 7.0 35.0 158.32676350745533
1.0 1380.0 7.0 35.0 158.32676350745533
1.0 1380.0 7.0 35.0 158.32676350745533
35.0 1251.0 77.0 185.0 1417.236762987755
10.0 1119.0 116.0 709.0 2669.4682733987925
17.0 1273.0 67.0 164.0 1208.8768164805535
2.0 1375.0 12.0 20.0 207.0103862076441
1.0 1380.0 7.0 35.0 158.32676350745533
2.0 1375.0 12.0 20.0 207.0103862076441
2.0 1375.0 12.0 20.0 207.0103862076441
2.0 1375.0 12.0 20.0 207.0103862076441
1.0 1380.0 7.0 35.0 158.32676350745533
2.0 1381.0 6.0 41.0 148.60150263824153
6.0 1353.0 10.0 100.0 432.52184259771303
2.0 246.0 569.0 2908.0 11488.758238551529
2.0 246.0 569.0 2908.0 11488.758238551529
3.0 1361.0 7.0 84.0 355.24826946929545
15.0 1294.0 41.0 232.0 973.3810864013936
2.0 246.0 569.0 2908.0 11488.758238551529
3.0 1362.0 7.0 82.0 340.8853919622947
9.0 1154.0 107.0 591.0 2320.861612312699
