15.0 1155.0 142.0 430.0 2328.1895274016924
27.0 1319.0 40.0 79.0 760.9941674308408
84.0 1215.0 94.0 275.0 1755.5113615527755
7.0 442.0 479.0 2253.0 9512.799841407124
68.0 1322.0 36.0 75.0 729.6823948655713
8.0 518.0 431.0 2105.0 8753.713490077162
20.0 1340.0 31.0 36.0 550.7127692342139
8.0 1028.0 169.0 826.0 3570.4608613915243
11.0 360.0 514.0 2481.0 10340.68743304922
4.0 274.0 564.0 2711.0 11210.73853591292
241.0 1033.0 181.0 684.0 3542.906457283001
3.0 275.0 562.0 2718.0 11205.43305526388
190.0 1187.0 107.0 339.0 2041.985710794529
11.0 828.0 248.0 1470.0 5644.601941127839
23.0 917.0 241.0 929.0 4676.348385217548
205.0 1195.0 103.0 323.0 1973.8610067913423
8.0 352.0 523.0 2483.0 10402.463703647556
29.0 739.0 327.0 1421.0 6428.474846792159
28.0 737.0 329.0 1421.0 6448.3860436401
136.0 1193.0 80.0 529.0 1997.5739036287318
9.0 854.0 264.0 1163.0 5274.899324811832
23.0 918.0 240.0 929.0 4663.283772880614
28.0 902.0 210.0 1338.0 4869.301883336923
88.0 684.0 349.0 1618.0 6973.82115800177
23.0 583.0 397.0 1887.0 8056.305547234335
21.0 920.0 237.0 932.0 4630.083318646285
5.0 326.0 528.0 2615.0 10697.380796973232
15.0 954.0 221.0 881.0 4245.004112899683
18.0 902.0 249.0 967.0 4856.188171525613
3.0 483.0 446.0 2231.0 9088.306623501565
1.0 1375.0 10.0 46.0 202.39177966984204
20.0 583.0 394.0 1903.0 8034.032964646682
9.0 1143.0 112.0 589.0 2469.1330021878366
7.0 533.0 409.0 2153.0 8558.957419136448
17.0 1127.0 155.0 489.0 2592.003316010989
29.0 1022.0 167.0 878.0 3597.626074085096
8.0 351.0 523.0 2491.0 10413.00230942993
10.0 1023.0 170.0 842.0 3612.3775784205677
17.0 1065.0 147.0 759.0 3219.4543757958336
13.0 1095.0 135.0 697.0 2975.525669378294
24.0 920.0 239.0 924.0 4641.621277937133
13.0 819.0 282.0 1268.0 5653.9184755611595
192.0 1184.0 109.0 345.0 2068.4059038766463
21.0 918.0 238.0 938.0 4656.957205892051
3.0 1373.0 10.0 53.0 213.25691127131515
10.0 522.0 430.0 2090.0 8717.641854282187
11.0 851.0 265.0 1177.0 5304.478624806514
45.0 954.0 195.0 1050.0 4270.907776678466
1.0 1370.0 16.0 28.0 253.88746691804306
16.0 870.0 256.0 1117.0 5115.782165491895
39.0 1271.0 35.0 391.0 1185.896787398119
7.0 422.0 492.0 2280.0 9697.910966508181
20.0 584.0 394.0 1900.0 8027.705813231571
194.0 1039.0 175.0 688.0 3499.6869680063696
2.0 1374.0 11.0 46.0 209.75020421669797
241.0 1035.0 178.0 691.0 3519.9854162478678
7.0 980.0 191.0 936.0 4010.990496324242
20.0 1340.0 31.0 36.0 550.7127692342139
17.0 1063.0 148.0 761.0 3247.041080726559
86.0 1215.0 94.0 267.0 1773.355020330644
8.0 442.0 481.0 2244.0 9493.001545755267
16.0 1065.0 148.0 756.0 3225.8586191862532
39.0 1270.0 35.0 397.0 1203.575068550813
10.0 981.0 190.0 936.0 4001.94278912843
4.0 510.0 437.0 2124.0 8828.664457674673
7.0 418.0 493.0 2293.0 9735.76508395337
5.0 423.0 475.0 2390.0 9657.838517985823
3.0 1374.0 9.0 61.0 211.17719419961716
20.0 616.0 382.0 1810.0 7740.325868079794
8.0 518.0 431.0 2106.0 8743.037746513972
4.0 316.0 530.0 2665.0 10775.411249027411
26.0 905.0 208.0 1336.0 4842.932173486714
69.0 1321.0 37.0 75.0 742.2983827805725
26.0 903.0 209.0 1338.0 4872.0023937195465
88.0 686.0 349.0 1604.0 6955.798817120564
191.0 1185.0 109.0 339.0 2062.2806548371614
1.0 1375.0 10.0 46.0 202.39177966984204
29.0 1295.0 47.0 162.0 952.2823025552751
143.0 988.0 207.0 807.0 3894.1895830763174
138.0 1194.0 80.0 520.0 1980.7174896014753
28.0 765.0 318.0 1351.0 6144.718640473883
19.0 577.0 399.0 1920.0 8100.4668042552785
7.0 652.0 372.0 1703.0 7357.377840908923
2.0 746.0 303.0 1581.0 6369.700895711384
76.0 1217.0 92.0 267.0 1747.8852847479707
10.0 1025.0 170.0 832.0 3602.3651720979037
18.0 904.0 246.0 973.0 4810.037532387398
50.0 1250.0 77.0 202.0 1393.0704421513105
8.0 1029.0 168.0 826.0 3557.28613635527
16.0 1077.0 140.0 741.0 3165.4601011905256
10.0 863.0 258.0 1144.0 5166.906418815174
17.0 871.0 254.0 1117.0 5110.007532707902
7.0 424.0 490.0 2281.0 9681.104085763287
5.0 992.0 186.0 910.0 3910.279271188902
29.0 736.0 329.0 1421.0 6460.0327157439015
21.0 918.0 237.0 938.0 4661.259351061985
93.0 620.0 380.0 1805.0 7705.723245068418
16.0 1111.0 128.0 652.0 2773.2175767370336
14.0 851.0 266.0 1168.0 5302.894053396105
18.0 903.0 247.0 973.0 4830.781391999567
41.0 1269.0 36.0 387.0 1207.0471049390371
10.0 441.0 480.0 2254.0 9517.648226006115
16.0 953.0 221.0 884.0 4253.406150201645
0.0 1372.0 9.0 65.0 227.8043952387741
21.0 1338.0 33.0 36.0 566.1323259769929
7.0 976.0 192.0 956.0 4046.5357459434103
7.0 262.0 571.0 2748.0 11350.403514114541
36.0 1280.0 32.0 361.0 1107.7708566857395
20.0 1340.0 31.0 36.0 550.7127692342139
6.0 261.0 571.0 2757.0 11356.564155733498
1.0 1370.0 16.0 28.0 253.88746691804306
35.0 1279.0 33.0 358.0 1120.3510061598734
18.0 893.0 251.0 999.0 4900.210107086229
21.0 921.0 236.0 932.0 4621.431592564843
9.0 1143.0 112.0 589.0 2469.1330021878366
4.0 1362.0 18.0 38.0 322.74072581091445
38.0 758.0 319.0 1369.0 6232.267865647195
16.0 1111.0 128.0 652.0 2773.2175767370336
2.0 747.0 303.0 1573.0 6357.759428446242
19.0 577.0 399.0 1920.0 8100.4668042552785
5.0 422.0 476.0 2390.0 9666.010472663938
8.0 246.0 567.0 2890.0 11524.065277904114
19.0 954.0 222.0 877.0 4245.7969823132435
7.0 247.0 566.0 2890.0 11513.522173159103
34.0 757.0 312.0 1403.0 6215.823487898229
15.0 1155.0 142.0 430.0 2328.1895274016924
16.0 1112.0 128.0 648.0 2767.8853916979115
6.0 533.0 410.0 2144.0 8561.597708530622
16.0 628.0 340.0 2076.0 7657.288601882544
19.0 1120.0 159.0 516.0 2671.1685642549805
28.0 767.0 316.0 1351.0 6126.667276054225
12.0 854.0 265.0 1157.0 5267.9922496636655
39.0 1271.0 36.0 380.0 1183.4198773610644
192.0 1185.0 108.0 345.0 2062.879996707682
17.0 1066.0 147.0 756.0 3209.37595476323
20.0 616.0 382.0 1810.0 7740.325868079794
1.0 673.0 358.0 1653.0 7075.845417240917
151.0 1241.0 55.0 440.0 1484.1256696828682
45.0 1253.0 77.0 186.0 1366.1350694548858
7.0 370.0 498.0 2545.0 10232.138009730319
19.0 582.0 395.0 1902.0 8043.272543255487
45.0 1253.0 77.0 186.0 1366.1350694548858
16.0 1112.0 128.0 648.0 2767.8853916979115
19.0 633.0 339.0 2043.0 7600.436944298909
1.0 1367.0 18.0 28.0 273.7731844584725
7.0 980.0 191.0 936.0 4010.990496324242
45.0 1256.0 74.0 186.0 1336.603109872199
28.0 737.0 329.0 1421.0 6448.3860436401
4.0 653.0 371.0 1705.0 7351.102208554447
7.0 247.0 566.0 2890.0 11513.522173159103
17.0 1065.0 147.0 759.0 3219.4543757958336
7.0 360.0 516.0 2475.0 10327.954115562427
56.0 1226.0 88.0 248.0 1684.1845046166081
7.0 975.0 192.0 963.0 4056.3697018706257
240.0 1036.0 178.0 684.0 3510.189167138602
9.0 855.0 263.0 1163.0 5266.255334056998
36.0 1267.0 70.0 170.0 1237.6546932091535
44.0 954.0 195.0 1053.0 4277.038344417015
54.0 1247.0 78.0 209.0 1424.7507983873995
3.0 1374.0 10.0 47.0 207.52738969899156
6.0 1348.0 26.0 41.0 465.65137945112144
27.0 1297.0 47.0 157.0 921.327827219099
190.0 1187.0 107.0 339.0 2041.985710794529
5.0 428.0 473.0 2378.0 9615.295579559563
25.0 1297.0 47.0 157.0 922.7564489382881
190.0 1187.0 107.0 339.0 2041.985710794529
39.0 1272.0 34.0 391.0 1179.5090416399728
10.0 829.0 247.0 1470.0 5635.070441071497
142.0 989.0 207.0 798.0 3882.9922570891863
25.0 761.0 309.0 1406.0 6177.502535478599
68.0 1322.0 36.0 75.0 729.6823948655713
27.0 1296.0 47.0 157.0 939.1694942365406
1.0 1367.0 18.0 28.0 273.7731844584725
4.0 670.0 359.0 1658.0 7113.3227598341355
17.0 1129.0 155.0 485.0 2572.825708699138
16.0 1112.0 128.0 648.0 2767.8853916979115
17.0 583.0 396.0 1893.0 8038.364033427286
72.0 1219.0 91.0 265.0 1726.0395257660641
3.0 678.0 354.0 1644.0 7011.933429689964
2.0 491.0 443.0 2204.0 9010.55617180831
10.0 262.0 569.0 2752.0 11333.214613467286
9.0 825.0 249.0 1491.0 5673.896608732283
35.0 1279.0 33.0 358.0 1120.3510061598734
9.0 247.0 567.0 2881.0 11509.138234131644
1.0 1374.0 11.0 46.0 210.0923195884073
21.0 921.0 237.0 928.0 4630.191118479694
45.0 1253.0 77.0 186.0 1366.1350694548858
20.0 1325.0 35.0 74.0 693.413320445431
0.0 1372.0 9.0 65.0 227.8043952387741
2.0 1374.0 11.0 46.0 209.75020421669797
1.0 1366.0 18.0 28.0 281.5888070316662
20.0 583.0 394.0 1903.0 8034.032964646682
50.0 1250.0 77.0 202.0 1393.0704421513105
14.0 951.0 198.0 1053.0 4307.920755836325
4.0 315.0 531.0 2665.0 10788.964979000071
8.0 1139.0 113.0 605.0 2510.475103192135
20.0 580.0 397.0 1905.0 8074.5074444424135
20.0 1340.0 31.0 36.0 550.7127692342139
13.0 805.0 292.0 1281.0 5835.217930096273
37.0 1077.0 141.0 732.0 3170.2615268129316
6.0 365.0 512.0 2473.0 10282.361541744389
47.0 1254.0 76.0 186.0 1362.5440754350436
35.0 1275.0 34.0 376.0 1149.9176081477344
15.0 1155.0 142.0 430.0 2328.1895274016924
7.0 418.0 493.0 2293.0 9735.76508395337
1.0 1375.0 10.0 46.0 202.39177966984204
17.0 1066.0 147.0 756.0 3209.37595476323
7.0 352.0 522.0 2491.0 10403.607467749756
13.0 803.0 294.0 1283.0 5857.269007657666
3.0 274.0 563.0 2718.0 11214.993878215852
2.0 490.0 444.0 2204.0 9019.514857609496
34.0 1268.0 70.0 168.0 1225.385434750871
3.0 679.0 354.0 1641.0 7001.8550086573605
54.0 1227.0 87.0 248.0 1676.5513524026624
1.0 671.0 359.0 1657.0 7101.874548786175
14.0 801.0 294.0 1293.0 5873.665451732034
2.0 704.0 345.0 1567.0 6750.575404574081
67.0 1221.0 89.0 265.0 1712.7442535962325
14.0 951.0 198.0 1053.0 4307.920755836325
1.0 1375.0 10.0 46.0 202.39177966984204
20.0 1324.0 36.0 74.0 705.2745929762578
28.0 737.0 329.0 1421.0 6448.3860436401
6.0 533.0 410.0 2144.0 8561.597708530622
190.0 1187.0 107.0 339.0 2041.985710794529
25.0 758.0 311.0 1409.0 6209.202968260432
25.0 1298.0 46.0 157.0 916.3173539165658
7.0 247.0 566.0 2890.0 11513.522173159103
6.0 419.0 493.0 2293.0 9723.755262105218
9.0 1027.0 169.0 829.0 3584.4868787893674
84.0 760.0 318.0 1360.0 6213.515202053167
9.0 247.0 567.0 2881.0 11509.138234131644
18.0 631.0 340.0 2052.0 7617.584801022272
18.0 622.0 342.0 2095.0 7709.352574391879
17.0 1341.0 30.0 36.0 537.3562553214415
13.0 822.0 279.0 1267.0 5633.533662584553
88.0 684.0 349.0 1618.0 6973.82115800177
16.0 952.0 222.0 884.0 4261.688763764668
6.0 361.0 515.0 2475.0 10319.196692857451
15.0 870.0 255.0 1120.0 5113.178597253765
11.0 1131.0 152.0 491.0 2565.424225703673
16.0 1077.0 141.0 737.0 3167.184261818967
25.0 1298.0 46.0 157.0 916.3173539165658
25.0 759.0 310.0 1409.0 6195.898461958872
6.0 1348.0 26.0 41.0 465.65137945112144
6.0 1140.0 113.0 598.0 2501.8332620094297
6.0 1139.0 113.0 606.0 2512.107310441825
0.0 706.0 345.0 1556.0 6728.376796461625
0.0 1368.0 17.0 29.0 264.76733292575466
9.0 863.0 257.0 1150.0 5174.759728302369
1.0 1375.0 10.0 46.0 202.39177966984204
1.0 1367.0 18.0 28.0 273.7731844584725
72.0 1220.0 90.0 265.0 1720.1718741282486
8.0 1028.0 169.0 826.0 3570.4608613915243
12.0 826.0 276.0 1259.0 5599.998053136643
20.0 583.0 394.0 1903.0 8034.032964646682
9.0 1143.0 112.0 589.0 2469.1330021878366
1.0 672.0 359.0 1653.0 7089.801988928076
14.0 801.0 294.0 1293.0 5873.665451732034
6.0 1140.0 113.0 598.0 2501.8332620094297
13.0 820.0 276.0 1286.0 5661.765464740486
45.0 1255.0 75.0 186.0 1349.6288534071593
17.0 1340.0 30.0 41.0 551.0192456187759
6.0 1143.0 113.0 588.0 2471.055220219994
13.0 1095.0 135.0 697.0 2975.525669378294
1.0 1375.0 10.0 46.0 202.39177966984204
28.0 766.0 317.0 1351.0 6136.0669143924415
7.0 247.0 566.0 2890.0 11513.522173159103
67.0 1221.0 89.0 265.0 1712.7442535962325
2.0 713.0 340.0 1547.0 6649.931189075377
7.0 247.0 566.0 2890.0 11513.522173159103
0.0 1372.0 9.0 65.0 227.8043952387741
23.0 1303.0 43.0 152.0 869.2789313247584
8.0 1000.0 181.0 897.0 3848.6205405815135
7.0 1001.0 181.0 894.0 3834.5945231836704
38.0 1262.0 73.0 173.0 1291.189293172287
0.0 1371.0 16.0 28.0 241.7185079235084
1.0 1375.0 10.0 46.0 202.39177966984204
0.0 1375.0 9.0 61.0 205.8267892072648
0.0 1375.0 9.0 61.0 205.8267892072648
0.0 1375.0 9.0 61.0 205.8267892072648
0.0 1375.0 9.0 61.0 205.8267892072648
0.0 1375.0 9.0 61.0 205.8267892072648
2.0 484.0 446.0 2231.0 9076.770592764093
4.0 1362.0 18.0 38.0 322.74072581091445
0.0 1371.0 16.0 28.0 241.7185079235084
0.0 281.0 545.0 2854.0 11215.21844411984
0.0 281.0 545.0 2854.0 11215.21844411984
