0.0 1377.0 118.0 680.0 2565.9095607164327
0.0 1456.0 81.0 483.0 1773.1287344965729
0.0 1456.0 81.0 483.0 1773.1287344965729
0.0 1409.0 109.0 561.0 2244.840656386254
0.0 1391.0 113.0 620.0 2443.9773484569214
0.0 1391.0 113.0 620.0 2443.9773484569214
0.0 1403.0 101.0 644.0 2309.8246420105393
0.0 1391.0 113.0 620.0 2443.9773484569214
0.0 1351.0 135.0 714.0 2873.263765913809
0.0 1430.0 91.0 549.0 2007.1815901941086
0.0 1388.0 118.0 624.0 2493.590733822078
0.0 1298.0 153.0 900.0 3369.510999164803
0.0 1377.0 118.0 680.0 2565.9095607164327
0.0 1372.0 123.0 690.0 2611.257886577173
0.0 1391.0 113.0 620.0 2443.9773484569214
0.0 1377.0 118.0 680.0 2565.9095607164327
0.0 1388.0 118.0 624.0 2493.590733822078
0.0 1377.0 118.0 680.0 2565.9095607164327
0.0 1346.0 130.0 782.0 2887.084312427316
0.0 1331.0 145.0 750.0 3079.4432808497936
0.0 1433.0 87.0 575.0 2010.5219201355856
0.0 1423.0 92.0 585.0 2120.86699281468
0.0 1461.0 79.0 480.0 1737.5376882175049
0.0 1376.0 115.0 714.0 2566.4297668331287
0.0 1357.0 129.0 716.0 2747.1762110180202
0.0 1326.0 138.0 858.0 3115.9766750786225
0.0 1328.0 137.0 855.0 3087.4396816318595
0.0 1284.0 162.0 937.0 3485.154213918408
0.0 1392.0 107.0 689.0 2425.024002875315
0.0 1377.0 110.0 771.0 2620.465927015258
0.0 1318.0 146.0 811.0 3189.5403323747228
0.0 1391.0 113.0 620.0 2443.9773484569214
0.0 1318.0 146.0 811.0 3189.5403323747228
0.0 1391.0 113.0 620.0 2443.9773484569214
0.0 1287.0 165.0 873.0 3484.229234728887
0.0 1430.0 91.0 549.0 2007.1815901941086
0.0 1363.0 134.0 680.0 2763.3199988296415
0.0 1365.0 120.0 752.0 2670.5491185708943
0.0 1350.0 126.0 790.0 2863.848271695348
0.0 1326.0 140.0 841.0 3085.313204650787
0.0 1351.0 135.0 714.0 2873.263765913809
0.0 1361.0 128.0 702.0 2748.945778991374
0.0 1392.0 107.0 689.0 2425.024002875315
0.0 1318.0 146.0 811.0 3189.5403323747228
0.0 1318.0 146.0 811.0 3189.5403323747228
0.0 1334.0 156.0 719.0 2996.084957140627
0.0 1391.0 113.0 620.0 2443.9773484569214
0.0 1420.0 92.0 606.0 2144.6683240777875
0.0 1287.0 165.0 873.0 3484.229234728887
0.0 1461.0 79.0 480.0 1737.5376882175049
0.0 1430.0 91.0 549.0 2007.1815901941086
0.0 1331.0 145.0 750.0 3079.4432808497936
0.0 1318.0 146.0 811.0 3189.5403323747228
0.0 1456.0 81.0 483.0 1773.1287344965729
0.0 1326.0 153.0 738.0 3097.443006450934
0.0 1296.0 170.0 803.0 3388.4193310122632
0.0 1389.0 114.0 630.0 2467.096684345972
0.0 1326.0 153.0 738.0 3097.443006450934
0.0 1296.0 170.0 803.0 3388.4193310122632
0.0 1369.0 130.0 676.0 2676.7978962285906
0.0 1430.0 91.0 549.0 2007.1815901941086
0.0 1284.0 162.0 937.0 3485.154213918408
0.0 1326.0 153.0 738.0 3097.443006450934
0.0 1369.0 130.0 676.0 2676.7978962285906
0.0 1456.0 81.0 483.0 1773.1287344965729
0.0 1340.0 151.0 711.0 2950.02685909271
0.0 1308.0 147.0 887.0 3274.2844044510107
0.0 1400.0 103.0 654.0 2340.6288162275755
0.0 1412.0 101.0 577.0 2184.4894035992806
0.0 1410.0 100.0 608.0 2210.094131479852
0.0 1409.0 109.0 561.0 2244.840656386254
0.0 1326.0 153.0 738.0 3097.443006450934
0.0 1461.0 79.0 480.0 1737.5376882175049
0.0 1358.0 127.0 720.0 2738.3796170121627
0.0 1461.0 79.0 480.0 1737.5376882175049
0.0 1373.0 121.0 694.0 2588.1814195404468
0.0 1389.0 114.0 630.0 2467.096684345972
0.0 1326.0 153.0 738.0 3097.443006450934
0.0 1326.0 153.0 738.0 3097.443006450934
0.0 1389.0 114.0 630.0 2467.096684345972
0.0 1381.0 114.0 698.0 2516.615885951031
0.0 1286.0 170.0 859.0 3487.101397600809
0.0 1286.0 170.0 859.0 3487.101397600809
0.0 1431.0 95.0 511.0 2074.8265116325424
0.0 1340.0 151.0 711.0 2950.02685909271
0.0 1412.0 101.0 577.0 2184.4894035992806
0.0 1399.0 110.0 604.0 2356.5854909679733
0.0 1310.0 162.0 782.0 3234.317436971481
0.0 1379.0 121.0 664.0 2546.730062135341
0.0 1455.0 80.0 503.0 1785.0861584282763
0.0 1464.0 80.0 466.0 1723.1555381784967
0.0 1420.0 92.0 606.0 2144.6683240777875
0.0 1412.0 101.0 577.0 2184.4894035992806
0.0 1405.0 108.0 585.0 2244.8709704718076
0.0 1348.0 136.0 736.0 2852.6066501382493
0.0 1463.0 81.0 460.0 1728.1641088158444
0.0 1452.0 86.0 478.0 1819.073334181384
0.0 1422.0 94.0 569.0 2124.4254273413694
0.0 1463.0 81.0 460.0 1728.1641088158444
0.0 1357.0 129.0 716.0 2747.1762110180202
0.0 1377.0 110.0 771.0 2620.465927015258
0.0 1464.0 80.0 466.0 1723.1555381784967
0.0 1449.0 83.0 509.0 1860.6698026864003
0.0 1449.0 83.0 509.0 1860.6698026864003
0.0 1449.0 83.0 509.0 1860.6698026864003
0.0 1298.0 153.0 900.0 3369.510999164803
0.0 1464.0 80.0 466.0 1723.1555381784967
0.0 1280.0 166.0 925.0 3550.557337359475
0.0 1455.0 80.0 503.0 1785.0861584282763
0.0 1427.0 97.0 522.0 2045.3759805027216
0.0 1298.0 153.0 900.0 3369.510999164803
0.0 1377.0 110.0 771.0 2620.465927015258
0.0 1449.0 83.0 509.0 1860.6698026864003
0.0 1413.0 102.0 563.0 2172.2992506352953
0.0 1413.0 102.0 563.0 2172.2992506352953
0.0 1413.0 102.0 563.0 2172.2992506352953
0.0 1349.0 136.0 718.0 2892.087288645758
0.0 1405.0 105.0 589.0 2283.2287326877968
0.0 1413.0 102.0 563.0 2172.2992506352953
0.0 1286.0 170.0 859.0 3487.101397600809
0.0 1455.0 80.0 503.0 1785.0861584282763
0.0 1370.0 119.0 715.0 2637.162580820282
0.0 1413.0 102.0 563.0 2172.2992506352953
0.0 1379.0 121.0 664.0 2546.730062135341
0.0 1307.0 163.0 784.0 3283.6988724361204
0.0 1437.0 94.0 499.0 1987.0722222228553
0.0 1318.0 146.0 811.0 3189.5403323747228
0.0 1464.0 80.0 466.0 1723.1555381784967
0.0 1280.0 166.0 925.0 3550.557337359475
0.0 1460.0 84.0 459.0 1765.3121144947984
0.0 1283.0 165.0 904.0 3522.395026428313
0.0 1377.0 118.0 680.0 2565.9095607164327
0.0 1413.0 102.0 563.0 2172.2992506352953
0.0 1326.0 137.0 878.0 3123.2512733773974
0.0 1432.0 90.0 538.0 2018.5016850385907
0.0 1298.0 167.0 801.0 3369.5718735786672
0.0 1456.0 81.0 483.0 1773.1287344965729
0.0 1440.0 92.0 503.0 1943.18792043407
0.0 1456.0 81.0 483.0 1773.1287344965729
0.0 1450.0 90.0 471.0 1854.40833775969
0.0 1450.0 90.0 471.0 1854.40833775969
0.0 1450.0 90.0 471.0 1854.40833775969
0.0 1318.0 160.0 756.0 3155.585272833016
0.0 1421.0 102.0 533.0 2127.095535102606
0.0 1450.0 90.0 471.0 1854.40833775969
0.0 1340.0 151.0 711.0 2950.02685909271
0.0 1391.0 113.0 620.0 2443.9773484569214
0.0 1450.0 90.0 471.0 1854.40833775969
0.0 1463.0 81.0 460.0 1728.1641088158444
0.0 1450.0 90.0 471.0 1854.40833775969
0.0 1377.0 118.0 680.0 2565.9095607164327
0.0 1391.0 113.0 620.0 2443.9773484569214
0.0 1413.0 102.0 563.0 2172.2992506352953
0.0 1346.0 130.0 782.0 2887.084312427316
0.0 1308.0 147.0 874.0 3303.2613598774774
0.0 1460.0 84.0 459.0 1765.3121144947984
0.0 1298.0 168.0 801.0 3356.159435283605
0.0 1400.0 111.0 595.0 2343.5799548018035
0.0 1400.0 111.0 595.0 2343.5799548018035
0.0 1400.0 111.0 595.0 2343.5799548018035
0.0 1308.0 147.0 874.0 3303.2613598774774
0.0 1403.0 101.0 644.0 2309.8246420105393
0.0 1298.0 168.0 801.0 3356.159435283605
0.0 1308.0 147.0 874.0 3303.2613598774774
0.0 1350.0 126.0 790.0 2863.848271695348
0.0 1376.0 115.0 714.0 2566.4297668331287
0.0 1413.0 102.0 563.0 2172.2992506352953
0.0 1413.0 102.0 563.0 2172.2992506352953
0.0 1405.0 108.0 585.0 2244.8709704718076
0.0 1363.0 134.0 680.0 2763.3199988296415
0.0 1440.0 88.0 531.0 1924.5287647354314
0.0 1427.0 97.0 522.0 2045.3759805027216
0.0 1427.0 97.0 522.0 2045.3759805027216
0.0 1355.0 125.0 768.0 2760.617222460714
0.0 1355.0 125.0 768.0 2760.617222460714
0.0 1363.0 134.0 680.0 2763.3199988296415
0.0 1379.0 121.0 664.0 2546.730062135341
0.0 1427.0 97.0 522.0 2045.3759805027216
0.0 1427.0 97.0 522.0 2045.3759805027216
0.0 1379.0 121.0 664.0 2546.730062135341
0.0 1440.0 88.0 531.0 1924.5287647354314
0.0 1405.0 105.0 589.0 2283.2287326877968
0.0 1427.0 97.0 522.0 2045.3759805027216
0.0 1422.0 94.0 569.0 2124.4254273413694
0.0 1280.0 166.0 925.0 3550.557337359475
0.0 1427.0 97.0 522.0 2045.3759805027216
0.0 1440.0 88.0 531.0 1924.5287647354314
0.0 1363.0 134.0 680.0 2763.3199988296415
0.0 1440.0 88.0 531.0 1924.5287647354314
0.0 1427.0 97.0 522.0 2045.3759805027216
0.0 1379.0 121.0 664.0 2546.730062135341
0.0 1427.0 97.0 522.0 2045.3759805027216
0.0 1338.0 139.0 760.0 2955.428990666148
0.0 1463.0 81.0 460.0 1728.1641088158444
0.0 1463.0 81.0 460.0 1728.1641088158444
0.0 1370.0 113.0 779.0 2677.3077519062604
0.0 1463.0 81.0 460.0 1728.1641088158444
0.0 1338.0 139.0 760.0 2955.428990666148
0.0 1463.0 81.0 460.0 1728.1641088158444
0.0 1405.0 105.0 589.0 2283.2287326877968
0.0 1463.0 81.0 460.0 1728.1641088158444
0.0 1405.0 105.0 589.0 2283.2287326877968
0.0 1338.0 139.0 760.0 2955.428990666148
0.0 1370.0 113.0 779.0 2677.3077519062604
0.0 1318.0 160.0 756.0 3155.585272833016
0.0 1370.0 113.0 779.0 2677.3077519062604
0.0 1463.0 81.0 460.0 1728.1641088158444
0.0 1308.0 147.0 887.0 3274.2844044510107
0.0 1370.0 113.0 779.0 2677.3077519062604
0.0 1463.0 81.0 460.0 1728.1641088158444
0.0 1463.0 81.0 460.0 1728.1641088158444
0.0 1296.0 170.0 803.0 3388.4193310122632
0.0 1437.0 94.0 499.0 1987.0722222228553
0.0 1455.0 86.0 468.0 1793.9082671594033
0.0 1437.0 94.0 499.0 1987.0722222228553
0.0 1437.0 94.0 499.0 1987.0722222228553
0.0 1455.0 86.0 468.0 1793.9082671594033
0.0 1298.0 167.0 801.0 3369.5718735786672
0.0 1437.0 94.0 499.0 1987.0722222228553
0.0 1437.0 94.0 499.0 1987.0722222228553
0.0 1437.0 94.0 499.0 1987.0722222228553
0.0 1403.0 101.0 644.0 2309.8246420105393
0.0 1403.0 101.0 644.0 2309.8246420105393
0.0 1437.0 94.0 499.0 1987.0722222228553
0.0 1331.0 145.0 750.0 3079.4432808497936
0.0 1340.0 151.0 711.0 2950.02685909271
0.0 1333.0 137.0 819.0 3015.2685112863487
0.0 1296.0 164.0 827.0 3391.346092446153
0.0 1367.0 120.0 724.0 2677.0219018756907
0.0 1318.0 160.0 756.0 3155.585272833016
0.0 1280.0 168.0 911.0 3551.1761873389028
0.0 1340.0 151.0 711.0 2950.02685909271
0.0 1340.0 151.0 711.0 2950.02685909271
0.0 1291.0 156.0 931.0 3463.8837155776446
0.0 1291.0 156.0 931.0 3463.8837155776446
0.0 1334.0 141.0 760.0 3040.6811294589406
0.0 1334.0 156.0 719.0 2996.084957140627
0.0 1291.0 156.0 931.0 3463.8837155776446
0.0 1452.0 86.0 478.0 1819.073334181384
0.0 1307.0 163.0 784.0 3283.6988724361204
0.0 1440.0 92.0 503.0 1943.18792043407
0.0 1326.0 153.0 738.0 3097.443006450934
0.0 1307.0 163.0 784.0 3283.6988724361204
0.0 1448.0 82.0 526.0 1883.6559598247238
0.0 1298.0 167.0 801.0 3369.5718735786672
0.0 1308.0 147.0 874.0 3303.2613598774774
0.0 1427.0 97.0 522.0 2045.3759805027216
0.0 1307.0 163.0 784.0 3283.6988724361204
0.0 1427.0 97.0 522.0 2045.3759805027216
0.0 1351.0 135.0 714.0 2873.263765913809
0.0 1394.0 112.0 616.0 2415.1789025451953
0.0 1400.0 103.0 654.0 2340.6288162275755
0.0 1394.0 112.0 616.0 2415.1789025451953
0.0 1404.0 101.0 634.0 2301.088335122532
0.0 1464.0 80.0 466.0 1723.1555381784967
0.0 1358.0 127.0 720.0 2738.3796170121627
0.0 1452.0 86.0 478.0 1819.073334181384
0.0 1370.0 119.0 715.0 2637.162580820282
0.0 1298.0 168.0 801.0 3356.159435283605
0.0 1448.0 82.0 526.0 1883.6559598247238
0.0 1415.0 104.0 551.0 2171.746537457567
0.0 1337.0 138.0 774.0 2963.053541876283
0.0 1415.0 104.0 551.0 2171.746537457567
0.0 1358.0 127.0 720.0 2738.3796170121627
0.0 1358.0 127.0 720.0 2738.3796170121627
0.0 1358.0 127.0 720.0 2738.3796170121627
0.0 1358.0 127.0 720.0 2738.3796170121627
0.0 1358.0 127.0 720.0 2738.3796170121627
0.0 1361.0 128.0 702.0 2748.945778991374
0.0 1405.0 108.0 585.0 2244.8709704718076
0.0 1405.0 105.0 589.0 2283.2287326877968
0.0 1432.0 90.0 538.0 2018.5016850385907
0.0 1338.0 139.0 760.0 2955.428990666148
0.0 1357.0 129.0 716.0 2747.1762110180202
0.0 1357.0 129.0 716.0 2747.1762110180202
0.0 1452.0 86.0 478.0 1819.073334181384
0.0 1338.0 139.0 760.0 2955.428990666148
0.0 1432.0 90.0 538.0 2018.5016850385907
0.0 1430.0 91.0 549.0 2007.1815901941086
0.0 1432.0 90.0 538.0 2018.5016850385907
0.0 1448.0 86.0 494.0 1877.9428170733838
0.0 1430.0 91.0 549.0 2007.1815901941086
0.0 1448.0 86.0 494.0 1877.9428170733838
0.0 1403.0 101.0 644.0 2309.8246420105393
0.0 1333.0 137.0 819.0 3015.2685112863487
0.0 1461.0 79.0 480.0 1737.5376882175049
0.0 1461.0 79.0 480.0 1737.5376882175049
0.0 1425.0 91.0 588.0 2086.607204514326
0.0 1421.0 102.0 533.0 2127.095535102606
0.0 1421.0 102.0 533.0 2127.095535102606
0.0 1421.0 102.0 533.0 2127.095535102606
0.0 1461.0 79.0 480.0 1737.5376882175049
0.0 1405.0 108.0 585.0 2244.8709704718076
0.0 1405.0 108.0 585.0 2244.8709704718076
0.0 1463.0 81.0 460.0 1728.1641088158444
0.0 1463.0 81.0 460.0 1728.1641088158444
0.0 1334.0 156.0 719.0 2996.084957140627
0.0 1456.0 81.0 483.0 1773.1287344965729
0.0 1376.0 115.0 714.0 2566.4297668331287
696.0 1233.0 202.0 1044.0 4045.3566672409825
