0.0 1337.0 138.0 789.0 2985.7347458458803
0.0 1463.0 80.0 468.0 1732.6773066345497
0.0 1286.0 165.0 894.0 3484.8600639021483
0.0 1369.0 128.0 690.0 2706.714369679101
0.0 1444.0 88.0 512.0 1929.5786551220299
0.0 1461.0 80.0 476.0 1738.6123843309113
0.0 1334.0 138.0 823.0 3003.2634603162837
0.0 1445.0 86.0 515.0 1924.318098697506
0.0 1293.0 157.0 906.0 3435.6180297134188
0.0 1330.0 155.0 740.0 3046.662228919809
0.0 1425.0 96.0 555.0 2107.935851219788
0.0 1280.0 169.0 921.0 3564.3788983080713
0.0 1461.0 80.0 476.0 1738.6123843309113
0.0 1392.0 113.0 642.0 2454.029607131277
0.0 1461.0 80.0 476.0 1738.6123843309113
0.0 1356.0 122.0 809.0 2806.690048108426
0.0 1371.0 128.0 685.0 2669.6705345889754
0.0 1427.0 100.0 532.0 2059.76210133632
0.0 1404.0 109.0 584.0 2280.1630652250356
0.0 1459.0 81.0 482.0 1760.7094280417002
0.0 1305.0 150.0 892.0 3301.115912460347
0.0 1372.0 119.0 714.0 2602.4600682768387
0.0 1375.0 122.0 700.0 2576.528110215911
0.0 1459.0 81.0 482.0 1760.7094280417002
0.0 1392.0 113.0 642.0 2454.029607131277
0.0 1379.0 118.0 698.0 2545.9601953094593
0.0 1359.0 127.0 727.0 2757.4165071863836
0.0 1406.0 101.0 629.0 2274.4656138518326
0.0 1431.0 91.0 558.0 2041.9704424937315
0.0 1436.0 94.0 531.0 1974.9048322655456
0.0 1305.0 149.0 911.0 3311.440451442393
0.0 1325.0 141.0 843.0 3115.6177426391305
0.0 1425.0 96.0 555.0 2107.935851219788
0.0 1463.0 80.0 468.0 1732.6773066345497
0.0 1458.0 85.0 465.0 1779.5685623236957
0.0 1311.0 154.0 805.0 3260.8611565688657
0.0 1427.0 96.0 544.0 2090.264991102534
0.0 1369.0 128.0 690.0 2706.714369679101
0.0 1357.0 126.0 745.0 2750.1485453317387
0.0 1300.0 169.0 791.0 3332.8269991430084
0.0 1333.0 153.0 736.0 3042.8034888601874
0.0 1392.0 113.0 642.0 2454.029607131277
0.0 1463.0 80.0 468.0 1732.6773066345497
0.0 1422.0 94.0 609.0 2128.6856490905743
0.0 1404.0 109.0 584.0 2280.1630652250356
0.0 1352.0 133.0 717.0 2876.073509855633
0.0 1304.0 150.0 899.0 3325.409494744359
0.0 1415.0 98.0 591.0 2248.099760397305
0.0 1352.0 133.0 717.0 2876.073509855633
0.0 1377.0 119.0 693.0 2598.802272297793
0.0 1404.0 109.0 584.0 2280.1630652250356
0.0 1295.0 162.0 856.0 3416.6819668479297
0.0 1379.0 112.0 741.0 2540.7649395484364
0.0 1404.0 109.0 584.0 2280.1630652250356
0.0 1452.0 84.0 490.0 1857.235039850608
0.0 1461.0 80.0 476.0 1738.6123843309113
0.0 1407.0 104.0 595.0 2248.144268336268
0.0 1452.0 81.0 517.0 1864.4936832777335
0.0 1374.0 124.0 681.0 2620.750106856921
0.0 1408.0 108.0 576.0 2262.2003868787992
0.0 1284.0 163.0 929.0 3494.1212126289383
0.0 1428.0 95.0 561.0 2060.4431219792373
0.0 1379.0 112.0 741.0 2540.7649395484364
0.0 1407.0 104.0 595.0 2248.144268336268
0.0 1459.0 78.0 507.0 1771.4298007275097
0.0 1395.0 107.0 664.0 2405.009781849826
0.0 1298.0 160.0 851.0 3391.470984363717
0.0 1306.0 166.0 787.0 3295.408325062513
0.0 1306.0 166.0 787.0 3295.408325062513
0.0 1331.0 141.0 802.0 3037.614361984952
0.0 1428.0 95.0 561.0 2060.4431219792373
0.0 1457.0 86.0 471.0 1785.8923948709696
0.0 1435.0 92.0 529.0 1997.037017536449
0.0 1377.0 119.0 693.0 2598.802272297793
0.0 1426.0 98.0 544.0 2082.7730475360954
0.0 1388.0 112.0 662.0 2483.6821357583717
0.0 1427.0 100.0 532.0 2059.76210133632
0.0 1402.0 109.0 599.0 2279.166050329287
0.0 1311.0 154.0 805.0 3260.8611565688657
0.0 1352.0 133.0 717.0 2876.073509855633
0.0 1404.0 109.0 584.0 2280.1630652250356
0.0 1459.0 81.0 482.0 1760.7094280417002
0.0 1423.0 97.0 562.0 2154.9156896115505
0.0 1398.0 110.0 618.0 2376.229764069241
0.0 1304.0 150.0 911.0 3321.294938254053
0.0 1389.0 117.0 640.0 2511.8952779105907
0.0 1459.0 80.0 490.0 1763.1824345899481
0.0 1404.0 109.0 584.0 2280.1630652250356
0.0 1409.0 103.0 602.0 2228.174880513765
0.0 1436.0 94.0 531.0 1974.9048322655456
0.0 1448.0 88.0 491.0 1898.2121481609051
0.0 1330.0 155.0 740.0 3046.662228919809
0.0 1388.0 112.0 662.0 2483.6821357583717
0.0 1392.0 113.0 642.0 2454.029607131277
0.0 1357.0 125.0 753.0 2760.705063736158
0.0 1371.0 123.0 708.0 2613.873288957526
0.0 1281.0 166.0 933.0 3529.978737100579
0.0 1362.0 133.0 700.0 2775.827525778554
0.0 1454.0 82.0 503.0 1819.6124904509195
0.0 1461.0 80.0 476.0 1738.6123843309113
0.0 1359.0 127.0 727.0 2757.4165071863836
0.0 1373.0 118.0 713.0 2603.7397991493117
0.0 1377.0 119.0 693.0 2598.802272297793
0.0 1434.0 87.0 571.0 2001.9813488936475
0.0 1391.0 110.0 672.0 2438.840226279437
0.0 1411.0 103.0 583.0 2225.518256827166
0.0 1409.0 100.0 618.0 2218.830438367859
0.0 1397.0 107.0 639.0 2403.53302920826
0.0 1379.0 112.0 741.0 2540.7649395484364
0.0 1409.0 100.0 618.0 2218.830438367859
0.0 1444.0 88.0 512.0 1929.5786551220299
0.0 1389.0 110.0 665.0 2474.0503314090265
0.0 1348.0 136.0 728.0 2902.9932440174393
0.0 1436.0 94.0 531.0 1974.9048322655456
0.0 1427.0 100.0 532.0 2059.76210133632
0.0 1350.0 128.0 786.0 2824.2720871977012
0.0 1330.0 155.0 740.0 3046.662228919809
0.0 1441.0 90.0 513.0 1980.4803073939559
0.0 1326.0 138.0 881.0 3124.883794856578
0.0 1407.0 98.0 678.0 2339.611683491459
0.0 1330.0 155.0 740.0 3046.662228919809
0.0 1448.0 88.0 491.0 1898.2121481609051
0.0 1436.0 94.0 531.0 1974.9048322655456
0.0 1311.0 156.0 790.0 3263.2451061780325
0.0 1350.0 135.0 724.0 2879.604119531641
0.0 1461.0 80.0 476.0 1738.6123843309113
0.0 1330.0 155.0 740.0 3046.662228919809
0.0 1463.0 80.0 468.0 1732.6773066345497
0.0 1435.0 88.0 550.0 2001.164196309712
0.0 1279.0 167.0 925.0 3562.7707178768446
0.0 1454.0 90.0 468.0 1820.0981247774882
0.0 1461.0 80.0 476.0 1738.6123843309113
0.0 1425.0 98.0 556.0 2105.342567080196
0.0 1463.0 80.0 468.0 1732.6773066345497
0.0 1385.0 113.0 676.0 2511.241965378327
0.0 1454.0 82.0 503.0 1819.6124904509195
0.0 1350.0 135.0 724.0 2879.604119531641
0.0 1429.0 94.0 549.0 2076.8094694998067
0.0 1415.0 98.0 591.0 2248.099760397305
0.0 1388.0 111.0 678.0 2489.2943556958653
0.0 1371.0 128.0 685.0 2669.6705345889754
0.0 1400.0 105.0 641.0 2347.2059651779327
0.0 1408.0 108.0 576.0 2262.2003868787992
0.0 1372.0 119.0 714.0 2602.4600682768387
0.0 1372.0 121.0 708.0 2611.659788594004
0.0 1326.0 138.0 881.0 3124.883794856578
0.0 1428.0 95.0 561.0 2060.4431219792373
0.0 1350.0 135.0 724.0 2879.604119531641
0.0 1356.0 122.0 809.0 2806.690048108426
0.0 1404.0 109.0 584.0 2280.1630652250356
0.0 1448.0 88.0 491.0 1898.2121481609051
0.0 1379.0 112.0 741.0 2540.7649395484364
0.0 1325.0 145.0 798.0 3124.693299712549
0.0 1311.0 156.0 790.0 3263.2451061780325
0.0 1350.0 135.0 724.0 2879.604119531641
0.0 1388.0 112.0 662.0 2483.6821357583717
0.0 1379.0 112.0 741.0 2540.7649395484364
0.0 1404.0 109.0 584.0 2280.1630652250356
0.0 1425.0 96.0 555.0 2107.935851219788
0.0 1299.0 169.0 804.0 3385.7840514180425
0.0 1357.0 125.0 753.0 2760.705063736158
0.0 1463.0 80.0 468.0 1732.6773066345497
0.0 1444.0 88.0 512.0 1929.5786551220299
0.0 1404.0 109.0 584.0 2280.1630652250356
0.0 1357.0 126.0 745.0 2750.1485453317387
0.0 1415.0 98.0 591.0 2248.099760397305
0.0 1452.0 86.0 480.0 1878.2079045327903
0.0 1322.0 146.0 788.0 3162.2123215291954
0.0 1328.0 147.0 773.0 3101.595787347627
0.0 1400.0 109.0 609.0 2346.911826183728
0.0 1354.0 128.0 754.0 2772.8908900959336
0.0 1442.0 89.0 516.0 1948.439237418444
0.0 1461.0 80.0 476.0 1738.6123843309113
0.0 1434.0 87.0 571.0 2001.9813488936475
0.0 1286.0 165.0 891.0 3494.42631946705
0.0 1359.0 127.0 727.0 2757.4165071863836
0.0 1409.0 100.0 618.0 2218.830438367859
0.0 1407.0 104.0 595.0 2248.144268336268
0.0 1348.0 136.0 728.0 2902.9932440174393
0.0 1454.0 90.0 468.0 1820.0981247774882
0.0 1397.0 109.0 626.0 2391.545542853747
0.0 1459.0 81.0 482.0 1760.7094280417002
0.0 1435.0 92.0 529.0 1997.037017536449
0.0 1397.0 107.0 639.0 2403.53302920826
0.0 1448.0 88.0 491.0 1898.2121481609051
0.0 1452.0 84.0 490.0 1857.235039850608
0.0 1325.0 145.0 798.0 3124.693299712549
0.0 1446.0 90.0 502.0 1869.6280826127543
0.0 1325.0 141.0 843.0 3115.6177426391305
0.0 1435.0 92.0 529.0 1997.037017536449
0.0 1295.0 162.0 856.0 3416.6819668479297
0.0 1306.0 166.0 787.0 3295.408325062513
0.0 1407.0 104.0 595.0 2248.144268336268
0.0 1433.0 89.0 559.0 1981.0614964601066
0.0 1395.0 107.0 664.0 2405.009781849826
0.0 1427.0 100.0 532.0 2059.76210133632
0.0 1413.0 98.0 612.0 2246.0123168864698
0.0 1311.0 154.0 805.0 3260.8611565688657
0.0 1441.0 90.0 513.0 1980.4803073939559
0.0 1404.0 109.0 584.0 2280.1630652250356
0.0 1356.0 122.0 809.0 2806.690048108426
0.0 1331.0 148.0 760.0 3072.809369031927
0.0 1369.0 118.0 753.0 2647.2724886256183
0.0 1350.0 135.0 724.0 2879.604119531641
0.0 1425.0 96.0 555.0 2107.935851219788
0.0 1280.0 169.0 921.0 3564.3788983080713
0.0 1440.0 93.0 513.0 1972.3976289863194
0.0 1300.0 169.0 791.0 3332.8269991430084
0.0 1407.0 104.0 595.0 2248.144268336268
0.0 1357.0 126.0 745.0 2750.1485453317387
0.0 1379.0 118.0 698.0 2545.9601953094593
0.0 1370.0 120.0 729.0 2610.9934726558977
0.0 1404.0 109.0 584.0 2280.1630652250356
0.0 1434.0 87.0 571.0 2001.9813488936475
0.0 1415.0 98.0 591.0 2248.099760397305
0.0 1352.0 133.0 717.0 2876.073509855633
0.0 1435.0 92.0 529.0 1997.037017536449
0.0 1311.0 156.0 790.0 3263.2451061780325
0.0 1337.0 138.0 789.0 2985.7347458458803
0.0 1337.0 138.0 789.0 2985.7347458458803
0.0 1415.0 98.0 591.0 2248.099760397305
0.0 1306.0 166.0 787.0 3295.408325062513
0.0 1450.0 90.0 485.0 1844.1766561127718
0.0 1454.0 82.0 503.0 1819.6124904509195
0.0 1322.0 152.0 776.0 3157.372846611075
0.0 1459.0 81.0 482.0 1760.7094280417002
0.0 1420.0 103.0 571.0 2145.256217666756
0.0 1388.0 112.0 662.0 2483.6821357583717
0.0 1293.0 157.0 906.0 3435.6180297134188
0.0 1379.0 112.0 741.0 2540.7649395484364
0.0 1409.0 103.0 602.0 2228.174880513765
0.0 1326.0 138.0 881.0 3124.883794856578
0.0 1330.0 155.0 740.0 3046.662228919809
0.0 1446.0 90.0 502.0 1869.6280826127543
0.0 1370.0 120.0 729.0 2610.9934726558977
0.0 1397.0 107.0 639.0 2403.53302920826
0.0 1334.0 151.0 737.0 3049.444191196105
0.0 1318.0 145.0 857.0 3192.9535029501417
0.0 1354.0 128.0 754.0 2772.8908900959336
0.0 1445.0 86.0 515.0 1924.318098697506
0.0 1339.0 143.0 762.0 2964.125479915157
0.0 1283.0 169.0 891.0 3530.7977563745903
0.0 1286.0 165.0 891.0 3494.42631946705
0.0 1279.0 167.0 925.0 3562.7707178768446
0.0 1369.0 128.0 690.0 2706.714369679101
0.0 1459.0 80.0 494.0 1755.5372166677403
0.0 1325.0 145.0 798.0 3124.693299712549
0.0 1454.0 90.0 468.0 1820.0981247774882
0.0 1333.0 153.0 736.0 3042.8034888601874
0.0 1451.0 82.0 524.0 1866.0783800842064
0.0 1331.0 141.0 802.0 3037.614361984952
0.0 1455.0 85.0 469.0 1837.4919399353205
0.0 1459.0 80.0 490.0 1763.1824345899481
0.0 1391.0 111.0 662.0 2442.3172999087997
0.0 1308.0 150.0 872.0 3296.2838116611165
0.0 1287.0 168.0 875.0 3461.571074640917
0.0 1459.0 80.0 494.0 1755.5372166677403
0.0 1354.0 128.0 754.0 2772.8908900959336
0.0 1425.0 96.0 555.0 2107.935851219788
0.0 1300.0 169.0 791.0 3332.8269991430084
0.0 1427.0 100.0 532.0 2059.76210133632
0.0 1450.0 90.0 485.0 1844.1766561127718
0.0 1454.0 90.0 468.0 1820.0981247774882
0.0 1311.0 154.0 805.0 3260.8611565688657
0.0 1337.0 138.0 789.0 2985.7347458458803
0.0 1463.0 80.0 468.0 1732.6773066345497
0.0 1404.0 109.0 584.0 2280.1630652250356
0.0 1377.0 119.0 693.0 2598.802272297793
0.0 1334.0 151.0 737.0 3049.444191196105
0.0 1456.0 88.0 467.0 1813.9522694346153
0.0 1359.0 127.0 727.0 2757.4165071863836
0.0 1379.0 112.0 741.0 2540.7649395484364
0.0 1406.0 101.0 629.0 2274.4656138518326
0.0 1369.0 122.0 721.0 2628.040391726724
0.0 1326.0 138.0 881.0 3124.883794856578
0.0 1461.0 80.0 476.0 1738.6123843309113
0.0 1370.0 120.0 729.0 2610.9934726558977
0.0 1433.0 93.0 550.0 2019.2416227212595
0.0 1452.0 84.0 490.0 1857.235039850608
0.0 1428.0 95.0 561.0 2060.4431219792373
0.0 1357.0 126.0 745.0 2750.1485453317387
0.0 1407.0 104.0 595.0 2248.144268336268
0.0 1409.0 100.0 618.0 2218.830438367859
0.0 1298.0 160.0 851.0 3391.470984363717
0.0 1322.0 152.0 776.0 3157.372846611075
0.0 1445.0 86.0 515.0 1924.318098697506
0.0 1292.0 158.0 897.0 3463.7766954373405
0.0 1279.0 167.0 925.0 3562.7707178768446
0.0 1415.0 98.0 591.0 2248.099760397305
0.0 1448.0 88.0 491.0 1898.2121481609051
0.0 1311.0 156.0 790.0 3263.2451061780325
0.0 1289.0 160.0 914.0 3473.046217366511
0.0 1297.0 168.0 819.0 3401.0082223075633
0.0 1337.0 138.0 796.0 2961.686509478293
0.0 1455.0 85.0 478.0 1792.5637824492494
0.0 1457.0 86.0 471.0 1785.8923948709696
0.0 1444.0 88.0 512.0 1929.5786551220299
0.0 1350.0 135.0 724.0 2879.604119531641
