0.0 1375.0 123.0 679.0 2574.050880713417
0.0 1416.0 94.0 612.0 2200.9613865219726
0.0 1464.0 79.0 472.0 1717.4767075975733
0.0 1430.0 101.0 502.0 2045.1170593939537
0.0 1403.0 111.0 578.0 2281.5329017409817
0.0 1400.0 109.0 598.0 2351.303030155944
0.0 1390.0 110.0 658.0 2447.5871006413404
0.0 1462.0 82.0 460.0 1744.943091087064
0.0 1430.0 101.0 502.0 2045.1170593939537
0.0 1388.0 120.0 620.0 2506.911304382206
0.0 1412.0 103.0 560.0 2187.6850457118767
0.0 1462.0 82.0 460.0 1744.943091087064
0.0 1400.0 109.0 598.0 2351.303030155944
0.0 1464.0 79.0 472.0 1717.4767075975733
0.0 1416.0 94.0 612.0 2200.9613865219726
0.0 1375.0 123.0 679.0 2574.050880713417
0.0 1354.0 124.0 796.0 2783.7777773806715
0.0 1319.0 164.0 730.0 3190.1481237112735
0.0 1403.0 102.0 634.0 2308.7731734505173
0.0 1416.0 94.0 612.0 2200.9613865219726
0.0 1388.0 120.0 620.0 2506.911304382206
0.0 1320.0 141.0 862.0 3167.816442886212
0.0 1462.0 82.0 460.0 1744.943091087064
0.0 1426.0 91.0 575.0 2087.7865102887527
0.0 1403.0 111.0 578.0 2281.5329017409817
0.0 1335.0 141.0 764.0 2986.465893915466
0.0 1294.0 158.0 880.0 3430.7468062653215
0.0 1412.0 103.0 560.0 2187.6850457118767
0.0 1306.0 153.0 844.0 3294.7293294677397
0.0 1464.0 79.0 472.0 1717.4767075975733
0.0 1319.0 164.0 730.0 3190.1481237112735
0.0 1416.0 94.0 612.0 2200.9613865219726
0.0 1298.0 168.0 797.0 3364.18823944534
0.0 1369.0 130.0 676.0 2676.834955793056
0.0 1382.0 115.0 676.0 2505.226207125063
0.0 1377.0 111.0 747.0 2615.9803195925524
0.0 1319.0 164.0 730.0 3190.1481237112735
0.0 1464.0 79.0 472.0 1717.4767075975733
0.0 1291.0 156.0 931.0 3463.8837155776446
0.0 1456.0 81.0 483.0 1773.1287344965729
0.0 1382.0 115.0 676.0 2505.226207125063
0.0 1333.0 150.0 734.0 3011.403060874822
0.0 1369.0 117.0 729.0 2635.091017391
0.0 1328.0 157.0 727.0 3101.87296094699
0.0 1333.0 137.0 820.0 3009.368471392312
0.0 1369.0 117.0 729.0 2635.091017391
0.0 1369.0 117.0 729.0 2635.091017391
0.0 1382.0 115.0 676.0 2505.226207125063
0.0 1369.0 117.0 729.0 2635.091017391
0.0 1382.0 115.0 676.0 2505.226207125063
0.0 1356.0 123.0 778.0 2761.367312125139
0.0 1285.0 168.0 867.0 3497.4711501003994
0.0 1285.0 168.0 867.0 3497.4711501003994
0.0 1456.0 81.0 483.0 1773.1287344965729
0.0 1285.0 168.0 867.0 3497.4711501003994
0.0 1317.0 148.0 796.0 3198.237610241353
0.0 1356.0 123.0 778.0 2761.367312125139
0.0 1317.0 148.0 796.0 3198.237610241353
0.0 1382.0 115.0 676.0 2505.226207125063
0.0 1382.0 115.0 676.0 2505.226207125063
0.0 1304.0 149.0 912.0 3316.11749885709
0.0 1317.0 148.0 796.0 3198.237610241353
0.0 1403.0 111.0 578.0 2281.5329017409817
0.0 1281.0 166.0 914.0 3543.34471383369
0.0 1317.0 148.0 796.0 3198.237610241353
0.0 1364.0 135.0 680.0 2747.0779039228983
0.0 1456.0 81.0 483.0 1773.1287344965729
0.0 1452.0 89.0 467.0 1831.0192132738914
0.0 1294.0 158.0 880.0 3430.7468062653215
0.0 1426.0 91.0 575.0 2087.7865102887527
0.0 1462.0 82.0 460.0 1744.943091087064
0.0 1377.0 111.0 747.0 2615.9803195925524
0.0 1336.0 137.0 792.0 2969.1259586945084
0.0 1446.0 88.0 494.0 1897.8410359187392
0.0 1460.0 80.0 471.0 1748.3330745037972
0.0 1456.0 89.0 456.0 1803.1654092579533
0.0 1393.0 112.0 616.0 2425.153825724972
0.0 1456.0 89.0 456.0 1803.1654092579533
0.0 1390.0 113.0 630.0 2454.8462442641367
0.0 1393.0 112.0 616.0 2425.153825724972
0.0 1393.0 112.0 616.0 2425.153825724972
0.0 1393.0 112.0 616.0 2425.153825724972
0.0 1460.0 85.0 457.0 1753.8040230616296
0.0 1423.0 98.0 535.0 2072.6125381056036
0.0 1460.0 80.0 471.0 1748.3330745037972
0.0 1464.0 79.0 472.0 1717.4767075975733
0.0 1416.0 94.0 612.0 2200.9613865219726
0.0 1388.0 120.0 620.0 2506.911304382206
0.0 1412.0 103.0 560.0 2187.6850457118767
0.0 1395.0 105.0 691.0 2377.036991956481
0.0 1423.0 98.0 535.0 2072.6125381056036
0.0 1421.0 90.0 619.0 2210.7214540658974
0.0 1440.0 91.0 509.0 1927.8218177034719
0.0 1435.0 85.0 560.0 1984.8531845295975
0.0 1320.0 141.0 862.0 3167.816442886212
0.0 1403.0 102.0 634.0 2308.7731734505173
0.0 1435.0 85.0 560.0 1984.8531845295975
0.0 1435.0 85.0 560.0 1984.8531845295975
0.0 1423.0 98.0 535.0 2072.6125381056036
0.0 1407.0 100.0 632.0 2245.4036203328887
0.0 1326.0 136.0 870.0 3128.4429010766607
0.0 1435.0 85.0 560.0 1984.8531845295975
0.0 1395.0 105.0 691.0 2377.036991956481
0.0 1367.0 131.0 678.0 2713.2052738991138
0.0 1367.0 131.0 678.0 2713.2052738991138
0.0 1369.0 117.0 729.0 2635.091017391
0.0 1440.0 91.0 509.0 1927.8218177034719
0.0 1369.0 117.0 729.0 2635.091017391
0.0 1369.0 117.0 729.0 2635.091017391
0.0 1395.0 105.0 691.0 2377.036991956481
0.0 1446.0 88.0 494.0 1897.8410359187392
0.0 1435.0 85.0 560.0 1984.8531845295975
0.0 1316.0 146.0 823.0 3236.724548971066
0.0 1435.0 85.0 560.0 1984.8531845295975
0.0 1298.0 168.0 797.0 3364.18823944534
0.0 1326.0 155.0 742.0 3075.558256536199
0.0 1446.0 88.0 494.0 1897.8410359187392
0.0 1347.0 146.0 710.0 2883.627400163344
0.0 1428.0 96.0 523.0 2031.7038994728628
0.0 1425.0 101.0 515.0 2118.4515440134473
0.0 1278.0 170.0 931.0 3582.840234794521
0.0 1278.0 170.0 931.0 3582.840234794521
0.0 1460.0 80.0 471.0 1748.3330745037972
0.0 1399.0 104.0 655.0 2353.7144666528984
0.0 1281.0 166.0 914.0 3543.34471383369
0.0 1451.0 83.0 495.0 1845.3233535838142
0.0 1464.0 79.0 472.0 1717.4767075975733
0.0 1428.0 96.0 523.0 2031.7038994728628
0.0 1460.0 80.0 471.0 1748.3330745037972
0.0 1460.0 80.0 471.0 1748.3330745037972
0.0 1450.0 82.0 509.0 1855.1546128420891
0.0 1438.0 88.0 523.0 1944.765019108621
0.0 1438.0 88.0 523.0 1944.765019108621
0.0 1281.0 166.0 914.0 3543.34471383369
0.0 1428.0 96.0 523.0 2031.7038994728628
0.0 1438.0 88.0 523.0 1944.765019108621
0.0 1428.0 96.0 523.0 2031.7038994728628
0.0 1450.0 82.0 509.0 1855.1546128420891
0.0 1428.0 96.0 523.0 2031.7038994728628
0.0 1438.0 88.0 523.0 1944.765019108621
0.0 1299.0 167.0 798.0 3333.709027397
0.0 1450.0 82.0 509.0 1855.1546128420891
0.0 1428.0 96.0 523.0 2031.7038994728628
0.0 1438.0 88.0 523.0 1944.765019108621
0.0 1356.0 123.0 778.0 2761.367312125139
0.0 1450.0 82.0 509.0 1855.1546128420891
0.0 1356.0 123.0 778.0 2761.367312125139
0.0 1460.0 80.0 471.0 1748.3330745037972
0.0 1291.0 156.0 931.0 3463.8837155776446
0.0 1460.0 85.0 457.0 1753.8040230616296
0.0 1433.0 99.0 500.0 1993.2223883574582
0.0 1456.0 89.0 456.0 1803.1654092579533
0.0 1433.0 99.0 500.0 1993.2223883574582
0.0 1433.0 99.0 500.0 1993.2223883574582
0.0 1406.0 104.0 589.0 2275.5068347953456
0.0 1456.0 79.0 506.0 1786.0276757909548
0.0 1328.0 145.0 762.0 3118.9873547196057
0.0 1433.0 99.0 500.0 1993.2223883574582
0.0 1375.0 117.0 708.0 2573.884156448581
0.0 1456.0 79.0 506.0 1786.0276757909548
0.0 1291.0 156.0 931.0 3463.8837155776446
0.0 1326.0 136.0 870.0 3128.4429010766607
0.0 1347.0 129.0 799.0 2892.531128199717
0.0 1337.0 138.0 774.0 2965.2231903599577
0.0 1326.0 155.0 742.0 3075.558256536199
0.0 1403.0 111.0 578.0 2281.5329017409817
0.0 1415.0 102.0 555.0 2166.3271133744684
0.0 1428.0 96.0 523.0 2031.7038994728628
0.0 1415.0 102.0 555.0 2166.3271133744684
0.0 1358.0 128.0 725.0 2734.0393438258902
0.0 1287.0 167.0 861.0 3468.4555989688224
0.0 1423.0 98.0 535.0 2072.6125381056036
0.0 1423.0 98.0 535.0 2072.6125381056036
0.0 1332.0 150.0 735.0 3033.9618871198804
0.0 1319.0 164.0 730.0 3190.1481237112735
0.0 1319.0 164.0 730.0 3190.1481237112735
0.0 1319.0 164.0 730.0 3190.1481237112735
0.0 1423.0 98.0 535.0 2072.6125381056036
0.0 1459.0 86.0 457.0 1766.0174035789994
0.0 1407.0 110.0 563.0 2259.838083316556
0.0 1383.0 111.0 705.0 2515.4058454527576
0.0 1392.0 112.0 620.0 2436.2554505644703
0.0 1296.0 163.0 831.0 3390.2713963327465
0.0 1359.0 125.0 733.0 2723.572431280583
0.0 1392.0 112.0 620.0 2436.2554505644703
0.0 1392.0 112.0 620.0 2436.2554505644703
0.0 1369.0 117.0 729.0 2635.091017391
0.0 1357.0 126.0 740.0 2745.808498754481
0.0 1291.0 156.0 931.0 3463.8837155776446
0.0 1390.0 113.0 630.0 2454.8462442641367
0.0 1460.0 85.0 457.0 1753.8040230616296
0.0 1390.0 113.0 630.0 2454.8462442641367
0.0 1356.0 123.0 778.0 2761.367312125139
0.0 1421.0 98.0 542.0 2132.867694703353
0.0 1407.0 100.0 632.0 2245.4036203328887
0.0 1304.0 149.0 912.0 3316.11749885709
0.0 1433.0 99.0 500.0 1993.2223883574582
0.0 1300.0 170.0 787.0 3358.139894877117
0.0 1433.0 99.0 500.0 1993.2223883574582
0.0 1421.0 90.0 619.0 2210.7214540658974
0.0 1464.0 79.0 472.0 1717.4767075975733
0.0 1403.0 111.0 578.0 2281.5329017409817
0.0 1421.0 90.0 619.0 2210.7214540658974
0.0 1403.0 111.0 578.0 2281.5329017409817
0.0 1464.0 79.0 472.0 1717.4767075975733
0.0 1333.0 150.0 734.0 3011.403060874822
0.0 1435.0 85.0 560.0 1984.8531845295975
0.0 1464.0 80.0 466.0 1723.1555381784967
0.0 1339.0 139.0 760.0 2940.8884657325207
0.0 1438.0 88.0 523.0 1944.765019108621
0.0 1464.0 80.0 466.0 1723.1555381784967
0.0 1352.0 134.0 711.0 2871.5217793232605
0.0 1352.0 134.0 711.0 2871.5217793232605
0.0 1333.0 150.0 734.0 3011.403060874822
0.0 1415.0 102.0 555.0 2166.3271133744684
0.0 1352.0 134.0 711.0 2871.5217793232605
0.0 1411.0 103.0 567.0 2195.6513155566286
0.0 1352.0 134.0 711.0 2871.5217793232605
0.0 1332.0 150.0 735.0 3033.9618871198804
0.0 1291.0 156.0 931.0 3463.8837155776446
0.0 1411.0 103.0 567.0 2195.6513155566286
0.0 1411.0 103.0 567.0 2195.6513155566286
0.0 1411.0 103.0 567.0 2195.6513155566286
0.0 1352.0 134.0 711.0 2871.5217793232605
0.0 1303.0 168.0 784.0 3296.6043709842156
0.0 1415.0 102.0 555.0 2166.3271133744684
0.0 1435.0 85.0 560.0 1984.8531845295975
0.0 1303.0 168.0 784.0 3296.6043709842156
0.0 1372.0 122.0 697.0 2597.2965046275376
0.0 1301.0 160.0 822.0 3353.258924747222
0.0 1400.0 109.0 598.0 2351.303030155944
0.0 1411.0 103.0 567.0 2195.6513155566286
0.0 1357.0 139.0 695.0 2807.67055134704
0.0 1358.0 128.0 725.0 2734.0393438258902
0.0 1372.0 122.0 697.0 2597.2965046275376
0.0 1451.0 83.0 495.0 1845.3233535838142
0.0 1317.0 148.0 796.0 3198.237610241353
0.0 1306.0 153.0 844.0 3294.7293294677397
0.0 1395.0 105.0 691.0 2377.036991956481
0.0 1369.0 130.0 676.0 2676.834955793056
0.0 1317.0 148.0 796.0 3198.237610241353
0.0 1390.0 113.0 630.0 2454.8462442641367
0.0 1452.0 89.0 467.0 1831.0192132738914
0.0 1336.0 137.0 792.0 2969.1259586945084
0.0 1407.0 110.0 563.0 2259.838083316556
0.0 1451.0 83.0 495.0 1845.3233535838142
0.0 1407.0 110.0 563.0 2259.838083316556
0.0 1452.0 89.0 467.0 1831.0192132738914
0.0 1438.0 88.0 523.0 1944.765019108621
0.0 1438.0 88.0 523.0 1944.765019108621
0.0 1435.0 85.0 560.0 1984.8531845295975
0.0 1435.0 85.0 560.0 1984.8531845295975
0.0 1359.0 125.0 733.0 2723.572431280583
0.0 1435.0 85.0 560.0 1984.8531845295975
0.0 1464.0 79.0 472.0 1717.4767075975733
0.0 1328.0 145.0 762.0 3118.9873547196057
0.0 1464.0 79.0 472.0 1717.4767075975733
0.0 1464.0 79.0 472.0 1717.4767075975733
0.0 1374.0 124.0 676.0 2600.4435370493698
0.0 1352.0 134.0 711.0 2871.5217793232605
0.0 1374.0 124.0 676.0 2600.4435370493698
0.0 1369.0 117.0 729.0 2635.091017391
0.0 1299.0 167.0 798.0 3333.709027397
0.0 1336.0 146.0 738.0 2980.9512268533144
0.0 1374.0 124.0 676.0 2600.4435370493698
0.0 1352.0 134.0 711.0 2871.5217793232605
0.0 1299.0 167.0 798.0 3333.709027397
0.0 1359.0 125.0 733.0 2723.572431280583
0.0 1336.0 146.0 738.0 2980.9512268533144
0.0 1359.0 125.0 733.0 2723.572431280583
0.0 1296.0 163.0 831.0 3390.2713963327465
0.0 1352.0 134.0 711.0 2871.5217793232605
0.0 1324.0 157.0 742.0 3096.3483741511527
0.0 1324.0 157.0 742.0 3096.3483741511527
0.0 1364.0 135.0 680.0 2747.0779039228983
0.0 1464.0 79.0 472.0 1717.4767075975733
0.0 1339.0 139.0 760.0 2940.8884657325207
0.0 1339.0 139.0 760.0 2940.8884657325207
0.0 1348.0 145.0 708.0 2884.319424499682
0.0 1452.0 89.0 467.0 1831.0192132738914
0.0 1452.0 89.0 467.0 1831.0192132738914
0.0 1452.0 89.0 467.0 1831.0192132738914
0.0 1392.0 112.0 620.0 2436.2554505644703
0.0 1337.0 138.0 774.0 2965.2231903599577
0.0 1319.0 164.0 730.0 3190.1481237112735
0.0 1411.0 103.0 567.0 2195.6513155566286
0.0 1406.0 104.0 589.0 2275.5068347953456
0.0 1406.0 104.0 589.0 2275.5068347953456
0.0 1400.0 109.0 598.0 2351.303030155944
0.0 1326.0 136.0 870.0 3128.4429010766607
0.0 1326.0 136.0 870.0 3128.4429010766607
0.0 1326.0 136.0 870.0 3128.4429010766607
0.0 1326.0 136.0 870.0 3128.4429010766607
0.0 1456.0 81.0 483.0 1773.1287344965729
0.0 1456.0 81.0 483.0 1773.1287344965729
0.0 1456.0 81.0 483.0 1773.1287344965729
0.0 1456.0 81.0 483.0 1773.1287344965729
0.0 1423.0 98.0 535.0 2072.6125381056036
0.0 1423.0 98.0 535.0 2072.6125381056036
659.0 1239.0 191.0 1019.0 4045.1315571499563
