0.0 1429.0 95.0 529.0 2038.356828956481
0.0 1348.0 136.0 728.0 2900.823595533765
0.0 1336.0 137.0 791.0 2988.2093474982807
0.0 1409.0 106.0 570.0 2218.591660506538
0.0 1371.0 122.0 707.0 2606.0328115155444
0.0 1389.0 113.0 638.0 2475.4835542667174
0.0 1462.0 80.0 470.0 1733.6239626388842
0.0 1429.0 95.0 529.0 2038.356828956481
0.0 1326.0 151.0 753.0 3124.0166306567053
0.0 1359.0 127.0 716.0 2727.2779921726647
0.0 1460.0 85.0 457.0 1753.8040230616296
0.0 1425.0 92.0 565.0 2066.7775147783177
0.0 1282.0 164.0 934.0 3513.8170052688397
0.0 1321.0 140.0 870.0 3158.6707690504104
0.0 1368.0 130.0 686.0 2690.0998048704473
0.0 1379.0 113.0 719.0 2545.599130368835
0.0 1419.0 101.0 545.0 2137.3020844128296
0.0 1394.0 111.0 616.0 2412.903385643137
0.0 1394.0 111.0 616.0 2412.903385643137
0.0 1318.0 162.0 756.0 3170.1973421761118
0.0 1329.0 148.0 747.0 3103.3199705282073
0.0 1400.0 104.0 651.0 2338.010180495085
0.0 1355.0 128.0 743.0 2778.898675044351
0.0 1321.0 140.0 870.0 3158.6707690504104
0.0 1306.0 149.0 876.0 3345.717451788951
0.0 1409.0 106.0 570.0 2218.591660506538
0.0 1394.0 111.0 616.0 2412.903385643137
0.0 1458.0 79.0 492.0 1782.4579160460842
0.0 1283.0 170.0 883.0 3517.8823442644607
0.0 1449.0 84.0 499.0 1864.1468763157627
0.0 1389.0 112.0 648.0 2463.3146143525382
0.0 1293.0 160.0 870.0 3439.776129303461
0.0 1336.0 137.0 791.0 2988.2093474982807
0.0 1440.0 86.0 539.0 1930.802535667339
0.0 1462.0 80.0 470.0 1733.6239626388842
0.0 1357.0 128.0 737.0 2750.7011830565675
0.0 1292.0 158.0 897.0 3459.2481532479565
0.0 1419.0 101.0 545.0 2137.3020844128296
0.0 1459.0 80.0 481.0 1757.0693813918044
0.0 1321.0 140.0 870.0 3158.6707690504104
0.0 1454.0 89.0 468.0 1826.6315870218243
0.0 1449.0 88.0 479.0 1891.161928485866
0.0 1371.0 122.0 707.0 2606.0328115155444
0.0 1351.0 127.0 803.0 2796.6273045339285
0.0 1321.0 140.0 870.0 3158.6707690504104
0.0 1394.0 111.0 616.0 2412.903385643137
0.0 1332.0 138.0 820.0 3017.0533097202974
0.0 1400.0 104.0 645.0 2340.4496175755066
0.0 1388.0 117.0 634.0 2492.28330867639
0.0 1429.0 95.0 529.0 2038.356828956481
0.0 1394.0 111.0 616.0 2412.903385643137
0.0 1351.0 134.0 723.0 2888.183618553938
0.0 1351.0 133.0 731.0 2879.4637045183235
0.0 1370.0 125.0 691.0 2642.521157115297
0.0 1297.0 161.0 841.0 3381.242073294607
0.0 1300.0 166.0 804.0 3323.6218115530587
0.0 1460.0 79.0 490.0 1748.443643589186
0.0 1394.0 111.0 616.0 2412.903385643137
0.0 1377.0 115.0 710.0 2566.4849981908224
0.0 1389.0 113.0 638.0 2475.4835542667174
0.0 1430.0 101.0 512.0 2044.105804502506
0.0 1309.0 152.0 838.0 3265.8049603934896
0.0 1459.0 80.0 481.0 1757.0693813918044
0.0 1329.0 148.0 747.0 3103.3199705282073
0.0 1419.0 101.0 545.0 2137.3020844128296
0.0 1377.0 115.0 710.0 2566.4849981908224
0.0 1404.0 108.0 589.0 2258.1793033594445
0.0 1404.0 108.0 589.0 2258.1793033594445
0.0 1404.0 108.0 589.0 2258.1793033594445
0.0 1389.0 113.0 638.0 2475.4835542667174
0.0 1356.0 122.0 808.0 2805.8548377649386
0.0 1298.0 162.0 827.0 3371.4478736007977
0.0 1379.0 110.0 764.0 2589.130347594942
0.0 1362.0 135.0 690.0 2775.788259259887
0.0 1370.0 123.0 707.0 2615.887298327204
0.0 1336.0 137.0 791.0 2988.2093474982807
0.0 1436.0 93.0 518.0 1946.2550927414468
0.0 1436.0 93.0 518.0 1946.2550927414468
0.0 1377.0 115.0 710.0 2566.4849981908224
0.0 1429.0 95.0 529.0 2038.356828956481
0.0 1453.0 84.0 487.0 1796.3563823402687
0.0 1326.0 151.0 753.0 3124.0166306567053
0.0 1291.0 157.0 923.0 3468.458673663402
0.0 1436.0 93.0 518.0 1946.2550927414468
0.0 1419.0 101.0 545.0 2137.3020844128296
0.0 1313.0 154.0 792.0 3239.615852550321
0.0 1377.0 115.0 710.0 2566.4849981908224
0.0 1282.0 164.0 934.0 3513.8170052688397
0.0 1453.0 84.0 487.0 1796.3563823402687
0.0 1453.0 84.0 487.0 1796.3563823402687
0.0 1348.0 136.0 728.0 2900.823595533765
0.0 1378.0 117.0 699.0 2548.0461840829626
0.0 1318.0 162.0 756.0 3170.1973421761118
0.0 1440.0 86.0 539.0 1930.802535667339
0.0 1436.0 93.0 518.0 1946.2550927414468
0.0 1300.0 166.0 804.0 3323.6218115530587
0.0 1362.0 135.0 690.0 2775.788259259887
0.0 1419.0 101.0 545.0 2137.3020844128296
0.0 1369.0 133.0 675.0 2717.5420189890865
0.0 1454.0 89.0 468.0 1826.6315870218243
0.0 1404.0 108.0 589.0 2258.1793033594445
0.0 1304.0 150.0 900.0 3321.716162898462
0.0 1300.0 166.0 804.0 3323.6218115530587
0.0 1459.0 80.0 481.0 1757.0693813918044
0.0 1400.0 104.0 645.0 2340.4496175755066
0.0 1343.0 145.0 726.0 2913.084381457475
0.0 1379.0 113.0 719.0 2545.599130368835
0.0 1407.0 108.0 573.0 2253.2729956360763
0.0 1377.0 115.0 710.0 2566.4849981908224
0.0 1343.0 145.0 726.0 2913.084381457475
0.0 1394.0 111.0 616.0 2412.903385643137
0.0 1407.0 108.0 573.0 2253.2729956360763
0.0 1318.0 162.0 756.0 3170.1973421761118
0.0 1309.0 155.0 814.0 3261.762567460841
0.0 1453.0 90.0 470.0 1832.9319469260488
0.0 1449.0 84.0 499.0 1864.1468763157627
0.0 1390.0 110.0 668.0 2448.5181328332446
0.0 1462.0 80.0 470.0 1733.6239626388842
0.0 1282.0 165.0 915.0 3529.5705903896323
0.0 1292.0 158.0 897.0 3459.2481532479565
0.0 1300.0 166.0 804.0 3323.6218115530587
0.0 1439.0 86.0 541.0 2001.048379235389
0.0 1335.0 141.0 770.0 2984.0635163995103
0.0 1367.0 130.0 690.0 2695.9029445651927
0.0 1419.0 101.0 545.0 2137.3020844128296
0.0 1287.0 165.0 882.0 3445.5417702274117
0.0 1369.0 133.0 675.0 2717.5420189890865
0.0 1439.0 86.0 541.0 2001.048379235389
0.0 1436.0 93.0 518.0 1946.2550927414468
0.0 1429.0 95.0 529.0 2038.356828956481
0.0 1394.0 111.0 616.0 2412.903385643137
0.0 1411.0 99.0 613.0 2213.4637562435014
0.0 1411.0 99.0 613.0 2213.4637562435014
0.0 1436.0 93.0 518.0 1946.2550927414468
0.0 1370.0 117.0 750.0 2634.3827813442654
0.0 1390.0 110.0 668.0 2448.5181328332446
0.0 1411.0 99.0 613.0 2213.4637562435014
0.0 1411.0 99.0 613.0 2213.4637562435014
0.0 1355.0 128.0 743.0 2778.898675044351
0.0 1343.0 145.0 726.0 2913.084381457475
0.0 1411.0 99.0 613.0 2213.4637562435014
0.0 1410.0 103.0 580.0 2217.041579248584
0.0 1436.0 93.0 518.0 1946.2550927414468
0.0 1403.0 104.0 617.0 2298.000396829563
0.0 1318.0 162.0 756.0 3170.1973421761118
0.0 1282.0 164.0 934.0 3513.8170052688397
0.0 1355.0 128.0 743.0 2778.898675044351
0.0 1429.0 95.0 529.0 2038.356828956481
0.0 1436.0 93.0 518.0 1946.2550927414468
0.0 1415.0 94.0 635.0 2209.230277720601
0.0 1419.0 101.0 545.0 2137.3020844128296
0.0 1377.0 115.0 710.0 2566.4849981908224
0.0 1459.0 80.0 481.0 1757.0693813918044
0.0 1362.0 135.0 690.0 2775.788259259887
0.0 1460.0 79.0 490.0 1748.443643589186
0.0 1335.0 141.0 770.0 2984.0635163995103
0.0 1353.0 126.0 787.0 2797.575230525639
0.0 1342.0 145.0 727.0 2928.986824966007
0.0 1436.0 93.0 518.0 1946.2550927414468
0.0 1400.0 104.0 645.0 2340.4496175755066
0.0 1394.0 111.0 616.0 2412.903385643137
0.0 1436.0 93.0 518.0 1946.2550927414468
0.0 1449.0 84.0 499.0 1864.1468763157627
0.0 1335.0 141.0 770.0 2984.0635163995103
0.0 1303.0 149.0 924.0 3341.910541595467
0.0 1355.0 128.0 743.0 2778.898675044351
0.0 1335.0 141.0 770.0 2984.0635163995103
0.0 1336.0 137.0 791.0 2988.2093474982807
0.0 1370.0 117.0 750.0 2634.3827813442654
0.0 1458.0 79.0 492.0 1782.4579160460842
0.0 1321.0 140.0 870.0 3158.6707690504104
0.0 1355.0 128.0 743.0 2778.898675044351
0.0 1386.0 117.0 648.0 2512.15829996836
0.0 1463.0 81.0 460.0 1732.6926510052285
0.0 1463.0 81.0 460.0 1732.6926510052285
0.0 1300.0 166.0 804.0 3323.6218115530587
0.0 1458.0 79.0 492.0 1782.4579160460842
0.0 1383.0 110.0 723.0 2520.703881461732
0.0 1321.0 140.0 870.0 3158.6707690504104
0.0 1321.0 140.0 870.0 3158.6707690504104
0.0 1436.0 93.0 518.0 1946.2550927414468
0.0 1371.0 122.0 707.0 2606.0328115155444
0.0 1343.0 145.0 726.0 2913.084381457475
0.0 1394.0 111.0 616.0 2412.903385643137
0.0 1370.0 117.0 750.0 2634.3827813442654
0.0 1386.0 117.0 648.0 2512.15829996836
0.0 1403.0 104.0 617.0 2298.000396829563
0.0 1463.0 81.0 460.0 1732.6926510052285
0.0 1436.0 93.0 518.0 1946.2550927414468
0.0 1336.0 137.0 791.0 2988.2093474982807
0.0 1351.0 134.0 723.0 2888.183618553938
0.0 1355.0 128.0 743.0 2778.898675044351
0.0 1463.0 81.0 460.0 1732.6926510052285
0.0 1409.0 106.0 570.0 2218.591660506538
0.0 1429.0 95.0 539.0 2021.4054705084257
0.0 1463.0 81.0 460.0 1732.6926510052285
0.0 1303.0 149.0 924.0 3341.910541595467
0.0 1353.0 126.0 787.0 2797.575230525639
0.0 1463.0 81.0 460.0 1732.6926510052285
0.0 1368.0 130.0 684.0 2719.6797685301253
0.0 1458.0 79.0 492.0 1782.4579160460842
0.0 1321.0 140.0 870.0 3158.6707690504104
0.0 1425.0 92.0 565.0 2066.7775147783177
0.0 1407.0 108.0 573.0 2253.2729956360763
0.0 1425.0 92.0 565.0 2066.7775147783177
0.0 1463.0 81.0 460.0 1732.6926510052285
0.0 1386.0 117.0 648.0 2512.15829996836
0.0 1370.0 123.0 707.0 2615.887298327204
0.0 1463.0 81.0 460.0 1732.6926510052285
0.0 1402.0 103.0 641.0 2314.890844606034
0.0 1355.0 128.0 743.0 2778.898675044351
0.0 1453.0 84.0 487.0 1796.3563823402687
0.0 1371.0 122.0 707.0 2606.0328115155444
0.0 1356.0 122.0 808.0 2805.8548377649386
0.0 1463.0 81.0 460.0 1732.6926510052285
0.0 1356.0 122.0 808.0 2805.8548377649386
0.0 1463.0 81.0 460.0 1732.6926510052285
0.0 1334.0 153.0 732.0 3028.901096099886
0.0 1453.0 84.0 487.0 1796.3563823402687
0.0 1425.0 92.0 565.0 2066.7775147783177
0.0 1425.0 92.0 565.0 2066.7775147783177
0.0 1463.0 81.0 460.0 1732.6926510052285
0.0 1425.0 92.0 565.0 2066.7775147783177
0.0 1383.0 110.0 723.0 2520.703881461732
0.0 1453.0 84.0 487.0 1796.3563823402687
0.0 1334.0 153.0 732.0 3028.901096099886
0.0 1463.0 81.0 460.0 1732.6926510052285
0.0 1463.0 81.0 460.0 1732.6926510052285
0.0 1335.0 141.0 770.0 2984.0635163995103
0.0 1436.0 93.0 518.0 1946.2550927414468
0.0 1404.0 108.0 589.0 2258.1793033594445
0.0 1298.0 162.0 827.0 3371.4478736007977
0.0 1383.0 110.0 723.0 2520.703881461732
0.0 1410.0 103.0 580.0 2217.041579248584
0.0 1425.0 92.0 565.0 2066.7775147783177
0.0 1404.0 108.0 589.0 2258.1793033594445
0.0 1463.0 81.0 460.0 1732.6926510052285
0.0 1425.0 92.0 565.0 2066.7775147783177
0.0 1425.0 92.0 565.0 2066.7775147783177
0.0 1370.0 123.0 707.0 2615.887298327204
0.0 1282.0 166.0 906.0 3540.234833591462
0.0 1378.0 117.0 699.0 2548.0461840829626
0.0 1448.0 83.0 516.0 1887.1330334540864
0.0 1439.0 86.0 541.0 2001.048379235389
0.0 1439.0 86.0 541.0 2001.048379235389
0.0 1463.0 81.0 460.0 1732.6926510052285
0.0 1372.0 129.0 679.0 2660.2263783486674
0.0 1410.0 103.0 580.0 2217.041579248584
0.0 1410.0 103.0 580.0 2217.041579248584
0.0 1298.0 169.0 801.0 3375.2200072039373
0.0 1410.0 103.0 580.0 2217.041579248584
0.0 1435.0 89.0 541.0 2013.9265994915954
0.0 1425.0 92.0 565.0 2066.7775147783177
0.0 1387.0 119.0 636.0 2520.1993418025854
0.0 1410.0 103.0 580.0 2217.041579248584
0.0 1313.0 154.0 792.0 3239.615852550321
0.0 1449.0 88.0 479.0 1891.161928485866
0.0 1343.0 145.0 726.0 2913.084381457475
0.0 1448.0 83.0 516.0 1887.1330334540864
0.0 1313.0 154.0 792.0 3239.615852550321
0.0 1362.0 135.0 690.0 2775.788259259887
0.0 1394.0 111.0 616.0 2412.903385643137
0.0 1298.0 162.0 827.0 3371.4478736007977
0.0 1425.0 92.0 565.0 2066.7775147783177
0.0 1457.0 82.0 475.0 1779.3699777531158
0.0 1448.0 83.0 516.0 1887.1330334540864
0.0 1313.0 154.0 792.0 3239.615852550321
0.0 1329.0 146.0 757.0 3099.4375576500133
0.0 1407.0 107.0 580.0 2232.4873952391386
0.0 1329.0 146.0 757.0 3099.4375576500133
0.0 1298.0 169.0 801.0 3375.2200072039373
0.0 1463.0 81.0 460.0 1732.6926510052285
0.0 1356.0 122.0 808.0 2805.8548377649386
0.0 1457.0 82.0 475.0 1779.3699777531158
0.0 1329.0 146.0 757.0 3099.4375576500133
0.0 1313.0 154.0 792.0 3239.615852550321
0.0 1448.0 83.0 516.0 1887.1330334540864
0.0 1356.0 122.0 808.0 2805.8548377649386
0.0 1329.0 146.0 757.0 3099.4375576500133
0.0 1282.0 166.0 906.0 3540.234833591462
0.0 1287.0 165.0 882.0 3445.5417702274117
0.0 1379.0 110.0 764.0 2589.130347594942
0.0 1313.0 154.0 792.0 3239.615852550321
0.0 1457.0 82.0 475.0 1779.3699777531158
0.0 1404.0 108.0 589.0 2258.1793033594445
0.0 1463.0 81.0 460.0 1732.6926510052285
0.0 1402.0 103.0 641.0 2314.890844606034
0.0 1457.0 82.0 475.0 1779.3699777531158
0.0 1425.0 92.0 565.0 2066.7775147783177
0.0 1425.0 92.0 565.0 2066.7775147783177
0.0 1410.0 103.0 580.0 2217.041579248584
0.0 1326.0 151.0 753.0 3124.0166306567053
0.0 1303.0 149.0 924.0 3341.910541595467
0.0 1448.0 83.0 516.0 1887.1330334540864
0.0 1423.0 98.0 548.0 2111.8111572467433
0.0 1298.0 169.0 801.0 3375.2200072039373
0.0 1448.0 83.0 516.0 1887.1330334540864
0.0 1282.0 166.0 906.0 3540.234833591462
0.0 1453.0 84.0 487.0 1796.3563823402687
0.0 1289.0 158.0 934.0 3490.243571412266
