0.0 1440.0 87.0 530.0 1959.304244102311
0.0 1404.0 105.0 603.0 2308.1247962830143
0.0 1411.0 105.0 564.0 2212.1481714698275
0.0 1376.0 116.0 708.0 2621.918216049633
0.0 1334.0 141.0 774.0 2995.2022008034737
0.0 1409.0 108.0 562.0 2243.88231266438
0.0 1460.0 79.0 497.0 1772.0446173382736
0.0 1352.0 133.0 723.0 2875.9702380365684
0.0 1461.0 79.0 492.0 1755.902872183433
0.0 1459.0 82.0 478.0 1755.1229930465136
0.0 1440.0 87.0 530.0 1959.304244102311
0.0 1404.0 108.0 589.0 2262.7449051132944
0.0 1392.0 112.0 638.0 2436.477612122856
0.0 1353.0 134.0 713.0 2874.0112477891284
0.0 1370.0 115.0 759.0 2655.3801327924407
0.0 1463.0 79.0 470.0 1725.9391243108992
0.0 1372.0 123.0 706.0 2624.384443935148
0.0 1404.0 108.0 589.0 2262.7449051132944
0.0 1411.0 105.0 564.0 2212.1481714698275
0.0 1353.0 134.0 713.0 2874.0112477891284
0.0 1327.0 145.0 781.0 3120.179433876276
0.0 1410.0 100.0 612.0 2213.831967785803
0.0 1320.0 161.0 754.0 3185.057952431795
0.0 1438.0 93.0 521.0 1990.8697039094272
0.0 1413.0 104.0 554.0 2213.832588645067
0.0 1335.0 136.0 809.0 2992.112115832832
0.0 1440.0 87.0 530.0 1959.304244102311
0.0 1367.0 129.0 689.0 2709.9869286086873
0.0 1461.0 80.0 482.0 1754.7219464101943
0.0 1389.0 116.0 634.0 2482.3917623002644
0.0 1410.0 100.0 612.0 2213.831967785803
0.0 1404.0 108.0 589.0 2262.7449051132944
0.0 1418.0 95.0 610.0 2187.6723069721943
0.0 1308.0 154.0 831.0 3283.97510519389
0.0 1367.0 129.0 689.0 2709.9869286086873
0.0 1350.0 133.0 742.0 2854.991433755174
0.0 1404.0 108.0 589.0 2262.7449051132944
0.0 1404.0 108.0 589.0 2262.7449051132944
0.0 1396.0 104.0 694.0 2417.178994776616
0.0 1410.0 100.0 612.0 2213.831967785803
0.0 1441.0 92.0 512.0 1942.7086095887455
0.0 1440.0 87.0 530.0 1959.304244102311
0.0 1340.0 145.0 733.0 2948.3448922128814
0.0 1289.0 158.0 934.0 3490.280630976732
0.0 1404.0 108.0 589.0 2262.7449051132944
0.0 1404.0 108.0 589.0 2262.7449051132944
0.0 1283.0 169.0 897.0 3538.1263969127144
0.0 1428.0 96.0 528.0 2039.7803893921348
0.0 1458.0 86.0 459.0 1785.2473929046191
0.0 1410.0 100.0 612.0 2213.831967785803
0.0 1418.0 95.0 610.0 2187.6723069721943
0.0 1359.0 126.0 729.0 2722.5145384747807
0.0 1458.0 86.0 459.0 1785.2473929046191
0.0 1462.0 81.0 476.0 1744.1052255838733
0.0 1418.0 99.0 580.0 2144.4932270696195
0.0 1448.0 90.0 491.0 1869.5220578299945
0.0 1364.0 132.0 686.0 2764.8819500010945
0.0 1337.0 148.0 736.0 2997.657820854978
0.0 1432.0 91.0 557.0 2035.7810312017873
0.0 1458.0 86.0 459.0 1785.2473929046191
0.0 1292.0 156.0 921.0 3452.9777602059635
0.0 1427.0 94.0 561.0 2090.7548964499188
0.0 1320.0 161.0 754.0 3185.057952431795
0.0 1462.0 81.0 476.0 1744.1052255838733
0.0 1414.0 101.0 582.0 2173.4954010652446
0.0 1353.0 134.0 713.0 2874.0112477891284
0.0 1355.0 124.0 775.0 2772.6974242273564
0.0 1411.0 105.0 564.0 2212.1481714698275
0.0 1461.0 82.0 466.0 1761.837659350023
0.0 1428.0 96.0 528.0 2039.7803893921348
0.0 1390.0 117.0 624.0 2489.8713091867853
0.0 1403.0 101.0 644.0 2309.8246420105393
0.0 1304.0 167.0 780.0 3312.617828287669
0.0 1355.0 124.0 775.0 2772.6974242273564
0.0 1359.0 126.0 726.0 2723.763858978837
0.0 1396.0 104.0 694.0 2417.178994776616
0.0 1323.0 151.0 767.0 3140.6254849468146
0.0 1438.0 87.0 562.0 1972.8975826677138
0.0 1424.0 99.0 538.0 2115.3766816660723
0.0 1384.0 117.0 666.0 2543.6274462136917
0.0 1448.0 90.0 491.0 1869.5220578299945
0.0 1373.0 119.0 706.0 2597.340487809687
0.0 1389.0 116.0 634.0 2482.3917623002644
0.0 1294.0 157.0 887.0 3442.827008031964
0.0 1359.0 126.0 729.0 2722.5145384747807
0.0 1337.0 148.0 736.0 2997.657820854978
0.0 1463.0 79.0 470.0 1725.9391243108992
0.0 1387.0 111.0 676.0 2486.7781447791226
0.0 1458.0 86.0 459.0 1785.2473929046191
0.0 1324.0 141.0 841.0 3111.1837398016805
0.0 1424.0 99.0 538.0 2115.3766816660723
0.0 1423.0 97.0 555.0 2100.4162626911366
0.0 1338.0 139.0 772.0 2955.2511992663067
0.0 1458.0 86.0 459.0 1785.2473929046191
0.0 1446.0 83.0 536.0 1911.3408974676247
0.0 1304.0 167.0 780.0 3312.617828287669
0.0 1408.0 107.0 578.0 2248.748381443353
0.0 1458.0 86.0 459.0 1785.2473929046191
0.0 1296.0 168.0 815.0 3404.35948355001
0.0 1438.0 87.0 562.0 1972.8975826677138
0.0 1308.0 161.0 799.0 3254.035086153018
0.0 1337.0 148.0 736.0 2997.657820854978
0.0 1355.0 124.0 775.0 2772.6974242273564
0.0 1440.0 87.0 530.0 1959.304244102311
0.0 1461.0 79.0 492.0 1755.902872183433
0.0 1458.0 86.0 459.0 1785.2473929046191
0.0 1396.0 104.0 694.0 2417.178994776616
0.0 1320.0 161.0 754.0 3185.057952431795
0.0 1454.0 84.0 478.0 1799.1380557715636
0.0 1454.0 84.0 478.0 1799.1380557715636
0.0 1424.0 99.0 538.0 2115.3766816660723
0.0 1410.0 100.0 612.0 2213.831967785803
0.0 1364.0 132.0 686.0 2764.8819500010945
0.0 1454.0 84.0 478.0 1799.1380557715636
0.0 1332.0 151.0 743.0 3035.1704757048537
0.0 1440.0 87.0 530.0 1959.304244102311
0.0 1284.0 165.0 899.0 3508.256412979464
0.0 1304.0 167.0 780.0 3312.617828287669
0.0 1404.0 108.0 589.0 2262.7449051132944
0.0 1359.0 126.0 729.0 2722.5145384747807
0.0 1448.0 90.0 491.0 1869.5220578299945
0.0 1305.0 148.0 914.0 3316.228735658558
0.0 1332.0 149.0 745.0 3076.2707372177256
0.0 1364.0 132.0 686.0 2764.8819500010945
0.0 1335.0 138.0 798.0 2976.578067990212
0.0 1428.0 96.0 528.0 2039.7803893921348
0.0 1353.0 134.0 713.0 2874.0112477891284
0.0 1455.0 85.0 470.0 1805.416358592572
0.0 1404.0 108.0 589.0 2262.7449051132944
0.0 1304.0 167.0 780.0 3312.617828287669
0.0 1418.0 95.0 610.0 2187.6723069721943
0.0 1454.0 84.0 478.0 1799.1380557715636
0.0 1424.0 99.0 538.0 2115.3766816660723
0.0 1368.0 115.0 765.0 2710.758885793201
0.0 1320.0 161.0 754.0 3185.057952431795
0.0 1454.0 84.0 478.0 1799.1380557715636
0.0 1285.0 163.0 917.0 3477.725332176089
0.0 1462.0 81.0 476.0 1744.1052255838733
0.0 1463.0 79.0 470.0 1725.9391243108992
0.0 1389.0 110.0 672.0 2467.954622047174
0.0 1389.0 116.0 634.0 2482.3917623002644
0.0 1324.0 141.0 841.0 3111.1837398016805
0.0 1308.0 154.0 831.0 3283.97510519389
0.0 1359.0 126.0 726.0 2723.763858978837
0.0 1370.0 115.0 759.0 2655.3801327924407
0.0 1424.0 99.0 538.0 2115.3766816660723
0.0 1454.0 84.0 478.0 1799.1380557715636
0.0 1288.0 165.0 874.0 3440.125739936898
0.0 1448.0 83.0 522.0 1884.7677155025958
0.0 1410.0 100.0 612.0 2213.831967785803
0.0 1348.0 135.0 749.0 2852.0585413327103
0.0 1432.0 92.0 549.0 2044.5727360072717
0.0 1434.0 94.0 528.0 2004.1970464670937
0.0 1404.0 108.0 589.0 2262.7449051132944
0.0 1461.0 81.0 474.0 1754.7372907808733
0.0 1367.0 129.0 689.0 2709.9869286086873
0.0 1368.0 115.0 765.0 2710.758885793201
0.0 1359.0 126.0 726.0 2723.763858978837
0.0 1424.0 99.0 538.0 2115.3766816660723
0.0 1432.0 92.0 549.0 2044.5727360072717
0.0 1389.0 116.0 634.0 2482.3917623002644
0.0 1301.0 151.0 929.0 3348.1568363758406
0.0 1458.0 86.0 459.0 1785.2473929046191
0.0 1452.0 82.0 506.0 1848.6239580690487
0.0 1359.0 126.0 726.0 2723.763858978837
0.0 1289.0 158.0 934.0 3490.280630976732
0.0 1376.0 116.0 708.0 2621.918216049633
0.0 1380.0 114.0 723.0 2544.627899303287
0.0 1458.0 86.0 459.0 1785.2473929046191
0.0 1427.0 94.0 561.0 2090.7548964499188
0.0 1372.0 122.0 712.0 2615.2723427317064
0.0 1404.0 105.0 603.0 2308.1247962830143
0.0 1324.0 139.0 860.0 3130.6218452788626
0.0 1389.0 116.0 634.0 2482.3917623002644
0.0 1462.0 81.0 476.0 1744.1052255838733
0.0 1287.0 165.0 881.0 3466.588970704585
0.0 1308.0 150.0 867.0 3272.8074281682216
0.0 1438.0 93.0 521.0 1990.8697039094272
0.0 1448.0 83.0 522.0 1884.7677155025958
0.0 1285.0 163.0 917.0 3477.725332176089
0.0 1372.0 120.0 714.0 2617.79573044572
0.0 1397.0 108.0 636.0 2370.282458996334
0.0 1452.0 82.0 506.0 1848.6239580690487
0.0 1388.0 109.0 685.0 2481.4792131513454
0.0 1454.0 84.0 478.0 1799.1380557715636
0.0 1432.0 92.0 549.0 2044.5727360072717
0.0 1332.0 149.0 745.0 3076.2707372177256
0.0 1404.0 108.0 589.0 2262.7449051132944
0.0 1359.0 126.0 726.0 2723.763858978837
0.0 1368.0 115.0 765.0 2710.758885793201
0.0 1315.0 151.0 811.0 3245.2558544446038
0.0 1432.0 92.0 549.0 2044.5727360072717
0.0 1449.0 86.0 493.0 1886.5730991786313
0.0 1320.0 161.0 754.0 3185.057952431795
0.0 1367.0 133.0 682.0 2721.821081343796
0.0 1397.0 108.0 636.0 2370.282458996334
0.0 1410.0 100.0 612.0 2213.831967785803
0.0 1462.0 80.0 478.0 1743.712719219448
0.0 1296.0 161.0 848.0 3405.572715143085
0.0 1304.0 167.0 780.0 3312.617828287669
0.0 1394.0 111.0 637.0 2415.292441974617
0.0 1332.0 149.0 745.0 3076.2707372177256
0.0 1389.0 110.0 672.0 2467.954622047174
0.0 1409.0 108.0 562.0 2243.88231266438
0.0 1440.0 87.0 530.0 1959.304244102311
0.0 1335.0 138.0 798.0 2976.578067990212
0.0 1320.0 161.0 754.0 3185.057952431795
0.0 1387.0 111.0 676.0 2486.7781447791226
0.0 1462.0 81.0 476.0 1744.1052255838733
0.0 1364.0 132.0 686.0 2764.8819500010945
0.0 1454.0 84.0 478.0 1799.1380557715636
0.0 1364.0 132.0 686.0 2764.8819500010945
0.0 1454.0 85.0 474.0 1811.9894412426852
0.0 1424.0 99.0 538.0 2115.3766816660723
0.0 1458.0 86.0 459.0 1785.2473929046191
0.0 1329.0 138.0 832.0 3084.898716540751
0.0 1304.0 167.0 780.0 3312.617828287669
0.0 1410.0 100.0 612.0 2213.831967785803
0.0 1391.0 112.0 648.0 2447.5500842722195
0.0 1304.0 149.0 914.0 3328.479175740393
0.0 1440.0 87.0 530.0 1959.304244102311
0.0 1304.0 167.0 780.0 3312.617828287669
0.0 1389.0 116.0 634.0 2482.3917623002644
0.0 1411.0 105.0 564.0 2212.1481714698275
0.0 1338.0 139.0 772.0 2955.2511992663067
0.0 1454.0 84.0 478.0 1799.1380557715636
0.0 1304.0 167.0 780.0 3312.617828287669
0.0 1458.0 86.0 459.0 1785.2473929046191
0.0 1397.0 108.0 636.0 2370.282458996334
0.0 1410.0 100.0 612.0 2213.831967785803
0.0 1461.0 80.0 482.0 1754.7219464101943
0.0 1334.0 141.0 774.0 2995.2022008034737
0.0 1364.0 132.0 686.0 2764.8819500010945
0.0 1406.0 113.0 574.0 2336.856938037459
0.0 1327.0 145.0 781.0 3120.179433876276
0.0 1324.0 141.0 840.0 3121.5153133093704
0.0 1355.0 124.0 775.0 2772.6974242273564
0.0 1335.0 137.0 806.0 2989.493480100342
0.0 1372.0 122.0 712.0 2615.2723427317064
0.0 1320.0 161.0 754.0 3185.057952431795
0.0 1332.0 149.0 745.0 3076.2707372177256
0.0 1451.0 85.0 484.0 1865.1526072108752
0.0 1294.0 157.0 887.0 3442.827008031964
0.0 1308.0 161.0 799.0 3254.035086153018
0.0 1359.0 126.0 726.0 2723.763858978837
0.0 1315.0 148.0 836.0 3229.9389158656213
0.0 1440.0 87.0 530.0 1959.304244102311
0.0 1359.0 126.0 729.0 2722.5145384747807
0.0 1328.0 136.0 881.0 3098.9999511442925
0.0 1304.0 167.0 780.0 3312.617828287669
0.0 1404.0 108.0 589.0 2262.7449051132944
0.0 1433.0 97.0 523.0 2017.4766191786869
0.0 1458.0 86.0 459.0 1785.2473929046191
0.0 1378.0 117.0 720.0 2538.0756552644266
0.0 1302.0 168.0 791.0 3316.9373761842094
0.0 1449.0 86.0 493.0 1886.5730991786313
0.0 1458.0 80.0 501.0 1772.430319603914
0.0 1389.0 116.0 634.0 2482.3917623002644
0.0 1368.0 115.0 765.0 2710.758885793201
0.0 1324.0 139.0 860.0 3130.6218452788626
0.0 1288.0 165.0 874.0 3440.125739936898
0.0 1282.0 166.0 918.0 3540.4944551661583
0.0 1391.0 112.0 648.0 2447.5500842722195
0.0 1338.0 139.0 772.0 2955.2511992663067
0.0 1432.0 92.0 549.0 2044.5727360072717
0.0 1454.0 84.0 478.0 1799.1380557715636
0.0 1423.0 97.0 555.0 2100.4162626911366
0.0 1389.0 116.0 634.0 2482.3917623002644
0.0 1397.0 108.0 636.0 2370.282458996334
0.0 1308.0 150.0 867.0 3272.8074281682216
0.0 1438.0 93.0 521.0 1990.8697039094272
0.0 1404.0 108.0 589.0 2262.7449051132944
0.0 1284.0 165.0 899.0 3508.256412979464
0.0 1456.0 81.0 495.0 1791.3644612492842
0.0 1422.0 98.0 564.0 2154.693226691094
0.0 1374.0 128.0 679.0 2656.805061188609
0.0 1304.0 167.0 780.0 3312.617828287669
0.0 1450.0 90.0 483.0 1850.1267362903823
0.0 1380.0 121.0 679.0 2578.939080777427
0.0 1337.0 148.0 736.0 2997.657820854978
0.0 1368.0 115.0 765.0 2710.758885793201
0.0 1449.0 86.0 493.0 1886.5730991786313
0.0 1296.0 161.0 848.0 3405.572715143085
0.0 1448.0 90.0 491.0 1869.5220578299945
0.0 1423.0 97.0 555.0 2100.4162626911366
0.0 1364.0 132.0 686.0 2764.8819500010945
0.0 1388.0 109.0 685.0 2481.4792131513454
0.0 1391.0 112.0 648.0 2447.5500842722195
0.0 1389.0 116.0 634.0 2482.3917623002644
0.0 1372.0 123.0 706.0 2624.384443935148
0.0 1432.0 91.0 557.0 2035.7810312017873
0.0 1332.0 149.0 745.0 3076.2707372177256
0.0 1338.0 139.0 772.0 2955.2511992663067
0.0 1433.0 91.0 553.0 2031.8251893372394
0.0 1328.0 136.0 881.0 3098.9999511442925
0.0 1409.0 108.0 562.0 2243.88231266438
0.0 1356.0 128.0 736.0 2754.6050927603396
