0.0 1337.0 140.0 778.0 2963.298930988053
0.0 1458.0 82.0 471.0 1768.268352913618
0.0 1413.0 101.0 572.0 2177.5839586464576
0.0 1336.0 136.0 817.0 2987.5308902665515
0.0 1337.0 140.0 778.0 2963.298930988053
0.0 1353.0 128.0 757.0 2800.943314819996
0.0 1458.0 81.0 481.0 1771.489469957314
0.0 1336.0 136.0 817.0 2987.5308902665515
0.0 1451.0 87.0 483.0 1817.3663568634959
0.0 1433.0 92.0 540.0 2010.5429287497018
0.0 1318.0 153.0 776.0 3192.2079192111155
0.0 1452.0 84.0 492.0 1821.1826955472081
0.0 1423.0 97.0 547.0 2110.6705308055457
0.0 1438.0 91.0 525.0 1968.5239456216932
0.0 1413.0 102.0 569.0 2192.9002953394975
0.0 1387.0 111.0 675.0 2492.641125108694
0.0 1354.0 125.0 786.0 2793.750240821233
0.0 1351.0 134.0 724.0 2871.9192812036554
0.0 1300.0 168.0 807.0 3353.0643022124036
0.0 1334.0 152.0 730.0 3027.2560230736003
0.0 1304.0 150.0 881.0 3355.5228483840015
0.0 1450.0 82.0 515.0 1852.7522353261331
0.0 1338.0 138.0 776.0 2956.346151636574
0.0 1353.0 127.0 771.0 2795.8770472342576
0.0 1292.0 157.0 917.0 3449.5239141299858
0.0 1391.0 112.0 630.0 2447.161405936152
0.0 1284.0 165.0 899.0 3508.256412979464
0.0 1336.0 136.0 817.0 2987.5308902665515
0.0 1461.0 80.0 480.0 1742.3602695268914
0.0 1463.0 79.0 479.0 1749.0918542719614
0.0 1458.0 82.0 471.0 1768.268352913618
0.0 1358.0 128.0 716.0 2739.4913726900345
0.0 1378.0 117.0 700.0 2543.508430612627
0.0 1366.0 122.0 749.0 2650.5339537609416
0.0 1310.0 161.0 793.0 3248.257924240603
0.0 1395.0 104.0 699.0 2403.2666932073257
0.0 1300.0 168.0 807.0 3353.0643022124036
0.0 1427.0 100.0 523.0 2104.047040545209
0.0 1458.0 81.0 481.0 1771.489469957314
0.0 1358.0 128.0 716.0 2739.4913726900345
0.0 1318.0 153.0 776.0 3192.2079192111155
0.0 1438.0 86.0 559.0 1987.787731321606
0.0 1294.0 163.0 849.0 3421.740542578078
0.0 1313.0 148.0 848.0 3249.279122939314
0.0 1322.0 142.0 856.0 3153.0913176319327
0.0 1450.0 82.0 515.0 1852.7522353261331
0.0 1366.0 122.0 749.0 2650.5339537609416
0.0 1329.0 146.0 763.0 3081.866925958218
0.0 1378.0 117.0 700.0 2543.508430612627
0.0 1400.0 109.0 604.0 2351.070301123662
0.0 1403.0 103.0 630.0 2309.8478695639237
0.0 1399.0 110.0 598.0 2358.987868483929
0.0 1351.0 134.0 724.0 2871.9192812036554
0.0 1463.0 79.0 479.0 1749.0918542719614
0.0 1342.0 135.0 779.0 2938.137679218101
0.0 1415.0 99.0 582.0 2169.99939987587
0.0 1415.0 99.0 582.0 2169.99939987587
0.0 1426.0 93.0 560.0 2105.0502782236017
0.0 1462.0 79.0 488.0 1747.6731845023892
0.0 1351.0 134.0 724.0 2871.9192812036554
0.0 1353.0 128.0 757.0 2800.943314819996
0.0 1403.0 103.0 630.0 2309.8478695639237
0.0 1358.0 128.0 716.0 2739.4913726900345
0.0 1450.0 82.0 515.0 1852.7522353261331
0.0 1451.0 87.0 483.0 1817.3663568634959
0.0 1455.0 81.0 493.0 1786.3935835739644
0.0 1420.0 93.0 654.0 2196.9504369877486
0.0 1438.0 86.0 559.0 1987.787731321606
0.0 1458.0 81.0 481.0 1771.489469957314
0.0 1460.0 84.0 465.0 1758.3172208803348
0.0 1403.0 103.0 630.0 2309.8478695639237
0.0 1296.0 168.0 827.0 3356.8146658245014
0.0 1428.0 97.0 528.0 2088.969335155048
0.0 1413.0 102.0 569.0 2192.9002953394975
0.0 1413.0 102.0 569.0 2192.9002953394975
0.0 1426.0 93.0 560.0 2105.0502782236017
0.0 1290.0 158.0 921.0 3472.913038615784
0.0 1351.0 134.0 724.0 2871.9192812036554
0.0 1413.0 101.0 572.0 2177.5839586464576
0.0 1334.0 140.0 772.0 3060.0945040180745
0.0 1408.0 104.0 587.0 2260.2757401250287
0.0 1443.0 89.0 508.0 1932.1361157762187
0.0 1433.0 92.0 540.0 2010.5429287497018
0.0 1318.0 153.0 776.0 3192.2079192111155
0.0 1451.0 87.0 483.0 1817.3663568634959
0.0 1450.0 82.0 515.0 1852.7522353261331
0.0 1450.0 82.0 515.0 1852.7522353261331
0.0 1411.0 101.0 590.0 2210.7569648991503
0.0 1391.0 112.0 630.0 2447.161405936152
0.0 1459.0 78.0 513.0 1771.936419934473
0.0 1375.0 117.0 713.0 2574.8048661096177
0.0 1329.0 146.0 763.0 3081.866925958218
0.0 1333.0 139.0 802.0 2997.797543992336
0.0 1351.0 134.0 724.0 2871.9192812036554
0.0 1463.0 79.0 479.0 1749.0918542719614
0.0 1411.0 101.0 590.0 2210.7569648991503
0.0 1301.0 151.0 919.0 3352.736595332033
0.0 1452.0 84.0 492.0 1821.1826955472081
0.0 1462.0 79.0 488.0 1747.6731845023892
0.0 1400.0 109.0 604.0 2351.070301123662
0.0 1403.0 103.0 630.0 2309.8478695639237
0.0 1296.0 162.0 841.0 3391.322864892768
0.0 1463.0 79.0 479.0 1749.0918542719614
0.0 1296.0 168.0 811.0 3392.728269032184
0.0 1451.0 87.0 483.0 1817.3663568634959
0.0 1452.0 84.0 492.0 1821.1826955472081
0.0 1413.0 101.0 572.0 2177.5839586464576
0.0 1358.0 128.0 716.0 2739.4913726900345
0.0 1411.0 101.0 590.0 2210.7569648991503
0.0 1375.0 123.0 681.0 2607.9579226320598
0.0 1443.0 89.0 508.0 1932.1361157762187
0.0 1375.0 123.0 681.0 2607.9579226320598
0.0 1375.0 123.0 681.0 2607.9579226320598
0.0 1318.0 153.0 776.0 3192.2079192111155
0.0 1400.0 104.0 651.0 2342.575782248935
0.0 1450.0 82.0 515.0 1852.7522353261331
0.0 1458.0 85.0 467.0 1789.8900479365414
0.0 1426.0 93.0 560.0 2105.0502782236017
0.0 1375.0 123.0 681.0 2607.9579226320598
0.0 1435.0 92.0 522.0 2026.6658057466714
0.0 1375.0 123.0 681.0 2607.9579226320598
0.0 1423.0 97.0 547.0 2110.6705308055457
0.0 1463.0 79.0 479.0 1749.0918542719614
0.0 1400.0 109.0 604.0 2351.070301123662
0.0 1351.0 127.0 803.0 2801.1558467233126
0.0 1304.0 150.0 881.0 3355.5228483840015
0.0 1443.0 89.0 508.0 1932.1361157762187
0.0 1402.0 106.0 613.0 2326.715589982681
0.0 1375.0 117.0 713.0 2574.8048661096177
0.0 1334.0 152.0 730.0 3027.2560230736003
0.0 1284.0 165.0 899.0 3508.256412979464
0.0 1451.0 87.0 483.0 1817.3663568634959
0.0 1354.0 125.0 786.0 2793.750240821233
0.0 1403.0 108.0 606.0 2279.9124842345764
0.0 1283.0 167.0 895.0 3532.198472953892
0.0 1378.0 117.0 700.0 2543.508430612627
0.0 1304.0 150.0 881.0 3355.5228483840015
0.0 1415.0 99.0 582.0 2169.99939987587
0.0 1375.0 117.0 713.0 2574.8048661096177
0.0 1415.0 99.0 582.0 2169.99939987587
0.0 1304.0 150.0 881.0 3355.5228483840015
0.0 1435.0 92.0 522.0 2026.6658057466714
0.0 1327.0 145.0 777.0 3134.3314105604554
0.0 1369.0 119.0 721.0 2667.9273785614705
0.0 1426.0 93.0 560.0 2105.0502782236017
0.0 1387.0 112.0 668.0 2482.9568766122266
0.0 1378.0 115.0 713.0 2539.4200564728585
0.0 1435.0 92.0 522.0 2026.6658057466714
0.0 1369.0 119.0 721.0 2667.9273785614705
0.0 1409.0 103.0 587.0 2241.335161532597
0.0 1426.0 93.0 560.0 2105.0502782236017
0.0 1329.0 146.0 763.0 3081.866925958218
0.0 1418.0 97.0 590.0 2178.5814848673426
0.0 1450.0 82.0 515.0 1852.7522353261331
0.0 1354.0 125.0 786.0 2793.750240821233
0.0 1334.0 152.0 730.0 3027.2560230736003
0.0 1322.0 142.0 856.0 3153.0913176319327
0.0 1438.0 91.0 525.0 1968.5239456216932
0.0 1327.0 145.0 777.0 3134.3314105604554
0.0 1463.0 79.0 479.0 1749.0918542719614
0.0 1391.0 112.0 630.0 2447.161405936152
0.0 1435.0 92.0 522.0 2026.6658057466714
0.0 1310.0 164.0 777.0 3246.353582762702
0.0 1333.0 137.0 832.0 3016.092447007677
0.0 1443.0 89.0 508.0 1932.1361157762187
0.0 1451.0 87.0 483.0 1817.3663568634959
0.0 1390.0 111.0 648.0 2451.064174270703
0.0 1351.0 134.0 724.0 2871.9192812036554
0.0 1390.0 111.0 648.0 2451.064174270703
0.0 1288.0 163.0 889.0 3449.900074101603
0.0 1458.0 81.0 481.0 1771.489469957314
0.0 1403.0 103.0 630.0 2309.8478695639237
0.0 1387.0 112.0 668.0 2482.9568766122266
0.0 1313.0 148.0 848.0 3249.279122939314
0.0 1426.0 93.0 560.0 2105.0502782236017
0.0 1458.0 85.0 467.0 1789.8900479365414
0.0 1327.0 145.0 777.0 3134.3314105604554
0.0 1351.0 127.0 803.0 2801.1558467233126
0.0 1462.0 79.0 488.0 1747.6731845023892
0.0 1390.0 111.0 648.0 2451.064174270703
0.0 1390.0 111.0 648.0 2451.064174270703
0.0 1284.0 165.0 899.0 3508.256412979464
0.0 1462.0 81.0 464.0 1743.8683949736574
0.0 1302.0 166.0 792.0 3343.7994043615595
0.0 1309.0 154.0 829.0 3247.3830080550524
0.0 1413.0 101.0 572.0 2177.5839586464576
0.0 1387.0 112.0 668.0 2482.9568766122266
0.0 1462.0 82.0 466.0 1743.0537570238516
0.0 1407.0 107.0 586.0 2226.1150383953754
0.0 1433.0 92.0 540.0 2010.5429287497018
0.0 1400.0 109.0 604.0 2351.070301123662
0.0 1390.0 111.0 648.0 2451.064174270703
0.0 1297.0 161.0 845.0 3390.7036393287594
0.0 1426.0 97.0 544.0 2091.5334496594423
0.0 1375.0 117.0 713.0 2574.8048661096177
0.0 1426.0 97.0 544.0 2091.5334496594423
0.0 1322.0 142.0 856.0 3153.0913176319327
0.0 1365.0 132.0 692.0 2737.3073976612404
0.0 1402.0 108.0 600.0 2324.7882798496225
0.0 1415.0 99.0 582.0 2169.99939987587
0.0 1399.0 110.0 598.0 2358.987868483929
0.0 1409.0 103.0 587.0 2241.335161532597
0.0 1290.0 158.0 921.0 3472.913038615784
0.0 1351.0 134.0 724.0 2871.9192812036554
0.0 1451.0 87.0 483.0 1817.3663568634959
0.0 1400.0 109.0 604.0 2351.070301123662
0.0 1411.0 101.0 590.0 2210.7569648991503
0.0 1353.0 128.0 757.0 2800.943314819996
0.0 1426.0 93.0 560.0 2105.0502782236017
0.0 1450.0 82.0 515.0 1852.7522353261331
0.0 1443.0 89.0 508.0 1932.1361157762187
0.0 1426.0 93.0 560.0 2105.0502782236017
0.0 1337.0 149.0 736.0 2999.752900841524
0.0 1443.0 89.0 508.0 1932.1361157762187
0.0 1369.0 119.0 721.0 2667.9273785614705
0.0 1443.0 89.0 508.0 1932.1361157762187
0.0 1329.0 144.0 778.0 3093.5204406602293
0.0 1459.0 78.0 513.0 1771.936419934473
0.0 1369.0 119.0 721.0 2667.9273785614705
0.0 1426.0 93.0 560.0 2105.0502782236017
0.0 1333.0 137.0 832.0 3016.092447007677
0.0 1334.0 152.0 730.0 3027.2560230736003
0.0 1458.0 82.0 471.0 1768.268352913618
0.0 1426.0 93.0 560.0 2105.0502782236017
0.0 1281.0 170.0 905.0 3546.4328614850906
0.0 1378.0 117.0 700.0 2543.508430612627
0.0 1438.0 86.0 559.0 1987.787731321606
0.0 1438.0 91.0 525.0 1968.5239456216932
0.0 1390.0 111.0 648.0 2451.064174270703
0.0 1403.0 103.0 630.0 2309.8478695639237
0.0 1402.0 108.0 600.0 2324.7882798496225
0.0 1435.0 92.0 522.0 2026.6658057466714
0.0 1427.0 100.0 523.0 2104.047040545209
0.0 1333.0 137.0 832.0 3016.092447007677
0.0 1281.0 170.0 905.0 3546.4328614850906
0.0 1443.0 89.0 508.0 1932.1361157762187
0.0 1369.0 119.0 721.0 2667.9273785614705
0.0 1322.0 142.0 856.0 3153.0913176319327
0.0 1387.0 112.0 668.0 2482.9568766122266
0.0 1426.0 97.0 544.0 2091.5334496594423
0.0 1375.0 117.0 713.0 2574.8048661096177
0.0 1409.0 103.0 587.0 2241.335161532597
0.0 1369.0 119.0 721.0 2667.9273785614705
0.0 1358.0 128.0 716.0 2739.4913726900345
0.0 1463.0 79.0 479.0 1749.0918542719614
0.0 1369.0 119.0 721.0 2667.9273785614705
0.0 1435.0 92.0 522.0 2026.6658057466714
0.0 1376.0 117.0 698.0 2580.6394837538087
0.0 1402.0 108.0 600.0 2324.7882798496225
0.0 1309.0 154.0 829.0 3247.3830080550524
0.0 1304.0 149.0 914.0 3333.1371751429942
0.0 1378.0 117.0 700.0 2543.508430612627
0.0 1337.0 140.0 778.0 2963.298930988053
0.0 1390.0 111.0 648.0 2451.064174270703
0.0 1289.0 158.0 933.0 3489.4083610687785
0.0 1297.0 161.0 845.0 3390.7036393287594
0.0 1438.0 91.0 525.0 1968.5239456216932
0.0 1304.0 150.0 881.0 3355.5228483840015
0.0 1354.0 125.0 786.0 2793.750240821233
0.0 1462.0 79.0 488.0 1747.6731845023892
0.0 1409.0 103.0 587.0 2241.335161532597
0.0 1435.0 92.0 522.0 2026.6658057466714
0.0 1390.0 111.0 648.0 2451.064174270703
0.0 1409.0 103.0 587.0 2241.335161532597
0.0 1369.0 119.0 721.0 2667.9273785614705
0.0 1439.0 93.0 518.0 1941.3324362572564
0.0 1318.0 153.0 776.0 3192.2079192111155
0.0 1426.0 93.0 560.0 2105.0502782236017
0.0 1288.0 163.0 889.0 3449.900074101603
0.0 1463.0 79.0 479.0 1749.0918542719614
0.0 1462.0 81.0 464.0 1743.8683949736574
0.0 1426.0 97.0 544.0 2091.5334496594423
0.0 1307.0 164.0 780.0 3282.6256249278795
0.0 1349.0 135.0 733.0 2907.384303279633
0.0 1324.0 156.0 758.0 3121.356639146771
0.0 1390.0 111.0 648.0 2451.064174270703
0.0 1312.0 157.0 800.0 3226.2980260647882
0.0 1329.0 146.0 763.0 3081.866925958218
0.0 1375.0 123.0 681.0 2607.9579226320598
0.0 1413.0 102.0 569.0 2192.9002953394975
0.0 1443.0 89.0 508.0 1932.1361157762187
0.0 1435.0 92.0 522.0 2026.6658057466714
0.0 1305.0 150.0 903.0 3299.120661758306
0.0 1452.0 84.0 492.0 1821.1826955472081
0.0 1358.0 128.0 716.0 2739.4913726900345
0.0 1281.0 170.0 905.0 3546.4328614850906
0.0 1367.0 130.0 690.0 2696.672887520561
0.0 1354.0 125.0 786.0 2793.750240821233
0.0 1409.0 102.0 610.0 2211.3602406675955
0.0 1352.0 135.0 713.0 2890.9196872735647
0.0 1387.0 112.0 668.0 2482.9568766122266
