0.0 1432.0 87.0 566.0 2011.239502081563
0.0 1357.0 123.0 774.0 2748.058979237501
0.0 1369.0 117.0 742.0 2649.221951375168
0.0 1337.0 146.0 725.0 2991.2122190426658
0.0 1332.0 142.0 749.0 3051.4711162876783
0.0 1421.0 94.0 575.0 2134.101796998557
0.0 1369.0 117.0 742.0 2649.221951375168
0.0 1309.0 153.0 837.0 3226.3731485302533
0.0 1440.0 89.0 518.0 1928.0462488481403
0.0 1380.0 120.0 653.0 2523.5893110286174
0.0 1440.0 89.0 518.0 1928.0462488481403
0.0 1435.0 100.0 493.0 2005.4472023414437
0.0 1357.0 123.0 774.0 2748.058979237501
0.0 1332.0 142.0 749.0 3051.4711162876783
0.0 1380.0 111.0 724.0 2536.5651387316675
0.0 1440.0 89.0 518.0 1928.0462488481403
0.0 1436.0 95.0 497.0 2007.1375630560183
0.0 1432.0 87.0 566.0 2011.239502081563
0.0 1431.0 101.0 504.0 2026.1275928134621
0.0 1432.0 87.0 566.0 2011.239502081563
0.0 1431.0 93.0 526.0 2006.4928886552157
0.0 1464.0 80.0 468.0 1728.7819648242755
0.0 1431.0 93.0 526.0 2006.4928886552157
0.0 1332.0 142.0 749.0 3051.4711162876783
0.0 1333.0 136.0 829.0 3011.7543780925207
0.0 1405.0 110.0 576.0 2268.3358056548122
0.0 1332.0 142.0 749.0 3051.4711162876783
0.0 1339.0 132.0 824.0 2997.373230277329
0.0 1431.0 93.0 526.0 2006.4928886552157
0.0 1313.0 155.0 787.0 3227.141709450608
0.0 1357.0 124.0 763.0 2744.007581632594
0.0 1357.0 123.0 774.0 2748.058979237501
0.0 1332.0 142.0 749.0 3051.4711162876783
0.0 1306.0 149.0 895.0 3285.4465033907804
0.0 1393.0 113.0 611.0 2432.3348850940647
0.0 1428.0 92.0 548.0 2049.970755120663
0.0 1282.0 164.0 937.0 3505.052432763763
0.0 1434.0 90.0 531.0 1989.5397838987305
0.0 1336.0 137.0 792.0 2969.1259586945084
0.0 1431.0 93.0 526.0 2006.4928886552157
0.0 1440.0 89.0 518.0 1928.0462488481403
0.0 1306.0 149.0 895.0 3285.4465033907804
0.0 1411.0 100.0 598.0 2186.766255706911
0.0 1454.0 79.0 520.0 1808.0723155665999
0.0 1313.0 155.0 787.0 3227.141709450608
0.0 1347.0 145.0 698.0 2905.3767318274568
0.0 1388.0 109.0 685.0 2481.4792131513454
0.0 1375.0 114.0 721.0 2575.426226108732
0.0 1461.0 79.0 484.0 1734.5875292623634
0.0 1388.0 109.0 685.0 2481.4792131513454
0.0 1462.0 80.0 470.0 1733.6239626388842
0.0 1319.0 149.0 783.0 3173.1845274327875
0.0 1463.0 81.0 462.0 1743.0511961825398
0.0 1451.0 90.0 467.0 1843.2696533557266
0.0 1454.0 79.0 520.0 1808.0723155665999
0.0 1284.0 167.0 877.0 3515.3031975426707
0.0 1375.0 114.0 721.0 2575.426226108732
0.0 1422.0 104.0 529.0 2093.9632592786247
0.0 1286.0 169.0 859.0 3495.8187769288043
0.0 1337.0 139.0 764.0 2966.5676750701114
0.0 1454.0 79.0 520.0 1808.0723155665999
0.0 1371.0 123.0 694.0 2617.830969227287
0.0 1321.0 157.0 749.0 3147.8866457135396
0.0 1393.0 113.0 611.0 2432.3348850940647
0.0 1380.0 111.0 724.0 2536.5651387316675
0.0 1405.0 108.0 582.0 2262.3232580618874
0.0 1421.0 94.0 575.0 2134.101796998557
0.0 1284.0 167.0 877.0 3515.3031975426707
0.0 1297.0 168.0 801.0 3383.954902579711
0.0 1321.0 157.0 749.0 3147.8866457135396
0.0 1463.0 81.0 462.0 1743.0511961825398
0.0 1464.0 80.0 468.0 1728.7819648242755
0.0 1421.0 94.0 575.0 2134.101796998557
0.0 1462.0 80.0 470.0 1733.6239626388842
0.0 1318.0 148.0 796.0 3166.506592440493
0.0 1464.0 80.0 468.0 1728.7819648242755
0.0 1375.0 114.0 721.0 2575.426226108732
0.0 1462.0 80.0 470.0 1733.6239626388842
0.0 1402.0 102.0 644.0 2319.679128822199
0.0 1375.0 114.0 721.0 2575.426226108732
0.0 1464.0 80.0 468.0 1728.7819648242755
0.0 1375.0 114.0 721.0 2575.426226108732
0.0 1297.0 168.0 801.0 3383.954902579711
0.0 1305.0 165.0 785.0 3278.2306774061603
0.0 1390.0 114.0 620.0 2456.1907289742903
0.0 1379.0 119.0 660.0 2540.6921078694263
0.0 1405.0 108.0 582.0 2262.3232580618874
0.0 1377.0 119.0 669.0 2565.82720245269
0.0 1379.0 119.0 660.0 2540.6921078694263
0.0 1318.0 148.0 796.0 3166.506592440493
0.0 1332.0 142.0 749.0 3051.4711162876783
0.0 1456.0 89.0 456.0 1798.6368670685692
0.0 1318.0 148.0 796.0 3166.506592440493
0.0 1298.0 161.0 831.0 3370.3361179229255
0.0 1362.0 135.0 684.0 2756.825004317388
0.0 1393.0 113.0 611.0 2432.3348850940647
0.0 1379.0 119.0 660.0 2540.6921078694263
0.0 1377.0 119.0 669.0 2565.82720245269
0.0 1379.0 119.0 660.0 2540.6921078694263
0.0 1332.0 142.0 749.0 3051.4711162876783
0.0 1362.0 135.0 684.0 2756.825004317388
0.0 1362.0 135.0 684.0 2756.825004317388
0.0 1332.0 142.0 749.0 3051.4711162876783
0.0 1337.0 146.0 725.0 2991.2122190426658
0.0 1297.0 168.0 801.0 3383.954902579711
0.0 1413.0 96.0 613.0 2228.3774931472135
0.0 1405.0 110.0 576.0 2268.3358056548122
0.0 1463.0 81.0 462.0 1743.0511961825398
0.0 1362.0 135.0 684.0 2756.825004317388
0.0 1332.0 142.0 749.0 3051.4711162876783
0.0 1447.0 90.0 486.0 1861.1245047570287
0.0 1463.0 81.0 462.0 1743.0511961825398
0.0 1405.0 105.0 589.0 2287.757274877181
0.0 1462.0 80.0 470.0 1733.6239626388842
0.0 1458.0 80.0 479.0 1754.3052117646243
0.0 1458.0 87.0 457.0 1778.2678436608344
0.0 1454.0 79.0 520.0 1808.0723155665999
0.0 1377.0 119.0 669.0 2565.82720245269
0.0 1377.0 119.0 669.0 2565.82720245269
0.0 1359.0 127.0 716.0 2727.2779921726647
0.0 1427.0 101.0 516.0 2067.297702260471
0.0 1411.0 106.0 560.0 2204.9917355517214
0.0 1411.0 106.0 560.0 2204.9917355517214
0.0 1413.0 96.0 613.0 2228.3774931472135
0.0 1400.0 108.0 608.0 2345.4300032564056
0.0 1414.0 101.0 563.0 2164.61441230731
0.0 1458.0 80.0 479.0 1754.3052117646243
0.0 1463.0 81.0 462.0 1743.0511961825398
0.0 1414.0 101.0 563.0 2164.61441230731
0.0 1323.0 138.0 870.0 3160.978374791208
0.0 1463.0 81.0 462.0 1743.0511961825398
0.0 1347.0 145.0 698.0 2905.3767318274568
0.0 1347.0 145.0 698.0 2905.3767318274568
0.0 1359.0 127.0 716.0 2727.2779921726647
0.0 1359.0 127.0 716.0 2727.2779921726647
0.0 1323.0 138.0 870.0 3160.978374791208
0.0 1347.0 145.0 698.0 2905.3767318274568
0.0 1309.0 153.0 837.0 3226.3731485302533
0.0 1436.0 95.0 497.0 2007.1375630560183
0.0 1414.0 101.0 563.0 2164.61441230731
0.0 1428.0 94.0 541.0 2023.6678406045996
0.0 1359.0 127.0 716.0 2727.2779921726647
0.0 1422.0 104.0 529.0 2093.9632592786247
0.0 1359.0 127.0 716.0 2727.2779921726647
0.0 1347.0 145.0 698.0 2905.3767318274568
0.0 1414.0 101.0 563.0 2164.61441230731
0.0 1447.0 90.0 486.0 1861.1245047570287
0.0 1406.0 104.0 589.0 2275.5068347953456
0.0 1414.0 101.0 563.0 2164.61441230731
0.0 1436.0 95.0 497.0 2007.1375630560183
0.0 1359.0 127.0 716.0 2727.2779921726647
0.0 1414.0 101.0 563.0 2164.61441230731
0.0 1428.0 94.0 541.0 2023.6678406045996
0.0 1359.0 127.0 716.0 2727.2779921726647
0.0 1458.0 80.0 479.0 1754.3052117646243
0.0 1279.0 167.0 931.0 3563.133611270606
0.0 1379.0 123.0 651.0 2556.97879664968
0.0 1414.0 101.0 563.0 2164.61441230731
0.0 1305.0 165.0 785.0 3278.2306774061603
0.0 1279.0 167.0 931.0 3563.133611270606
0.0 1305.0 165.0 785.0 3278.2306774061603
0.0 1379.0 123.0 651.0 2556.97879664968
0.0 1425.0 99.0 531.0 2067.520978195463
0.0 1463.0 81.0 462.0 1743.0511961825398
0.0 1425.0 99.0 531.0 2067.520978195463
0.0 1286.0 169.0 859.0 3495.8187769288043
0.0 1414.0 101.0 563.0 2164.61441230731
0.0 1337.0 146.0 725.0 2991.2122190426658
0.0 1300.0 166.0 793.0 3346.557027365087
0.0 1300.0 166.0 793.0 3346.557027365087
0.0 1394.0 111.0 616.0 2412.903385643137
0.0 1352.0 133.0 718.0 2859.9386297185674
0.0 1318.0 148.0 796.0 3166.506592440493
0.0 1452.0 85.0 482.0 1817.961578503512
0.0 1321.0 157.0 749.0 3147.8866457135396
0.0 1394.0 111.0 616.0 2412.903385643137
0.0 1290.0 157.0 932.0 3472.4037642491176
0.0 1436.0 95.0 497.0 2007.1375630560183
0.0 1411.0 100.0 598.0 2186.766255706911
0.0 1406.0 104.0 589.0 2275.5068347953456
0.0 1321.0 157.0 749.0 3147.8866457135396
0.0 1452.0 85.0 482.0 1817.961578503512
0.0 1300.0 166.0 793.0 3346.557027365087
0.0 1452.0 85.0 482.0 1817.961578503512
0.0 1456.0 89.0 456.0 1798.6368670685692
0.0 1369.0 117.0 742.0 2649.221951375168
0.0 1456.0 89.0 456.0 1798.6368670685692
0.0 1289.0 163.0 878.0 3431.3291459310403
0.0 1456.0 89.0 456.0 1798.6368670685692
0.0 1321.0 157.0 749.0 3147.8866457135396
0.0 1289.0 163.0 878.0 3431.3291459310403
0.0 1456.0 89.0 456.0 1798.6368670685692
0.0 1352.0 133.0 718.0 2859.9386297185674
0.0 1456.0 89.0 456.0 1798.6368670685692
0.0 1369.0 117.0 742.0 2649.221951375168
0.0 1409.0 100.0 615.0 2210.2040826771945
0.0 1328.0 137.0 844.0 3084.045031553336
0.0 1328.0 137.0 844.0 3084.045031553336
0.0 1451.0 90.0 467.0 1843.2696533557266
0.0 1394.0 111.0 616.0 2412.903385643137
0.0 1328.0 137.0 844.0 3084.045031553336
0.0 1346.0 130.0 789.0 2880.0969006333826
0.0 1352.0 133.0 718.0 2859.9386297185674
0.0 1394.0 111.0 616.0 2412.903385643137
0.0 1394.0 111.0 616.0 2412.903385643137
0.0 1414.0 101.0 563.0 2164.61441230731
0.0 1278.0 170.0 931.0 3582.840234794521
0.0 1299.0 151.0 912.0 3397.267316743596
0.0 1451.0 90.0 467.0 1843.2696533557266
0.0 1394.0 111.0 616.0 2412.903385643137
0.0 1299.0 151.0 912.0 3397.267316743596
0.0 1434.0 90.0 531.0 1989.5397838987305
0.0 1427.0 88.0 592.0 2095.8433392067204
0.0 1298.0 161.0 831.0 3370.3361179229255
0.0 1427.0 88.0 592.0 2095.8433392067204
0.0 1393.0 113.0 611.0 2432.3348850940647
0.0 1359.0 127.0 716.0 2727.2779921726647
0.0 1425.0 99.0 531.0 2067.520978195463
0.0 1300.0 166.0 793.0 3346.557027365087
0.0 1359.0 127.0 716.0 2727.2779921726647
0.0 1323.0 138.0 870.0 3160.978374791208
0.0 1352.0 126.0 785.0 2803.501598444393
0.0 1390.0 114.0 620.0 2456.1907289742903
0.0 1300.0 166.0 793.0 3346.557027365087
0.0 1436.0 95.0 497.0 2007.1375630560183
0.0 1436.0 95.0 497.0 2007.1375630560183
0.0 1278.0 170.0 931.0 3582.840234794521
0.0 1451.0 83.0 495.0 1845.3233535838142
0.0 1435.0 87.0 554.0 1978.1774186866069
0.0 1290.0 157.0 932.0 3472.4037642491176
0.0 1412.0 93.0 668.0 2299.821161643477
0.0 1412.0 93.0 668.0 2299.821161643477
0.0 1390.0 114.0 620.0 2456.1907289742903
0.0 1405.0 105.0 589.0 2287.757274877181
0.0 1390.0 114.0 620.0 2456.1907289742903
0.0 1286.0 169.0 859.0 3495.8187769288043
0.0 1390.0 114.0 620.0 2456.1907289742903
0.0 1390.0 114.0 620.0 2456.1907289742903
0.0 1390.0 114.0 620.0 2456.1907289742903
0.0 1412.0 93.0 668.0 2299.821161643477
0.0 1347.0 145.0 698.0 2905.3767318274568
0.0 1458.0 80.0 479.0 1754.3052117646243
0.0 1402.0 102.0 644.0 2319.679128822199
0.0 1458.0 80.0 479.0 1754.3052117646243
0.0 1347.0 145.0 698.0 2905.3767318274568
0.0 1458.0 80.0 479.0 1754.3052117646243
0.0 1440.0 89.0 518.0 1928.0462488481403
0.0 1435.0 87.0 554.0 1978.1774186866069
0.0 1347.0 145.0 698.0 2905.3767318274568
0.0 1431.0 93.0 526.0 2006.4928886552157
0.0 1451.0 83.0 495.0 1845.3233535838142
0.0 1431.0 93.0 526.0 2006.4928886552157
0.0 1346.0 130.0 789.0 2880.0969006333826
0.0 1346.0 130.0 789.0 2880.0969006333826
0.0 1347.0 145.0 698.0 2905.3767318274568
0.0 1449.0 82.0 516.0 1874.9196529367168
0.0 1451.0 83.0 495.0 1845.3233535838142
0.0 1359.0 127.0 716.0 2727.2779921726647
0.0 1412.0 93.0 668.0 2299.821161643477
0.0 1427.0 88.0 592.0 2095.8433392067204
0.0 1458.0 80.0 479.0 1754.3052117646243
0.0 1461.0 79.0 484.0 1734.5875292623634
0.0 1427.0 88.0 592.0 2095.8433392067204
0.0 1379.0 119.0 660.0 2540.6921078694263
0.0 1379.0 119.0 660.0 2540.6921078694263
0.0 1305.0 165.0 785.0 3278.2306774061603
0.0 1458.0 80.0 479.0 1754.3052117646243
0.0 1402.0 102.0 644.0 2319.679128822199
0.0 1462.0 81.0 466.0 1734.7357183167562
0.0 1284.0 167.0 877.0 3515.3031975426707
0.0 1422.0 104.0 529.0 2093.9632592786247
0.0 1402.0 102.0 644.0 2319.679128822199
0.0 1402.0 102.0 644.0 2319.679128822199
0.0 1405.0 110.0 576.0 2268.3358056548122
0.0 1458.0 80.0 479.0 1754.3052117646243
0.0 1422.0 104.0 529.0 2093.9632592786247
0.0 1422.0 104.0 529.0 2093.9632592786247
0.0 1458.0 80.0 479.0 1754.3052117646243
0.0 1432.0 87.0 566.0 2011.239502081563
0.0 1299.0 151.0 912.0 3397.267316743596
0.0 1337.0 139.0 764.0 2966.5676750701114
0.0 1299.0 151.0 912.0 3397.267316743596
0.0 1447.0 87.0 494.0 1885.6276554013696
0.0 1451.0 90.0 467.0 1843.2696533557266
0.0 1367.0 130.0 686.0 2683.409735716222
0.0 1449.0 82.0 516.0 1874.9196529367168
0.0 1432.0 87.0 566.0 2011.239502081563
0.0 1427.0 101.0 516.0 2067.297702260471
0.0 1411.0 106.0 560.0 2204.9917355517214
0.0 1411.0 106.0 560.0 2204.9917355517214
0.0 1435.0 87.0 554.0 1978.1774186866069
0.0 1371.0 123.0 694.0 2617.830969227287
0.0 1435.0 87.0 554.0 1978.1774186866069
0.0 1447.0 87.0 494.0 1885.6276554013696
0.0 1352.0 126.0 785.0 2803.501598444393
0.0 1380.0 111.0 724.0 2536.5651387316675
0.0 1405.0 108.0 582.0 2262.3232580618874
0.0 1461.0 79.0 484.0 1734.5875292623634
664.0 1245.0 189.0 1036.0 3916.4854288821034
787.0 1233.0 197.0 991.0 4054.3540428764686
