0.0 1411.0 101.0 595.0 2213.312906473595
0.0 1411.0 101.0 595.0 2213.312906473595
0.0 1442.0 90.0 515.0 1916.6705117380582
0.0 1284.0 164.0 906.0 3524.9946141487076
0.0 1337.0 147.0 743.0 2976.4273987478573
0.0 1294.0 169.0 821.0 3421.1178474737553
0.0 1406.0 106.0 597.0 2260.131551780064
0.0 1461.0 81.0 476.0 1750.1702158778219
0.0 1442.0 90.0 515.0 1916.6705117380582
0.0 1459.0 84.0 469.0 1774.1139046868993
0.0 1411.0 101.0 595.0 2213.312906473595
0.0 1373.0 120.0 714.0 2591.8443302366
0.0 1321.0 144.0 848.0 3148.6015898974615
0.0 1433.0 92.0 543.0 1989.3278550557557
0.0 1411.0 101.0 595.0 2213.312906473595
0.0 1422.0 101.0 534.0 2147.0958535878467
0.0 1291.0 157.0 923.0 3470.817567369112
0.0 1435.0 90.0 532.0 1993.9597627541275
0.0 1442.0 90.0 515.0 1916.6705117380582
0.0 1452.0 81.0 522.0 1849.9928006139983
0.0 1428.0 96.0 546.0 2035.589298099497
0.0 1377.0 115.0 739.0 2559.6891561925354
0.0 1337.0 146.0 748.0 2965.4305340161663
0.0 1303.0 149.0 925.0 3333.4850912180377
0.0 1430.0 96.0 534.0 2004.853775055161
0.0 1422.0 101.0 534.0 2147.0958535878467
0.0 1435.0 96.0 516.0 1979.6668403350966
0.0 1452.0 86.0 478.0 1819.073334181384
0.0 1362.0 134.0 694.0 2760.083180925549
0.0 1388.0 118.0 636.0 2514.813609171491
0.0 1375.0 122.0 681.0 2612.5041840900944
0.0 1411.0 101.0 595.0 2213.312906473595
0.0 1371.0 117.0 750.0 2657.814545130671
0.0 1285.0 166.0 879.0 3491.225873475193
0.0 1454.0 80.0 510.0 1811.5864487604276
0.0 1434.0 89.0 556.0 2029.4681668216365
0.0 1387.0 119.0 634.0 2519.101457346191
0.0 1422.0 101.0 534.0 2147.0958535878467
0.0 1422.0 101.0 534.0 2147.0958535878467
0.0 1293.0 160.0 872.0 3445.4025559492393
0.0 1386.0 111.0 685.0 2501.4144915611664
0.0 1422.0 101.0 534.0 2147.0958535878467
0.0 1389.0 111.0 661.0 2470.5964853330493
0.0 1357.0 128.0 726.0 2748.227679578042
0.0 1331.0 143.0 775.0 3071.6983243807617
0.0 1303.0 149.0 925.0 3333.4850912180377
0.0 1376.0 119.0 691.0 2599.3910038711424
0.0 1308.0 165.0 782.0 3264.5278725783296
0.0 1459.0 79.0 503.0 1772.504496840916
0.0 1461.0 81.0 476.0 1750.1702158778219
0.0 1461.0 81.0 476.0 1750.1702158778219
0.0 1304.0 151.0 892.0 3308.800750788332
0.0 1392.0 110.0 643.0 2446.7954981531425
0.0 1376.0 119.0 691.0 2599.3910038711424
0.0 1328.0 139.0 830.0 3086.008172416949
0.0 1328.0 155.0 742.0 3088.1774477116596
0.0 1307.0 162.0 793.0 3298.4151262793907
0.0 1357.0 128.0 726.0 2748.227679578042
0.0 1388.0 113.0 654.0 2483.987132122443
0.0 1356.0 124.0 768.0 2782.4210880833634
0.0 1433.0 92.0 543.0 1989.3278550557557
0.0 1460.0 85.0 465.0 1766.6352595874303
0.0 1428.0 91.0 572.0 2029.011912293023
0.0 1428.0 94.0 561.0 2025.619349210154
0.0 1428.0 94.0 561.0 2025.619349210154
0.0 1459.0 84.0 469.0 1774.1139046868993
0.0 1353.0 134.0 711.0 2872.9133633327338
0.0 1411.0 101.0 595.0 2213.312906473595
0.0 1413.0 102.0 573.0 2197.8333191842653
0.0 1357.0 128.0 726.0 2748.227679578042
0.0 1442.0 90.0 515.0 1916.6705117380582
0.0 1449.0 87.0 483.0 1885.5216306186098
0.0 1430.0 100.0 522.0 2031.6225980690663
0.0 1357.0 128.0 726.0 2748.227679578042
0.0 1332.0 139.0 812.0 3008.7034993640177
0.0 1422.0 101.0 534.0 2147.0958535878467
0.0 1411.0 101.0 595.0 2213.312906473595
0.0 1353.0 134.0 711.0 2872.9133633327338
0.0 1422.0 101.0 534.0 2147.0958535878467
0.0 1353.0 134.0 711.0 2872.9133633327338
0.0 1311.0 155.0 806.0 3260.1164535321473
0.0 1369.0 125.0 706.0 2635.726763514913
0.0 1392.0 109.0 663.0 2446.516286731378
0.0 1298.0 169.0 785.0 3363.839217273056
0.0 1336.0 138.0 788.0 2985.590711765791
0.0 1433.0 92.0 543.0 1989.3278550557557
0.0 1356.0 124.0 768.0 2782.4210880833634
0.0 1406.0 106.0 597.0 2260.131551780064
0.0 1293.0 170.0 833.0 3423.874959803154
0.0 1454.0 83.0 480.0 1829.550102207707
0.0 1459.0 84.0 469.0 1774.1139046868993
0.0 1442.0 90.0 515.0 1916.6705117380582
0.0 1411.0 101.0 595.0 2213.312906473595
0.0 1303.0 149.0 925.0 3333.4850912180377
0.0 1429.0 100.0 525.0 2050.5308271527256
0.0 1456.0 80.0 502.0 1805.577251935135
0.0 1337.0 146.0 748.0 2965.4305340161663
0.0 1391.0 107.0 690.0 2497.5599568964017
0.0 1357.0 128.0 726.0 2748.227679578042
0.0 1357.0 128.0 726.0 2748.227679578042
0.0 1433.0 88.0 590.0 1997.2727132397117
0.0 1428.0 96.0 546.0 2035.589298099497
0.0 1306.0 158.0 818.0 3302.9358443141637
0.0 1428.0 94.0 561.0 2025.619349210154
0.0 1422.0 101.0 534.0 2147.0958535878467
0.0 1293.0 170.0 833.0 3423.874959803154
0.0 1293.0 159.0 882.0 3448.5866134284706
0.0 1462.0 78.0 489.0 1759.246767062068
0.0 1402.0 109.0 608.0 2302.9380204853596
0.0 1353.0 134.0 711.0 2872.9133633327338
0.0 1442.0 90.0 515.0 1916.6705117380582
0.0 1336.0 138.0 788.0 2985.590711765791
0.0 1406.0 106.0 597.0 2260.131551780064
0.0 1408.0 100.0 629.0 2230.5716040830275
0.0 1454.0 83.0 480.0 1829.550102207707
0.0 1406.0 106.0 597.0 2260.131551780064
0.0 1331.0 143.0 775.0 3071.6983243807617
0.0 1462.0 80.0 474.0 1740.3542617798291
0.0 1403.0 109.0 601.0 2303.36999514554
0.0 1371.0 122.0 707.0 2608.202459999219
0.0 1433.0 92.0 543.0 1989.3278550557557
0.0 1369.0 125.0 706.0 2635.726763514913
0.0 1405.0 102.0 626.0 2297.7447871402887
0.0 1303.0 149.0 925.0 3333.4850912180377
0.0 1356.0 124.0 768.0 2782.4210880833634
0.0 1437.0 97.0 506.0 1990.319359529993
0.0 1398.0 109.0 627.0 2378.6156707694495
0.0 1430.0 100.0 522.0 2031.6225980690663
0.0 1442.0 90.0 515.0 1916.6705117380582
0.0 1459.0 79.0 503.0 1772.504496840916
0.0 1357.0 128.0 726.0 2748.227679578042
0.0 1402.0 109.0 608.0 2302.9380204853596
0.0 1353.0 134.0 711.0 2872.9133633327338
0.0 1345.0 143.0 723.0 2900.010865851939
0.0 1420.0 93.0 619.0 2172.1011480456104
0.0 1323.0 147.0 797.0 3146.143640274406
0.0 1377.0 119.0 695.0 2564.102402870757
0.0 1437.0 97.0 506.0 1990.319359529993
0.0 1329.0 136.0 873.0 3106.81895480986
0.0 1376.0 119.0 691.0 2599.3910038711424
0.0 1459.0 81.0 486.0 1755.0705891113691
0.0 1355.0 125.0 773.0 2764.994328602436
0.0 1376.0 119.0 691.0 2599.3910038711424
0.0 1428.0 94.0 561.0 2025.619349210154
0.0 1308.0 165.0 782.0 3264.5278725783296
0.0 1357.0 128.0 726.0 2748.227679578042
0.0 1308.0 165.0 782.0 3264.5278725783296
0.0 1461.0 81.0 476.0 1750.1702158778219
0.0 1305.0 166.0 789.0 3293.9575041318244
0.0 1298.0 167.0 809.0 3384.9308727117514
0.0 1353.0 126.0 793.0 2780.2061593179355
0.0 1311.0 155.0 806.0 3260.1164535321473
0.0 1308.0 165.0 782.0 3264.5278725783296
0.0 1449.0 87.0 483.0 1885.5216306186098
0.0 1353.0 134.0 711.0 2872.9133633327338
0.0 1405.0 102.0 626.0 2297.7447871402887
0.0 1389.0 111.0 661.0 2470.5964853330493
0.0 1421.0 98.0 575.0 2118.465456052968
0.0 1459.0 79.0 503.0 1772.504496840916
0.0 1315.0 153.0 811.0 3205.9430242708654
0.0 1459.0 81.0 486.0 1755.0705891113691
0.0 1360.0 124.0 740.0 2750.5226652658994
0.0 1428.0 94.0 561.0 2025.619349210154
0.0 1298.0 169.0 785.0 3363.839217273056
0.0 1422.0 101.0 534.0 2147.0958535878467
0.0 1459.0 85.0 469.0 1763.0519002531792
0.0 1337.0 147.0 743.0 2976.4273987478573
0.0 1328.0 155.0 742.0 3088.1774477116596
0.0 1308.0 165.0 782.0 3264.5278725783296
0.0 1323.0 157.0 764.0 3137.648752332846
0.0 1357.0 128.0 726.0 2748.227679578042
0.0 1388.0 118.0 636.0 2514.813609171491
0.0 1434.0 89.0 556.0 2029.4681668216365
0.0 1332.0 151.0 747.0 3036.0965897335896
0.0 1295.0 158.0 870.0 3419.84085089364
0.0 1435.0 90.0 532.0 1993.9597627541275
0.0 1328.0 139.0 830.0 3086.008172416949
0.0 1362.0 134.0 694.0 2760.083180925549
0.0 1285.0 166.0 879.0 3491.225873475193
0.0 1376.0 119.0 691.0 2599.3910038711424
0.0 1385.0 115.0 677.0 2497.111845629906
0.0 1319.0 146.0 831.0 3197.08031203922
0.0 1461.0 81.0 476.0 1750.1702158778219
0.0 1413.0 102.0 573.0 2197.8333191842653
0.0 1437.0 97.0 506.0 1990.319359529993
0.0 1406.0 106.0 597.0 2260.131551780064
0.0 1368.0 130.0 686.0 2685.571262681063
0.0 1461.0 81.0 476.0 1750.1702158778219
0.0 1397.0 108.0 648.0 2366.9241041435303
0.0 1397.0 108.0 648.0 2366.9241041435303
0.0 1332.0 151.0 747.0 3036.0965897335896
0.0 1402.0 109.0 608.0 2302.9380204853596
0.0 1328.0 155.0 742.0 3088.1774477116596
0.0 1357.0 128.0 726.0 2748.227679578042
0.0 1336.0 138.0 788.0 2985.590711765791
0.0 1406.0 106.0 597.0 2260.131551780064
0.0 1387.0 119.0 634.0 2519.101457346191
0.0 1442.0 90.0 515.0 1916.6705117380582
0.0 1449.0 87.0 483.0 1885.5216306186098
0.0 1353.0 134.0 711.0 2872.9133633327338
0.0 1449.0 87.0 487.0 1880.2443569337413
0.0 1323.0 147.0 797.0 3146.143640274406
0.0 1377.0 119.0 695.0 2564.102402870757
0.0 1307.0 162.0 793.0 3298.4151262793907
0.0 1433.0 92.0 543.0 1989.3278550557557
0.0 1422.0 101.0 534.0 2147.0958535878467
0.0 1428.0 94.0 561.0 2025.619349210154
0.0 1291.0 157.0 923.0 3470.817567369112
0.0 1430.0 96.0 534.0 2004.853775055161
0.0 1449.0 87.0 487.0 1880.2443569337413
0.0 1459.0 79.0 503.0 1772.504496840916
0.0 1355.0 125.0 773.0 2764.994328602436
0.0 1402.0 109.0 608.0 2302.9380204853596
0.0 1332.0 151.0 747.0 3036.0965897335896
0.0 1312.0 148.0 854.0 3257.2733551099786
0.0 1411.0 101.0 595.0 2213.312906473595
0.0 1325.0 142.0 827.0 3127.0364457492474
0.0 1392.0 110.0 643.0 2446.7954981531425
0.0 1393.0 108.0 691.0 2404.816646541444
0.0 1449.0 87.0 487.0 1880.2443569337413
0.0 1428.0 94.0 561.0 2025.619349210154
0.0 1370.0 123.0 712.0 2625.1414305747066
0.0 1331.0 138.0 829.0 3036.218198691726
0.0 1459.0 84.0 469.0 1774.1139046868993
0.0 1389.0 111.0 661.0 2470.5964853330493
0.0 1337.0 146.0 748.0 2965.4305340161663
0.0 1360.0 124.0 740.0 2750.5226652658994
0.0 1390.0 112.0 637.0 2466.926446030779
0.0 1405.0 102.0 626.0 2297.7447871402887
0.0 1459.0 84.0 469.0 1774.1139046868993
0.0 1332.0 139.0 812.0 3008.7034993640177
0.0 1395.0 109.0 650.0 2402.900420484002
0.0 1456.0 84.0 471.0 1835.4335282531138
0.0 1328.0 155.0 742.0 3088.1774477116596
0.0 1375.0 114.0 743.0 2645.8647574456413
0.0 1397.0 108.0 648.0 2366.9241041435303
0.0 1306.0 150.0 893.0 3287.619083960582
0.0 1375.0 114.0 743.0 2645.8647574456413
0.0 1422.0 101.0 534.0 2147.0958535878467
0.0 1454.0 80.0 510.0 1811.5864487604276
0.0 1329.0 136.0 873.0 3106.81895480986
0.0 1416.0 94.0 648.0 2253.2803420959385
0.0 1416.0 94.0 648.0 2253.2803420959385
0.0 1405.0 102.0 626.0 2297.7447871402887
0.0 1282.0 165.0 914.0 3531.094273751855
0.0 1336.0 138.0 788.0 2985.590711765791
0.0 1336.0 138.0 788.0 2985.590711765791
0.0 1443.0 88.0 516.0 1940.717339525993
0.0 1449.0 87.0 487.0 1880.2443569337413
0.0 1437.0 97.0 506.0 1990.319359529993
0.0 1392.0 110.0 643.0 2446.7954981531425
0.0 1355.0 125.0 773.0 2764.994328602436
0.0 1389.0 111.0 661.0 2470.5964853330493
0.0 1303.0 149.0 925.0 3333.4850912180377
0.0 1402.0 109.0 608.0 2302.9380204853596
0.0 1369.0 125.0 706.0 2635.726763514913
0.0 1449.0 87.0 487.0 1880.2443569337413
0.0 1451.0 84.0 494.0 1861.6755335815126
0.0 1457.0 80.0 499.0 1790.7452356852755
0.0 1385.0 115.0 677.0 2497.111845629906
0.0 1304.0 151.0 892.0 3308.800750788332
0.0 1433.0 92.0 543.0 1989.3278550557557
0.0 1357.0 128.0 726.0 2748.227679578042
0.0 1284.0 164.0 906.0 3524.9946141487076
0.0 1287.0 166.0 877.0 3461.8739067638244
0.0 1373.0 120.0 714.0 2591.8443302366
0.0 1385.0 115.0 677.0 2497.111845629906
0.0 1402.0 109.0 608.0 2302.9380204853596
0.0 1336.0 138.0 788.0 2985.590711765791
0.0 1296.0 162.0 846.0 3412.474202149307
0.0 1433.0 88.0 590.0 1997.2727132397117
0.0 1416.0 94.0 648.0 2253.2803420959385
0.0 1451.0 84.0 494.0 1861.6755335815126
0.0 1411.0 101.0 595.0 2213.312906473595
0.0 1353.0 134.0 711.0 2872.9133633327338
0.0 1329.0 136.0 873.0 3106.81895480986
0.0 1308.0 165.0 782.0 3264.5278725783296
0.0 1377.0 119.0 695.0 2564.102402870757
0.0 1375.0 114.0 743.0 2645.8647574456413
0.0 1457.0 80.0 499.0 1790.7452356852755
0.0 1449.0 87.0 487.0 1880.2443569337413
0.0 1282.0 165.0 914.0 3531.094273751855
0.0 1334.0 138.0 806.0 3001.743920182177
0.0 1406.0 106.0 597.0 2260.131551780064
0.0 1282.0 167.0 902.0 3534.4731428526334
0.0 1443.0 88.0 516.0 1940.717339525993
0.0 1374.0 114.0 759.0 2652.2704855283846
0.0 1389.0 111.0 661.0 2470.5964853330493
0.0 1456.0 80.0 502.0 1805.577251935135
0.0 1461.0 81.0 476.0 1750.1702158778219
