0.0 1309.0 149.0 855.0 3272.059768256876
0.0 1452.0 85.0 487.0 1804.0412206682543
0.0 1422.0 91.0 595.0 2137.74615986496
0.0 1422.0 91.0 595.0 2137.74615986496
0.0 1452.0 85.0 487.0 1804.0412206682543
0.0 1381.0 113.0 681.0 2512.726337420044
0.0 1424.0 93.0 570.0 2076.2353244877972
0.0 1438.0 87.0 530.0 1978.7861182403637
0.0 1285.0 168.0 865.0 3491.844723454621
0.0 1391.0 114.0 616.0 2445.052044570328
0.0 1323.0 155.0 743.0 3144.3113009940175
0.0 1391.0 114.0 616.0 2445.052044570328
0.0 1422.0 91.0 595.0 2137.74615986496
0.0 1438.0 87.0 530.0 1978.7861182403637
0.0 1433.0 89.0 547.0 1985.4229567151542
0.0 1285.0 168.0 865.0 3491.844723454621
0.0 1391.0 114.0 616.0 2445.052044570328
0.0 1449.0 84.0 499.0 1864.1839358802283
0.0 1305.0 148.0 900.0 3349.023921504344
0.0 1285.0 168.0 865.0 3491.844723454621
0.0 1441.0 84.0 551.0 1937.3248100442495
0.0 1433.0 89.0 547.0 1985.4229567151542
0.0 1367.0 119.0 740.0 2655.83269258387
0.0 1422.0 91.0 595.0 2137.74615986496
0.0 1303.0 167.0 782.0 3322.6956877997027
0.0 1350.0 136.0 714.0 2880.948604241795
0.0 1318.0 147.0 803.0 3197.02712372169
0.0 1351.0 135.0 714.0 2873.263765913809
0.0 1329.0 155.0 729.0 3064.683280346272
0.0 1424.0 93.0 570.0 2076.2353244877972
0.0 1414.0 103.0 555.0 2178.540493891838
0.0 1463.0 80.0 466.0 1722.4852782349212
0.0 1463.0 80.0 466.0 1722.4852782349212
0.0 1463.0 80.0 466.0 1722.4852782349212
0.0 1412.0 103.0 563.0 2184.549690717131
0.0 1463.0 80.0 466.0 1722.4852782349212
0.0 1463.0 80.0 466.0 1722.4852782349212
0.0 1463.0 80.0 466.0 1722.4852782349212
0.0 1458.0 80.0 479.0 1754.3052117646243
0.0 1434.0 95.0 508.0 1979.340359596804
0.0 1414.0 103.0 555.0 2178.540493891838
0.0 1463.0 80.0 466.0 1722.4852782349212
0.0 1441.0 93.0 482.0 1934.5191276012895
0.0 1441.0 93.0 482.0 1934.5191276012895
0.0 1373.0 123.0 678.0 2589.805341941064
0.0 1458.0 80.0 479.0 1754.3052117646243
0.0 1463.0 80.0 466.0 1722.4852782349212
0.0 1441.0 93.0 482.0 1934.5191276012895
0.0 1388.0 117.0 628.0 2492.516037708672
0.0 1441.0 93.0 482.0 1934.5191276012895
0.0 1296.0 169.0 805.0 3381.7182082530776
0.0 1463.0 80.0 466.0 1722.4852782349212
0.0 1456.0 81.0 483.0 1777.6943362504228
0.0 1441.0 93.0 482.0 1934.5191276012895
0.0 1285.0 168.0 865.0 3491.844723454621
0.0 1354.0 124.0 791.0 2784.250094330397
0.0 1463.0 80.0 466.0 1722.4852782349212
0.0 1463.0 80.0 466.0 1722.4852782349212
0.0 1305.0 166.0 785.0 3278.4675563809747
0.0 1458.0 80.0 479.0 1754.3052117646243
0.0 1463.0 80.0 466.0 1722.4852782349212
0.0 1301.0 167.0 792.0 3330.5955114454114
0.0 1458.0 80.0 479.0 1754.3052117646243
0.0 1463.0 80.0 466.0 1722.4852782349212
0.0 1373.0 123.0 678.0 2589.805341941064
0.0 1434.0 95.0 508.0 1979.340359596804
0.0 1359.0 126.0 720.0 2726.166236494793
0.0 1338.0 138.0 770.0 2951.9148574723195
0.0 1301.0 167.0 792.0 3330.5955114454114
0.0 1305.0 148.0 900.0 3349.023921504344
0.0 1328.0 146.0 761.0 3068.1866327295174
0.0 1406.0 107.0 582.0 2240.358546703033
0.0 1406.0 107.0 582.0 2240.358546703033
0.0 1281.0 165.0 925.0 3538.3068972776396
0.0 1303.0 149.0 930.0 3333.0127742683117
0.0 1450.0 82.0 509.0 1855.1546128420891
0.0 1402.0 101.0 654.0 2320.730597382221
0.0 1338.0 138.0 770.0 2951.9148574723195
0.0 1406.0 107.0 582.0 2240.358546703033
0.0 1402.0 101.0 654.0 2320.730597382221
0.0 1406.0 107.0 582.0 2240.358546703033
0.0 1402.0 101.0 654.0 2320.730597382221
0.0 1310.0 163.0 780.0 3227.5438470294685
0.0 1318.0 147.0 803.0 3197.02712372169
0.0 1414.0 103.0 555.0 2178.540493891838
0.0 1281.0 165.0 925.0 3538.3068972776396
0.0 1342.0 147.0 722.0 2932.1250880959064
0.0 1294.0 158.0 880.0 3428.5771577816477
0.0 1338.0 138.0 770.0 2951.9148574723195
0.0 1318.0 147.0 803.0 3197.02712372169
0.0 1328.0 146.0 761.0 3068.1866327295174
0.0 1332.0 144.0 746.0 3062.8725971729455
0.0 1327.0 137.0 855.0 3102.101632180206
0.0 1321.0 149.0 772.0 3159.2070668002348
0.0 1373.0 123.0 678.0 2589.805341941064
0.0 1402.0 101.0 654.0 2320.730597382221
0.0 1402.0 101.0 654.0 2320.730597382221
0.0 1418.0 93.0 610.0 2165.2685337670396
0.0 1332.0 144.0 746.0 3062.8725971729455
0.0 1402.0 101.0 654.0 2320.730597382221
0.0 1358.0 127.0 720.0 2733.8510748227786
0.0 1332.0 144.0 746.0 3062.8725971729455
0.0 1332.0 144.0 746.0 3062.8725971729455
0.0 1455.0 82.0 483.0 1785.342115013943
0.0 1441.0 84.0 551.0 1937.3248100442495
0.0 1332.0 144.0 746.0 3062.8725971729455
0.0 1359.0 126.0 720.0 2726.166236494793
0.0 1428.0 101.0 505.0 2042.6564527415858
0.0 1393.0 112.0 616.0 2420.5882239711227
0.0 1393.0 112.0 616.0 2420.5882239711227
0.0 1359.0 126.0 720.0 2726.166236494793
0.0 1351.0 135.0 714.0 2873.263765913809
0.0 1428.0 101.0 505.0 2042.6564527415858
0.0 1338.0 138.0 770.0 2951.9148574723195
0.0 1393.0 112.0 616.0 2420.5882239711227
0.0 1440.0 87.0 529.0 1930.6033143833167
0.0 1433.0 87.0 563.0 2018.4387604260864
0.0 1281.0 165.0 925.0 3538.3068972776396
0.0 1359.0 126.0 720.0 2726.166236494793
0.0 1383.0 113.0 672.0 2496.555331867803
0.0 1358.0 127.0 720.0 2733.8510748227786
0.0 1456.0 81.0 483.0 1777.6943362504228
0.0 1293.0 172.0 816.0 3413.1021831822
0.0 1441.0 84.0 551.0 1937.3248100442495
0.0 1412.0 103.0 563.0 2184.549690717131
0.0 1428.0 101.0 505.0 2042.6564527415858
0.0 1327.0 137.0 855.0 3102.101632180206
0.0 1433.0 89.0 547.0 1985.4229567151542
0.0 1460.0 80.0 471.0 1748.3330745037972
0.0 1354.0 124.0 791.0 2784.250094330397
0.0 1393.0 112.0 616.0 2420.5882239711227
0.0 1373.0 112.0 766.0 2654.5778074549376
0.0 1354.0 124.0 791.0 2784.250094330397
0.0 1433.0 87.0 563.0 2018.4387604260864
0.0 1449.0 81.0 526.0 1875.9711214967385
0.0 1361.0 136.0 684.0 2769.075444399223
0.0 1354.0 124.0 791.0 2784.250094330397
0.0 1349.0 136.0 718.0 2892.087288645758
0.0 1336.0 148.0 732.0 2988.4126515899957
0.0 1348.0 129.0 776.0 2867.3311423387254
0.0 1424.0 93.0 570.0 2076.2353244877972
0.0 1381.0 113.0 681.0 2512.726337420044
0.0 1406.0 107.0 582.0 2240.358546703033
0.0 1381.0 113.0 681.0 2512.726337420044
0.0 1423.0 93.0 573.0 2100.5689404001682
0.0 1381.0 113.0 681.0 2512.726337420044
0.0 1381.0 113.0 681.0 2512.726337420044
0.0 1310.0 150.0 844.0 3241.68116646845
0.0 1449.0 81.0 526.0 1875.9711214967385
0.0 1367.0 119.0 740.0 2655.83269258387
0.0 1367.0 119.0 740.0 2655.83269258387
0.0 1422.0 91.0 595.0 2137.74615986496
0.0 1348.0 129.0 776.0 2867.3311423387254
0.0 1336.0 148.0 732.0 2988.4126515899957
0.0 1381.0 113.0 681.0 2512.726337420044
0.0 1362.0 135.0 684.0 2756.825004317388
0.0 1428.0 101.0 505.0 2042.6564527415858
0.0 1305.0 166.0 785.0 3278.4675563809747
0.0 1296.0 169.0 805.0 3381.7182082530776
0.0 1296.0 170.0 803.0 3388.4193310122632
0.0 1428.0 101.0 505.0 2042.6564527415858
0.0 1356.0 128.0 730.0 2759.3663639820056
0.0 1460.0 80.0 471.0 1748.3330745037972
0.0 1428.0 101.0 505.0 2042.6564527415858
0.0 1350.0 136.0 714.0 2880.948604241795
0.0 1428.0 101.0 505.0 2042.6564527415858
0.0 1418.0 93.0 610.0 2165.2685337670396
0.0 1377.0 115.0 697.0 2553.2329972537414
0.0 1373.0 123.0 678.0 2589.805341941064
0.0 1332.0 151.0 736.0 3020.0122153769858
0.0 1428.0 101.0 505.0 2042.6564527415858
0.0 1291.0 157.0 921.0 3462.832247017623
0.0 1332.0 144.0 746.0 3062.8725971729455
0.0 1373.0 123.0 678.0 2589.805341941064
0.0 1377.0 115.0 697.0 2553.2329972537414
0.0 1325.0 136.0 882.0 3132.5511480527325
0.0 1325.0 136.0 882.0 3132.5511480527325
0.0 1294.0 158.0 880.0 3428.5771577816477
0.0 1391.0 114.0 616.0 2445.052044570328
0.0 1336.0 148.0 732.0 2988.4126515899957
0.0 1391.0 114.0 616.0 2445.052044570328
0.0 1411.0 95.0 651.0 2270.3791069724857
0.0 1361.0 136.0 684.0 2769.075444399223
0.0 1325.0 136.0 882.0 3132.5511480527325
0.0 1433.0 89.0 547.0 1985.4229567151542
0.0 1410.0 101.0 595.0 2198.2466587454915
0.0 1338.0 133.0 818.0 2976.1127641250428
0.0 1325.0 136.0 882.0 3132.5511480527325
0.0 1433.0 89.0 547.0 1985.4229567151542
0.0 1433.0 89.0 547.0 1985.4229567151542
0.0 1299.0 160.0 832.0 3371.575779907609
0.0 1458.0 80.0 479.0 1754.3052117646243
0.0 1433.0 89.0 547.0 1985.4229567151542
0.0 1299.0 160.0 832.0 3371.575779907609
0.0 1325.0 136.0 882.0 3132.5511480527325
0.0 1281.0 165.0 925.0 3538.3068972776396
0.0 1361.0 136.0 684.0 2769.075444399223
0.0 1458.0 80.0 479.0 1754.3052117646243
0.0 1458.0 80.0 479.0 1754.3052117646243
0.0 1283.0 163.0 937.0 3492.8390522463933
0.0 1449.0 81.0 526.0 1875.9711214967385
0.0 1393.0 112.0 616.0 2420.5882239711227
0.0 1383.0 113.0 672.0 2496.555331867803
0.0 1407.0 110.0 565.0 2268.3962976497346
0.0 1393.0 112.0 616.0 2420.5882239711227
0.0 1371.0 121.0 700.0 2595.635416407596
0.0 1374.0 112.0 759.0 2634.8016450668747
0.0 1290.0 164.0 864.0 3419.138992967056
0.0 1407.0 110.0 565.0 2268.3962976497346
0.0 1371.0 121.0 700.0 2595.635416407596
0.0 1338.0 133.0 818.0 2976.1127641250428
0.0 1371.0 121.0 700.0 2595.635416407596
0.0 1407.0 110.0 565.0 2268.3962976497346
0.0 1338.0 133.0 818.0 2976.1127641250428
0.0 1374.0 112.0 759.0 2634.8016450668747
0.0 1323.0 155.0 743.0 3144.3113009940175
0.0 1411.0 95.0 651.0 2270.3791069724857
0.0 1323.0 155.0 743.0 3144.3113009940175
0.0 1458.0 80.0 479.0 1754.3052117646243
0.0 1358.0 127.0 720.0 2733.8510748227786
0.0 1305.0 166.0 785.0 3278.4675563809747
0.0 1358.0 127.0 720.0 2733.8510748227786
0.0 1348.0 129.0 776.0 2867.3311423387254
0.0 1411.0 95.0 651.0 2270.3791069724857
0.0 1414.0 103.0 555.0 2178.540493891838
0.0 1296.0 169.0 805.0 3381.7182082530776
0.0 1383.0 113.0 672.0 2496.555331867803
0.0 1323.0 155.0 743.0 3144.3113009940175
0.0 1315.0 146.0 834.0 3240.3553526607434
0.0 1428.0 101.0 505.0 2042.6564527415858
0.0 1450.0 82.0 509.0 1855.1546128420891
0.0 1383.0 113.0 672.0 2496.555331867803
0.0 1338.0 133.0 818.0 2976.1127641250428
0.0 1428.0 101.0 505.0 2042.6564527415858
0.0 1310.0 150.0 844.0 3241.68116646845
0.0 1283.0 163.0 937.0 3492.8390522463933
0.0 1323.0 155.0 743.0 3144.3113009940175
0.0 1310.0 163.0 780.0 3227.5438470294685
0.0 1450.0 82.0 509.0 1855.1546128420891
0.0 1459.0 86.0 457.0 1766.0174035789994
0.0 1428.0 101.0 505.0 2042.6564527415858
0.0 1412.0 103.0 563.0 2184.549690717131
0.0 1412.0 103.0 563.0 2184.549690717131
0.0 1428.0 101.0 505.0 2042.6564527415858
0.0 1434.0 95.0 508.0 1979.340359596804
0.0 1391.0 114.0 616.0 2445.052044570328
0.0 1388.0 117.0 628.0 2492.516037708672
0.0 1412.0 103.0 563.0 2184.549690717131
0.0 1373.0 123.0 678.0 2589.805341941064
0.0 1459.0 86.0 457.0 1766.0174035789994
0.0 1459.0 86.0 457.0 1766.0174035789994
0.0 1374.0 112.0 759.0 2634.8016450668747
0.0 1291.0 157.0 921.0 3462.832247017623
0.0 1463.0 80.0 466.0 1722.4852782349212
0.0 1359.0 126.0 720.0 2726.166236494793
0.0 1441.0 93.0 482.0 1934.5191276012895
0.0 1450.0 81.0 516.0 1867.2348146087313
0.0 1441.0 93.0 482.0 1934.5191276012895
0.0 1441.0 93.0 482.0 1934.5191276012895
0.0 1441.0 93.0 482.0 1934.5191276012895
0.0 1441.0 93.0 482.0 1934.5191276012895
0.0 1463.0 80.0 466.0 1722.4852782349212
0.0 1377.0 115.0 697.0 2553.2329972537414
0.0 1377.0 115.0 697.0 2553.2329972537414
0.0 1414.0 103.0 555.0 2178.540493891838
0.0 1404.0 106.0 589.0 2295.442113205166
0.0 1404.0 106.0 589.0 2295.442113205166
0.0 1404.0 106.0 589.0 2295.442113205166
0.0 1404.0 106.0 589.0 2295.442113205166
0.0 1404.0 106.0 589.0 2295.442113205166
0.0 1453.0 84.0 482.0 1810.2767401755268
0.0 1455.0 81.0 493.0 1786.3935835739644
0.0 1359.0 126.0 720.0 2726.166236494793
0.0 1301.0 160.0 820.0 3359.8526257448098
0.0 1459.0 86.0 457.0 1766.0174035789994
0.0 1451.0 90.0 467.0 1838.704051601877
0.0 1451.0 90.0 467.0 1838.704051601877
0.0 1451.0 90.0 467.0 1838.704051601877
0.0 1451.0 90.0 467.0 1838.704051601877
0.0 1451.0 90.0 467.0 1838.704051601877
0.0 1402.0 101.0 654.0 2320.730597382221
0.0 1418.0 93.0 610.0 2165.2685337670396
0.0 1367.0 119.0 740.0 2655.83269258387
0.0 1418.0 93.0 610.0 2165.2685337670396
0.0 1438.0 87.0 530.0 1978.7861182403637
0.0 1412.0 103.0 563.0 2184.549690717131
0.0 1393.0 112.0 616.0 2420.5882239711227
0.0 1412.0 103.0 563.0 2184.549690717131
0.0 1393.0 112.0 616.0 2420.5882239711227
0.0 1412.0 103.0 563.0 2184.549690717131
0.0 1459.0 86.0 457.0 1766.0174035789994
0.0 1441.0 93.0 482.0 1934.5191276012895
0.0 1321.0 149.0 772.0 3159.2070668002348
0.0 1351.0 135.0 714.0 2873.263765913809
0.0 1460.0 80.0 471.0 1748.3330745037972
0.0 1434.0 95.0 508.0 1979.340359596804
0.0 1424.0 93.0 570.0 2076.2353244877972
0.0 1424.0 93.0 570.0 2076.2353244877972
0.0 1358.0 127.0 720.0 2733.8510748227786
741.0 1239.0 193.0 1049.0 4018.0680292385155
