0.0 1437.0 89.0 551.0 1998.0269361014816
0.0 1307.0 163.0 784.0 3288.2274146255045
0.0 1408.0 107.0 573.0 2241.0596151187065
0.0 1412.0 101.0 587.0 2196.8030636740486
0.0 1408.0 107.0 573.0 2241.0596151187065
0.0 1383.0 119.0 680.0 2513.937419912048
0.0 1354.0 127.0 779.0 2765.8463578702763
0.0 1314.0 146.0 863.0 3188.3583313289655
0.0 1408.0 107.0 573.0 2241.0596151187065
0.0 1331.0 153.0 730.0 3030.20012453344
0.0 1425.0 98.0 547.0 2092.775135042221
0.0 1420.0 99.0 569.0 2139.125725009654
0.0 1439.0 90.0 519.0 1956.6763962316186
0.0 1303.0 167.0 788.0 3307.688344854491
0.0 1455.0 83.0 479.0 1786.453870691815
0.0 1406.0 107.0 591.0 2268.0002191746535
0.0 1411.0 103.0 584.0 2197.649401417758
0.0 1461.0 78.0 499.0 1765.4576634666828
0.0 1461.0 78.0 499.0 1765.4576634666828
0.0 1331.0 153.0 730.0 3030.20012453344
0.0 1461.0 78.0 499.0 1765.4576634666828
0.0 1314.0 147.0 852.0 3244.72376363686
0.0 1461.0 78.0 499.0 1765.4576634666828
0.0 1452.0 89.0 467.0 1831.0192132738914
0.0 1408.0 101.0 618.0 2233.250526933369
0.0 1379.0 116.0 719.0 2537.954959945117
0.0 1428.0 94.0 544.0 2075.1475940109917
0.0 1343.0 133.0 809.0 2905.9980220588745
0.0 1303.0 167.0 788.0 3307.688344854491
0.0 1455.0 83.0 479.0 1786.453870691815
0.0 1455.0 83.0 479.0 1786.453870691815
0.0 1410.0 100.0 609.0 2210.929341823339
0.0 1454.0 86.0 472.0 1809.5754937527506
0.0 1426.0 97.0 552.0 2048.1354209571637
0.0 1454.0 86.0 472.0 1809.5754937527506
0.0 1320.0 144.0 849.0 3158.6053141085818
0.0 1430.0 91.0 548.0 2044.4573017275943
0.0 1439.0 90.0 519.0 1956.6763962316186
0.0 1460.0 80.0 486.0 1754.2504582341248
0.0 1309.0 157.0 804.0 3292.737699716301
0.0 1409.0 109.0 555.0 2249.043364746343
0.0 1461.0 78.0 499.0 1765.4576634666828
0.0 1371.0 129.0 676.0 2670.541701474544
0.0 1462.0 81.0 472.0 1744.6964908333048
0.0 1331.0 153.0 730.0 3030.20012453344
0.0 1370.0 122.0 711.0 2612.6058941656584
0.0 1331.0 153.0 730.0 3030.20012453344
0.0 1387.0 113.0 664.0 2479.503030536249
0.0 1428.0 94.0 544.0 2075.1475940109917
0.0 1294.0 159.0 876.0 3429.6889134595194
0.0 1460.0 80.0 486.0 1754.2504582341248
0.0 1452.0 81.0 520.0 1844.3663739682195
0.0 1455.0 83.0 479.0 1786.453870691815
0.0 1401.0 110.0 608.0 2321.8866512402533
0.0 1372.0 115.0 756.0 2658.38011815355
0.0 1287.0 166.0 877.0 3459.7042582801505
0.0 1424.0 95.0 561.0 2080.4082841815402
0.0 1454.0 86.0 472.0 1809.5754937527506
0.0 1302.0 150.0 931.0 3346.227881906851
0.0 1440.0 88.0 544.0 1980.959852223797
0.0 1392.0 113.0 628.0 2439.9917453166845
0.0 1454.0 86.0 472.0 1809.5754937527506
0.0 1402.0 104.0 627.0 2306.773763282036
0.0 1462.0 81.0 472.0 1744.6964908333048
0.0 1370.0 122.0 711.0 2612.6058941656584
0.0 1458.0 85.0 463.0 1788.6641794161312
0.0 1421.0 98.0 576.0 2124.399598547717
0.0 1458.0 85.0 463.0 1788.6641794161312
0.0 1447.0 89.0 487.0 1904.7081775329461
0.0 1387.0 113.0 664.0 2479.503030536249
0.0 1330.0 138.0 840.0 3071.747687485524
0.0 1370.0 125.0 698.0 2632.579823708219
0.0 1282.0 165.0 917.0 3537.722427518803
0.0 1461.0 78.0 499.0 1765.4576634666828
0.0 1448.0 82.0 526.0 1883.6559598247238
0.0 1320.0 146.0 835.0 3145.55613570418
0.0 1350.0 136.0 718.0 2889.973222167927
0.0 1447.0 89.0 487.0 1904.7081775329461
0.0 1370.0 129.0 686.0 2687.868366405757
0.0 1336.0 143.0 742.0 3004.740437631156
0.0 1410.0 100.0 609.0 2210.929341823339
0.0 1462.0 81.0 472.0 1744.6964908333048
0.0 1447.0 89.0 487.0 1904.7081775329461
0.0 1458.0 85.0 463.0 1788.6641794161312
0.0 1332.0 139.0 812.0 3008.6664397995523
0.0 1289.0 164.0 867.0 3454.8723819355064
0.0 1455.0 83.0 479.0 1786.453870691815
0.0 1336.0 143.0 742.0 3004.740437631156
0.0 1337.0 138.0 778.0 2974.6847563941096
0.0 1362.0 132.0 708.0 2750.313445110129
0.0 1424.0 95.0 561.0 2080.4082841815402
0.0 1336.0 143.0 742.0 3004.740437631156
0.0 1399.0 105.0 655.0 2359.1060870648175
0.0 1353.0 126.0 787.0 2800.4699586485735
0.0 1353.0 127.0 768.0 2780.5154413060686
0.0 1281.0 168.0 913.0 3546.0096809734787
0.0 1358.0 127.0 743.0 2770.9354518166247
0.0 1453.0 83.0 488.0 1802.6248762440553
0.0 1462.0 81.0 472.0 1744.6964908333048
0.0 1386.0 118.0 644.0 2513.2329960817665
0.0 1336.0 143.0 742.0 3004.740437631156
0.0 1409.0 106.0 579.0 2240.33815669
0.0 1336.0 143.0 742.0 3004.740437631156
0.0 1370.0 122.0 711.0 2612.6058941656584
0.0 1457.0 81.0 485.0 1780.4585058776029
0.0 1308.0 165.0 779.0 3266.664109008204
0.0 1355.0 129.0 749.0 2782.286169980438
0.0 1294.0 168.0 833.0 3423.230140925706
0.0 1431.0 99.0 517.0 2033.7967508778008
0.0 1391.0 111.0 643.0 2452.3106879974534
0.0 1392.0 113.0 628.0 2439.9917453166845
0.0 1370.0 122.0 711.0 2612.6058941656584
0.0 1431.0 95.0 530.0 2051.009809816109
0.0 1297.0 169.0 805.0 3374.3073084643725
0.0 1391.0 111.0 643.0 2452.3106879974534
0.0 1336.0 143.0 742.0 3004.740437631156
0.0 1391.0 111.0 643.0 2452.3106879974534
0.0 1391.0 111.0 643.0 2452.3106879974534
0.0 1309.0 147.0 894.0 3298.3067898553973
0.0 1391.0 111.0 643.0 2452.3106879974534
0.0 1444.0 91.0 506.0 1892.980147534087
0.0 1408.0 107.0 573.0 2241.0596151187065
0.0 1455.0 83.0 479.0 1786.453870691815
0.0 1437.0 90.0 526.0 2010.8138677137183
0.0 1370.0 125.0 698.0 2632.579823708219
0.0 1444.0 91.0 506.0 1892.980147534087
0.0 1322.0 151.0 771.0 3171.6620857228154
0.0 1431.0 99.0 517.0 2033.7967508778008
0.0 1430.0 91.0 548.0 2044.4573017275943
0.0 1299.0 162.0 824.0 3365.2637101816968
0.0 1352.0 133.0 727.0 2893.0290486393887
0.0 1354.0 127.0 779.0 2765.8463578702763
0.0 1308.0 165.0 779.0 3266.664109008204
0.0 1408.0 107.0 573.0 2241.0596151187065
0.0 1320.0 144.0 849.0 3158.6053141085818
0.0 1336.0 143.0 742.0 3004.740437631156
0.0 1447.0 89.0 487.0 1904.7081775329461
0.0 1408.0 101.0 618.0 2233.250526933369
0.0 1331.0 153.0 730.0 3030.20012453344
0.0 1460.0 80.0 486.0 1754.2504582341248
0.0 1387.0 113.0 664.0 2479.503030536249
0.0 1431.0 99.0 517.0 2033.7967508778008
0.0 1370.0 125.0 698.0 2632.579823708219
0.0 1461.0 78.0 499.0 1765.4576634666828
0.0 1391.0 111.0 643.0 2452.3106879974534
0.0 1322.0 151.0 771.0 3171.6620857228154
0.0 1348.0 136.0 732.0 2914.4138152137466
0.0 1447.0 89.0 487.0 1904.7081775329461
0.0 1331.0 153.0 730.0 3030.20012453344
0.0 1372.0 115.0 756.0 2658.38011815355
0.0 1409.0 109.0 555.0 2249.043364746343
0.0 1331.0 153.0 730.0 3030.20012453344
0.0 1412.0 101.0 587.0 2196.8030636740486
0.0 1362.0 134.0 699.0 2794.042683022465
0.0 1424.0 95.0 561.0 2080.4082841815402
0.0 1348.0 136.0 732.0 2914.4138152137466
0.0 1437.0 89.0 551.0 1998.0269361014816
0.0 1458.0 85.0 463.0 1788.6641794161312
0.0 1455.0 83.0 479.0 1786.453870691815
0.0 1397.0 109.0 638.0 2370.4382373373587
0.0 1414.0 99.0 600.0 2194.9137558031084
0.0 1458.0 85.0 463.0 1788.6641794161312
0.0 1455.0 83.0 479.0 1786.453870691815
0.0 1304.0 150.0 903.0 3320.42978282994
0.0 1372.0 115.0 756.0 2658.38011815355
0.0 1457.0 81.0 485.0 1780.4585058776029
0.0 1393.0 113.0 622.0 2423.226634266942
0.0 1462.0 81.0 472.0 1744.6964908333048
0.0 1366.0 131.0 696.0 2708.690598570114
0.0 1431.0 99.0 517.0 2033.7967508778008
0.0 1431.0 99.0 517.0 2033.7967508778008
0.0 1428.0 94.0 544.0 2075.1475940109917
0.0 1391.0 111.0 643.0 2452.3106879974534
0.0 1458.0 85.0 463.0 1788.6641794161312
0.0 1370.0 125.0 698.0 2632.579823708219
0.0 1406.0 107.0 591.0 2268.0002191746535
0.0 1419.0 100.0 570.0 2158.9130888091318
0.0 1291.0 157.0 923.0 3466.2890251797276
0.0 1285.0 166.0 889.0 3498.654379632931
0.0 1370.0 122.0 711.0 2612.6058941656584
0.0 1431.0 99.0 517.0 2033.7967508778008
0.0 1336.0 143.0 742.0 3004.740437631156
0.0 1455.0 83.0 479.0 1786.453870691815
0.0 1392.0 108.0 690.0 2423.4308189774088
0.0 1287.0 166.0 877.0 3459.7042582801505
0.0 1425.0 98.0 547.0 2092.775135042221
0.0 1292.0 159.0 888.0 3463.597496785272
0.0 1307.0 163.0 784.0 3288.2274146255045
0.0 1402.0 104.0 627.0 2306.773763282036
0.0 1397.0 109.0 638.0 2370.4382373373587
0.0 1435.0 94.0 529.0 2004.301520837105
0.0 1322.0 151.0 771.0 3171.6620857228154
0.0 1372.0 115.0 756.0 2658.38011815355
0.0 1408.0 101.0 618.0 2233.250526933369
0.0 1366.0 131.0 696.0 2708.690598570114
0.0 1412.0 101.0 587.0 2196.8030636740486
0.0 1430.0 91.0 548.0 2044.4573017275943
0.0 1431.0 99.0 517.0 2033.7967508778008
0.0 1353.0 127.0 768.0 2780.5154413060686
0.0 1457.0 81.0 485.0 1780.4585058776029
0.0 1458.0 85.0 463.0 1788.6641794161312
0.0 1444.0 91.0 506.0 1892.980147534087
0.0 1324.0 153.0 755.0 3150.407198791352
0.0 1431.0 99.0 517.0 2033.7967508778008
0.0 1431.0 99.0 517.0 2033.7967508778008
0.0 1391.0 111.0 643.0 2452.3106879974534
0.0 1375.0 124.0 690.0 2605.1258267292556
0.0 1370.0 125.0 698.0 2632.579823708219
0.0 1408.0 107.0 573.0 2241.0596151187065
0.0 1444.0 91.0 506.0 1892.980147534087
0.0 1308.0 165.0 779.0 3266.664109008204
0.0 1447.0 89.0 487.0 1904.7081775329461
0.0 1281.0 168.0 913.0 3546.0096809734787
0.0 1408.0 101.0 618.0 2233.250526933369
0.0 1310.0 161.0 792.0 3232.9729522613275
0.0 1386.0 118.0 644.0 2513.2329960817665
0.0 1382.0 115.0 705.0 2516.7540709974064
0.0 1431.0 99.0 517.0 2033.7967508778008
0.0 1392.0 113.0 628.0 2439.9917453166845
0.0 1371.0 129.0 676.0 2670.541701474544
0.0 1387.0 113.0 664.0 2479.503030536249
0.0 1379.0 116.0 719.0 2537.954959945117
0.0 1299.0 162.0 824.0 3365.2637101816968
0.0 1461.0 78.0 499.0 1765.4576634666828
0.0 1306.0 149.0 895.0 3302.057429823026
0.0 1299.0 162.0 824.0 3365.2637101816968
0.0 1439.0 90.0 519.0 1956.6763962316186
0.0 1447.0 89.0 487.0 1904.7081775329461
0.0 1348.0 136.0 732.0 2914.4138152137466
0.0 1462.0 81.0 472.0 1744.6964908333048
0.0 1307.0 163.0 784.0 3288.2274146255045
0.0 1408.0 107.0 573.0 2241.0596151187065
0.0 1402.0 107.0 623.0 2270.6227091141864
0.0 1431.0 95.0 530.0 2051.009809816109
0.0 1336.0 143.0 742.0 3004.740437631156
0.0 1458.0 85.0 463.0 1788.6641794161312
0.0 1334.0 137.0 827.0 3006.754365956727
0.0 1351.0 134.0 728.0 2884.4866091815575
0.0 1331.0 153.0 730.0 3030.20012453344
0.0 1428.0 94.0 544.0 2075.1475940109917
0.0 1329.0 137.0 869.0 3106.0114572865077
0.0 1444.0 91.0 506.0 1892.980147534087
0.0 1447.0 89.0 487.0 1904.7081775329461
0.0 1307.0 163.0 784.0 3288.2274146255045
0.0 1444.0 91.0 506.0 1892.980147534087
0.0 1452.0 81.0 520.0 1844.3663739682195
0.0 1461.0 78.0 499.0 1765.4576634666828
0.0 1348.0 136.0 732.0 2914.4138152137466
0.0 1421.0 100.0 547.0 2144.663919170183
0.0 1458.0 85.0 463.0 1788.6641794161312
0.0 1370.0 125.0 698.0 2632.579823708219
0.0 1387.0 113.0 664.0 2479.503030536249
0.0 1404.0 106.0 606.0 2268.952079980399
0.0 1322.0 151.0 771.0 3171.6620857228154
0.0 1352.0 126.0 786.0 2804.3738683523457
0.0 1355.0 129.0 749.0 2782.286169980438
0.0 1299.0 162.0 824.0 3365.2637101816968
0.0 1302.0 150.0 931.0 3346.227881906851
0.0 1289.0 158.0 931.0 3483.818993987465
0.0 1343.0 133.0 809.0 2905.9980220588745
0.0 1382.0 115.0 705.0 2516.7540709974064
0.0 1391.0 111.0 643.0 2452.3106879974534
0.0 1358.0 127.0 743.0 2770.9354518166247
0.0 1350.0 136.0 718.0 2889.973222167927
0.0 1411.0 103.0 584.0 2197.649401417758
0.0 1324.0 153.0 755.0 3150.407198791352
0.0 1376.0 114.0 728.0 2631.045339161368
0.0 1424.0 95.0 561.0 2080.4082841815402
0.0 1402.0 107.0 623.0 2270.6227091141864
0.0 1422.0 95.0 589.0 2158.068902665529
0.0 1431.0 99.0 517.0 2033.7967508778008
0.0 1314.0 147.0 852.0 3244.72376363686
0.0 1431.0 99.0 517.0 2033.7967508778008
0.0 1373.0 116.0 739.0 2626.492367432175
0.0 1447.0 89.0 487.0 1904.7081775329461
0.0 1408.0 107.0 573.0 2241.0596151187065
0.0 1409.0 106.0 579.0 2240.33815669
0.0 1410.0 100.0 609.0 2210.929341823339
0.0 1431.0 99.0 517.0 2033.7967508778008
0.0 1391.0 111.0 643.0 2452.3106879974534
0.0 1308.0 165.0 779.0 3266.664109008204
0.0 1354.0 126.0 782.0 2793.061665654973
0.0 1284.0 164.0 914.0 3494.1376834446855
0.0 1402.0 107.0 623.0 2270.6227091141864
0.0 1336.0 143.0 742.0 3004.740437631156
0.0 1303.0 167.0 788.0 3307.688344854491
0.0 1355.0 127.0 765.0 2770.075508516649
0.0 1291.0 157.0 923.0 3466.2890251797276
0.0 1366.0 131.0 696.0 2708.690598570114
0.0 1454.0 86.0 472.0 1809.5754937527506
0.0 1408.0 101.0 618.0 2233.250526933369
0.0 1348.0 136.0 732.0 2914.4138152137466
0.0 1462.0 81.0 472.0 1744.6964908333048
0.0 1370.0 125.0 698.0 2632.579823708219
0.0 1418.0 101.0 570.0 2172.4127427948774
0.0 1372.0 115.0 756.0 2658.38011815355
0.0 1372.0 121.0 710.0 2618.9074861235918
0.0 1282.0 165.0 917.0 3537.722427518803
0.0 1409.0 109.0 555.0 2249.043364746343
0.0 1352.0 132.0 744.0 2828.4683410426805
