0.0 18.0 251344.0 3.0950031100523883 41.0 1.2305926E7 2041.0 257.0
0.0 29.0 155095.0 1.4271890768070787 139.0 4.6189805E7 1192.0 153.0
0.0 30.0 137173.0 1.4682918336993092 186.0 4.7033559E7 1130.0 170.0
0.0 19.0 202558.0 3.717694348446819 77.0 1.6899688E7 2017.0 278.0
0.0 24.0 181785.0 3.1190245416123954 60.0 2.9127474E7 1727.0 346.0
0.0 22.0 193776.0 3.577044320376299 61.0 2.8652399E7 1904.0 217.0
0.0 21.0 241305.0 3.4730101431389806 87.0 2.7313143E7 1859.0 229.0
0.0 14.0 258982.0 3.7542178457984767 22.0 1.4648011E7 2416.0 213.0
0.0 15.0 218700.0 3.7525018070677696 17.0 1.4999215E7 2363.0 366.0
0.0 26.0 159601.0 2.62981723189425 133.0 4.058648E7 1346.0 274.0
0.0 18.0 156872.0 3.122439665443479 113.0 2.7834309E7 1875.0 390.0
0.0 12.0 278459.0 3.898645777262187 29.0 9777462.0 2391.0 349.0
0.0 27.0 214595.0 4.088590614166208 78.0 3.8884851E7 1645.0 155.0
0.0 27.0 141802.0 2.4087646003153025 142.0 4.553457E7 1220.0 204.0
0.0 20.0 206952.0 4.541150529884019 29.0 2.6041797E7 2051.0 278.0
0.0 31.0 120559.0 2.1344786184907454 162.0 4.7246952E7 1112.0 80.0
0.0 13.0 235101.0 4.935594331385325 26.0 2.005239E7 2285.0 420.0
0.0 25.0 231449.0 2.842566462878899 85.0 3.4401358E7 1595.0 250.0
0.0 30.0 133655.0 2.3373360288867313 202.0 5.130906E7 1077.0 240.0
0.0 23.0 225571.0 2.1495539617017814 89.0 2.3192246E7 1995.0 200.0
0.0 30.0 100452.0 1.461738909499326 190.0 4.6215303E7 1163.0 159.0
0.0 18.0 198365.0 4.01268200646706 143.0 3.0908577E7 1888.0 243.0
0.0 14.0 253317.0 4.1086102044012 23.0 2.0139422E7 2375.0 402.0
0.0 10.0 256732.0 4.898878765625074 13.0 7951394.0 2729.0 394.0
0.0 27.0 126653.0 3.703084698213536 120.0 4.475606E7 1366.0 259.0
0.0 30.0 101797.0 2.453275610971948 172.0 4.1795308E7 1150.0 154.0
0.0 9.0 310176.0 3.361648450522257 16.0 1.389311E7 2488.0 492.0
0.0 18.0 227710.0 2.9238115449693325 42.0 2.1943615E7 2014.0 424.0
0.0 13.0 305516.0 3.233190781527074 12.0 1.5279992E7 2399.0 416.0
0.0 11.0 253900.0 3.192467388344664 14.0 9701629.0 2558.0 342.0
0.0 19.0 194191.0 3.9543782154622047 49.0 1.16907E7 2103.0 273.0
0.0 13.0 282448.0 3.858659974215807 25.0 1.4863312E7 2425.0 395.0
0.0 10.0 285634.0 4.9910135298873355 25.0 8496168.0 2624.0 394.0
0.0 6.0 260709.0 4.147309411435177 11.0 2741146.0 2790.0 421.0
0.0 7.0 303834.0 4.327154372675488 11.0 2617422.0 2801.0 411.0
0.0 26.0 164094.0 2.903106069471137 131.0 3.5431239E7 1452.0 235.0
0.0 18.0 246550.0 4.125028244790846 40.0 2.1133909E7 2050.0 243.0
0.0 27.0 169565.0 2.5402292530051493 123.0 3.0952E7 1450.0 234.0
0.0 20.0 185724.0 4.070991206909518 101.0 4.1752666E7 1749.0 235.0
0.0 20.0 263262.0 2.1044243348968505 74.0 2.2659467E7 2104.0 282.0
0.0 12.0 216504.0 4.393825256555837 23.0 9760250.0 2525.0 313.0
0.0 10.0 242947.0 4.8124421013159075 18.0 1.8327239E7 2510.0 447.0
0.0 14.0 285078.0 4.935113025939294 34.0 1.5287029E7 2232.0 448.0
0.0 19.0 258578.0 4.102887478183117 61.0 2.2482129E7 1934.0 339.0
0.0 15.0 262237.0 3.5101687789538314 34.0 1.5509151E7 2229.0 295.0
0.0 25.0 161356.0 3.8776119253723422 170.0 2.9628625E7 1543.0 169.0
0.0 14.0 229258.0 3.424557209045454 32.0 1.0838329E7 2328.0 370.0
0.0 30.0 95305.0 3.3207946755032727 181.0 5.1053831E7 1115.0 223.0
0.0 15.0 226710.0 4.4698978889628975 20.0 1.5048237E7 2413.0 330.0
0.0 13.0 290306.0 4.206502476063962 22.0 1.5356703E7 2449.0 364.0
0.0 20.0 197269.0 2.1758713159205945 102.0 3.3713691E7 1633.0 311.0
0.0 29.0 173329.0 2.459078369233723 174.0 5.1037466E7 1120.0 272.0
0.0 29.0 145667.0 1.6358152935116306 170.0 4.6640018E7 1153.0 128.0
0.0 31.0 160645.0 1.5552806235032763 190.0 5.2878338E7 1032.0 247.0
0.0 20.0 278495.0 3.0905390252209446 66.0 2.3282426E7 1934.0 459.0
0.0 23.0 248121.0 3.1189263934381577 56.0 2.4490117E7 1817.0 257.0
0.0 18.0 194983.0 3.403426154070109 58.0 2.1819717E7 2023.0 282.0
0.0 9.0 247678.0 4.397268866560474 25.0 1.3634491E7 2419.0 487.0
0.0 16.0 177899.0 3.76706054310366 83.0 1.6998909E7 2098.0 305.0
0.0 31.0 92596.0 2.3432053533607067 177.0 4.2295899E7 1153.0 174.0
0.0 32.0 95795.0 2.2969851516937485 190.0 5.6666072E7 994.0 279.0
0.0 32.0 108674.0 1.4459622455912833 183.0 5.2598727E7 971.0 272.0
0.0 23.0 176237.0 2.803210497207144 62.0 3.3984309E7 1639.0 268.0
0.0 28.0 91682.0 2.464448893014263 131.0 3.5554669E7 1367.0 128.0
0.0 32.0 92584.0 2.3221527217817592 192.0 4.7052357E7 1037.0 204.0
0.0 31.0 105551.0 1.4636518183604155 184.0 5.6842086E7 970.0 265.0
0.0 16.0 218398.0 3.6569318267807094 28.0 1.5532488E7 2330.0 254.0
0.0 7.0 324481.0 4.004910610462523 14.0 1.3286736E7 2595.0 536.0
0.0 29.0 103662.0 2.932499143417455 175.0 4.0280761E7 1360.0 161.0
0.0 12.0 247623.0 4.7312788195413145 27.0 9249738.0 2601.0 341.0
0.0 27.0 166207.0 2.8593299625371356 133.0 4.0701026E7 1360.0 245.0
0.0 17.0 233366.0 4.076526448913188 33.0 2.1750251E7 2096.0 386.0
0.0 20.0 202901.0 4.606274718336255 71.0 2.1635933E7 1987.0 328.0
0.0 27.0 155124.0 3.8224954520184147 162.0 3.5024886E7 1379.0 181.0
0.0 21.0 196900.0 2.8892686522791875 40.0 1.8359034E7 1971.0 234.0
0.0 12.0 293616.0 4.050076717218776 21.0 5726778.0 2411.0 442.0
0.0 15.0 275405.0 3.6542125077146412 28.0 2.0225915E7 2312.0 365.0
0.0 20.0 155992.0 4.010997940563904 140.0 3.2399205E7 1915.0 319.0
0.0 27.0 173904.0 2.0686490874731716 176.0 3.5982556E7 1343.0 269.0
0.0 14.0 232230.0 4.940369299490753 20.0 1.9897642E7 2454.0 312.0
0.0 26.0 184307.0 3.720938902920882 129.0 3.9721695E7 1321.0 313.0
0.0 28.0 157538.0 2.6031060694711368 182.0 4.078911E7 1262.0 161.0
0.0 18.0 167922.0 2.9313951962439164 89.0 2.7228753E7 1965.0 329.0
0.0 23.0 199620.0 2.8946231134471976 124.0 3.9362691E7 1454.0 398.0
0.0 18.0 237172.0 2.4144772701154644 57.0 3.239414E7 1883.0 487.0
0.0 21.0 198390.0 3.8088415962312996 53.0 2.8078833E7 1887.0 288.0
0.0 22.0 181376.0 3.4779172799942986 115.0 2.3848248E7 1626.0 259.0
0.0 15.0 230731.0 3.8613540075112387 28.0 1.1082305E7 2273.0 296.0
0.0 10.0 290299.0 4.571665383332133 25.0 8876936.0 2504.0 288.0
0.0 28.0 111836.0 2.4731134569530213 130.0 4.1401894E7 1230.0 274.0
0.0 11.0 279308.0 4.208757937094392 28.0 9640828.0 2426.0 334.0
0.0 28.0 161804.0 1.4773603320689292 182.0 5.0806416E7 1160.0 266.0
0.0 13.0 228695.0 5.159802478587531 17.0 1.4230767E7 2537.0 308.0
0.0 6.0 258034.0 4.635713892041278 7.0 7182429.0 2728.0 534.0
0.0 27.0 100967.0 2.503442842534529 147.0 3.5481845E7 1384.0 206.0
0.0 33.0 90485.0 1.4008280923787948 174.0 4.776792E7 1006.0 195.0
0.0 15.0 221033.0 4.847280703684296 49.0 1.1358315E7 2331.0 344.0
0.0 11.0 289681.0 4.793821039342154 27.0 9077086.0 2479.0 343.0
0.0 18.0 213568.0 3.0073759359923464 47.0 2.1611953E7 2092.0 332.0
0.0 13.0 234234.0 3.9613779623347978 29.0 1.494239E7 2510.0 399.0
0.0 18.0 164468.0 4.273451969975994 93.0 2.1395504E7 2049.0 346.0
0.0 11.0 249605.0 4.976602766451487 15.0 1.358054E7 2534.0 407.0
0.0 33.0 68818.0 2.5098412675376043 164.0 3.8441303E7 1164.0 76.0
0.0 26.0 127491.0 1.8852356358112299 164.0 4.5564561E7 1344.0 267.0
0.0 23.0 183296.0 2.622405693173644 137.0 2.5144994E7 1596.0 186.0
0.0 11.0 312641.0 4.834266050344278 19.0 8801635.0 2540.0 471.0
0.0 26.0 171192.0 3.71877440075638 171.0 3.9840656E7 1365.0 262.0
0.0 11.0 280920.0 4.218240153591114 21.0 1.9286325E7 2452.0 381.0
0.0 25.0 146649.0 3.480830756764548 167.0 2.9918893E7 1534.0 171.0
0.0 31.0 92846.0 1.410418468114805 192.0 4.7746772E7 1062.0 190.0
0.0 31.0 141552.0 2.2675613252576623 195.0 4.7450841E7 1101.0 177.0
0.0 12.0 275031.0 4.5756336373003865 30.0 1.4376494E7 2342.0 296.0
0.0 9.0 281084.0 4.87984909397486 24.0 1.3279689E7 2584.0 431.0
0.0 19.0 209195.0 2.7155210617651306 108.0 3.2038927E7 1896.0 340.0
0.0 28.0 155122.0 1.6554860551150927 171.0 4.1395749E7 1227.0 230.0
0.0 24.0 139755.0 2.652729162884516 151.0 3.9524032E7 1369.0 363.0
0.0 31.0 135124.0 2.3294660871624244 199.0 5.2363892E7 1011.0 190.0
0.0 25.0 110385.0 3.317614975311312 96.0 2.47627E7 1555.0 185.0
0.0 17.0 280852.0 3.123949685119956 42.0 2.148175E7 2058.0 383.0
0.0 31.0 144699.0 3.199771009926364 207.0 4.7088659E7 1036.0 206.0
0.0 15.0 229351.0 3.199762948300355 33.0 1.1128979E7 2250.0 396.0
0.0 7.0 300057.0 3.542851458041054 8.0 3368087.0 2678.0 451.0
0.0 30.0 137120.0 1.2778156432231187 191.0 4.6911867E7 1159.0 153.0
0.0 31.0 88193.0 1.6190854844929599 179.0 4.2157406E7 1168.0 139.0
0.0 12.0 278225.0 4.133239863337741 23.0 1.4545383E7 2483.0 399.0
0.0 20.0 134143.0 4.084410993560442 107.0 2.305141E7 1956.0 218.0
0.0 9.0 294402.0 4.493954351345566 13.0 3362075.0 2707.0 397.0
0.0 24.0 114282.0 2.79606618761689 146.0 4.4389417E7 1372.0 332.0
0.0 16.0 225335.0 3.9583560228480255 32.0 1.0829371E7 2388.0 364.0
0.0 17.0 276981.0 3.0688331648252745 24.0 2.6395511E7 2127.0 413.0
0.0 27.0 154875.0 2.68268417519247 158.0 4.0484672E7 1320.0 214.0
0.0 16.0 216009.0 3.9962062089367887 26.0 1.0619205E7 2380.0 276.0
0.0 21.0 236184.0 2.8315585197236977 69.0 2.8835342E7 1896.0 281.0
0.0 12.0 238074.0 3.8778153736926497 35.0 5541454.0 2470.0 304.0
0.0 33.0 76261.0 2.2104184681148054 171.0 4.7823422E7 1042.0 102.0
0.0 31.0 98193.0 1.5392405232526496 160.0 4.2516277E7 1120.0 175.0
0.0 32.0 136854.0 2.2630500470621735 208.0 4.7573127E7 1023.0 177.0
0.0 32.0 99813.0 1.4571807225881979 193.0 5.2596563E7 1019.0 240.0
0.0 25.0 189997.0 2.867117173035322 107.0 3.4457703E7 1606.0 366.0
0.0 32.0 143759.0 1.4045329146882681 196.0 5.2667677E7 944.0 221.0
0.0 30.0 149702.0 1.6958061798183062 198.0 4.250014E7 1202.0 171.0
0.0 32.0 82497.0 2.590247200402554 201.0 4.7578275E7 1076.0 185.0
0.0 14.0 236957.0 4.203249169693635 17.0 1.0508823E7 2423.0 395.0
0.0 22.0 175111.0 3.8285407069998394 111.0 2.3342102E7 1835.0 235.0
0.0 15.0 239215.0 3.7420940898476216 27.0 1.0079868E7 2411.0 355.0
0.0 18.0 270368.0 1.960065299924096 48.0 1.7245988E7 2051.0 385.0
0.0 24.0 237107.0 2.013349319440031 136.0 4.4159451E7 1517.0 322.0
0.0 14.0 207357.0 3.611666805008859 35.0 1.485616E7 2444.0 262.0
0.0 29.0 153001.0 1.4611013244786524 136.0 4.0818407E7 1240.0 192.0
0.0 20.0 234903.0 3.4526258490704764 93.0 3.1040927E7 2005.0 226.0
0.0 15.0 278090.0 3.5917175282186 27.0 2.0716163E7 2311.0 282.0
0.0 15.0 263662.0 4.281134463767565 66.0 2.6676615E7 2082.0 376.0
0.0 10.0 241522.0 4.532890075952175 29.0 4526591.0 2593.0 412.0
0.0 24.0 184864.0 1.7521519623073158 147.0 4.0143357E7 1360.0 344.0
0.0 31.0 131356.0 2.4440024280145543 203.0 4.7086963E7 1068.0 125.0
0.0 15.0 259789.0 3.244780417167157 33.0 2.1736205E7 2121.0 491.0
0.0 23.0 111511.0 3.5813684450070573 103.0 2.8906324E7 1566.0 154.0
0.0 13.0 239927.0 3.667299818256654 16.0 1.4321106E7 2497.0 346.0
0.0 26.0 156322.0 3.853209044759747 133.0 3.5336366E7 1433.0 247.0
0.0 25.0 161348.0 3.743010682102368 119.0 3.4609531E7 1509.0 223.0
0.0 32.0 131071.0 2.306508961217558 185.0 5.2248005E7 988.0 187.0
0.0 21.0 277115.0 2.6233407408490352 89.0 4.2610236E7 1638.0 384.0
0.0 8.0 322956.0 4.024566762463021 15.0 1.8283101E7 2547.0 529.0
0.0 23.0 148652.0 2.97733290024892 120.0 3.8989115E7 1674.0 309.0
0.0 23.0 183977.0 2.659608977612791 80.0 3.3640556E7 1792.0 317.0
0.0 35.0 66530.0 1.1106690946812212 208.0 5.3782455E7 836.0 78.0
0.0 30.0 95659.0 2.3765855954096797 159.0 4.1408202E7 1234.0 189.0
0.0 16.0 256675.0 4.419827455178416 47.0 1.5704907E7 2219.0 222.0
0.0 26.0 143218.0 2.3868561470115 158.0 4.5048195E7 1249.0 322.0
0.0 20.0 246957.0 2.874053194279349 33.0 1.7477952E7 2068.0 307.0
0.0 13.0 241317.0 4.505831488763019 24.0 9388844.0 2511.0 396.0
0.0 12.0 286334.0 4.486775739868635 20.0 1.3779187E7 2493.0 279.0
0.0 25.0 172355.0 2.8436410070183347 157.0 3.4483603E7 1413.0 296.0
0.0 24.0 196795.0 2.793507563888361 128.0 3.483383E7 1527.0 302.0
0.0 22.0 203509.0 3.9649223005817684 65.0 1.8448953E7 1953.0 295.0
0.0 22.0 238705.0 2.102333451409658 114.0 3.8529362E7 1720.0 308.0
0.0 22.0 197083.0 2.8186553885831116 56.0 3.8371055E7 1682.0 298.0
0.0 31.0 146350.0 2.2756197226171815 197.0 5.198202E7 1017.0 188.0
0.0 24.0 116184.0 1.8311002974653652 126.0 2.9414102E7 1654.0 182.0
0.0 30.0 153671.0 1.530319451764079 182.0 5.1186916E7 1091.0 165.0
0.0 12.0 241054.0 3.2595494371882987 13.0 9387202.0 2510.0 403.0
0.0 13.0 267446.0 3.575213728715862 27.0 1.4396152E7 2430.0 317.0
0.0 19.0 242279.0 3.2687218885707705 47.0 2.6228544E7 2110.0 214.0
0.0 22.0 235716.0 3.4170860952932682 67.0 3.3038181E7 1772.0 293.0
0.0 22.0 206299.0 2.4303241083587186 80.0 3.3500281E7 1693.0 393.0
0.0 13.0 220065.0 4.811691731253219 29.0 1.5336018E7 2343.0 354.0
0.0 23.0 199963.0 1.9006243745280182 105.0 3.412958E7 1531.0 363.0
0.0 12.0 249129.0 4.299045850002686 20.0 1.4598385E7 2404.0 394.0
0.0 25.0 161493.0 2.565876704968391 124.0 3.9071813E7 1385.0 183.0
0.0 19.0 212403.0 3.1310363228216636 35.0 7887610.0 2158.0 286.0
0.0 25.0 114908.0 2.5611148002064863 144.0 4.0226296E7 1392.0 271.0
0.0 28.0 118248.0 1.2767893132604562 157.0 4.6528505E7 1135.0 337.0
0.0 36.0 112321.0 1.0580375157338529 170.0 5.4218908E7 832.0 70.0
0.0 31.0 78282.0 2.5000378654453406 200.0 4.6818781E7 1116.0 166.0
0.0 31.0 103626.0 1.315430999443126 193.0 5.2602828E7 978.0 247.0
0.0 7.0 298454.0 4.403411415078165 12.0 8180609.0 2713.0 388.0
0.0 10.0 251676.0 3.4708683086782854 22.0 9325152.0 2526.0 407.0
0.0 31.0 91008.0 3.3505646607200146 192.0 4.7318779E7 1059.0 225.0
0.0 30.0 138562.0 1.4905140559215313 196.0 4.6857691E7 1133.0 198.0
0.0 31.0 146046.0 1.2148845513556943 196.0 5.2460262E7 919.0 229.0
0.0 34.0 77729.0 1.3622529724083259 200.0 5.354407E7 866.0 178.0
0.0 36.0 113195.0 1.2059071899193163 208.0 5.4236882E7 819.0 71.0
0.0 17.0 275869.0 3.5566002325960997 43.0 6818801.0 2207.0 315.0
0.0 8.0 260150.0 5.090049239729317 7.0 7705929.0 2673.0 493.0
0.0 21.0 187939.0 2.886461798599542 39.0 2.2689474E7 2025.0 216.0
0.0 8.0 302349.0 4.695722109847876 20.0 8069678.0 2670.0 461.0
0.0 20.0 153582.0 4.175218412356156 101.0 2.7924018E7 1796.0 319.0
0.0 18.0 215988.0 3.78810745561575 38.0 2.6430277E7 1982.0 430.0
0.0 10.0 294504.0 4.941355404618456 38.0 1.3658299E7 2456.0 435.0
0.0 14.0 206665.0 4.796726899819795 33.0 9699302.0 2489.0 256.0
0.0 21.0 202433.0 3.941866546468906 117.0 3.3293494E7 1604.0 397.0
0.0 14.0 219748.0 4.067966929547398 31.0 2.5162847E7 2296.0 407.0
0.0 14.0 216369.0 3.3599484132848687 103.0 2.0812652E7 2210.0 266.0
0.0 32.0 101159.0 2.4019355120908656 199.0 4.8061246E7 1023.0 283.0
0.0 15.0 283456.0 3.0541955124542493 29.0 2.5642579E7 2096.0 390.0
0.0 28.0 129466.0 1.6266895374352863 183.0 4.5707211E7 1213.0 264.0
0.0 28.0 122920.0 1.9718236906477746 179.0 4.1335652E7 1219.0 345.0
0.0 27.0 133647.0 1.4871043164547164 128.0 4.0270484E7 1388.0 278.0
0.0 22.0 183541.0 3.079067848463657 106.0 2.8990951E7 1668.0 201.0
0.0 29.0 116565.0 1.4518723697388616 178.0 4.6525689E7 1143.0 331.0
0.0 33.0 128811.0 2.5636527850974127 197.0 5.203855E7 1067.0 99.0
0.0 32.0 144799.0 1.3659074574581598 204.0 5.7629251E7 932.0 277.0
0.0 18.0 172300.0 4.053303239688101 76.0 1.2862255E7 1946.0 390.0
0.0 20.0 208078.0 3.4823729978425493 90.0 3.2093254E7 1850.0 331.0
0.0 27.0 113497.0 2.690263429355115 160.0 4.0155944E7 1354.0 223.0
0.0 14.0 217169.0 3.3879810848459853 18.0 1.5207941E7 2389.0 365.0
0.0 29.0 94697.0 2.3374271658199737 139.0 3.6382873E7 1355.0 168.0
0.0 14.0 278589.0 4.255388870858423 21.0 1.5115665E7 2344.0 403.0
0.0 21.0 202776.0 3.114451092485703 90.0 3.295339E7 1865.0 393.0
0.0 21.0 207643.0 3.579954093487024 97.0 3.7278929E7 1716.0 388.0
0.0 26.0 127797.0 3.693025590333489 165.0 3.9484131E7 1444.0 297.0
0.0 17.0 205631.0 3.5690394582795015 48.0 3.1002346E7 1917.0 338.0
0.0 31.0 90103.0 2.633076343994655 169.0 4.6418684E7 1129.0 140.0
0.0 22.0 254338.0 3.24110342070578 93.0 3.3547496E7 1678.0 399.0
0.0 27.0 176896.0 2.782404582624016 167.0 4.0650126E7 1290.0 335.0
0.0 25.0 137067.0 2.7588277426673065 110.0 3.065949E7 1437.0 301.0
0.0 31.0 91171.0 2.342097933648636 162.0 5.183344E7 1063.0 217.0
0.0 16.0 228752.0 4.699241164204161 27.0 1.5406843E7 2358.0 345.0
0.0 29.0 106911.0 2.8357710652940273 161.0 3.6252506E7 1313.0 199.0
0.0 30.0 89811.0 2.284286738995336 175.0 4.6287088E7 1138.0 177.0
0.0 20.0 242824.0 2.9051500621320407 88.0 3.2577823E7 1760.0 327.0
0.0 24.0 174705.0 2.7841409135775947 114.0 1.9447642E7 1656.0 174.0
0.0 29.0 101912.0 1.3906051928547736 129.0 4.1159279E7 1244.0 172.0
0.0 21.0 226453.0 1.9608642176346027 115.0 3.3890329E7 1639.0 417.0
0.0 25.0 131692.0 1.7910976438522992 131.0 3.0677994E7 1558.0 286.0
0.0 22.0 203840.0 2.9084187243312742 105.0 3.3603538E7 1570.0 363.0
0.0 27.0 112748.0 1.3618352614642992 130.0 4.0814295E7 1230.0 238.0
0.0 26.0 163119.0 2.413108794133181 147.0 4.4765096E7 1318.0 299.0
0.0 11.0 295910.0 3.419314470271306 16.0 1.4571122E7 2506.0 359.0
0.0 24.0 182559.0 2.615782144174952 139.0 3.9536095E7 1422.0 357.0
0.0 17.0 189120.0 4.559360548686873 45.0 1.5987718E7 2145.0 225.0
0.0 29.0 91386.0 2.4148845513556942 151.0 3.7044264E7 1194.0 255.0
0.0 12.0 219023.0 5.008346205297387 19.0 1.8394236E7 2457.0 381.0
0.0 18.0 224557.0 3.07398974428426 85.0 1.7376419E7 1920.0 342.0
0.0 10.0 256526.0 4.473419769297045 10.0 4371108.0 2718.0 403.0
0.0 22.0 138954.0 3.880723390878744 105.0 2.3896189E7 1630.0 350.0
0.0 14.0 258739.0 2.9888413018518367 22.0 1.0067281E7 2368.0 217.0
0.0 27.0 94078.0 3.4354221532886453 158.0 3.0776288E7 1465.0 207.0
0.0 32.0 100476.0 2.244002428014554 192.0 4.7836871E7 1027.0 238.0
0.0 34.0 90271.0 1.4434559799271227 194.0 5.3656595E7 921.0 219.0
0.0 20.0 159051.0 3.0275650354855315 114.0 1.8468682E7 1965.0 300.0
0.0 12.0 256229.0 4.252241646367575 25.0 9542553.0 2568.0 303.0
0.0 9.0 290503.0 3.9464978132441226 11.0 1.2883962E7 2626.0 326.0
0.0 21.0 151885.0 3.747741704985524 100.0 2.3586417E7 1715.0 324.0
0.0 26.0 110415.0 2.7263374259664634 128.0 2.6069401E7 1483.0 234.0
0.0 20.0 216630.0 3.395083228380997 34.0 2.249437E7 1936.0 359.0
0.0 30.0 110385.0 2.4599973333105813 135.0 3.716843E7 1232.0 244.0
0.0 21.0 240043.0 3.565442045044404 57.0 2.8032938E7 1779.0 378.0
0.0 30.0 97937.0 1.386404259717508 146.0 4.1860483E7 1100.0 223.0
