0.0 21.0 202628.0 4.287278509866363 60.0 3.2013231E7 1853.0 378.0
0.0 15.0 212055.0 4.601888303995251 33.0 1.9680816E7 2403.0 250.0
0.0 13.0 233687.0 3.701091229341403 27.0 2.4870626E7 2336.0 427.0
0.0 14.0 255357.0 3.371875755669043 88.0 2.5556843E7 2243.0 321.0
0.0 19.0 186286.0 3.8536149173484064 92.0 3.2230131E7 1872.0 193.0
0.0 22.0 203127.0 2.937156620443353 58.0 2.8019546E7 1998.0 290.0
0.0 10.0 294024.0 3.522392467913583 20.0 4050877.0 2642.0 419.0
0.0 15.0 269635.0 4.4668068279771 70.0 2.0067145E7 2182.0 368.0
0.0 14.0 266754.0 4.300172312205299 30.0 2.0211085E7 2187.0 314.0
0.0 12.0 238313.0 4.200077169368776 23.0 1.9147127E7 2384.0 470.0
0.0 20.0 199897.0 3.7370372321380745 59.0 2.6964447E7 2134.0 234.0
0.0 23.0 196210.0 2.814284008108092 70.0 2.3608728E7 1918.0 292.0
0.0 25.0 189805.0 3.638127222557182 137.0 4.4095095E7 1347.0 354.0
0.0 27.0 159429.0 2.577686906079714 188.0 4.5606684E7 1231.0 236.0
0.0 27.0 122775.0 1.92005372727663 171.0 3.5980021E7 1460.0 241.0
0.0 31.0 143193.0 1.3093110484027344 199.0 5.7038202E7 940.0 174.0
0.0 22.0 192433.0 1.9172391641903461 110.0 4.2885621E7 1646.0 292.0
0.0 15.0 273018.0 4.16139700482534 33.0 1.5308655E7 2440.0 278.0
0.0 28.0 168874.0 2.45336674790519 184.0 4.6188822E7 1178.0 267.0
0.0 19.0 252416.0 3.9879319772583015 40.0 1.7467254E7 2086.0 298.0
0.0 26.0 154562.0 2.853770983121383 165.0 3.5429211E7 1379.0 373.0
0.0 29.0 115359.0 1.6899054369028956 169.0 4.1801319E7 1203.0 237.0
0.0 24.0 182554.0 2.9353331016981694 144.0 2.4537274E7 1740.0 216.0
0.0 14.0 285249.0 3.1461512433723047 13.0 1.5178632E7 2289.0 366.0
0.0 11.0 235640.0 4.858640931725264 11.0 1.350785E7 2531.0 374.0
0.0 20.0 146903.0 2.710248517987856 117.0 3.4008831E7 1656.0 340.0
0.0 22.0 246770.0 2.7505586656079437 39.0 2.3651079E7 1814.0 294.0
0.0 26.0 174376.0 2.525494409333973 131.0 5.0182432E7 1245.0 329.0
0.0 31.0 132671.0 1.3184171469825172 185.0 5.1865202E7 1034.0 161.0
0.0 14.0 199048.0 4.697022457207739 33.0 1.975095E7 2360.0 288.0
0.0 19.0 251684.0 3.372231295681865 79.0 3.6786133E7 1930.0 294.0
0.0 26.0 189750.0 1.9471403977159918 174.0 4.5530584E7 1292.0 307.0
0.0 28.0 170081.0 2.8142171805822485 187.0 4.5521829E7 1223.0 214.0
0.0 26.0 168234.0 2.6439368285393505 134.0 4.9470658E7 1298.0 257.0
0.0 16.0 258987.0 3.1727294772524397 35.0 2.6266212E7 1973.0 347.0
0.0 33.0 76529.0 2.379682537378874 197.0 4.8395941E7 1044.0 124.0
0.0 21.0 188425.0 3.57771872309952 55.0 1.7482767E7 2101.0 243.0
0.0 28.0 145721.0 2.4833370224287084 200.0 4.5646472E7 1214.0 173.0
0.0 37.0 72208.0 1.1146339247892783 209.0 5.9564197E7 709.0 155.0
0.0 29.0 161809.0 2.484955076505779 192.0 5.6192209E7 1045.0 342.0
0.0 15.0 295520.0 3.9343782745069498 22.0 2.0562735E7 2264.0 428.0
0.0 30.0 99889.0 2.739036805401873 146.0 4.1762597E7 1274.0 168.0
0.0 30.0 149409.0 2.6852978067424345 188.0 5.1017387E7 1169.0 170.0
0.0 20.0 215288.0 2.982509643255392 128.0 2.7967783E7 1860.0 365.0
0.0 24.0 190552.0 3.1050445157902646 164.0 3.9648365E7 1428.0 364.0
0.0 29.0 115504.0 2.6713600377251057 181.0 5.1078552E7 1153.0 259.0
0.0 12.0 234721.0 4.135374565149487 14.0 9443029.0 2547.0 312.0
0.0 15.0 283166.0 3.8756630933439506 50.0 1.6191151E7 2155.0 389.0
0.0 26.0 181575.0 1.4608473287900263 130.0 3.6326528E7 1396.0 216.0
0.0 20.0 252507.0 2.692503451653456 67.0 2.7552856E7 1893.0 294.0
0.0 32.0 87413.0 1.3566342745007662 198.0 5.2713907E7 1002.0 247.0
0.0 10.0 299675.0 4.7902466275601245 21.0 1.3484588E7 2605.0 447.0
0.0 24.0 215313.0 4.4118317835283705 135.0 3.8324087E7 1694.0 202.0
0.0 25.0 183633.0 3.2685041400281643 83.0 3.8652178E7 1612.0 280.0
0.0 11.0 304265.0 3.8001177142434805 32.0 4764613.0 2596.0 467.0
0.0 20.0 219589.0 2.9147797036788705 81.0 1.7875391E7 1948.0 273.0
0.0 27.0 162602.0 1.567356640669889 176.0 4.5675442E7 1135.0 284.0
0.0 33.0 115540.0 1.18133200989738 196.0 4.762331E7 1057.0 62.0
0.0 16.0 215812.0 4.335779034682679 33.0 1.0874558E7 2252.0 308.0
0.0 24.0 171754.0 2.710000757170778 118.0 3.4461669E7 1456.0 272.0
0.0 16.0 215704.0 3.1889406798633058 34.0 1.1463428E7 2223.0 353.0
0.0 29.0 180489.0 1.6366686581132854 135.0 4.5490618E7 1213.0 211.0
0.0 24.0 129326.0 3.7118213978191066 163.0 3.8908026E7 1479.0 272.0
0.0 28.0 163490.0 1.6993695279348981 178.0 4.592424E7 1187.0 263.0
0.0 29.0 145351.0 2.5817804733311758 201.0 5.08855E7 1127.0 224.0
0.0 35.0 74856.0 2.3358152935116308 201.0 5.8643179E7 885.0 154.0
0.0 13.0 229950.0 3.13227912816648 25.0 1.5144609E7 2438.0 350.0
0.0 16.0 265468.0 3.068433722302092 69.0 1.6744498E7 2208.0 296.0
0.0 32.0 97197.0 2.507494491506618 203.0 4.303261E7 1113.0 156.0
0.0 25.0 102532.0 2.668470797036167 118.0 2.4626082E7 1533.0 156.0
0.0 29.0 149505.0 2.5263374259664637 191.0 4.1448036E7 1205.0 215.0
0.0 27.0 165036.0 1.4808828805119183 184.0 4.5923794E7 1134.0 311.0
0.0 17.0 208618.0 2.722419282604565 40.0 2.15391E7 2175.0 297.0
0.0 30.0 94953.0 2.7276903299399105 171.0 4.1334385E7 1197.0 147.0
0.0 31.0 88172.0 1.3968632622707378 182.0 4.7093108E7 1071.0 174.0
0.0 14.0 238221.0 3.410827496264738 22.0 1.5894647E7 2420.0 360.0
0.0 33.0 85048.0 2.257786889167437 180.0 4.7931128E7 1008.0 150.0
0.0 11.0 307179.0 4.2086366887345665 21.0 1.4397032E7 2328.0 463.0
0.0 21.0 187931.0 2.886808326762728 81.0 1.9425269E7 1742.0 257.0
0.0 11.0 260271.0 4.081289711021352 22.0 8706714.0 2608.0 402.0
0.0 14.0 288659.0 3.1053711015283327 22.0 1.054711E7 2379.0 387.0
0.0 11.0 241654.0 4.947371451239821 19.0 3684836.0 2712.0 392.0
0.0 21.0 209160.0 3.431189747634212 59.0 2.7928095E7 1811.0 380.0
0.0 18.0 195989.0 3.8349642960482857 34.0 2.0893115E7 2201.0 230.0
0.0 11.0 282702.0 4.232639449385759 31.0 1.4121844E7 2556.0 333.0
0.0 18.0 192852.0 4.049470905223376 90.0 1.1853763E7 2125.0 235.0
0.0 32.0 87876.0 3.2129247337789653 171.0 4.7234936E7 1046.0 132.0
0.0 14.0 268227.0 4.370913589698643 31.0 9935089.0 2466.0 252.0
0.0 20.0 253504.0 3.4382148215015538 58.0 2.207959E7 2000.0 258.0
0.0 28.0 97435.0 1.423141451534259 147.0 4.1254313E7 1249.0 198.0
0.0 28.0 103768.0 2.724795319333762 137.0 3.6451824E7 1376.0 223.0
0.0 13.0 271923.0 4.3421138679050255 32.0 1.5210159E7 2323.0 366.0
0.0 13.0 280232.0 4.707864409198518 44.0 1.5136042E7 2279.0 386.0
0.0 20.0 153635.0 3.1778959542190264 98.0 3.8234783E7 1661.0 343.0
0.0 21.0 217150.0 3.449320316828611 41.0 2.734348E7 1989.0 415.0
0.0 30.0 109562.0 1.1721185454317937 138.0 4.1937722E7 1105.0 285.0
0.0 27.0 174007.0 1.8371114424866408 161.0 3.5775906E7 1480.0 117.0
0.0 19.0 244570.0 4.137587028865815 69.0 1.74439E7 2056.0 203.0
0.0 26.0 119606.0 3.8704034734380843 137.0 3.5242785E7 1415.0 238.0
0.0 21.0 217057.0 2.0796308616018044 116.0 3.4008862E7 1669.0 332.0
0.0 14.0 230407.0 3.7295585654768764 30.0 2.0011907E7 2227.0 356.0
0.0 12.0 274502.0 3.738353223905299 18.0 1.3966732E7 2507.0 275.0
0.0 30.0 123454.0 1.7629844475869696 129.0 4.6062457E7 1229.0 211.0
0.0 31.0 101874.0 2.7353319830923994 184.0 4.129808E7 1266.0 146.0
0.0 16.0 210822.0 3.576767257928966 25.0 1.6113204E7 2133.0 362.0
0.0 12.0 268724.0 3.3628673010435146 25.0 1.4809902E7 2388.0 360.0
0.0 21.0 250823.0 2.7675373557025336 46.0 2.7773903E7 1969.0 313.0
0.0 18.0 261237.0 3.1603805748615423 53.0 2.7005649E7 2133.0 318.0
0.0 15.0 211496.0 3.770267763599742 21.0 2.5402021E7 2264.0 335.0
0.0 17.0 286186.0 2.813694415017487 34.0 2.1173107E7 2263.0 381.0
0.0 30.0 125433.0 2.763963130155635 122.0 4.109715E7 1240.0 253.0
0.0 16.0 251078.0 4.762296343135094 36.0 1.6052586E7 2208.0 220.0
0.0 9.0 311724.0 5.031066520925316 22.0 8128023.0 2529.0 446.0
0.0 18.0 130612.0 4.039250204571399 121.0 1.6837632E7 1908.0 203.0
0.0 26.0 119458.0 3.5705629630712576 151.0 4.4900697E7 1302.0 272.0
0.0 22.0 150882.0 2.849056749266107 113.0 2.4044073E7 1709.0 290.0
0.0 27.0 159878.0 2.3057477002861426 166.0 4.1024949E7 1286.0 218.0
0.0 14.0 266861.0 4.34977810393483 28.0 1.053231E7 2299.0 333.0
0.0 21.0 203332.0 2.18178916593917 133.0 2.911169E7 1705.0 294.0
0.0 28.0 153942.0 2.543425227437354 196.0 4.5986151E7 1184.0 193.0
0.0 32.0 92153.0 2.5024819601782973 206.0 5.244127E7 1053.0 157.0
0.0 34.0 95150.0 1.4866089443052812 203.0 5.3630703E7 913.0 225.0
0.0 31.0 139174.0 2.2435644644186965 180.0 4.6840922E7 1061.0 132.0
0.0 14.0 295104.0 3.3545346706128987 33.0 1.1509342E7 2248.0 398.0
0.0 21.0 139439.0 3.1543791981642513 161.0 3.8023212E7 1684.0 202.0
0.0 29.0 157245.0 1.7457585277405065 179.0 4.1356002E7 1201.0 277.0
0.0 29.0 147740.0 1.3019976830220696 188.0 5.0877513E7 1078.0 222.0
0.0 15.0 209041.0 4.561344189960599 34.0 1.0131779E7 2333.0 307.0
0.0 11.0 280267.0 4.797685042090927 37.0 1.4060876E7 2448.0 388.0
0.0 8.0 264832.0 4.164632683838009 23.0 7986925.0 2710.0 452.0
0.0 16.0 269302.0 3.328912975854082 23.0 7137606.0 2235.0 327.0
0.0 25.0 131499.0 2.5471394309789948 116.0 3.5201789E7 1381.0 309.0
0.0 12.0 228336.0 5.001968422323858 16.0 8687883.0 2587.0 422.0
0.0 28.0 100033.0 2.350101007797345 119.0 4.0448489E7 1271.0 122.0
0.0 31.0 108682.0 1.6240358448900767 188.0 5.2218875E7 1037.0 249.0
0.0 33.0 85569.0 1.3221527217817595 193.0 4.80569E7 970.0 227.0
0.0 17.0 219197.0 4.330167975969047 38.0 1.0911406E7 2387.0 355.0
0.0 23.0 151556.0 4.064245175163486 118.0 2.3916502E7 1732.0 158.0
0.0 13.0 278943.0 4.112181809489152 23.0 1.4971888E7 2403.0 304.0
0.0 11.0 297992.0 3.416459615162144 10.0 1.4540697E7 2403.0 419.0
0.0 24.0 185337.0 3.8690667984171987 158.0 2.9932118E7 1548.0 273.0
0.0 31.0 88601.0 3.275790378039959 159.0 3.6709621E7 1275.0 115.0
0.0 29.0 90275.0 3.5308649331145134 168.0 4.0752808E7 1263.0 144.0
0.0 12.0 260563.0 4.9507717171299 26.0 1.4816332E7 2330.0 510.0
0.0 10.0 283888.0 4.015426334631661 29.0 1.3642976E7 2558.0 364.0
0.0 28.0 148501.0 2.6287601494418187 129.0 3.2164284E7 1335.0 195.0
0.0 30.0 106255.0 2.3392405232526494 192.0 4.7339854E7 1105.0 248.0
0.0 14.0 260516.0 4.8285477963579355 33.0 1.43714E7 2293.0 267.0
0.0 11.0 265358.0 5.000226994352923 19.0 8311636.0 2663.0 283.0
0.0 28.0 114143.0 2.5484471399978426 154.0 4.623357E7 1182.0 278.0
0.0 16.0 201981.0 3.934376575957207 42.0 2.0724155E7 2209.0 258.0
0.0 7.0 267817.0 4.176427288094038 12.0 2924314.0 2791.0 438.0
0.0 15.0 294346.0 3.560165355093634 23.0 2.0034428E7 2252.0 467.0
0.0 12.0 242007.0 4.751820689630666 18.0 1.4358166E7 2536.0 415.0
0.0 30.0 145916.0 1.2990813011583193 194.0 5.1956751E7 1070.0 247.0
0.0 15.0 223996.0 4.0423421611272135 19.0 1.5461849E7 2444.0 307.0
0.0 19.0 188636.0 3.936192964120182 35.0 2.6928144E7 1913.0 221.0
0.0 19.0 204321.0 3.4713896581706845 48.0 3.1727736E7 1941.0 242.0
0.0 13.0 277395.0 4.801519018351609 51.0 1.881225E7 2281.0 317.0
0.0 13.0 257013.0 4.912370829117138 30.0 1.4179371E7 2340.0 256.0
0.0 29.0 137788.0 1.3880367562594091 156.0 4.1685341E7 1194.0 99.0
0.0 28.0 159992.0 2.4748061530133256 94.0 4.4946154E7 1437.0 185.0
0.0 33.0 95948.0 2.4053617085688814 148.0 5.2015225E7 1064.0 143.0
0.0 11.0 274915.0 3.992495786901671 16.0 8522046.0 2610.0 277.0
0.0 34.0 121748.0 1.3120057697021068 165.0 5.3580289E7 917.0 96.0
0.0 25.0 184239.0 2.948197480168423 178.0 4.8931287E7 1327.0 245.0
0.0 17.0 276939.0 2.1200615687640982 44.0 2.1954404E7 1965.0 431.0
0.0 29.0 96180.0 2.5530718931211718 186.0 5.115755E7 1141.0 207.0
0.0 22.0 139388.0 3.7959083778903566 115.0 3.3513749E7 1556.0 361.0
0.0 20.0 248240.0 2.9818204201977476 49.0 1.7358324E7 1937.0 319.0
0.0 23.0 165074.0 3.1097476734811624 102.0 3.4012826E7 1626.0 321.0
0.0 17.0 237962.0 3.845660024982429 34.0 2.1694289E7 2092.0 388.0
0.0 14.0 234459.0 4.7228553738122105 24.0 1.9615832E7 2484.0 338.0
0.0 29.0 97594.0 1.603721316497213 137.0 4.1389745E7 1297.0 179.0
0.0 31.0 140885.0 1.167607267236305 155.0 4.2634447E7 1087.0 232.0
0.0 19.0 280873.0 2.057331005170819 49.0 2.6651111E7 2018.0 414.0
0.0 26.0 182781.0 2.9081431715204995 173.0 4.4645993E7 1360.0 306.0
0.0 26.0 165510.0 3.622975333893645 122.0 2.4517386E7 1596.0 164.0
0.0 30.0 93579.0 2.5019976830220694 188.0 4.595757E7 1172.0 211.0
0.0 34.0 126576.0 2.4866089443052815 208.0 5.3211099E7 946.0 116.0
0.0 29.0 110541.0 1.751066880589843 121.0 3.6409325E7 1335.0 177.0
0.0 31.0 74464.0 1.4594363616859425 134.0 4.1906407E7 1148.0 90.0
0.0 28.0 98645.0 2.5512705984406194 134.0 4.1003511E7 1255.0 227.0
0.0 19.0 206211.0 3.078481848862646 100.0 1.7943214E7 1879.0 241.0
0.0 14.0 275147.0 3.9901090334410116 31.0 2.0751467E7 2197.0 313.0
0.0 25.0 190172.0 2.6170745909782345 153.0 4.9254975E7 1280.0 378.0
0.0 28.0 116340.0 2.805361708568882 144.0 4.5177664E7 1252.0 220.0
0.0 30.0 99089.0 1.269210797776168 151.0 4.6421755E7 1170.0 165.0
0.0 16.0 264648.0 2.9922593069423487 14.0 1.6293225E7 2272.0 281.0
0.0 12.0 226389.0 3.8606075970223874 21.0 1.4570469E7 2490.0 330.0
0.0 7.0 234226.0 4.927458324043268 16.0 6932513.0 2764.0 351.0
0.0 19.0 195876.0 3.8669715423635376 53.0 2.6535951E7 1954.0 338.0
0.0 23.0 228450.0 2.3157042253177833 97.0 3.8489623E7 1796.0 292.0
0.0 17.0 257213.0 2.9892271668660286 52.0 3.5882325E7 2006.0 358.0
0.0 31.0 108877.0 2.338193788769383 149.0 5.1479583E7 1072.0 160.0
0.0 29.0 170515.0 2.6715271221027166 142.0 4.6028053E7 1251.0 200.0
0.0 27.0 119431.0 1.7177429284886774 136.0 4.0672143E7 1360.0 293.0
0.0 25.0 177061.0 3.680465650594488 100.0 4.3484087E7 1578.0 215.0
0.0 15.0 226687.0 3.9872314027872355 30.0 1.5686219E7 2217.0 369.0
0.0 27.0 132763.0 2.4760843422768475 157.0 4.4748988E7 1236.0 273.0
0.0 25.0 219510.0 2.872345829327808 77.0 2.4252229E7 1668.0 245.0
0.0 12.0 245542.0 4.487441899022368 23.0 1.4896153E7 2455.0 405.0
0.0 13.0 261835.0 4.016003510043158 27.0 1.4808977E7 2433.0 387.0
0.0 27.0 169034.0 1.7752275491311926 126.0 4.0161321E7 1467.0 262.0
0.0 28.0 224782.0 2.938807064382659 114.0 4.0802287E7 1430.0 220.0
0.0 29.0 151887.0 2.424157734313088 194.0 4.6930437E7 1078.0 295.0
0.0 34.0 117725.0 2.4322229793930004 189.0 4.3518602E7 1031.0 76.0
0.0 32.0 141190.0 2.1607944079644295 188.0 5.234653E7 984.0 191.0
0.0 28.0 151749.0 2.3373360288867313 203.0 5.081671E7 1117.0 288.0
0.0 27.0 167285.0 1.8342957861871696 87.0 3.0142719E7 1703.0 234.0
0.0 34.0 142723.0 1.4731765946212219 202.0 5.7601393E7 905.0 148.0
0.0 29.0 154570.0 1.5051101152654687 193.0 5.2314352E7 1034.0 306.0
0.0 33.0 98342.0 1.3963833803955068 206.0 4.8494806E7 1013.0 215.0
0.0 29.0 102983.0 2.361942627350103 189.0 5.1088713E7 1157.0 248.0
0.0 21.0 206230.0 3.905715683836575 78.0 2.3173483E7 1895.0 346.0
0.0 16.0 266565.0 3.815949733091791 28.0 1.6050803E7 2284.0 384.0
0.0 26.0 156593.0 2.640062168627539 175.0 4.4855145E7 1365.0 194.0
0.0 18.0 243258.0 3.3705587569735473 36.0 2.1263742E7 2160.0 265.0
0.0 9.0 241048.0 4.167150681276447 11.0 3651955.0 2673.0 453.0
0.0 28.0 179286.0 2.4908244009797547 169.0 5.1195116E7 1155.0 347.0
0.0 16.0 228017.0 3.7601469748300165 25.0 6562560.0 2310.0 317.0
0.0 27.0 128129.0 3.6441029461799643 173.0 4.0701496E7 1346.0 333.0
0.0 28.0 166885.0 3.265055059593502 185.0 4.6188822E7 1178.0 253.0
0.0 19.0 146432.0 3.947862146312716 76.0 1.7416239E7 2023.0 319.0
0.0 13.0 216181.0 3.8879845087061815 23.0 9352050.0 2531.0 276.0
0.0 16.0 228275.0 4.041468009141982 82.0 1.1179252E7 2169.0 349.0
0.0 17.0 260776.0 3.3183907057042035 69.0 2.0989245E7 2164.0 355.0
0.0 8.0 256569.0 5.0916572052864915 18.0 7416197.0 2701.0 511.0
0.0 26.0 128245.0 2.984083021144559 172.0 3.9688118E7 1360.0 342.0
0.0 28.0 125578.0 2.6288888865852234 152.0 3.6880958E7 1318.0 106.0
0.0 29.0 147474.0 2.5846950687071955 162.0 3.6635272E7 1264.0 168.0
0.0 33.0 95214.0 1.315430999443126 194.0 5.3142785E7 934.0 177.0
0.0 18.0 228110.0 3.496717260336472 33.0 1.2422624E7 2151.0 286.0
0.0 19.0 215748.0 3.87258279271163 28.0 2.5822899E7 2103.0 266.0
0.0 10.0 308237.0 4.005923877081664 22.0 8849770.0 2607.0 460.0
0.0 11.0 236036.0 4.0523671377180985 18.0 9192548.0 2608.0 301.0
0.0 26.0 180957.0 3.6427510089435144 111.0 3.5099835E7 1432.0 264.0
0.0 12.0 228649.0 4.830272870131664 22.0 8387457.0 2551.0 415.0
0.0 11.0 240828.0 4.684593051339361 23.0 1.303834E7 2564.0 301.0
0.0 12.0 237426.0 4.927010943261734 32.0 4495428.0 2621.0 298.0
0.0 21.0 197630.0 1.9414791546443324 114.0 3.3242747E7 1814.0 244.0
0.0 26.0 170568.0 2.7953745074360454 93.0 4.3792871E7 1445.0 292.0
0.0 32.0 121808.0 1.6023089948172895 159.0 5.2586661E7 986.0 292.0
0.0 21.0 141868.0 4.063778423632905 138.0 3.2345163E7 1831.0 274.0
0.0 12.0 252180.0 3.705724443900657 29.0 1.9414201E7 2405.0 495.0
0.0 29.0 102492.0 2.330956070047756 121.0 3.5889728E7 1362.0 136.0
0.0 27.0 123125.0 2.6927318604921147 128.0 3.6177578E7 1354.0 267.0
0.0 13.0 274879.0 3.1677976475292886 27.0 5076449.0 2519.0 380.0
0.0 9.0 247052.0 4.404452268578035 16.0 3657836.0 2669.0 422.0
0.0 9.0 299722.0 3.469760888966215 22.0 8600517.0 2626.0 393.0
0.0 26.0 164586.0 1.661145552696255 119.0 3.5706918E7 1375.0 273.0
0.0 12.0 281868.0 4.032575854883754 21.0 9582195.0 2555.0 359.0
0.0 14.0 220405.0 3.749117122201455 25.0 1.5356174E7 2437.0 311.0
0.0 25.0 167306.0 2.6858118696514337 125.0 4.4756523E7 1267.0 272.0
0.0 23.0 251814.0 2.901592335289265 112.0 4.8945289E7 1524.0 351.0
0.0 20.0 231998.0 3.9645867166936632 43.0 2.2126967E7 1980.0 195.0
0.0 20.0 244087.0 2.8475445596060975 64.0 3.2244144E7 1758.0 377.0
0.0 12.0 300517.0 3.1749905386198254 16.0 1.9267091E7 2371.0 462.0
0.0 9.0 298981.0 3.607256997115792 14.0 3657774.0 2690.0 406.0
0.0 23.0 193321.0 3.066065888373231 122.0 2.9360364E7 1631.0 211.0
0.0 8.0 300854.0 3.987984508706182 9.0 7720660.0 2683.0 407.0
0.0 18.0 144181.0 2.978756170803352 122.0 1.7903859E7 1861.0 284.0
0.0 16.0 205439.0 3.162851682413169 27.0 1.6089429E7 2294.0 243.0
0.0 17.0 208434.0 4.090315691272528 31.0 1.5633019E7 2342.0 248.0
0.0 10.0 296083.0 3.7586497778551036 31.0 1.8579483E7 2498.0 389.0
0.0 9.0 320223.0 3.937785601911368 15.0 8876251.0 2647.0 500.0
0.0 10.0 311780.0 3.861344499154476 21.0 1.3871719E7 2549.0 437.0
0.0 22.0 170345.0 2.6749206326169697 106.0 2.9156472E7 1593.0 245.0
0.0 8.0 313763.0 4.689883776831039 18.0 8373124.0 2562.0 453.0
0.0 27.0 177018.0 2.7518101988076573 146.0 4.0941543E7 1307.0 289.0
0.0 25.0 230260.0 2.695093128379861 88.0 3.9244319E7 1607.0 273.0
0.0 33.0 110264.0 1.2174360119744543 190.0 5.3037105E7 957.0 236.0
0.0 24.0 152741.0 3.6648479178825286 130.0 3.4788237E7 1556.0 345.0
0.0 26.0 134450.0 2.9214477507981504 129.0 3.078507E7 1488.0 345.0
0.0 23.0 191884.0 2.7995714233887856 123.0 2.901823E7 1577.0 256.0
