0.0 16.0 227717.0 4.6349176859608034 31.0 2.0261324E7 2346.0 280.0
0.0 12.0 242488.0 4.798499401915253 22.0 1.3830122E7 2511.0 369.0
0.0 9.0 316791.0 4.0032613066771585 19.0 1.35133E7 2590.0 492.0
0.0 20.0 254898.0 3.7192369520711672 81.0 3.7314746E7 1768.0 308.0
0.0 22.0 186559.0 3.5740743393092527 135.0 3.3551585E7 1582.0 328.0
0.0 21.0 246318.0 2.610562357006984 36.0 1.7744678E7 2104.0 234.0
0.0 24.0 194370.0 1.9180846919883356 147.0 3.4307708E7 1462.0 355.0
0.0 15.0 210421.0 4.0580917779406604 18.0 1.469861E7 2366.0 261.0
0.0 13.0 216064.0 4.821206675363401 25.0 9186630.0 2541.0 314.0
0.0 19.0 189322.0 4.108317720455465 46.0 3.2196544E7 1867.0 268.0
0.0 22.0 203926.0 3.0260425881803323 89.0 3.8680787E7 1670.0 327.0
0.0 13.0 226708.0 4.437882207443695 25.0 1.5135148E7 2493.0 298.0
0.0 16.0 229538.0 3.9997509145996344 102.0 2.5937451E7 2017.0 337.0
0.0 6.0 305445.0 5.042843328194289 6.0 1.2345347E7 2754.0 414.0
0.0 16.0 255212.0 4.525775623082965 27.0 2.5174661E7 2228.0 279.0
0.0 25.0 141263.0 1.5477464725128318 97.0 2.4570588E7 1691.0 256.0
0.0 20.0 266616.0 3.2835183373004257 88.0 3.277105E7 1808.0 368.0
0.0 28.0 125622.0 1.6469519420807799 152.0 4.5463636E7 1286.0 243.0
0.0 11.0 281562.0 4.001131623805759 10.0 3601467.0 2596.0 385.0
0.0 21.0 234337.0 3.586672698810443 55.0 3.2876527E7 1768.0 243.0
0.0 12.0 286917.0 4.989288221155922 37.0 1.0205711E7 2404.0 412.0
0.0 27.0 169371.0 2.8933316333809116 162.0 4.5051674E7 1272.0 193.0
0.0 19.0 269288.0 2.917274439862294 34.0 2.1743E7 1960.0 356.0
0.0 22.0 199313.0 3.60296592580574 149.0 3.3236744E7 1570.0 305.0
0.0 29.0 125039.0 3.5894673214382644 180.0 5.0386014E7 1202.0 220.0
0.0 20.0 197949.0 4.001613722605276 33.0 2.210612E7 2079.0 301.0
0.0 26.0 140295.0 2.070562963071258 146.0 3.9869553E7 1344.0 298.0
0.0 27.0 166131.0 1.704692404321442 165.0 4.1123115E7 1228.0 307.0
0.0 16.0 231414.0 3.875599176922249 23.0 2.5803874E7 2274.0 371.0
0.0 8.0 254925.0 4.946031352358738 10.0 7737266.0 2724.0 418.0
0.0 24.0 181409.0 3.72190306195234 141.0 3.4411377E7 1524.0 255.0
0.0 26.0 253084.0 1.6838972740259497 62.0 4.4735926E7 1407.0 392.0
0.0 19.0 211848.0 2.8707925436323567 80.0 1.2347084E7 2096.0 259.0
0.0 21.0 214241.0 3.2218691130616177 38.0 3.7105852E7 1826.0 379.0
0.0 23.0 119002.0 1.8811763920947036 117.0 2.4267861E7 1677.0 220.0
0.0 13.0 256388.0 3.744757641622542 38.0 1.4947156E7 2284.0 332.0
0.0 23.0 177565.0 2.9426669980421964 118.0 2.4473952E7 1747.0 167.0
0.0 15.0 285193.0 3.174029822732352 55.0 2.0845549E7 2097.0 411.0
0.0 20.0 198167.0 2.788079387708425 130.0 2.8716155E7 1607.0 387.0
0.0 30.0 96190.0 3.5622222199185574 186.0 4.6980983E7 1153.0 226.0
0.0 29.0 90592.0 3.5555771920483354 191.0 3.7116606E7 1282.0 248.0
0.0 28.0 150178.0 2.547110464976957 192.0 4.5890032E7 1225.0 285.0
0.0 12.0 232937.0 4.407643075539497 22.0 9532821.0 2438.0 373.0
0.0 15.0 228823.0 3.59547148328146 31.0 1.5630823E7 2349.0 394.0
0.0 14.0 271370.0 3.714519102329079 22.0 1.5311455E7 2369.0 339.0
0.0 16.0 278943.0 3.870011343181957 76.0 2.6317622E7 2034.0 411.0
0.0 25.0 216505.0 3.369355658089147 108.0 3.8196289E7 1593.0 176.0
0.0 18.0 196256.0 2.8481253505122526 46.0 2.6372769E7 2016.0 266.0
0.0 19.0 156018.0 2.96974608791558 106.0 1.8649808E7 1928.0 363.0
0.0 11.0 284066.0 4.608173319840071 17.0 9256930.0 2573.0 311.0
0.0 27.0 171287.0 2.5737068137560923 163.0 4.4785996E7 1285.0 185.0
0.0 22.0 242902.0 2.0107282151648964 85.0 2.8727179E7 1751.0 326.0
0.0 13.0 225637.0 4.785509384909506 26.0 9550529.0 2519.0 332.0
0.0 19.0 256333.0 2.3725698347176545 45.0 2.6786218E7 1958.0 227.0
0.0 12.0 246864.0 3.8191759625180164 19.0 1.4175779E7 2552.0 383.0
0.0 27.0 118109.0 2.7292400313170493 177.0 4.1138472E7 1314.0 317.0
0.0 32.0 149734.0 1.207115127796797 199.0 5.7892258E7 894.0 213.0
0.0 30.0 104702.0 2.4706693622200646 202.0 5.1137051E7 1067.0 261.0
0.0 34.0 73959.0 1.1809902463977218 201.0 5.3113235E7 914.0 148.0
0.0 27.0 107288.0 2.968756453358975 121.0 3.4872206E7 1460.0 170.0
0.0 14.0 229363.0 3.8587356037501643 17.0 1.0427333E7 2539.0 332.0
0.0 17.0 177124.0 4.206719127962642 92.0 1.7453002E7 1986.0 372.0
0.0 32.0 125336.0 1.3987301564264933 168.0 4.3405512E7 1092.0 144.0
0.0 11.0 245850.0 5.128971900992404 34.0 1.4141197E7 2356.0 444.0
0.0 13.0 271590.0 3.940086435963712 21.0 5203582.0 2581.0 246.0
0.0 17.0 234010.0 3.2365546726285865 87.0 2.2744038E7 1906.0 367.0
0.0 31.0 91792.0 3.4599983000475785 183.0 5.1712504E7 1106.0 194.0
0.0 16.0 279236.0 4.6537160935748885 33.0 1.5539964E7 2200.0 434.0
0.0 14.0 240865.0 4.04611730938036 37.0 1.0156019E7 2308.0 427.0
0.0 10.0 283895.0 4.90221588916315 23.0 1.8170795E7 2497.0 376.0
0.0 28.0 139110.0 1.6331043432596968 160.0 4.1584438E7 1262.0 348.0
0.0 10.0 286556.0 3.3906126637933536 18.0 8734303.0 2584.0 423.0
0.0 8.0 287702.0 4.152671089085879 7.0 8264525.0 2703.0 364.0
0.0 4.0 315731.0 5.213172609757554 16.0 1254299.0 2923.0 487.0
0.0 6.0 312304.0 4.141189460394786 11.0 7376214.0 2768.0 483.0
0.0 21.0 225573.0 3.9637347682577304 70.0 2.7639416E7 1854.0 218.0
0.0 20.0 181485.0 4.012491649553188 103.0 2.2778329E7 1805.0 308.0
0.0 12.0 259489.0 4.227940272432438 27.0 1.4056064E7 2503.0 327.0
0.0 8.0 295835.0 4.130088545644378 11.0 8178585.0 2635.0 489.0
0.0 21.0 197865.0 3.2936635184298773 100.0 2.8344554E7 1656.0 314.0
0.0 17.0 267908.0 3.0842649065728054 37.0 2.6340215E7 1931.0 376.0
0.0 20.0 252281.0 3.857787501320594 50.0 3.6759736E7 1809.0 234.0
0.0 7.0 288669.0 5.208340226150365 10.0 7580181.0 2805.0 375.0
0.0 16.0 230023.0 3.663321578004619 63.0 2.0643898E7 2239.0 299.0
0.0 18.0 228655.0 2.885911309814953 89.0 2.6884646E7 1946.0 394.0
0.0 27.0 113608.0 3.4202934223704404 128.0 4.0494497E7 1338.0 243.0
0.0 25.0 158017.0 3.319524566694588 133.0 3.9911926E7 1327.0 235.0
0.0 20.0 133592.0 4.038987586748004 109.0 1.8179399E7 1851.0 272.0
0.0 23.0 197752.0 3.0172725256386554 64.0 2.4105364E7 1828.0 296.0
0.0 30.0 109875.0 2.63330902784747 169.0 3.7191171E7 1231.0 215.0
0.0 10.0 250458.0 4.898344135377678 14.0 1.3020202E7 2610.0 431.0
0.0 27.0 108281.0 1.6608641736400702 162.0 4.0394577E7 1342.0 155.0
0.0 29.0 166649.0 1.4798665977330896 198.0 4.652127E7 1126.0 331.0
0.0 30.0 156019.0 1.473113456953021 163.0 5.1848796E7 1026.0 208.0
0.0 22.0 139318.0 3.8199996861921917 86.0 2.8325821E7 1605.0 277.0
0.0 28.0 112540.0 2.3702968462306377 171.0 4.5759736E7 1271.0 214.0
0.0 13.0 309462.0 3.991880395382528 31.0 1.5263555E7 2335.0 468.0
0.0 11.0 288313.0 5.023226354388061 16.0 1.3466317E7 2525.0 407.0
0.0 23.0 216954.0 2.040519679253168 51.0 3.3835753E7 1678.0 340.0
0.0 27.0 164045.0 1.3771097055025132 177.0 4.0854212E7 1267.0 264.0
0.0 32.0 89841.0 2.5845825605163517 194.0 4.7256204E7 1162.0 161.0
0.0 30.0 92517.0 2.5233009411674328 203.0 4.6344474E7 1133.0 215.0
0.0 24.0 237659.0 1.7031642232178157 73.0 2.48832E7 1703.0 351.0
0.0 25.0 182116.0 1.827859128078561 131.0 3.5182185E7 1487.0 297.0
0.0 14.0 237153.0 4.652105731514416 27.0 9708105.0 2491.0 326.0
0.0 11.0 295309.0 3.9330236971494634 26.0 4606319.0 2606.0 408.0
0.0 34.0 63229.0 1.3287004309500117 159.0 4.2876636E7 1091.0 59.0
0.0 12.0 260873.0 4.829431073836958 26.0 1.884328E7 2511.0 350.0
0.0 12.0 234266.0 4.920587333597869 15.0 1.8903974E7 2456.0 334.0
0.0 22.0 149347.0 3.1112453483830924 102.0 3.3728249E7 1604.0 247.0
0.0 21.0 202626.0 2.780486845335565 107.0 2.8556683E7 1617.0 334.0
0.0 25.0 121987.0 2.851081195930078 149.0 3.415778E7 1530.0 152.0
0.0 21.0 248209.0 2.730538493549029 43.0 2.3534674E7 1888.0 285.0
0.0 13.0 290076.0 4.1051754405264 33.0 1.5773735E7 2316.0 398.0
0.0 26.0 159389.0 1.781485618547157 139.0 4.4637733E7 1253.0 233.0
0.0 10.0 305672.0 5.071815935445222 20.0 8254213.0 2658.0 418.0
0.0 17.0 161723.0 4.262242532623331 70.0 1.6298966E7 2152.0 325.0
0.0 28.0 95565.0 2.701465677399469 145.0 3.6223967E7 1424.0 174.0
0.0 27.0 123559.0 3.8019355120908656 160.0 4.0541179E7 1303.0 326.0
0.0 27.0 171411.0 3.604192117925607 174.0 5.0223705E7 1250.0 195.0
0.0 27.0 111245.0 3.4504744905237685 151.0 3.9845374E7 1337.0 149.0
0.0 11.0 286667.0 4.844565563264335 18.0 1.3546986E7 2605.0 304.0
0.0 24.0 192198.0 2.335802377353079 112.0 2.4770701E7 1592.0 295.0
0.0 19.0 273510.0 3.6158461120896246 36.0 1.2710351E7 2113.0 357.0
0.0 18.0 209157.0 3.6516086450369807 76.0 3.104329E7 1983.0 338.0
0.0 12.0 245092.0 5.085516873693087 32.0 1.4736279E7 2371.0 415.0
0.0 19.0 192179.0 3.947588553506702 59.0 2.1963969E7 1959.0 295.0
0.0 18.0 279095.0 2.949354089202809 50.0 2.2503681E7 1983.0 417.0
0.0 8.0 314251.0 4.242943846359698 16.0 8131980.0 2700.0 444.0
0.0 20.0 147504.0 3.088542439333597 97.0 2.3185774E7 1806.0 289.0
0.0 8.0 301041.0 3.557626871752638 9.0 3606475.0 2626.0 483.0
0.0 23.0 165236.0 2.7364170648098725 140.0 3.9250254E7 1440.0 295.0
0.0 14.0 233596.0 3.4273747818544638 23.0 1.5362748E7 2395.0 419.0
0.0 30.0 115942.0 2.622755459816998 165.0 5.0820532E7 1160.0 254.0
0.0 21.0 231873.0 3.624744129267092 41.0 2.7744458E7 1879.0 220.0
0.0 24.0 180646.0 2.753315557838521 69.0 3.3959241E7 1656.0 227.0
0.0 30.0 114577.0 2.389808118200926 188.0 4.2052747E7 1206.0 256.0
0.0 14.0 289297.0 3.1692400100662783 9.0 1.5530193E7 2298.0 418.0
0.0 26.0 174991.0 2.0579719162586487 127.0 3.5167182E7 1448.0 191.0
0.0 31.0 80130.0 2.3494112990293012 191.0 5.1529452E7 1083.0 96.0
0.0 29.0 115359.0 2.6455694769500244 153.0 3.669438E7 1291.0 200.0
0.0 32.0 115473.0 2.4026352680427436 203.0 4.2205362E7 1170.0 74.0
0.0 17.0 223278.0 3.221214117206227 31.0 2.1750044E7 2227.0 391.0
0.0 15.0 247949.0 3.1917882711969563 26.0 1.1237985E7 2237.0 327.0
0.0 8.0 265036.0 5.070557963620063 24.0 8072189.0 2641.0 437.0
0.0 30.0 134325.0 3.602322470545124 183.0 4.1863799E7 1200.0 107.0
0.0 10.0 302033.0 3.850893417639727 18.0 1.3928012E7 2587.0 348.0
0.0 24.0 222895.0 2.866129644336817 85.0 3.3418133E7 1719.0 221.0
0.0 31.0 144559.0 2.266249220957818 182.0 4.6598932E7 1101.0 203.0
0.0 16.0 276851.0 3.9481831354966332 47.0 1.5992683E7 2183.0 409.0
0.0 28.0 150427.0 2.7224740807608137 189.0 4.0248626E7 1364.0 116.0
0.0 18.0 281639.0 3.239694757203052 29.0 2.2646757E7 1991.0 391.0
0.0 25.0 139036.0 2.635733465083865 118.0 3.0268737E7 1495.0 338.0
0.0 30.0 120784.0 3.3855015245932107 146.0 3.6780928E7 1317.0 71.0
0.0 18.0 232830.0 3.7898248516927158 41.0 1.6032512E7 2264.0 172.0
0.0 9.0 235948.0 4.023366266428366 30.0 3626124.0 2736.0 377.0
0.0 26.0 96690.0 3.5977822263475963 171.0 4.0034723E7 1376.0 221.0
0.0 30.0 133569.0 2.5829500639744505 182.0 4.6302618E7 1167.0 185.0
0.0 25.0 172247.0 3.739986521968501 134.0 3.4678001E7 1468.0 259.0
0.0 18.0 222263.0 3.7972507504299275 40.0 2.1517838E7 2207.0 251.0
0.0 23.0 176080.0 2.981827382046815 134.0 2.4487579E7 1626.0 265.0
0.0 23.0 177197.0 3.1429675724905346 133.0 2.4261843E7 1641.0 196.0
0.0 29.0 104354.0 2.3030743502443713 174.0 4.1168711E7 1253.0 202.0
0.0 14.0 237372.0 3.895786564485336 25.0 1.9799456E7 2351.0 416.0
0.0 12.0 297595.0 4.940364630127069 18.0 1.4036612E7 2501.0 400.0
0.0 26.0 178324.0 2.81759264050866 191.0 5.5101159E7 1276.0 218.0
0.0 23.0 146047.0 2.9251995545499545 168.0 4.4103092E7 1400.0 373.0
0.0 29.0 221319.0 2.3063015581929416 132.0 4.5583744E7 1405.0 255.0
0.0 14.0 259174.0 4.99963170281088 30.0 1.0196113E7 2481.0 259.0
0.0 27.0 167497.0 2.6596707592997966 123.0 3.1345337E7 1371.0 312.0
0.0 32.0 126387.0 3.110669094681221 163.0 4.2762576E7 1102.0 147.0
0.0 32.0 138398.0 2.0908244009797543 167.0 4.8066363E7 970.0 200.0
0.0 34.0 74102.0 3.3146339247892787 203.0 4.8297899E7 972.0 157.0
0.0 32.0 66557.0 2.4474062864979724 202.0 5.2042045E7 1058.0 91.0
0.0 34.0 86646.0 1.3765386866940401 210.0 5.3446773E7 868.0 197.0
0.0 26.0 162002.0 1.672034534530476 123.0 3.5231492E7 1472.0 158.0
0.0 29.0 139104.0 1.4874305896801705 193.0 4.6189084E7 1162.0 133.0
0.0 29.0 138164.0 2.517360064530086 180.0 4.1283751E7 1227.0 172.0
0.0 26.0 154475.0 2.5656582292968415 153.0 4.5307882E7 1326.0 204.0
0.0 30.0 149414.0 2.331655160047968 184.0 4.648518E7 1192.0 175.0
0.0 17.0 252197.0 4.459518668640122 60.0 3.1191752E7 1976.0 295.0
0.0 17.0 230457.0 3.183327912650317 20.0 2.6490881E7 2119.0 442.0
0.0 16.0 278487.0 3.9259378528012405 39.0 2.6032177E7 2070.0 275.0
0.0 25.0 236246.0 2.8507631566813054 121.0 3.9313573E7 1481.0 353.0
0.0 25.0 217390.0 1.648072652595615 89.0 3.9391684E7 1512.0 241.0
0.0 34.0 81127.0 1.2737220759716568 190.0 5.7794964E7 899.0 134.0
0.0 32.0 111067.0 3.307365754363213 177.0 4.2698586E7 1149.0 273.0
0.0 28.0 111637.0 3.7154309994431256 171.0 3.6593338E7 1328.0 258.0
0.0 31.0 102329.0 1.2852057030721948 203.0 5.248883E7 1040.0 284.0
0.0 10.0 294980.0 4.5983323175376425 20.0 1.3014963E7 2563.0 402.0
0.0 17.0 186341.0 4.057138196252927 99.0 1.7456083E7 2076.0 342.0
0.0 12.0 247003.0 3.5463690761007176 15.0 9774752.0 2519.0 395.0
0.0 27.0 101596.0 3.5068047827385738 165.0 3.5514385E7 1402.0 147.0
0.0 29.0 151807.0 2.3883181353155942 173.0 4.673886E7 1162.0 198.0
0.0 23.0 133554.0 1.6868703693377916 142.0 3.4389124E7 1766.0 150.0
0.0 28.0 161103.0 1.5281991778171795 169.0 4.6322711E7 1262.0 185.0
0.0 23.0 172661.0 3.9979062011133744 138.0 2.9264081E7 1617.0 263.0
0.0 29.0 162091.0 1.8583444322480758 180.0 4.5979008E7 1203.0 248.0
0.0 16.0 260141.0 3.0958701066741408 42.0 6609255.0 2291.0 290.0
0.0 20.0 245257.0 2.8637436336713566 60.0 3.2387446E7 1913.0 282.0
0.0 26.0 104030.0 2.4494572410079436 128.0 3.9605473E7 1354.0 217.0
0.0 18.0 212881.0 4.061536464715642 42.0 1.703352E7 2126.0 266.0
0.0 14.0 226356.0 4.260795345369872 35.0 1.0297886E7 2360.0 346.0
0.0 19.0 195325.0 3.989513263416907 97.0 2.2163897E7 1778.0 307.0
0.0 9.0 250029.0 4.965620128350708 22.0 1.3647148E7 2514.0 408.0
0.0 22.0 121792.0 3.196408917853545 127.0 3.349117E7 1753.0 283.0
0.0 27.0 167479.0 2.3908244009797546 154.0 5.110565E7 1179.0 340.0
0.0 15.0 206708.0 3.997381995919403 28.0 5459981.0 2499.0 312.0
0.0 19.0 188642.0 3.865853362297989 54.0 1.7297549E7 2111.0 280.0
0.0 15.0 261528.0 3.8992104368800957 29.0 1.6335887E7 2176.0 342.0
0.0 12.0 250312.0 4.8460933545568 35.0 4882199.0 2435.0 456.0
0.0 11.0 281588.0 4.076144510632756 18.0 9105975.0 2631.0 333.0
0.0 23.0 206524.0 4.0695923609574285 72.0 2.8750747E7 1813.0 256.0
0.0 31.0 164884.0 1.3659084241951567 152.0 4.6811015E7 1130.0 216.0
0.0 15.0 271653.0 3.772391110567324 42.0 2.0819999E7 2126.0 385.0
0.0 28.0 154255.0 2.3519175646934607 158.0 4.5839161E7 1199.0 159.0
0.0 14.0 280031.0 3.176501296149064 27.0 1.6140298E7 2344.0 374.0
0.0 22.0 192390.0 3.6796369911591746 142.0 2.9123044E7 1696.0 237.0
0.0 24.0 130840.0 3.000690940740219 116.0 2.9730943E7 1687.0 304.0
0.0 28.0 153363.0 3.7138692353138625 176.0 3.5650397E7 1370.0 157.0
0.0 33.0 83746.0 1.3636527850974123 196.0 5.7196546E7 944.0 114.0
0.0 25.0 232647.0 1.734797039320002 69.0 3.9424298E7 1569.0 219.0
0.0 12.0 218895.0 3.341659355986237 26.0 9701080.0 2487.0 361.0
0.0 10.0 240003.0 4.421232516753633 27.0 1.3910188E7 2586.0 472.0
0.0 29.0 107219.0 2.315772762942784 138.0 3.6892296E7 1282.0 243.0
0.0 22.0 219783.0 3.7692507446427403 62.0 2.756349E7 1984.0 267.0
0.0 26.0 164306.0 4.442631003801274 93.0 2.9056776E7 1754.0 183.0
0.0 22.0 206854.0 2.8409165046499933 107.0 3.3735024E7 1581.0 258.0
0.0 31.0 148429.0 2.2597467067441652 189.0 4.7852043E7 1044.0 249.0
0.0 16.0 236000.0 3.7529354007752143 38.0 2.0680631E7 2118.0 373.0
0.0 11.0 261026.0 5.0191843564978535 18.0 1.3300603E7 2547.0 493.0
0.0 10.0 250627.0 4.87128711471545 16.0 1.3038674E7 2647.0 349.0
0.0 27.0 187773.0 1.3826372664768307 173.0 5.5633112E7 1037.0 368.0
0.0 30.0 104496.0 2.640699087696546 188.0 4.6850563E7 1133.0 234.0
0.0 12.0 288546.0 3.640629460190947 18.0 1.4517465E7 2450.0 332.0
0.0 30.0 98598.0 2.5790901473128005 146.0 4.7092857E7 1210.0 205.0
0.0 34.0 67677.0 1.2580375157338528 167.0 4.8336901E7 929.0 85.0
0.0 21.0 197664.0 2.739647773702901 130.0 3.4371055E7 1592.0 358.0
0.0 30.0 144058.0 1.3494112990293008 191.0 5.1709225E7 1054.0 137.0
0.0 12.0 272321.0 4.399788969637853 21.0 9451797.0 2561.0 271.0
0.0 15.0 283559.0 3.1305708423524257 32.0 2.032855E7 2248.0 414.0
0.0 30.0 98942.0 1.7796159711666735 189.0 4.1934561E7 1203.0 217.0
0.0 20.0 239572.0 3.7330172423398094 73.0 4.0971073E7 1951.0 300.0
0.0 19.0 279060.0 3.0802357523425368 46.0 2.7955387E7 1878.0 458.0
0.0 28.0 104228.0 3.837336995623728 159.0 3.5505098E7 1465.0 134.0
0.0 30.0 158129.0 2.316077965695967 175.0 4.6895189E7 1164.0 173.0
0.0 14.0 232334.0 3.8808036995887516 20.0 1.0126423E7 2523.0 271.0
0.0 16.0 213117.0 2.353284566381383 33.0 1.7055293E7 2137.0 304.0
0.0 18.0 209958.0 4.151995225898869 110.0 2.2357078E7 1846.0 379.0
0.0 23.0 239823.0 3.2816642072398015 67.0 2.9620994E7 1740.0 308.0
0.0 12.0 286188.0 4.76593918841221 20.0 1.4229121E7 2483.0 398.0
0.0 11.0 272311.0 4.668153056415551 26.0 1.3604729E7 2511.0 267.0
0.0 29.0 143065.0 2.6911671312164094 146.0 3.644882E7 1342.0 114.0
0.0 14.0 237970.0 4.118868739580337 23.0 1.6090094E7 2318.0 364.0
0.0 13.0 283031.0 3.042247489102314 13.0 1.9789415E7 2274.0 357.0
0.0 27.0 123514.0 1.6700921616428641 167.0 4.5331749E7 1244.0 330.0
0.0 20.0 257452.0 2.0162600546373826 58.0 4.2111949E7 1809.0 412.0
0.0 23.0 187677.0 3.468236537485143 75.0 3.2730841E7 1739.0 246.0
0.0 29.0 119954.0 2.6907801727621514 125.0 4.0698045E7 1266.0 259.0
0.0 24.0 168701.0 1.9721125503197234 74.0 3.4369956E7 1678.0 218.0
0.0 29.0 153820.0 1.1889105253816683 198.0 4.6870407E7 1063.0 292.0
0.0 23.0 238998.0 1.9186039095164598 81.0 3.3584675E7 1811.0 270.0
0.0 24.0 192387.0 2.8488968702552158 94.0 1.9086848E7 1709.0 211.0
0.0 29.0 97293.0 3.41814626776427 133.0 3.6137075E7 1405.0 139.0
0.0 20.0 223535.0 3.084716829208995 55.0 2.2039285E7 2095.0 190.0
0.0 21.0 195502.0 3.7494833967907395 60.0 2.8206918E7 1878.0 293.0
0.0 13.0 232066.0 4.25720902968205 9.0 4958595.0 2579.0 284.0
0.0 7.0 315492.0 5.053575075595578 14.0 7429618.0 2706.0 444.0
0.0 5.0 330258.0 4.127154372675488 7.0 7097679.0 2820.0 534.0
0.0 15.0 228685.0 3.323199956120452 46.0 1.0957016E7 2303.0 284.0
0.0 19.0 203925.0 3.8412279841455166 140.0 2.7897317E7 1827.0 360.0
0.0 14.0 228687.0 4.40462899243897 34.0 1.0554613E7 2453.0 382.0
0.0 25.0 164244.0 1.6560432828397895 142.0 3.5825687E7 1402.0 235.0
0.0 22.0 183565.0 2.7051877201426775 110.0 1.8873599E7 1710.0 304.0
0.0 9.0 251797.0 5.038081423432383 17.0 8419133.0 2698.0 392.0
0.0 4.0 305947.0 5.052071316197081 8.0 1656625.0 2867.0 453.0
0.0 4.0 330087.0 4.322141841347166 5.0 6749401.0 2841.0 545.0
0.0 28.0 172548.0 2.5667200223862117 172.0 5.5756523E7 1108.0 339.0
