0.0 28.0 134165.0 1.8053403373112804 131.0 4.5691869E7 1272.0 227.0
0.0 28.0 180474.0 1.5631505652275834 130.0 4.6529171E7 1196.0 351.0
0.0 31.0 96161.0 1.633371198778674 199.0 4.70926E7 1080.0 180.0
0.0 32.0 148869.0 1.2905140559215313 199.0 5.2578925E7 1018.0 231.0
0.0 23.0 125069.0 2.4673074220160194 114.0 3.3914667E7 1489.0 318.0
0.0 12.0 233835.0 5.104473442484532 24.0 8934766.0 2428.0 362.0
0.0 8.0 263447.0 4.942851458041053 18.0 8167515.0 2525.0 495.0
0.0 30.0 146869.0 3.5922242136688407 175.0 4.0869289E7 1301.0 108.0
0.0 30.0 167019.0 2.5784994710077656 170.0 4.1582297E7 1158.0 276.0
0.0 29.0 160715.0 1.3894663547012678 169.0 5.5728163E7 993.0 257.0
0.0 27.0 148239.0 2.664199385053617 163.0 4.0335394E7 1303.0 162.0
0.0 13.0 269773.0 4.143350665823687 22.0 1.0024865E7 2459.0 300.0
0.0 29.0 146809.0 2.3011452851574115 148.0 4.1617785E7 1198.0 199.0
0.0 24.0 136474.0 3.608918879600549 122.0 3.0232598E7 1511.0 314.0
0.0 15.0 287324.0 3.8148102287093955 25.0 1.0535204E7 2378.0 362.0
0.0 13.0 238277.0 4.059965921912627 18.0 9531928.0 2495.0 316.0
0.0 10.0 247263.0 5.094367487429587 11.0 8417056.0 2745.0 381.0
0.0 14.0 235313.0 3.887202124591828 49.0 2.0458126E7 2363.0 364.0
0.0 10.0 300986.0 4.823249261059238 29.0 1.3668236E7 2571.0 392.0
0.0 25.0 121516.0 1.8246376161883187 132.0 3.9662877E7 1358.0 267.0
0.0 23.0 191218.0 2.980058719287727 72.0 3.8900743E7 1690.0 281.0
0.0 13.0 246140.0 3.432406770216747 29.0 1.0670768E7 2443.0 396.0
0.0 11.0 315258.0 3.29932406344983 18.0 9936449.0 2503.0 498.0
0.0 29.0 147416.0 1.5483542165768693 168.0 4.2008689E7 1174.0 185.0
0.0 12.0 299491.0 4.155143289631535 25.0 1.9625546E7 2313.0 403.0
0.0 29.0 144971.0 1.6367128863308882 176.0 4.6256909E7 1151.0 127.0
0.0 18.0 197589.0 4.015220319743282 30.0 2.1253197E7 2181.0 297.0
0.0 26.0 119890.0 1.6362799131712966 119.0 3.5654608E7 1414.0 221.0
0.0 15.0 261183.0 3.2864317728465635 23.0 1.1420425E7 2409.0 312.0
0.0 21.0 220724.0 3.0627686950026334 52.0 2.3070305E7 1984.0 413.0
0.0 19.0 166717.0 3.997441097574249 86.0 1.7051283E7 1896.0 352.0
0.0 28.0 182765.0 2.8921168477830372 141.0 4.1001446E7 1243.0 302.0
0.0 30.0 96701.0 3.603335324779952 159.0 4.0974257E7 1263.0 180.0
0.0 14.0 284282.0 3.9634146543272037 34.0 1.0324666E7 2246.0 396.0
0.0 12.0 221871.0 3.96284186486253 28.0 9541269.0 2434.0 310.0
0.0 29.0 97704.0 2.4779827276007294 141.0 4.1001511E7 1301.0 134.0
0.0 26.0 124585.0 1.542097933648636 136.0 4.5784403E7 1277.0 355.0
0.0 11.0 235554.0 3.84721947555593 15.0 1.3761964E7 2526.0 358.0
0.0 17.0 214895.0 4.700172312205299 86.0 3.0802418E7 2043.0 366.0
0.0 20.0 192932.0 3.1331605190788308 46.0 2.2140014E7 1949.0 237.0
0.0 11.0 237996.0 4.842600831474637 23.0 8800846.0 2438.0 355.0
0.0 12.0 237110.0 4.990462375813336 33.0 9759912.0 2492.0 301.0
0.0 7.0 273584.0 5.00921417333994 17.0 7733528.0 2767.0 510.0
0.0 9.0 249860.0 4.08459305133936 21.0 8419133.0 2698.0 388.0
0.0 7.0 254070.0 4.327154372675488 11.0 2677683.0 2827.0 410.0
0.0 6.0 309952.0 5.080642744768511 8.0 7071918.0 2762.0 428.0
0.0 12.0 285374.0 3.836974003720313 29.0 1.4342738E7 2551.0 294.0
0.0 26.0 155263.0 3.635906430444873 168.0 4.0293465E7 1354.0 180.0
0.0 30.0 100168.0 1.7395609154947067 183.0 4.1749837E7 1213.0 155.0
0.0 22.0 206816.0 3.3552120858782746 69.0 3.7799244E7 1699.0 420.0
0.0 21.0 254445.0 2.181990928435556 56.0 2.7819765E7 1897.0 307.0
0.0 32.0 96307.0 1.6490712492906823 194.0 4.7138327E7 1089.0 200.0
0.0 21.0 207236.0 3.1461630612123392 40.0 1.8084811E7 1939.0 266.0
0.0 26.0 157020.0 2.5692397637782065 165.0 3.0991185E7 1429.0 146.0
0.0 20.0 184275.0 3.1760324822703963 114.0 2.8527682E7 1811.0 211.0
0.0 16.0 213628.0 4.0987760498191665 41.0 1.6125004E7 2285.0 228.0
0.0 10.0 252362.0 4.153913894430695 31.0 1.3998274E7 2500.0 355.0
0.0 18.0 212130.0 4.350998139451672 44.0 2.6602253E7 2005.0 298.0
0.0 16.0 223996.0 4.614473135184733 26.0 1.605223E7 2270.0 303.0
0.0 12.0 240160.0 3.806502476063962 29.0 1.0159011E7 2409.0 298.0
0.0 30.0 133377.0 1.557180722588198 145.0 3.7257137E7 1268.0 162.0
0.0 19.0 212158.0 3.277583789616776 39.0 1.7948823E7 2065.0 294.0
0.0 9.0 307465.0 3.3247960177718356 18.0 1.8662131E7 2476.0 476.0
0.0 8.0 311274.0 3.4893549561012653 6.0 1.3430676E7 2652.0 441.0
0.0 20.0 200988.0 1.9895711558499425 73.0 2.3278009E7 1915.0 294.0
0.0 18.0 254799.0 3.1255478111861676 48.0 2.6572698E7 2125.0 246.0
0.0 26.0 117641.0 2.668210005271544 117.0 3.4956188E7 1397.0 298.0
0.0 22.0 206001.0 3.7741002152927203 57.0 3.2798884E7 1720.0 353.0
0.0 27.0 115621.0 1.4407902246297888 128.0 3.5910463E7 1275.0 233.0
0.0 10.0 257964.0 3.315826786182223 5.0 1.3829555E7 2556.0 475.0
0.0 30.0 81240.0 3.362131082985315 178.0 5.1330087E7 1079.0 119.0
0.0 11.0 314153.0 4.442376867308904 19.0 4864386.0 2468.0 495.0
0.0 24.0 158086.0 2.869814832484491 94.0 1.9758079E7 1671.0 286.0
0.0 18.0 262230.0 4.117853038844592 32.0 1.6610549E7 2049.0 279.0
0.0 27.0 161877.0 2.652151962307316 175.0 4.6062707E7 1214.0 314.0
0.0 18.0 252595.0 4.833689619607931 84.0 3.6009811E7 1913.0 352.0
0.0 25.0 173448.0 2.644444709679622 160.0 4.0151217E7 1330.0 334.0
0.0 11.0 260687.0 4.99996327866597 17.0 1.3768953E7 2565.0 313.0
0.0 27.0 146355.0 2.597720055416392 120.0 3.5649197E7 1384.0 112.0
0.0 28.0 160064.0 1.714323579731055 180.0 4.168829E7 1273.0 244.0
0.0 20.0 201224.0 2.7650145335476264 98.0 2.7666489E7 1939.0 200.0
0.0 33.0 75938.0 2.285205703072195 171.0 4.7777658E7 1089.0 155.0
0.0 24.0 203976.0 2.301347773935628 74.0 4.3143937E7 1564.0 373.0
0.0 22.0 212062.0 2.660298034201677 115.0 3.3406695E7 1547.0 394.0
0.0 23.0 185598.0 3.2305151945006423 93.0 3.2954099E7 1685.0 218.0
0.0 11.0 233463.0 4.652447124920145 16.0 3595682.0 2632.0 324.0
0.0 15.0 208700.0 3.8590156002943865 24.0 1.5106642E7 2350.0 284.0
0.0 16.0 189947.0 3.7276145169408417 37.0 5928137.0 2445.0 205.0
0.0 26.0 174575.0 2.0224954520184144 116.0 3.0707757E7 1464.0 220.0
0.0 15.0 206194.0 4.07791793908821 23.0 9397503.0 2407.0 238.0
0.0 30.0 88497.0 2.4645400299475053 175.0 3.6793872E7 1227.0 140.0
0.0 30.0 138935.0 3.419395829551183 180.0 4.2070259E7 1134.0 243.0
0.0 31.0 142838.0 1.5434559799271228 184.0 4.2982113E7 1106.0 250.0
0.0 31.0 146311.0 1.419646456117599 198.0 5.2689653E7 984.0 232.0
0.0 13.0 217891.0 4.198076268701585 14.0 9617048.0 2490.0 326.0
0.0 30.0 119019.0 1.8626886260659539 171.0 5.1034212E7 1144.0 273.0
0.0 29.0 116190.0 2.5622087441907233 174.0 5.0537498E7 1122.0 262.0
0.0 32.0 166685.0 1.4739881928122769 200.0 5.2840893E7 972.0 307.0
0.0 26.0 181524.0 2.506199587580135 106.0 3.5914138E7 1393.0 236.0
0.0 14.0 228215.0 5.089361728601771 27.0 1.9744313E7 2199.0 373.0
0.0 29.0 96466.0 3.250442771297003 137.0 3.6300113E7 1309.0 129.0
0.0 12.0 231965.0 4.122157876400883 24.0 1.489723E7 2297.0 411.0
0.0 20.0 158294.0 3.68343339322251 97.0 1.3704944E7 1879.0 321.0
0.0 20.0 201846.0 2.7929166578716154 101.0 2.3440265E7 1763.0 328.0
0.0 27.0 174458.0 1.5381928220323862 125.0 4.1190112E7 1227.0 313.0
0.0 28.0 99691.0 2.65893510855311 133.0 4.0531989E7 1339.0 154.0
0.0 14.0 228813.0 3.9955140284455597 24.0 1.4512838E7 2349.0 373.0
0.0 6.0 266333.0 5.1473094114351765 12.0 2403374.0 2816.0 482.0
0.0 23.0 124148.0 3.8673061968291593 146.0 3.8116173E7 1702.0 264.0
0.0 12.0 291372.0 3.4864296221468187 14.0 1.9247519E7 2381.0 368.0
0.0 32.0 94511.0 2.3543164644718177 189.0 5.2460092E7 1004.0 250.0
0.0 26.0 104741.0 2.6472786679603373 117.0 3.077969E7 1445.0 204.0
0.0 14.0 257758.0 4.777008481488163 39.0 1.0063881E7 2341.0 303.0
0.0 22.0 226333.0 3.1512826061285244 62.0 2.8585888E7 1803.0 279.0
0.0 13.0 239474.0 3.3568823027696544 32.0 1.5512262E7 2280.0 481.0
0.0 24.0 158932.0 2.5628818836498346 109.0 1.5679558E7 1683.0 122.0
0.0 12.0 298361.0 4.43842025311337 23.0 9869761.0 2385.0 470.0
0.0 13.0 237264.0 3.941440729904339 20.0 3915724.0 2555.0 307.0
0.0 14.0 222812.0 4.523195829357538 72.0 1.5414919E7 2075.0 385.0
0.0 28.0 155705.0 2.5201715329474292 161.0 4.0728666E7 1287.0 149.0
0.0 15.0 212391.0 4.406516671123507 31.0 1.5313264E7 2181.0 357.0
0.0 14.0 271326.0 4.710383632856654 27.0 9684659.0 2486.0 289.0
0.0 20.0 255607.0 2.6479920385088396 84.0 3.7113691E7 1853.0 269.0
0.0 24.0 190964.0 2.5813259446846013 153.0 3.4950626E7 1465.0 201.0
0.0 13.0 233976.0 3.27236567438634 11.0 1.46683E7 2436.0 316.0
0.0 19.0 256380.0 3.12455969733115 66.0 2.7084784E7 1865.0 376.0
0.0 29.0 111223.0 1.696408917853545 180.0 4.6031631E7 1231.0 179.0
0.0 25.0 117587.0 2.994731597938771 116.0 2.9998588E7 1539.0 192.0
0.0 16.0 231612.0 3.8368473330908457 29.0 1.5677579E7 2329.0 334.0
0.0 10.0 284551.0 4.958129351105168 24.0 1.2750777E7 2588.0 355.0
0.0 23.0 187228.0 2.114395677492494 57.0 2.8527399E7 1776.0 236.0
0.0 18.0 200130.0 3.9338095969064133 42.0 2.1439372E7 2017.0 251.0
0.0 16.0 218060.0 3.303616715563421 18.0 1.619243E7 2328.0 303.0
0.0 25.0 176555.0 3.6055909638776966 127.0 3.4436154E7 1486.0 178.0
0.0 21.0 211757.0 3.243365405755109 130.0 3.3944324E7 1662.0 257.0
0.0 10.0 307398.0 4.113976078101844 19.0 9095913.0 2579.0 443.0
0.0 20.0 140755.0 3.168471411475225 158.0 3.2747283E7 1737.0 300.0
0.0 30.0 132200.0 3.3855015245932107 148.0 3.6622295E7 1268.0 109.0
0.0 31.0 143818.0 2.357741694212837 154.0 4.3036279E7 1088.0 222.0
0.0 23.0 210476.0 4.50040787491964 71.0 3.3353898E7 1761.0 306.0
0.0 31.0 100079.0 2.4983441647092324 179.0 4.2428487E7 1157.0 186.0
0.0 16.0 215818.0 3.8484644893871147 25.0 1.5792244E7 2170.0 337.0
0.0 29.0 149353.0 3.4351093557910257 184.0 4.6448822E7 1126.0 206.0
0.0 21.0 190319.0 3.0446719935756374 74.0 3.3191399E7 1773.0 397.0
0.0 18.0 220251.0 3.089916570669041 32.0 1.7156958E7 2090.0 325.0
0.0 17.0 216406.0 4.226158724976087 65.0 2.0526865E7 2227.0 332.0
0.0 24.0 181364.0 2.6206351858700985 155.0 3.4469741E7 1410.0 290.0
0.0 29.0 157659.0 2.545711619024867 187.0 5.1170573E7 1092.0 263.0
0.0 38.0 57180.0 1.2818470395433765 208.0 5.4979174E7 783.0 56.0
0.0 21.0 199710.0 4.485798491716641 57.0 2.749438E7 1914.0 308.0
0.0 27.0 110977.0 2.743174600870938 170.0 4.0289975E7 1352.0 229.0
0.0 33.0 79697.0 1.5120057697021068 203.0 5.3269242E7 952.0 167.0
0.0 24.0 132445.0 2.8200382939419373 161.0 3.3800709E7 1486.0 300.0
0.0 20.0 159730.0 3.811239747624609 90.0 1.321637E7 1830.0 376.0
0.0 16.0 233400.0 2.9320414595940396 29.0 1.6003267E7 2203.0 340.0
0.0 17.0 214715.0 3.4299728525607063 51.0 3.0880382E7 1952.0 411.0
0.0 29.0 116337.0 2.617834065421919 132.0 3.586208E7 1310.0 275.0
0.0 27.0 156781.0 3.700303982285961 139.0 3.545146E7 1380.0 217.0
0.0 31.0 110993.0 1.2756818935483853 162.0 4.7156104E7 1088.0 314.0
0.0 14.0 225683.0 4.762851682413169 33.0 1.5299533E7 2318.0 351.0
0.0 19.0 236894.0 2.9580334077997668 38.0 2.7433565E7 1864.0 444.0
0.0 13.0 269931.0 4.155425783675957 25.0 1.4632858E7 2252.0 306.0
0.0 13.0 296510.0 3.3998834695312374 16.0 1.5732003E7 2242.0 391.0
0.0 12.0 294666.0 3.248813170833674 30.0 1.0025493E7 2437.0 373.0
0.0 21.0 147923.0 3.1942893716762737 100.0 3.2649775E7 1893.0 280.0
0.0 20.0 168756.0 2.067604810113105 96.0 2.7848024E7 1794.0 385.0
0.0 24.0 207944.0 1.993526959082792 77.0 3.936936E7 1624.0 327.0
0.0 18.0 255814.0 3.7440581246380327 79.0 2.6536187E7 2105.0 309.0
0.0 14.0 258385.0 4.111555223789325 18.0 1.4444376E7 2413.0 257.0
0.0 17.0 200240.0 3.9429084708356887 26.0 2.1104151E7 2227.0 270.0
0.0 10.0 299335.0 4.898129083566325 26.0 1.4441984E7 2454.0 382.0
0.0 26.0 129143.0 3.4452572746076746 140.0 3.5126775E7 1391.0 267.0
0.0 26.0 125615.0 2.556474784867593 174.0 4.0566476E7 1321.0 293.0
0.0 12.0 229744.0 3.7836921207256635 35.0 1.4776276E7 2305.0 431.0
0.0 21.0 205870.0 4.505987385298755 127.0 4.2208892E7 1809.0 299.0
0.0 13.0 239470.0 3.651205941054661 18.0 1.9860828E7 2336.0 409.0
0.0 28.0 105678.0 2.3508604822410297 159.0 4.122549E7 1217.0 159.0
0.0 29.0 97516.0 2.470760499153307 178.0 4.1539899E7 1182.0 212.0
0.0 18.0 248390.0 3.0917784536463175 37.0 6832201.0 2196.0 254.0
0.0 15.0 274912.0 3.716391445800131 37.0 1.078307E7 2275.0 280.0
0.0 13.0 200485.0 3.313125835879368 69.0 1.0412904E7 2116.0 481.0
0.0 12.0 251600.0 3.7715152749311267 22.0 1.4409434E7 2552.0 435.0
0.0 12.0 292468.0 4.526128685655962 12.0 9523700.0 2507.0 399.0
0.0 22.0 200776.0 3.0259204235082775 106.0 3.7810732E7 1714.0 285.0
0.0 22.0 151420.0 3.752098094606389 102.0 3.324859E7 1570.0 302.0
0.0 21.0 208394.0 2.840602167572948 65.0 3.257657E7 1888.0 406.0
0.0 12.0 237595.0 4.030140220355176 22.0 4721684.0 2546.0 358.0
0.0 25.0 137633.0 3.77200603724095 126.0 3.9555635E7 1432.0 370.0
0.0 20.0 258048.0 3.605183439246606 52.0 1.8437019E7 2007.0 275.0
0.0 16.0 227816.0 3.625854046479363 19.0 1.6059652E7 2214.0 327.0
0.0 19.0 206778.0 2.756691017764932 38.0 2.7165293E7 2025.0 257.0
0.0 14.0 221431.0 4.552113173357242 28.0 1.4754728E7 2453.0 389.0
0.0 15.0 230663.0 3.5941968480652173 26.0 1.0413315E7 2492.0 265.0
0.0 13.0 239555.0 3.2563255741357136 18.0 1.4891444E7 2486.0 366.0
0.0 15.0 267690.0 3.1758529063254217 19.0 1.0555787E7 2348.0 253.0
0.0 24.0 184068.0 2.551810198807657 139.0 4.0145889E7 1340.0 308.0
0.0 10.0 291440.0 4.826207388851686 13.0 1.3340429E7 2563.0 413.0
0.0 24.0 188163.0 3.758175788841978 96.0 3.3437987E7 1650.0 316.0
0.0 21.0 182082.0 4.419563394955389 70.0 3.175445E7 1850.0 284.0
0.0 31.0 93654.0 1.3093110484027344 159.0 5.1883959E7 1019.0 175.0
0.0 34.0 74455.0 1.253526237538364 164.0 4.899602E7 989.0 150.0
0.0 26.0 187530.0 2.587772653965159 122.0 5.0089429E7 1247.0 354.0
0.0 34.0 92244.0 2.231471099693753 200.0 5.3104344E7 944.0 178.0
0.0 24.0 201449.0 2.619602860795366 49.0 3.4040857E7 1618.0 371.0
0.0 25.0 158749.0 4.5243050470654635 76.0 2.4105864E7 1831.0 233.0
0.0 29.0 116231.0 2.4418942157978596 147.0 4.1264602E7 1242.0 311.0
0.0 20.0 210804.0 3.943244359688824 85.0 3.7293506E7 1743.0 397.0
0.0 16.0 230460.0 4.070549381623295 29.0 2.11417E7 2102.0 339.0
0.0 29.0 153224.0 2.6995835210281482 158.0 4.0981367E7 1278.0 149.0
0.0 33.0 107952.0 1.5193967962881798 193.0 4.7661767E7 1015.0 150.0
0.0 20.0 252468.0 3.3654380213451347 75.0 3.6908128E7 1845.0 330.0
0.0 28.0 107178.0 2.3387638408408598 149.0 4.5882486E7 1255.0 264.0
0.0 31.0 145991.0 1.4616298298524828 153.0 4.7757708E7 1074.0 137.0
0.0 21.0 255443.0 1.8773583606561293 70.0 2.8433417E7 1771.0 369.0
0.0 24.0 243143.0 2.6119088495785086 111.0 4.381819E7 1546.0 245.0
0.0 24.0 152870.0 1.978081760063739 114.0 3.477133E7 1450.0 394.0
0.0 28.0 156990.0 1.3409497142629625 131.0 4.6380862E7 1109.0 239.0
0.0 33.0 88319.0 2.243205353360707 212.0 5.2924778E7 961.0 193.0
0.0 24.0 200273.0 2.0260043962989127 131.0 3.4307845E7 1516.0 251.0
0.0 33.0 144569.0 1.30481526048145 189.0 5.7339475E7 880.0 194.0
0.0 24.0 169357.0 3.6220494079677192 99.0 3.3060441E7 1901.0 255.0
0.0 24.0 174368.0 2.589513263416907 122.0 3.8818767E7 1448.0 303.0
0.0 32.0 124426.0 1.0558730135693506 205.0 5.2814631E7 955.0 145.0
0.0 30.0 93191.0 2.3249548089669356 192.0 5.1850174E7 1052.0 217.0
0.0 32.0 93470.0 1.161145552696255 203.0 5.7568885E7 931.0 267.0
0.0 27.0 146121.0 1.2366282651073541 125.0 2.5982852E7 1482.0 151.0
0.0 25.0 116783.0 2.448009456201312 166.0 3.5175567E7 1451.0 226.0
0.0 14.0 233627.0 3.1908110230449616 34.0 2.5466475E7 2078.0 474.0
0.0 12.0 258621.0 4.893573836635936 29.0 1.3766519E7 2566.0 263.0
0.0 19.0 238528.0 4.032614070991398 57.0 2.205707E7 1949.0 358.0
0.0 19.0 257554.0 2.8868889100595245 72.0 3.7925363E7 1754.0 408.0
0.0 30.0 124821.0 2.191850730942417 160.0 4.6558995E7 1163.0 94.0
0.0 11.0 240145.0 3.7870263664350516 19.0 9479411.0 2401.0 356.0
0.0 14.0 250871.0 4.030798097371845 40.0 1.1249439E7 2363.0 460.0
0.0 18.0 222189.0 3.7707753735300287 109.0 2.7517387E7 1964.0 361.0
0.0 32.0 145087.0 1.6025596213837054 198.0 4.7785048E7 1032.0 191.0
0.0 28.0 110434.0 2.8498766318586104 135.0 3.5739158E7 1315.0 218.0
0.0 16.0 209701.0 4.78142864452546 34.0 1.5474178E7 2187.0 331.0
0.0 28.0 130181.0 1.8438992283291877 175.0 4.5666655E7 1202.0 342.0
0.0 23.0 134194.0 3.9822205222698 101.0 2.3951723E7 1681.0 202.0
0.0 29.0 172241.0 1.70840757460008 169.0 5.1175836E7 1086.0 293.0
0.0 15.0 222766.0 3.0933944822682893 30.0 1.634573E7 2143.0 360.0
0.0 24.0 138481.0 2.74189421579786 162.0 3.8883986E7 1487.0 338.0
0.0 17.0 221732.0 3.181396644040943 30.0 2.7074934E7 1964.0 398.0
0.0 17.0 217069.0 3.0384118591335327 64.0 2.1437415E7 2085.0 323.0
0.0 30.0 157492.0 1.5383684678914304 170.0 4.1466634E7 1161.0 192.0
0.0 11.0 292854.0 4.590447863121998 13.0 8435433.0 2601.0 376.0
0.0 19.0 217510.0 2.011750832908065 86.0 2.8210454E7 1775.0 300.0
0.0 13.0 278000.0 2.9688096621517164 25.0 1.4778333E7 2422.0 319.0
0.0 12.0 282786.0 3.6879909023966237 24.0 9595179.0 2497.0 327.0
0.0 10.0 314578.0 4.797514711920433 22.0 1.356553E7 2566.0 499.0
0.0 8.0 255590.0 5.056833220958987 12.0 7689793.0 2722.0 421.0
0.0 9.0 250777.0 4.913976078101844 20.0 8102117.0 2680.0 397.0
0.0 17.0 267295.0 2.94107473450307 49.0 3.0634308E7 2131.0 300.0
0.0 26.0 133949.0 1.797264744262203 144.0 3.6284629E7 1391.0 353.0
0.0 24.0 109494.0 3.4067201615150395 113.0 1.9344139E7 1687.0 205.0
0.0 16.0 203576.0 3.31836186494681 40.0 6399250.0 2296.0 306.0
0.0 13.0 232331.0 4.251144044206143 31.0 9972757.0 2595.0 287.0
0.0 17.0 222584.0 3.407027256096578 115.0 1.6715828E7 1887.0 369.0
