0.0 25.0 238225.0 1.665874733555591 78.0 3.4755505E7 1603.0 281.0
0.0 32.0 92185.0 1.4462826378333402 207.0 4.7355596E7 1048.0 204.0
0.0 20.0 238767.0 4.6529170205115955 96.0 1.7583506E7 1975.0 293.0
0.0 27.0 166158.0 3.788023280531575 172.0 4.0511501E7 1275.0 258.0
0.0 34.0 79092.0 1.1095616749691504 210.0 5.3206575E7 954.0 107.0
0.0 27.0 163180.0 2.238989896686234 118.0 4.0657664E7 1296.0 214.0
0.0 33.0 91475.0 2.1916214756336023 189.0 4.8089124E7 1030.0 181.0
0.0 34.0 114847.0 1.2580375157338528 210.0 5.3495899E7 853.0 76.0
0.0 14.0 238755.0 3.849386103254473 25.0 1.0428869E7 2377.0 329.0
0.0 11.0 277919.0 4.669541142014162 24.0 9480409.0 2418.0 331.0
0.0 13.0 274166.0 4.187452573090929 35.0 1.9073127E7 2382.0 288.0
0.0 22.0 172852.0 3.179045515119429 146.0 3.9206638E7 1573.0 358.0
0.0 30.0 137585.0 1.619365077061414 192.0 4.705773E7 1103.0 148.0
0.0 29.0 160806.0 1.4798665977330896 202.0 4.6446982E7 1141.0 262.0
0.0 30.0 97375.0 2.3409283430053613 154.0 5.141571E7 1104.0 196.0
0.0 14.0 271441.0 3.9488449932508773 31.0 1.5032874E7 2261.0 366.0
0.0 14.0 256436.0 3.755997667944373 31.0 1.0071823E7 2444.0 244.0
0.0 19.0 199853.0 2.9290651538315124 86.0 1.3294441E7 1892.0 321.0
0.0 28.0 111025.0 3.5599983000475786 121.0 4.0772684E7 1364.0 206.0
0.0 9.0 254331.0 3.455158336485723 60.0 4050977.0 2458.0 492.0
0.0 19.0 181671.0 3.5930593279138088 52.0 2.6039241E7 2061.0 218.0
0.0 19.0 190282.0 4.058829980684806 102.0 3.2526909E7 1717.0 277.0
0.0 11.0 276335.0 3.9865022516918476 30.0 9584174.0 2392.0 374.0
0.0 10.0 249467.0 4.027948023469139 29.0 8992901.0 2513.0 477.0
0.0 6.0 309738.0 5.046745015950342 17.0 1.1910745E7 2744.0 515.0
0.0 21.0 248829.0 1.997076687205363 47.0 2.7977118E7 1922.0 299.0
0.0 11.0 235000.0 3.467697129363879 7.0 4671542.0 2624.0 377.0
0.0 24.0 172950.0 3.7383684678914304 159.0 2.9265934E7 1570.0 235.0
0.0 27.0 103548.0 3.7434569466641197 153.0 4.0251596E7 1368.0 205.0
0.0 13.0 246932.0 4.989766745684895 25.0 1.9260822E7 2382.0 471.0
0.0 15.0 252367.0 3.864342069274269 19.0 9955533.0 2466.0 216.0
0.0 13.0 218850.0 4.792266531592856 20.0 1.45613E7 2513.0 268.0
0.0 30.0 105503.0 2.1558730135693507 178.0 4.6432991E7 1162.0 204.0
0.0 16.0 234101.0 3.196990484380188 22.0 1.1473786E7 2360.0 363.0
0.0 25.0 165220.0 2.715578426324176 139.0 3.4254002E7 1466.0 225.0
0.0 14.0 225954.0 3.169711497961672 24.0 1.4870778E7 2404.0 323.0
0.0 24.0 168669.0 3.8465332643997567 148.0 2.9647486E7 1513.0 283.0
0.0 15.0 254783.0 4.188825683221491 29.0 2.0691628E7 2325.0 274.0
0.0 27.0 126088.0 2.64596321232828 176.0 4.5898145E7 1256.0 292.0
0.0 17.0 212097.0 3.7260250177130416 76.0 3.0993343E7 2100.0 430.0
0.0 29.0 141304.0 2.5505646607200143 191.0 4.6814793E7 1131.0 267.0
0.0 30.0 95755.0 2.3398874895054913 188.0 5.6345809E7 1040.0 156.0
0.0 33.0 93388.0 2.3437518014481387 201.0 4.8189904E7 1009.0 213.0
0.0 17.0 244760.0 3.9970702935149207 35.0 1.5951759E7 2114.0 239.0
0.0 23.0 195339.0 2.4292050001022325 122.0 3.9477625E7 1478.0 312.0
0.0 20.0 206044.0 3.1003097013528182 86.0 3.7174411E7 1802.0 287.0
0.0 18.0 208716.0 4.118029014193686 59.0 2.6908482E7 2040.0 302.0
0.0 28.0 157747.0 2.5295572240956665 169.0 3.1997081E7 1385.0 204.0
0.0 17.0 271452.0 4.689315382647362 45.0 2.603509E7 2059.0 311.0
0.0 30.0 92298.0 1.5088933374587077 180.0 5.1505919E7 1074.0 157.0
0.0 15.0 236248.0 3.2102773151232338 26.0 2.0483955E7 2297.0 393.0
0.0 6.0 317638.0 4.171515274931126 18.0 7263920.0 2761.0 449.0
0.0 21.0 232111.0 2.6887684588972967 53.0 3.1912945E7 1888.0 204.0
0.0 12.0 238407.0 3.9473094114351777 13.0 4776527.0 2613.0 341.0
0.0 10.0 235522.0 4.798332317537642 18.0 8025223.0 2676.0 331.0
0.0 20.0 171313.0 1.9916349154522779 99.0 2.8520783E7 1750.0 376.0
0.0 30.0 111284.0 1.6425370158502641 170.0 4.6897875E7 1097.0 296.0
0.0 29.0 100902.0 1.637588740795914 117.0 4.0674948E7 1417.0 143.0
0.0 20.0 199765.0 3.3261806895580173 119.0 2.807328E7 1688.0 364.0
0.0 24.0 126740.0 3.8620057885309356 104.0 1.4975858E7 1818.0 147.0
0.0 31.0 146220.0 1.325601775219777 145.0 4.7483381E7 1119.0 132.0
0.0 31.0 89072.0 2.310669094681221 190.0 4.7268468E7 1077.0 134.0
0.0 34.0 117933.0 1.1140729531646392 201.0 5.3096929E7 907.0 64.0
0.0 22.0 242439.0 3.330713971906477 42.0 2.7974671E7 1747.0 291.0
0.0 31.0 83890.0 2.451111108807446 154.0 4.7086627E7 1082.0 149.0
0.0 23.0 150994.0 2.6177561652491423 144.0 4.402209E7 1419.0 317.0
0.0 12.0 291657.0 4.111898389084733 37.0 2.0065814E7 2297.0 383.0
0.0 13.0 235931.0 4.022895918686913 31.0 1.5437148E7 2293.0 366.0
0.0 10.0 251370.0 3.920831187663778 26.0 1.4068801E7 2468.0 398.0
0.0 25.0 154554.0 2.6379736139074055 139.0 3.4835124E7 1432.0 171.0
0.0 23.0 225146.0 2.7703860117510795 74.0 3.3748166E7 1778.0 292.0
0.0 27.0 156675.0 2.471199581354935 194.0 4.1445973E7 1210.0 290.0
0.0 28.0 120205.0 2.313527623682977 132.0 2.6790964E7 1404.0 252.0
0.0 24.0 183404.0 2.374942393118769 71.0 3.818953E7 1714.0 221.0
0.0 29.0 88870.0 1.3925190684528597 141.0 4.6261328E7 1168.0 130.0
0.0 13.0 278646.0 3.319243886076477 17.0 1.4683136E7 2480.0 276.0
0.0 18.0 157857.0 4.269922182311886 82.0 2.1468497E7 2031.0 257.0
0.0 13.0 243538.0 4.048134053685966 28.0 1.4630771E7 2420.0 374.0
0.0 15.0 231298.0 3.8096696146812112 82.0 2.0465762E7 2140.0 330.0
0.0 11.0 310591.0 3.706206654542947 14.0 9292709.0 2568.0 411.0
0.0 31.0 156277.0 1.469019889701559 136.0 4.77077E7 1080.0 225.0
0.0 20.0 200961.0 3.7601554257002228 62.0 2.2059127E7 2052.0 258.0
0.0 20.0 212924.0 3.1411149959609146 56.0 3.206013E7 1798.0 358.0
0.0 24.0 98111.0 3.626470447324679 102.0 1.9562783E7 1634.0 120.0
0.0 27.0 155398.0 2.4972357782601646 133.0 3.5336239E7 1354.0 221.0
0.0 18.0 197721.0 3.8647643926916104 32.0 2.1479214E7 2183.0 300.0
0.0 23.0 177104.0 3.712425194407173 148.0 3.371652E7 1487.0 282.0
0.0 30.0 149108.0 1.49247387349826 185.0 5.1349128E7 1012.0 241.0
0.0 33.0 82328.0 2.584353305207537 185.0 5.24952E7 991.0 136.0
0.0 16.0 264155.0 3.3411505298840187 24.0 2.0566054E7 2152.0 316.0
0.0 11.0 244201.0 4.718385283434562 12.0 1.3505129E7 2520.0 387.0
0.0 28.0 151778.0 1.8563086672269786 164.0 3.5382622E7 1325.0 132.0
0.0 27.0 164900.0 2.6023653395030837 174.0 4.5020529E7 1307.0 161.0
0.0 18.0 203609.0 4.484412425691213 59.0 2.1119166E7 2183.0 317.0
0.0 23.0 136654.0 2.9492984791443977 98.0 2.9002352E7 1633.0 249.0
0.0 22.0 164987.0 2.0189278412351843 91.0 2.3965003E7 1715.0 250.0
0.0 21.0 179678.0 2.9020943496736082 88.0 1.4266465E7 1890.0 167.0
0.0 24.0 169911.0 3.5157727629427837 122.0 2.9875958E7 1489.0 267.0
0.0 11.0 239005.0 5.092454430350688 27.0 9392387.0 2445.0 375.0
0.0 21.0 155870.0 3.9386881833359513 98.0 2.8170571E7 1908.0 300.0
0.0 23.0 172831.0 2.475977715069401 104.0 3.4249587E7 1469.0 256.0
0.0 29.0 137484.0 2.4336815438368973 198.0 5.1603718E7 1088.0 254.0
0.0 21.0 187078.0 2.0336291999509877 156.0 3.4049175E7 1671.0 263.0
0.0 22.0 224157.0 2.992308388753016 73.0 2.7961838E7 1800.0 211.0
0.0 10.0 299972.0 3.4469311428184946 12.0 1.3813922E7 2534.0 412.0
0.0 23.0 211214.0 2.817440095726666 128.0 2.9822042E7 1596.0 393.0
0.0 15.0 206551.0 4.130080415797613 39.0 2.0712618E7 2138.0 269.0
0.0 14.0 177540.0 4.078240775713796 81.0 1.1031811E7 2165.0 258.0
0.0 28.0 98072.0 2.550163178728549 179.0 4.5761399E7 1264.0 215.0
0.0 21.0 220267.0 2.0345328829834526 121.0 3.8883598E7 1565.0 359.0
0.0 22.0 198951.0 2.871742605582169 104.0 2.4515953E7 1614.0 339.0
0.0 30.0 97008.0 2.370857817855277 156.0 4.6781111E7 1153.0 187.0
0.0 32.0 139447.0 1.507365754363213 193.0 4.8048477E7 1024.0 183.0
0.0 14.0 236989.0 3.0541021719985926 18.0 1.5327893E7 2452.0 356.0
0.0 22.0 143858.0 3.628903929695087 123.0 3.7788734E7 1638.0 183.0
0.0 29.0 109810.0 1.4398422945508917 144.0 5.0927577E7 1098.0 279.0
0.0 27.0 166040.0 1.619646456117599 156.0 4.1561158E7 1234.0 335.0
0.0 20.0 187973.0 2.6091140718899677 90.0 2.3211187E7 1725.0 219.0
0.0 24.0 130514.0 2.6960661876168897 156.0 4.4425857E7 1331.0 351.0
0.0 27.0 127723.0 2.5563929225854274 107.0 3.5458666E7 1333.0 234.0
0.0 14.0 223812.0 3.8928179497999285 17.0 1.5031157E7 2372.0 419.0
0.0 16.0 255483.0 3.668892752190521 46.0 2.0649416E7 2241.0 363.0
0.0 27.0 171627.0 2.711020239413047 184.0 4.5430816E7 1234.0 282.0
0.0 33.0 106534.0 2.2124234806461334 195.0 5.7903466E7 953.0 231.0
0.0 16.0 226694.0 3.9309254771689894 33.0 1.1537123E7 2285.0 298.0
0.0 8.0 244057.0 4.192259759092349 18.0 8382114.0 2594.0 335.0
0.0 17.0 226227.0 3.8815896423073952 62.0 3.0901423E7 2088.0 352.0
0.0 16.0 264780.0 3.3120196952311827 24.0 1.6050584E7 2202.0 422.0
0.0 22.0 197577.0 2.017679192812345 71.0 2.8752334E7 1777.0 395.0
0.0 20.0 264270.0 3.9856011899515904 65.0 2.8105382E7 1879.0 433.0
0.0 28.0 97830.0 3.6365082017431147 177.0 4.0575108E7 1346.0 190.0
0.0 21.0 253351.0 1.6342262988230596 68.0 3.3152629E7 1703.0 308.0
0.0 28.0 167309.0 2.345006648041259 150.0 4.5887577E7 1244.0 275.0
0.0 22.0 189120.0 3.5516541330346807 101.0 2.9073852E7 1634.0 212.0
0.0 28.0 150159.0 2.247497423431215 150.0 4.1147067E7 1336.0 190.0
0.0 15.0 283860.0 3.163391151653646 33.0 1.1615716E7 2258.0 339.0
0.0 29.0 93435.0 2.529215460596008 121.0 4.1332125E7 1263.0 115.0
0.0 31.0 109099.0 1.421947290169943 146.0 4.2521032E7 1123.0 163.0
0.0 22.0 198877.0 2.8669492776950265 112.0 2.9257698E7 1625.0 361.0
0.0 18.0 267831.0 2.9593608128199453 54.0 2.2745858E7 1979.0 379.0
0.0 19.0 214976.0 3.054957517347221 96.0 2.8042222E7 1790.0 287.0
0.0 7.0 307289.0 5.245883064668117 7.0 1.2360597E7 2751.0 434.0
0.0 26.0 100607.0 3.318880799905186 129.0 2.9861572E7 1438.0 257.0
0.0 28.0 104679.0 3.402854476167724 129.0 4.0645019E7 1249.0 236.0
0.0 32.0 88500.0 1.3093110484027344 194.0 5.7500033E7 965.0 207.0
0.0 21.0 145542.0 1.6375698266615126 103.0 2.8811935E7 1641.0 267.0
0.0 26.0 120919.0 2.623552534470846 169.0 4.9035281E7 1285.0 228.0
0.0 13.0 271591.0 3.3213516144137127 17.0 9660379.0 2483.0 253.0
0.0 28.0 163663.0 3.6210462688066856 149.0 4.0380682E7 1349.0 202.0
0.0 12.0 287624.0 3.587415727274523 12.0 9336511.0 2469.0 468.0
0.0 11.0 264979.0 3.3634116826170084 16.0 1.9333708E7 2434.0 506.0
0.0 26.0 127492.0 3.6280638126663343 152.0 4.4475141E7 1395.0 284.0
0.0 20.0 274705.0 2.210640475046197 86.0 2.807854E7 1843.0 425.0
0.0 11.0 284154.0 3.986093255751099 25.0 1.4150199E7 2385.0 296.0
0.0 17.0 274585.0 3.5337699160038545 49.0 3.0572171E7 2066.0 360.0
0.0 23.0 160208.0 1.9625291364327802 121.0 3.3613367E7 1503.0 405.0
0.0 16.0 290984.0 3.833278302354346 72.0 2.6676462E7 2044.0 492.0
0.0 19.0 157228.0 3.8459628083525117 94.0 1.7504407E7 2032.0 255.0
0.0 12.0 229357.0 3.8885731231476486 18.0 8819075.0 2545.0 263.0
0.0 27.0 120223.0 3.7485699961578502 148.0 3.9660144E7 1355.0 238.0
0.0 30.0 152955.0 2.4756818935483853 198.0 4.1819676E7 1163.0 244.0
0.0 17.0 211619.0 4.298481285784709 33.0 1.107584E7 2333.0 280.0
0.0 23.0 174373.0 3.853150316517569 100.0 2.393456E7 1675.0 167.0
0.0 30.0 150959.0 1.2260867994000477 192.0 5.1559976E7 985.0 224.0
0.0 26.0 145472.0 2.6076734548434755 151.0 2.5447909E7 1429.0 110.0
0.0 20.0 201677.0 3.6959925529745323 53.0 2.7258144E7 1889.0 331.0
0.0 30.0 142533.0 2.552949036961164 197.0 4.1760415E7 1205.0 195.0
0.0 24.0 161279.0 2.6669841246804618 119.0 2.9783865E7 1560.0 193.0
0.0 23.0 228034.0 1.9588358184383403 80.0 3.3926902E7 1719.0 281.0
0.0 18.0 215383.0 2.730473376465486 59.0 4.1322167E7 1955.0 457.0
0.0 12.0 249895.0 4.746813582451938 26.0 1.3532115E7 2515.0 231.0
0.0 7.0 306314.0 5.130915968812226 15.0 7709495.0 2738.0 413.0
0.0 28.0 113696.0 1.7019976830220696 130.0 3.6099743E7 1327.0 302.0
0.0 18.0 261540.0 4.601476836331318 46.0 2.0869792E7 2091.0 275.0
0.0 26.0 144465.0 2.828715921224216 148.0 4.0017458E7 1410.0 309.0
0.0 27.0 112847.0 2.734569755423987 158.0 4.0891386E7 1337.0 264.0
0.0 13.0 246295.0 4.046419110048397 20.0 1.9717656E7 2247.0 419.0
0.0 14.0 234681.0 3.8267005121377538 28.0 1.5562571E7 2460.0 289.0
0.0 20.0 158535.0 4.0459256121181175 105.0 2.7473833E7 1870.0 343.0
0.0 25.0 147704.0 2.837776077825356 123.0 3.9154689E7 1402.0 313.0
0.0 14.0 270812.0 4.3061219722002 30.0 1.1008767E7 2243.0 415.0
0.0 15.0 262261.0 3.6592727892843864 32.0 2.0017693E7 2290.0 332.0
0.0 22.0 158858.0 3.909682225874731 103.0 2.8381509E7 1652.0 359.0
0.0 21.0 152347.0 4.060514484418128 107.0 2.7531093E7 1731.0 300.0
0.0 26.0 112226.0 2.668968479123832 108.0 2.5685219E7 1462.0 204.0
0.0 29.0 149818.0 1.5801931717438742 140.0 4.1341005E7 1192.0 203.0
0.0 11.0 288792.0 4.245018085739598 17.0 4605361.0 2588.0 406.0
0.0 16.0 211916.0 4.1533649488430635 31.0 1.0741662E7 2338.0 309.0
0.0 16.0 212491.0 3.160674890363531 32.0 1.1379827E7 2340.0 246.0
0.0 27.0 116918.0 2.7712627190231354 135.0 3.515032E7 1425.0 247.0
0.0 24.0 187134.0 3.441019982646891 114.0 2.509503E7 1611.0 186.0
0.0 28.0 157042.0 1.3113620029127053 181.0 4.63526E7 1162.0 295.0
0.0 14.0 274280.0 3.6787542854563093 28.0 2.0258531E7 2232.0 430.0
0.0 10.0 240923.0 3.835731198375497 17.0 1.8726526E7 2465.0 382.0
0.0 22.0 136299.0 2.656408721363679 104.0 2.8774253E7 1693.0 221.0
0.0 14.0 243761.0 4.471796781111908 41.0 1.1802853E7 2344.0 402.0
0.0 24.0 132732.0 3.4932590034143565 136.0 2.9754302E7 1536.0 314.0
0.0 26.0 177693.0 2.4177777754741125 153.0 4.0379129E7 1348.0 262.0
0.0 28.0 111651.0 2.74184730708222 158.0 4.5449138E7 1249.0 240.0
0.0 14.0 264660.0 4.27523356455989 29.0 5856283.0 2360.0 325.0
0.0 29.0 113454.0 2.6847513586550025 160.0 4.0818071E7 1254.0 231.0
0.0 28.0 107960.0 1.4613809170471066 137.0 4.5091916E7 1329.0 216.0
0.0 27.0 157220.0 1.5916460463546436 182.0 4.5803447E7 1223.0 297.0
0.0 11.0 253042.0 3.1565504434977045 21.0 1.4366383E7 2307.0 402.0
0.0 9.0 292476.0 4.394928459054225 20.0 4015632.0 2493.0 360.0
0.0 7.0 257131.0 5.1282617923875575 3.0 2330691.0 2804.0 410.0
0.0 30.0 91799.0 3.421780205792332 183.0 4.180805E7 1202.0 139.0
0.0 27.0 104425.0 3.9855484333088502 177.0 3.5073081E7 1420.0 186.0
0.0 31.0 90181.0 3.313266497278624 188.0 4.2296031E7 1183.0 198.0
0.0 28.0 97431.0 2.703742687754814 177.0 3.6692848E7 1273.0 234.0
0.0 21.0 139547.0 3.058954347939796 136.0 2.3487618E7 1727.0 202.0
0.0 17.0 266142.0 3.176097006194884 42.0 2.2124366E7 2031.0 414.0
0.0 11.0 282272.0 3.9180183401251245 22.0 9648836.0 2553.0 348.0
0.0 22.0 210919.0 2.7419915344998294 154.0 4.818463E7 1357.0 415.0
0.0 30.0 111125.0 1.8132316502931887 178.0 5.1405531E7 1107.0 258.0
0.0 33.0 97814.0 1.7045049154232268 187.0 4.7001614E7 1086.0 146.0
0.0 27.0 99699.0 2.550163178728549 177.0 4.5245066E7 1271.0 222.0
0.0 11.0 278526.0 4.7169642452144185 21.0 1.8652697E7 2492.0 398.0
0.0 15.0 233413.0 4.142513998432147 34.0 2.5893017E7 2045.0 425.0
0.0 13.0 233211.0 4.284363796030545 27.0 9950607.0 2523.0 286.0
0.0 26.0 182048.0 3.709044192883757 156.0 3.5273755E7 1370.0 281.0
0.0 29.0 83628.0 1.7067288352942054 177.0 4.1037332E7 1224.0 122.0
0.0 23.0 177442.0 2.7650796303145433 116.0 3.3773718E7 1491.0 266.0
0.0 31.0 134194.0 2.280193171743874 204.0 5.6935888E7 982.0 245.0
0.0 17.0 255874.0 3.9765915915545884 40.0 1.631486E7 2070.0 303.0
0.0 29.0 92729.0 2.3536173744716065 146.0 4.1190134E7 1207.0 197.0
0.0 16.0 276689.0 3.12827457231422 34.0 2.5823848E7 2060.0 342.0
0.0 22.0 247355.0 1.8583177204554646 74.0 3.3551279E7 1748.0 219.0
0.0 14.0 226592.0 3.0175682141531595 16.0 1.032818E7 2456.0 374.0
0.0 15.0 260678.0 3.3426631546961416 44.0 2.5556916E7 2181.0 310.0
0.0 13.0 228456.0 4.781600421944661 64.0 1.9715413E7 2456.0 403.0
0.0 33.0 127181.0 2.221947290169943 153.0 4.8330274E7 1017.0 93.0
0.0 31.0 94011.0 2.476789313260456 196.0 4.2683454E7 1112.0 218.0
0.0 19.0 198861.0 2.009556912591523 102.0 2.3703807E7 1767.0 340.0
0.0 21.0 229211.0 2.136104344363081 53.0 3.2955329E7 1863.0 305.0
0.0 18.0 253790.0 3.987079691236417 31.0 1.6745283E7 2119.0 199.0
0.0 17.0 253911.0 3.2347304731078013 48.0 2.1293306E7 2129.0 412.0
0.0 19.0 262250.0 4.372067355365124 41.0 1.7334571E7 2003.0 408.0
0.0 16.0 203114.0 4.6092088371360544 32.0 2.025018E7 2276.0 260.0
0.0 18.0 178257.0 3.6234696251774103 37.0 1.6118295E7 2242.0 215.0
0.0 31.0 139680.0 1.5254346908421663 190.0 4.2259367E7 1166.0 125.0
0.0 14.0 282547.0 3.9054102228322356 22.0 1.0504722E7 2249.0 358.0
0.0 8.0 287947.0 4.784601181186125 28.0 7981399.0 2589.0 402.0
0.0 26.0 178673.0 2.9151607153801486 191.0 3.9854616E7 1412.0 293.0
0.0 12.0 287978.0 3.3329493799005614 25.0 1.0033613E7 2399.0 412.0
0.0 24.0 182920.0 1.997032060409388 128.0 3.4357858E7 1480.0 312.0
0.0 16.0 211072.0 4.121707442785833 76.0 1.6292434E7 2003.0 242.0
0.0 27.0 113322.0 3.3968256620605755 166.0 4.4991648E7 1244.0 254.0
0.0 13.0 229053.0 3.9361298217681777 19.0 1.4480213E7 2463.0 329.0
0.0 24.0 181393.0 3.7801310008126703 162.0 3.9852732E7 1412.0 293.0
0.0 15.0 282861.0 4.546616921750073 36.0 1.4943078E7 2202.0 436.0
0.0 15.0 278204.0 3.934248102946874 29.0 1.5552055E7 2261.0 318.0
0.0 29.0 160920.0 2.7205450156738533 131.0 4.0866096E7 1293.0 166.0
0.0 14.0 240705.0 5.1569298264913135 28.0 1.5822064E7 2337.0 346.0
0.0 12.0 281067.0 3.844248389769505 21.0 1.4555463E7 2505.0 357.0
0.0 31.0 87228.0 3.4405771982735356 194.0 4.7125851E7 1099.0 141.0
0.0 15.0 287425.0 4.005278025205748 33.0 2.6005724E7 2070.0 335.0
0.0 16.0 173467.0 4.002256957354835 77.0 1.5746307E7 2145.0 397.0
