0.0 28.0 121827.0 1.7129502712370037 135.0 3.574437E7 1418.0 165.0
0.0 15.0 267289.0 3.8014705930512243 22.0 1.9940177E7 2350.0 268.0
0.0 9.0 245271.0 4.958129351105168 23.0 1.2930532E7 2657.0 426.0
0.0 19.0 206554.0 3.5785176418762985 116.0 2.7989436E7 1781.0 280.0
0.0 26.0 126256.0 2.6452917762099246 122.0 3.0401211E7 1461.0 249.0
0.0 14.0 211580.0 4.167588660930715 30.0 1.937974E7 2381.0 291.0
0.0 11.0 263012.0 4.269281007090984 20.0 1.9289152E7 2455.0 497.0
0.0 31.0 142940.0 3.2695211428343907 172.0 4.7127105E7 1097.0 245.0
0.0 12.0 300388.0 4.460661827020011 14.0 1.4315881E7 2388.0 475.0
0.0 18.0 260455.0 2.418868739580337 38.0 2.203334E7 2035.0 273.0
0.0 17.0 186000.0 3.273167252733216 97.0 1.7246237E7 1995.0 422.0
0.0 26.0 180806.0 1.8905757849715936 78.0 3.9984029E7 1576.0 189.0
0.0 18.0 203460.0 4.61809215654569 46.0 2.1308722E7 2030.0 281.0
0.0 20.0 200620.0 4.589116438020081 83.0 2.7065328E7 1937.0 358.0
0.0 25.0 130113.0 3.742788609153677 147.0 3.473271E7 1487.0 278.0
0.0 31.0 93795.0 2.5728031118947983 198.0 5.1569379E7 1137.0 164.0
0.0 19.0 268344.0 3.9304667692002577 34.0 2.7050427E7 1919.0 286.0
0.0 24.0 172069.0 2.6894673214382645 126.0 3.8939832E7 1458.0 186.0
0.0 27.0 173317.0 2.5060077080847263 143.0 5.0446072E7 1196.0 296.0
0.0 30.0 99612.0 1.2298172318942502 146.0 5.1829677E7 1059.0 264.0
0.0 31.0 84918.0 1.4933758615985144 183.0 5.2449375E7 997.0 124.0
0.0 33.0 87069.0 1.2944788860295884 199.0 5.7652539E7 909.0 209.0
0.0 13.0 219461.0 3.814738692377554 22.0 1.9629894E7 2376.0 323.0
0.0 19.0 190727.0 3.870975091287527 43.0 1.67655E7 2162.0 248.0
0.0 29.0 111743.0 1.5927696950192758 164.0 4.6210796E7 1170.0 258.0
0.0 26.0 184677.0 1.7787879097060588 138.0 3.5591518E7 1419.0 345.0
0.0 30.0 134924.0 1.4986390194932513 139.0 4.7128275E7 1080.0 187.0
0.0 14.0 281393.0 3.7787986870574235 35.0 1.9819512E7 2250.0 295.0
0.0 11.0 238369.0 3.765545432291742 25.0 1.3949697E7 2578.0 298.0
0.0 7.0 252024.0 3.988808508013834 12.0 1.264826E7 2663.0 456.0
0.0 8.0 313103.0 4.912868658389773 22.0 7465976.0 2772.0 427.0
0.0 18.0 251834.0 3.5366734870585983 57.0 1.7191862E7 2075.0 375.0
0.0 30.0 163420.0 2.622087122306555 197.0 4.6510205E7 1164.0 240.0
0.0 17.0 212080.0 3.1203068849036453 25.0 1.6269467E7 2199.0 368.0
0.0 25.0 169628.0 2.7929796483548466 164.0 3.9787231E7 1440.0 211.0
0.0 34.0 88273.0 2.084102678641121 199.0 5.3191711E7 986.0 111.0
0.0 33.0 98108.0 2.196383380395507 207.0 5.3007083E7 994.0 215.0
0.0 31.0 135932.0 1.4712158103074962 199.0 5.2485875E7 1033.0 192.0
0.0 18.0 269350.0 3.888390665943246 39.0 2.1015239E7 2057.0 295.0
0.0 14.0 225385.0 4.273847119724396 24.0 5654913.0 2543.0 352.0
0.0 23.0 178136.0 2.625505559065168 117.0 3.4166089E7 1488.0 252.0
0.0 28.0 145799.0 1.5202174749260722 185.0 4.585017E7 1167.0 261.0
0.0 33.0 132935.0 2.254567091038234 209.0 5.2797158E7 927.0 173.0
0.0 25.0 192024.0 3.8715028126953173 60.0 3.8727407E7 1552.0 319.0
0.0 20.0 187774.0 4.000110429633392 82.0 1.7263726E7 1980.0 261.0
0.0 10.0 236938.0 5.027154372675486 23.0 2930607.0 2717.0 350.0
0.0 27.0 100491.0 1.6964531460711478 139.0 4.0896159E7 1333.0 204.0
0.0 31.0 99485.0 1.3293065975292504 141.0 4.7532093E7 1112.0 214.0
0.0 18.0 279279.0 3.629279540353454 29.0 2.1993454E7 2034.0 280.0
0.0 27.0 113796.0 1.8606000713458202 172.0 4.5398693E7 1280.0 242.0
0.0 27.0 122530.0 2.769148626844964 164.0 4.5206206E7 1250.0 220.0
0.0 13.0 295118.0 3.1834302331965922 14.0 1.5021666E7 2325.0 399.0
0.0 14.0 281571.0 4.847605232956193 32.0 9928637.0 2517.0 272.0
0.0 19.0 270165.0 2.8906523290296566 43.0 3.1183789E7 1973.0 429.0
0.0 10.0 300989.0 3.7558007614389552 23.0 1.3850647E7 2482.0 392.0
0.0 9.0 303943.0 4.043622775490477 26.0 3908527.0 2675.0 391.0
0.0 10.0 298654.0 4.195753101305013 17.0 9152621.0 2616.0 396.0
0.0 7.0 304113.0 3.9763951371991713 6.0 7548121.0 2730.0 406.0
0.0 31.0 129460.0 1.7124703893617728 175.0 4.7445802E7 1151.0 279.0
0.0 22.0 181854.0 1.667314518310386 120.0 2.8570177E7 1722.0 251.0
0.0 26.0 107332.0 2.6908983182852206 127.0 4.9381934E7 1343.0 171.0
0.0 21.0 196314.0 3.4264629813089 106.0 3.7308223E7 1777.0 307.0
0.0 15.0 271498.0 2.7227548664926693 65.0 2.5694663E7 2174.0 392.0
0.0 18.0 218120.0 3.734179080066432 85.0 3.5539391E7 2000.0 391.0
0.0 18.0 286023.0 3.7029046322270363 91.0 3.1377763E7 1879.0 457.0
0.0 7.0 252848.0 4.8086532017153 7.0 7345884.0 2833.0 382.0
0.0 29.0 97456.0 3.391395419788228 186.0 4.1063664E7 1273.0 188.0
0.0 18.0 269900.0 3.860197505988501 37.0 2.6617098E7 1932.0 348.0
0.0 27.0 167001.0 2.016723446246409 158.0 4.0453637E7 1307.0 194.0
0.0 23.0 136071.0 1.7269065108753572 157.0 2.9808181E7 1562.0 314.0
0.0 10.0 311107.0 4.831982843649594 18.0 1.4041107E7 2456.0 414.0
0.0 9.0 303132.0 3.8845930513393605 25.0 1.3472717E7 2449.0 403.0
0.0 12.0 299398.0 3.9809385662895265 37.0 1.0044865E7 2408.0 331.0
0.0 28.0 174138.0 1.7473441155667684 132.0 4.200835E7 1272.0 257.0
0.0 20.0 202212.0 3.122717745478162 58.0 2.2325735E7 1984.0 306.0
0.0 18.0 262201.0 2.9466410288639313 42.0 2.1857701E7 2205.0 331.0
0.0 23.0 182595.0 3.2908429765887255 72.0 2.7460934E7 1949.0 260.0
0.0 31.0 117936.0 1.2978419448394036 193.0 5.2410007E7 963.0 268.0
0.0 23.0 187783.0 2.7787321501767774 164.0 4.8358594E7 1437.0 215.0
0.0 18.0 213753.0 3.613151069766812 30.0 2.2057472E7 2046.0 307.0
0.0 24.0 186248.0 3.73237040627405 144.0 3.3833883E7 1534.0 275.0
0.0 30.0 149258.0 2.4830863958622924 163.0 4.6061575E7 1220.0 143.0
0.0 15.0 230780.0 3.100682921404595 20.0 1.5233672E7 2380.0 293.0
0.0 18.0 213323.0 2.915059068561202 54.0 3.1819191E7 2048.0 420.0
0.0 14.0 237993.0 3.5006627387601115 44.0 2.035941E7 2152.0 418.0
0.0 27.0 178500.0 2.6275173645789027 143.0 4.9618431E7 1250.0 300.0
0.0 30.0 148688.0 1.3899676078340997 165.0 4.2076232E7 1132.0 274.0
0.0 16.0 267782.0 3.3153091370167593 52.0 3.0966193E7 2030.0 458.0
0.0 30.0 132561.0 2.5705629630712576 155.0 5.1424112E7 1125.0 360.0
0.0 18.0 192374.0 3.6389678413547433 34.0 2.08506E7 2228.0 261.0
0.0 11.0 286064.0 4.5500529311283575 21.0 1.8172191E7 2475.0 447.0
0.0 9.0 287429.0 4.583503579024693 27.0 1.2315541E7 2578.0 383.0
0.0 12.0 228608.0 3.8737291429344687 29.0 1.9175693E7 2436.0 430.0
0.0 20.0 207691.0 3.8168588553917857 102.0 1.8607876E7 1842.0 296.0
0.0 15.0 229753.0 3.064178823300276 30.0 2.1036158E7 2265.0 295.0
0.0 19.0 185580.0 3.7331583271549733 50.0 3.0900576E7 1990.0 268.0
0.0 29.0 151745.0 1.3739727025380728 135.0 4.1042387E7 1211.0 170.0
0.0 16.0 213430.0 4.297951041484134 29.0 2.0399601E7 2308.0 321.0
0.0 10.0 243652.0 4.599829966662559 22.0 1.3862712E7 2653.0 353.0
0.0 31.0 163157.0 2.4306297968223016 122.0 4.1960005E7 1136.0 210.0
0.0 12.0 268407.0 4.303136767463648 25.0 9611289.0 2423.0 301.0
0.0 11.0 279882.0 4.670284287426344 18.0 3645694.0 2587.0 401.0
0.0 22.0 148759.0 4.0087203720977 147.0 3.3294808E7 1587.0 393.0
0.0 27.0 152147.0 2.6641982664478467 166.0 4.5002175E7 1252.0 230.0
0.0 27.0 129266.0 3.41872749204074 167.0 4.5577272E7 1231.0 349.0
0.0 34.0 89271.0 1.269521142834391 195.0 5.305913E7 868.0 201.0
0.0 17.0 255391.0 3.6126222490370394 33.0 2.1833944E7 2079.0 222.0
0.0 29.0 144923.0 2.4069480434191863 163.0 3.7161828E7 1199.0 241.0
0.0 19.0 220958.0 3.7385642770178107 34.0 2.208845E7 1996.0 358.0
0.0 10.0 254840.0 3.929296516330059 14.0 1.8420208E7 2511.0 476.0
0.0 25.0 174479.0 3.579659194708473 99.0 3.9546571E7 1622.0 266.0
0.0 14.0 261686.0 4.924366122903529 41.0 9751412.0 2350.0 340.0
0.0 18.0 225020.0 3.074772765850994 83.0 1.3220515E7 1937.0 364.0
0.0 11.0 293021.0 3.8920689370834975 31.0 4639052.0 2497.0 372.0
0.0 7.0 301853.0 4.93843256816421 15.0 7384451.0 2768.0 445.0
0.0 14.0 234333.0 4.479678454610492 32.0 1.0222779E7 2278.0 431.0
0.0 7.0 317321.0 4.089354956101266 15.0 1.3279219E7 2563.0 451.0
0.0 14.0 283429.0 3.998687943616223 26.0 2.0297154E7 2365.0 396.0
0.0 18.0 269286.0 3.791468991844028 68.0 3.7096602E7 2005.0 371.0
0.0 21.0 155430.0 3.184029696343194 157.0 3.311861E7 1694.0 355.0
0.0 25.0 170475.0 2.7188436661510087 101.0 4.3881161E7 1539.0 188.0
0.0 22.0 142777.0 3.6277691097510885 102.0 1.8669508E7 1736.0 338.0
0.0 27.0 112479.0 2.80570347206854 145.0 3.5840684E7 1402.0 244.0
0.0 17.0 224139.0 4.233925771315475 30.0 1.186936E7 2231.0 272.0
0.0 10.0 284489.0 4.438081423432385 21.0 9160744.0 2611.0 343.0
0.0 32.0 145728.0 2.319395829551183 165.0 5.2596021E7 983.0 277.0
0.0 17.0 214587.0 3.994893998676088 54.0 3.1412242E7 1967.0 382.0
0.0 8.0 267728.0 4.491983111188437 26.0 1.3094803E7 2485.0 517.0
0.0 13.0 208702.0 3.350770018580158 29.0 1.4686402E7 2427.0 267.0
0.0 16.0 266611.0 2.2225058770718404 52.0 2.6577968E7 2034.0 385.0
0.0 13.0 230939.0 3.9368153326063275 33.0 1.5275133E7 2425.0 348.0
0.0 19.0 185758.0 4.191774680307611 98.0 3.3133784E7 1756.0 423.0
0.0 13.0 284499.0 4.794442447621625 38.0 1.5157298E7 2364.0 290.0
0.0 27.0 100762.0 3.6879915613048095 174.0 4.0899966E7 1282.0 280.0
0.0 14.0 224651.0 3.946602548623214 24.0 1.5005826E7 2460.0 337.0
0.0 13.0 221847.0 4.791016953747533 26.0 9455330.0 2602.0 252.0
0.0 17.0 207608.0 3.2802513628050662 99.0 2.2992083E7 2068.0 301.0
0.0 25.0 171549.0 2.44189421579786 151.0 4.4463754E7 1341.0 320.0
0.0 24.0 247500.0 2.8802569262490354 75.0 4.3508706E7 1607.0 330.0
0.0 10.0 296901.0 4.475747218809318 20.0 9190032.0 2480.0 438.0
0.0 13.0 292977.0 3.4572605713863376 37.0 6368213.0 2318.0 463.0
0.0 20.0 198390.0 3.051578633560612 133.0 2.3443985E7 1661.0 373.0
0.0 29.0 159187.0 2.399240790791493 181.0 4.6572414E7 1130.0 261.0
0.0 30.0 94629.0 1.4521681912598772 190.0 5.6671275E7 1040.0 189.0
0.0 25.0 168964.0 2.425454983065039 106.0 2.5398399E7 1549.0 157.0
0.0 16.0 262666.0 4.182745136901863 33.0 1.6065277E7 2320.0 324.0
0.0 31.0 98667.0 2.3477166315561955 130.0 3.7173524E7 1137.0 179.0
0.0 23.0 177826.0 2.7223768800732167 85.0 1.9624735E7 1631.0 245.0
0.0 29.0 104516.0 2.6647592380724863 168.0 4.6716007E7 1148.0 315.0
0.0 30.0 95579.0 1.5031051027341404 183.0 4.6696219E7 1088.0 225.0
0.0 32.0 86136.0 2.182097666109793 196.0 5.2469174E7 996.0 193.0
0.0 35.0 64724.0 2.2008946585909954 203.0 5.8275113E7 846.0 90.0
0.0 21.0 202666.0 3.3467886754913674 58.0 3.2128316E7 1883.0 326.0
0.0 30.0 146291.0 1.26845891807692 191.0 5.6499795E7 995.0 156.0
0.0 31.0 92412.0 1.2286092940167694 193.0 5.2071714E7 1006.0 211.0
0.0 31.0 145436.0 2.4106690946812215 198.0 5.2416993E7 1049.0 170.0
0.0 34.0 139742.0 1.4866089443052812 208.0 5.3677428E7 900.0 156.0
0.0 31.0 83089.0 2.2712158103074964 199.0 5.6689332E7 1016.0 137.0
0.0 18.0 242498.0 3.954396162859609 35.0 1.6702615E7 2079.0 418.0
0.0 14.0 234432.0 4.67557753158196 22.0 4547328.0 2533.0 273.0
0.0 29.0 104901.0 2.263742955293658 146.0 3.7061982E7 1268.0 273.0
0.0 24.0 183834.0 2.5324086393795824 82.0 3.8704772E7 1629.0 248.0
0.0 13.0 224364.0 4.625806786890776 28.0 1.8677447E7 2403.0 364.0
0.0 25.0 141921.0 1.736213346959096 136.0 3.9461805E7 1394.0 356.0
0.0 29.0 175579.0 1.6828888597802434 175.0 5.1365109E7 1123.0 259.0
0.0 32.0 140450.0 2.4124234806461335 195.0 5.2165214E7 976.0 136.0
0.0 32.0 131006.0 2.3146339247892787 203.0 5.2711292E7 968.0 226.0
0.0 14.0 279875.0 4.679923744973023 24.0 1.4669833E7 2383.0 303.0
0.0 28.0 170670.0 1.3896548103364796 150.0 5.1847492E7 1103.0 310.0
0.0 29.0 154754.0 1.5552806235032763 183.0 5.1656621E7 1067.0 233.0
0.0 19.0 213212.0 4.472841963668232 42.0 2.1572269E7 1999.0 390.0
0.0 27.0 134191.0 1.865863229240557 161.0 4.0253862E7 1332.0 297.0
0.0 32.0 105162.0 1.5574468394288183 174.0 4.7416638E7 1058.0 205.0
0.0 28.0 119369.0 2.562931122785604 147.0 4.0354936E7 1384.0 186.0
0.0 21.0 149139.0 3.0297970247247483 93.0 3.3308712E7 1764.0 318.0
0.0 22.0 132280.0 3.691868851723333 111.0 3.303757E7 1623.0 252.0
0.0 14.0 294572.0 3.17266433461104 20.0 2.0662734E7 2325.0 398.0
0.0 20.0 253651.0 1.949569029171389 59.0 2.7617757E7 1923.0 340.0
0.0 17.0 222124.0 3.905846419389425 34.0 1.1048972E7 2297.0 385.0
0.0 13.0 255967.0 4.636149173452596 15.0 1.4466249E7 2459.0 393.0
0.0 10.0 244505.0 4.8313872686906905 20.0 8533893.0 2640.0 369.0
0.0 17.0 165965.0 3.396104966485764 96.0 2.198055E7 1917.0 319.0
0.0 21.0 187802.0 3.101567648012275 44.0 2.2841416E7 1931.0 198.0
0.0 16.0 263777.0 4.651467990201479 23.0 2.0131247E7 2231.0 302.0
0.0 10.0 280742.0 4.808535887152297 8.0 1.2765088E7 2600.0 355.0
0.0 26.0 172610.0 2.5871954533879586 121.0 3.9650236E7 1348.0 228.0
0.0 28.0 101967.0 2.751111108807446 159.0 4.0684351E7 1281.0 175.0
0.0 19.0 201516.0 3.1628602529095318 130.0 3.1987962E7 1844.0 242.0
0.0 16.0 280481.0 4.778156295664589 75.0 2.0906821E7 2082.0 411.0
0.0 11.0 240828.0 4.863612918178881 32.0 1.9104439E7 2372.0 436.0
0.0 22.0 199417.0 2.7365960281467303 96.0 2.37805E7 1645.0 305.0
0.0 29.0 160350.0 2.3443228202566115 174.0 3.6730898E7 1320.0 200.0
0.0 27.0 112311.0 2.581871610264418 174.0 4.0917922E7 1260.0 295.0
0.0 33.0 94666.0 2.635081356525984 200.0 4.7612126E7 1081.0 144.0
0.0 16.0 224681.0 4.764473862313676 23.0 1.519344E7 2369.0 371.0
0.0 13.0 274304.0 3.892101087978364 14.0 5252773.0 2568.0 260.0
0.0 23.0 181007.0 3.1106324612080556 115.0 2.8998995E7 1790.0 208.0
0.0 15.0 245085.0 4.002882869327334 18.0 1.0813831E7 2400.0 456.0
0.0 26.0 127876.0 3.495382587890883 159.0 3.9717259E7 1370.0 265.0
0.0 22.0 196239.0 2.916396386525224 54.0 2.3340243E7 1873.0 254.0
0.0 25.0 171943.0 3.7173908170198544 131.0 3.5475832E7 1413.0 350.0
0.0 18.0 261678.0 3.867297320756454 45.0 3.123372E7 2006.0 357.0
0.0 10.0 240345.0 5.003041690851667 23.0 1.3476017E7 2559.0 469.0
0.0 26.0 149146.0 2.7213880323063435 164.0 3.4166419E7 1435.0 134.0
0.0 17.0 222486.0 3.1330297816460297 40.0 1.7642851E7 2108.0 374.0
0.0 18.0 259729.0 4.312319973317682 65.0 2.6579527E7 1945.0 392.0
0.0 10.0 284050.0 5.000400472420976 14.0 1.8286107E7 2488.0 416.0
0.0 17.0 201014.0 3.027071473429819 29.0 2.1375159E7 2076.0 228.0
0.0 18.0 201855.0 4.303972543935541 82.0 1.7345283E7 1950.0 308.0
0.0 8.0 261271.0 4.369247234716786 13.0 1.3547762E7 2432.0 510.0
0.0 12.0 277033.0 4.0081395474658725 26.0 5138999.0 2435.0 281.0
0.0 30.0 149227.0 2.21518037287671 190.0 5.2237362E7 1048.0 234.0
0.0 24.0 183633.0 3.6080031004165183 160.0 3.990623E7 1433.0 313.0
0.0 28.0 147452.0 3.5115666875004785 183.0 4.0486592E7 1281.0 151.0
0.0 31.0 141975.0 1.5012458033228215 195.0 5.2059285E7 980.0 196.0
0.0 27.0 149019.0 3.7598388104144047 184.0 4.04799E7 1324.0 148.0
0.0 24.0 128460.0 3.854592628496272 114.0 1.8726017E7 1718.0 222.0
0.0 22.0 245782.0 1.9280684692609746 59.0 3.375577E7 1661.0 363.0
0.0 29.0 91064.0 2.523489396802645 152.0 4.6184421E7 1187.0 191.0
0.0 20.0 195292.0 3.856974724648698 113.0 1.8761067E7 1822.0 347.0
0.0 28.0 177016.0 3.788023280531575 174.0 4.097321E7 1254.0 291.0
0.0 31.0 144004.0 1.6582881423002687 193.0 4.7949143E7 1076.0 175.0
0.0 22.0 206426.0 3.16928286019541 100.0 3.8016186E7 1614.0 401.0
0.0 13.0 288809.0 3.091121159906212 17.0 1.4629377E7 2385.0 388.0
0.0 10.0 287516.0 4.32090272399562 28.0 8583712.0 2574.0 335.0
0.0 6.0 263256.0 4.289883776831037 4.0 7205341.0 2780.0 498.0
0.0 33.0 98368.0 2.471404265942708 189.0 4.8165485E7 1035.0 145.0
0.0 33.0 73258.0 2.357460315156652 201.0 4.8400644E7 1008.0 97.0
0.0 17.0 214685.0 4.117767563148361 40.0 1.1009815E7 2187.0 265.0
0.0 24.0 174956.0 1.8290803073668775 114.0 2.9797424E7 1673.0 413.0
0.0 19.0 262843.0 3.8512636966444935 56.0 2.1839949E7 2025.0 326.0
0.0 15.0 282976.0 3.7774371050759665 35.0 1.5965515E7 2277.0 363.0
0.0 8.0 298308.0 4.8308480452537665 14.0 1.3052379E7 2642.0 443.0
0.0 16.0 248280.0 4.079599110351581 25.0 2.0740414E7 2197.0 295.0
0.0 9.0 293316.0 4.332254644122508 16.0 1.3021163E7 2630.0 385.0
0.0 29.0 106754.0 2.5402813767525196 147.0 4.1464591E7 1253.0 231.0
0.0 13.0 269373.0 4.9479049413332765 34.0 9829679.0 2424.0 289.0
0.0 31.0 114495.0 1.4443545394833774 127.0 4.6533421E7 1165.0 158.0
0.0 11.0 266603.0 4.904732934464576 21.0 9550136.0 2506.0 497.0
0.0 20.0 263495.0 2.0983310462571416 60.0 2.7859594E7 1902.0 273.0
0.0 19.0 213227.0 2.4197300753572333 60.0 2.762087E7 1968.0 284.0
0.0 21.0 226332.0 3.100124858490988 62.0 3.8420426E7 1712.0 443.0
0.0 11.0 295962.0 5.183514039518469 12.0 8934980.0 2597.0 355.0
0.0 23.0 181798.0 3.271817475024648 103.0 2.9031451E7 1739.0 240.0
0.0 28.0 114042.0 1.8898612086852928 177.0 4.1183417E7 1233.0 236.0
0.0 22.0 142473.0 2.0701758964989687 106.0 3.3903769E7 1661.0 195.0
0.0 28.0 126875.0 2.7459877830493213 167.0 4.5168724E7 1297.0 323.0
0.0 21.0 241748.0 4.050837139570628 60.0 3.2509827E7 1757.0 317.0
0.0 14.0 275692.0 4.748438005053746 35.0 1.0327147E7 2343.0 357.0
0.0 21.0 139661.0 3.0611036693041207 139.0 2.4046997E7 1836.0 237.0
0.0 22.0 132056.0 3.759421099470378 105.0 2.3023376E7 1882.0 185.0
0.0 22.0 214373.0 2.641586579256238 79.0 4.2486748E7 1771.0 383.0
0.0 13.0 241554.0 3.524637196247501 25.0 9287217.0 2524.0 381.0
0.0 13.0 229341.0 2.3270277881117782 19.0 1.461407E7 2394.0 380.0
0.0 17.0 254138.0 4.293709563472165 30.0 2.0667247E7 2308.0 215.0
0.0 28.0 139010.0 1.5628557104435647 124.0 4.5273837E7 1249.0 288.0
0.0 19.0 217025.0 3.050805868314163 42.0 1.7396952E7 2008.0 353.0
0.0 27.0 172436.0 2.3924117025670557 184.0 5.0734607E7 1162.0 337.0
0.0 20.0 210200.0 4.165302435683233 138.0 3.2310099E7 1739.0 283.0
0.0 27.0 112767.0 2.5087646003153026 125.0 3.5490568E7 1322.0 247.0
0.0 16.0 227475.0 3.165720646516118 24.0 1.5613535E7 2325.0 331.0
0.0 28.0 131506.0 2.869455543359187 168.0 4.0124066E7 1281.0 270.0
0.0 28.0 165774.0 1.5442316833233694 170.0 5.0537333E7 1149.0 243.0
0.0 23.0 198170.0 2.9453953929832473 118.0 4.3940356E7 1361.0 395.0
0.0 32.0 109496.0 2.4622539391453224 146.0 4.2568652E7 1139.0 159.0
0.0 28.0 146281.0 3.5012458033228215 149.0 4.0896996E7 1278.0 201.0
0.0 32.0 130840.0 3.2627994204957576 192.0 5.23899E7 997.0 137.0
0.0 16.0 227098.0 3.6830087214622544 26.0 1.0641501E7 2373.0 341.0
0.0 26.0 167824.0 2.529195803099447 196.0 4.9459222E7 1243.0 261.0
0.0 10.0 298292.0 4.59033473376307 15.0 8551670.0 2660.0 352.0
0.0 8.0 305075.0 3.306181728298588 16.0 8097922.0 2608.0 418.0
0.0 13.0 252562.0 4.507501924334516 37.0 1.4539825E7 2453.0 269.0
0.0 27.0 172439.0 2.507616380929629 137.0 4.0855839E7 1258.0 329.0
0.0 20.0 153521.0 3.8935359859579997 91.0 2.3295669E7 1762.0 318.0
0.0 31.0 90242.0 2.4146031722995094 151.0 4.2215619E7 1157.0 135.0
0.0 20.0 213122.0 4.006548908084131 62.0 2.715211E7 1878.0 374.0
0.0 22.0 236995.0 2.956100297465365 63.0 2.8180157E7 1860.0 235.0
0.0 13.0 223187.0 4.300381120736557 18.0 1.4467622E7 2422.0 422.0
0.0 23.0 209012.0 3.0305457689230972 60.0 3.8134659E7 1604.0 373.0
