0.0 29.0 115311.0 1.5548629125592497 122.0 4.1739585E7 1271.0 219.0
0.0 18.0 256425.0 3.131782204090103 27.0 1.1582481E7 2224.0 317.0
0.0 11.0 302430.0 4.639164822096353 19.0 8331044.0 2550.0 389.0
0.0 13.0 220646.0 3.8420398598499985 24.0 9586982.0 2398.0 299.0
0.0 23.0 180770.0 3.7980935381428163 135.0 3.8623978E7 1474.0 220.0
0.0 14.0 238491.0 3.2093789289504913 33.0 1.5630157E7 2211.0 450.0
0.0 20.0 222265.0 2.907278676016479 118.0 2.3624931E7 1726.0 376.0
0.0 19.0 203807.0 2.9568639032222492 30.0 1.2339008E7 2112.0 261.0
0.0 13.0 266527.0 4.155779126048282 31.0 9721482.0 2354.0 288.0
0.0 18.0 260501.0 3.928332505971367 61.0 3.1269373E7 1940.0 311.0
0.0 14.0 264112.0 3.6909026842346626 20.0 1.5383599E7 2398.0 307.0
0.0 14.0 270932.0 3.728702100808885 24.0 1.0233798E7 2412.0 323.0
0.0 31.0 164001.0 2.4527301296215134 150.0 4.6979809E7 1183.0 214.0
0.0 16.0 239032.0 3.720886211014886 46.0 3.0189466E7 2105.0 490.0
0.0 16.0 198395.0 4.892139304086009 36.0 1.5661189E7 2389.0 255.0
0.0 15.0 208046.0 3.8100173324903537 25.0 5474835.0 2446.0 260.0
0.0 17.0 263102.0 4.085224736547809 45.0 3.0608379E7 2140.0 315.0
0.0 20.0 228915.0 2.8429625142060266 126.0 3.2854944E7 1795.0 352.0
0.0 24.0 106734.0 2.7925650104315025 135.0 2.9581097E7 1555.0 240.0
0.0 18.0 259239.0 2.838402483783281 45.0 2.6605781E7 2073.0 343.0
0.0 30.0 164354.0 2.6193516013335802 160.0 4.1619228E7 1192.0 242.0
0.0 22.0 136718.0 3.822925968054806 103.0 3.304247E7 1653.0 184.0
0.0 10.0 242749.0 4.988692834213948 23.0 3652960.0 2756.0 420.0
0.0 6.0 316923.0 5.104998716665466 8.0 2242237.0 2829.0 431.0
0.0 32.0 148121.0 1.1370854023203154 145.0 5.2205356E7 1005.0 243.0
0.0 22.0 206268.0 1.9122216470761288 89.0 3.3238331E7 1748.0 362.0
0.0 14.0 268656.0 4.088274992143361 34.0 1.5707951E7 2247.0 360.0
0.0 24.0 179542.0 3.8384903573144418 131.0 2.4785421E7 1597.0 281.0
0.0 31.0 90939.0 2.5256477171984195 186.0 3.723639E7 1249.0 196.0
0.0 12.0 280354.0 3.5836837267458255 23.0 1.4193657E7 2480.0 365.0
0.0 16.0 213096.0 4.118889608129652 48.0 2.6155775E7 1985.0 417.0
0.0 10.0 231111.0 4.8894296521602305 20.0 8606319.0 2684.0 338.0
0.0 25.0 115980.0 2.665286028663356 129.0 3.3944883E7 1468.0 226.0
0.0 24.0 190530.0 2.0103988106182435 146.0 3.4557062E7 1498.0 375.0
0.0 26.0 123553.0 2.723580533735887 191.0 4.5368933E7 1252.0 360.0
0.0 21.0 246625.0 3.023874552577244 85.0 2.7477877E7 1840.0 259.0
0.0 15.0 290786.0 2.899479179577057 34.0 2.0879729E7 2095.0 428.0
0.0 27.0 174810.0 3.7851444988779877 163.0 4.4806037E7 1286.0 255.0
0.0 30.0 103401.0 2.4688528053239485 193.0 5.1877284E7 1055.0 247.0
0.0 25.0 190385.0 1.981816314050253 76.0 3.9692649E7 1541.0 319.0
0.0 26.0 232643.0 1.8442094592587377 61.0 2.9792136E7 1584.0 277.0
0.0 13.0 266301.0 4.146574376585974 31.0 9269202.0 2454.0 323.0
0.0 13.0 269080.0 3.524669347142368 18.0 5572853.0 2534.0 296.0
0.0 7.0 299823.0 4.46779764752929 10.0 7512977.0 2704.0 485.0
0.0 12.0 274742.0 3.667446502797463 28.0 1.4277734E7 2451.0 303.0
0.0 23.0 220698.0 4.167524206074097 121.0 2.8496305E7 1798.0 216.0
0.0 31.0 137679.0 3.452402588873732 202.0 3.7549913E7 1211.0 225.0
0.0 22.0 121399.0 3.852117170059868 129.0 2.9342208E7 1648.0 248.0
0.0 13.0 233164.0 4.851334678198066 18.0 1.9266784E7 2422.0 305.0
0.0 23.0 146253.0 1.8945709896998275 141.0 3.8646257E7 1479.0 313.0
0.0 18.0 211462.0 3.753914187473796 131.0 2.7545796E7 1769.0 381.0
0.0 11.0 280735.0 4.862612609553715 7.0 1.3500243E7 2534.0 355.0
0.0 16.0 267883.0 3.769588937097231 40.0 2.0532702E7 2188.0 379.0
0.0 11.0 284929.0 4.590504920977436 19.0 1.3315638E7 2529.0 296.0
0.0 22.0 180763.0 2.4889563324894253 69.0 3.6977307E7 1901.0 179.0
0.0 12.0 222170.0 4.743365755233618 22.0 3728102.0 2690.0 234.0
0.0 10.0 288289.0 4.728011165821142 27.0 1.3310839E7 2527.0 358.0
0.0 21.0 182363.0 2.9838254327290765 76.0 2.3604064E7 1892.0 339.0
0.0 23.0 130017.0 3.932809488475678 118.0 2.9006268E7 1569.0 278.0
0.0 22.0 145362.0 3.794279735810482 102.0 1.8862792E7 1940.0 283.0
0.0 28.0 114043.0 2.8333549698261127 181.0 3.6467028E7 1317.0 307.0
0.0 16.0 267289.0 4.034252697090669 41.0 1.670509E7 2113.0 408.0
0.0 12.0 250088.0 3.234553940881327 22.0 9717122.0 2487.0 407.0
0.0 13.0 234437.0 3.250326438588933 14.0 5337263.0 2525.0 301.0
0.0 21.0 202428.0 2.7817891659391702 134.0 3.3418448E7 1685.0 278.0
0.0 23.0 230293.0 2.793640413694006 66.0 1.8673048E7 1964.0 268.0
0.0 23.0 182026.0 2.6965684074867187 104.0 2.8294025E7 1696.0 227.0
0.0 14.0 269655.0 3.8916270071828403 24.0 1.5003879E7 2328.0 373.0
0.0 12.0 264270.0 3.9036846391218805 28.0 9422756.0 2522.0 266.0
0.0 27.0 190752.0 2.770312336504842 131.0 4.0288975E7 1284.0 300.0
0.0 27.0 98017.0 2.546007440545883 134.0 3.6569911E7 1353.0 196.0
0.0 12.0 302867.0 4.154609799538078 32.0 1.9487381E7 2266.0 434.0
0.0 27.0 164760.0 3.228760149441819 144.0 4.109783E7 1259.0 301.0
0.0 10.0 294712.0 4.062097605073423 26.0 1.8892174E7 2374.0 434.0
0.0 27.0 104307.0 2.6342279919243285 128.0 3.5844721E7 1328.0 167.0
0.0 14.0 283103.0 3.245666004129451 19.0 1.5716858E7 2315.0 452.0
0.0 25.0 144741.0 3.0094176756101807 147.0 3.4760923E7 1425.0 332.0
0.0 33.0 95868.0 2.317482920690094 187.0 5.1846431E7 1011.0 144.0
0.0 11.0 305152.0 5.063208448645691 20.0 1.9364549E7 2370.0 432.0
0.0 17.0 169828.0 3.352146070478049 93.0 2.2396109E7 1937.0 306.0
0.0 29.0 123908.0 3.604906397414692 164.0 4.0580817E7 1247.0 264.0
0.0 11.0 247566.0 4.484610998736765 13.0 1.427631E7 2512.0 446.0
0.0 18.0 251090.0 3.015772057093845 54.0 2.2664213E7 2018.0 359.0
0.0 17.0 212049.0 4.788727077180611 28.0 2.6055106E7 2239.0 335.0
0.0 23.0 175520.0 1.8522390594828788 110.0 3.4855097E7 1470.0 269.0
0.0 27.0 163878.0 2.444102946179964 139.0 4.5360008E7 1259.0 239.0
0.0 32.0 133213.0 1.5672655037366465 148.0 3.8405951E7 1132.0 167.0
0.0 12.0 236184.0 4.746964284975376 30.0 1.382069E7 2548.0 413.0
0.0 28.0 119321.0 1.795837899045072 138.0 4.5847182E7 1234.0 222.0
0.0 25.0 183011.0 2.8465037061062275 66.0 2.8880334E7 1718.0 290.0
0.0 20.0 221892.0 2.909452937005517 74.0 2.7847286E7 1947.0 334.0
0.0 15.0 237140.0 3.1424770278279883 25.0 1.5919814E7 2367.0 362.0
0.0 29.0 171038.0 1.536234718216697 138.0 4.1175379E7 1201.0 317.0
0.0 24.0 206226.0 2.86928498572945 53.0 3.3201238E7 1817.0 338.0
0.0 32.0 84119.0 2.2745788691173114 191.0 5.2505352E7 1034.0 109.0
0.0 21.0 251859.0 3.791915604053348 39.0 2.2396521E7 2055.0 281.0
0.0 28.0 100116.0 3.235422153288645 195.0 4.1085685E7 1313.0 278.0
0.0 15.0 282491.0 3.9069667970954725 27.0 2.0512757E7 2228.0 452.0
0.0 11.0 279200.0 3.9540570239847472 16.0 1.9072426E7 2386.0 398.0
0.0 13.0 211718.0 3.906011636484152 17.0 4868550.0 2548.0 241.0
0.0 32.0 95365.0 2.288659898815252 163.0 3.8302798E7 1148.0 260.0
0.0 25.0 206809.0 3.733576038099 60.0 2.91546E7 1696.0 160.0
0.0 24.0 120224.0 3.7264602821264714 110.0 2.8867357E7 1670.0 255.0
0.0 31.0 92416.0 1.6357179748096606 187.0 4.2252619E7 1160.0 197.0
0.0 20.0 203222.0 3.0895341489641086 65.0 3.6798506E7 1933.0 402.0
0.0 31.0 66234.0 2.350003689095375 165.0 4.174929E7 1203.0 78.0
0.0 25.0 155771.0 2.455746363000258 112.0 1.9823057E7 1608.0 184.0
0.0 28.0 101131.0 2.377018568569271 138.0 4.1248226E7 1252.0 267.0
0.0 18.0 280720.0 3.812702500372159 31.0 2.2252572E7 2066.0 365.0
0.0 15.0 225419.0 4.833311399669582 33.0 1.0738238E7 2265.0 344.0
0.0 14.0 235079.0 2.6400567733545413 44.0 2.0503416E7 2121.0 423.0
0.0 10.0 298805.0 4.665871019050196 16.0 1.3382348E7 2543.0 369.0
0.0 21.0 146014.0 3.78731455104804 89.0 3.2643098E7 1806.0 200.0
0.0 17.0 208968.0 3.254632132882307 27.0 2.1471255E7 2043.0 377.0
0.0 10.0 261361.0 4.075880840006606 31.0 4961833.0 2526.0 462.0
0.0 8.0 259303.0 5.146497813244122 20.0 8073993.0 2624.0 424.0
0.0 28.0 165283.0 2.4746248110959543 198.0 4.1217318E7 1212.0 323.0
0.0 33.0 85533.0 1.472323230019567 197.0 5.3687734E7 955.0 197.0
0.0 28.0 147320.0 2.3249548089669356 189.0 5.1332568E7 1109.0 226.0
0.0 13.0 241776.0 3.3334188966819474 17.0 4956082.0 2506.0 450.0
0.0 27.0 173253.0 1.888753788973222 142.0 3.5576447E7 1371.0 256.0
0.0 29.0 93216.0 1.6394697785614645 144.0 4.1638386E7 1252.0 141.0
0.0 19.0 267669.0 3.021013438521733 31.0 2.6679152E7 1971.0 337.0
0.0 27.0 155867.0 2.4323141163262427 190.0 4.5942908E7 1250.0 254.0
0.0 18.0 261523.0 3.411604634077655 42.0 1.2244454E7 2128.0 315.0
0.0 26.0 154067.0 3.5207946755032724 164.0 4.4769877E7 1279.0 239.0
0.0 28.0 101628.0 3.5697717694008064 170.0 3.6253527E7 1328.0 221.0
0.0 14.0 232451.0 3.243270678621639 29.0 1.6344076E7 2221.0 393.0
0.0 25.0 133447.0 1.8171657279114768 129.0 3.975835E7 1377.0 335.0
0.0 19.0 221325.0 3.784257656364441 94.0 3.2118132E7 1904.0 406.0
0.0 30.0 134670.0 1.2910442750564015 193.0 4.7082185E7 1079.0 170.0
0.0 29.0 160718.0 2.5019355120908657 199.0 5.6574828E7 1049.0 269.0
0.0 25.0 153410.0 2.6376532216653477 137.0 2.5851548E7 1511.0 153.0
0.0 16.0 226753.0 3.381584392388427 36.0 6173712.0 2471.0 305.0
0.0 26.0 167216.0 1.750003689095375 165.0 4.0362487E7 1355.0 205.0
0.0 10.0 300639.0 4.538006011090344 20.0 1.4692458E7 2418.0 473.0
0.0 30.0 156600.0 1.4824497775786154 172.0 5.6139271E7 1110.0 200.0
0.0 30.0 149668.0 2.681050931626526 182.0 5.1532934E7 1136.0 136.0
0.0 30.0 149241.0 1.3782333541671454 193.0 4.698369E7 1119.0 197.0
0.0 27.0 188978.0 2.894271483004972 109.0 4.980143E7 1426.0 321.0
0.0 31.0 149609.0 2.315531517608536 190.0 5.6727499E7 1039.0 217.0
0.0 16.0 274132.0 4.669782215163013 44.0 1.5540241E7 2262.0 315.0
0.0 19.0 220624.0 3.1279394414723716 47.0 2.262903E7 1927.0 423.0
0.0 13.0 273468.0 3.240880086757363 30.0 5576191.0 2508.0 279.0
0.0 28.0 105182.0 2.5731448753944557 144.0 3.5607912E7 1319.0 182.0
0.0 23.0 174923.0 3.477883437485959 70.0 2.7864889E7 1830.0 212.0
0.0 19.0 213436.0 4.270025266880092 75.0 3.2060934E7 1900.0 416.0
0.0 35.0 100029.0 1.164804433027086 200.0 5.8525902E7 798.0 161.0
0.0 30.0 88340.0 2.551204032228419 178.0 4.1374535E7 1175.0 189.0
0.0 28.0 102538.0 3.4784839807335612 173.0 5.0480136E7 1201.0 202.0
0.0 12.0 287287.0 4.159462018989295 20.0 1.4129852E7 2387.0 432.0
0.0 21.0 190217.0 2.8081873997381024 114.0 2.8220794E7 1669.0 294.0
0.0 16.0 254194.0 4.075736996049432 29.0 2.0332317E7 2171.0 289.0
0.0 12.0 286670.0 3.838842923331168 24.0 8787830.0 2510.0 317.0
0.0 17.0 254612.0 3.4109382968566084 36.0 2.1154315E7 2183.0 346.0
0.0 25.0 200498.0 3.081280672645741 69.0 3.4367248E7 1809.0 251.0
0.0 14.0 214840.0 4.215709755036079 23.0 1.5168017E7 2440.0 272.0
0.0 22.0 179647.0 3.6425839245659035 107.0 2.8123921E7 1750.0 267.0
0.0 30.0 134950.0 1.3362789464343 200.0 4.7317736E7 1064.0 240.0
0.0 29.0 154667.0 1.5116126294791212 199.0 4.6799421E7 1172.0 257.0
0.0 15.0 265040.0 3.5564979120498244 41.0 2.0953929E7 2115.0 339.0
0.0 24.0 156914.0 3.9131694793619847 122.0 3.9103639E7 1469.0 397.0
0.0 9.0 238081.0 5.078277996174416 18.0 7569162.0 2694.0 360.0
0.0 31.0 93733.0 3.293855743473745 177.0 4.6617888E7 1147.0 167.0
0.0 23.0 191497.0 3.6358644010993135 112.0 3.3537438E7 1564.0 292.0
0.0 32.0 87904.0 2.3526072734615053 144.0 4.7389325E7 1054.0 136.0
0.0 26.0 176649.0 2.622660953761546 142.0 4.0591002E7 1364.0 174.0
0.0 17.0 213124.0 3.1821615677999238 30.0 2.0944307E7 2210.0 261.0
0.0 23.0 183171.0 2.8444803384769854 102.0 4.3648332E7 1524.0 319.0
0.0 30.0 123810.0 3.3880077902573706 174.0 4.1263504E7 1244.0 83.0
0.0 19.0 239160.0 3.0624208823486057 35.0 2.2746078E7 1972.0 382.0
0.0 20.0 160970.0 3.2480724921374997 78.0 2.7764743E7 1744.0 344.0
0.0 13.0 282118.0 4.372288394761416 19.0 1.0266052E7 2286.0 392.0
0.0 26.0 198484.0 1.850248434678394 172.0 5.0157509E7 1285.0 389.0
0.0 33.0 121593.0 2.323437273055275 203.0 4.7591625E7 1101.0 62.0
0.0 15.0 189568.0 4.143407237968725 72.0 1.6067187E7 2263.0 304.0
0.0 13.0 272077.0 3.1478558595226094 26.0 1.051035E7 2487.0 250.0
0.0 15.0 276201.0 1.97868301325754 28.0 2.0667378E7 2283.0 311.0
0.0 30.0 163214.0 1.7163440825365879 175.0 5.163376E7 1047.0 230.0
0.0 17.0 266091.0 3.2122121580031533 26.0 2.6886569E7 2074.0 418.0
0.0 30.0 125356.0 1.7717777486691322 177.0 4.6624434E7 1113.0 221.0
0.0 30.0 108727.0 1.7177429284886774 179.0 4.654889E7 1185.0 219.0
0.0 22.0 190879.0 4.201393100016789 77.0 3.7866882E7 1759.0 326.0
0.0 15.0 215637.0 3.408420522546289 31.0 1.1391358E7 2200.0 345.0
0.0 12.0 237845.0 3.3594434286487544 29.0 1.9642761E7 2429.0 457.0
0.0 12.0 277046.0 3.4620213323767697 43.0 2.0277239E7 2229.0 369.0
0.0 25.0 190450.0 2.0024001317505316 157.0 3.5322711E7 1399.0 348.0
0.0 28.0 149729.0 1.5385345855320443 173.0 3.684983E7 1256.0 190.0
0.0 25.0 146912.0 2.6104925372890446 171.0 3.5321343E7 1460.0 122.0
0.0 18.0 204715.0 3.541577880311369 23.0 1.6633817E7 2218.0 268.0
0.0 9.0 292832.0 5.110527941689649 17.0 8235988.0 2687.0 448.0
0.0 12.0 256183.0 4.981121269297482 26.0 1.4081358E7 2484.0 429.0
0.0 9.0 290825.0 3.9621415738083234 5.0 8750224.0 2636.0 365.0
0.0 20.0 206406.0 3.3288613267011398 64.0 2.7397407E7 1831.0 375.0
0.0 17.0 237901.0 3.6724017846358854 68.0 2.5743697E7 2010.0 284.0
0.0 18.0 207411.0 2.7997389934767964 75.0 2.2048135E7 1954.0 389.0
0.0 21.0 181675.0 3.503924776696229 72.0 2.7550823E7 1883.0 330.0
0.0 25.0 180810.0 2.661836228201296 145.0 4.4742358E7 1326.0 293.0
0.0 22.0 151536.0 2.9571555819219406 111.0 2.8815807E7 1646.0 361.0
0.0 18.0 218480.0 4.790853073938693 81.0 2.2450896E7 2140.0 339.0
0.0 12.0 257928.0 4.116559775681228 29.0 1.5243169E7 2363.0 436.0
0.0 24.0 187397.0 2.718620466007206 113.0 3.9040892E7 1636.0 263.0
0.0 18.0 192501.0 3.083504221967831 31.0 1.1710649E7 2149.0 266.0
0.0 18.0 194996.0 3.1510381068335787 91.0 1.744755E7 1926.0 270.0
0.0 17.0 209345.0 4.168557525948741 35.0 1.6184391E7 2162.0 300.0
0.0 31.0 94168.0 2.3536173744716065 165.0 4.2620125E7 1155.0 198.0
0.0 27.0 113216.0 3.525352862414401 123.0 3.4951568E7 1422.0 276.0
0.0 13.0 229719.0 3.8874406535188815 22.0 1.5274261E7 2250.0 438.0
0.0 25.0 167629.0 3.6176200723286693 129.0 3.4363577E7 1425.0 305.0
0.0 14.0 223499.0 3.8734921365889523 31.0 1.033642E7 2273.0 305.0
0.0 14.0 290987.0 4.005453220146337 28.0 1.4693825E7 2221.0 376.0
0.0 24.0 174695.0 3.57909186107384 156.0 3.4250088E7 1428.0 267.0
0.0 20.0 204673.0 3.7032739178706784 46.0 2.7288914E7 1877.0 276.0
0.0 13.0 213011.0 4.1469688489895145 26.0 1.9443881E7 2425.0 293.0
0.0 32.0 90620.0 2.54596321232828 189.0 4.2621944E7 1159.0 178.0
0.0 16.0 276847.0 3.9231881852211714 31.0 2.1002396E7 2088.0 282.0
0.0 28.0 121796.0 3.6757425787771894 121.0 3.6046482E7 1366.0 291.0
0.0 16.0 264179.0 3.1489453426831457 25.0 1.1329859E7 2267.0 354.0
0.0 19.0 255274.0 3.7321128178585665 61.0 2.2335377E7 1957.0 372.0
0.0 20.0 208921.0 3.5978949765976678 52.0 3.6626229E7 1881.0 316.0
0.0 13.0 229029.0 4.900162494654659 29.0 9539413.0 2454.0 322.0
0.0 24.0 123989.0 3.685858778367073 114.0 3.4287708E7 1505.0 257.0
0.0 21.0 138988.0 4.073800855782835 91.0 1.8613072E7 1776.0 357.0
0.0 18.0 209957.0 4.083884637666726 83.0 3.1573407E7 1960.0 315.0
0.0 10.0 289451.0 3.9472688665604734 25.0 1.8277175E7 2490.0 399.0
0.0 27.0 155438.0 2.534569755423987 119.0 3.6016923E7 1304.0 195.0
0.0 14.0 274542.0 4.624145496532235 24.0 1.9593276E7 2341.0 325.0
0.0 27.0 144587.0 2.859931733835377 162.0 4.5029568E7 1305.0 324.0
0.0 14.0 247324.0 3.2645191023290794 31.0 1.5878254E7 2355.0 436.0
0.0 16.0 222413.0 3.7893190971527555 55.0 3.1210761E7 2056.0 367.0
0.0 22.0 196048.0 2.1748550331417658 152.0 3.3794342E7 1563.0 260.0
0.0 22.0 213014.0 2.892681082809758 46.0 2.3355809E7 1797.0 332.0
0.0 24.0 138163.0 2.944554144849784 111.0 3.0251246E7 1628.0 265.0
0.0 20.0 217788.0 3.290024351098266 44.0 2.3254219E7 1938.0 312.0
0.0 18.0 188161.0 3.9462342998507105 86.0 1.2187555E7 2053.0 220.0
0.0 27.0 172821.0 2.0369192846797013 176.0 4.0372083E7 1340.0 217.0
0.0 29.0 146065.0 1.7217802057923322 188.0 4.713647E7 1191.0 214.0
0.0 21.0 189014.0 3.83096999374589 109.0 2.8265218E7 1699.0 218.0
0.0 26.0 163785.0 3.4858118696514335 126.0 4.5277611E7 1263.0 259.0
0.0 28.0 89368.0 3.5196916510721987 127.0 4.0698564E7 1251.0 129.0
0.0 26.0 173225.0 2.5216514686489275 141.0 3.6102702E7 1352.0 272.0
0.0 17.0 210098.0 3.7789319990608368 24.0 2.0492313E7 2281.0 226.0
0.0 11.0 284178.0 4.99483878730805 25.0 1.3093937E7 2547.0 303.0
0.0 29.0 167531.0 2.5186311400757675 195.0 5.0587715E7 1146.0 268.0
0.0 36.0 87588.0 1.1913708490671862 209.0 5.9101526E7 767.0 154.0
0.0 26.0 164448.0 2.5426455003418376 113.0 2.5293614E7 1545.0 144.0
0.0 21.0 210749.0 4.127600599124623 89.0 3.6883603E7 1705.0 356.0
0.0 18.0 257509.0 4.44919596924956 56.0 1.1204617E7 2238.0 302.0
0.0 19.0 221167.0 2.0486622768625655 101.0 1.8842868E7 1844.0 354.0
0.0 12.0 283545.0 4.4807907415947765 32.0 4912475.0 2494.0 297.0
0.0 11.0 255282.0 3.340823160028486 24.0 1.4974889E7 2372.0 482.0
0.0 9.0 244441.0 4.141986535048633 15.0 8777203.0 2604.0 336.0
0.0 20.0 193939.0 3.9045332384821285 131.0 2.8499612E7 1729.0 281.0
0.0 23.0 236829.0 2.923426627863309 56.0 1.899748E7 1833.0 289.0
0.0 29.0 109421.0 3.4176866385408697 166.0 4.6333794E7 1177.0 252.0
0.0 16.0 254841.0 3.677071473429819 29.0 1.493709E7 2283.0 261.0
0.0 26.0 103701.0 2.7367588283095308 173.0 3.9710497E7 1374.0 212.0
0.0 23.0 115908.0 3.6183733311492277 106.0 3.354248E7 1554.0 176.0
0.0 24.0 143503.0 2.537866248021601 116.0 3.4635789E7 1496.0 358.0
0.0 25.0 113009.0 2.574854066404769 146.0 3.4978508E7 1437.0 290.0
0.0 28.0 162707.0 1.3388025596567916 158.0 4.1353687E7 1215.0 242.0
0.0 30.0 75674.0 2.518834857926544 192.0 5.1654264E7 1163.0 168.0
0.0 12.0 279574.0 3.953104418660251 18.0 9343271.0 2495.0 395.0
0.0 26.0 167655.0 3.437464766030136 169.0 3.9628735E7 1356.0 249.0
0.0 32.0 95367.0 1.165305686159918 175.0 5.2637706E7 942.0 195.0
0.0 30.0 113978.0 2.476789313260456 184.0 4.6914812E7 1122.0 272.0
0.0 21.0 245525.0 2.638259207044259 100.0 4.1845329E7 1773.0 252.0
0.0 36.0 63882.0 1.0832458854954663 196.0 5.8134123E7 813.0 72.0
