0.0 27.0 149834.0 3.5980712001482185 172.0 4.059524E7 1341.0 191.0
0.0 15.0 272431.0 2.896549223821849 33.0 1.1164849E7 2415.0 326.0
0.0 11.0 278923.0 4.792215621624306 35.0 4448603.0 2465.0 300.0
0.0 14.0 218895.0 4.700942356494268 26.0 1.4802462E7 2391.0 353.0
0.0 24.0 194020.0 3.5990370729407166 145.0 3.3971769E7 1510.0 341.0
0.0 16.0 214165.0 3.68880915095697 27.0 1.0034902E7 2420.0 228.0
0.0 9.0 231294.0 4.0649463023460815 12.0 3033390.0 2725.0 287.0
0.0 9.0 249346.0 4.029632882725779 12.0 8703908.0 2660.0 387.0
0.0 24.0 168991.0 2.914259098861621 124.0 2.887089E7 1618.0 181.0
0.0 29.0 177840.0 1.7000533557195452 132.0 5.1278031E7 1094.0 314.0
0.0 33.0 84740.0 1.4834965120618822 183.0 5.24952E7 991.0 140.0
0.0 29.0 167999.0 2.3219020952153433 179.0 5.6161493E7 1006.0 347.0
0.0 9.0 248281.0 4.919033804384764 28.0 8766653.0 2537.0 376.0
0.0 17.0 214010.0 2.644040852299589 51.0 3.5919929E7 2124.0 313.0
0.0 11.0 245868.0 4.916379627960096 17.0 1.856057E7 2480.0 403.0
0.0 21.0 220846.0 2.756049544948712 81.0 2.3054803E7 1884.0 328.0
0.0 13.0 281961.0 3.0605986846680064 17.0 1.4660082E7 2354.0 438.0
0.0 26.0 109028.0 2.513404615654196 118.0 4.0364892E7 1340.0 239.0
0.0 20.0 188533.0 3.9054696179655592 100.0 2.3020107E7 1845.0 228.0
0.0 12.0 302748.0 4.453313669391897 33.0 1.4416205E7 2298.0 435.0
0.0 27.0 137014.0 2.04700406582815 172.0 4.0792771E7 1278.0 311.0
0.0 21.0 180861.0 4.0541509049420625 141.0 3.2509354E7 1711.0 201.0
0.0 12.0 283665.0 4.256320236051878 37.0 1.0009614E7 2368.0 439.0
0.0 24.0 130833.0 1.7464054939933482 110.0 3.4136295E7 1484.0 304.0
0.0 23.0 238374.0 2.2531786908483493 45.0 3.2997616E7 1824.0 215.0
0.0 18.0 220841.0 2.6810365869547357 39.0 2.6404979E7 2064.0 402.0
0.0 32.0 141023.0 1.5320634897598266 200.0 4.7881951E7 1030.0 164.0
0.0 26.0 170817.0 2.5844728846923175 175.0 3.5188497E7 1387.0 260.0
0.0 18.0 273498.0 3.655211681902507 78.0 2.272481E7 2030.0 381.0
0.0 20.0 222136.0 2.9166346270929804 101.0 1.9314738E7 1827.0 410.0
0.0 16.0 218982.0 4.768040937602424 32.0 1.1036956E7 2288.0 248.0
0.0 29.0 145256.0 2.397933081772646 170.0 5.1041966E7 1074.0 209.0
0.0 13.0 276027.0 3.757791175213188 26.0 9974852.0 2429.0 378.0
0.0 26.0 177758.0 2.766187050026614 154.0 4.0543922E7 1317.0 325.0
0.0 16.0 284416.0 3.6131203424427465 35.0 2.1042137E7 2223.0 444.0
0.0 17.0 220226.0 4.433779555487177 57.0 2.1241508E7 2012.0 435.0
0.0 28.0 111864.0 2.585394158707407 140.0 4.5629539E7 1176.0 311.0
0.0 16.0 226463.0 4.709206422303239 18.0 2.0244596E7 2337.0 286.0
0.0 20.0 160154.0 3.10846288696502 139.0 4.2296069E7 1721.0 345.0
0.0 12.0 276824.0 3.735571733908026 13.0 9516107.0 2470.0 350.0
0.0 31.0 85771.0 2.5240358448900766 171.0 4.7060288E7 1125.0 164.0
0.0 14.0 198484.0 3.3489534616840415 18.0 5695682.0 2500.0 226.0
0.0 25.0 160025.0 1.669148626844964 115.0 3.5318732E7 1406.0 204.0
0.0 30.0 101073.0 2.7528212665547556 163.0 4.5947069E7 1195.0 144.0
0.0 21.0 205844.0 3.911391696684372 146.0 4.3035049E7 1660.0 380.0
0.0 14.0 275572.0 3.1219919321772145 22.0 2.0270305E7 2323.0 331.0
0.0 9.0 239634.0 4.9422968801068565 15.0 1.3250618E7 2614.0 374.0
0.0 28.0 109390.0 1.5324146344916527 133.0 3.6314895E7 1329.0 228.0
0.0 19.0 265182.0 2.2116859786259626 92.0 3.2488029E7 1851.0 382.0
0.0 32.0 99860.0 2.252569673251343 198.0 5.257961E7 1001.0 212.0
0.0 32.0 142014.0 1.1362789464343 205.0 5.2747154E7 888.0 216.0
0.0 22.0 184535.0 3.654982492044031 107.0 2.8097249E7 1652.0 273.0
0.0 21.0 154437.0 3.00052622635378 115.0 1.9079769E7 1929.0 308.0
0.0 26.0 152655.0 2.644232801929139 117.0 2.0736707E7 1546.0 118.0
0.0 20.0 198022.0 4.058816669986941 63.0 3.1312104E7 2020.0 237.0
0.0 30.0 88677.0 3.130614306548098 153.0 4.1318691E7 1236.0 155.0
0.0 16.0 274538.0 4.258505159828232 25.0 2.0234527E7 2302.0 287.0
0.0 6.0 312883.0 5.070868308678285 15.0 7500857.0 2759.0 481.0
0.0 22.0 199293.0 2.840608513524533 108.0 3.916089E7 1691.0 269.0
0.0 9.0 259597.0 3.4469155241881495 7.0 1.3754825E7 2593.0 432.0
0.0 28.0 161719.0 1.6888203551854228 153.0 4.133146E7 1226.0 240.0
0.0 30.0 106692.0 2.5964396703433144 156.0 4.5986532E7 1187.0 236.0
0.0 16.0 215380.0 3.717528904832327 37.0 1.1112262E7 2381.0 272.0
0.0 26.0 105528.0 2.629466087162424 109.0 3.1007147E7 1436.0 198.0
0.0 32.0 142699.0 2.241496162350394 180.0 5.247408E7 993.0 165.0
0.0 19.0 235427.0 2.865122614888974 88.0 3.714467E7 1824.0 459.0
0.0 10.0 319851.0 4.0869514062430135 26.0 1.4110119E7 2440.0 515.0
0.0 13.0 231103.0 4.766652852003812 25.0 1.4784624E7 2336.0 339.0
0.0 30.0 82388.0 3.378575117666804 158.0 4.1411464E7 1279.0 130.0
0.0 22.0 247162.0 3.629993494590255 70.0 2.8387131E7 1798.0 310.0
0.0 22.0 184231.0 2.7589541698724807 105.0 2.8330869E7 1774.0 297.0
0.0 11.0 255118.0 4.1306997575631454 16.0 1.9252738E7 2447.0 424.0
0.0 28.0 143264.0 3.641496162350394 125.0 3.5913736E7 1297.0 148.0
0.0 31.0 129469.0 2.4535262375383637 195.0 4.2767196E7 1077.0 168.0
0.0 25.0 129087.0 3.5532090447597473 157.0 4.4126444E7 1317.0 344.0
0.0 23.0 160296.0 2.137584198329947 128.0 3.4702676E7 1582.0 360.0
0.0 12.0 281589.0 3.8551967925002146 29.0 1.0158976E7 2356.0 327.0
0.0 9.0 315866.0 3.9719435774954897 22.0 1.3677136E7 2554.0 448.0
0.0 25.0 190298.0 1.9721195121687904 111.0 2.9904337E7 1455.0 239.0
0.0 18.0 202410.0 4.513358828408106 33.0 2.572112E7 2115.0 314.0
0.0 26.0 167177.0 1.8589820172687497 129.0 3.0636119E7 1496.0 209.0
0.0 34.0 66793.0 2.2701587278550655 164.0 4.8353401E7 1008.0 82.0
0.0 30.0 105003.0 1.423050314601017 167.0 4.6746757E7 1108.0 248.0
0.0 25.0 243831.0 3.236582177774683 58.0 3.379368E7 1747.0 349.0
0.0 10.0 292159.0 4.129671051892669 19.0 9044622.0 2622.0 436.0
0.0 11.0 273470.0 3.799067043192972 25.0 8862595.0 2635.0 268.0
0.0 16.0 284011.0 2.177052714356137 31.0 1.6610862E7 2245.0 354.0
0.0 29.0 140125.0 2.599627749245751 155.0 4.1296073E7 1329.0 125.0
0.0 28.0 138191.0 2.546007440545883 145.0 4.1308845E7 1235.0 120.0
0.0 33.0 82741.0 2.226959821498264 156.0 4.78204E7 1064.0 96.0
0.0 16.0 213832.0 3.9545143083826777 29.0 1.5768617E7 2212.0 240.0
0.0 19.0 214398.0 4.464883138053752 53.0 2.2334271E7 2045.0 316.0
0.0 13.0 237864.0 4.035858021295263 35.0 1.069697E7 2341.0 317.0
0.0 33.0 94952.0 1.3303636799816818 187.0 5.7897493E7 955.0 203.0
0.0 27.0 144255.0 2.5155600148980612 166.0 2.6262111E7 1512.0 83.0
0.0 11.0 214888.0 4.854640526862144 17.0 1.320657E7 2513.0 340.0
0.0 8.0 239644.0 5.039397501265365 7.0 7130459.0 2739.0 412.0
0.0 9.0 252624.0 3.9948963081593587 26.0 3325852.0 2711.0 390.0
0.0 17.0 250979.0 4.661195317113466 33.0 2.6488689E7 2066.0 475.0
0.0 13.0 290424.0 4.96525409211748 28.0 1.4740844E7 2500.0 327.0
0.0 23.0 184366.0 1.9006243745280182 141.0 3.8558315E7 1434.0 275.0
0.0 22.0 135386.0 3.8346306130034646 104.0 1.9058924E7 1815.0 206.0
0.0 25.0 165199.0 1.873950478473441 61.0 1.934681E7 1757.0 164.0
0.0 27.0 156378.0 3.5590783692337227 176.0 4.5738344E7 1249.0 245.0
0.0 17.0 173405.0 4.0781155484963465 91.0 1.6634485E7 2002.0 361.0
0.0 14.0 233135.0 4.340615256693485 29.0 5546963.0 2318.0 340.0
0.0 23.0 153344.0 2.907897112585753 103.0 1.9236588E7 1762.0 298.0
0.0 22.0 180127.0 3.951263152712094 62.0 1.3394621E7 2016.0 313.0
0.0 18.0 196624.0 3.129338949651386 40.0 1.2029827E7 2203.0 306.0
0.0 12.0 241594.0 3.416683579327878 10.0 1.9806433E7 2366.0 449.0
0.0 11.0 245811.0 3.692874055518354 18.0 1.8949973E7 2415.0 437.0
0.0 13.0 279607.0 4.050677120324888 16.0 1.4996775E7 2407.0 338.0
0.0 23.0 141562.0 3.5217665604057284 110.0 3.4226252E7 1587.0 322.0
0.0 22.0 191822.0 3.6970762886269912 145.0 2.8540996E7 1582.0 362.0
0.0 17.0 245259.0 2.9599561043619884 39.0 1.159458E7 2209.0 251.0
0.0 15.0 284496.0 4.655502438800206 46.0 2.0311232E7 2118.0 453.0
0.0 15.0 251521.0 3.7322870591504467 32.0 2.0775068E7 2181.0 401.0
0.0 11.0 289698.0 4.42153431742167 32.0 1.9006683E7 2315.0 404.0
0.0 33.0 132433.0 1.1738132129048988 165.0 4.8195273E7 1034.0 172.0
0.0 12.0 237061.0 4.954005849883126 31.0 5065796.0 2520.0 296.0
0.0 32.0 79879.0 1.446098577479125 181.0 4.7506917E7 1060.0 93.0
0.0 15.0 281948.0 3.0339541698724815 34.0 2.0651049E7 2297.0 358.0
0.0 14.0 262364.0 3.8445853991083614 25.0 1.5480414E7 2409.0 305.0
0.0 8.0 306121.0 5.0466924845024606 22.0 8413400.0 2716.0 464.0
0.0 10.0 289005.0 3.8567627421137023 29.0 9299632.0 2613.0 308.0
0.0 25.0 161394.0 2.558083457712495 177.0 3.5595528E7 1326.0 310.0
0.0 28.0 95892.0 3.3849156502368443 170.0 3.096894E7 1391.0 141.0
0.0 34.0 75689.0 3.1561236401357666 203.0 4.3370571E7 1065.0 105.0
0.0 25.0 241053.0 2.5777888766925203 106.0 4.3966553E7 1458.0 330.0
0.0 23.0 184702.0 2.890540325833001 146.0 4.3908154E7 1401.0 302.0
0.0 30.0 152822.0 2.3166389373206067 146.0 5.168567E7 1081.0 232.0
0.0 33.0 128548.0 1.2151803728767099 200.0 5.8111087E7 895.0 122.0
0.0 22.0 243344.0 3.914969693176866 48.0 1.8655634E7 1898.0 310.0
0.0 13.0 236702.0 4.711219271937024 27.0 1.4181875E7 2461.0 395.0
0.0 28.0 160437.0 1.6648503750057284 133.0 3.6347655E7 1310.0 236.0
0.0 23.0 116524.0 3.7691397489856677 119.0 3.3714267E7 1619.0 237.0
0.0 22.0 196287.0 1.73237040627405 114.0 3.8480067E7 1457.0 376.0
0.0 13.0 287905.0 4.865802831358662 27.0 1.4852451E7 2279.0 426.0
0.0 19.0 214503.0 3.013622557662205 53.0 2.6621869E7 1977.0 305.0
0.0 26.0 129141.0 1.5605683521190545 166.0 4.5406957E7 1283.0 331.0
0.0 16.0 182243.0 3.1957191266372753 88.0 1.2517701E7 1986.0 449.0
0.0 20.0 175232.0 4.125890636722667 103.0 1.3104263E7 1977.0 231.0
0.0 17.0 249323.0 3.77354354716668 67.0 2.7008052E7 1986.0 332.0
0.0 29.0 126830.0 2.5404484611301306 188.0 5.138906E7 1095.0 347.0
0.0 19.0 177799.0 2.2647764067163902 105.0 3.3171922E7 1739.0 416.0
0.0 15.0 242468.0 3.6869072687749704 25.0 1.0742565E7 2393.0 406.0
0.0 15.0 270471.0 3.4340810185692634 37.0 1.47559E7 2339.0 262.0
0.0 14.0 236004.0 3.764693720331914 49.0 2.4513127E7 2260.0 409.0
0.0 27.0 180330.0 1.4178340654219197 137.0 4.5179791E7 1256.0 315.0
0.0 16.0 247381.0 3.4239529759736413 33.0 2.0223163E7 2275.0 266.0
0.0 30.0 95310.0 2.463993581860074 158.0 3.692095E7 1225.0 220.0
0.0 26.0 108350.0 3.753551774996402 142.0 2.9789749E7 1537.0 159.0
0.0 28.0 154033.0 2.6152272815923494 172.0 4.12118E7 1315.0 199.0
0.0 32.0 95459.0 1.6219030619523402 174.0 4.7485813E7 1058.0 191.0
0.0 21.0 207791.0 2.832830546373552 85.0 2.3020489E7 1926.0 413.0
0.0 29.0 173644.0 1.834534908438552 177.0 4.6109107E7 1154.0 288.0
0.0 25.0 155260.0 3.970465644369288 145.0 3.0158964E7 1562.0 220.0
0.0 24.0 166164.0 3.9326551597985024 62.0 2.9100982E7 1755.0 203.0
0.0 25.0 181095.0 3.626571688709433 70.0 3.9368009E7 1657.0 235.0
0.0 24.0 179895.0 3.006601064887797 163.0 3.4708135E7 1546.0 235.0
0.0 12.0 227710.0 4.270644166445238 21.0 1.4337908E7 2457.0 349.0
0.0 29.0 114614.0 1.412005769702107 133.0 4.6767321E7 1178.0 234.0
0.0 19.0 256569.0 3.855347385445263 68.0 2.6749214E7 1939.0 333.0
0.0 16.0 219891.0 3.3435342631820313 24.0 1.1332526E7 2321.0 290.0
0.0 10.0 240935.0 4.041382566109894 11.0 1.8513405E7 2565.0 334.0
0.0 9.0 288807.0 3.974522793728119 26.0 8051314.0 2621.0 359.0
0.0 7.0 251619.0 5.179284698490023 12.0 7171986.0 2821.0 408.0
0.0 15.0 240534.0 3.3356248564158517 88.0 2.2027222E7 2117.0 392.0
0.0 25.0 163559.0 2.5034920611883984 120.0 3.5409898E7 1391.0 238.0
0.0 15.0 253216.0 4.31715876606241 37.0 1.0584257E7 2212.0 323.0
0.0 13.0 207494.0 4.2472291150392545 27.0 1.502649E7 2307.0 325.0
0.0 29.0 120507.0 1.4573315780132472 147.0 4.6985573E7 1110.0 279.0
0.0 15.0 264126.0 3.7975074872699253 31.0 1.0987829E7 2233.0 472.0
0.0 10.0 259526.0 4.321912586038352 24.0 9350408.0 2471.0 417.0
0.0 25.0 163363.0 3.8131087941331803 164.0 3.4346935E7 1432.0 250.0
0.0 23.0 186005.0 3.3782100114967437 75.0 3.3038964E7 1724.0 232.0
0.0 11.0 251401.0 5.070331368947617 18.0 9250173.0 2624.0 472.0
0.0 10.0 248492.0 4.814372417788269 17.0 1.3171884E7 2625.0 394.0
0.0 9.0 307738.0 3.937785601911368 15.0 8930875.0 2661.0 460.0
0.0 6.0 266164.0 5.16048770600882 17.0 1918434.0 2913.0 440.0
0.0 20.0 163612.0 4.042721638965708 144.0 3.2842989E7 1737.0 329.0
0.0 29.0 91707.0 3.7342749006399685 185.0 3.609706E7 1310.0 137.0
0.0 19.0 212538.0 3.7684106726747912 44.0 1.7641619E7 1963.0 400.0
0.0 12.0 259402.0 3.5952944502266497 14.0 9034964.0 2514.0 295.0
0.0 14.0 294162.0 3.623803838993435 26.0 1.019873E7 2452.0 359.0
0.0 31.0 112520.0 2.2906649113465805 151.0 4.2618721E7 1133.0 254.0
0.0 18.0 220804.0 3.5656542325942158 54.0 1.7235632E7 2131.0 359.0
0.0 16.0 207627.0 4.038243548536224 42.0 2.1058718E7 2229.0 344.0
0.0 10.0 235448.0 4.35361807290968 22.0 1.353751E7 2583.0 360.0
0.0 8.0 290740.0 5.153913894430696 22.0 1.2442922E7 2741.0 316.0
0.0 10.0 246757.0 4.731462416899658 19.0 1.3369001E7 2597.0 380.0
0.0 6.0 306157.0 5.255725801246916 19.0 1764361.0 2858.0 409.0
0.0 15.0 218111.0 4.740259321421029 40.0 1.4796388E7 2226.0 352.0
0.0 31.0 105032.0 2.2696122797676335 164.0 4.7141107E7 1079.0 255.0
0.0 12.0 246041.0 3.924997253333708 16.0 9565155.0 2455.0 391.0
0.0 22.0 143147.0 3.7686450637739015 95.0 2.3184959E7 1798.0 262.0
0.0 14.0 276053.0 3.2231861187072344 33.0 1.0806993E7 2299.0 403.0
0.0 13.0 268943.0 4.770083974606937 37.0 2.3897983E7 2294.0 324.0
0.0 24.0 193979.0 3.818172143747738 63.0 3.4305621E7 1663.0 330.0
0.0 10.0 277212.0 3.8273878451979844 21.0 8801085.0 2655.0 267.0
0.0 26.0 116334.0 1.746534231136753 134.0 3.9784648E7 1396.0 241.0
0.0 21.0 135414.0 3.1984565618338894 142.0 2.7502702E7 1822.0 300.0
0.0 28.0 123802.0 1.5681188683383014 190.0 5.0876971E7 1143.0 337.0
0.0 22.0 198922.0 2.969149854895604 102.0 2.8690221E7 1752.0 379.0
0.0 14.0 293937.0 4.203249169693635 16.0 1.0171777E7 2389.0 371.0
0.0 27.0 149029.0 1.5268346554000256 140.0 2.5887212E7 1501.0 124.0
0.0 30.0 147022.0 1.4333711987786741 157.0 4.6786425E7 1126.0 182.0
0.0 15.0 214987.0 4.812650825661359 21.0 1.0052055E7 2456.0 288.0
0.0 10.0 286870.0 3.963324585441445 25.0 3546510.0 2656.0 354.0
0.0 28.0 158871.0 2.4108983499900356 135.0 4.0865513E7 1277.0 161.0
0.0 32.0 149038.0 2.2543164644718177 182.0 4.7510027E7 1001.0 185.0
0.0 13.0 221912.0 4.903355309359739 29.0 9260414.0 2527.0 298.0
0.0 17.0 249256.0 4.662010055747858 30.0 1.5676153E7 2288.0 298.0
0.0 25.0 118894.0 2.6127652441457916 107.0 3.0224061E7 1468.0 202.0
0.0 29.0 104934.0 2.546700348777367 152.0 4.1295338E7 1277.0 230.0
0.0 29.0 156193.0 1.33883040705306 144.0 4.7051341E7 1088.0 230.0
0.0 14.0 236758.0 4.330753545360381 37.0 1.0136529E7 2308.0 387.0
0.0 19.0 152527.0 4.229829348362441 96.0 2.6831515E7 1942.0 332.0
0.0 14.0 224527.0 4.697422992944108 35.0 1.4572776E7 2465.0 405.0
0.0 20.0 197007.0 3.0757045098545137 105.0 1.8294314E7 1833.0 286.0
0.0 13.0 234443.0 3.674319559756801 30.0 1.5489802E7 2322.0 328.0
0.0 14.0 280020.0 4.660469306461416 42.0 2.4710553E7 2140.0 461.0
0.0 26.0 163500.0 2.588409272248836 123.0 3.5546075E7 1332.0 254.0
0.0 31.0 140138.0 3.257786889167437 178.0 4.6834923E7 1105.0 162.0
0.0 20.0 248496.0 2.988459216386434 62.0 3.2319959E7 1789.0 304.0
0.0 11.0 283860.0 3.9597591978565703 15.0 8555045.0 2529.0 394.0
0.0 13.0 290109.0 3.8211093818271347 25.0 1.9424601E7 2418.0 417.0
0.0 24.0 118820.0 3.5196821587738447 110.0 2.3758896E7 1661.0 159.0
0.0 24.0 158169.0 3.7131999310664234 148.0 2.9637325E7 1509.0 246.0
0.0 15.0 255318.0 5.05616675261138 30.0 1.0003203E7 2339.0 270.0
0.0 30.0 86768.0 2.6866558530209206 151.0 3.2208235E7 1376.0 109.0
0.0 18.0 209051.0 4.212932443684914 73.0 1.6816773E7 2078.0 343.0
0.0 13.0 214938.0 4.259827367218583 16.0 9343188.0 2497.0 346.0
0.0 12.0 299960.0 3.9661489490804804 16.0 9264321.0 2476.0 397.0
0.0 28.0 105970.0 3.544883791881251 163.0 3.6196709E7 1326.0 209.0
0.0 8.0 307631.0 4.968795458654254 15.0 7526100.0 2713.0 486.0
0.0 14.0 281368.0 4.185101341105771 21.0 9940511.0 2426.0 292.0
0.0 30.0 101105.0 2.4520608253740734 163.0 4.7235398E7 1121.0 266.0
0.0 22.0 198640.0 3.5544916246204625 94.0 3.7049793E7 1873.0 335.0
0.0 28.0 118744.0 1.6246376161883187 173.0 5.0589496E7 1125.0 265.0
0.0 28.0 166069.0 1.5829952589290501 177.0 4.6108606E7 1195.0 263.0
0.0 34.0 93726.0 1.360293154831597 191.0 5.342501E7 941.0 141.0
0.0 32.0 93144.0 1.5790901473128 187.0 5.2807814E7 980.0 147.0
0.0 15.0 221614.0 3.972257037220034 25.0 1.0389946E7 2403.0 308.0
0.0 27.0 112393.0 3.8672664704736435 159.0 4.4986975E7 1298.0 264.0
0.0 27.0 108387.0 3.4210453020696887 170.0 4.5055101E7 1268.0 313.0
0.0 18.0 260519.0 3.2320568517046198 37.0 2.294957E7 2012.0 294.0
0.0 13.0 249535.0 3.445131204252657 27.0 1.6011711E7 2271.0 418.0
0.0 27.0 150105.0 3.522131350524158 152.0 3.5456197E7 1374.0 192.0
0.0 29.0 120079.0 3.4645086115060706 139.0 4.1701809E7 1258.0 276.0
0.0 34.0 133574.0 2.010418468114805 175.0 5.3348985E7 922.0 168.0
0.0 31.0 140327.0 1.253526237538364 162.0 4.7912212E7 1042.0 198.0
0.0 23.0 141144.0 3.955077078003173 149.0 1.9309977E7 1785.0 282.0
0.0 26.0 122875.0 2.804049604269037 182.0 3.5203447E7 1399.0 331.0
0.0 16.0 262943.0 3.2663256729414156 39.0 1.6345292E7 2206.0 340.0
0.0 29.0 132658.0 1.7782488444413498 150.0 5.1231261E7 1107.0 287.0
0.0 22.0 242885.0 3.168390380451919 98.0 3.8145199E7 1605.0 394.0
0.0 31.0 95174.0 3.3221527217817592 169.0 4.2154136E7 1174.0 247.0
0.0 29.0 138968.0 3.367265503736647 195.0 4.1799537E7 1169.0 240.0
0.0 28.0 167774.0 1.6899676078340995 190.0 4.6479989E7 1185.0 342.0
0.0 17.0 229429.0 3.103343577585462 81.0 1.6274149E7 2300.0 295.0
0.0 12.0 224051.0 4.847070602708795 23.0 8756047.0 2529.0 342.0
0.0 28.0 102501.0 1.8918976396580562 186.0 4.0901018E7 1324.0 210.0
0.0 12.0 241603.0 4.419520458760502 22.0 1.4795349E7 2258.0 451.0
0.0 28.0 151594.0 2.3966585776829645 184.0 4.5609375E7 1238.0 222.0
0.0 33.0 100965.0 1.2599973333105816 187.0 5.8050762E7 867.0 295.0
0.0 27.0 146764.0 2.518834857926544 147.0 4.1039813E7 1254.0 227.0
0.0 15.0 227113.0 3.581956513118221 21.0 1.1155749E7 2280.0 374.0
0.0 17.0 276633.0 4.807529895907223 60.0 3.583531E7 1955.0 402.0
0.0 20.0 214404.0 2.326418025321669 57.0 2.2939166E7 1951.0 336.0
0.0 14.0 234922.0 3.8782698771735205 21.0 1.5056401E7 2401.0 432.0
0.0 18.0 220008.0 3.786690662266256 49.0 1.7642829E7 2098.0 331.0
0.0 22.0 173786.0 3.7967294281099755 90.0 1.8551188E7 1706.0 177.0
0.0 31.0 97412.0 2.4997710099263633 177.0 3.7153905E7 1166.0 183.0
0.0 28.0 111727.0 2.5632793023709883 189.0 5.5833247E7 1154.0 273.0
0.0 15.0 273439.0 3.6500361723440706 29.0 1.5109425E7 2330.0 327.0
