0.0 22.0 141530.0 3.5297263950475886 92.0 1.3451939E7 1808.0 268.0
0.0 20.0 266327.0 2.989089953686714 49.0 2.7629666E7 1773.0 413.0
0.0 13.0 280685.0 4.619404784960617 33.0 1.4594434E7 2421.0 353.0
0.0 25.0 115442.0 2.694152312018804 176.0 4.0103435E7 1348.0 337.0
0.0 19.0 206580.0 2.8184613940289487 139.0 2.8181802E7 1808.0 290.0
0.0 12.0 233098.0 4.52552607406348 10.0 4155845.0 2618.0 358.0
0.0 14.0 268889.0 3.2266334937755516 30.0 5782118.0 2443.0 291.0
0.0 20.0 156334.0 2.34994790717081 108.0 2.3897757E7 1869.0 258.0
0.0 22.0 190322.0 3.258949034082186 66.0 2.309653E7 2019.0 348.0
0.0 28.0 112417.0 2.515430999443126 129.0 3.7094672E7 1325.0 259.0
0.0 16.0 216188.0 4.807263975962747 31.0 1.0339052E7 2341.0 265.0
0.0 22.0 237107.0 4.39729544267624 95.0 3.7685432E7 1777.0 276.0
0.0 9.0 307757.0 4.010576869698322 11.0 1.8400292E7 2493.0 427.0
0.0 6.0 320153.0 5.167903787195393 14.0 6865422.0 2804.0 506.0
0.0 9.0 245087.0 4.090713002379752 21.0 3890214.0 2724.0 318.0
0.0 14.0 252568.0 4.0074041786482475 36.0 1.9978487E7 2337.0 471.0
0.0 23.0 149025.0 2.7726754933571627 113.0 2.5200064E7 1575.0 367.0
0.0 28.0 162527.0 2.5893444652782565 174.0 4.6222812E7 1236.0 239.0
0.0 14.0 240315.0 4.04216923805659 35.0 1.5264853E7 2276.0 361.0
0.0 19.0 159827.0 3.1486368876223354 113.0 2.2905384E7 1823.0 227.0
0.0 27.0 114721.0 2.5950712760956627 184.0 4.0380283E7 1348.0 323.0
0.0 32.0 119421.0 1.3003796289449991 185.0 4.7395709E7 1064.0 86.0
0.0 30.0 136290.0 2.3345697554239875 180.0 5.1448042E7 1071.0 146.0
0.0 17.0 245646.0 3.1204942572752845 24.0 2.1734905E7 2151.0 304.0
0.0 24.0 197092.0 1.962208744190723 117.0 3.4915072E7 1412.0 383.0
0.0 20.0 156684.0 4.0393221664291135 90.0 1.7448866E7 2102.0 221.0
0.0 14.0 230092.0 3.6975202864803745 12.0 1.5257401E7 2370.0 394.0
0.0 22.0 153163.0 2.030316027903882 103.0 4.3655069E7 1455.0 361.0
0.0 10.0 277505.0 4.903320894042404 25.0 3764650.0 2464.0 361.0
0.0 10.0 251455.0 4.011737283854144 29.0 3655016.0 2491.0 436.0
0.0 17.0 220000.0 3.6718933261363333 45.0 2.1722386E7 2085.0 356.0
0.0 30.0 167132.0 1.5933316333809118 156.0 4.6672674E7 1127.0 216.0
0.0 15.0 266975.0 2.8890326244698663 28.0 1.5915651E7 2310.0 274.0
0.0 32.0 155034.0 1.4622539391453226 183.0 5.2460088E7 1017.0 198.0
0.0 32.0 140354.0 2.5790901473128005 185.0 5.2497019E7 1051.0 141.0
0.0 25.0 134433.0 2.7291026407111056 136.0 3.5303739E7 1508.0 288.0
0.0 12.0 293621.0 3.3641408337123964 23.0 1.9253353E7 2396.0 450.0
0.0 14.0 235587.0 3.4504015675141138 20.0 2.0063417E7 2368.0 338.0
0.0 26.0 196702.0 1.7453953929832473 111.0 4.4704499E7 1306.0 353.0
0.0 15.0 218341.0 4.509774835770703 26.0 9841405.0 2385.0 341.0
0.0 10.0 273373.0 4.891911122706593 20.0 3055740.0 2679.0 340.0
0.0 12.0 233545.0 3.8148230536968604 21.0 9385839.0 2541.0 374.0
0.0 25.0 127647.0 3.7177429284886774 136.0 3.4323685E7 1457.0 270.0
0.0 20.0 272501.0 3.7354267713450824 52.0 3.6874199E7 1847.0 357.0
0.0 13.0 246305.0 3.9216281870977387 13.0 1.4850883E7 2448.0 409.0
0.0 24.0 194403.0 1.8438080913959456 147.0 4.408787E7 1342.0 358.0
0.0 25.0 199892.0 2.605846247038752 64.0 3.4120375E7 1629.0 342.0
0.0 26.0 182097.0 2.628966547790632 144.0 4.023236E7 1329.0 364.0
0.0 28.0 104857.0 3.4176866385408697 125.0 4.0690324E7 1279.0 191.0
0.0 19.0 200977.0 4.028397971373789 55.0 2.1964884E7 2069.0 289.0
0.0 11.0 222537.0 3.9173833604454593 27.0 1.4423199E7 2440.0 349.0
0.0 25.0 131784.0 2.4904978269689697 136.0 3.0745175E7 1414.0 351.0
0.0 23.0 210311.0 2.7387128288415044 89.0 3.8809133E7 1586.0 407.0
0.0 28.0 114053.0 1.5925650104315021 193.0 4.1221737E7 1229.0 326.0
0.0 20.0 183071.0 2.6842882492432065 134.0 3.3132813E7 1591.0 242.0
0.0 9.0 307000.0 5.163349511685803 18.0 3935612.0 2548.0 417.0
0.0 8.0 257986.0 5.128261792387558 17.0 8224987.0 2546.0 432.0
0.0 29.0 96023.0 1.4989807829929094 157.0 3.7391022E7 1261.0 209.0
0.0 28.0 163549.0 1.476857107523297 76.0 3.5002616E7 1566.0 226.0
0.0 27.0 140289.0 1.4026352680427434 142.0 3.6121804E7 1331.0 179.0
0.0 18.0 254672.0 4.146684733465761 31.0 2.1193215E7 2192.0 237.0
0.0 27.0 136194.0 2.331206696614172 133.0 3.1194387E7 1400.0 168.0
0.0 16.0 240170.0 3.8893545039512643 29.0 2.608801E7 2018.0 402.0
0.0 16.0 263408.0 4.062939885527739 27.0 2.0364784E7 2206.0 396.0
0.0 28.0 118235.0 2.9160337374783643 166.0 4.4755891E7 1277.0 196.0
0.0 30.0 158556.0 2.4793407738792164 179.0 5.1867822E7 1101.0 198.0
0.0 30.0 135528.0 2.4004769476469687 155.0 4.1756672E7 1197.0 152.0
0.0 15.0 233058.0 4.054965208424341 31.0 1.5502885E7 2179.0 351.0
0.0 13.0 275494.0 4.118794995658384 20.0 1.4560402E7 2432.0 315.0
0.0 12.0 270870.0 4.749858091136876 23.0 3893062.0 2529.0 339.0
0.0 22.0 234546.0 4.000324867833162 65.0 2.7995467E7 1783.0 280.0
0.0 11.0 242074.0 3.9615104433781454 31.0 9693497.0 2557.0 461.0
0.0 21.0 207527.0 2.09729544267624 85.0 3.7775999E7 1778.0 351.0
0.0 16.0 229284.0 4.130152357338702 45.0 2.0970988E7 2152.0 383.0
0.0 27.0 183001.0 1.7796476903934393 143.0 4.0407466E7 1282.0 335.0
0.0 28.0 120561.0 2.793331633380912 145.0 4.5951171E7 1273.0 278.0
0.0 26.0 148481.0 1.946502812695318 106.0 4.01305E7 1329.0 365.0
0.0 25.0 135037.0 2.871200548091932 125.0 3.9637984E7 1416.0 290.0
0.0 20.0 140894.0 3.924686630762058 93.0 1.7868798E7 1915.0 306.0
0.0 11.0 267341.0 3.901910316316038 32.0 1.5178984E7 2362.0 520.0
0.0 17.0 269828.0 3.0512009817808896 41.0 6875047.0 2279.0 356.0
0.0 10.0 245469.0 3.89411686086317 29.0 8767411.0 2677.0 359.0
0.0 37.0 74745.0 1.2176866385408704 194.0 5.9059587E7 756.0 115.0
0.0 13.0 258337.0 3.387808199388668 28.0 2.072173E7 2228.0 442.0
0.0 19.0 220671.0 3.134876383578913 96.0 3.755764E7 1813.0 446.0
0.0 30.0 116739.0 2.587901391108564 175.0 5.5597008E7 1081.0 212.0
0.0 30.0 106630.0 1.6210453020696887 182.0 4.6717386E7 1129.0 260.0
0.0 16.0 238842.0 3.1198872597359797 34.0 1.1300464E7 2321.0 388.0
0.0 12.0 274910.0 3.6859811369379725 20.0 1.4301566E7 2476.0 265.0
0.0 17.0 234086.0 3.1230337926053546 61.0 2.6906512E7 2029.0 437.0
0.0 17.0 262523.0 4.586802224202003 74.0 2.0690663E7 2165.0 247.0
0.0 30.0 157326.0 1.5407000544335434 170.0 5.1396247E7 1069.0 204.0
0.0 23.0 115405.0 3.879524834233431 117.0 3.388079E7 1548.0 266.0
0.0 29.0 83797.0 3.4392405232526495 176.0 3.6578813E7 1262.0 165.0
0.0 18.0 192632.0 3.05988123956988 84.0 2.1588062E7 2137.0 294.0
0.0 28.0 141201.0 2.6540216096877987 164.0 5.030098E7 1201.0 371.0
0.0 29.0 159656.0 2.5808828805119184 177.0 5.1181242E7 1087.0 311.0
0.0 29.0 152150.0 1.4475495471785849 179.0 5.1815662E7 1057.0 276.0
0.0 16.0 216691.0 4.729817736433478 43.0 1.6003736E7 2169.0 354.0
0.0 14.0 269423.0 4.709447645862436 32.0 1.5068012E7 2440.0 260.0
0.0 9.0 311468.0 4.061344499154476 22.0 8694214.0 2609.0 431.0
0.0 12.0 277712.0 3.890713002379752 20.0 9659093.0 2527.0 273.0
0.0 8.0 292979.0 4.765545432291741 19.0 1.239956E7 2677.0 311.0
0.0 7.0 305258.0 5.028011165821143 15.0 1.2517472E7 2669.0 416.0
0.0 30.0 107948.0 2.509203682516931 174.0 4.6664576E7 1142.0 281.0
0.0 15.0 247491.0 4.767750454165244 25.0 9874657.0 2456.0 211.0
0.0 20.0 209156.0 3.802885543344059 103.0 2.3065924E7 1881.0 234.0
0.0 23.0 148883.0 2.8987525337652538 162.0 3.4301603E7 1556.0 313.0
0.0 27.0 178422.0 1.569270516267975 177.0 4.6347762E7 1170.0 352.0
0.0 18.0 273432.0 3.100943862513295 72.0 3.2776894E7 1966.0 311.0
0.0 9.0 254089.0 4.969011206907465 21.0 1.3588521E7 2487.0 417.0
0.0 18.0 259372.0 4.56817756601738 87.0 3.1270603E7 1931.0 389.0
0.0 30.0 96544.0 1.3550162204236957 186.0 4.2070303E7 1223.0 197.0
0.0 11.0 309867.0 3.38919628498728 13.0 1.4831183E7 2408.0 438.0
0.0 10.0 255367.0 3.7581293511051683 22.0 1.8346729E7 2510.0 468.0
0.0 14.0 256431.0 3.756005109787198 22.0 2.538569E7 2146.0 504.0
0.0 28.0 108315.0 2.584353305207537 177.0 5.095844E7 1186.0 258.0
0.0 31.0 141880.0 1.3516217431724455 197.0 5.7428987E7 966.0 226.0
0.0 31.0 147795.0 1.4185390364055281 201.0 5.2369726E7 1026.0 280.0
0.0 17.0 271577.0 4.015563334628342 77.0 2.6208962E7 2009.0 337.0
0.0 30.0 109626.0 1.4074568912964553 158.0 4.6969734E7 1059.0 275.0
0.0 21.0 237205.0 3.4855693188560513 100.0 3.2344272E7 1789.0 240.0
0.0 27.0 193617.0 2.8824576190660833 112.0 4.0611543E7 1509.0 363.0
0.0 22.0 142646.0 3.789825789553117 132.0 3.344221E7 1682.0 269.0
0.0 26.0 112352.0 2.668800681576578 150.0 3.9957458E7 1413.0 234.0
0.0 20.0 208178.0 3.7765096901289015 79.0 2.2722011E7 1983.0 313.0
0.0 15.0 295615.0 3.8103516323721354 44.0 1.64762E7 2193.0 416.0
0.0 13.0 248378.0 4.431863745989513 39.0 1.0578854E7 2327.0 494.0
0.0 25.0 125190.0 1.4873018525367656 160.0 3.9800763E7 1334.0 314.0
0.0 16.0 214737.0 4.11113641775216 34.0 1.0437952E7 2357.0 314.0
0.0 34.0 71870.0 2.141291477762621 211.0 4.8343632E7 1016.0 140.0
0.0 26.0 121548.0 2.7787500975741812 128.0 3.0224355E7 1546.0 260.0
0.0 15.0 216475.0 4.96541858359496 33.0 1.9526286E7 2381.0 369.0
0.0 14.0 243268.0 4.740679230005554 27.0 1.4442627E7 2403.0 234.0
0.0 29.0 135158.0 2.711209661785256 149.0 4.5890379E7 1214.0 277.0
0.0 30.0 145231.0 1.544900020833812 184.0 4.6842405E7 1135.0 146.0
0.0 12.0 230476.0 3.746925163671473 27.0 9406717.0 2558.0 355.0
0.0 11.0 239369.0 4.108534104055219 20.0 9006524.0 2589.0 417.0
0.0 5.0 329333.0 5.204201642011618 11.0 6726765.0 2774.0 538.0
0.0 6.0 305273.0 3.794367487429586 17.0 7203920.0 2764.0 393.0
0.0 29.0 101294.0 3.3883181353155942 184.0 4.1678524E7 1197.0 253.0
0.0 16.0 242349.0 3.5538601174793287 27.0 1.5355958E7 2302.0 307.0
0.0 19.0 245661.0 2.9871779917009538 62.0 2.7217551E7 1864.0 303.0
0.0 27.0 163807.0 2.8307585339657066 130.0 4.0239957E7 1323.0 177.0
0.0 12.0 271666.0 4.154178735340443 26.0 9741333.0 2376.0 384.0
0.0 31.0 122328.0 2.8053617085688813 164.0 4.2165175E7 1200.0 263.0
0.0 23.0 129856.0 2.6886318995502108 121.0 2.8831736E7 1626.0 250.0
0.0 30.0 119462.0 2.5482188514260242 179.0 5.6150314E7 1123.0 270.0
0.0 18.0 201711.0 3.4762418041690224 24.0 1.6811559E7 2243.0 255.0
0.0 24.0 185537.0 3.0008290591157913 179.0 4.3857791E7 1422.0 239.0
0.0 12.0 256384.0 3.224950965165921 7.0 5060954.0 2530.0 401.0
0.0 24.0 174336.0 2.5321564131807994 132.0 3.9437619E7 1344.0 300.0
0.0 13.0 230547.0 3.472899164479796 34.0 1.5451177E7 2343.0 312.0
0.0 18.0 212595.0 2.780359328529943 111.0 2.7252553E7 1895.0 332.0
0.0 30.0 83511.0 1.514323579731055 157.0 4.187182E7 1235.0 126.0
0.0 31.0 159473.0 1.1765386866940402 165.0 5.2650026E7 979.0 311.0
0.0 32.0 64824.0 2.4712158103074966 159.0 4.2852717E7 1177.0 76.0
0.0 28.0 106636.0 3.342097933648636 154.0 4.5595389E7 1195.0 267.0
0.0 19.0 245128.0 4.079744842755378 39.0 1.2170756E7 2131.0 226.0
0.0 29.0 104969.0 2.488659898815252 153.0 3.6941305E7 1282.0 275.0
0.0 21.0 164404.0 2.905713971906477 86.0 2.851197E7 1627.0 349.0
0.0 28.0 167152.0 3.265055059593502 148.0 4.144563E7 1265.0 247.0
0.0 15.0 216257.0 4.553928108774026 35.0 1.4657978E7 2372.0 389.0
0.0 13.0 234874.0 4.420290824072913 28.0 1.8986545E7 2386.0 440.0
0.0 11.0 242960.0 3.5961089154005226 22.0 1.4156125E7 2558.0 408.0
0.0 28.0 104756.0 2.3970762886269914 192.0 5.1106412E7 1167.0 307.0
0.0 32.0 141512.0 2.2574910676464213 203.0 5.7506846E7 880.0 218.0
0.0 14.0 239677.0 4.587406881144683 20.0 9875023.0 2271.0 453.0
0.0 25.0 130017.0 3.6660959130933715 169.0 3.5148681E7 1471.0 280.0
0.0 22.0 257892.0 2.9668658172408535 66.0 3.4074922E7 1701.0 415.0
0.0 22.0 147491.0 2.8141779977376062 99.0 2.9520112E7 1593.0 280.0
0.0 20.0 269753.0 2.844313385225935 50.0 2.3075389E7 1859.0 378.0
0.0 9.0 239547.0 4.7413906959566585 10.0 1.2348407E7 2619.0 365.0
0.0 11.0 276303.0 4.769610979796262 21.0 1.8244479E7 2471.0 287.0
0.0 12.0 297360.0 3.771172260046067 29.0 1.4446421E7 2456.0 389.0
0.0 29.0 116916.0 1.5366676913762887 132.0 4.6305062E7 1171.0 270.0
0.0 14.0 234078.0 3.7974653209158906 22.0 2.0013009E7 2279.0 398.0
0.0 18.0 156593.0 2.00057154778457 110.0 2.2897335E7 1838.0 387.0
0.0 19.0 243222.0 4.407328635179646 79.0 3.6300332E7 1804.0 387.0
0.0 15.0 277579.0 3.4634866428090465 41.0 2.5598502E7 2034.0 329.0
0.0 15.0 265692.0 3.3755520954009777 67.0 2.0798355E7 2126.0 297.0
0.0 32.0 134120.0 1.3505187187413716 174.0 5.2967848E7 959.0 108.0
0.0 21.0 203434.0 3.4490443145891114 50.0 2.704916E7 2122.0 321.0
0.0 25.0 177534.0 2.682450896184385 95.0 3.4587895E7 1587.0 237.0
0.0 17.0 220707.0 3.8631650346890587 45.0 3.0289111E7 2078.0 431.0
0.0 26.0 114673.0 2.634183763706726 116.0 3.9544398E7 1369.0 189.0
0.0 21.0 203924.0 2.929416870339496 34.0 1.7507657E7 2129.0 271.0
0.0 32.0 84067.0 1.4254346908421662 194.0 5.2081213E7 1040.0 134.0
0.0 13.0 270861.0 3.6496314193940202 22.0 1.4736585E7 2272.0 303.0
0.0 26.0 121338.0 3.2617551431356904 109.0 3.9993228E7 1331.0 169.0
0.0 21.0 143797.0 1.8776848806246142 122.0 2.9305214E7 1628.0 280.0
0.0 17.0 229983.0 3.3121872317587946 31.0 2.6416828E7 2176.0 416.0
0.0 15.0 172074.0 4.16223884463006 77.0 6134455.0 2176.0 319.0
0.0 24.0 122800.0 3.909107330551958 140.0 2.9108926E7 1637.0 225.0
0.0 14.0 280381.0 3.2530129638169987 29.0 1.0638455E7 2273.0 374.0
0.0 9.0 310797.0 5.057542189409891 7.0 8386687.0 2636.0 493.0
0.0 20.0 257633.0 3.575033382867041 60.0 2.7691256E7 2056.0 270.0
0.0 20.0 189867.0 2.6593610151134857 90.0 1.301531E7 1960.0 251.0
0.0 11.0 272101.0 4.391778453646318 17.0 8736810.0 2595.0 345.0
0.0 7.0 313571.0 4.252071316197082 11.0 8125107.0 2677.0 481.0
0.0 19.0 266102.0 2.6930067964659288 53.0 3.6589892E7 1958.0 272.0
0.0 29.0 91322.0 1.3977822263475965 178.0 5.1221978E7 1125.0 158.0
0.0 16.0 273927.0 3.6575146025291625 31.0 1.6138034E7 2222.0 306.0
0.0 12.0 289306.0 4.6591962259425355 27.0 1.8895074E7 2349.0 360.0
0.0 25.0 169825.0 3.0881520176749797 153.0 3.9257842E7 1386.0 206.0
0.0 25.0 196837.0 2.8459307730741163 58.0 2.936622E7 1820.0 325.0
0.0 12.0 235175.0 4.2023123893459315 18.0 8824959.0 2519.0 330.0
0.0 12.0 285565.0 3.2229389160010147 20.0 9399689.0 2551.0 285.0
0.0 9.0 249266.0 5.195224280575241 13.0 8359275.0 2725.0 390.0
0.0 17.0 199015.0 3.7452944502266496 33.0 6217989.0 2279.0 204.0
0.0 31.0 107715.0 1.5787943257917845 186.0 4.7782086E7 1035.0 241.0
0.0 12.0 222853.0 3.8806433877116477 20.0 4974607.0 2436.0 316.0
0.0 18.0 224879.0 2.9532513203933783 33.0 1.7178995E7 2015.0 337.0
0.0 28.0 155982.0 2.4016848855244497 139.0 4.1283357E7 1213.0 254.0
0.0 17.0 231324.0 3.1939365401800526 40.0 2.6649385E7 2114.0 323.0
0.0 29.0 179034.0 1.6942292262001692 173.0 5.120079E7 1159.0 218.0
0.0 24.0 214760.0 3.232513552825989 114.0 3.7980103E7 1601.0 184.0
0.0 18.0 247611.0 4.114899367006314 78.0 3.5933516E7 2053.0 318.0
0.0 13.0 265515.0 3.2850285316134773 21.0 1.0400709E7 2487.0 389.0
0.0 25.0 164875.0 2.9285028948679623 124.0 3.0679396E7 1491.0 226.0
0.0 28.0 164026.0 1.5154309994431259 136.0 4.1797222E7 1183.0 265.0
0.0 24.0 188213.0 2.7089639874231195 110.0 2.5252663E7 1593.0 289.0
0.0 34.0 79260.0 2.4340242740735523 196.0 4.8109096E7 1016.0 103.0
0.0 30.0 150145.0 1.7435480835973618 185.0 4.6614042E7 1098.0 175.0
0.0 16.0 233030.0 3.0470361423306582 29.0 1.6659735E7 2189.0 366.0
0.0 15.0 269996.0 3.2627955766947436 32.0 1.1228833E7 2204.0 262.0
0.0 25.0 175185.0 2.9245004645497428 114.0 2.9378717E7 1525.0 186.0
0.0 22.0 191118.0 3.638745659126456 131.0 3.7773861E7 1726.0 192.0
0.0 27.0 136561.0 3.595587272478656 173.0 4.5256515E7 1302.0 295.0
0.0 14.0 272314.0 4.128385834390264 29.0 1.0221601E7 2414.0 309.0
0.0 31.0 75103.0 1.4798420270120483 187.0 4.7173503E7 1049.0 104.0
0.0 13.0 227012.0 3.8301220088247003 24.0 1.4643059E7 2480.0 345.0
0.0 11.0 248829.0 4.122780244887029 22.0 9427416.0 2564.0 406.0
0.0 11.0 238447.0 3.8467054424964373 17.0 1.9212964E7 2437.0 370.0
0.0 18.0 252398.0 4.546558849738027 62.0 3.1391864E7 1953.0 303.0
0.0 19.0 247102.0 3.771363107001463 53.0 2.6768373E7 1942.0 250.0
0.0 23.0 176550.0 3.88757798270682 98.0 3.3021296E7 1575.0 196.0
0.0 15.0 263223.0 3.6446798327772054 36.0 1.9818018E7 2316.0 333.0
0.0 23.0 125799.0 3.5244154869114284 101.0 2.4102744E7 1725.0 222.0
0.0 30.0 81706.0 2.433120572212258 143.0 3.727642E7 1253.0 156.0
0.0 29.0 150830.0 2.5040026955533983 199.0 5.129042E7 1085.0 291.0
0.0 18.0 212115.0 3.2869500488967542 27.0 1.7243494E7 2091.0 256.0
0.0 26.0 183637.0 3.612403823149572 174.0 3.4957582E7 1455.0 250.0
0.0 20.0 156749.0 2.9179425338550837 129.0 3.7479854E7 1742.0 377.0
0.0 17.0 255497.0 4.210497173141472 78.0 3.126873E7 2076.0 300.0
0.0 26.0 88039.0 3.5400621686275384 125.0 2.9984822E7 1545.0 114.0
0.0 27.0 137593.0 3.2611148002064865 159.0 4.0361922E7 1336.0 133.0
0.0 20.0 186280.0 3.5749902133675406 80.0 3.1546896E7 1842.0 355.0
0.0 28.0 120407.0 1.7202491941528377 142.0 5.086154E7 1178.0 343.0
0.0 15.0 229422.0 4.057732073558342 87.0 1.6053506E7 1975.0 410.0
0.0 26.0 156374.0 2.4364076835777047 144.0 4.0384847E7 1297.0 229.0
0.0 17.0 256768.0 3.9880895082183456 28.0 1.604508E7 2296.0 226.0
0.0 9.0 272414.0 3.3425153557784064 4.0 8621103.0 2641.0 509.0
0.0 17.0 213483.0 3.0807667867712167 40.0 1.1326405E7 2326.0 262.0
0.0 17.0 220065.0 4.579471618711662 28.0 2.5503446E7 2206.0 338.0
0.0 24.0 177311.0 2.8652860286633564 164.0 3.3765358E7 1498.0 265.0
0.0 18.0 193204.0 4.720462106380417 43.0 1.6158753E7 2184.0 279.0
0.0 23.0 196336.0 3.333502135393519 99.0 3.3653637E7 1719.0 228.0
0.0 22.0 146704.0 2.9689984061462256 111.0 1.8620616E7 1853.0 298.0
0.0 22.0 176610.0 3.85310353902185 62.0 2.2799739E7 1890.0 219.0
0.0 28.0 92793.0 2.562284390849761 144.0 3.557471E7 1368.0 200.0
0.0 34.0 71913.0 1.1809902463977218 162.0 4.8246415E7 995.0 140.0
0.0 32.0 86645.0 1.4863131227842656 163.0 4.3454698E7 1090.0 240.0
0.0 32.0 90893.0 2.3434559799271226 209.0 4.7729299E7 1034.0 201.0
0.0 34.0 126954.0 1.2008946585909956 207.0 5.8640915E7 818.0 122.0
0.0 31.0 162174.0 1.2756818935483853 203.0 5.2252701E7 1017.0 316.0
0.0 15.0 235075.0 4.5980469565104025 32.0 1.5268244E7 2218.0 433.0
0.0 18.0 195611.0 4.66441360560611 24.0 2.0420295E7 2171.0 292.0
0.0 12.0 228787.0 3.856335391686352 20.0 1.4462963E7 2482.0 361.0
0.0 16.0 215847.0 3.5481675168662883 80.0 2.4981169E7 2284.0 323.0
0.0 18.0 201654.0 4.1883076955305985 130.0 2.7102648E7 2027.0 262.0
0.0 29.0 175267.0 1.5248516092815687 183.0 5.0847606E7 1147.0 319.0
0.0 15.0 220015.0 4.887785292717492 36.0 1.0303667E7 2343.0 325.0
0.0 17.0 262897.0 3.8050831598216854 96.0 3.1707109E7 1994.0 318.0
0.0 11.0 255629.0 4.008160078429234 17.0 8934322.0 2610.0 455.0
0.0 9.0 261634.0 4.894677832487808 13.0 8405527.0 2672.0 459.0
