0.0 22.0 153016.0 3.0703756260418156 102.0 2.3696904E7 1809.0 389.0
0.0 28.0 165440.0 1.5607288084892252 182.0 4.5824118E7 1236.0 228.0
0.0 13.0 243483.0 3.1953748326883304 22.0 1.9452486E7 2326.0 397.0
0.0 9.0 285288.0 3.4573475181515523 17.0 3725638.0 2711.0 336.0
0.0 32.0 127718.0 3.313266497278624 156.0 3.7764632E7 1203.0 110.0
0.0 11.0 297801.0 3.053411415078165 29.0 1.0060246E7 2380.0 401.0
0.0 29.0 127078.0 2.815766881959387 130.0 3.6004494E7 1287.0 259.0
0.0 31.0 133276.0 2.439469778561465 207.0 5.1885879E7 1077.0 118.0
0.0 30.0 150894.0 1.323300941167433 201.0 5.1855038E7 1017.0 288.0
0.0 13.0 245599.0 4.919917987060045 25.0 1.5031866E7 2290.0 414.0
0.0 25.0 172535.0 2.5609860630630816 124.0 3.5322711E7 1399.0 317.0
0.0 32.0 96132.0 2.20315029768874 182.0 4.7877854E7 1027.0 147.0
0.0 30.0 84702.0 2.633371198778674 194.0 4.1887699E7 1188.0 142.0
0.0 31.0 151770.0 1.2863131227842657 197.0 5.2703911E7 954.0 296.0
0.0 12.0 223249.0 4.513997252008343 20.0 9465048.0 2392.0 337.0
0.0 11.0 312561.0 3.3055275373952395 17.0 9574826.0 2462.0 431.0
0.0 13.0 239633.0 3.347277260540311 23.0 5111644.0 2566.0 399.0
0.0 25.0 115705.0 3.724979379687977 156.0 3.9735691E7 1435.0 320.0
0.0 26.0 129772.0 2.8162681350922196 177.0 3.5494841E7 1430.0 316.0
0.0 21.0 232141.0 3.5288568701356566 61.0 2.2976534E7 2063.0 291.0
0.0 24.0 223032.0 3.810531218364877 116.0 4.3948152E7 1571.0 185.0
0.0 31.0 159744.0 1.5670158439072275 185.0 4.7007314E7 1082.0 165.0
0.0 16.0 218286.0 2.7980993291747556 25.0 1.59882E7 2288.0 358.0
0.0 8.0 307024.0 4.984477377539476 23.0 3067612.0 2863.0 393.0
0.0 21.0 185650.0 3.7903033762216873 101.0 3.2295022E7 1789.0 303.0
0.0 19.0 180425.0 3.980316353156167 97.0 2.2264035E7 1854.0 388.0
0.0 15.0 283597.0 4.038810574527772 24.0 2.0710483E7 2312.0 347.0
0.0 8.0 309013.0 4.610693006494078 7.0 7719782.0 2661.0 486.0
0.0 12.0 258424.0 3.260237079442405 27.0 1.4422163E7 2447.0 421.0
0.0 13.0 280639.0 4.423249261059238 28.0 1.0241907E7 2506.0 334.0
0.0 11.0 249161.0 4.351510344572444 14.0 8907009.0 2662.0 338.0
0.0 28.0 160393.0 1.6493661040747012 135.0 4.0968703E7 1215.0 298.0
0.0 15.0 246757.0 3.14283351064365 35.0 1.5797495E7 2196.0 227.0
0.0 7.0 313191.0 3.9515103445724433 9.0 7482143.0 2764.0 427.0
0.0 26.0 146765.0 3.6376359341599587 118.0 2.9867274E7 1551.0 292.0
0.0 15.0 269779.0 3.987307032321593 27.0 5584602.0 2540.0 248.0
0.0 25.0 107879.0 2.114029843552806 117.0 3.0065563E7 1527.0 173.0
0.0 14.0 218563.0 4.867254040025492 42.0 1.9397758E7 2276.0 410.0
0.0 20.0 256866.0 2.697568122787556 71.0 3.194596E7 2000.0 302.0
0.0 24.0 219848.0 1.737024831021478 62.0 3.84205E7 1752.0 209.0
0.0 29.0 147774.0 1.6567263781710053 189.0 4.6154448E7 1186.0 161.0
0.0 16.0 272042.0 3.157648045659137 37.0 1.6189635E7 2168.0 404.0
0.0 27.0 150174.0 1.7565123850777553 162.0 4.0335394E7 1303.0 162.0
0.0 28.0 164125.0 1.588258416823787 158.0 4.609065E7 1217.0 268.0
0.0 17.0 259145.0 3.2171513242195844 30.0 1.2094045E7 2136.0 282.0
0.0 21.0 254317.0 2.9223535374028153 57.0 2.7379279E7 1916.0 314.0
0.0 27.0 160764.0 3.6055899971407 196.0 4.5426061E7 1231.0 263.0
0.0 28.0 150752.0 2.461396179262671 191.0 4.1563045E7 1206.0 286.0
0.0 13.0 257634.0 4.529047692144509 14.0 1.4624448E7 2411.0 291.0
0.0 26.0 156993.0 2.6309118418301534 166.0 3.9893774E7 1378.0 178.0
0.0 22.0 234404.0 3.845584742029369 90.0 3.6445431E7 1828.0 231.0
0.0 25.0 158937.0 3.0134201059284003 160.0 4.4422455E7 1351.0 410.0
0.0 28.0 125233.0 1.9103076736850015 167.0 5.0293229E7 1178.0 296.0
0.0 17.0 203179.0 4.968947978270545 109.0 3.5349703E7 1962.0 311.0
0.0 13.0 218670.0 4.556060744071836 66.0 1.9344082E7 2232.0 371.0
0.0 22.0 196648.0 3.0584204774854853 81.0 3.3225019E7 1795.0 317.0
0.0 20.0 212996.0 3.55783402534232 85.0 3.7258372E7 1729.0 420.0
0.0 18.0 257607.0 4.661704960608604 40.0 2.6134618E7 2031.0 368.0
0.0 11.0 255791.0 5.005106271464454 15.0 8649701.0 2551.0 434.0
0.0 28.0 121027.0 2.6449155111080165 165.0 5.0205211E7 1138.0 305.0
0.0 18.0 220671.0 2.920763967008036 88.0 2.2192836E7 1871.0 392.0
0.0 15.0 231053.0 3.9362807023589306 41.0 6189762.0 2326.0 377.0
0.0 25.0 165124.0 1.5687554866219784 138.0 3.5437844E7 1384.0 315.0
0.0 18.0 267079.0 4.790553855603134 38.0 3.1490196E7 1944.0 354.0
0.0 13.0 291487.0 3.9150513469190487 24.0 1.0397646E7 2319.0 365.0
0.0 24.0 179128.0 3.849087037820526 76.0 2.8327978E7 1878.0 234.0
0.0 28.0 124069.0 1.7253528624144008 161.0 4.0549039E7 1273.0 319.0
0.0 11.0 231117.0 4.783190603459758 30.0 1.3009727E7 2531.0 387.0
0.0 8.0 288365.0 4.976674490800256 17.0 2676391.0 2708.0 432.0
0.0 9.0 266036.0 4.785386702133011 24.0 1.2570589E7 2617.0 275.0
0.0 28.0 151803.0 1.4250245746425765 192.0 5.1013975E7 1132.0 159.0
0.0 23.0 168022.0 4.180087666005977 77.0 3.2351287E7 1779.0 199.0
0.0 30.0 139333.0 2.1423485602150523 166.0 4.6412677E7 1118.0 238.0
0.0 15.0 271618.0 3.2302475001752233 70.0 3.0643057E7 2126.0 338.0
0.0 17.0 214529.0 2.8308484111188514 72.0 2.1824293E7 2144.0 315.0
0.0 26.0 161976.0 2.652151962307316 153.0 4.0654651E7 1338.0 270.0
0.0 12.0 274177.0 3.7817800533903583 22.0 8933766.0 2517.0 311.0
0.0 27.0 157282.0 2.2165792188287994 149.0 4.992149E7 1211.0 242.0
0.0 19.0 258060.0 3.599906530004408 41.0 2.2061767E7 1994.0 322.0
0.0 26.0 125396.0 3.79617966254473 160.0 3.5127086E7 1416.0 235.0
0.0 29.0 159211.0 2.4230972233166566 203.0 4.5780192E7 1187.0 229.0
0.0 33.0 85739.0 2.0897169812676837 211.0 5.7313427E7 936.0 192.0
0.0 23.0 219279.0 4.296294590118674 106.0 2.8478308E7 1756.0 257.0
0.0 21.0 250689.0 4.273636562370051 60.0 3.2279479E7 1822.0 302.0
0.0 27.0 128685.0 1.8025596213837054 170.0 4.0985281E7 1268.0 335.0
0.0 10.0 286703.0 4.911786807865197 22.0 3537646.0 2543.0 340.0
0.0 22.0 133659.0 2.925204488658022 95.0 1.8385055E7 1916.0 217.0
0.0 16.0 231483.0 3.049606998143849 65.0 1.6893615E7 2114.0 348.0
0.0 24.0 153641.0 2.8225959701838246 139.0 3.9395481E7 1488.0 390.0
0.0 12.0 287695.0 4.271565044745734 19.0 9449808.0 2367.0 417.0
0.0 12.0 254768.0 4.050199615669167 24.0 9935241.0 2376.0 475.0
0.0 22.0 185164.0 3.0783011484299863 95.0 3.2739201E7 1732.0 245.0
0.0 29.0 111160.0 1.6891621186850811 170.0 4.1519844E7 1248.0 237.0
0.0 27.0 215348.0 1.8950311297993303 107.0 3.0269489E7 1633.0 173.0
0.0 32.0 151538.0 1.6270067302139033 163.0 4.7219841E7 1067.0 161.0
0.0 12.0 288917.0 4.742094089847622 26.0 8809144.0 2558.0 392.0
0.0 26.0 166805.0 2.5606912082790627 134.0 4.4408124E7 1357.0 229.0
0.0 30.0 170697.0 2.4783399813745923 150.0 4.6328931E7 1166.0 248.0
0.0 31.0 98126.0 1.6956332144572985 190.0 4.2173763E7 1094.0 212.0
0.0 16.0 257308.0 2.8886850831772484 31.0 2.1365836E7 2070.0 284.0
0.0 28.0 117346.0 2.5164728196799926 136.0 4.5564364E7 1226.0 245.0
0.0 29.0 107132.0 1.4373360288867312 159.0 5.149785E7 1091.0 266.0
0.0 25.0 126884.0 2.454612285992833 117.0 3.9663755E7 1380.0 215.0
0.0 14.0 269229.0 4.072377492226374 27.0 9672946.0 2467.0 295.0
0.0 13.0 230829.0 4.038736519531991 25.0 4738656.0 2619.0 333.0
0.0 29.0 108406.0 2.6753870387643666 161.0 4.1122973E7 1258.0 219.0
0.0 13.0 220832.0 3.979431251904272 18.0 1.4619043E7 2419.0 259.0
0.0 27.0 144466.0 3.4783244911003877 118.0 3.0419668E7 1483.0 160.0
0.0 28.0 80112.0 2.3501631787285486 136.0 4.0815792E7 1270.0 114.0
0.0 14.0 288769.0 3.069193909915421 27.0 1.085148E7 2385.0 402.0
0.0 28.0 170033.0 3.5037989777026217 159.0 4.0453563E7 1322.0 269.0
0.0 14.0 237460.0 4.013362291612466 19.0 1.9296698E7 2314.0 444.0
0.0 23.0 182063.0 3.9886365561448507 56.0 2.8239564E7 1930.0 276.0
0.0 27.0 170197.0 1.5257450359003895 133.0 4.0754034E7 1204.0 251.0
0.0 31.0 101555.0 2.269210797776168 151.0 4.6387414E7 1145.0 225.0
0.0 9.0 246205.0 4.2916967980241845 15.0 1.343786E7 2571.0 419.0
0.0 9.0 294317.0 4.838081423432384 21.0 1.3189431E7 2627.0 325.0
0.0 7.0 269255.0 5.07563021344019 11.0 1.2401126E7 2659.0 469.0
0.0 15.0 284151.0 4.083429114590823 76.0 3.9744088E7 2084.0 459.0
0.0 31.0 161167.0 1.4975470900553849 167.0 5.167583E7 986.0 227.0
0.0 31.0 81448.0 2.3249548089669356 191.0 5.2416376E7 1056.0 178.0
0.0 23.0 234549.0 2.655069943803433 61.0 3.2841238E7 1827.0 235.0
0.0 19.0 224854.0 2.1899647467351318 113.0 3.2863083E7 1873.0 431.0
0.0 16.0 273286.0 3.6421094819582023 31.0 2.1002362E7 2205.0 372.0
0.0 12.0 293666.0 3.8100378634537155 35.0 1.441728E7 2468.0 425.0
0.0 12.0 266965.0 3.9563208789950144 17.0 9266633.0 2479.0 358.0
0.0 16.0 214243.0 3.9135164179961004 48.0 2.0440003E7 2151.0 350.0
0.0 26.0 172960.0 2.701935512090865 123.0 3.5264609E7 1351.0 252.0
0.0 15.0 217372.0 4.053490393252832 24.0 1.5732891E7 2310.0 391.0
0.0 20.0 205433.0 3.7903529888035585 127.0 2.7369303E7 1822.0 353.0
0.0 21.0 226557.0 2.18557362235465 84.0 3.2872483E7 1918.0 201.0
0.0 11.0 238410.0 3.4032743700206796 16.0 1.4269522E7 2536.0 328.0
0.0 9.0 285576.0 3.7467484398105384 21.0 8225822.0 2701.0 330.0
0.0 12.0 258512.0 4.302361607999801 73.0 2.480944E7 2194.0 492.0
0.0 16.0 152406.0 4.167128241031885 82.0 1.5976031E7 2001.0 352.0
0.0 16.0 249488.0 3.8488526580026625 68.0 2.6112547E7 2086.0 371.0
0.0 26.0 172699.0 1.6706693622200646 180.0 4.5494701E7 1227.0 351.0
0.0 35.0 126906.0 1.1106690946812212 206.0 5.3937989E7 861.0 112.0
0.0 13.0 282976.0 3.3380492725375173 33.0 1.5266969E7 2313.0 298.0
0.0 19.0 154295.0 3.046315475665876 90.0 2.3213385E7 1884.0 331.0
0.0 26.0 181682.0 2.797387600422211 161.0 4.5137162E7 1269.0 286.0
0.0 14.0 279405.0 3.583422103349826 27.0 2.0239621E7 2351.0 292.0
0.0 27.0 169883.0 2.8823738301342465 151.0 3.0610525E7 1446.0 206.0
0.0 27.0 162330.0 2.4016251670326425 159.0 4.5540828E7 1285.0 252.0
0.0 32.0 114672.0 1.335268845424199 162.0 5.2918608E7 975.0 328.0
0.0 24.0 136657.0 3.9888694627731063 150.0 3.8537672E7 1488.0 326.0
0.0 34.0 129598.0 1.3902634293551153 207.0 5.3104113E7 933.0 172.0
0.0 26.0 162000.0 1.5133391680477652 133.0 3.5296854E7 1351.0 296.0
0.0 13.0 237895.0 4.938314113447265 25.0 9748967.0 2357.0 480.0
0.0 19.0 181871.0 4.474719613948621 60.0 3.1797307E7 1962.0 275.0
0.0 17.0 216379.0 3.435180044301496 43.0 2.6402269E7 2032.0 275.0
0.0 31.0 99405.0 3.5938115152561423 195.0 5.1348937E7 1157.0 161.0
0.0 30.0 133356.0 2.332824750691242 199.0 4.6981034E7 1072.0 187.0
0.0 29.0 166271.0 1.4910750275461704 187.0 5.2304894E7 1067.0 346.0
0.0 30.0 153190.0 2.4713590709881084 176.0 4.6400288E7 1127.0 225.0
0.0 31.0 85956.0 2.5040026955533983 201.0 5.2147933E7 1075.0 243.0
0.0 20.0 163031.0 1.8775640687485347 127.0 2.824187E7 1717.0 321.0
0.0 22.0 151666.0 2.9759193637573365 114.0 1.9337582E7 1807.0 340.0
0.0 18.0 207168.0 3.389874930701199 27.0 2.1369207E7 2171.0 276.0
0.0 26.0 165323.0 3.4894673214382643 159.0 4.4678192E7 1326.0 218.0
0.0 14.0 268357.0 4.659902779560623 32.0 9620682.0 2400.0 271.0
0.0 17.0 274672.0 2.7239976718374854 56.0 2.5782041E7 2155.0 356.0
0.0 29.0 111924.0 2.74690674712618 193.0 4.5887264E7 1244.0 256.0
0.0 29.0 100650.0 2.6500036890953753 191.0 4.6467504E7 1266.0 240.0
0.0 32.0 124876.0 1.5494572410079432 202.0 4.7951458E7 1062.0 164.0
0.0 15.0 209884.0 4.20735658585872 93.0 2.1053806E7 2023.0 324.0
0.0 11.0 275254.0 3.9467450159503414 29.0 8806035.0 2562.0 352.0
0.0 13.0 270122.0 3.937767654513964 29.0 9673328.0 2539.0 281.0
0.0 6.0 260384.0 5.1515069207122455 12.0 6629764.0 2798.0 522.0
0.0 6.0 293357.0 5.275567071088186 16.0 1634852.0 2856.0 418.0
0.0 24.0 173371.0 3.4505154420661444 118.0 2.4413019E7 1595.0 244.0
0.0 22.0 239885.0 2.779829834072842 60.0 2.8425118E7 1770.0 220.0
0.0 27.0 141754.0 2.7230800083726834 127.0 4.5823601E7 1304.0 285.0
0.0 32.0 103738.0 2.450474490523769 151.0 4.7741585E7 1090.0 218.0
0.0 23.0 191708.0 3.4317895205230093 59.0 3.2975408E7 1743.0 286.0
0.0 13.0 282440.0 4.677176518002786 29.0 1.9747056E7 2213.0 362.0
0.0 10.0 287418.0 3.865612461499813 25.0 1.3636051E7 2538.0 434.0
0.0 29.0 119308.0 2.6040496042690373 194.0 4.5527738E7 1226.0 280.0
0.0 24.0 168248.0 2.820513296447088 124.0 2.5121681E7 1618.0 229.0
0.0 31.0 154364.0 1.3454924108998862 191.0 4.2427772E7 1156.0 219.0
0.0 32.0 123635.0 2.5071465462382325 202.0 4.7310139E7 1133.0 105.0
0.0 20.0 193880.0 3.128521249965877 91.0 2.7885885E7 1687.0 307.0
0.0 17.0 251101.0 4.246265777018248 75.0 2.0897437E7 2017.0 267.0
0.0 22.0 174960.0 2.4404603400893774 108.0 2.40653E7 1552.0 251.0
0.0 21.0 178660.0 3.7236427046670912 114.0 2.3615936E7 1720.0 348.0
0.0 31.0 85042.0 2.614884551355694 144.0 3.7596981E7 1211.0 180.0
0.0 33.0 72133.0 1.2857521511596266 182.0 4.7695466E7 1022.0 91.0
0.0 35.0 75745.0 1.4008946585909956 206.0 5.3894241E7 852.0 121.0
0.0 25.0 134671.0 2.997237863602931 128.0 2.5412904E7 1563.0 297.0
0.0 18.0 274509.0 3.17747622637987 49.0 2.2069037E7 1965.0 447.0
0.0 14.0 227833.0 3.224630952967408 22.0 1.0677194E7 2457.0 336.0
0.0 25.0 169982.0 1.535359982357441 142.0 4.0673484E7 1283.0 263.0
0.0 23.0 126344.0 3.8917231124047817 105.0 2.4809687E7 1662.0 265.0
0.0 21.0 244869.0 4.004899435565625 50.0 2.3047577E7 1838.0 371.0
0.0 16.0 204773.0 3.8355291533093636 91.0 6813323.0 2080.0 337.0
0.0 9.0 261890.0 4.225434421311697 11.0 4252603.0 2719.0 439.0
0.0 12.0 224971.0 3.9002368119035618 25.0 4726087.0 2660.0 249.0
0.0 27.0 171486.0 1.746564983626522 169.0 5.5123701E7 1135.0 345.0
0.0 14.0 252466.0 3.0767854694594425 16.0 1.0808613E7 2376.0 451.0
0.0 24.0 191713.0 3.786550631931429 102.0 3.8151255E7 1653.0 255.0
0.0 30.0 111282.0 3.6978429115764007 160.0 4.5771201E7 1198.0 176.0
0.0 28.0 135781.0 2.8698732543032137 184.0 5.0168263E7 1188.0 313.0
0.0 35.0 133164.0 1.1107696128466311 202.0 5.8390097E7 844.0 160.0
0.0 14.0 230513.0 3.1960260612156577 33.0 1.0901007E7 2277.0 420.0
0.0 21.0 254159.0 4.122801465734282 87.0 3.2597097E7 1782.0 311.0
0.0 25.0 195954.0 2.039558219404138 130.0 4.9557344E7 1323.0 345.0
0.0 28.0 151707.0 2.60570347206854 181.0 4.1420631E7 1251.0 172.0
0.0 23.0 143265.0 2.927041464674727 172.0 3.925443E7 1600.0 257.0
0.0 15.0 292669.0 3.0691782912850756 31.0 2.1224438E7 2265.0 425.0
0.0 20.0 194814.0 3.758402402798211 59.0 2.7433722E7 1905.0 220.0
0.0 31.0 127296.0 2.490514055921531 165.0 4.1807954E7 1219.0 112.0
0.0 14.0 268217.0 3.1917388801924136 16.0 1.5756116E7 2323.0 300.0
0.0 19.0 202477.0 2.81874230769136 71.0 2.752797E7 1983.0 315.0
0.0 28.0 111860.0 1.7412874540633507 147.0 3.5896732E7 1360.0 153.0
0.0 21.0 225123.0 3.0646561023257615 37.0 2.325536E7 1867.0 362.0
0.0 13.0 252811.0 3.7707334419775105 30.0 1.0065511E7 2357.0 429.0
0.0 28.0 114903.0 3.6219941988855826 167.0 3.0708756E7 1446.0 155.0
0.0 36.0 115089.0 1.0630500470621735 210.0 5.4174481E7 824.0 67.0
0.0 24.0 185090.0 3.037826101725269 54.0 1.9390242E7 1860.0 209.0
0.0 24.0 115385.0 3.566187050026614 160.0 3.9382466E7 1378.0 296.0
0.0 19.0 192588.0 3.9276824212155144 43.0 2.6415749E7 1963.0 270.0
0.0 32.0 93299.0 1.3931711770107411 134.0 3.7674993E7 1162.0 163.0
0.0 16.0 222323.0 2.9968274179852057 35.0 1.5789327E7 2270.0 401.0
0.0 21.0 183768.0 4.044320848843811 48.0 2.2505033E7 2023.0 306.0
0.0 22.0 209797.0 2.1272157168124775 113.0 3.8876504E7 1456.0 359.0
0.0 22.0 182543.0 3.9226320113654998 67.0 3.2636455E7 1766.0 226.0
0.0 22.0 185502.0 3.611335518579338 119.0 3.8882782E7 1460.0 340.0
0.0 11.0 234875.0 4.076144510632756 12.0 8856708.0 2621.0 342.0
0.0 29.0 101205.0 2.4070554093049896 184.0 5.551022E7 1083.0 196.0
0.0 21.0 226026.0 3.5051500621320413 69.0 2.7309443E7 1788.0 272.0
0.0 12.0 232894.0 4.040880086757363 26.0 9443519.0 2514.0 359.0
0.0 17.0 276152.0 4.190171495017414 57.0 3.1306576E7 1963.0 436.0
0.0 29.0 98212.0 1.7939016854523877 154.0 4.1751678E7 1269.0 230.0
0.0 18.0 258413.0 3.441241513915649 35.0 1.6661518E7 2117.0 237.0
0.0 10.0 289744.0 3.882438770701265 23.0 1.4360338E7 2361.0 333.0
0.0 26.0 117167.0 2.686153633151092 141.0 3.58183E7 1437.0 311.0
0.0 35.0 109564.0 1.3045491436408296 212.0 5.3657689E7 908.0 61.0
0.0 16.0 213144.0 4.227996190133934 25.0 2.0672514E7 2250.0 255.0
0.0 20.0 191285.0 3.219633873800675 57.0 2.6761231E7 1857.0 327.0
0.0 12.0 304093.0 3.191545774477306 26.0 5157184.0 2368.0 440.0
0.0 27.0 105073.0 1.6749206326169697 113.0 3.1414716E7 1391.0 196.0
0.0 24.0 141756.0 2.5553930206279336 146.0 3.9230213E7 1410.0 357.0
0.0 28.0 146996.0 2.325230006254393 182.0 4.0938923E7 1240.0 252.0
0.0 16.0 212237.0 4.102542351942474 20.0 1.0910211E7 2375.0 366.0
0.0 19.0 211253.0 3.443171789163898 51.0 2.2298741E7 1968.0 414.0
0.0 16.0 211480.0 3.9191865071975984 39.0 1.0499082E7 2429.0 329.0
0.0 15.0 266537.0 4.146684733465761 24.0 2.0550462E7 2314.0 316.0
0.0 14.0 214576.0 4.164665477676013 13.0 1.5363976E7 2397.0 319.0
0.0 13.0 232666.0 3.9028230647697697 20.0 9946530.0 2510.0 301.0
0.0 21.0 233897.0 3.0432579811432037 69.0 2.3548368E7 1962.0 199.0
0.0 15.0 217594.0 4.60964152376729 36.0 1.0417072E7 2478.0 316.0
0.0 9.0 250163.0 5.057013368680118 11.0 3561265.0 2764.0 383.0
0.0 18.0 245036.0 3.512418512357434 62.0 2.7180241E7 1963.0 256.0
0.0 23.0 229328.0 2.759382979695416 84.0 3.3455057E7 1625.0 269.0
0.0 11.0 291496.0 4.893850409319961 26.0 1.4112458E7 2353.0 477.0
0.0 7.0 290011.0 4.1274583240432685 16.0 2562646.0 2751.0 415.0
0.0 10.0 287419.0 4.738385374800165 23.0 1.3218723E7 2603.0 306.0
0.0 10.0 244287.0 4.880392118202094 27.0 8476495.0 2619.0 415.0
0.0 18.0 261767.0 3.79237431202208 51.0 2.7043658E7 1932.0 346.0
0.0 27.0 168251.0 2.295928069241317 139.0 4.1067135E7 1219.0 338.0
0.0 33.0 77381.0 2.3812698389661766 197.0 5.2867321E7 986.0 162.0
0.0 28.0 157347.0 2.56939925341138 187.0 5.0954029E7 1118.0 211.0
0.0 12.0 290798.0 3.009933506884688 20.0 1.4055738E7 2373.0 458.0
0.0 12.0 216946.0 4.766100010225938 14.0 8701499.0 2611.0 232.0
0.0 10.0 276695.0 3.7706112884214273 14.0 8345320.0 2618.0 262.0
0.0 18.0 204335.0 3.7495336929915406 44.0 1.6793053E7 2238.0 320.0
0.0 31.0 105606.0 1.5404042329125276 188.0 5.7108821E7 936.0 296.0
0.0 34.0 113537.0 2.258037515733853 212.0 5.3264984E7 921.0 69.0
0.0 13.0 281494.0 3.392065513223301 33.0 1.574682E7 2251.0 402.0
0.0 26.0 113220.0 2.7093110484027343 173.0 4.5210188E7 1307.0 270.0
0.0 30.0 144054.0 1.2709199887864806 185.0 4.7163071E7 1110.0 242.0
0.0 25.0 114198.0 2.6428139420657075 149.0 3.0234907E7 1535.0 161.0
0.0 17.0 217314.0 4.261410648724147 57.0 2.1170981E7 2044.0 401.0
