0.0 11.0 253292.0 3.290134403397454 30.0 9535223.0 2392.0 400.0
0.0 26.0 138815.0 3.0109138402642404 131.0 4.0205934E7 1427.0 350.0
0.0 21.0 228351.0 2.9573631560656852 94.0 3.3757423E7 1776.0 429.0
0.0 30.0 140778.0 2.248095995266016 182.0 4.6626675E7 1080.0 143.0
0.0 27.0 126895.0 2.2976270048708236 159.0 4.5875327E7 1201.0 301.0
0.0 17.0 224227.0 3.2102712306266676 44.0 2.1240162E7 2072.0 375.0
0.0 17.0 224736.0 4.7137207563947285 35.0 1.1104163E7 2308.0 360.0
0.0 20.0 219840.0 3.601877199717013 66.0 2.6787476E7 1881.0 398.0
0.0 10.0 238320.0 4.853411415078165 20.0 8330758.0 2662.0 383.0
0.0 28.0 120814.0 2.6590783692337228 166.0 4.5723439E7 1246.0 312.0
0.0 29.0 103917.0 2.3046924043214423 185.0 5.110243E7 1110.0 229.0
0.0 23.0 230746.0 3.315710981255778 65.0 2.3850639E7 1899.0 197.0
0.0 15.0 264674.0 3.9245630294089477 40.0 1.5863849E7 2215.0 320.0
0.0 14.0 229946.0 4.005110940828138 31.0 1.5497164E7 2447.0 302.0
0.0 20.0 196247.0 3.3307139719064773 45.0 3.2011878E7 1830.0 352.0
0.0 32.0 132870.0 1.585297806742434 164.0 4.2224981E7 1141.0 104.0
0.0 19.0 255764.0 3.248459372082505 57.0 2.7709633E7 1879.0 269.0
0.0 12.0 277438.0 3.813893631006177 38.0 1.4545821E7 2348.0 324.0
0.0 10.0 276797.0 4.192259759092349 15.0 8728962.0 2668.0 280.0
0.0 15.0 263087.0 2.4350233734769073 26.0 1.5928295E7 2302.0 342.0
0.0 16.0 281052.0 3.3566500422883983 83.0 3.0989717E7 1994.0 374.0
0.0 29.0 117694.0 2.634413019015541 176.0 5.5031034E7 1154.0 212.0
0.0 20.0 246496.0 3.898009510243611 46.0 3.1826496E7 1840.0 315.0
0.0 16.0 234090.0 3.5951215647693324 28.0 1.5809771E7 2344.0 274.0
0.0 7.0 327086.0 3.859236770817239 6.0 1.7686681E7 2542.0 527.0
0.0 29.0 125349.0 1.764509578243067 114.0 4.1465308E7 1275.0 242.0
0.0 31.0 140869.0 1.7472998873491656 157.0 4.7347221E7 1129.0 128.0
0.0 19.0 151878.0 4.092189798351506 108.0 3.6711068E7 1817.0 397.0
0.0 14.0 216331.0 4.223068804144231 20.0 1.4498704E7 2368.0 362.0
0.0 22.0 155724.0 3.8322369631440765 133.0 3.3889557E7 1739.0 289.0
0.0 27.0 156331.0 2.5116126294791212 187.0 4.1032428E7 1285.0 309.0
0.0 31.0 97627.0 1.5720274084985513 199.0 4.7736436E7 1073.0 279.0
0.0 28.0 119353.0 1.6434559799271227 188.0 4.6771165E7 1143.0 347.0
0.0 15.0 285922.0 3.7995767372463956 26.0 2.0497415E7 2287.0 405.0
0.0 12.0 297028.0 4.002527243248754 25.0 4446678.0 2563.0 383.0
0.0 28.0 108804.0 2.58965481033648 179.0 4.6743118E7 1193.0 279.0
0.0 19.0 239556.0 3.871479899407117 45.0 1.7063758E7 2079.0 206.0
0.0 26.0 117259.0 3.653551774996403 144.0 3.9560453E7 1450.0 207.0
0.0 28.0 141008.0 2.6522150999755167 149.0 4.0556977E7 1335.0 134.0
0.0 20.0 238203.0 3.1345741683674553 109.0 3.2744226E7 1792.0 366.0
0.0 10.0 286595.0 4.974720888846655 35.0 1.4223428E7 2431.0 414.0
0.0 19.0 169979.0 3.8948227600377163 75.0 1.2763299E7 2142.0 237.0
0.0 31.0 96646.0 3.2574910676464213 194.0 5.230936E7 1025.0 283.0
0.0 11.0 305951.0 4.7708189176737426 27.0 1.9099225E7 2281.0 479.0
0.0 9.0 253308.0 3.9983323175376433 27.0 8694509.0 2508.0 400.0
0.0 7.0 300680.0 4.8750692418155515 18.0 1.2111286E7 2755.0 389.0
0.0 31.0 97951.0 2.2471104649769567 192.0 4.6796022E7 1108.0 212.0
0.0 36.0 70612.0 1.142348560215052 214.0 5.4010726E7 877.0 139.0
0.0 32.0 100549.0 1.6434559799271227 194.0 4.8207036E7 1022.0 291.0
0.0 33.0 134126.0 1.0897169812676837 208.0 5.7678975E7 855.0 234.0
0.0 24.0 135566.0 3.0939271890560267 97.0 3.3598349E7 1517.0 216.0
0.0 28.0 154183.0 3.481178702032934 185.0 4.5614111E7 1191.0 180.0
0.0 32.0 89610.0 3.193581293210331 183.0 4.7372683E7 1039.0 242.0
0.0 33.0 90494.0 1.1607944079644292 182.0 5.2844382E7 928.0 197.0
0.0 32.0 139098.0 1.3857521511596265 201.0 5.2485113E7 989.0 199.0
0.0 23.0 206980.0 2.9173784929540867 114.0 4.418153E7 1564.0 359.0
0.0 12.0 282033.0 3.9154583351161785 31.0 9238441.0 2415.0 330.0
0.0 29.0 103118.0 3.4798665977330896 195.0 4.137201E7 1285.0 285.0
0.0 22.0 133915.0 4.0502205872821255 145.0 3.27165E7 1758.0 353.0
0.0 18.0 214698.0 3.3436944547784444 34.0 2.1080115E7 2266.0 289.0
0.0 12.0 235704.0 4.0094778439660885 15.0 8890493.0 2588.0 293.0
0.0 23.0 228149.0 2.653077068255629 103.0 2.4264355E7 1853.0 220.0
0.0 33.0 129432.0 1.4182884098391122 194.0 4.8011343E7 989.0 158.0
0.0 23.0 237303.0 2.0102978067424337 86.0 3.8452761E7 1785.0 307.0
0.0 29.0 152911.0 2.4080033393838867 166.0 4.1155854E7 1213.0 144.0
0.0 32.0 112772.0 1.4345791366561549 194.0 5.7605027E7 967.0 265.0
0.0 24.0 120391.0 3.573994266041447 139.0 2.4548839E7 1625.0 205.0
0.0 19.0 223476.0 4.069656901879805 82.0 2.7064735E7 1976.0 345.0
0.0 32.0 69837.0 1.157180722588198 203.0 5.2215314E7 998.0 89.0
0.0 14.0 205475.0 4.442754807447924 17.0 1.4212982E7 2342.0 336.0
0.0 18.0 160115.0 3.0611036693041207 89.0 1.7414177E7 2072.0 288.0
0.0 14.0 238287.0 4.0132229271220945 20.0 1.5560446E7 2442.0 342.0
0.0 12.0 264095.0 3.822712321328569 25.0 1.4847081E7 2441.0 507.0
0.0 27.0 130930.0 2.877580506930907 136.0 3.6101819E7 1356.0 271.0
0.0 16.0 229265.0 3.8121800071082865 35.0 2.5324766E7 2165.0 426.0
0.0 25.0 116148.0 3.860895892866836 161.0 4.3684185E7 1564.0 192.0
0.0 17.0 216301.0 2.9493190740464015 22.0 2.6177112E7 2202.0 299.0
0.0 32.0 146450.0 1.168898000278548 144.0 5.2429372E7 978.0 172.0
0.0 19.0 207800.0 4.2205563928642915 90.0 3.1444666E7 1880.0 394.0
0.0 17.0 273254.0 3.150242896400128 56.0 2.1344402E7 2140.0 290.0
0.0 28.0 153138.0 2.396725143895165 164.0 4.0691449E7 1263.0 175.0
0.0 16.0 229019.0 3.697294435747969 22.0 1.6047188E7 2169.0 363.0
0.0 20.0 183373.0 2.7557295327501987 97.0 2.7628368E7 1796.0 223.0
0.0 8.0 232453.0 4.156021622767931 14.0 7880185.0 2714.0 294.0
0.0 26.0 169747.0 2.699429246426705 129.0 3.1302986E7 1392.0 241.0
0.0 14.0 238533.0 3.9590649912989297 30.0 1.0674797E7 2254.0 466.0
0.0 24.0 189933.0 2.7217454565999377 59.0 2.4110725E7 1807.0 289.0
0.0 12.0 273684.0 4.858909912778282 24.0 9538190.0 2438.0 329.0
0.0 7.0 273533.0 4.039852785373901 17.0 1.2704357E7 2721.0 519.0
0.0 17.0 157624.0 4.367642968434127 137.0 3.6093756E7 1988.0 281.0
0.0 10.0 269397.0 4.418031120051785 17.0 1.3506569E7 2564.0 285.0
0.0 12.0 235986.0 3.83372398820367 21.0 1.391837E7 2506.0 366.0
0.0 16.0 202180.0 3.686325466711701 51.0 3.5323994E7 2022.0 381.0
0.0 17.0 210094.0 2.227978376148991 103.0 2.7349042E7 1794.0 342.0
0.0 31.0 107903.0 1.673706813756092 180.0 4.7252589E7 1124.0 166.0
0.0 19.0 252945.0 3.544438714567552 77.0 3.1663799E7 1874.0 334.0
0.0 14.0 284634.0 4.954055883830805 22.0 9997778.0 2506.0 359.0
0.0 8.0 307156.0 4.931066520925315 19.0 2507969.0 2773.0 460.0
0.0 28.0 152080.0 3.555169829073473 191.0 5.0381906E7 1196.0 217.0
0.0 29.0 150487.0 2.573910531606869 194.0 5.1289088E7 1113.0 187.0
0.0 32.0 89275.0 1.4019355120908656 202.0 5.2859062E7 950.0 248.0
0.0 29.0 138070.0 1.7047997702072455 187.0 4.6387747E7 1141.0 161.0
0.0 32.0 99165.0 2.5836483342239287 183.0 4.7091598E7 1115.0 182.0
0.0 28.0 113656.0 2.9390368054018734 182.0 4.0965345E7 1310.0 214.0
0.0 19.0 208946.0 3.097624228505982 97.0 3.7566579E7 1828.0 417.0
0.0 19.0 216548.0 3.366178988400606 43.0 2.1795626E7 2032.0 347.0
0.0 10.0 299190.0 3.8236478844519186 22.0 9304238.0 2521.0 378.0
0.0 28.0 170828.0 1.523643671404088 157.0 4.0937896E7 1281.0 258.0
0.0 29.0 94833.0 2.254347882913253 131.0 2.6296054E7 1406.0 123.0
0.0 30.0 163994.0 1.5031051027341404 171.0 4.6948637E7 1047.0 272.0
0.0 17.0 207058.0 4.381172335339136 62.0 2.5756032E7 1984.0 394.0
0.0 29.0 143363.0 3.660478181922809 144.0 3.561821E7 1367.0 110.0
0.0 19.0 165106.0 4.374675388128922 96.0 2.2740911E7 1897.0 267.0
0.0 11.0 273456.0 4.858556701532519 27.0 1.8313554E7 2475.0 369.0
0.0 25.0 166551.0 3.0156160265343375 122.0 3.386662E7 1532.0 183.0
0.0 17.0 267840.0 2.9103430879819494 29.0 2.1423836E7 2059.0 344.0
0.0 9.0 316817.0 5.064416386523171 9.0 1.8176276E7 2520.0 523.0
0.0 18.0 274214.0 3.1286950356770147 49.0 3.1997084E7 1840.0 429.0
0.0 23.0 128351.0 3.0721024444097877 107.0 2.9107724E7 1637.0 252.0
0.0 12.0 226495.0 4.447162726894369 36.0 9683889.0 2390.0 413.0
0.0 20.0 239460.0 2.0288848898825984 70.0 2.747854E7 1839.0 310.0
0.0 27.0 177130.0 2.7526849346669136 167.0 5.0105335E7 1154.0 355.0
0.0 16.0 267734.0 3.0078567700045893 18.0 1.5450382E7 2283.0 249.0
0.0 31.0 141400.0 1.3557153104239077 177.0 5.1626648E7 975.0 186.0
0.0 18.0 252332.0 3.475678843100856 45.0 1.7000506E7 1994.0 351.0
0.0 15.0 217872.0 3.698803353283035 28.0 2.0488467E7 2177.0 314.0
0.0 23.0 185350.0 1.8226777986115898 126.0 3.4437555E7 1495.0 290.0
0.0 16.0 271965.0 3.94320493341989 22.0 1.1080533E7 2354.0 354.0
0.0 11.0 292318.0 3.998446720057025 4.0 1.3749438E7 2517.0 398.0
0.0 10.0 252963.0 3.9939462214988017 9.0 1.3437644E7 2593.0 375.0
0.0 10.0 259459.0 4.0112643808258674 8.0 1.4025547E7 2558.0 436.0
0.0 9.0 261645.0 4.097582635478894 21.0 8568446.0 2634.0 435.0
0.0 18.0 249588.0 3.7069604034050303 45.0 2.5369017E7 2070.0 301.0
0.0 21.0 235845.0 3.6489199534429155 55.0 2.2581464E7 1875.0 264.0
0.0 19.0 242663.0 3.638702150936252 57.0 3.1107453E7 1952.0 244.0
0.0 22.0 140392.0 2.9656075056567834 91.0 1.3579525E7 1819.0 187.0
0.0 24.0 197062.0 3.5242255285759283 78.0 2.4375697E7 1730.0 349.0
0.0 31.0 84376.0 3.707617347666626 149.0 4.216476E7 1228.0 120.0
0.0 35.0 81373.0 1.2933316333809117 167.0 5.355154E7 904.0 101.0
0.0 30.0 104597.0 1.61127183271646 188.0 5.1490876E7 1111.0 231.0
0.0 16.0 281166.0 3.5161243062529812 36.0 2.6313126E7 1951.0 451.0
0.0 30.0 142700.0 1.4900282930629036 134.0 4.6857299E7 1171.0 351.0
0.0 19.0 265497.0 2.922195318438831 43.0 1.2909682E7 2087.0 319.0
0.0 26.0 147829.0 2.29364841753339 134.0 3.1269894E7 1458.0 106.0
0.0 12.0 276277.0 4.9644471138472355 27.0 4480835.0 2620.0 400.0
0.0 9.0 254538.0 4.195224280575241 10.0 8685334.0 2680.0 361.0
0.0 11.0 235548.0 3.9518206896306665 20.0 9416923.0 2604.0 347.0
0.0 27.0 132159.0 3.921585869173723 155.0 3.9711283E7 1400.0 266.0
0.0 22.0 259118.0 2.884071953147997 72.0 2.9176765E7 1755.0 346.0
0.0 21.0 228871.0 1.988583231343486 70.0 3.8527658E7 1665.0 463.0
0.0 24.0 212941.0 2.356323207762073 62.0 3.4551672E7 1692.0 368.0
0.0 17.0 232293.0 3.667286408112677 31.0 2.1833043E7 2078.0 411.0
0.0 12.0 251231.0 4.907922693273654 30.0 1.4510417E7 2402.0 394.0
0.0 27.0 161526.0 1.4474974234312146 132.0 3.6242085E7 1368.0 215.0
0.0 17.0 260789.0 3.0888927124295633 23.0 1.6538179E7 2233.0 260.0
0.0 33.0 83235.0 1.3170183010304275 202.0 5.338647E7 971.0 164.0
0.0 23.0 144092.0 2.7096087617521047 115.0 3.411098E7 1516.0 292.0
0.0 18.0 194495.0 4.441765364525781 57.0 1.2400835E7 2199.0 280.0
0.0 27.0 118671.0 3.513322787226431 156.0 4.0480039E7 1381.0 309.0
0.0 13.0 265933.0 3.9032429264135406 37.0 1.5152851E7 2376.0 350.0
0.0 22.0 175515.0 2.656709310412002 100.0 2.3562328E7 1744.0 153.0
0.0 18.0 156479.0 3.1604914375121034 99.0 2.1849862E7 1937.0 249.0
0.0 11.0 277096.0 4.69428394524078 25.0 1.3254864E7 2546.0 312.0
0.0 10.0 247375.0 3.7675504448230694 5.0 8320469.0 2654.0 374.0
0.0 26.0 153181.0 1.6480959952660166 133.0 3.5674654E7 1325.0 158.0
0.0 26.0 164160.0 2.7509534056620026 185.0 4.9667478E7 1233.0 281.0
0.0 31.0 111086.0 1.4607278417522285 188.0 5.1561441E7 1010.0 267.0
0.0 16.0 198941.0 4.415030152177972 92.0 1.1494195E7 2043.0 280.0
0.0 14.0 239897.0 3.921886519640052 37.0 1.5484889E7 2252.0 483.0
0.0 9.0 286905.0 5.032629809902435 30.0 8108150.0 2579.0 304.0
0.0 17.0 228451.0 3.3699156582929866 65.0 2.6280316E7 1959.0 438.0
0.0 27.0 118459.0 3.581827382046815 190.0 3.9969356E7 1364.0 258.0
0.0 28.0 134035.0 1.8485699961578503 133.0 4.5650005E7 1260.0 335.0
0.0 31.0 110728.0 1.5037530357239788 146.0 5.1579852E7 1089.0 178.0
0.0 16.0 211453.0 4.128056649135039 70.0 1.1118341E7 2100.0 236.0
0.0 23.0 236277.0 3.4090370791659166 61.0 3.7224354E7 1859.0 233.0
0.0 16.0 248804.0 4.759664764187726 35.0 1.5063579E7 2342.0 252.0
0.0 21.0 191828.0 3.7249803464249736 102.0 2.3197407E7 1742.0 270.0
0.0 27.0 114962.0 3.3886772463735837 109.0 3.0941503E7 1460.0 227.0
0.0 12.0 260482.0 4.639885579211903 19.0 1.4288E7 2350.0 239.0
0.0 30.0 117634.0 1.3931711770107411 128.0 3.7179666E7 1224.0 283.0
0.0 17.0 207952.0 4.2215883451257525 71.0 1.1594457E7 2187.0 367.0
0.0 14.0 262778.0 4.763799309180106 35.0 1.8851905E7 2320.0 294.0
0.0 31.0 117890.0 2.673319855301834 174.0 4.6767849E7 1091.0 259.0
0.0 27.0 146087.0 3.73393313714031 167.0 4.5100804E7 1244.0 155.0
0.0 21.0 196379.0 3.2577875013205944 91.0 4.2313473E7 1870.0 262.0
0.0 13.0 237926.0 3.43481249843171 17.0 1.0792137E7 2494.0 360.0
0.0 31.0 106807.0 2.337882476974163 141.0 4.6357553E7 1168.0 174.0
0.0 29.0 149311.0 1.40315029768874 147.0 4.2105478E7 1181.0 147.0
0.0 16.0 285177.0 3.3659475823920473 25.0 1.1372964E7 2296.0 401.0
0.0 19.0 196136.0 3.843717052255744 45.0 2.1204903E7 2171.0 257.0
0.0 13.0 225339.0 4.786774787731623 31.0 9730614.0 2591.0 342.0
0.0 11.0 282774.0 4.967330828997579 35.0 4282391.0 2700.0 320.0
0.0 8.0 260025.0 3.788692834213949 26.0 8243481.0 2679.0 471.0
0.0 8.0 258273.0 4.036061255266581 13.0 1.3197234E7 2684.0 486.0
0.0 14.0 215884.0 2.840336884462813 37.0 1.5281799E7 2285.0 297.0
0.0 21.0 201432.0 2.8329271699700374 114.0 3.376743E7 1619.0 287.0
0.0 14.0 213928.0 4.3628418648625304 21.0 1.0060164E7 2550.0 285.0
0.0 24.0 175671.0 2.553209044759747 120.0 3.4773558E7 1460.0 322.0
0.0 30.0 89142.0 1.503651550821572 144.0 4.192074E7 1139.0 142.0
0.0 14.0 269868.0 3.685919740076466 33.0 2.0492176E7 2142.0 312.0
0.0 26.0 162505.0 2.568755486621978 146.0 3.5533123E7 1435.0 259.0
0.0 17.0 266371.0 3.580278297506637 66.0 3.6376813E7 1897.0 409.0
0.0 27.0 98493.0 2.7047997702072455 186.0 4.5404977E7 1303.0 192.0
0.0 13.0 235988.0 4.986347437304273 29.0 9594214.0 2449.0 292.0
0.0 25.0 127830.0 3.7801181910365025 162.0 3.8737771E7 1427.0 241.0
0.0 32.0 80225.0 2.4336815438368973 204.0 5.2631124E7 996.0 182.0
0.0 17.0 268950.0 2.9261375510695884 33.0 1.7090056E7 2252.0 309.0
0.0 30.0 119724.0 1.6477175982931924 128.0 4.6553626E7 1138.0 193.0
0.0 23.0 133375.0 3.9334204774854853 92.0 2.3730137E7 1745.0 192.0
0.0 10.0 289869.0 3.779253519015957 24.0 8748634.0 2514.0 387.0
0.0 16.0 227545.0 3.4409813789924706 28.0 1.5974664E7 2168.0 351.0
0.0 26.0 131446.0 2.508999964666154 134.0 4.0022303E7 1288.0 344.0
0.0 21.0 180980.0 3.0589236448419563 54.0 2.2462732E7 1913.0 236.0
0.0 25.0 121164.0 2.593550540720562 132.0 3.9918302E7 1378.0 280.0
0.0 32.0 92698.0 1.4627994204957575 198.0 5.2812481E7 942.0 172.0
0.0 32.0 70668.0 2.2524188178262934 204.0 5.1997618E7 1050.0 89.0
0.0 16.0 269100.0 3.2743675464743314 35.0 1.6954059E7 2270.0 355.0
0.0 27.0 157901.0 2.5399334314841338 159.0 3.1005007E7 1403.0 254.0
0.0 27.0 142969.0 1.3768943738918327 124.0 3.1597042E7 1397.0 297.0
0.0 31.0 105873.0 2.4734552204526796 160.0 3.7357634E7 1232.0 205.0
0.0 30.0 137642.0 2.3146339247892787 199.0 5.1906263E7 1023.0 244.0
0.0 21.0 156511.0 3.3883781743758825 98.0 2.3434215E7 1762.0 402.0
0.0 30.0 144667.0 1.4860317437280808 182.0 4.7256239E7 1049.0 155.0
0.0 32.0 139668.0 2.34835421657687 195.0 4.7604652E7 1056.0 121.0
0.0 22.0 210285.0 2.9643798202869336 61.0 3.7746225E7 1870.0 377.0
0.0 26.0 157101.0 2.4778405694674777 166.0 4.6087647E7 1297.0 196.0
0.0 19.0 189291.0 3.8569594352096086 53.0 3.1950403E7 1870.0 290.0
0.0 20.0 182529.0 4.692599560194136 65.0 7542352.0 2175.0 210.0
0.0 16.0 263347.0 3.8052766016349473 34.0 1.0824378E7 2234.0 284.0
0.0 24.0 124107.0 3.514674617881791 128.0 3.3982861E7 1506.0 249.0
0.0 19.0 165718.0 3.7766265731505975 105.0 3.1930567E7 1685.0 413.0
0.0 17.0 223387.0 3.8204490430368967 26.0 2.5322145E7 2141.0 397.0
0.0 11.0 244987.0 4.952853792093835 8.0 1.8693443E7 2470.0 462.0
0.0 6.0 259573.0 4.241440086961202 11.0 2284239.0 2801.0 427.0
0.0 8.0 271050.0 4.061344499154476 17.0 8462802.0 2705.0 508.0
0.0 12.0 273124.0 4.865345785701222 71.0 3.3232695E7 2279.0 441.0
0.0 29.0 125323.0 3.5635299289374043 202.0 4.1300776E7 1293.0 88.0
0.0 24.0 225923.0 3.8233549443464976 119.0 4.8550028E7 1507.0 231.0
0.0 24.0 133044.0 2.6476376110911444 140.0 4.3618638E7 1585.0 257.0
0.0 27.0 124536.0 1.4138223265982233 155.0 5.0324879E7 1174.0 271.0
0.0 29.0 92138.0 2.4700473382699912 142.0 3.1678683E7 1399.0 94.0
0.0 30.0 129939.0 2.194865844483847 191.0 5.135166E7 1138.0 92.0
0.0 19.0 210330.0 2.7943766747629093 38.0 2.214159E7 2075.0 313.0
0.0 19.0 186882.0 2.9627115487955384 126.0 2.2227499E7 1782.0 219.0
0.0 12.0 275722.0 4.742855146034322 23.0 8655686.0 2484.0 289.0
0.0 16.0 253641.0 4.217156574138553 47.0 2.536454E7 2127.0 344.0
0.0 23.0 121024.0 3.6574110965027824 94.0 1.8821738E7 1769.0 172.0
0.0 28.0 118462.0 1.8881520176749802 117.0 4.0807979E7 1287.0 199.0
0.0 10.0 279202.0 4.530715329252736 19.0 3632952.0 2647.0 437.0
0.0 32.0 90570.0 1.5887886359586572 191.0 4.271921E7 1098.0 134.0
0.0 14.0 242877.0 3.292689664806525 28.0 1.0446184E7 2311.0 424.0
0.0 27.0 154409.0 2.4236878996216906 134.0 3.1130827E7 1416.0 148.0
0.0 23.0 254369.0 2.4049992714437356 66.0 2.8477718E7 1716.0 286.0
0.0 19.0 205357.0 4.080855093168591 109.0 1.7819995E7 1922.0 375.0
0.0 29.0 94256.0 3.641771359637852 198.0 3.6470221E7 1325.0 249.0
0.0 21.0 218974.0 2.8882134145364864 97.0 3.3727796E7 1671.0 317.0
0.0 22.0 118982.0 2.8429082638917778 126.0 1.8988201E7 1763.0 176.0
0.0 29.0 143239.0 2.361487316195913 188.0 4.1279981E7 1191.0 206.0
0.0 14.0 237299.0 4.633735806043704 19.0 1.4211056E7 2454.0 432.0
0.0 24.0 154191.0 2.896530807276556 114.0 3.4389857E7 1559.0 395.0
0.0 18.0 225878.0 3.3543901837125887 37.0 2.2406226E7 2022.0 442.0
