0.0 1843.0 3.0 26.0 63.58086699041833
0.0 1237.0 318.0 1480.0 5939.119161142561
0.0 1843.0 3.0 26.0 63.58086699041833
0.0 1559.0 147.0 683.0 2838.4874419284815
0.0 1237.0 318.0 1480.0 5939.119161142561
0.0 1843.0 3.0 26.0 63.58086699041833
0.0 1509.0 166.0 863.0 3265.512414290125
0.0 1843.0 3.0 26.0 63.58086699041833
0.0 1843.0 3.0 26.0 63.58086699041833
0.0 1237.0 318.0 1480.0 5939.119161142561
0.0 1237.0 318.0 1480.0 5939.119161142561
0.0 1843.0 3.0 26.0 63.58086699041833
0.0 1237.0 318.0 1480.0 5939.119161142561
0.0 1843.0 3.0 26.0 63.58086699041833
0.0 1547.0 154.0 700.0 2904.388692789722
0.0 1843.0 3.0 26.0 63.58086699041833
0.0 1237.0 318.0 1480.0 5939.119161142561
0.0 1237.0 318.0 1480.0 5939.119161142561
0.0 1563.0 164.0 595.0 2810.0294890207574
0.0 1843.0 3.0 26.0 63.58086699041833
0.0 1843.0 3.0 26.0 63.58086699041833
0.0 1843.0 3.0 26.0 63.58086699041833
0.0 1843.0 3.0 26.0 63.58086699041833
0.0 1843.0 3.0 26.0 63.58086699041833
0.0 1535.0 164.0 731.0 2994.642051290154
0.0 1547.0 143.0 796.0 2916.6812532337644
0.0 1843.0 3.0 26.0 63.58086699041833
0.0 1843.0 3.0 26.0 63.58086699041833
0.0 1843.0 3.0 26.0 63.58086699041833
0.0 1237.0 318.0 1480.0 5939.119161142561
0.0 1237.0 318.0 1480.0 5939.119161142561
0.0 1561.0 148.0 679.0 2769.244214397819
0.0 1843.0 3.0 26.0 63.58086699041833
0.0 1843.0 3.0 26.0 63.58086699041833
0.0 1843.0 3.0 26.0 63.58086699041833
0.0 1551.0 148.0 717.0 2900.6827443164507
0.0 1843.0 3.0 26.0 63.58086699041833
0.0 1237.0 318.0 1480.0 5939.119161142561
0.0 1237.0 318.0 1480.0 5939.119161142561
0.0 1843.0 3.0 26.0 63.58086699041833
0.0 1237.0 318.0 1480.0 5939.119161142561
0.0 1237.0 318.0 1480.0 5939.119161142561
0.0 1843.0 3.0 26.0 63.58086699041833
0.0 1237.0 318.0 1480.0 5939.119161142561
0.0 1843.0 3.0 26.0 63.58086699041833
0.0 1553.0 153.0 697.0 2840.372341179314
0.0 1237.0 318.0 1480.0 5939.119161142561
0.0 1237.0 318.0 1480.0 5939.119161142561
0.0 1237.0 318.0 1480.0 5939.119161142561
0.0 1843.0 3.0 26.0 63.58086699041833
0.0 1549.0 154.0 711.0 2901.5031628784186
0.0 1843.0 3.0 26.0 63.58086699041833
0.0 1575.0 128.0 723.0 2679.6226849725153
0.0 1237.0 318.0 1480.0 5939.119161142561
0.0 1237.0 318.0 1480.0 5939.119161142561
0.0 1561.0 142.0 693.0 2822.747859257815
0.0 1237.0 318.0 1480.0 5939.119161142561
0.0 1569.0 135.0 680.0 2678.296344624019
0.0 1843.0 3.0 26.0 63.58086699041833
0.0 1535.0 164.0 731.0 2994.642051290154
0.0 1843.0 3.0 26.0 63.58086699041833
0.0 1495.0 183.0 860.0 3372.741336949594
0.0 1237.0 318.0 1480.0 5939.119161142561
0.0 1237.0 318.0 1480.0 5939.119161142561
0.0 1843.0 3.0 26.0 63.58086699041833
0.0 1237.0 318.0 1480.0 5939.119161142561
0.0 1575.0 128.0 723.0 2679.6226849725153
0.0 1843.0 3.0 26.0 63.58086699041833
0.0 1569.0 135.0 680.0 2678.296344624019
0.0 1237.0 318.0 1480.0 5939.119161142561
0.0 1541.0 161.0 711.0 2947.2686278257506
0.0 1843.0 3.0 26.0 63.58086699041833
0.0 1561.0 148.0 679.0 2769.244214397819
0.0 1843.0 3.0 26.0 63.58086699041833
0.0 1237.0 318.0 1480.0 5939.119161142561
0.0 1843.0 3.0 26.0 63.58086699041833
0.0 1843.0 3.0 26.0 63.58086699041833
0.0 1237.0 318.0 1480.0 5939.119161142561
0.0 1237.0 318.0 1480.0 5939.119161142561
0.0 1843.0 3.0 26.0 63.58086699041833
0.0 1843.0 3.0 26.0 63.58086699041833
0.0 1843.0 3.0 26.0 63.58086699041833
0.0 1843.0 3.0 26.0 63.58086699041833
0.0 1525.0 159.0 786.0 3133.4059889371315
0.0 1747.0 52.0 288.0 1020.8695784789326
0.0 1519.0 177.0 735.0 3146.408196380381
0.0 1507.0 180.0 790.0 3312.071575999152
0.0 1237.0 318.0 1480.0 5939.119161142561
0.0 1237.0 318.0 1480.0 5939.119161142561
0.0 1237.0 318.0 1480.0 5939.119161142561
0.0 1237.0 318.0 1480.0 5939.119161142561
0.0 1843.0 3.0 26.0 63.58086699041833
0.0 1573.0 150.0 627.0 2679.5165512530552
0.0 1843.0 3.0 26.0 63.58086699041833
0.0 1843.0 3.0 26.0 63.58086699041833
0.0 1547.0 159.0 700.0 2867.2930967868206
0.0 1843.0 3.0 26.0 63.58086699041833
0.0 1843.0 3.0 26.0 63.58086699041833
0.0 1521.0 181.0 731.0 3227.117546468976
0.0 1843.0 3.0 26.0 63.58086699041833
0.0 1843.0 3.0 26.0 63.58086699041833
0.0 1843.0 3.0 26.0 63.58086699041833
0.0 1569.0 153.0 608.0 2791.202159133097
0.0 1525.0 169.0 736.0 3164.6291543393604
0.0 1843.0 3.0 26.0 63.58086699041833
0.0 1237.0 318.0 1480.0 5939.119161142561
0.0 1843.0 3.0 26.0 63.58086699041833
0.0 1747.0 52.0 288.0 1020.8695784789326
0.0 1843.0 3.0 26.0 63.58086699041833
0.0 1531.0 151.0 855.0 3117.6167696323614
0.0 1579.0 138.0 690.0 2622.8216335100515
0.0 1237.0 318.0 1480.0 5939.119161142561
0.0 1843.0 3.0 26.0 63.58086699041833
0.0 1843.0 3.0 26.0 63.58086699041833
0.0 1565.0 146.0 654.0 2740.5470315729626
0.0 1543.0 172.0 680.0 2964.0305375625244
0.0 1579.0 138.0 690.0 2622.8216335100515
0.0 1237.0 318.0 1480.0 5939.119161142561
0.0 1237.0 318.0 1480.0 5939.119161142561
0.0 1843.0 3.0 26.0 63.58086699041833
0.0 1843.0 3.0 26.0 63.58086699041833
0.0 1573.0 141.0 653.0 2701.795621639731
0.0 1565.0 141.0 707.0 2744.3872544849746
0.0 1521.0 181.0 731.0 3227.117546468976
0.0 1843.0 3.0 26.0 63.58086699041833
0.0 1511.0 169.0 862.0 3241.4997172548783
0.0 1843.0 3.0 26.0 63.58086699041833
0.0 1843.0 3.0 26.0 63.58086699041833
0.0 1843.0 3.0 26.0 63.58086699041833
0.0 1511.0 173.0 818.0 3296.6466330784274
0.0 1843.0 3.0 26.0 63.58086699041833
0.0 1843.0 3.0 26.0 63.58086699041833
0.0 1581.0 131.0 714.0 2656.555697426057
0.0 1579.0 138.0 690.0 2622.8216335100515
0.0 1579.0 138.0 690.0 2622.8216335100515
0.0 1547.0 143.0 796.0 2916.6812532337644
0.0 1575.0 148.0 667.0 2621.8049696930448
0.0 1843.0 3.0 26.0 63.58086699041833
0.0 1237.0 318.0 1480.0 5939.119161142561
0.0 1237.0 318.0 1480.0 5939.119161142561
0.0 1843.0 3.0 26.0 63.58086699041833
0.0 1843.0 3.0 26.0 63.58086699041833
0.0 1237.0 318.0 1480.0 5939.119161142561
0.0 1843.0 3.0 26.0 63.58086699041833
0.0 1535.0 164.0 731.0 2994.642051290154
0.0 1237.0 318.0 1480.0 5939.119161142561
0.0 1843.0 3.0 26.0 63.58086699041833
0.0 1519.0 177.0 735.0 3146.408196380381
0.0 1843.0 3.0 26.0 63.58086699041833
0.0 1237.0 318.0 1480.0 5939.119161142561
0.0 1561.0 152.0 672.0 2774.1868120654653
0.0 1237.0 318.0 1480.0 5939.119161142561
0.0 1509.0 166.0 863.0 3265.512414290125
0.0 1237.0 318.0 1480.0 5939.119161142561
0.0 1563.0 142.0 712.0 2745.867421262726
0.0 1237.0 318.0 1480.0 5939.119161142561
0.0 1531.0 151.0 855.0 3117.6167696323614
0.0 1237.0 318.0 1480.0 5939.119161142561
0.0 1237.0 318.0 1480.0 5939.119161142561
0.0 1237.0 318.0 1480.0 5939.119161142561
0.0 1575.0 134.0 701.0 2708.5832737133264
0.0 1747.0 52.0 288.0 1020.8695784789326
0.0 1237.0 318.0 1480.0 5939.119161142561
0.0 1565.0 152.0 645.0 2706.7291336194367
0.0 1555.0 154.0 689.0 2802.912691697475
0.0 1541.0 169.0 664.0 3034.075407082433
0.0 1495.0 183.0 860.0 3372.741336949594
0.0 1579.0 138.0 690.0 2622.8216335100515
0.0 1237.0 318.0 1480.0 5939.119161142561
0.0 1495.0 183.0 860.0 3372.741336949594
0.0 1509.0 166.0 863.0 3265.512414290125
0.0 1237.0 318.0 1480.0 5939.119161142561
0.0 1493.0 191.0 846.0 3385.3102934273707
0.0 1561.0 148.0 679.0 2769.244214397819
0.0 1237.0 318.0 1480.0 5939.119161142561
0.0 1563.0 144.0 695.0 2774.8020640006052
0.0 1493.0 191.0 846.0 3385.3102934273707
0.0 1237.0 318.0 1480.0 5939.119161142561
0.0 1541.0 161.0 711.0 2947.2686278257506
0.0 1541.0 169.0 664.0 3034.075407082433
0.0 1237.0 318.0 1480.0 5939.119161142561
0.0 1563.0 142.0 712.0 2745.867421262726
0.0 1237.0 318.0 1480.0 5939.119161142561
0.0 1237.0 318.0 1480.0 5939.119161142561
0.0 1559.0 143.0 698.0 2786.1238404213123
0.0 1237.0 318.0 1480.0 5939.119161142561
0.0 1237.0 318.0 1480.0 5939.119161142561
0.0 1237.0 318.0 1480.0 5939.119161142561
0.0 1237.0 318.0 1480.0 5939.119161142561
0.0 1573.0 140.0 678.0 2647.8217135443474
0.0 1579.0 138.0 690.0 2622.8216335100515
0.0 1557.0 164.0 631.0 2774.539883820179
0.0 1237.0 318.0 1480.0 5939.119161142561
0.0 1237.0 318.0 1480.0 5939.119161142561
0.0 1575.0 134.0 701.0 2708.5832737133264
0.0 1499.0 184.0 813.0 3456.45469221171
0.0 1575.0 128.0 723.0 2679.6226849725153
0.0 1553.0 153.0 697.0 2840.372341179314
0.0 1239.0 318.0 1468.0 5923.969190930627
0.0 1563.0 164.0 595.0 2810.0294890207574
0.0 1581.0 147.0 648.0 2615.7871393009736
0.0 1567.0 154.0 621.0 2758.581628322859
0.0 1541.0 169.0 664.0 3034.075407082433
0.0 1529.0 173.0 721.0 3088.594707567083
0.0 1509.0 166.0 863.0 3265.512414290125
0.0 1495.0 183.0 860.0 3372.741336949594
0.0 1571.0 133.0 767.0 2765.750295980314
0.0 1557.0 152.0 680.0 2852.373018927593
0.0 1747.0 52.0 288.0 1020.8695784789326
0.0 1547.0 143.0 796.0 2916.6812532337644
0.0 1565.0 146.0 654.0 2740.5470315729626
0.0 1531.0 176.0 697.0 3032.305667796465
0.0 1563.0 164.0 595.0 2810.0294890207574
0.0 1559.0 147.0 683.0 2838.4874419284815
0.0 1509.0 166.0 863.0 3265.512414290125
0.0 1505.0 173.0 857.0 3351.08442499525
0.0 1575.0 128.0 723.0 2679.6226849725153
0.0 1493.0 191.0 846.0 3385.3102934273707
0.0 1529.0 154.0 830.0 3152.464169395644
0.0 1581.0 131.0 714.0 2656.555697426057
0.0 1565.0 141.0 707.0 2744.3872544849746
0.0 1517.0 171.0 782.0 3222.570241675083
0.0 1521.0 181.0 731.0 3227.117546468976
0.0 1519.0 170.0 766.0 3170.7082260799075
0.0 1511.0 173.0 818.0 3296.6466330784274
0.0 1579.0 138.0 690.0 2622.8216335100515
0.0 1561.0 148.0 679.0 2769.244214397819
0.0 1517.0 175.0 780.0 3201.873856579003
0.0 1531.0 151.0 855.0 3117.6167696323614
0.0 1549.0 146.0 813.0 2884.5635547527068
0.0 1549.0 154.0 711.0 2901.5031628784186
0.0 1541.0 161.0 711.0 2947.2686278257506
0.0 1559.0 143.0 698.0 2786.1238404213123
0.0 1561.0 152.0 672.0 2774.1868120654653
0.0 1563.0 164.0 595.0 2810.0294890207574
0.0 1547.0 170.0 657.0 2996.3570403516633
0.0 1565.0 146.0 654.0 2740.5470315729626
0.0 1563.0 142.0 712.0 2745.867421262726
0.0 1561.0 148.0 679.0 2769.244214397819
0.0 1513.0 173.0 816.0 3257.0059963478593
0.0 1581.0 131.0 714.0 2656.555697426057
0.0 1531.0 153.0 833.0 3083.008539465736
0.0 1557.0 164.0 631.0 2774.539883820179
0.0 1539.0 161.0 721.0 2985.9725409517473
0.0 1507.0 173.0 887.0 3328.1590355535145
0.0 1547.0 159.0 700.0 2867.2930967868206
0.0 1531.0 151.0 855.0 3117.6167696323614
0.0 1535.0 164.0 731.0 2994.642051290154
0.0 1533.0 150.0 844.0 3086.4418838638744
0.0 1547.0 154.0 700.0 2904.388692789722
0.0 1579.0 138.0 690.0 2622.8216335100515
0.0 1541.0 169.0 664.0 3034.075407082433
0.0 1547.0 149.0 754.0 2948.540325477493
0.0 1499.0 184.0 813.0 3456.45469221171
0.0 1519.0 177.0 735.0 3146.408196380381
0.0 1843.0 3.0 26.0 63.58086699041833
0.0 1495.0 183.0 860.0 3372.741336949594
0.0 1541.0 172.0 680.0 3011.189897636399
0.0 1843.0 3.0 26.0 63.58086699041833
0.0 1517.0 175.0 780.0 3201.873856579003
0.0 1843.0 3.0 26.0 63.58086699041833
0.0 1549.0 146.0 813.0 2884.5635547527068
0.0 1843.0 3.0 26.0 63.58086699041833
0.0 1237.0 318.0 1480.0 5939.119161142561
0.0 1569.0 135.0 680.0 2678.296344624019
0.0 1843.0 3.0 26.0 63.58086699041833
0.0 1237.0 318.0 1480.0 5939.119161142561
0.0 1843.0 3.0 26.0 63.58086699041833
0.0 1237.0 318.0 1480.0 5939.119161142561
0.0 1237.0 318.0 1480.0 5939.119161142561
0.0 1843.0 3.0 26.0 63.58086699041833
0.0 1237.0 318.0 1480.0 5939.119161142561
0.0 1843.0 3.0 26.0 63.58086699041833
0.0 1575.0 128.0 723.0 2679.6226849725153
0.0 1237.0 318.0 1480.0 5939.119161142561
0.0 1843.0 3.0 26.0 63.58086699041833
0.0 1237.0 318.0 1480.0 5939.119161142561
0.0 1843.0 3.0 26.0 63.58086699041833
0.0 1509.0 166.0 863.0 3265.512414290125
0.0 1237.0 318.0 1480.0 5939.119161142561
0.0 1237.0 318.0 1480.0 5939.119161142561
0.0 1237.0 318.0 1480.0 5939.119161142561
0.0 1237.0 318.0 1480.0 5939.119161142561
0.0 1237.0 318.0 1480.0 5939.119161142561
0.0 1237.0 318.0 1480.0 5939.119161142561
0.0 1237.0 318.0 1480.0 5939.119161142561
0.0 1843.0 3.0 26.0 63.58086699041833
0.0 1843.0 3.0 26.0 63.58086699041833
0.0 1237.0 318.0 1480.0 5939.119161142561
0.0 1843.0 3.0 26.0 63.58086699041833
0.0 1843.0 3.0 26.0 63.58086699041833
0.0 1843.0 3.0 26.0 63.58086699041833
0.0 1237.0 318.0 1480.0 5939.119161142561
