0.0 1843.0 3.0 26.0 63.58086699041833
0.0 1507.0 177.0 737.0 3320.0071242621407
0.0 1843.0 3.0 26.0 63.58086699041833
0.0 1517.0 177.0 734.0 3226.782188441462
0.0 1843.0 3.0 26.0 63.58086699041833
0.0 1843.0 3.0 26.0 63.58086699041833
0.0 1843.0 3.0 26.0 63.58086699041833
0.0 1487.0 190.0 878.0 3530.4021725003076
0.0 1843.0 3.0 26.0 63.58086699041833
0.0 1843.0 3.0 26.0 63.58086699041833
0.0 1519.0 192.0 689.0 3178.201292693675
0.0 1567.0 138.0 724.0 2808.6661627282124
0.0 1491.0 185.0 848.0 3522.0766525657496
0.0 1561.0 138.0 750.0 2792.151169425337
0.0 1843.0 3.0 26.0 63.58086699041833
0.0 1843.0 3.0 26.0 63.58086699041833
0.0 1843.0 3.0 26.0 63.58086699041833
0.0 1555.0 142.0 745.0 2877.3932540825035
0.0 1843.0 3.0 26.0 63.58086699041833
0.0 1557.0 138.0 766.0 2851.1949142950657
0.0 1843.0 3.0 26.0 63.58086699041833
0.0 1843.0 3.0 26.0 63.58086699041833
0.0 1843.0 3.0 26.0 63.58086699041833
0.0 1507.0 177.0 737.0 3320.0071242621407
0.0 1549.0 143.0 799.0 2916.1835381377036
0.0 1559.0 158.0 624.0 2788.029110945312
0.0 1561.0 153.0 666.0 2789.888126207688
0.0 1843.0 3.0 26.0 63.58086699041833
0.0 1573.0 139.0 690.0 2708.2731798185796
0.0 1557.0 157.0 644.0 2821.461071775157
0.0 1491.0 179.0 892.0 3412.165891948847
0.0 1843.0 3.0 26.0 63.58086699041833
0.0 1561.0 155.0 664.0 2797.300223209812
0.0 1579.0 139.0 696.0 2623.257023942262
0.0 1559.0 158.0 624.0 2788.029110945312
0.0 1549.0 165.0 663.0 2860.6621673573095
0.0 1545.0 140.0 821.0 3007.1794881029978
0.0 1561.0 155.0 664.0 2797.300223209812
0.0 1523.0 155.0 850.0 3156.805060791086
0.0 1517.0 177.0 734.0 3226.782188441462
0.0 1521.0 177.0 734.0 3141.917351453188
0.0 1561.0 155.0 664.0 2797.300223209812
0.0 1519.0 192.0 689.0 3178.201292693675
0.0 1573.0 139.0 690.0 2708.2731798185796
0.0 1491.0 185.0 848.0 3522.0766525657496
0.0 1553.0 164.0 640.0 2805.9815008663677
0.0 1537.0 151.0 812.0 2987.048978410703
0.0 1549.0 173.0 628.0 2956.175998718135
0.0 1317.0 282.0 1305.0 5146.300577032831
0.0 1519.0 192.0 689.0 3178.201292693675
0.0 1565.0 147.0 668.0 2736.942719697742
0.0 1553.0 164.0 640.0 2805.9815008663677
0.0 1549.0 143.0 799.0 2916.1835381377036
0.0 1567.0 143.0 675.0 2729.9229874724497
0.0 1561.0 138.0 750.0 2792.151169425337
0.0 1491.0 179.0 892.0 3412.165891948847
0.0 1557.0 157.0 644.0 2821.461071775157
0.0 1515.0 182.0 742.0 3244.197900282852
0.0 1517.0 177.0 734.0 3226.782188441462
0.0 1501.0 182.0 828.0 3328.2753462409855
0.0 1507.0 177.0 737.0 3320.0071242621407
0.0 1567.0 138.0 724.0 2808.6661627282124
0.0 1515.0 182.0 742.0 3244.197900282852
0.0 1559.0 158.0 631.0 2764.9426755395066
0.0 1573.0 134.0 733.0 2641.8169815516135
0.0 1579.0 139.0 696.0 2623.257023942262
0.0 1557.0 163.0 600.0 2851.2556882558943
0.0 1563.0 148.0 687.0 2721.2600400714005
0.0 1503.0 182.0 810.0 3401.2710358491345
0.0 1541.0 164.0 685.0 2993.9939196735695
0.0 1545.0 160.0 685.0 2908.24195325659
0.0 1565.0 147.0 668.0 2736.942719697742
0.0 1549.0 143.0 799.0 2916.1835381377036
0.0 1549.0 143.0 799.0 2916.1835381377036
0.0 1491.0 189.0 855.0 3451.7732051844196
0.0 1557.0 157.0 644.0 2821.461071775157
0.0 1555.0 154.0 676.0 2796.7360156637537
0.0 1491.0 179.0 892.0 3412.165891948847
0.0 1583.0 141.0 640.0 2591.737782295255
0.0 1559.0 158.0 624.0 2788.029110945312
0.0 1501.0 182.0 828.0 3328.2753462409855
0.0 1565.0 141.0 739.0 2752.701697539181
0.0 1567.0 140.0 724.0 2759.3474496429935
0.0 1559.0 158.0 624.0 2788.029110945312
0.0 1573.0 139.0 690.0 2708.2731798185796
0.0 1567.0 142.0 686.0 2677.219302789162
0.0 1491.0 185.0 848.0 3522.0766525657496
0.0 1559.0 158.0 624.0 2788.029110945312
0.0 1559.0 158.0 624.0 2788.029110945312
0.0 1557.0 163.0 600.0 2851.2556882558943
0.0 1567.0 138.0 724.0 2808.6661627282124
0.0 1491.0 179.0 892.0 3412.165891948847
0.0 1565.0 147.0 668.0 2736.942719697742
0.0 1237.0 318.0 1480.0 5939.119161142561
0.0 1237.0 318.0 1480.0 5939.119161142561
0.0 1517.0 177.0 734.0 3226.782188441462
0.0 1237.0 318.0 1480.0 5939.119161142561
0.0 1237.0 318.0 1480.0 5939.119161142561
0.0 1237.0 318.0 1480.0 5939.119161142561
0.0 1237.0 318.0 1480.0 5939.119161142561
0.0 1237.0 318.0 1480.0 5939.119161142561
0.0 1585.0 145.0 622.0 2594.0650653447206
0.0 1237.0 318.0 1480.0 5939.119161142561
0.0 1237.0 318.0 1480.0 5939.119161142561
0.0 1237.0 318.0 1480.0 5939.119161142561
0.0 1237.0 318.0 1480.0 5939.119161142561
0.0 1579.0 139.0 696.0 2623.257023942262
0.0 1491.0 185.0 848.0 3522.0766525657496
0.0 1491.0 185.0 848.0 3522.0766525657496
0.0 1237.0 318.0 1480.0 5939.119161142561
0.0 1237.0 318.0 1480.0 5939.119161142561
0.0 1545.0 160.0 685.0 2908.24195325659
0.0 1237.0 318.0 1480.0 5939.119161142561
0.0 1237.0 318.0 1480.0 5939.119161142561
0.0 1237.0 318.0 1480.0 5939.119161142561
0.0 1553.0 164.0 640.0 2805.9815008663677
0.0 1237.0 318.0 1480.0 5939.119161142561
0.0 1237.0 318.0 1480.0 5939.119161142561
0.0 1237.0 318.0 1480.0 5939.119161142561
0.0 1491.0 179.0 892.0 3412.165891948847
0.0 1561.0 138.0 750.0 2792.151169425337
0.0 1237.0 318.0 1480.0 5939.119161142561
0.0 1491.0 179.0 892.0 3412.165891948847
0.0 1237.0 318.0 1480.0 5939.119161142561
0.0 1555.0 138.0 804.0 2833.044238968957
0.0 1573.0 139.0 690.0 2708.2731798185796
0.0 1237.0 318.0 1480.0 5939.119161142561
0.0 1237.0 318.0 1480.0 5939.119161142561
0.0 1561.0 155.0 664.0 2797.300223209812
0.0 1237.0 318.0 1480.0 5939.119161142561
0.0 1237.0 318.0 1480.0 5939.119161142561
0.0 1237.0 318.0 1480.0 5939.119161142561
0.0 1237.0 318.0 1480.0 5939.119161142561
0.0 1535.0 155.0 770.0 3016.9218348986915
0.0 1547.0 151.0 720.0 2960.7525993063327
0.0 1561.0 153.0 666.0 2789.888126207688
0.0 1549.0 143.0 799.0 2916.1835381377036
0.0 1519.0 192.0 689.0 3178.201292693675
0.0 1559.0 149.0 696.0 2818.6818031451908
0.0 1491.0 185.0 848.0 3522.0766525657496
0.0 1553.0 164.0 640.0 2805.9815008663677
0.0 1541.0 164.0 685.0 2993.9939196735695
0.0 1561.0 155.0 664.0 2797.300223209812
0.0 1535.0 167.0 706.0 3025.4550611808977
0.0 1579.0 139.0 696.0 2623.257023942262
0.0 1559.0 147.0 679.0 2830.960224694094
0.0 1549.0 143.0 799.0 2916.1835381377036
0.0 1501.0 182.0 828.0 3328.2753462409855
0.0 1557.0 163.0 661.0 2776.9698725757994
0.0 1535.0 155.0 770.0 3016.9218348986915
0.0 1559.0 158.0 624.0 2788.029110945312
0.0 1555.0 160.0 641.0 2841.426591464856
0.0 1507.0 177.0 737.0 3320.0071242621407
0.0 1507.0 167.0 861.0 3347.5530045718183
0.0 1559.0 158.0 624.0 2788.029110945312
0.0 1317.0 282.0 1305.0 5146.300577032831
0.0 1491.0 185.0 848.0 3522.0766525657496
0.0 1559.0 158.0 624.0 2788.029110945312
0.0 1515.0 176.0 769.0 3204.604995939336
0.0 1563.0 148.0 687.0 2721.2600400714005
0.0 1513.0 170.0 812.0 3252.893598263128
0.0 1563.0 150.0 655.0 2797.1299806256498
0.0 1521.0 177.0 734.0 3141.917351453188
0.0 1571.0 145.0 669.0 2693.8449078255276
0.0 1507.0 167.0 861.0 3347.5530045718183
0.0 1491.0 185.0 848.0 3522.0766525657496
0.0 1549.0 143.0 799.0 2916.1835381377036
0.0 1553.0 164.0 640.0 2805.9815008663677
0.0 1515.0 182.0 742.0 3244.197900282852
0.0 1567.0 140.0 724.0 2759.3474496429935
0.0 1557.0 157.0 644.0 2821.461071775157
0.0 1843.0 3.0 26.0 63.58086699041833
0.0 1843.0 3.0 26.0 63.58086699041833
0.0 1843.0 3.0 26.0 63.58086699041833
0.0 1547.0 151.0 720.0 2960.7525993063327
0.0 1557.0 138.0 766.0 2851.1949142950657
0.0 1843.0 3.0 26.0 63.58086699041833
0.0 1843.0 3.0 26.0 63.58086699041833
0.0 1843.0 3.0 26.0 63.58086699041833
0.0 1535.0 155.0 770.0 3016.9218348986915
0.0 1561.0 138.0 750.0 2792.151169425337
0.0 1843.0 3.0 26.0 63.58086699041833
0.0 1843.0 3.0 26.0 63.58086699041833
0.0 1843.0 3.0 26.0 63.58086699041833
0.0 1843.0 3.0 26.0 63.58086699041833
0.0 1507.0 178.0 791.0 3311.26294043589
0.0 1237.0 318.0 1480.0 5939.119161142561
0.0 1843.0 3.0 26.0 63.58086699041833
0.0 1843.0 3.0 26.0 63.58086699041833
0.0 1843.0 3.0 26.0 63.58086699041833
0.0 1843.0 3.0 26.0 63.58086699041833
0.0 1843.0 3.0 26.0 63.58086699041833
0.0 1237.0 318.0 1480.0 5939.119161142561
0.0 1843.0 3.0 26.0 63.58086699041833
0.0 1843.0 3.0 26.0 63.58086699041833
0.0 1237.0 318.0 1480.0 5939.119161142561
0.0 1565.0 139.0 744.0 2750.541724745464
0.0 1545.0 140.0 821.0 3007.1794881029978
0.0 1579.0 139.0 696.0 2623.257023942262
0.0 1559.0 158.0 624.0 2788.029110945312
0.0 1237.0 318.0 1480.0 5939.119161142561
0.0 1237.0 318.0 1480.0 5939.119161142561
0.0 1237.0 318.0 1480.0 5939.119161142561
0.0 1237.0 318.0 1480.0 5939.119161142561
0.0 1843.0 3.0 26.0 63.58086699041833
0.0 1237.0 318.0 1480.0 5939.119161142561
0.0 1843.0 3.0 26.0 63.58086699041833
0.0 1237.0 318.0 1480.0 5939.119161142561
0.0 1843.0 3.0 26.0 63.58086699041833
0.0 1843.0 3.0 26.0 63.58086699041833
0.0 1843.0 3.0 26.0 63.58086699041833
0.0 1843.0 3.0 26.0 63.58086699041833
0.0 1843.0 3.0 26.0 63.58086699041833
0.0 1237.0 318.0 1480.0 5939.119161142561
0.0 1843.0 3.0 26.0 63.58086699041833
0.0 1237.0 318.0 1480.0 5939.119161142561
0.0 1237.0 318.0 1480.0 5939.119161142561
0.0 1843.0 3.0 26.0 63.58086699041833
0.0 1843.0 3.0 26.0 63.58086699041833
0.0 1843.0 3.0 26.0 63.58086699041833
0.0 1843.0 3.0 26.0 63.58086699041833
0.0 1843.0 3.0 26.0 63.58086699041833
0.0 1843.0 3.0 26.0 63.58086699041833
0.0 1843.0 3.0 26.0 63.58086699041833
0.0 1843.0 3.0 26.0 63.58086699041833
0.0 1237.0 318.0 1480.0 5939.119161142561
0.0 1843.0 3.0 26.0 63.58086699041833
0.0 1491.0 179.0 892.0 3412.165891948847
0.0 1843.0 3.0 26.0 63.58086699041833
0.0 1557.0 156.0 671.0 2809.220837272588
0.0 1237.0 318.0 1480.0 5939.119161142561
0.0 1843.0 3.0 26.0 63.58086699041833
0.0 1843.0 3.0 26.0 63.58086699041833
0.0 1237.0 318.0 1480.0 5939.119161142561
0.0 1843.0 3.0 26.0 63.58086699041833
0.0 1237.0 318.0 1480.0 5939.119161142561
0.0 1237.0 318.0 1480.0 5939.119161142561
0.0 1237.0 318.0 1480.0 5939.119161142561
0.0 1843.0 3.0 26.0 63.58086699041833
0.0 1843.0 3.0 26.0 63.58086699041833
0.0 1513.0 170.0 812.0 3252.893598263128
0.0 1843.0 3.0 26.0 63.58086699041833
0.0 1843.0 3.0 26.0 63.58086699041833
0.0 1843.0 3.0 26.0 63.58086699041833
0.0 1843.0 3.0 26.0 63.58086699041833
0.0 1843.0 3.0 26.0 63.58086699041833
0.0 1237.0 318.0 1480.0 5939.119161142561
0.0 1237.0 318.0 1480.0 5939.119161142561
0.0 1237.0 318.0 1480.0 5939.119161142561
0.0 1237.0 318.0 1480.0 5939.119161142561
0.0 1237.0 318.0 1480.0 5939.119161142561
0.0 1237.0 318.0 1480.0 5939.119161142561
0.0 1237.0 318.0 1480.0 5939.119161142561
0.0 1237.0 318.0 1480.0 5939.119161142561
0.0 1573.0 139.0 690.0 2708.2731798185796
0.0 1237.0 318.0 1480.0 5939.119161142561
0.0 1237.0 318.0 1480.0 5939.119161142561
0.0 1237.0 318.0 1480.0 5939.119161142561
0.0 1237.0 318.0 1480.0 5939.119161142561
0.0 1237.0 318.0 1480.0 5939.119161142561
0.0 1237.0 318.0 1480.0 5939.119161142561
0.0 1843.0 3.0 26.0 63.58086699041833
0.0 1843.0 3.0 26.0 63.58086699041833
0.0 1557.0 163.0 661.0 2776.9698725757994
0.0 1237.0 318.0 1480.0 5939.119161142561
0.0 1237.0 318.0 1480.0 5939.119161142561
0.0 1843.0 3.0 26.0 63.58086699041833
0.0 1843.0 3.0 26.0 63.58086699041833
0.0 1843.0 3.0 26.0 63.58086699041833
0.0 1237.0 318.0 1480.0 5939.119161142561
0.0 1843.0 3.0 26.0 63.58086699041833
0.0 1237.0 318.0 1480.0 5939.119161142561
0.0 1237.0 318.0 1480.0 5939.119161142561
0.0 1237.0 318.0 1480.0 5939.119161142561
0.0 1843.0 3.0 26.0 63.58086699041833
0.0 1541.0 169.0 680.0 2968.258009880621
0.0 1843.0 3.0 26.0 63.58086699041833
0.0 1237.0 318.0 1480.0 5939.119161142561
0.0 1237.0 318.0 1480.0 5939.119161142561
0.0 1237.0 318.0 1480.0 5939.119161142561
0.0 1237.0 318.0 1480.0 5939.119161142561
0.0 1237.0 318.0 1480.0 5939.119161142561
0.0 1237.0 318.0 1480.0 5939.119161142561
0.0 1843.0 3.0 26.0 63.58086699041833
0.0 1561.0 155.0 664.0 2797.300223209812
0.0 1237.0 318.0 1480.0 5939.119161142561
0.0 1843.0 3.0 26.0 63.58086699041833
0.0 1843.0 3.0 26.0 63.58086699041833
0.0 1557.0 163.0 600.0 2851.2556882558943
0.0 1237.0 318.0 1480.0 5939.119161142561
0.0 1843.0 3.0 26.0 63.58086699041833
0.0 1843.0 3.0 26.0 63.58086699041833
0.0 1843.0 3.0 26.0 63.58086699041833
0.0 1237.0 318.0 1480.0 5939.119161142561
0.0 1843.0 3.0 26.0 63.58086699041833
0.0 1843.0 3.0 26.0 63.58086699041833
0.0 1843.0 3.0 26.0 63.58086699041833
