0.0 1571.0 152.0 585.0 2685.758278979994
0.0 1519.0 163.0 820.0 3186.722683384506
0.0 1509.0 174.0 848.0 3277.9847256091557
0.0 1575.0 138.0 667.0 2674.834892288267
0.0 1571.0 141.0 721.0 2637.1362847017904
0.0 1519.0 163.0 820.0 3186.722683384506
0.0 1563.0 151.0 652.0 2747.9452177663
0.0 1535.0 169.0 692.0 3039.566532749592
0.0 1591.0 137.0 596.0 2539.07508392016
0.0 1533.0 169.0 727.0 2960.9219525370354
0.0 1555.0 158.0 661.0 2839.6452706029518
0.0 1515.0 182.0 762.0 3254.901441157772
0.0 1547.0 148.0 757.0 2874.1836161233787
0.0 1527.0 178.0 705.0 3115.4615112769393
0.0 1511.0 173.0 831.0 3229.8548305465897
0.0 1547.0 148.0 757.0 2874.1836161233787
0.0 1545.0 146.0 783.0 2913.084962619095
0.0 1533.0 169.0 727.0 2960.9219525370354
0.0 1557.0 153.0 679.0 2833.6284784451473
0.0 1563.0 151.0 652.0 2747.9452177663
0.0 1551.0 159.0 672.0 2859.9316177054466
0.0 1509.0 171.0 907.0 3214.5710249374065
0.0 1509.0 171.0 907.0 3214.5710249374065
0.0 1535.0 169.0 692.0 3039.566532749592
0.0 1557.0 153.0 679.0 2833.6284784451473
0.0 1567.0 145.0 715.0 2711.3532626991605
0.0 1551.0 159.0 672.0 2859.9316177054466
0.0 1527.0 154.0 817.0 3138.693231165174
0.0 1581.0 132.0 705.0 2569.9577436644972
0.0 1571.0 141.0 721.0 2637.1362847017904
0.0 1571.0 144.0 718.0 2674.859575843118
0.0 1563.0 151.0 652.0 2747.9452177663
0.0 1537.0 173.0 685.0 3059.729992809397
0.0 1571.0 152.0 585.0 2685.758278979994
0.0 1519.0 163.0 820.0 3186.722683384506
0.0 1571.0 152.0 585.0 2685.758278979994
0.0 1551.0 162.0 667.0 2853.4373246612217
0.0 1581.0 132.0 705.0 2569.9577436644972
0.0 1547.0 160.0 683.0 2930.358657351764
0.0 1565.0 155.0 676.0 2719.1868877585953
0.0 1527.0 178.0 705.0 3115.4615112769393
0.0 1519.0 163.0 820.0 3186.722683384506
0.0 1557.0 153.0 679.0 2833.6284784451473
0.0 1573.0 134.0 723.0 2770.828987459561
0.0 1563.0 151.0 652.0 2747.9452177663
0.0 1563.0 149.0 668.0 2753.71315512962
0.0 1527.0 178.0 705.0 3115.4615112769393
0.0 1563.0 149.0 668.0 2753.71315512962
0.0 1553.0 141.0 822.0 2866.1415910543906
0.0 1591.0 137.0 596.0 2539.07508392016
0.0 1565.0 142.0 714.0 2772.9508584060395
0.0 1557.0 146.0 743.0 2799.192417172674
0.0 1527.0 154.0 817.0 3138.693231165174
0.0 1559.0 140.0 745.0 2859.74047842648
0.0 1553.0 141.0 822.0 2866.1415910543906
0.0 1565.0 155.0 676.0 2719.1868877585953
0.0 1565.0 148.0 656.0 2765.3955367276326
0.0 1591.0 137.0 596.0 2539.07508392016
0.0 1591.0 137.0 596.0 2539.07508392016
0.0 1511.0 186.0 787.0 3284.38590194305
0.0 1565.0 155.0 676.0 2719.1868877585953
0.0 1555.0 158.0 661.0 2839.6452706029518
0.0 1527.0 178.0 705.0 3115.4615112769393
0.0 1563.0 149.0 668.0 2753.71315512962
0.0 1237.0 318.0 1480.0 5939.119161142561
0.0 1237.0 318.0 1480.0 5939.119161142561
0.0 1527.0 154.0 817.0 3138.693231165174
0.0 1237.0 318.0 1480.0 5939.119161142561
0.0 1237.0 318.0 1480.0 5939.119161142561
0.0 1237.0 318.0 1480.0 5939.119161142561
0.0 1237.0 318.0 1480.0 5939.119161142561
0.0 1237.0 318.0 1480.0 5939.119161142561
0.0 1237.0 318.0 1480.0 5939.119161142561
0.0 1237.0 318.0 1480.0 5939.119161142561
0.0 1527.0 178.0 705.0 3115.4615112769393
0.0 1237.0 318.0 1480.0 5939.119161142561
0.0 1535.0 169.0 692.0 3039.566532749592
0.0 1237.0 318.0 1480.0 5939.119161142561
0.0 1509.0 171.0 907.0 3214.5710249374065
0.0 1237.0 318.0 1480.0 5939.119161142561
0.0 1565.0 155.0 676.0 2719.1868877585953
0.0 1237.0 318.0 1480.0 5939.119161142561
0.0 1237.0 318.0 1480.0 5939.119161142561
0.0 1237.0 318.0 1480.0 5939.119161142561
0.0 1237.0 318.0 1480.0 5939.119161142561
0.0 1237.0 318.0 1480.0 5939.119161142561
0.0 1237.0 318.0 1480.0 5939.119161142561
0.0 1237.0 318.0 1480.0 5939.119161142561
0.0 1507.0 180.0 862.0 3303.1798632871783
0.0 1559.0 156.0 665.0 2836.213674249533
0.0 1237.0 318.0 1480.0 5939.119161142561
0.0 1571.0 152.0 585.0 2685.758278979994
0.0 1499.0 181.0 859.0 3348.780367389431
0.0 1237.0 318.0 1480.0 5939.119161142561
0.0 1237.0 318.0 1480.0 5939.119161142561
0.0 1237.0 318.0 1480.0 5939.119161142561
0.0 1563.0 151.0 652.0 2747.9452177663
0.0 1237.0 318.0 1480.0 5939.119161142561
0.0 1237.0 318.0 1480.0 5939.119161142561
0.0 1237.0 318.0 1480.0 5939.119161142561
0.0 1237.0 318.0 1480.0 5939.119161142561
0.0 1571.0 152.0 585.0 2685.758278979994
0.0 1237.0 318.0 1480.0 5939.119161142561
0.0 1237.0 318.0 1480.0 5939.119161142561
0.0 1567.0 148.0 705.0 2726.2987884660324
0.0 1557.0 153.0 679.0 2833.6284784451473
0.0 1533.0 169.0 727.0 2960.9219525370354
0.0 1511.0 173.0 831.0 3229.8548305465897
0.0 1553.0 141.0 822.0 2866.1415910543906
0.0 1565.0 144.0 696.0 2744.7498540611796
0.0 1553.0 138.0 815.0 2951.1999404852972
0.0 1555.0 158.0 661.0 2839.6452706029518
0.0 1551.0 162.0 667.0 2853.4373246612217
0.0 1527.0 154.0 817.0 3138.693231165174
0.0 1543.0 158.0 681.0 2967.936124147779
0.0 1515.0 181.0 785.0 3193.6270821128096
0.0 1571.0 142.0 714.0 2719.852264266961
0.0 1525.0 180.0 705.0 3069.52157973677
0.0 1591.0 137.0 596.0 2539.07508392016
0.0 1503.0 178.0 822.0 3351.907728289779
0.0 1547.0 148.0 757.0 2874.1836161233787
0.0 1571.0 152.0 585.0 2685.758278979994
0.0 1567.0 148.0 705.0 2726.2987884660324
0.0 1513.0 169.0 841.0 3321.1892555747695
0.0 1537.0 173.0 685.0 3059.729992809397
0.0 1565.0 148.0 656.0 2765.3955367276326
0.0 1519.0 163.0 820.0 3186.722683384506
0.0 1557.0 146.0 743.0 2799.192417172674
0.0 1545.0 146.0 783.0 2913.084962619095
0.0 1549.0 163.0 657.0 2940.3545854781028
0.0 1543.0 147.0 799.0 2982.7499818988686
0.0 1571.0 141.0 721.0 2637.1362847017904
0.0 1521.0 156.0 914.0 3239.292825724168
0.0 1581.0 132.0 705.0 2569.9577436644972
0.0 1561.0 147.0 693.0 2836.6858051729187
0.0 1539.0 150.0 775.0 3038.397198343028
0.0 1559.0 148.0 703.0 2797.225538794367
0.0 1571.0 152.0 585.0 2685.758278979994
0.0 1571.0 141.0 721.0 2637.1362847017904
0.0 1563.0 149.0 668.0 2753.71315512962
0.0 1551.0 159.0 672.0 2859.9316177054466
0.0 1533.0 169.0 727.0 2960.9219525370354
0.0 1515.0 174.0 772.0 3246.3167268871625
0.0 1843.0 3.0 26.0 63.58086699041833
0.0 1843.0 3.0 26.0 63.58086699041833
0.0 1843.0 3.0 26.0 63.58086699041833
0.0 1843.0 3.0 26.0 63.58086699041833
0.0 1843.0 3.0 26.0 63.58086699041833
0.0 1537.0 173.0 685.0 3059.729992809397
0.0 1843.0 3.0 26.0 63.58086699041833
0.0 1843.0 3.0 26.0 63.58086699041833
0.0 1509.0 171.0 907.0 3214.5710249374065
0.0 1843.0 3.0 26.0 63.58086699041833
0.0 1843.0 3.0 26.0 63.58086699041833
0.0 1571.0 144.0 718.0 2674.859575843118
0.0 1843.0 3.0 26.0 63.58086699041833
0.0 1843.0 3.0 26.0 63.58086699041833
0.0 1843.0 3.0 26.0 63.58086699041833
0.0 1843.0 3.0 26.0 63.58086699041833
0.0 1565.0 144.0 696.0 2744.7498540611796
0.0 1843.0 3.0 26.0 63.58086699041833
0.0 1843.0 3.0 26.0 63.58086699041833
0.0 1843.0 3.0 26.0 63.58086699041833
0.0 1843.0 3.0 26.0 63.58086699041833
0.0 1843.0 3.0 26.0 63.58086699041833
0.0 1843.0 3.0 26.0 63.58086699041833
0.0 1555.0 158.0 661.0 2839.6452706029518
0.0 1843.0 3.0 26.0 63.58086699041833
0.0 1843.0 3.0 26.0 63.58086699041833
0.0 1843.0 3.0 26.0 63.58086699041833
0.0 1843.0 3.0 26.0 63.58086699041833
0.0 1843.0 3.0 26.0 63.58086699041833
0.0 1843.0 3.0 26.0 63.58086699041833
0.0 1843.0 3.0 26.0 63.58086699041833
0.0 1843.0 3.0 26.0 63.58086699041833
0.0 1843.0 3.0 26.0 63.58086699041833
0.0 1843.0 3.0 26.0 63.58086699041833
0.0 1237.0 318.0 1480.0 5939.119161142561
0.0 1843.0 3.0 26.0 63.58086699041833
0.0 1843.0 3.0 26.0 63.58086699041833
0.0 1237.0 318.0 1480.0 5939.119161142561
0.0 1237.0 318.0 1480.0 5939.119161142561
0.0 1843.0 3.0 26.0 63.58086699041833
0.0 1843.0 3.0 26.0 63.58086699041833
0.0 1559.0 140.0 745.0 2859.74047842648
0.0 1237.0 318.0 1480.0 5939.119161142561
0.0 1237.0 318.0 1480.0 5939.119161142561
0.0 1237.0 318.0 1480.0 5939.119161142561
0.0 1507.0 176.0 833.0 3350.2754936549436
0.0 1843.0 3.0 26.0 63.58086699041833
0.0 1563.0 151.0 652.0 2747.9452177663
0.0 1843.0 3.0 26.0 63.58086699041833
0.0 1237.0 318.0 1480.0 5939.119161142561
0.0 1237.0 318.0 1480.0 5939.119161142561
0.0 1843.0 3.0 26.0 63.58086699041833
0.0 1843.0 3.0 26.0 63.58086699041833
0.0 1237.0 318.0 1480.0 5939.119161142561
0.0 1237.0 318.0 1480.0 5939.119161142561
0.0 1237.0 318.0 1480.0 5939.119161142561
0.0 1843.0 3.0 26.0 63.58086699041833
0.0 1843.0 3.0 26.0 63.58086699041833
0.0 1237.0 318.0 1480.0 5939.119161142561
0.0 1575.0 138.0 667.0 2674.834892288267
0.0 1843.0 3.0 26.0 63.58086699041833
0.0 1237.0 318.0 1480.0 5939.119161142561
0.0 1843.0 3.0 26.0 63.58086699041833
0.0 1237.0 318.0 1480.0 5939.119161142561
0.0 1237.0 318.0 1480.0 5939.119161142561
0.0 1237.0 318.0 1480.0 5939.119161142561
0.0 1237.0 318.0 1480.0 5939.119161142561
0.0 1237.0 318.0 1480.0 5939.119161142561
0.0 1237.0 318.0 1480.0 5939.119161142561
0.0 1843.0 3.0 26.0 63.58086699041833
0.0 1237.0 318.0 1480.0 5939.119161142561
0.0 1565.0 155.0 676.0 2719.1868877585953
0.0 1505.0 178.0 826.0 3350.214190880355
0.0 1237.0 318.0 1480.0 5939.119161142561
0.0 1843.0 3.0 26.0 63.58086699041833
0.0 1237.0 318.0 1480.0 5939.119161142561
0.0 1237.0 318.0 1480.0 5939.119161142561
0.0 1237.0 318.0 1480.0 5939.119161142561
0.0 1843.0 3.0 26.0 63.58086699041833
0.0 1843.0 3.0 26.0 63.58086699041833
0.0 1843.0 3.0 26.0 63.58086699041833
0.0 1843.0 3.0 26.0 63.58086699041833
0.0 1843.0 3.0 26.0 63.58086699041833
0.0 1237.0 318.0 1480.0 5939.119161142561
0.0 1237.0 318.0 1480.0 5939.119161142561
0.0 1843.0 3.0 26.0 63.58086699041833
0.0 1843.0 3.0 26.0 63.58086699041833
0.0 1843.0 3.0 26.0 63.58086699041833
0.0 1843.0 3.0 26.0 63.58086699041833
0.0 1547.0 148.0 757.0 2874.1836161233787
0.0 1237.0 318.0 1480.0 5939.119161142561
0.0 1237.0 318.0 1480.0 5939.119161142561
0.0 1237.0 318.0 1480.0 5939.119161142561
0.0 1237.0 318.0 1480.0 5939.119161142561
0.0 1843.0 3.0 26.0 63.58086699041833
0.0 1843.0 3.0 26.0 63.58086699041833
0.0 1569.0 139.0 729.0 2687.252439861349
0.0 1843.0 3.0 26.0 63.58086699041833
0.0 1543.0 147.0 799.0 2982.7499818988686
0.0 1843.0 3.0 26.0 63.58086699041833
0.0 1843.0 3.0 26.0 63.58086699041833
0.0 1237.0 318.0 1480.0 5939.119161142561
0.0 1527.0 154.0 817.0 3138.693231165174
0.0 1843.0 3.0 26.0 63.58086699041833
0.0 1843.0 3.0 26.0 63.58086699041833
0.0 1843.0 3.0 26.0 63.58086699041833
0.0 1237.0 318.0 1480.0 5939.119161142561
0.0 1237.0 318.0 1480.0 5939.119161142561
0.0 1237.0 318.0 1480.0 5939.119161142561
0.0 1843.0 3.0 26.0 63.58086699041833
0.0 1843.0 3.0 26.0 63.58086699041833
0.0 1843.0 3.0 26.0 63.58086699041833
0.0 1237.0 318.0 1480.0 5939.119161142561
0.0 1237.0 318.0 1480.0 5939.119161142561
0.0 1237.0 318.0 1480.0 5939.119161142561
0.0 1843.0 3.0 26.0 63.58086699041833
0.0 1843.0 3.0 26.0 63.58086699041833
0.0 1591.0 137.0 596.0 2539.07508392016
0.0 1843.0 3.0 26.0 63.58086699041833
0.0 1843.0 3.0 26.0 63.58086699041833
0.0 1843.0 3.0 26.0 63.58086699041833
0.0 1237.0 318.0 1480.0 5939.119161142561
0.0 1237.0 318.0 1480.0 5939.119161142561
0.0 1843.0 3.0 26.0 63.58086699041833
0.0 1843.0 3.0 26.0 63.58086699041833
0.0 1237.0 318.0 1480.0 5939.119161142561
0.0 1237.0 318.0 1480.0 5939.119161142561
0.0 1843.0 3.0 26.0 63.58086699041833
0.0 1843.0 3.0 26.0 63.58086699041833
0.0 1237.0 318.0 1480.0 5939.119161142561
0.0 1561.0 147.0 693.0 2836.6858051729187
0.0 1843.0 3.0 26.0 63.58086699041833
0.0 1567.0 148.0 705.0 2726.2987884660324
0.0 1843.0 3.0 26.0 63.58086699041833
0.0 1843.0 3.0 26.0 63.58086699041833
0.0 1843.0 3.0 26.0 63.58086699041833
0.0 1843.0 3.0 26.0 63.58086699041833
0.0 1237.0 318.0 1480.0 5939.119161142561
0.0 1843.0 3.0 26.0 63.58086699041833
0.0 1843.0 3.0 26.0 63.58086699041833
0.0 1237.0 318.0 1480.0 5939.119161142561
0.0 1521.0 164.0 803.0 3163.914329198862
0.0 1237.0 318.0 1480.0 5939.119161142561
0.0 1237.0 318.0 1480.0 5939.119161142561
0.0 1843.0 3.0 26.0 63.58086699041833
0.0 1237.0 318.0 1480.0 5939.119161142561
0.0 1237.0 318.0 1480.0 5939.119161142561
0.0 1527.0 178.0 705.0 3115.4615112769393
0.0 1237.0 318.0 1480.0 5939.119161142561
