0.0 1237.0 318.0 1480.0 5939.119161142561
0.0 1523.0 170.0 764.0 3131.6627118468746
0.0 1237.0 318.0 1480.0 5939.119161142561
0.0 1237.0 318.0 1480.0 5939.119161142561
0.0 1521.0 177.0 737.0 3223.9235954539563
0.0 1529.0 178.0 679.0 3073.9873289466877
0.0 1237.0 318.0 1480.0 5939.119161142561
0.0 1569.0 157.0 640.0 2700.6433049256257
0.0 1237.0 318.0 1480.0 5939.119161142561
0.0 1237.0 318.0 1480.0 5939.119161142561
0.0 1567.0 149.0 713.0 2671.0218913770136
0.0 1569.0 157.0 640.0 2700.6433049256257
0.0 1573.0 142.0 655.0 2652.403686268127
0.0 1237.0 318.0 1480.0 5939.119161142561
0.0 1551.0 163.0 637.0 2877.260643325798
0.0 1503.0 179.0 839.0 3314.710074426856
0.0 1237.0 318.0 1480.0 5939.119161142561
0.0 1237.0 318.0 1480.0 5939.119161142561
0.0 1237.0 318.0 1480.0 5939.119161142561
0.0 1567.0 131.0 767.0 2736.571943311619
0.0 1237.0 318.0 1480.0 5939.119161142561
0.0 1237.0 318.0 1480.0 5939.119161142561
0.0 1237.0 318.0 1480.0 5939.119161142561
0.0 1509.0 179.0 806.0 3328.5349060293147
0.0 1237.0 318.0 1480.0 5939.119161142561
0.0 1501.0 172.0 850.0 3410.6570130651935
0.0 1567.0 153.0 632.0 2778.6989401845253
0.0 1577.0 148.0 642.0 2654.7861905834625
0.0 1237.0 318.0 1480.0 5939.119161142561
0.0 1237.0 318.0 1480.0 5939.119161142561
0.0 1237.0 318.0 1480.0 5939.119161142561
0.0 1555.0 164.0 657.0 2795.1934435381654
0.0 1237.0 318.0 1480.0 5939.119161142561
0.0 1531.0 148.0 850.0 3097.200705185564
0.0 1237.0 318.0 1480.0 5939.119161142561
0.0 1237.0 318.0 1480.0 5939.119161142561
0.0 1237.0 318.0 1480.0 5939.119161142561
0.0 1237.0 318.0 1480.0 5939.119161142561
0.0 1237.0 318.0 1480.0 5939.119161142561
0.0 1237.0 318.0 1480.0 5939.119161142561
0.0 1573.0 142.0 655.0 2652.403686268127
0.0 1237.0 318.0 1480.0 5939.119161142561
0.0 1531.0 164.0 727.0 3095.689628784302
0.0 1575.0 150.0 645.0 2656.92717083255
0.0 1237.0 318.0 1480.0 5939.119161142561
0.0 1561.0 151.0 694.0 2740.803043559797
0.0 1547.0 162.0 667.0 2917.8962758239027
0.0 1259.0 307.0 1417.0 5721.231004014648
0.0 1237.0 318.0 1480.0 5939.119161142561
0.0 1567.0 131.0 767.0 2736.571943311619
0.0 1565.0 147.0 678.0 2756.825997144939
0.0 1523.0 175.0 738.0 3166.249605411872
0.0 1237.0 318.0 1480.0 5939.119161142561
0.0 1567.0 131.0 767.0 2736.571943311619
0.0 1545.0 165.0 663.0 2920.319089720277
0.0 1237.0 318.0 1480.0 5939.119161142561
0.0 1237.0 318.0 1480.0 5939.119161142561
0.0 1555.0 164.0 657.0 2795.1934435381654
0.0 1547.0 162.0 667.0 2917.8962758239027
0.0 1237.0 318.0 1480.0 5939.119161142561
0.0 1237.0 318.0 1480.0 5939.119161142561
0.0 1237.0 318.0 1480.0 5939.119161142561
0.0 1573.0 148.0 635.0 2689.2352886288963
0.0 1553.0 154.0 666.0 2828.8071192961224
0.0 1237.0 318.0 1480.0 5939.119161142561
0.0 1237.0 318.0 1480.0 5939.119161142561
0.0 1237.0 318.0 1480.0 5939.119161142561
0.0 1531.0 148.0 850.0 3097.200705185564
0.0 1237.0 318.0 1480.0 5939.119161142561
0.0 1237.0 318.0 1480.0 5939.119161142561
0.0 1237.0 318.0 1480.0 5939.119161142561
0.0 1237.0 318.0 1480.0 5939.119161142561
0.0 1547.0 162.0 667.0 2917.8962758239027
0.0 1501.0 172.0 850.0 3410.6570130651935
0.0 1237.0 318.0 1480.0 5939.119161142561
0.0 1561.0 151.0 694.0 2740.803043559797
0.0 1237.0 318.0 1480.0 5939.119161142561
0.0 1237.0 318.0 1480.0 5939.119161142561
0.0 1237.0 318.0 1480.0 5939.119161142561
0.0 1237.0 318.0 1480.0 5939.119161142561
0.0 1237.0 318.0 1480.0 5939.119161142561
0.0 1553.0 154.0 666.0 2828.8071192961224
0.0 1587.0 139.0 633.0 2556.071359689568
0.0 1563.0 145.0 719.0 2780.305919597594
0.0 1237.0 318.0 1480.0 5939.119161142561
0.0 1237.0 318.0 1480.0 5939.119161142561
0.0 1561.0 150.0 680.0 2759.16803585859
0.0 1237.0 318.0 1480.0 5939.119161142561
0.0 1237.0 318.0 1480.0 5939.119161142561
0.0 1531.0 148.0 850.0 3097.200705185564
0.0 1507.0 165.0 939.0 3300.2654743714147
0.0 1561.0 151.0 694.0 2740.803043559797
0.0 1545.0 165.0 663.0 2920.319089720277
0.0 1237.0 318.0 1480.0 5939.119161142561
0.0 1497.0 166.0 915.0 3432.9436383604275
0.0 1555.0 164.0 657.0 2795.1934435381654
0.0 1237.0 318.0 1480.0 5939.119161142561
0.0 1567.0 131.0 767.0 2736.571943311619
0.0 1237.0 318.0 1480.0 5939.119161142561
0.0 1547.0 140.0 814.0 2926.8122843041033
0.0 1237.0 318.0 1480.0 5939.119161142561
0.0 1237.0 318.0 1480.0 5939.119161142561
0.0 1561.0 152.0 645.0 2805.314222231413
0.0 1237.0 318.0 1480.0 5939.119161142561
0.0 1237.0 318.0 1480.0 5939.119161142561
0.0 1237.0 318.0 1480.0 5939.119161142561
0.0 1501.0 172.0 850.0 3410.6570130651935
0.0 1237.0 318.0 1480.0 5939.119161142561
0.0 1237.0 318.0 1480.0 5939.119161142561
0.0 1237.0 318.0 1480.0 5939.119161142561
0.0 1569.0 157.0 640.0 2700.6433049256257
0.0 1563.0 150.0 647.0 2785.821931086149
0.0 1555.0 164.0 657.0 2795.1934435381654
0.0 1563.0 149.0 686.0 2749.3140216711795
0.0 1549.0 155.0 678.0 2934.64439895786
0.0 1527.0 174.0 716.0 3172.8330518931725
0.0 1237.0 318.0 1480.0 5939.119161142561
0.0 1507.0 165.0 939.0 3300.2654743714147
0.0 1553.0 154.0 666.0 2828.8071192961224
0.0 1519.0 172.0 776.0 3191.9184443915
0.0 1843.0 3.0 26.0 63.58086699041833
0.0 1487.0 184.0 901.0 3543.853959971877
0.0 1497.0 166.0 915.0 3432.9436383604275
0.0 1843.0 3.0 26.0 63.58086699041833
0.0 1843.0 3.0 26.0 63.58086699041833
0.0 1567.0 149.0 713.0 2671.0218913770136
0.0 1587.0 139.0 633.0 2556.071359689568
0.0 1573.0 148.0 635.0 2689.2352886288963
0.0 1843.0 3.0 26.0 63.58086699041833
0.0 1843.0 3.0 26.0 63.58086699041833
0.0 1567.0 131.0 767.0 2736.571943311619
0.0 1843.0 3.0 26.0 63.58086699041833
0.0 1843.0 3.0 26.0 63.58086699041833
0.0 1843.0 3.0 26.0 63.58086699041833
0.0 1515.0 187.0 734.0 3210.025036080692
0.0 1505.0 188.0 771.0 3309.025929741052
0.0 1843.0 3.0 26.0 63.58086699041833
0.0 1501.0 172.0 850.0 3410.6570130651935
0.0 1531.0 148.0 850.0 3097.200705185564
0.0 1843.0 3.0 26.0 63.58086699041833
0.0 1843.0 3.0 26.0 63.58086699041833
0.0 1509.0 179.0 806.0 3328.5349060293147
0.0 1561.0 152.0 645.0 2805.314222231413
0.0 1573.0 142.0 655.0 2652.403686268127
0.0 1567.0 138.0 718.0 2797.222347614053
0.0 1561.0 151.0 694.0 2740.803043559797
0.0 1577.0 148.0 642.0 2654.7861905834625
0.0 1545.0 165.0 663.0 2920.319089720277
0.0 1843.0 3.0 26.0 63.58086699041833
0.0 1843.0 3.0 26.0 63.58086699041833
0.0 1567.0 153.0 632.0 2778.6989401845253
0.0 1843.0 3.0 26.0 63.58086699041833
0.0 1843.0 3.0 26.0 63.58086699041833
0.0 1547.0 162.0 667.0 2917.8962758239027
0.0 1843.0 3.0 26.0 63.58086699041833
0.0 1843.0 3.0 26.0 63.58086699041833
0.0 1843.0 3.0 26.0 63.58086699041833
0.0 1523.0 170.0 764.0 3131.6627118468746
0.0 1843.0 3.0 26.0 63.58086699041833
0.0 1843.0 3.0 26.0 63.58086699041833
0.0 1843.0 3.0 26.0 63.58086699041833
0.0 1843.0 3.0 26.0 63.58086699041833
0.0 1843.0 3.0 26.0 63.58086699041833
0.0 1843.0 3.0 26.0 63.58086699041833
0.0 1487.0 184.0 901.0 3543.853959971877
0.0 1563.0 150.0 647.0 2785.821931086149
0.0 1843.0 3.0 26.0 63.58086699041833
0.0 1843.0 3.0 26.0 63.58086699041833
0.0 1843.0 3.0 26.0 63.58086699041833
0.0 1843.0 3.0 26.0 63.58086699041833
0.0 1843.0 3.0 26.0 63.58086699041833
0.0 1501.0 172.0 850.0 3410.6570130651935
0.0 1843.0 3.0 26.0 63.58086699041833
0.0 1553.0 154.0 666.0 2828.8071192961224
0.0 1843.0 3.0 26.0 63.58086699041833
0.0 1843.0 3.0 26.0 63.58086699041833
0.0 1843.0 3.0 26.0 63.58086699041833
0.0 1843.0 3.0 26.0 63.58086699041833
0.0 1555.0 164.0 657.0 2795.1934435381654
0.0 1843.0 3.0 26.0 63.58086699041833
0.0 1563.0 145.0 719.0 2780.305919597594
0.0 1843.0 3.0 26.0 63.58086699041833
0.0 1843.0 3.0 26.0 63.58086699041833
0.0 1843.0 3.0 26.0 63.58086699041833
0.0 1497.0 166.0 915.0 3432.9436383604275
0.0 1843.0 3.0 26.0 63.58086699041833
0.0 1843.0 3.0 26.0 63.58086699041833
0.0 1843.0 3.0 26.0 63.58086699041833
0.0 1569.0 157.0 640.0 2700.6433049256257
0.0 1507.0 165.0 939.0 3300.2654743714147
0.0 1843.0 3.0 26.0 63.58086699041833
0.0 1549.0 158.0 642.0 2935.6609593199128
0.0 1555.0 164.0 657.0 2795.1934435381654
0.0 1567.0 149.0 713.0 2671.0218913770136
0.0 1501.0 172.0 850.0 3410.6570130651935
0.0 1843.0 3.0 26.0 63.58086699041833
0.0 1843.0 3.0 26.0 63.58086699041833
0.0 1843.0 3.0 26.0 63.58086699041833
0.0 1843.0 3.0 26.0 63.58086699041833
0.0 1843.0 3.0 26.0 63.58086699041833
0.0 1843.0 3.0 26.0 63.58086699041833
0.0 1569.0 148.0 679.0 2694.046140501376
0.0 1843.0 3.0 26.0 63.58086699041833
0.0 1843.0 3.0 26.0 63.58086699041833
0.0 1843.0 3.0 26.0 63.58086699041833
0.0 1843.0 3.0 26.0 63.58086699041833
0.0 1843.0 3.0 26.0 63.58086699041833
0.0 1843.0 3.0 26.0 63.58086699041833
0.0 1567.0 149.0 713.0 2671.0218913770136
0.0 1567.0 131.0 767.0 2736.571943311619
0.0 1531.0 148.0 850.0 3097.200705185564
0.0 1843.0 3.0 26.0 63.58086699041833
0.0 1843.0 3.0 26.0 63.58086699041833
0.0 1843.0 3.0 26.0 63.58086699041833
0.0 1521.0 177.0 737.0 3223.9235954539563
0.0 1553.0 154.0 666.0 2828.8071192961224
0.0 1843.0 3.0 26.0 63.58086699041833
0.0 1563.0 150.0 647.0 2785.821931086149
0.0 1843.0 3.0 26.0 63.58086699041833
0.0 1843.0 3.0 26.0 63.58086699041833
0.0 1843.0 3.0 26.0 63.58086699041833
0.0 1513.0 180.0 772.0 3268.600695334186
0.0 1843.0 3.0 26.0 63.58086699041833
0.0 1843.0 3.0 26.0 63.58086699041833
0.0 1565.0 141.0 742.0 2775.4343734531208
0.0 1567.0 131.0 767.0 2736.571943311619
0.0 1843.0 3.0 26.0 63.58086699041833
0.0 1565.0 147.0 678.0 2756.825997144939
0.0 1843.0 3.0 26.0 63.58086699041833
0.0 1505.0 176.0 876.0 3321.3445154864094
0.0 1843.0 3.0 26.0 63.58086699041833
0.0 1587.0 139.0 633.0 2556.071359689568
0.0 1843.0 3.0 26.0 63.58086699041833
0.0 1553.0 154.0 666.0 2828.8071192961224
0.0 1843.0 3.0 26.0 63.58086699041833
0.0 1561.0 151.0 694.0 2740.803043559797
0.0 1843.0 3.0 26.0 63.58086699041833
0.0 1531.0 148.0 850.0 3097.200705185564
0.0 1567.0 131.0 767.0 2736.571943311619
0.0 1547.0 140.0 814.0 2926.8122843041033
0.0 1555.0 164.0 657.0 2795.1934435381654
0.0 1577.0 148.0 642.0 2654.7861905834625
0.0 1555.0 146.0 748.0 2808.9668747438523
0.0 1529.0 164.0 747.0 3039.041475805199
0.0 1565.0 141.0 742.0 2775.4343734531208
0.0 1567.0 149.0 713.0 2671.0218913770136
0.0 1501.0 172.0 850.0 3410.6570130651935
0.0 1543.0 168.0 657.0 2949.849741279204
0.0 1587.0 139.0 633.0 2556.071359689568
0.0 1531.0 148.0 850.0 3097.200705185564
0.0 1553.0 154.0 666.0 2828.8071192961224
0.0 1563.0 150.0 647.0 2785.821931086149
0.0 1507.0 165.0 939.0 3300.2654743714147
0.0 1573.0 148.0 635.0 2689.2352886288963
0.0 1535.0 160.0 726.0 3087.1587976277806
0.0 1567.0 131.0 767.0 2736.571943311619
0.0 1567.0 153.0 632.0 2778.6989401845253
0.0 1523.0 180.0 687.0 3209.647465028632
0.0 1551.0 163.0 637.0 2877.260643325798
0.0 1573.0 142.0 655.0 2652.403686268127
0.0 1547.0 162.0 667.0 2917.8962758239027
0.0 1505.0 176.0 876.0 3321.3445154864094
0.0 1561.0 151.0 694.0 2740.803043559797
0.0 1843.0 3.0 26.0 63.58086699041833
0.0 1843.0 3.0 26.0 63.58086699041833
0.0 1843.0 3.0 26.0 63.58086699041833
0.0 1843.0 3.0 26.0 63.58086699041833
0.0 1843.0 3.0 26.0 63.58086699041833
0.0 1843.0 3.0 26.0 63.58086699041833
0.0 1843.0 3.0 26.0 63.58086699041833
0.0 1843.0 3.0 26.0 63.58086699041833
0.0 1843.0 3.0 26.0 63.58086699041833
0.0 1583.0 127.0 684.0 2608.2420847687745
0.0 1577.0 148.0 642.0 2654.7861905834625
0.0 1237.0 318.0 1480.0 5939.119161142561
0.0 1237.0 318.0 1480.0 5939.119161142561
0.0 1237.0 318.0 1480.0 5939.119161142561
0.0 1237.0 318.0 1480.0 5939.119161142561
0.0 1509.0 179.0 806.0 3328.5349060293147
0.0 1237.0 318.0 1480.0 5939.119161142561
0.0 1237.0 318.0 1480.0 5939.119161142561
0.0 1497.0 166.0 915.0 3432.9436383604275
0.0 1237.0 318.0 1480.0 5939.119161142561
0.0 1527.0 174.0 716.0 3172.8330518931725
0.0 1237.0 318.0 1480.0 5939.119161142561
0.0 1237.0 318.0 1480.0 5939.119161142561
0.0 1237.0 318.0 1480.0 5939.119161142561
0.0 1237.0 318.0 1480.0 5939.119161142561
0.0 1237.0 318.0 1480.0 5939.119161142561
0.0 1237.0 318.0 1480.0 5939.119161142561
