0.0 1557.0 132.0 825.0 2849.5137620047763
0.0 1567.0 145.0 670.0 2753.9968777347667
0.0 1527.0 153.0 819.0 3118.613348421989
0.0 1505.0 175.0 839.0 3301.0477456212843
0.0 1563.0 142.0 679.0 2787.362765763876
0.0 1517.0 184.0 706.0 3247.6682701044115
0.0 1549.0 145.0 758.0 2913.893504203855
0.0 1559.0 142.0 765.0 2799.5660739485857
0.0 1559.0 142.0 765.0 2799.5660739485857
0.0 1521.0 182.0 720.0 3163.788805416799
0.0 1593.0 132.0 585.0 2473.6452794385623
0.0 1593.0 132.0 585.0 2473.6452794385623
0.0 1541.0 173.0 670.0 3003.1561372282986
0.0 1563.0 148.0 677.0 2819.0831664125512
0.0 1547.0 162.0 668.0 2915.9896840777874
0.0 1843.0 3.0 26.0 63.58086699041833
0.0 1843.0 3.0 26.0 63.58086699041833
0.0 1541.0 173.0 670.0 3003.1561372282986
0.0 1271.0 302.0 1357.0 5637.024666906504
0.0 1843.0 3.0 26.0 63.58086699041833
0.0 1843.0 3.0 26.0 63.58086699041833
0.0 1557.0 132.0 825.0 2849.5137620047763
0.0 1843.0 3.0 26.0 63.58086699041833
0.0 1541.0 173.0 670.0 3003.1561372282986
0.0 1547.0 162.0 668.0 2915.9896840777874
0.0 1843.0 3.0 26.0 63.58086699041833
0.0 1517.0 184.0 706.0 3247.6682701044115
0.0 1843.0 3.0 26.0 63.58086699041833
0.0 1843.0 3.0 26.0 63.58086699041833
0.0 1843.0 3.0 26.0 63.58086699041833
0.0 1271.0 302.0 1357.0 5637.024666906504
0.0 1493.0 189.0 824.0 3462.0688776643956
0.0 1509.0 191.0 711.0 3276.138800044902
0.0 1509.0 191.0 711.0 3276.138800044902
0.0 1521.0 169.0 768.0 3120.033471196938
0.0 1575.0 144.0 640.0 2627.573844555409
0.0 1843.0 3.0 26.0 63.58086699041833
0.0 1843.0 3.0 26.0 63.58086699041833
0.0 1513.0 191.0 745.0 3206.9125969423894
0.0 1517.0 184.0 706.0 3247.6682701044115
0.0 1843.0 3.0 26.0 63.58086699041833
0.0 1843.0 3.0 26.0 63.58086699041833
0.0 1843.0 3.0 26.0 63.58086699041833
0.0 1593.0 132.0 585.0 2473.6452794385623
0.0 1843.0 3.0 26.0 63.58086699041833
0.0 1559.0 142.0 765.0 2799.5660739485857
0.0 1843.0 3.0 26.0 63.58086699041833
0.0 1843.0 3.0 26.0 63.58086699041833
0.0 1555.0 147.0 727.0 2867.131600688653
0.0 1555.0 147.0 727.0 2867.131600688653
0.0 1513.0 191.0 745.0 3206.9125969423894
0.0 1843.0 3.0 26.0 63.58086699041833
0.0 1551.0 160.0 677.0 2899.7258727995804
0.0 1557.0 156.0 666.0 2821.950204119143
0.0 1575.0 144.0 640.0 2627.573844555409
0.0 1541.0 173.0 670.0 3003.1561372282986
0.0 1557.0 156.0 669.0 2792.6835175454717
0.0 1573.0 139.0 684.0 2647.442315229298
0.0 1843.0 3.0 26.0 63.58086699041833
0.0 1525.0 165.0 747.0 3161.728028406549
0.0 1843.0 3.0 26.0 63.58086699041833
0.0 1513.0 191.0 745.0 3206.9125969423894
0.0 1571.0 140.0 645.0 2643.2614859472965
0.0 1843.0 3.0 26.0 63.58086699041833
0.0 1843.0 3.0 26.0 63.58086699041833
0.0 1843.0 3.0 26.0 63.58086699041833
0.0 1503.0 193.0 760.0 3372.1480390216684
0.0 1843.0 3.0 26.0 63.58086699041833
0.0 1843.0 3.0 26.0 63.58086699041833
0.0 1843.0 3.0 26.0 63.58086699041833
0.0 1499.0 177.0 865.0 3389.1560828329298
0.0 1843.0 3.0 26.0 63.58086699041833
0.0 1843.0 3.0 26.0 63.58086699041833
0.0 1525.0 165.0 747.0 3161.728028406549
0.0 1581.0 137.0 676.0 2580.535990363147
0.0 1569.0 152.0 637.0 2737.727527816745
0.0 1555.0 147.0 727.0 2867.131600688653
0.0 1843.0 3.0 26.0 63.58086699041833
0.0 1547.0 143.0 791.0 2943.317324832133
0.0 1843.0 3.0 26.0 63.58086699041833
0.0 1843.0 3.0 26.0 63.58086699041833
0.0 1843.0 3.0 26.0 63.58086699041833
0.0 1843.0 3.0 26.0 63.58086699041833
0.0 1563.0 146.0 706.0 2779.575565959516
0.0 1843.0 3.0 26.0 63.58086699041833
0.0 1571.0 140.0 645.0 2643.2614859472965
0.0 1843.0 3.0 26.0 63.58086699041833
0.0 1843.0 3.0 26.0 63.58086699041833
0.0 1843.0 3.0 26.0 63.58086699041833
0.0 1843.0 3.0 26.0 63.58086699041833
0.0 1557.0 152.0 673.0 2819.804876181654
0.0 1565.0 153.0 670.0 2744.6667663939475
0.0 1547.0 155.0 705.0 2924.5021458858287
0.0 1525.0 165.0 747.0 3161.728028406549
0.0 1537.0 167.0 684.0 3014.404712405774
0.0 1541.0 173.0 670.0 3003.1561372282986
0.0 1555.0 159.0 650.0 2898.0185434141067
0.0 1843.0 3.0 26.0 63.58086699041833
0.0 1843.0 3.0 26.0 63.58086699041833
0.0 1843.0 3.0 26.0 63.58086699041833
0.0 1843.0 3.0 26.0 63.58086699041833
0.0 1843.0 3.0 26.0 63.58086699041833
0.0 1547.0 162.0 668.0 2915.9896840777874
0.0 1531.0 156.0 803.0 2986.033927380607
0.0 1509.0 180.0 761.0 3312.644216278683
0.0 1843.0 3.0 26.0 63.58086699041833
0.0 1547.0 155.0 705.0 2924.5021458858287
0.0 1527.0 153.0 819.0 3118.613348421989
0.0 1593.0 132.0 585.0 2473.6452794385623
0.0 1499.0 177.0 865.0 3389.1560828329298
0.0 1557.0 152.0 673.0 2819.804876181654
0.0 1503.0 188.0 803.0 3313.7082583272236
0.0 1521.0 182.0 720.0 3163.788805416799
0.0 1549.0 145.0 758.0 2913.893504203855
0.0 1525.0 165.0 747.0 3161.728028406549
0.0 1561.0 156.0 643.0 2770.2991187788334
0.0 1557.0 132.0 825.0 2849.5137620047763
0.0 1559.0 142.0 765.0 2799.5660739485857
0.0 1557.0 152.0 673.0 2819.804876181654
0.0 1559.0 142.0 765.0 2799.5660739485857
0.0 1499.0 177.0 865.0 3389.1560828329298
0.0 1557.0 152.0 673.0 2819.804876181654
0.0 1513.0 191.0 745.0 3206.9125969423894
0.0 1525.0 165.0 747.0 3161.728028406549
0.0 1565.0 149.0 673.0 2690.843870245973
0.0 1575.0 144.0 640.0 2627.573844555409
0.0 1843.0 3.0 26.0 63.58086699041833
0.0 1271.0 302.0 1357.0 5637.024666906504
0.0 1521.0 161.0 834.0 3146.7631147578363
0.0 1843.0 3.0 26.0 63.58086699041833
0.0 1563.0 148.0 677.0 2819.0831664125512
0.0 1843.0 3.0 26.0 63.58086699041833
0.0 1843.0 3.0 26.0 63.58086699041833
0.0 1537.0 167.0 684.0 3014.404712405774
0.0 1493.0 189.0 824.0 3462.0688776643956
0.0 1521.0 169.0 768.0 3120.033471196938
0.0 1563.0 142.0 679.0 2787.362765763876
0.0 1547.0 155.0 705.0 2924.5021458858287
0.0 1531.0 156.0 803.0 2986.033927380607
0.0 1541.0 173.0 670.0 3003.1561372282986
0.0 1533.0 161.0 728.0 3099.8615593916365
0.0 1513.0 193.0 743.0 3231.390320256857
0.0 1517.0 184.0 706.0 3247.6682701044115
0.0 1521.0 161.0 834.0 3146.7631147578363
0.0 1571.0 140.0 645.0 2643.2614859472965
0.0 1521.0 159.0 844.0 3193.41337186374
0.0 1523.0 175.0 715.0 3118.694696483181
0.0 1559.0 142.0 765.0 2799.5660739485857
0.0 1581.0 137.0 676.0 2580.535990363147
0.0 1567.0 145.0 670.0 2753.9968777347667
0.0 1557.0 132.0 825.0 2849.5137620047763
0.0 1515.0 165.0 840.0 3265.094978303172
0.0 1237.0 318.0 1480.0 5939.119161142561
0.0 1557.0 156.0 666.0 2821.950204119143
0.0 1521.0 161.0 834.0 3146.7631147578363
0.0 1237.0 318.0 1480.0 5939.119161142561
0.0 1509.0 189.0 767.0 3278.675404765458
0.0 1563.0 148.0 677.0 2819.0831664125512
0.0 1555.0 147.0 727.0 2867.131600688653
0.0 1237.0 318.0 1480.0 5939.119161142561
0.0 1237.0 318.0 1480.0 5939.119161142561
0.0 1571.0 140.0 645.0 2643.2614859472965
0.0 1557.0 152.0 673.0 2819.804876181654
0.0 1237.0 318.0 1480.0 5939.119161142561
0.0 1237.0 318.0 1480.0 5939.119161142561
0.0 1237.0 318.0 1480.0 5939.119161142561
0.0 1237.0 318.0 1480.0 5939.119161142561
0.0 1555.0 159.0 650.0 2898.0185434141067
0.0 1237.0 318.0 1480.0 5939.119161142561
0.0 1237.0 318.0 1480.0 5939.119161142561
0.0 1237.0 318.0 1480.0 5939.119161142561
0.0 1237.0 318.0 1480.0 5939.119161142561
0.0 1237.0 318.0 1480.0 5939.119161142561
0.0 1237.0 318.0 1480.0 5939.119161142561
0.0 1499.0 177.0 865.0 3389.1560828329298
0.0 1237.0 318.0 1480.0 5939.119161142561
0.0 1237.0 318.0 1480.0 5939.119161142561
0.0 1547.0 162.0 668.0 2915.9896840777874
0.0 1237.0 318.0 1480.0 5939.119161142561
0.0 1545.0 146.0 809.0 2924.0318025160645
0.0 1237.0 318.0 1480.0 5939.119161142561
0.0 1237.0 318.0 1480.0 5939.119161142561
0.0 1237.0 318.0 1480.0 5939.119161142561
0.0 1843.0 3.0 26.0 63.58086699041833
0.0 1843.0 3.0 26.0 63.58086699041833
0.0 1237.0 318.0 1480.0 5939.119161142561
0.0 1843.0 3.0 26.0 63.58086699041833
0.0 1843.0 3.0 26.0 63.58086699041833
0.0 1237.0 318.0 1480.0 5939.119161142561
0.0 1843.0 3.0 26.0 63.58086699041833
0.0 1237.0 318.0 1480.0 5939.119161142561
0.0 1843.0 3.0 26.0 63.58086699041833
0.0 1237.0 318.0 1480.0 5939.119161142561
0.0 1843.0 3.0 26.0 63.58086699041833
0.0 1237.0 318.0 1480.0 5939.119161142561
0.0 1549.0 145.0 758.0 2913.893504203855
0.0 1237.0 318.0 1480.0 5939.119161142561
0.0 1237.0 318.0 1480.0 5939.119161142561
0.0 1843.0 3.0 26.0 63.58086699041833
0.0 1843.0 3.0 26.0 63.58086699041833
0.0 1843.0 3.0 26.0 63.58086699041833
0.0 1843.0 3.0 26.0 63.58086699041833
0.0 1843.0 3.0 26.0 63.58086699041833
0.0 1843.0 3.0 26.0 63.58086699041833
0.0 1843.0 3.0 26.0 63.58086699041833
0.0 1843.0 3.0 26.0 63.58086699041833
0.0 1237.0 318.0 1480.0 5939.119161142561
0.0 1843.0 3.0 26.0 63.58086699041833
0.0 1843.0 3.0 26.0 63.58086699041833
0.0 1843.0 3.0 26.0 63.58086699041833
0.0 1237.0 318.0 1480.0 5939.119161142561
0.0 1237.0 318.0 1480.0 5939.119161142561
0.0 1237.0 318.0 1480.0 5939.119161142561
0.0 1237.0 318.0 1480.0 5939.119161142561
0.0 1843.0 3.0 26.0 63.58086699041833
0.0 1237.0 318.0 1480.0 5939.119161142561
0.0 1843.0 3.0 26.0 63.58086699041833
0.0 1843.0 3.0 26.0 63.58086699041833
0.0 1237.0 318.0 1480.0 5939.119161142561
0.0 1541.0 173.0 670.0 3003.1561372282986
0.0 1503.0 185.0 815.0 3427.661221851852
0.0 1237.0 318.0 1480.0 5939.119161142561
0.0 1843.0 3.0 26.0 63.58086699041833
0.0 1237.0 318.0 1480.0 5939.119161142561
0.0 1237.0 318.0 1480.0 5939.119161142561
0.0 1237.0 318.0 1480.0 5939.119161142561
0.0 1843.0 3.0 26.0 63.58086699041833
0.0 1843.0 3.0 26.0 63.58086699041833
0.0 1237.0 318.0 1480.0 5939.119161142561
0.0 1237.0 318.0 1480.0 5939.119161142561
0.0 1843.0 3.0 26.0 63.58086699041833
0.0 1843.0 3.0 26.0 63.58086699041833
0.0 1843.0 3.0 26.0 63.58086699041833
0.0 1843.0 3.0 26.0 63.58086699041833
0.0 1843.0 3.0 26.0 63.58086699041833
0.0 1237.0 318.0 1480.0 5939.119161142561
0.0 1843.0 3.0 26.0 63.58086699041833
0.0 1237.0 318.0 1480.0 5939.119161142561
0.0 1237.0 318.0 1480.0 5939.119161142561
0.0 1843.0 3.0 26.0 63.58086699041833
0.0 1237.0 318.0 1480.0 5939.119161142561
0.0 1237.0 318.0 1480.0 5939.119161142561
0.0 1551.0 160.0 677.0 2899.7258727995804
0.0 1237.0 318.0 1480.0 5939.119161142561
0.0 1843.0 3.0 26.0 63.58086699041833
0.0 1509.0 191.0 711.0 3276.138800044902
0.0 1237.0 318.0 1480.0 5939.119161142561
0.0 1237.0 318.0 1480.0 5939.119161142561
0.0 1237.0 318.0 1480.0 5939.119161142561
0.0 1237.0 318.0 1480.0 5939.119161142561
0.0 1237.0 318.0 1480.0 5939.119161142561
0.0 1237.0 318.0 1480.0 5939.119161142561
0.0 1237.0 318.0 1480.0 5939.119161142561
0.0 1515.0 178.0 744.0 3245.227436733466
0.0 1237.0 318.0 1480.0 5939.119161142561
0.0 1237.0 318.0 1480.0 5939.119161142561
0.0 1237.0 318.0 1480.0 5939.119161142561
0.0 1237.0 318.0 1480.0 5939.119161142561
0.0 1237.0 318.0 1480.0 5939.119161142561
0.0 1237.0 318.0 1480.0 5939.119161142561
0.0 1237.0 318.0 1480.0 5939.119161142561
0.0 1237.0 318.0 1480.0 5939.119161142561
0.0 1237.0 318.0 1480.0 5939.119161142561
0.0 1237.0 318.0 1480.0 5939.119161142561
0.0 1237.0 318.0 1480.0 5939.119161142561
0.0 1527.0 153.0 819.0 3118.613348421989
0.0 1237.0 318.0 1480.0 5939.119161142561
0.0 1237.0 318.0 1480.0 5939.119161142561
0.0 1237.0 318.0 1480.0 5939.119161142561
0.0 1237.0 318.0 1480.0 5939.119161142561
0.0 1237.0 318.0 1480.0 5939.119161142561
0.0 1237.0 318.0 1480.0 5939.119161142561
0.0 1237.0 318.0 1480.0 5939.119161142561
0.0 1237.0 318.0 1480.0 5939.119161142561
0.0 1237.0 318.0 1480.0 5939.119161142561
0.0 1237.0 318.0 1480.0 5939.119161142561
0.0 1237.0 318.0 1480.0 5939.119161142561
