0.0 1567.0 143.0 705.0 2767.649458422349
0.0 1543.0 176.0 657.0 2956.7426364771104
0.0 1507.0 190.0 751.0 3301.2597572372597
0.0 1509.0 174.0 797.0 3333.3501739077947
0.0 1567.0 141.0 756.0 2688.954456580429
0.0 1567.0 144.0 727.0 2689.07836494924
0.0 1567.0 141.0 756.0 2688.954456580429
0.0 1555.0 155.0 668.0 2830.015144640566
0.0 1555.0 155.0 668.0 2830.015144640566
0.0 1509.0 174.0 797.0 3333.3501739077947
0.0 1569.0 144.0 695.0 2716.795801753816
0.0 1551.0 165.0 627.0 2854.511518985898
0.0 1765.0 48.0 213.0 792.6904687626019
0.0 1507.0 182.0 812.0 3294.7631177784615
0.0 1509.0 174.0 797.0 3333.3501739077947
0.0 1563.0 152.0 672.0 2757.7216808992157
0.0 1563.0 132.0 812.0 2819.644742703224
0.0 1569.0 144.0 695.0 2716.795801753816
0.0 1567.0 144.0 727.0 2689.07836494924
0.0 1507.0 182.0 812.0 3294.7631177784615
0.0 1539.0 155.0 724.0 3049.431449667277
0.0 1525.0 185.0 677.0 3109.1522605577966
0.0 1553.0 139.0 746.0 2863.946162642172
0.0 1573.0 144.0 722.0 2674.800832508215
0.0 1567.0 152.0 644.0 2762.556779208428
0.0 1765.0 48.0 213.0 792.6904687626019
0.0 1529.0 176.0 705.0 3087.380556049006
0.0 1509.0 174.0 797.0 3333.3501739077947
0.0 1507.0 179.0 808.0 3319.173489347847
0.0 1571.0 144.0 670.0 2701.4106114072274
0.0 1567.0 144.0 727.0 2689.07836494924
0.0 1321.0 273.0 1256.0 5126.269221620985
0.0 1525.0 172.0 728.0 3111.7441658061393
0.0 1563.0 132.0 812.0 2819.644742703224
0.0 1559.0 153.0 674.0 2803.9339159066185
0.0 1543.0 176.0 657.0 2956.7426364771104
0.0 1553.0 139.0 746.0 2863.946162642172
0.0 1561.0 138.0 773.0 2862.008989524657
0.0 1563.0 132.0 812.0 2819.644742703224
0.0 1565.0 155.0 643.0 2727.619498182435
0.0 1569.0 141.0 685.0 2732.785813629191
0.0 1563.0 132.0 812.0 2819.644742703224
0.0 1555.0 145.0 707.0 2814.6423798319756
0.0 1501.0 184.0 822.0 3395.6933492518556
0.0 1571.0 149.0 663.0 2661.878375948118
0.0 1537.0 166.0 690.0 3042.9689944302336
0.0 1563.0 152.0 672.0 2757.7216808992157
0.0 1525.0 172.0 728.0 3111.7441658061393
0.0 1513.0 167.0 877.0 3257.5057376868253
0.0 1555.0 145.0 707.0 2814.6423798319756
0.0 1573.0 143.0 645.0 2694.6112202783647
0.0 1567.0 144.0 727.0 2689.07836494924
0.0 1525.0 172.0 728.0 3111.7441658061393
0.0 1581.0 141.0 643.0 2618.4294561179618
0.0 1563.0 132.0 812.0 2819.644742703224
0.0 1569.0 154.0 637.0 2671.9895328731295
0.0 1509.0 174.0 797.0 3333.3501739077947
0.0 1515.0 183.0 750.0 3207.2849526582036
0.0 1571.0 144.0 670.0 2701.4106114072274
0.0 1545.0 170.0 647.0 2933.093501598731
0.0 1567.0 143.0 705.0 2767.649458422349
0.0 1567.0 152.0 644.0 2762.556779208428
0.0 1567.0 141.0 756.0 2688.954456580429
0.0 1567.0 152.0 644.0 2762.556779208428
0.0 1585.0 136.0 658.0 2587.6972974079695
0.0 1545.0 170.0 647.0 2933.093501598731
0.0 1545.0 170.0 647.0 2933.093501598731
0.0 1555.0 155.0 668.0 2830.015144640566
0.0 1569.0 144.0 695.0 2716.795801753816
0.0 1567.0 141.0 756.0 2688.954456580429
0.0 1569.0 154.0 637.0 2671.9895328731295
0.0 1537.0 166.0 690.0 3042.9689944302336
0.0 1545.0 168.0 666.0 2910.4853281986593
0.0 1555.0 145.0 707.0 2814.6423798319756
0.0 1535.0 151.0 830.0 2992.4168470878158
0.0 1539.0 155.0 724.0 3049.431449667277
0.0 1565.0 155.0 643.0 2727.619498182435
0.0 1509.0 174.0 797.0 3333.3501739077947
0.0 1563.0 132.0 812.0 2819.644742703224
0.0 1843.0 3.0 26.0 63.58086699041833
0.0 1843.0 3.0 26.0 63.58086699041833
0.0 1843.0 3.0 26.0 63.58086699041833
0.0 1843.0 3.0 26.0 63.58086699041833
0.0 1237.0 318.0 1480.0 5939.119161142561
0.0 1843.0 3.0 26.0 63.58086699041833
0.0 1843.0 3.0 26.0 63.58086699041833
0.0 1843.0 3.0 26.0 63.58086699041833
0.0 1843.0 3.0 26.0 63.58086699041833
0.0 1563.0 132.0 812.0 2819.644742703224
0.0 1843.0 3.0 26.0 63.58086699041833
0.0 1843.0 3.0 26.0 63.58086699041833
0.0 1237.0 318.0 1480.0 5939.119161142561
0.0 1843.0 3.0 26.0 63.58086699041833
0.0 1843.0 3.0 26.0 63.58086699041833
0.0 1843.0 3.0 26.0 63.58086699041833
0.0 1237.0 318.0 1480.0 5939.119161142561
0.0 1237.0 318.0 1480.0 5939.119161142561
0.0 1843.0 3.0 26.0 63.58086699041833
0.0 1569.0 144.0 695.0 2716.795801753816
0.0 1551.0 165.0 627.0 2854.511518985898
0.0 1553.0 139.0 746.0 2863.946162642172
0.0 1237.0 318.0 1480.0 5939.119161142561
0.0 1843.0 3.0 26.0 63.58086699041833
0.0 1555.0 155.0 668.0 2830.015144640566
0.0 1843.0 3.0 26.0 63.58086699041833
0.0 1843.0 3.0 26.0 63.58086699041833
0.0 1567.0 152.0 644.0 2762.556779208428
0.0 1237.0 318.0 1480.0 5939.119161142561
0.0 1237.0 318.0 1480.0 5939.119161142561
0.0 1237.0 318.0 1480.0 5939.119161142561
0.0 1843.0 3.0 26.0 63.58086699041833
0.0 1843.0 3.0 26.0 63.58086699041833
0.0 1843.0 3.0 26.0 63.58086699041833
0.0 1843.0 3.0 26.0 63.58086699041833
0.0 1843.0 3.0 26.0 63.58086699041833
0.0 1571.0 144.0 670.0 2701.4106114072274
0.0 1843.0 3.0 26.0 63.58086699041833
0.0 1563.0 152.0 672.0 2757.7216808992157
0.0 1765.0 48.0 213.0 792.6904687626019
0.0 1237.0 318.0 1480.0 5939.119161142561
0.0 1843.0 3.0 26.0 63.58086699041833
0.0 1555.0 145.0 707.0 2814.6423798319756
0.0 1843.0 3.0 26.0 63.58086699041833
0.0 1237.0 318.0 1480.0 5939.119161142561
0.0 1237.0 318.0 1480.0 5939.119161142561
0.0 1843.0 3.0 26.0 63.58086699041833
0.0 1563.0 152.0 672.0 2757.7216808992157
0.0 1509.0 174.0 797.0 3333.3501739077947
0.0 1237.0 318.0 1480.0 5939.119161142561
0.0 1237.0 318.0 1480.0 5939.119161142561
0.0 1843.0 3.0 26.0 63.58086699041833
0.0 1237.0 318.0 1480.0 5939.119161142561
0.0 1237.0 318.0 1480.0 5939.119161142561
0.0 1237.0 318.0 1480.0 5939.119161142561
0.0 1237.0 318.0 1480.0 5939.119161142561
0.0 1563.0 132.0 812.0 2819.644742703224
0.0 1237.0 318.0 1480.0 5939.119161142561
0.0 1545.0 170.0 647.0 2933.093501598731
0.0 1843.0 3.0 26.0 63.58086699041833
0.0 1237.0 318.0 1480.0 5939.119161142561
0.0 1843.0 3.0 26.0 63.58086699041833
0.0 1237.0 318.0 1480.0 5939.119161142561
0.0 1843.0 3.0 26.0 63.58086699041833
0.0 1569.0 154.0 637.0 2671.9895328731295
0.0 1843.0 3.0 26.0 63.58086699041833
0.0 1843.0 3.0 26.0 63.58086699041833
0.0 1237.0 318.0 1480.0 5939.119161142561
0.0 1237.0 318.0 1480.0 5939.119161142561
0.0 1843.0 3.0 26.0 63.58086699041833
0.0 1237.0 318.0 1480.0 5939.119161142561
0.0 1843.0 3.0 26.0 63.58086699041833
0.0 1843.0 3.0 26.0 63.58086699041833
0.0 1843.0 3.0 26.0 63.58086699041833
0.0 1843.0 3.0 26.0 63.58086699041833
0.0 1843.0 3.0 26.0 63.58086699041833
0.0 1237.0 318.0 1480.0 5939.119161142561
0.0 1843.0 3.0 26.0 63.58086699041833
0.0 1843.0 3.0 26.0 63.58086699041833
0.0 1237.0 318.0 1480.0 5939.119161142561
0.0 1843.0 3.0 26.0 63.58086699041833
0.0 1515.0 169.0 837.0 3198.5626934737725
0.0 1543.0 176.0 657.0 2956.7426364771104
0.0 1567.0 144.0 727.0 2689.07836494924
0.0 1237.0 318.0 1480.0 5939.119161142561
0.0 1237.0 318.0 1480.0 5939.119161142561
0.0 1563.0 132.0 812.0 2819.644742703224
0.0 1559.0 153.0 674.0 2803.9339159066185
0.0 1843.0 3.0 26.0 63.58086699041833
0.0 1843.0 3.0 26.0 63.58086699041833
0.0 1843.0 3.0 26.0 63.58086699041833
0.0 1843.0 3.0 26.0 63.58086699041833
0.0 1843.0 3.0 26.0 63.58086699041833
0.0 1843.0 3.0 26.0 63.58086699041833
0.0 1843.0 3.0 26.0 63.58086699041833
0.0 1843.0 3.0 26.0 63.58086699041833
0.0 1843.0 3.0 26.0 63.58086699041833
0.0 1843.0 3.0 26.0 63.58086699041833
0.0 1843.0 3.0 26.0 63.58086699041833
0.0 1843.0 3.0 26.0 63.58086699041833
0.0 1555.0 173.0 617.0 2819.0668213701615
0.0 1843.0 3.0 26.0 63.58086699041833
0.0 1843.0 3.0 26.0 63.58086699041833
0.0 1843.0 3.0 26.0 63.58086699041833
0.0 1843.0 3.0 26.0 63.58086699041833
0.0 1507.0 182.0 812.0 3294.7631177784615
0.0 1537.0 166.0 690.0 3042.9689944302336
0.0 1843.0 3.0 26.0 63.58086699041833
0.0 1533.0 160.0 735.0 3096.125476618361
0.0 1569.0 141.0 685.0 2732.785813629191
0.0 1843.0 3.0 26.0 63.58086699041833
0.0 1843.0 3.0 26.0 63.58086699041833
0.0 1843.0 3.0 26.0 63.58086699041833
0.0 1525.0 172.0 728.0 3111.7441658061393
0.0 1559.0 153.0 674.0 2803.9339159066185
0.0 1567.0 141.0 756.0 2688.954456580429
0.0 1501.0 184.0 822.0 3395.6933492518556
0.0 1507.0 182.0 812.0 3294.7631177784615
0.0 1573.0 143.0 645.0 2694.6112202783647
0.0 1567.0 141.0 756.0 2688.954456580429
0.0 1567.0 141.0 756.0 2688.954456580429
0.0 1525.0 172.0 728.0 3111.7441658061393
0.0 1507.0 179.0 808.0 3319.173489347847
0.0 1545.0 170.0 647.0 2933.093501598731
0.0 1507.0 181.0 843.0 3302.656036276322
0.0 1561.0 138.0 773.0 2862.008989524657
0.0 1567.0 152.0 644.0 2762.556779208428
0.0 1567.0 143.0 705.0 2767.649458422349
0.0 1539.0 165.0 683.0 2932.0888558927936
0.0 1563.0 152.0 672.0 2757.7216808992157
0.0 1567.0 141.0 756.0 2688.954456580429
0.0 1545.0 168.0 666.0 2910.4853281986593
0.0 1551.0 165.0 627.0 2854.511518985898
0.0 1567.0 144.0 727.0 2689.07836494924
0.0 1237.0 318.0 1480.0 5939.119161142561
0.0 1237.0 318.0 1480.0 5939.119161142561
0.0 1573.0 143.0 645.0 2694.6112202783647
0.0 1237.0 318.0 1480.0 5939.119161142561
0.0 1237.0 318.0 1480.0 5939.119161142561
0.0 1237.0 318.0 1480.0 5939.119161142561
0.0 1237.0 318.0 1480.0 5939.119161142561
0.0 1579.0 139.0 671.0 2602.022898265636
0.0 1237.0 318.0 1480.0 5939.119161142561
0.0 1237.0 318.0 1480.0 5939.119161142561
0.0 1507.0 182.0 812.0 3294.7631177784615
0.0 1571.0 144.0 670.0 2701.4106114072274
0.0 1509.0 174.0 797.0 3333.3501739077947
0.0 1237.0 318.0 1480.0 5939.119161142561
0.0 1555.0 145.0 707.0 2814.6423798319756
0.0 1525.0 185.0 677.0 3109.1522605577966
0.0 1237.0 318.0 1480.0 5939.119161142561
0.0 1237.0 318.0 1480.0 5939.119161142561
0.0 1563.0 132.0 812.0 2819.644742703224
0.0 1237.0 318.0 1480.0 5939.119161142561
0.0 1237.0 318.0 1480.0 5939.119161142561
0.0 1237.0 318.0 1480.0 5939.119161142561
0.0 1237.0 318.0 1480.0 5939.119161142561
0.0 1237.0 318.0 1480.0 5939.119161142561
0.0 1237.0 318.0 1480.0 5939.119161142561
0.0 1237.0 318.0 1480.0 5939.119161142561
0.0 1237.0 318.0 1480.0 5939.119161142561
0.0 1237.0 318.0 1480.0 5939.119161142561
0.0 1237.0 318.0 1480.0 5939.119161142561
0.0 1237.0 318.0 1480.0 5939.119161142561
0.0 1237.0 318.0 1480.0 5939.119161142561
0.0 1237.0 318.0 1480.0 5939.119161142561
0.0 1573.0 144.0 722.0 2674.800832508215
0.0 1237.0 318.0 1480.0 5939.119161142561
0.0 1237.0 318.0 1480.0 5939.119161142561
0.0 1237.0 318.0 1480.0 5939.119161142561
0.0 1537.0 166.0 690.0 3042.9689944302336
0.0 1555.0 155.0 668.0 2830.015144640566
0.0 1843.0 3.0 26.0 63.58086699041833
0.0 1237.0 318.0 1480.0 5939.119161142561
0.0 1843.0 3.0 26.0 63.58086699041833
0.0 1533.0 160.0 735.0 3096.125476618361
0.0 1237.0 318.0 1480.0 5939.119161142561
0.0 1237.0 318.0 1480.0 5939.119161142561
0.0 1843.0 3.0 26.0 63.58086699041833
0.0 1503.0 190.0 777.0 3408.8389412844326
0.0 1237.0 318.0 1480.0 5939.119161142561
0.0 1843.0 3.0 26.0 63.58086699041833
0.0 1237.0 318.0 1480.0 5939.119161142561
0.0 1843.0 3.0 26.0 63.58086699041833
0.0 1843.0 3.0 26.0 63.58086699041833
0.0 1843.0 3.0 26.0 63.58086699041833
0.0 1237.0 318.0 1480.0 5939.119161142561
0.0 1237.0 318.0 1480.0 5939.119161142561
0.0 1843.0 3.0 26.0 63.58086699041833
0.0 1843.0 3.0 26.0 63.58086699041833
0.0 1569.0 144.0 695.0 2716.795801753816
0.0 1237.0 318.0 1480.0 5939.119161142561
0.0 1843.0 3.0 26.0 63.58086699041833
0.0 1237.0 318.0 1480.0 5939.119161142561
0.0 1237.0 318.0 1480.0 5939.119161142561
0.0 1559.0 153.0 674.0 2803.9339159066185
0.0 1237.0 318.0 1480.0 5939.119161142561
0.0 1237.0 318.0 1480.0 5939.119161142561
0.0 1553.0 139.0 746.0 2863.946162642172
0.0 1843.0 3.0 26.0 63.58086699041833
0.0 1237.0 318.0 1480.0 5939.119161142561
0.0 1843.0 3.0 26.0 63.58086699041833
0.0 1237.0 318.0 1480.0 5939.119161142561
0.0 1237.0 318.0 1480.0 5939.119161142561
0.0 1843.0 3.0 26.0 63.58086699041833
0.0 1237.0 318.0 1480.0 5939.119161142561
0.0 1843.0 3.0 26.0 63.58086699041833
0.0 1843.0 3.0 26.0 63.58086699041833
0.0 1237.0 318.0 1480.0 5939.119161142561
0.0 1843.0 3.0 26.0 63.58086699041833
0.0 1237.0 318.0 1480.0 5939.119161142561
0.0 1237.0 318.0 1480.0 5939.119161142561
0.0 1237.0 318.0 1480.0 5939.119161142561
0.0 1237.0 318.0 1480.0 5939.119161142561
0.0 1843.0 3.0 26.0 63.58086699041833
0.0 1843.0 3.0 26.0 63.58086699041833
0.0 1237.0 318.0 1480.0 5939.119161142561
