0.0 1555.0 137.0 793.0 2823.5654285778187
0.0 1563.0 145.0 662.0 2807.645872230943
0.0 1497.0 184.0 806.0 3467.3900883917177
0.0 1559.0 143.0 734.0 2757.0352650547375
0.0 1539.0 164.0 696.0 2977.0678756680795
0.0 1569.0 154.0 631.0 2694.4531525807356
0.0 1577.0 147.0 650.0 2625.7446057122133
0.0 1533.0 167.0 712.0 3066.1894287346463
0.0 1499.0 169.0 897.0 3344.9395848309273
0.0 1575.0 146.0 642.0 2645.6109134995445
0.0 1561.0 152.0 644.0 2836.050289528007
0.0 1545.0 146.0 806.0 2860.6279030737887
0.0 1577.0 145.0 659.0 2666.6724091903384
0.0 1587.0 144.0 592.0 2585.817900348905
0.0 1587.0 144.0 592.0 2585.817900348905
0.0 1571.0 141.0 671.0 2726.6373973600976
0.0 1539.0 153.0 763.0 3029.5536087410023
0.0 1495.0 184.0 883.0 3494.222137979994
0.0 1539.0 164.0 696.0 2977.0678756680795
0.0 1749.0 56.0 241.0 969.989132084921
0.0 1563.0 147.0 681.0 2792.031122454417
0.0 1535.0 175.0 667.0 3060.6159701981637
0.0 1523.0 153.0 850.0 3209.546423367142
0.0 1549.0 164.0 658.0 2880.331118569682
0.0 1567.0 142.0 739.0 2773.3519650227863
0.0 1563.0 145.0 662.0 2807.645872230943
0.0 1561.0 162.0 627.0 2808.8800424880187
0.0 1777.0 37.0 167.0 695.1272094258057
0.0 1587.0 144.0 592.0 2585.817900348905
0.0 1533.0 169.0 702.0 3081.934331589232
0.0 1587.0 144.0 592.0 2585.817900348905
0.0 1563.0 145.0 662.0 2807.645872230943
0.0 1539.0 153.0 763.0 3029.5536087410023
0.0 1561.0 152.0 644.0 2836.050289528007
0.0 1567.0 142.0 739.0 2773.3519650227863
0.0 1503.0 188.0 801.0 3408.4828073796207
0.0 1569.0 154.0 631.0 2694.4531525807356
0.0 1777.0 37.0 167.0 695.1272094258057
0.0 1561.0 156.0 661.0 2785.1316075800796
0.0 1529.0 174.0 700.0 3093.8393059720634
0.0 1587.0 144.0 592.0 2585.817900348905
0.0 1489.0 179.0 910.0 3470.689635783638
0.0 1561.0 162.0 627.0 2808.8800424880187
0.0 1529.0 181.0 677.0 3149.172651674852
0.0 1561.0 162.0 627.0 2808.8800424880187
0.0 1563.0 145.0 662.0 2807.645872230943
0.0 1561.0 162.0 627.0 2808.8800424880187
0.0 1563.0 145.0 662.0 2807.645872230943
0.0 1777.0 37.0 167.0 695.1272094258057
0.0 1569.0 150.0 685.0 2688.6218809216552
0.0 1535.0 175.0 667.0 3060.6159701981637
0.0 1571.0 142.0 683.0 2662.132027520653
0.0 1575.0 146.0 618.0 2652.012040008962
0.0 1561.0 162.0 627.0 2808.8800424880187
0.0 1567.0 155.0 633.0 2728.387448384593
0.0 1563.0 145.0 662.0 2807.645872230943
0.0 1529.0 174.0 700.0 3093.8393059720634
0.0 1569.0 154.0 631.0 2694.4531525807356
0.0 1559.0 155.0 642.0 2817.70722437614
0.0 1525.0 154.0 805.0 3152.3976990330066
0.0 1505.0 177.0 844.0 3412.216490305464
0.0 1587.0 144.0 592.0 2585.817900348905
0.0 1569.0 131.0 727.0 2726.0370384722455
0.0 1515.0 177.0 782.0 3227.600580154925
0.0 1513.0 174.0 792.0 3201.6858004209585
0.0 1547.0 144.0 872.0 2959.6850364973634
0.0 1561.0 162.0 627.0 2808.8800424880187
0.0 1535.0 175.0 667.0 3060.6159701981637
0.0 1777.0 37.0 167.0 695.1272094258057
0.0 1523.0 153.0 850.0 3209.546423367142
0.0 1587.0 144.0 592.0 2585.817900348905
0.0 1577.0 145.0 659.0 2666.6724091903384
0.0 1565.0 149.0 679.0 2743.856931128653
0.0 1497.0 184.0 806.0 3467.3900883917177
0.0 1499.0 169.0 897.0 3344.9395848309273
0.0 1489.0 179.0 910.0 3470.689635783638
0.0 1495.0 184.0 883.0 3494.222137979994
0.0 1563.0 145.0 662.0 2807.645872230943
0.0 1515.0 177.0 782.0 3227.600580154925
0.0 1559.0 141.0 754.0 2884.819587851346
0.0 1587.0 144.0 592.0 2585.817900348905
0.0 1565.0 151.0 621.0 2787.6262994406648
0.0 1529.0 174.0 700.0 3093.8393059720634
0.0 1517.0 181.0 757.0 3240.9515857208917
0.0 1529.0 158.0 800.0 3067.9646401965333
0.0 1561.0 152.0 644.0 2836.050289528007
0.0 1569.0 150.0 685.0 2688.6218809216552
0.0 1539.0 153.0 763.0 3029.5536087410023
0.0 1561.0 162.0 627.0 2808.8800424880187
0.0 1535.0 161.0 738.0 2964.4754478828218
0.0 1571.0 141.0 671.0 2726.6373973600976
0.0 1513.0 174.0 792.0 3201.6858004209585
0.0 1535.0 175.0 667.0 3060.6159701981637
0.0 1569.0 131.0 727.0 2726.0370384722455
0.0 1563.0 145.0 662.0 2807.645872230943
0.0 1499.0 178.0 860.0 3389.4337342186077
0.0 1509.0 184.0 808.0 3319.944736569541
0.0 1509.0 169.0 863.0 3334.597173248737
0.0 1561.0 152.0 644.0 2836.050289528007
0.0 1561.0 162.0 627.0 2808.8800424880187
0.0 1565.0 141.0 705.0 2794.788242967225
0.0 1499.0 169.0 897.0 3344.9395848309273
0.0 1569.0 154.0 631.0 2694.4531525807356
0.0 1749.0 56.0 241.0 969.989132084921
0.0 1525.0 154.0 805.0 3152.3976990330066
0.0 1571.0 141.0 671.0 2726.6373973600976
0.0 1507.0 171.0 887.0 3266.3453808122167
0.0 1563.0 147.0 681.0 2792.031122454417
0.0 1535.0 175.0 667.0 3060.6159701981637
0.0 1533.0 167.0 727.0 3005.7146272347045
0.0 1539.0 164.0 696.0 2977.0678756680795
0.0 1567.0 142.0 739.0 2773.3519650227863
0.0 1843.0 3.0 26.0 63.58086699041833
0.0 1843.0 3.0 26.0 63.58086699041833
0.0 1843.0 3.0 26.0 63.58086699041833
0.0 1843.0 3.0 26.0 63.58086699041833
0.0 1523.0 153.0 850.0 3209.546423367142
0.0 1843.0 3.0 26.0 63.58086699041833
0.0 1843.0 3.0 26.0 63.58086699041833
0.0 1843.0 3.0 26.0 63.58086699041833
0.0 1843.0 3.0 26.0 63.58086699041833
0.0 1561.0 156.0 661.0 2785.1316075800796
0.0 1843.0 3.0 26.0 63.58086699041833
0.0 1843.0 3.0 26.0 63.58086699041833
0.0 1843.0 3.0 26.0 63.58086699041833
0.0 1843.0 3.0 26.0 63.58086699041833
0.0 1843.0 3.0 26.0 63.58086699041833
0.0 1843.0 3.0 26.0 63.58086699041833
0.0 1843.0 3.0 26.0 63.58086699041833
0.0 1509.0 184.0 808.0 3319.944736569541
0.0 1843.0 3.0 26.0 63.58086699041833
0.0 1561.0 152.0 644.0 2836.050289528007
0.0 1843.0 3.0 26.0 63.58086699041833
0.0 1843.0 3.0 26.0 63.58086699041833
0.0 1569.0 131.0 727.0 2726.0370384722455
0.0 1561.0 162.0 627.0 2808.8800424880187
0.0 1843.0 3.0 26.0 63.58086699041833
0.0 1843.0 3.0 26.0 63.58086699041833
0.0 1843.0 3.0 26.0 63.58086699041833
0.0 1843.0 3.0 26.0 63.58086699041833
0.0 1843.0 3.0 26.0 63.58086699041833
0.0 1237.0 318.0 1480.0 5939.119161142561
0.0 1237.0 318.0 1480.0 5939.119161142561
0.0 1237.0 318.0 1480.0 5939.119161142561
0.0 1843.0 3.0 26.0 63.58086699041833
0.0 1237.0 318.0 1480.0 5939.119161142561
0.0 1843.0 3.0 26.0 63.58086699041833
0.0 1843.0 3.0 26.0 63.58086699041833
0.0 1571.0 142.0 683.0 2662.132027520653
0.0 1237.0 318.0 1480.0 5939.119161142561
0.0 1843.0 3.0 26.0 63.58086699041833
0.0 1237.0 318.0 1480.0 5939.119161142561
0.0 1843.0 3.0 26.0 63.58086699041833
0.0 1503.0 188.0 801.0 3408.4828073796207
0.0 1237.0 318.0 1480.0 5939.119161142561
0.0 1843.0 3.0 26.0 63.58086699041833
0.0 1843.0 3.0 26.0 63.58086699041833
0.0 1237.0 318.0 1480.0 5939.119161142561
0.0 1237.0 318.0 1480.0 5939.119161142561
0.0 1237.0 318.0 1480.0 5939.119161142561
0.0 1237.0 318.0 1480.0 5939.119161142561
0.0 1843.0 3.0 26.0 63.58086699041833
0.0 1237.0 318.0 1480.0 5939.119161142561
0.0 1843.0 3.0 26.0 63.58086699041833
0.0 1843.0 3.0 26.0 63.58086699041833
0.0 1843.0 3.0 26.0 63.58086699041833
0.0 1585.0 142.0 645.0 2642.1870225587477
0.0 1237.0 318.0 1480.0 5939.119161142561
0.0 1237.0 318.0 1480.0 5939.119161142561
0.0 1237.0 318.0 1480.0 5939.119161142561
0.0 1237.0 318.0 1480.0 5939.119161142561
0.0 1843.0 3.0 26.0 63.58086699041833
0.0 1843.0 3.0 26.0 63.58086699041833
0.0 1237.0 318.0 1480.0 5939.119161142561
0.0 1237.0 318.0 1480.0 5939.119161142561
0.0 1843.0 3.0 26.0 63.58086699041833
0.0 1513.0 174.0 792.0 3201.6858004209585
0.0 1237.0 318.0 1480.0 5939.119161142561
0.0 1237.0 318.0 1480.0 5939.119161142561
0.0 1843.0 3.0 26.0 63.58086699041833
0.0 1843.0 3.0 26.0 63.58086699041833
0.0 1843.0 3.0 26.0 63.58086699041833
0.0 1843.0 3.0 26.0 63.58086699041833
0.0 1237.0 318.0 1480.0 5939.119161142561
0.0 1237.0 318.0 1480.0 5939.119161142561
0.0 1237.0 318.0 1480.0 5939.119161142561
0.0 1237.0 318.0 1480.0 5939.119161142561
0.0 1237.0 318.0 1480.0 5939.119161142561
0.0 1237.0 318.0 1480.0 5939.119161142561
0.0 1843.0 3.0 26.0 63.58086699041833
0.0 1237.0 318.0 1480.0 5939.119161142561
0.0 1843.0 3.0 26.0 63.58086699041833
0.0 1237.0 318.0 1480.0 5939.119161142561
0.0 1843.0 3.0 26.0 63.58086699041833
0.0 1237.0 318.0 1480.0 5939.119161142561
0.0 1237.0 318.0 1480.0 5939.119161142561
0.0 1237.0 318.0 1480.0 5939.119161142561
0.0 1563.0 145.0 662.0 2807.645872230943
0.0 1237.0 318.0 1480.0 5939.119161142561
0.0 1843.0 3.0 26.0 63.58086699041833
0.0 1843.0 3.0 26.0 63.58086699041833
0.0 1843.0 3.0 26.0 63.58086699041833
0.0 1843.0 3.0 26.0 63.58086699041833
0.0 1843.0 3.0 26.0 63.58086699041833
0.0 1237.0 318.0 1480.0 5939.119161142561
0.0 1237.0 318.0 1480.0 5939.119161142561
0.0 1519.0 180.0 744.0 3241.3959682873365
0.0 1237.0 318.0 1480.0 5939.119161142561
0.0 1843.0 3.0 26.0 63.58086699041833
0.0 1237.0 318.0 1480.0 5939.119161142561
0.0 1237.0 318.0 1480.0 5939.119161142561
0.0 1843.0 3.0 26.0 63.58086699041833
0.0 1237.0 318.0 1480.0 5939.119161142561
0.0 1569.0 154.0 631.0 2694.4531525807356
0.0 1237.0 318.0 1480.0 5939.119161142561
0.0 1571.0 146.0 730.0 2654.06933106557
0.0 1843.0 3.0 26.0 63.58086699041833
0.0 1843.0 3.0 26.0 63.58086699041833
0.0 1237.0 318.0 1480.0 5939.119161142561
0.0 1843.0 3.0 26.0 63.58086699041833
0.0 1237.0 318.0 1480.0 5939.119161142561
0.0 1237.0 318.0 1480.0 5939.119161142561
0.0 1843.0 3.0 26.0 63.58086699041833
0.0 1539.0 153.0 763.0 3029.5536087410023
0.0 1843.0 3.0 26.0 63.58086699041833
0.0 1237.0 318.0 1480.0 5939.119161142561
0.0 1237.0 318.0 1480.0 5939.119161142561
0.0 1237.0 318.0 1480.0 5939.119161142561
0.0 1237.0 318.0 1480.0 5939.119161142561
0.0 1237.0 318.0 1480.0 5939.119161142561
0.0 1237.0 318.0 1480.0 5939.119161142561
0.0 1237.0 318.0 1480.0 5939.119161142561
0.0 1237.0 318.0 1480.0 5939.119161142561
0.0 1237.0 318.0 1480.0 5939.119161142561
0.0 1237.0 318.0 1480.0 5939.119161142561
0.0 1565.0 149.0 679.0 2743.856931128653
0.0 1237.0 318.0 1480.0 5939.119161142561
0.0 1237.0 318.0 1480.0 5939.119161142561
0.0 1237.0 318.0 1480.0 5939.119161142561
0.0 1237.0 318.0 1480.0 5939.119161142561
0.0 1481.0 197.0 915.0 3549.7048564495376
0.0 1237.0 318.0 1480.0 5939.119161142561
0.0 1237.0 318.0 1480.0 5939.119161142561
0.0 1843.0 3.0 26.0 63.58086699041833
0.0 1843.0 3.0 26.0 63.58086699041833
0.0 1843.0 3.0 26.0 63.58086699041833
0.0 1843.0 3.0 26.0 63.58086699041833
0.0 1843.0 3.0 26.0 63.58086699041833
0.0 1237.0 318.0 1480.0 5939.119161142561
0.0 1499.0 169.0 897.0 3344.9395848309273
0.0 1237.0 318.0 1480.0 5939.119161142561
0.0 1551.0 146.0 787.0 2861.723390305607
0.0 1843.0 3.0 26.0 63.58086699041833
0.0 1237.0 318.0 1480.0 5939.119161142561
0.0 1237.0 318.0 1480.0 5939.119161142561
0.0 1535.0 175.0 667.0 3060.6159701981637
0.0 1539.0 164.0 696.0 2977.0678756680795
0.0 1843.0 3.0 26.0 63.58086699041833
0.0 1237.0 318.0 1480.0 5939.119161142561
0.0 1843.0 3.0 26.0 63.58086699041833
0.0 1843.0 3.0 26.0 63.58086699041833
0.0 1843.0 3.0 26.0 63.58086699041833
0.0 1237.0 318.0 1480.0 5939.119161142561
0.0 1571.0 141.0 671.0 2726.6373973600976
0.0 1237.0 318.0 1480.0 5939.119161142561
0.0 1237.0 318.0 1480.0 5939.119161142561
0.0 1587.0 144.0 592.0 2585.817900348905
0.0 1237.0 318.0 1480.0 5939.119161142561
0.0 1843.0 3.0 26.0 63.58086699041833
0.0 1843.0 3.0 26.0 63.58086699041833
0.0 1843.0 3.0 26.0 63.58086699041833
0.0 1237.0 318.0 1480.0 5939.119161142561
0.0 1843.0 3.0 26.0 63.58086699041833
0.0 1843.0 3.0 26.0 63.58086699041833
0.0 1237.0 318.0 1480.0 5939.119161142561
0.0 1237.0 318.0 1480.0 5939.119161142561
0.0 1237.0 318.0 1480.0 5939.119161142561
0.0 1237.0 318.0 1480.0 5939.119161142561
0.0 1843.0 3.0 26.0 63.58086699041833
0.0 1843.0 3.0 26.0 63.58086699041833
0.0 1237.0 318.0 1480.0 5939.119161142561
0.0 1573.0 138.0 670.0 2637.573423340193
0.0 1237.0 318.0 1480.0 5939.119161142561
0.0 1843.0 3.0 26.0 63.58086699041833
0.0 1237.0 318.0 1480.0 5939.119161142561
0.0 1843.0 3.0 26.0 63.58086699041833
0.0 1843.0 3.0 26.0 63.58086699041833
