0.0 1537.0 178.0 665.0 3059.4720738222168
0.0 1565.0 155.0 622.0 2700.481713149539
0.0 1555.0 154.0 682.0 2851.0531444137346
0.0 1509.0 174.0 840.0 3381.4160546797552
0.0 1575.0 138.0 682.0 2616.495564905273
0.0 1549.0 163.0 677.0 2872.962453994254
0.0 1575.0 138.0 682.0 2616.495564905273
0.0 1537.0 164.0 684.0 3010.832825413181
0.0 1569.0 146.0 665.0 2731.5405216325876
0.0 1529.0 158.0 798.0 3035.7020182770684
0.0 1573.0 149.0 628.0 2663.8721178675223
0.0 1559.0 154.0 668.0 2816.882420623198
0.0 1565.0 139.0 760.0 2704.288124879017
0.0 1589.0 138.0 635.0 2560.8027234128535
0.0 1531.0 148.0 881.0 3048.048258709164
0.0 1571.0 147.0 695.0 2660.470256044625
0.0 1575.0 138.0 682.0 2616.495564905273
0.0 1539.0 146.0 814.0 3079.124762138141
0.0 1537.0 178.0 665.0 3059.4720738222168
0.0 1511.0 172.0 797.0 3280.275760747312
0.0 1571.0 126.0 775.0 2698.7555119583417
0.0 1581.0 141.0 678.0 2623.6810788288835
0.0 1559.0 140.0 765.0 2820.296895170701
0.0 1581.0 140.0 624.0 2638.162022108679
0.0 1523.0 154.0 853.0 3180.509255918951
0.0 1555.0 154.0 682.0 2851.0531444137346
0.0 1559.0 147.0 681.0 2817.771064760934
0.0 1569.0 133.0 721.0 2779.6804518926137
0.0 1565.0 146.0 677.0 2828.868005255503
0.0 1553.0 170.0 644.0 2853.5153427437504
0.0 1559.0 140.0 765.0 2820.296895170701
0.0 1569.0 133.0 721.0 2779.6804518926137
0.0 1523.0 174.0 753.0 3098.422040720721
0.0 1581.0 140.0 624.0 2638.162022108679
0.0 1581.0 141.0 678.0 2623.6810788288835
0.0 1573.0 144.0 704.0 2663.9641208621274
0.0 1585.0 129.0 683.0 2551.7495448677114
0.0 1571.0 126.0 775.0 2698.7555119583417
0.0 1565.0 146.0 677.0 2828.868005255503
0.0 1533.0 169.0 718.0 3032.047658427328
0.0 1565.0 155.0 622.0 2700.481713149539
0.0 1565.0 155.0 622.0 2700.481713149539
0.0 1493.0 190.0 844.0 3412.838874087829
0.0 1553.0 171.0 616.0 2935.1181997022254
0.0 1571.0 126.0 775.0 2698.7555119583417
0.0 1563.0 162.0 604.0 2754.4286383080616
0.0 1551.0 171.0 637.0 2898.910252265426
0.0 1569.0 133.0 721.0 2779.6804518926137
0.0 1569.0 146.0 665.0 2731.5405216325876
0.0 1543.0 175.0 601.0 2923.5889366638435
0.0 1585.0 129.0 683.0 2551.7495448677114
0.0 1521.0 182.0 739.0 3167.4438422593635
0.0 1505.0 186.0 794.0 3328.308622938862
0.0 1555.0 160.0 635.0 2781.6071637919867
0.0 1579.0 142.0 668.0 2663.2201584017175
0.0 1559.0 147.0 681.0 2817.771064760934
0.0 1549.0 163.0 677.0 2872.962453994254
0.0 1517.0 168.0 809.0 3202.4512697647137
0.0 1589.0 138.0 635.0 2560.8027234128535
0.0 1563.0 154.0 652.0 2772.520856147662
0.0 1531.0 155.0 782.0 3082.19776534491
0.0 1529.0 172.0 725.0 3057.555940190735
0.0 1509.0 170.0 912.0 3273.795960628726
0.0 1557.0 141.0 761.0 2823.5780362537166
0.0 1501.0 177.0 867.0 3372.4987053838577
0.0 1517.0 163.0 856.0 3169.5331252235983
0.0 1581.0 141.0 678.0 2623.6810788288835
0.0 1589.0 138.0 635.0 2560.8027234128535
0.0 1513.0 164.0 903.0 3281.2248997667
0.0 1565.0 146.0 677.0 2828.868005255503
0.0 1501.0 177.0 867.0 3372.4987053838577
0.0 1569.0 133.0 721.0 2779.6804518926137
0.0 1509.0 174.0 840.0 3381.4160546797552
0.0 1237.0 318.0 1480.0 5939.119161142561
0.0 1237.0 318.0 1480.0 5939.119161142561
0.0 1237.0 318.0 1480.0 5939.119161142561
0.0 1237.0 318.0 1480.0 5939.119161142561
0.0 1531.0 155.0 782.0 3082.19776534491
0.0 1533.0 169.0 718.0 3032.047658427328
0.0 1585.0 134.0 650.0 2588.0811961333925
0.0 1509.0 176.0 821.0 3237.9288345382215
0.0 1559.0 147.0 681.0 2817.771064760934
0.0 1585.0 129.0 683.0 2551.7495448677114
0.0 1571.0 126.0 775.0 2698.7555119583417
0.0 1571.0 126.0 775.0 2698.7555119583417
0.0 1559.0 140.0 765.0 2820.296895170701
0.0 1565.0 155.0 622.0 2700.481713149539
0.0 1565.0 146.0 677.0 2828.868005255503
0.0 1549.0 163.0 677.0 2872.962453994254
0.0 1571.0 147.0 695.0 2660.470256044625
0.0 1569.0 146.0 665.0 2731.5405216325876
0.0 1531.0 148.0 881.0 3048.048258709164
0.0 1573.0 149.0 628.0 2663.8721178675223
0.0 1519.0 176.0 753.0 3165.2134122878633
0.0 1571.0 126.0 775.0 2698.7555119583417
0.0 1501.0 177.0 867.0 3372.4987053838577
0.0 1571.0 147.0 695.0 2660.470256044625
0.0 1559.0 140.0 765.0 2820.296895170701
0.0 1519.0 159.0 867.0 3208.621725597413
0.0 1517.0 163.0 856.0 3169.5331252235983
0.0 1559.0 140.0 765.0 2820.296895170701
0.0 1523.0 154.0 853.0 3180.509255918951
0.0 1539.0 146.0 814.0 3079.124762138141
0.0 1537.0 178.0 665.0 3059.4720738222168
0.0 1581.0 140.0 624.0 2638.162022108679
0.0 1509.0 170.0 912.0 3273.795960628726
0.0 1551.0 171.0 637.0 2898.910252265426
0.0 1549.0 163.0 677.0 2872.962453994254
0.0 1517.0 163.0 856.0 3169.5331252235983
0.0 1575.0 138.0 682.0 2616.495564905273
0.0 1539.0 146.0 814.0 3079.124762138141
0.0 1565.0 146.0 677.0 2828.868005255503
0.0 1575.0 138.0 682.0 2616.495564905273
0.0 1517.0 163.0 856.0 3169.5331252235983
0.0 1559.0 147.0 681.0 2817.771064760934
0.0 1575.0 138.0 682.0 2616.495564905273
0.0 1523.0 173.0 718.0 3192.375825106811
0.0 1589.0 138.0 635.0 2560.8027234128535
0.0 1569.0 133.0 721.0 2779.6804518926137
0.0 1547.0 162.0 667.0 2988.019049239101
0.0 1581.0 141.0 678.0 2623.6810788288835
0.0 1509.0 188.0 796.0 3286.673789775921
0.0 1585.0 129.0 683.0 2551.7495448677114
0.0 1509.0 170.0 912.0 3273.795960628726
0.0 1569.0 133.0 721.0 2779.6804518926137
0.0 1843.0 3.0 26.0 63.58086699041833
0.0 1843.0 3.0 26.0 63.58086699041833
0.0 1589.0 138.0 635.0 2560.8027234128535
0.0 1237.0 318.0 1480.0 5939.119161142561
0.0 1575.0 138.0 682.0 2616.495564905273
0.0 1237.0 318.0 1480.0 5939.119161142561
0.0 1843.0 3.0 26.0 63.58086699041833
0.0 1539.0 146.0 814.0 3079.124762138141
0.0 1843.0 3.0 26.0 63.58086699041833
0.0 1843.0 3.0 26.0 63.58086699041833
0.0 1843.0 3.0 26.0 63.58086699041833
0.0 1843.0 3.0 26.0 63.58086699041833
0.0 1843.0 3.0 26.0 63.58086699041833
0.0 1565.0 146.0 677.0 2828.868005255503
0.0 1843.0 3.0 26.0 63.58086699041833
0.0 1843.0 3.0 26.0 63.58086699041833
0.0 1537.0 178.0 665.0 3059.4720738222168
0.0 1843.0 3.0 26.0 63.58086699041833
0.0 1843.0 3.0 26.0 63.58086699041833
0.0 1843.0 3.0 26.0 63.58086699041833
0.0 1843.0 3.0 26.0 63.58086699041833
0.0 1843.0 3.0 26.0 63.58086699041833
0.0 1843.0 3.0 26.0 63.58086699041833
0.0 1843.0 3.0 26.0 63.58086699041833
0.0 1843.0 3.0 26.0 63.58086699041833
0.0 1843.0 3.0 26.0 63.58086699041833
0.0 1843.0 3.0 26.0 63.58086699041833
0.0 1843.0 3.0 26.0 63.58086699041833
0.0 1843.0 3.0 26.0 63.58086699041833
0.0 1237.0 318.0 1480.0 5939.119161142561
0.0 1237.0 318.0 1480.0 5939.119161142561
0.0 1843.0 3.0 26.0 63.58086699041833
0.0 1505.0 173.0 847.0 3338.4528866643755
0.0 1237.0 318.0 1480.0 5939.119161142561
0.0 1237.0 318.0 1480.0 5939.119161142561
0.0 1237.0 318.0 1480.0 5939.119161142561
0.0 1237.0 318.0 1480.0 5939.119161142561
0.0 1237.0 318.0 1480.0 5939.119161142561
0.0 1237.0 318.0 1480.0 5939.119161142561
0.0 1493.0 190.0 844.0 3412.838874087829
0.0 1237.0 318.0 1480.0 5939.119161142561
0.0 1843.0 3.0 26.0 63.58086699041833
0.0 1843.0 3.0 26.0 63.58086699041833
0.0 1237.0 318.0 1480.0 5939.119161142561
0.0 1237.0 318.0 1480.0 5939.119161142561
0.0 1843.0 3.0 26.0 63.58086699041833
0.0 1237.0 318.0 1480.0 5939.119161142561
0.0 1843.0 3.0 26.0 63.58086699041833
0.0 1843.0 3.0 26.0 63.58086699041833
0.0 1237.0 318.0 1480.0 5939.119161142561
0.0 1843.0 3.0 26.0 63.58086699041833
0.0 1843.0 3.0 26.0 63.58086699041833
0.0 1523.0 176.0 734.0 3158.851009085147
0.0 1237.0 318.0 1480.0 5939.119161142561
0.0 1843.0 3.0 26.0 63.58086699041833
0.0 1237.0 318.0 1480.0 5939.119161142561
0.0 1843.0 3.0 26.0 63.58086699041833
0.0 1237.0 318.0 1480.0 5939.119161142561
0.0 1237.0 318.0 1480.0 5939.119161142561
0.0 1581.0 140.0 624.0 2638.162022108679
0.0 1843.0 3.0 26.0 63.58086699041833
0.0 1843.0 3.0 26.0 63.58086699041833
0.0 1237.0 318.0 1480.0 5939.119161142561
0.0 1237.0 318.0 1480.0 5939.119161142561
0.0 1843.0 3.0 26.0 63.58086699041833
0.0 1237.0 318.0 1480.0 5939.119161142561
0.0 1237.0 318.0 1480.0 5939.119161142561
0.0 1237.0 318.0 1480.0 5939.119161142561
0.0 1843.0 3.0 26.0 63.58086699041833
0.0 1521.0 182.0 739.0 3167.4438422593635
0.0 1843.0 3.0 26.0 63.58086699041833
0.0 1843.0 3.0 26.0 63.58086699041833
0.0 1843.0 3.0 26.0 63.58086699041833
0.0 1237.0 318.0 1480.0 5939.119161142561
0.0 1237.0 318.0 1480.0 5939.119161142561
0.0 1843.0 3.0 26.0 63.58086699041833
0.0 1843.0 3.0 26.0 63.58086699041833
0.0 1843.0 3.0 26.0 63.58086699041833
0.0 1237.0 318.0 1480.0 5939.119161142561
0.0 1843.0 3.0 26.0 63.58086699041833
0.0 1237.0 318.0 1480.0 5939.119161142561
0.0 1843.0 3.0 26.0 63.58086699041833
0.0 1843.0 3.0 26.0 63.58086699041833
0.0 1843.0 3.0 26.0 63.58086699041833
0.0 1843.0 3.0 26.0 63.58086699041833
0.0 1237.0 318.0 1480.0 5939.119161142561
0.0 1843.0 3.0 26.0 63.58086699041833
0.0 1571.0 147.0 695.0 2660.470256044625
0.0 1237.0 318.0 1480.0 5939.119161142561
0.0 1533.0 166.0 723.0 3064.7058722928837
0.0 1237.0 318.0 1480.0 5939.119161142561
0.0 1565.0 155.0 622.0 2700.481713149539
0.0 1843.0 3.0 26.0 63.58086699041833
0.0 1843.0 3.0 26.0 63.58086699041833
0.0 1237.0 318.0 1480.0 5939.119161142561
0.0 1237.0 318.0 1480.0 5939.119161142561
0.0 1569.0 146.0 665.0 2731.5405216325876
0.0 1237.0 318.0 1480.0 5939.119161142561
0.0 1843.0 3.0 26.0 63.58086699041833
0.0 1237.0 318.0 1480.0 5939.119161142561
0.0 1237.0 318.0 1480.0 5939.119161142561
0.0 1843.0 3.0 26.0 63.58086699041833
0.0 1843.0 3.0 26.0 63.58086699041833
0.0 1501.0 177.0 867.0 3372.4987053838577
0.0 1237.0 318.0 1480.0 5939.119161142561
0.0 1843.0 3.0 26.0 63.58086699041833
0.0 1237.0 318.0 1480.0 5939.119161142561
0.0 1237.0 318.0 1480.0 5939.119161142561
0.0 1843.0 3.0 26.0 63.58086699041833
0.0 1559.0 147.0 681.0 2817.771064760934
0.0 1237.0 318.0 1480.0 5939.119161142561
0.0 1843.0 3.0 26.0 63.58086699041833
0.0 1843.0 3.0 26.0 63.58086699041833
0.0 1237.0 318.0 1480.0 5939.119161142561
0.0 1237.0 318.0 1480.0 5939.119161142561
0.0 1843.0 3.0 26.0 63.58086699041833
0.0 1237.0 318.0 1480.0 5939.119161142561
0.0 1517.0 163.0 856.0 3169.5331252235983
0.0 1237.0 318.0 1480.0 5939.119161142561
0.0 1559.0 140.0 765.0 2820.296895170701
0.0 1843.0 3.0 26.0 63.58086699041833
0.0 1843.0 3.0 26.0 63.58086699041833
0.0 1529.0 172.0 725.0 3057.555940190735
0.0 1549.0 158.0 694.0 2875.7339989600605
0.0 1237.0 318.0 1480.0 5939.119161142561
0.0 1237.0 318.0 1480.0 5939.119161142561
0.0 1843.0 3.0 26.0 63.58086699041833
0.0 1843.0 3.0 26.0 63.58086699041833
0.0 1237.0 318.0 1480.0 5939.119161142561
0.0 1843.0 3.0 26.0 63.58086699041833
0.0 1843.0 3.0 26.0 63.58086699041833
0.0 1843.0 3.0 26.0 63.58086699041833
0.0 1237.0 318.0 1480.0 5939.119161142561
0.0 1843.0 3.0 26.0 63.58086699041833
0.0 1581.0 141.0 678.0 2623.6810788288835
0.0 1237.0 318.0 1480.0 5939.119161142561
0.0 1237.0 318.0 1480.0 5939.119161142561
0.0 1843.0 3.0 26.0 63.58086699041833
0.0 1237.0 318.0 1480.0 5939.119161142561
0.0 1571.0 126.0 775.0 2698.7555119583417
0.0 1843.0 3.0 26.0 63.58086699041833
0.0 1533.0 179.0 672.0 3097.477057742603
0.0 1237.0 318.0 1480.0 5939.119161142561
0.0 1237.0 318.0 1480.0 5939.119161142561
0.0 1237.0 318.0 1480.0 5939.119161142561
0.0 1237.0 318.0 1480.0 5939.119161142561
0.0 1237.0 318.0 1480.0 5939.119161142561
0.0 1843.0 3.0 26.0 63.58086699041833
0.0 1843.0 3.0 26.0 63.58086699041833
0.0 1237.0 318.0 1480.0 5939.119161142561
0.0 1843.0 3.0 26.0 63.58086699041833
0.0 1843.0 3.0 26.0 63.58086699041833
0.0 1237.0 318.0 1480.0 5939.119161142561
0.0 1237.0 318.0 1480.0 5939.119161142561
0.0 1237.0 318.0 1480.0 5939.119161142561
0.0 1237.0 318.0 1480.0 5939.119161142561
0.0 1237.0 318.0 1480.0 5939.119161142561
0.0 1585.0 134.0 650.0 2588.0811961333925
0.0 1549.0 163.0 677.0 2872.962453994254
0.0 1237.0 318.0 1480.0 5939.119161142561
0.0 1843.0 3.0 26.0 63.58086699041833
0.0 1237.0 318.0 1480.0 5939.119161142561
0.0 1237.0 318.0 1480.0 5939.119161142561
0.0 1237.0 318.0 1480.0 5939.119161142561
0.0 1843.0 3.0 26.0 63.58086699041833
0.0 1237.0 318.0 1480.0 5939.119161142561
0.0 1237.0 318.0 1480.0 5939.119161142561
0.0 1843.0 3.0 26.0 63.58086699041833
0.0 1843.0 3.0 26.0 63.58086699041833
0.0 1237.0 318.0 1480.0 5939.119161142561
0.0 1237.0 318.0 1480.0 5939.119161142561
0.0 1237.0 318.0 1480.0 5939.119161142561
0.0 1843.0 3.0 26.0 63.58086699041833
0.0 1843.0 3.0 26.0 63.58086699041833
0.0 1237.0 318.0 1480.0 5939.119161142561
