0.0 1557.0 164.0 639.0 2865.1816081389093
0.0 1509.0 190.0 764.0 3281.366202349482
0.0 1527.0 166.0 723.0 3171.831086851968
0.0 1795.0 28.0 122.0 546.100245992536
0.0 1571.0 144.0 670.0 2739.006822599556
0.0 1557.0 140.0 740.0 2812.67772626061
0.0 1571.0 144.0 670.0 2739.006822599556
0.0 1527.0 166.0 723.0 3171.831086851968
0.0 1585.0 142.0 594.0 2566.1928513258918
0.0 1575.0 137.0 731.0 2598.729223911076
0.0 1555.0 137.0 771.0 2789.4298690528167
0.0 1553.0 165.0 651.0 2811.9259238586833
0.0 1513.0 175.0 793.0 3250.0059162950365
0.0 1513.0 175.0 793.0 3250.0059162950365
0.0 1541.0 144.0 871.0 2980.956452237945
0.0 1579.0 142.0 657.0 2622.993305792574
0.0 1507.0 158.0 925.0 3337.863510871698
0.0 1557.0 169.0 635.0 2809.063222305916
0.0 1579.0 149.0 599.0 2614.8669553810305
0.0 1569.0 150.0 659.0 2710.826735398545
0.0 1567.0 153.0 633.0 2714.4176309068966
0.0 1575.0 144.0 699.0 2643.232891680433
0.0 1501.0 183.0 834.0 3353.2650128553705
0.0 1559.0 135.0 764.0 2840.2577828362346
0.0 1551.0 164.0 653.0 2911.554561601984
0.0 1509.0 179.0 833.0 3279.6950314177375
0.0 1571.0 144.0 670.0 2739.006822599556
0.0 1559.0 135.0 764.0 2840.2577828362346
0.0 1507.0 174.0 843.0 3392.810177281756
0.0 1577.0 148.0 616.0 2686.9214474064156
0.0 1507.0 172.0 863.0 3367.3700577038708
0.0 1501.0 183.0 834.0 3353.2650128553705
0.0 1527.0 166.0 723.0 3171.831086851968
0.0 1559.0 135.0 764.0 2840.2577828362346
0.0 1651.0 105.0 428.0 1855.615403509955
0.0 1557.0 157.0 669.0 2808.5547896076405
0.0 1331.0 267.0 1214.0 5068.369748235321
0.0 1569.0 150.0 659.0 2710.826735398545
0.0 1519.0 187.0 734.0 3199.7620201854147
0.0 1515.0 162.0 879.0 3268.7781272255406
0.0 1577.0 142.0 674.0 2625.3318387183112
0.0 1555.0 137.0 771.0 2789.4298690528167
0.0 1535.0 161.0 716.0 3016.6010424337164
0.0 1527.0 166.0 723.0 3171.831086851968
0.0 1571.0 144.0 670.0 2739.006822599556
0.0 1507.0 173.0 845.0 3328.631965362186
0.0 1541.0 165.0 661.0 2976.459710662825
0.0 1569.0 159.0 619.0 2695.2576496943284
0.0 1559.0 135.0 764.0 2840.2577828362346
0.0 1579.0 149.0 599.0 2614.8669553810305
0.0 1555.0 137.0 771.0 2789.4298690528167
0.0 1573.0 138.0 677.0 2658.592358181059
0.0 1553.0 153.0 694.0 2844.9101719998366
0.0 1555.0 137.0 771.0 2789.4298690528167
0.0 1579.0 149.0 599.0 2614.8669553810305
0.0 1555.0 137.0 771.0 2789.4298690528167
0.0 1513.0 170.0 813.0 3293.1390590650212
0.0 1509.0 179.0 833.0 3279.6950314177375
0.0 1541.0 144.0 871.0 2980.956452237945
0.0 1579.0 132.0 703.0 2643.6336807779717
0.0 1571.0 144.0 670.0 2739.006822599556
0.0 1533.0 153.0 772.0 3096.9511007842984
0.0 1567.0 153.0 633.0 2714.4176309068966
0.0 1579.0 149.0 599.0 2614.8669553810305
0.0 1541.0 144.0 871.0 2980.956452237945
0.0 1541.0 165.0 661.0 2976.459710662825
0.0 1527.0 166.0 723.0 3171.831086851968
0.0 1559.0 135.0 764.0 2840.2577828362346
0.0 1567.0 143.0 717.0 2695.3490274757173
0.0 1537.0 173.0 688.0 3050.2761567139905
0.0 1559.0 135.0 764.0 2840.2577828362346
0.0 1579.0 149.0 599.0 2614.8669553810305
0.0 1555.0 137.0 771.0 2789.4298690528167
0.0 1575.0 144.0 699.0 2643.232891680433
0.0 1501.0 183.0 834.0 3353.2650128553705
0.0 1559.0 135.0 764.0 2840.2577828362346
0.0 1541.0 144.0 871.0 2980.956452237945
0.0 1571.0 144.0 670.0 2739.006822599556
0.0 1571.0 144.0 670.0 2739.006822599556
0.0 1533.0 147.0 878.0 3022.4825073396973
0.0 1559.0 135.0 764.0 2840.2577828362346
0.0 1527.0 166.0 723.0 3171.831086851968
0.0 1577.0 148.0 616.0 2686.9214474064156
0.0 1579.0 149.0 599.0 2614.8669553810305
0.0 1541.0 165.0 661.0 2976.459710662825
0.0 1579.0 142.0 657.0 2622.993305792574
0.0 1559.0 159.0 655.0 2766.037528087823
0.0 1567.0 153.0 633.0 2714.4176309068966
0.0 1513.0 178.0 788.0 3254.2982284082736
0.0 1575.0 144.0 699.0 2643.232891680433
0.0 1579.0 149.0 599.0 2614.8669553810305
0.0 1569.0 150.0 659.0 2710.826735398545
0.0 1537.0 157.0 749.0 2930.917744109276
0.0 1533.0 168.0 724.0 2991.6658717472483
0.0 1559.0 160.0 626.0 2752.612595600601
0.0 1555.0 137.0 771.0 2789.4298690528167
0.0 1579.0 149.0 599.0 2614.8669553810305
0.0 1527.0 166.0 723.0 3171.831086851968
0.0 1579.0 149.0 599.0 2614.8669553810305
0.0 1557.0 157.0 669.0 2808.5547896076405
0.0 1561.0 152.0 693.0 2687.0979203990146
0.0 1795.0 28.0 122.0 546.100245992536
0.0 1507.0 158.0 925.0 3337.863510871698
0.0 1579.0 149.0 599.0 2614.8669553810305
0.0 1575.0 144.0 699.0 2643.232891680433
0.0 1519.0 187.0 734.0 3199.7620201854147
0.0 1555.0 137.0 771.0 2789.4298690528167
0.0 1579.0 132.0 703.0 2643.6336807779717
0.0 1567.0 143.0 717.0 2695.3490274757173
0.0 1579.0 149.0 599.0 2614.8669553810305
0.0 1579.0 149.0 599.0 2614.8669553810305
0.0 1551.0 164.0 653.0 2911.554561601984
0.0 1513.0 170.0 813.0 3293.1390590650212
0.0 1519.0 187.0 734.0 3199.7620201854147
0.0 1509.0 190.0 764.0 3281.366202349482
0.0 1567.0 143.0 717.0 2695.3490274757173
0.0 1527.0 166.0 723.0 3171.831086851968
0.0 1523.0 169.0 764.0 3112.7126455833018
0.0 1843.0 3.0 26.0 63.58086699041833
0.0 1843.0 3.0 26.0 63.58086699041833
0.0 1843.0 3.0 26.0 63.58086699041833
0.0 1569.0 150.0 659.0 2710.826735398545
0.0 1561.0 142.0 734.0 2783.588409286196
0.0 1237.0 318.0 1480.0 5939.119161142561
0.0 1843.0 3.0 26.0 63.58086699041833
0.0 1237.0 318.0 1480.0 5939.119161142561
0.0 1237.0 318.0 1480.0 5939.119161142561
0.0 1237.0 318.0 1480.0 5939.119161142561
0.0 1573.0 147.0 675.0 2678.077531414081
0.0 1843.0 3.0 26.0 63.58086699041833
0.0 1843.0 3.0 26.0 63.58086699041833
0.0 1237.0 318.0 1480.0 5939.119161142561
0.0 1579.0 149.0 599.0 2614.8669553810305
0.0 1555.0 166.0 616.0 2867.394966646211
0.0 1843.0 3.0 26.0 63.58086699041833
0.0 1237.0 318.0 1480.0 5939.119161142561
0.0 1237.0 318.0 1480.0 5939.119161142561
0.0 1843.0 3.0 26.0 63.58086699041833
0.0 1843.0 3.0 26.0 63.58086699041833
0.0 1237.0 318.0 1480.0 5939.119161142561
0.0 1843.0 3.0 26.0 63.58086699041833
0.0 1843.0 3.0 26.0 63.58086699041833
0.0 1237.0 318.0 1480.0 5939.119161142561
0.0 1843.0 3.0 26.0 63.58086699041833
0.0 1237.0 318.0 1480.0 5939.119161142561
0.0 1843.0 3.0 26.0 63.58086699041833
0.0 1537.0 173.0 688.0 3050.2761567139905
0.0 1843.0 3.0 26.0 63.58086699041833
0.0 1843.0 3.0 26.0 63.58086699041833
0.0 1843.0 3.0 26.0 63.58086699041833
0.0 1843.0 3.0 26.0 63.58086699041833
0.0 1843.0 3.0 26.0 63.58086699041833
0.0 1237.0 318.0 1480.0 5939.119161142561
0.0 1527.0 172.0 733.0 3091.5272310657056
0.0 1519.0 187.0 734.0 3199.7620201854147
0.0 1843.0 3.0 26.0 63.58086699041833
0.0 1237.0 318.0 1480.0 5939.119161142561
0.0 1237.0 318.0 1480.0 5939.119161142561
0.0 1843.0 3.0 26.0 63.58086699041833
0.0 1237.0 318.0 1480.0 5939.119161142561
0.0 1843.0 3.0 26.0 63.58086699041833
0.0 1843.0 3.0 26.0 63.58086699041833
0.0 1507.0 173.0 845.0 3328.631965362186
0.0 1559.0 160.0 626.0 2752.612595600601
0.0 1843.0 3.0 26.0 63.58086699041833
0.0 1237.0 318.0 1480.0 5939.119161142561
0.0 1843.0 3.0 26.0 63.58086699041833
0.0 1237.0 318.0 1480.0 5939.119161142561
0.0 1843.0 3.0 26.0 63.58086699041833
0.0 1843.0 3.0 26.0 63.58086699041833
0.0 1237.0 318.0 1480.0 5939.119161142561
0.0 1843.0 3.0 26.0 63.58086699041833
0.0 1843.0 3.0 26.0 63.58086699041833
0.0 1237.0 318.0 1480.0 5939.119161142561
0.0 1843.0 3.0 26.0 63.58086699041833
0.0 1237.0 318.0 1480.0 5939.119161142561
0.0 1571.0 144.0 670.0 2739.006822599556
0.0 1237.0 318.0 1480.0 5939.119161142561
0.0 1237.0 318.0 1480.0 5939.119161142561
0.0 1843.0 3.0 26.0 63.58086699041833
0.0 1237.0 318.0 1480.0 5939.119161142561
0.0 1843.0 3.0 26.0 63.58086699041833
0.0 1237.0 318.0 1480.0 5939.119161142561
0.0 1843.0 3.0 26.0 63.58086699041833
0.0 1843.0 3.0 26.0 63.58086699041833
0.0 1577.0 142.0 674.0 2625.3318387183112
0.0 1843.0 3.0 26.0 63.58086699041833
0.0 1843.0 3.0 26.0 63.58086699041833
0.0 1843.0 3.0 26.0 63.58086699041833
0.0 1843.0 3.0 26.0 63.58086699041833
0.0 1843.0 3.0 26.0 63.58086699041833
0.0 1843.0 3.0 26.0 63.58086699041833
0.0 1237.0 318.0 1480.0 5939.119161142561
0.0 1237.0 318.0 1480.0 5939.119161142561
0.0 1843.0 3.0 26.0 63.58086699041833
0.0 1843.0 3.0 26.0 63.58086699041833
0.0 1843.0 3.0 26.0 63.58086699041833
0.0 1237.0 318.0 1480.0 5939.119161142561
0.0 1237.0 318.0 1480.0 5939.119161142561
0.0 1237.0 318.0 1480.0 5939.119161142561
0.0 1237.0 318.0 1480.0 5939.119161142561
0.0 1237.0 318.0 1480.0 5939.119161142561
0.0 1237.0 318.0 1480.0 5939.119161142561
0.0 1237.0 318.0 1480.0 5939.119161142561
0.0 1843.0 3.0 26.0 63.58086699041833
0.0 1843.0 3.0 26.0 63.58086699041833
0.0 1843.0 3.0 26.0 63.58086699041833
0.0 1843.0 3.0 26.0 63.58086699041833
0.0 1843.0 3.0 26.0 63.58086699041833
0.0 1237.0 318.0 1480.0 5939.119161142561
0.0 1843.0 3.0 26.0 63.58086699041833
0.0 1843.0 3.0 26.0 63.58086699041833
0.0 1513.0 175.0 793.0 3250.0059162950365
0.0 1567.0 153.0 633.0 2714.4176309068966
0.0 1843.0 3.0 26.0 63.58086699041833
0.0 1237.0 318.0 1480.0 5939.119161142561
0.0 1843.0 3.0 26.0 63.58086699041833
0.0 1843.0 3.0 26.0 63.58086699041833
0.0 1843.0 3.0 26.0 63.58086699041833
0.0 1843.0 3.0 26.0 63.58086699041833
0.0 1843.0 3.0 26.0 63.58086699041833
0.0 1237.0 318.0 1480.0 5939.119161142561
0.0 1237.0 318.0 1480.0 5939.119161142561
0.0 1843.0 3.0 26.0 63.58086699041833
0.0 1237.0 318.0 1480.0 5939.119161142561
0.0 1237.0 318.0 1480.0 5939.119161142561
0.0 1237.0 318.0 1480.0 5939.119161142561
0.0 1237.0 318.0 1480.0 5939.119161142561
0.0 1237.0 318.0 1480.0 5939.119161142561
0.0 1237.0 318.0 1480.0 5939.119161142561
0.0 1237.0 318.0 1480.0 5939.119161142561
0.0 1237.0 318.0 1480.0 5939.119161142561
0.0 1237.0 318.0 1480.0 5939.119161142561
0.0 1237.0 318.0 1480.0 5939.119161142561
0.0 1237.0 318.0 1480.0 5939.119161142561
0.0 1575.0 144.0 699.0 2643.232891680433
0.0 1237.0 318.0 1480.0 5939.119161142561
0.0 1237.0 318.0 1480.0 5939.119161142561
0.0 1237.0 318.0 1480.0 5939.119161142561
0.0 1237.0 318.0 1480.0 5939.119161142561
0.0 1541.0 144.0 871.0 2980.956452237945
0.0 1237.0 318.0 1480.0 5939.119161142561
0.0 1237.0 318.0 1480.0 5939.119161142561
0.0 1237.0 318.0 1480.0 5939.119161142561
0.0 1237.0 318.0 1480.0 5939.119161142561
0.0 1237.0 318.0 1480.0 5939.119161142561
0.0 1569.0 159.0 619.0 2695.2576496943284
0.0 1843.0 3.0 26.0 63.58086699041833
0.0 1843.0 3.0 26.0 63.58086699041833
0.0 1843.0 3.0 26.0 63.58086699041833
0.0 1843.0 3.0 26.0 63.58086699041833
0.0 1237.0 318.0 1480.0 5939.119161142561
0.0 1509.0 179.0 833.0 3279.6950314177375
0.0 1237.0 318.0 1480.0 5939.119161142561
0.0 1237.0 318.0 1480.0 5939.119161142561
0.0 1843.0 3.0 26.0 63.58086699041833
0.0 1843.0 3.0 26.0 63.58086699041833
0.0 1843.0 3.0 26.0 63.58086699041833
0.0 1237.0 318.0 1480.0 5939.119161142561
0.0 1237.0 318.0 1480.0 5939.119161142561
0.0 1843.0 3.0 26.0 63.58086699041833
0.0 1843.0 3.0 26.0 63.58086699041833
0.0 1843.0 3.0 26.0 63.58086699041833
0.0 1237.0 318.0 1480.0 5939.119161142561
0.0 1237.0 318.0 1480.0 5939.119161142561
0.0 1843.0 3.0 26.0 63.58086699041833
0.0 1843.0 3.0 26.0 63.58086699041833
0.0 1237.0 318.0 1480.0 5939.119161142561
0.0 1577.0 151.0 587.0 2635.989233265254
0.0 1843.0 3.0 26.0 63.58086699041833
0.0 1237.0 318.0 1480.0 5939.119161142561
0.0 1237.0 318.0 1480.0 5939.119161142561
0.0 1843.0 3.0 26.0 63.58086699041833
0.0 1843.0 3.0 26.0 63.58086699041833
0.0 1843.0 3.0 26.0 63.58086699041833
0.0 1237.0 318.0 1480.0 5939.119161142561
0.0 1559.0 135.0 764.0 2840.2577828362346
0.0 1237.0 318.0 1480.0 5939.119161142561
0.0 1843.0 3.0 26.0 63.58086699041833
0.0 1237.0 318.0 1480.0 5939.119161142561
0.0 1555.0 137.0 771.0 2789.4298690528167
0.0 1509.0 175.0 862.0 3285.912933850636
0.0 1237.0 318.0 1480.0 5939.119161142561
0.0 1843.0 3.0 26.0 63.58086699041833
0.0 1237.0 318.0 1480.0 5939.119161142561
0.0 1237.0 318.0 1480.0 5939.119161142561
0.0 1237.0 318.0 1480.0 5939.119161142561
0.0 1237.0 318.0 1480.0 5939.119161142561
0.0 1237.0 318.0 1480.0 5939.119161142561
0.0 1843.0 3.0 26.0 63.58086699041833
0.0 1843.0 3.0 26.0 63.58086699041833
0.0 1843.0 3.0 26.0 63.58086699041833
