0.0 1389.0 113.0 706.0 2482.996610338487
0.0 1393.0 107.0 680.0 2452.2941525423485
0.0 1327.0 151.0 774.0 3101.797952815376
0.0 1360.0 127.0 748.0 2744.720303405726
0.0 1343.0 138.0 805.0 2935.4170572838907
0.0 1297.0 163.0 855.0 3404.26049745576
0.0 1315.0 150.0 856.0 3250.1643481046867
0.0 1362.0 123.0 787.0 2749.2932823489496
0.0 1302.0 156.0 865.0 3360.12291335257
0.0 1299.0 169.0 814.0 3384.5517624291792
0.0 1305.0 168.0 807.0 3293.0785129285214
0.0 1384.0 116.0 686.0 2561.6876566405635
0.0 1308.0 153.0 871.0 3284.8996596531497
0.0 1306.0 151.0 888.0 3313.104909835336
0.0 1370.0 119.0 751.0 2621.5779225570986
0.0 1292.0 157.0 917.0 3456.2591643675096
0.0 1361.0 126.0 726.0 2732.0539265304583
0.0 1417.0 98.0 612.0 2194.959020318555
0.0 1305.0 152.0 897.0 3301.0880326415154
0.0 1404.0 105.0 629.0 2283.8604114409077
0.0 1301.0 154.0 892.0 3358.6983603791086
0.0 1368.0 128.0 718.0 2724.3148207919353
0.0 1417.0 97.0 618.0 2206.7210518556853
0.0 1312.0 154.0 847.0 3239.2109196169213
0.0 1292.0 164.0 886.0 3440.1275747763216
0.0 1285.0 165.0 900.0 3474.8412679890685
0.0 1325.0 149.0 806.0 3111.119242651135
0.0 1441.0 89.0 545.0 2000.3199239553712
0.0 1388.0 114.0 662.0 2492.381426277258
0.0 1408.0 104.0 608.0 2296.323187933421
0.0 1341.0 133.0 817.0 2945.7156054956163
0.0 1387.0 114.0 669.0 2511.4873958212793
0.0 1340.0 137.0 766.0 2937.755357936908
0.0 1291.0 159.0 897.0 3476.0271355191758
0.0 1429.0 95.0 550.0 2046.8089196146775
0.0 1384.0 120.0 654.0 2563.9189281297513
0.0 1354.0 126.0 789.0 2766.897826430298
0.0 1366.0 124.0 729.0 2670.7455690583333
0.0 1430.0 94.0 574.0 2062.7142838773643
0.0 1357.0 129.0 764.0 2773.621635038067
0.0 1369.0 120.0 750.0 2624.0931833565237
0.0 1405.0 105.0 611.0 2297.0644067468543
0.0 1434.0 91.0 553.0 2030.1527581134005
0.0 1444.0 88.0 533.0 1929.5970184538214
0.0 1324.0 144.0 843.0 3099.0289394849424
0.0 1378.0 118.0 702.0 2575.624246699849
0.0 1435.0 92.0 551.0 2033.3822829268097
0.0 1295.0 169.0 825.0 3413.96535140334
0.0 1400.0 108.0 614.0 2343.0276257404494
0.0 1386.0 114.0 680.0 2516.493311298924
0.0 1287.0 166.0 880.0 3470.500262454489
0.0 1410.0 106.0 581.0 2285.795890336778
0.0 1352.0 129.0 790.0 2836.5599113063818
0.0 1414.0 105.0 592.0 2201.79359656726
0.0 1345.0 136.0 797.0 2927.8968597844705
0.0 1442.0 88.0 567.0 1998.3374972925703
0.0 1390.0 112.0 640.0 2455.8977128241586
0.0 1303.0 165.0 808.0 3313.9225656688322
0.0 1294.0 169.0 822.0 3414.7480974250975
0.0 1327.0 142.0 840.0 3104.422806687355
0.0 1329.0 140.0 834.0 3095.295571283846
0.0 1366.0 123.0 734.0 2679.6423633401514
0.0 1442.0 92.0 528.0 1969.7726528086966
0.0 1409.0 101.0 648.0 2301.4256553192
0.0 1285.0 168.0 885.0 3509.380634377884
0.0 1349.0 135.0 737.0 2923.7105767645257
0.0 1420.0 102.0 594.0 2173.369716707045
0.0 1413.0 99.0 611.0 2243.484314398822
0.0 1428.0 96.0 554.0 2113.424039489603
0.0 1349.0 137.0 754.0 2864.414772989563
0.0 1370.0 120.0 739.0 2681.1268427755813
0.0 1451.0 88.0 517.0 1865.0879539747336
0.0 1314.0 161.0 794.0 3215.005154321155
0.0 1331.0 151.0 751.0 3052.924947951066
0.0 1324.0 144.0 812.0 3155.5690729560274
0.0 1369.0 120.0 737.0 2686.9584063779516
0.0 1331.0 150.0 783.0 3056.7743912686187
0.0 1382.0 119.0 692.0 2557.6539419439946
0.0 1441.0 90.0 544.0 1968.8573175847266
0.0 1302.0 152.0 906.0 3343.777605981711
0.0 1349.0 133.0 745.0 2906.081182310408
0.0 1319.0 151.0 834.0 3185.124918070446
0.0 1371.0 121.0 717.0 2604.6883268053907
0.0 1387.0 115.0 666.0 2520.210140235238
0.0 1307.0 152.0 887.0 3278.4438828103894
0.0 1341.0 136.0 812.0 2979.711327874907
0.0 1355.0 129.0 745.0 2800.3159077479704
0.0 1413.0 101.0 603.0 2244.0998352338215
0.0 1365.0 127.0 739.0 2727.5098412888556
0.0 1369.0 127.0 711.0 2730.3331276727163
0.0 1335.0 148.0 752.0 3029.4294884654246
0.0 1344.0 135.0 816.0 2962.548690973151
0.0 1301.0 160.0 848.0 3351.514272443042
0.0 1352.0 131.0 750.0 2899.6133855002395
0.0 1386.0 119.0 642.0 2537.3057545141305
0.0 1454.0 88.0 484.0 1822.92178436018
0.0 1294.0 165.0 855.0 3382.9109244734864
0.0 1355.0 128.0 764.0 2788.439824321442
0.0 1447.0 89.0 489.0 1909.7527221855328
0.0 1390.0 113.0 681.0 2453.6630036667448
0.0 1403.0 108.0 615.0 2334.4137437538357
0.0 1448.0 83.0 522.0 1884.7677155025958
0.0 1409.0 99.0 636.0 2301.583531014463
0.0 1350.0 128.0 797.0 2824.446484979335
0.0 1447.0 83.0 532.0 1895.6736708742774
0.0 1303.0 151.0 906.0 3326.9986237104913
0.0 1304.0 150.0 900.0 3321.716162898462
0.0 1352.0 134.0 721.0 2877.084068466891
0.0 1304.0 149.0 926.0 3326.569148831415
0.0 1343.0 134.0 807.0 2967.645938988963
0.0 1306.0 152.0 905.0 3292.573887311894
0.0 1424.0 95.0 612.0 2134.450253188726
0.0 1406.0 103.0 612.0 2290.013864251002
0.0 1303.0 153.0 893.0 3347.146671911816
0.0 1283.0 165.0 922.0 3505.987131303575
0.0 1351.0 128.0 794.0 2800.9395885067784
0.0 1304.0 154.0 879.0 3332.786870464157
0.0 1424.0 100.0 544.0 2139.684253004274
0.0 1304.0 152.0 885.0 3326.6078060935497
0.0 1421.0 98.0 602.0 2140.333449383433
0.0 1388.0 118.0 673.0 2488.6616377610294
0.0 1372.0 116.0 755.0 2673.2525137118905
0.0 1447.0 87.0 494.0 1890.1561975907537
0.0 1413.0 104.0 593.0 2265.081802317414
0.0 1297.0 161.0 858.0 3397.4231231145072
0.0 1297.0 164.0 848.0 3418.3926378446945
0.0 1385.0 116.0 715.0 2532.739896086674
0.0 1395.0 109.0 673.0 2383.4312528523164
0.0 1402.0 104.0 627.0 2306.773763282036
0.0 1439.0 91.0 561.0 2006.2488254996833
0.0 1291.0 167.0 886.0 3424.9579234162297
0.0 1388.0 116.0 644.0 2493.3347772364114
0.0 1366.0 119.0 774.0 2736.4117285611087
0.0 1314.0 151.0 851.0 3239.497570003503
0.0 1406.0 105.0 597.0 2306.9508321244857
0.0 1290.0 166.0 886.0 3448.7904278310857
0.0 1390.0 109.0 692.0 2463.9932781908547
0.0 1458.0 81.0 475.0 1771.7221989895957
0.0 1295.0 163.0 870.0 3396.008800926727
0.0 1349.0 135.0 734.0 2933.7893184103827
0.0 1331.0 150.0 804.0 3044.0873206648157
0.0 1300.0 157.0 872.0 3381.540573822139
0.0 1309.0 160.0 809.0 3263.9791572535096
0.0 1444.0 87.0 551.0 1934.38557959641
0.0 1436.0 92.0 537.0 2004.4539545096227
0.0 1450.0 83.0 517.0 1879.8589277740446
0.0 1364.0 133.0 717.0 2777.5066838294665
0.0 1285.0 166.0 896.0 3523.2069768840624
0.0 1457.0 80.0 483.0 1765.4438961685873
0.0 1453.0 85.0 491.0 1872.5343330144483
0.0 1297.0 169.0 834.0 3399.9480978121956
0.0 1323.0 144.0 841.0 3143.910047317652
0.0 1399.0 109.0 667.0 2369.1101188315274
0.0 1418.0 95.0 603.0 2171.232168432997
0.0 1438.0 88.0 557.0 2039.0217593465486
0.0 1462.0 81.0 472.0 1744.6964908333048
0.0 1453.0 83.0 506.0 1872.9856240225567
0.0 1365.0 133.0 692.0 2753.6681294456216
0.0 1284.0 169.0 883.0 3510.197505936475
0.0 1328.0 151.0 776.0 3092.355533087062
0.0 1301.0 164.0 843.0 3327.3967787538213
0.0 1404.0 108.0 589.0 2260.57525662962
0.0 1289.0 163.0 906.0 3455.1142846539024
0.0 1336.0 145.0 785.0 2985.241190574321
0.0 1401.0 108.0 617.0 2302.9874178110986
0.0 1346.0 136.0 790.0 2895.6371340353403
0.0 1367.0 133.0 694.0 2712.903699995824
0.0 1434.0 96.0 530.0 2063.1654355955898
0.0 1440.0 91.0 546.0 1987.1125455386093
0.0 1345.0 135.0 802.0 2954.279818676474
0.0 1339.0 146.0 751.0 2976.303785292078
0.0 1369.0 130.0 678.0 2702.346417826752
0.0 1413.0 105.0 584.0 2219.0100269779346
0.0 1289.0 167.0 901.0 3459.0289608966928
0.0 1430.0 98.0 545.0 2049.5935404026704
0.0 1450.0 90.0 477.0 1854.1756087274082
0.0 1309.0 153.0 851.0 3254.810162689954
0.0 1366.0 119.0 752.0 2742.987879653821
0.0 1373.0 114.0 765.0 2636.468511589344
0.0 1361.0 134.0 710.0 2777.1302326105915
0.0 1315.0 151.0 840.0 3245.6768527203217
0.0 1332.0 145.0 774.0 3043.593456232705
0.0 1365.0 122.0 763.0 2670.901475166775
0.0 1307.0 164.0 790.0 3292.376048963615
0.0 1358.0 127.0 744.0 2775.870098701136
0.0 1364.0 125.0 750.0 2725.4686558483745
0.0 1369.0 128.0 709.0 2715.4832301940874
0.0 1295.0 162.0 854.0 3413.024824438789
0.0 1335.0 140.0 819.0 3029.0404434390402
0.0 1324.0 161.0 758.0 3117.3228588180204
0.0 1407.0 101.0 652.0 2298.773366556821
0.0 1350.0 131.0 787.0 2873.3928937705764
0.0 1436.0 90.0 557.0 2058.957037756369
0.0 1319.0 152.0 828.0 3154.9269223987703
0.0 1437.0 91.0 548.0 2033.3337568749278
0.0 1324.0 138.0 869.0 3127.9498014033825
0.0 1294.0 163.0 858.0 3426.7963410877423
0.0 1367.0 121.0 753.0 2654.480329950783
0.0 1415.0 97.0 619.0 2235.65884599556
0.0 1285.0 163.0 924.0 3471.629622814236
0.0 1347.0 136.0 761.0 2870.4431006826826
0.0 1377.0 120.0 719.0 2570.0123381998224
0.0 1283.0 164.0 930.0 3498.1127191110268
0.0 1304.0 166.0 812.0 3307.4152677054076
0.0 1344.0 137.0 798.0 2927.032237081729
0.0 1287.0 167.0 909.0 3464.696316428382
0.0 1331.0 140.0 834.0 3037.4653149246656
0.0 1448.0 89.0 489.0 1896.2457608196205
0.0 1370.0 126.0 696.0 2640.8734535082026
0.0 1329.0 157.0 731.0 3067.2134120411606
0.0 1308.0 154.0 876.0 3280.030684793682
0.0 1453.0 87.0 498.0 1842.4379008017565
0.0 1291.0 158.0 920.0 3472.893990603688
0.0 1457.0 84.0 481.0 1799.6842476303507
0.0 1337.0 138.0 804.0 3005.67750134925
0.0 1392.0 109.0 668.0 2488.273554428523
0.0 1352.0 130.0 766.0 2791.683114209323
0.0 1402.0 109.0 599.0 2307.3772825292403
0.0 1291.0 160.0 889.0 3480.602093604933
0.0 1301.0 165.0 834.0 3358.621107124681
0.0 1307.0 154.0 859.0 3285.2278403752625
0.0 1373.0 119.0 720.0 2659.3141791441167
0.0 1437.0 90.0 547.0 2050.220730868362
0.0 1372.0 128.0 691.0 2669.327422736269
0.0 1350.0 129.0 800.0 2806.222049318808
0.0 1443.0 88.0 534.0 1930.428064967849
0.0 1284.0 164.0 940.0 3491.9173482207166
0.0 1455.0 80.0 503.0 1785.0861584282763
0.0 1307.0 155.0 844.0 3318.805014040133
0.0 1311.0 156.0 841.0 3271.3414967432745
0.0 1391.0 112.0 678.0 2442.951213862732
0.0 1409.0 105.0 594.0 2257.361561842952
0.0 1299.0 160.0 840.0 3377.731616724832
0.0 1416.0 96.0 638.0 2235.426330707369
0.0 1281.0 168.0 915.0 3553.8057561029323
0.0 1379.0 115.0 716.0 2559.614582038649
0.0 1442.0 87.0 560.0 2008.9005243803383
0.0 1393.0 108.0 692.0 2449.98931473162
0.0 1412.0 103.0 618.0 2252.2452379154656
0.0 1297.0 170.0 842.0 3365.9591866536716
0.0 1405.0 106.0 607.0 2268.738401454854
0.0 1422.0 100.0 564.0 2116.622948640311
0.0 1300.0 167.0 828.0 3334.67935696059
0.0 1395.0 108.0 643.0 2438.967478372454
0.0 1383.0 119.0 705.0 2554.4629234283057
0.0 1287.0 163.0 923.0 3465.953884594689
0.0 1330.0 143.0 832.0 3084.5797076737385
0.0 1454.0 89.0 472.0 1823.551970853466
0.0 1286.0 166.0 915.0 3473.3558100559894
0.0 1347.0 134.0 767.0 2875.8799088145215
