0.0 1370.0 129.0 686.0 2676.8820550923756
0.0 1318.0 155.0 792.0 3204.296197072723
0.0 1284.0 165.0 912.0 3501.779366604952
0.0 1413.0 105.0 629.0 2248.0401843914797
0.0 1407.0 105.0 605.0 2255.0370564781133
0.0 1365.0 125.0 748.0 2734.56549370181
0.0 1329.0 143.0 811.0 3070.5326793069967
0.0 1456.0 84.0 485.0 1792.34805200354
0.0 1448.0 86.0 545.0 1920.377274758845
0.0 1321.0 147.0 825.0 3171.9319317971544
0.0 1315.0 150.0 858.0 3217.3121948199378
0.0 1308.0 151.0 870.0 3323.5256812890498
0.0 1367.0 124.0 740.0 2687.0996388109943
0.0 1297.0 168.0 817.0 3380.9481441057073
0.0 1291.0 160.0 896.0 3463.7254407196688
0.0 1293.0 171.0 849.0 3414.360898875415
0.0 1435.0 92.0 545.0 2045.008261599217
0.0 1400.0 112.0 630.0 2350.9661137848243
0.0 1397.0 109.0 632.0 2386.7842716320815
0.0 1460.0 79.0 511.0 1773.41639196935
0.0 1460.0 81.0 482.0 1769.4607374109564
0.0 1340.0 144.0 764.0 2994.583268536071
0.0 1379.0 118.0 730.0 2560.5762161699486
0.0 1369.0 128.0 696.0 2712.859228292577
0.0 1323.0 151.0 784.0 3146.1707124548716
0.0 1339.0 151.0 737.0 2979.8643278852674
0.0 1288.0 167.0 890.0 3479.0736163882098
0.0 1291.0 165.0 877.0 3414.4496635945497
0.0 1445.0 87.0 535.0 1932.196606174216
0.0 1348.0 134.0 750.0 2932.5401089016304
0.0 1375.0 119.0 720.0 2619.3438330270155
0.0 1439.0 92.0 546.0 2001.1866511088372
0.0 1456.0 85.0 468.0 1781.657827077568
0.0 1423.0 99.0 546.0 2131.9454802665928
0.0 1377.0 122.0 696.0 2556.2994257404744
0.0 1455.0 88.0 475.0 1831.8150526065212
0.0 1325.0 151.0 822.0 3127.2286760934912
0.0 1372.0 114.0 777.0 2669.9941173050606
0.0 1319.0 153.0 816.0 3163.593424512347
0.0 1451.0 85.0 509.0 1852.203913150763
0.0 1307.0 162.0 809.0 3299.1534680415807
0.0 1363.0 130.0 726.0 2751.9719151692057
0.0 1346.0 135.0 767.0 2883.527687578042
0.0 1298.0 162.0 844.0 3396.4852823758806
0.0 1287.0 167.0 888.0 3486.0876235418777
0.0 1363.0 136.0 680.0 2759.3283440047335
0.0 1405.0 106.0 619.0 2325.0071099037386
0.0 1318.0 150.0 845.0 3177.8819752914987
0.0 1449.0 86.0 535.0 1906.5623226642442
0.0 1295.0 168.0 843.0 3391.900530097191
0.0 1384.0 115.0 683.0 2541.2168739249096
0.0 1369.0 122.0 730.0 2640.4293438171917
0.0 1366.0 126.0 729.0 2675.4590598627647
0.0 1333.0 138.0 828.0 3013.1047661445255
0.0 1291.0 159.0 906.0 3460.0818503126234
0.0 1384.0 116.0 674.0 2538.793907660235
0.0 1399.0 109.0 636.0 2332.129773192636
0.0 1362.0 135.0 692.0 2789.615395360037
0.0 1450.0 83.0 499.0 1856.4990975522428
0.0 1350.0 133.0 751.0 2905.070388803925
0.0 1403.0 109.0 610.0 2314.2171968595753
0.0 1312.0 161.0 795.0 3224.2031357412598
0.0 1402.0 108.0 624.0 2349.0130309714136
0.0 1325.0 151.0 769.0 3153.57390817703
0.0 1447.0 87.0 528.0 1916.3827005658186
0.0 1361.0 132.0 714.0 2807.294111182573
0.0 1289.0 160.0 908.0 3490.887537808481
0.0 1369.0 118.0 768.0 2700.568322058742
0.0 1284.0 166.0 912.0 3496.0044998054527
0.0 1458.0 80.0 500.0 1777.8326048504528
0.0 1336.0 143.0 788.0 2996.258868611734
0.0 1297.0 165.0 856.0 3358.654414792968
0.0 1322.0 153.0 776.0 3133.8156367102806
0.0 1363.0 133.0 707.0 2773.285178104918
0.0 1281.0 169.0 908.0 3549.051497217581
0.0 1387.0 118.0 636.0 2529.2950823568494
0.0 1427.0 99.0 554.0 2060.7971799407333
0.0 1351.0 128.0 793.0 2797.934729679617
0.0 1308.0 154.0 836.0 3309.34563115091
0.0 1413.0 107.0 589.0 2266.9305991509177
0.0 1446.0 87.0 539.0 1923.5953240916035
0.0 1420.0 98.0 600.0 2186.611599729695
0.0 1306.0 156.0 854.0 3277.8798104750936
0.0 1310.0 162.0 795.0 3229.913392025282
0.0 1435.0 92.0 555.0 1995.5193983718948
0.0 1355.0 127.0 765.0 2783.2588574263855
0.0 1441.0 89.0 542.0 1969.9769461608582
0.0 1316.0 150.0 853.0 3196.134526093739
0.0 1442.0 87.0 539.0 1963.470767632035
0.0 1396.0 112.0 631.0 2430.3804152232165
0.0 1454.0 84.0 506.0 1822.1090797851655
0.0 1454.0 82.0 499.0 1855.620605614731
0.0 1398.0 109.0 628.0 2374.8852793590872
0.0 1339.0 145.0 756.0 2961.7218346638156
0.0 1353.0 131.0 754.0 2796.3988127567595
0.0 1325.0 143.0 849.0 3124.427951998199
0.0 1357.0 126.0 737.0 2756.8372319611026
0.0 1399.0 110.0 632.0 2331.0718803868335
0.0 1322.0 146.0 811.0 3170.1648440472013
0.0 1292.0 159.0 893.0 3460.359908925829
0.0 1335.0 146.0 756.0 2982.4261902394624
0.0 1380.0 116.0 703.0 2556.660492874794
0.0 1443.0 88.0 547.0 1948.4706243019887
0.0 1296.0 167.0 862.0 3416.5814737663163
0.0 1372.0 127.0 697.0 2652.998925714755
0.0 1303.0 151.0 906.0 3333.7338739480156
0.0 1307.0 167.0 784.0 3270.207231154339
0.0 1418.0 96.0 627.0 2246.029778078486
0.0 1337.0 147.0 751.0 2996.3123646974063
0.0 1329.0 145.0 774.0 3098.2825390858907
0.0 1356.0 126.0 765.0 2755.6924795156046
0.0 1308.0 163.0 817.0 3282.716443495284
0.0 1437.0 91.0 547.0 2024.3324643685214
0.0 1381.0 114.0 700.0 2548.1541482635203
0.0 1308.0 164.0 791.0 3263.8564874326894
0.0 1326.0 146.0 804.0 3087.2227708465803
0.0 1421.0 96.0 587.0 2158.613326396077
0.0 1281.0 169.0 931.0 3536.9813571728073
0.0 1446.0 88.0 525.0 1910.1915868043493
0.0 1389.0 113.0 638.0 2480.0120964561015
0.0 1305.0 151.0 890.0 3316.0546975456627
0.0 1383.0 113.0 715.0 2505.188963420196
0.0 1315.0 152.0 824.0 3242.4715981611644
0.0 1290.0 158.0 923.0 3487.7630664180138
0.0 1459.0 81.0 488.0 1761.2160472486635
0.0 1449.0 86.0 505.0 1909.4633697579352
0.0 1454.0 90.0 472.0 1828.9980724021075
0.0 1445.0 88.0 529.0 1934.454788688079
0.0 1440.0 89.0 536.0 1972.6100418675167
0.0 1360.0 138.0 686.0 2780.782047144261
0.0 1406.0 105.0 622.0 2324.953948146706
0.0 1408.0 102.0 610.0 2285.2320791090406
0.0 1449.0 89.0 494.0 1875.2041741648745
0.0 1460.0 80.0 493.0 1765.4250975514115
0.0 1301.0 167.0 826.0 3334.9750973253626
0.0 1294.0 162.0 872.0 3431.681143407522
0.0 1304.0 160.0 829.0 3328.5815333676233
0.0 1388.0 111.0 699.0 2504.935032997254
0.0 1301.0 164.0 830.0 3362.3468014081964
0.0 1324.0 142.0 853.0 3115.6624948237004
0.0 1350.0 133.0 761.0 2841.2061322439645
0.0 1368.0 129.0 688.0 2715.6960756937992
0.0 1425.0 94.0 578.0 2110.95013596157
0.0 1386.0 114.0 679.0 2515.6581009554366
0.0 1400.0 107.0 640.0 2341.6629797686205
0.0 1314.0 153.0 848.0 3224.2371062504867
0.0 1351.0 135.0 724.0 2878.8631146219054
0.0 1342.0 137.0 796.0 2969.6478933023814
0.0 1311.0 152.0 838.0 3277.2397679846113
0.0 1347.0 133.0 795.0 2866.2692957200834
0.0 1294.0 170.0 849.0 3402.1104587935797
0.0 1392.0 108.0 671.0 2470.555184349906
0.0 1449.0 87.0 520.0 1889.0513637196395
0.0 1455.0 83.0 489.0 1837.235983349654
0.0 1303.0 153.0 882.0 3322.3586160158557
0.0 1375.0 121.0 703.0 2630.141550434305
0.0 1379.0 120.0 677.0 2559.9615742079664
0.0 1441.0 96.0 477.0 1933.2597729310557
0.0 1315.0 152.0 855.0 3213.2244527797016
0.0 1378.0 121.0 693.0 2567.0538457139096
0.0 1285.0 168.0 892.0 3492.124574010966
0.0 1319.0 152.0 809.0 3195.5788733939194
0.0 1324.0 149.0 783.0 3139.621085076292
0.0 1350.0 129.0 805.0 2815.3837839175585
0.0 1301.0 165.0 828.0 3336.8516058522537
0.0 1288.0 163.0 918.0 3456.3743991332644
0.0 1407.0 105.0 604.0 2302.227866948464
0.0 1336.0 141.0 779.0 2997.947137373591
0.0 1304.0 150.0 886.0 3354.3825116979156
0.0 1346.0 144.0 734.0 2892.336604407444
0.0 1300.0 168.0 788.0 3343.0510866753298
0.0 1369.0 124.0 712.0 2651.6717436874105
0.0 1399.0 106.0 636.0 2350.3842401509783
0.0 1450.0 86.0 492.0 1841.0809143925635
0.0 1357.0 128.0 735.0 2767.417159156356
0.0 1290.0 158.0 930.0 3474.5763448189186
0.0 1434.0 93.0 549.0 2062.2461856606715
0.0 1309.0 154.0 856.0 3274.2331900513873
0.0 1341.0 148.0 744.0 2950.9262525942263
0.0 1298.0 165.0 830.0 3398.693298890721
0.0 1365.0 120.0 766.0 2746.0513030638317
0.0 1414.0 101.0 626.0 2230.039537662044
0.0 1445.0 87.0 541.0 1930.3443316754694
0.0 1370.0 120.0 737.0 2642.428753985673
0.0 1312.0 154.0 822.0 3263.0761470024468
0.0 1366.0 131.0 704.0 2732.852081501377
0.0 1462.0 79.0 485.0 1755.6264042084078
0.0 1392.0 108.0 674.0 2450.432307200051
0.0 1418.0 97.0 625.0 2245.318933131148
0.0 1375.0 120.0 743.0 2583.6215558251206
0.0 1431.0 95.0 526.0 2057.4946722292
0.0 1454.0 85.0 479.0 1848.397895307002
0.0 1326.0 155.0 758.0 3121.4534100862893
0.0 1444.0 91.0 520.0 1936.921962288746
0.0 1436.0 89.0 561.0 2052.882667906172
0.0 1289.0 163.0 882.0 3423.436843333917
0.0 1448.0 87.0 503.0 1891.656931512386
0.0 1443.0 85.0 571.0 2005.780127110004
0.0 1321.0 156.0 768.0 3149.556185279291
0.0 1303.0 156.0 872.0 3347.9352445764653
0.0 1455.0 85.0 505.0 1832.0296499105702
0.0 1365.0 129.0 722.0 2732.0884411707116
0.0 1404.0 108.0 601.0 2295.6851568175543
0.0 1376.0 116.0 711.0 2595.104537114768
0.0 1301.0 161.0 836.0 3359.17303111544
0.0 1379.0 120.0 703.0 2512.1794387066807
0.0 1280.0 168.0 913.0 3561.497672951748
0.0 1455.0 87.0 486.0 1810.5888610017093
0.0 1320.0 147.0 829.0 3170.0083319193113
0.0 1367.0 131.0 690.0 2711.3748628784147
0.0 1439.0 91.0 550.0 2002.2445439146397
0.0 1454.0 90.0 474.0 1827.8892488103625
0.0 1338.0 147.0 741.0 2997.0060176931356
0.0 1356.0 138.0 710.0 2818.7148836277556
0.0 1370.0 122.0 717.0 2631.4657484823524
0.0 1289.0 159.0 930.0 3491.5218438678207
0.0 1374.0 126.0 694.0 2645.9646104664143
0.0 1312.0 151.0 872.0 3244.5820812459583
0.0 1454.0 83.0 486.0 1839.1228563250684
0.0 1337.0 138.0 788.0 2975.652848150479
0.0 1407.0 104.0 640.0 2331.0276080578546
0.0 1305.0 158.0 866.0 3288.9950530710435
0.0 1386.0 111.0 718.0 2545.7980568631915
0.0 1321.0 150.0 802.0 3154.4305189203433
0.0 1303.0 158.0 852.0 3304.0929358600547
0.0 1463.0 79.0 478.0 1733.8582324077884
0.0 1455.0 81.0 509.0 1842.5832308156482
0.0 1314.0 151.0 831.0 3231.216683429268
0.0 1287.0 166.0 889.0 3483.2078390637344
0.0 1305.0 157.0 820.0 3311.796394148876
0.0 1360.0 135.0 694.0 2767.9653859944033
0.0 1423.0 96.0 550.0 2098.8111296478114
