0.0 1398.0 108.0 636.0 2387.8949509309755
0.0 1398.0 107.0 648.0 2359.27632538001
0.0 1369.0 128.0 707.0 2693.998014953462
0.0 1431.0 95.0 543.0 2044.9391168368588
0.0 1397.0 108.0 646.0 2383.353649447488
0.0 1285.0 167.0 915.0 3495.0370620545814
0.0 1353.0 129.0 764.0 2812.7387247539946
0.0 1401.0 105.0 648.0 2347.0230107639813
0.0 1400.0 107.0 628.0 2352.817412030057
0.0 1303.0 153.0 882.0 3337.748672973731
0.0 1311.0 151.0 846.0 3296.3437101764853
0.0 1296.0 167.0 816.0 3401.185175859039
0.0 1314.0 154.0 844.0 3223.9029688420487
0.0 1372.0 120.0 736.0 2617.4591304371734
0.0 1456.0 82.0 513.0 1798.574929152932
0.0 1455.0 83.0 493.0 1847.21059283655
0.0 1308.0 152.0 885.0 3277.6266840192716
0.0 1329.0 146.0 793.0 3076.084754361431
0.0 1303.0 150.0 912.0 3328.3679389389254
0.0 1297.0 161.0 862.0 3420.3066498576923
0.0 1442.0 88.0 526.0 1951.6232948976744
0.0 1437.0 91.0 540.0 1983.6433625102475
0.0 1451.0 87.0 491.0 1838.6753940499293
0.0 1414.0 103.0 586.0 2242.9973650655475
0.0 1378.0 113.0 758.0 2613.6063410536754
0.0 1325.0 156.0 755.0 3111.185072895158
0.0 1446.0 83.0 536.0 1911.3408974676247
0.0 1291.0 171.0 844.0 3445.8263743297002
0.0 1412.0 105.0 586.0 2272.124552612435
0.0 1356.0 126.0 750.0 2764.2871587805876
0.0 1368.0 130.0 722.0 2722.2347722977725
0.0 1452.0 87.0 486.0 1886.293214207604
0.0 1433.0 100.0 513.0 2025.9671330866531
0.0 1341.0 139.0 803.0 2986.5892704747325
0.0 1315.0 150.0 844.0 3189.199345337839
0.0 1304.0 149.0 920.0 3326.206255437654
0.0 1328.0 138.0 853.0 3107.475744016543
0.0 1445.0 87.0 534.0 1943.516835249555
0.0 1292.0 158.0 909.0 3458.6274144051267
0.0 1321.0 144.0 844.0 3165.974113693791
0.0 1321.0 157.0 769.0 3125.3941264680116
0.0 1364.0 126.0 740.0 2707.117416263503
0.0 1302.0 160.0 840.0 3336.0306118525505
0.0 1378.0 121.0 718.0 2569.409824870773
0.0 1307.0 154.0 859.0 3283.0581918915886
0.0 1316.0 155.0 810.0 3194.3424750568793
0.0 1415.0 103.0 575.0 2206.1696608263996
0.0 1285.0 166.0 885.0 3513.7741960319076
0.0 1446.0 87.0 533.0 1914.1755444445091
0.0 1282.0 167.0 926.0 3511.2315330973797
0.0 1370.0 121.0 725.0 2625.288577243506
0.0 1290.0 159.0 910.0 3488.995642903956
0.0 1304.0 156.0 858.0 3327.7086605853983
0.0 1310.0 152.0 859.0 3253.1850498664553
0.0 1299.0 165.0 837.0 3338.2522501817575
0.0 1307.0 152.0 895.0 3277.139389750828
0.0 1310.0 160.0 807.0 3231.2972488117794
0.0 1324.0 158.0 757.0 3100.5842464365487
0.0 1347.0 133.0 770.0 2878.498544547012
0.0 1335.0 153.0 745.0 3012.9845031317227
0.0 1421.0 94.0 591.0 2124.5802569186258
0.0 1301.0 161.0 841.0 3344.5506605240234
0.0 1335.0 148.0 768.0 3034.6933182285625
0.0 1449.0 87.0 489.0 1885.2889015863282
0.0 1305.0 156.0 850.0 3322.629496106532
0.0 1327.0 146.0 799.0 3143.6737638154873
0.0 1313.0 151.0 846.0 3225.504804234649
0.0 1420.0 98.0 596.0 2147.231210189339
0.0 1337.0 145.0 760.0 2989.267844728938
0.0 1298.0 167.0 845.0 3350.187340659389
0.0 1392.0 108.0 678.0 2471.5760723249596
0.0 1291.0 157.0 927.0 3464.958411691051
0.0 1432.0 94.0 557.0 2037.2645346306654
0.0 1329.0 140.0 796.0 3114.6847211798627
0.0 1295.0 167.0 847.0 3401.6002170067823
0.0 1319.0 152.0 815.0 3173.7120491692626
0.0 1282.0 170.0 903.0 3516.0298017982814
0.0 1452.0 85.0 498.0 1840.6748042184106
0.0 1329.0 152.0 765.0 3076.7745566847416
0.0 1385.0 119.0 658.0 2545.809332369856
0.0 1420.0 100.0 586.0 2170.7354830008853
0.0 1307.0 161.0 807.0 3294.0724032471107
0.0 1292.0 158.0 899.0 3469.40312208312
0.0 1302.0 157.0 859.0 3361.26854986999
0.0 1326.0 153.0 785.0 3107.85435772905
0.0 1458.0 81.0 500.0 1782.480547797656
0.0 1451.0 81.0 530.0 1872.3791132962606
0.0 1351.0 129.0 784.0 2802.284073216932
0.0 1371.0 127.0 705.0 2669.3849778208837
0.0 1334.0 139.0 792.0 2989.061237104329
0.0 1385.0 114.0 701.0 2547.40517753729
0.0 1390.0 113.0 673.0 2429.1916172536976
0.0 1287.0 168.0 895.0 3474.1589821116127
0.0 1299.0 161.0 861.0 3388.5799137515933
0.0 1344.0 138.0 791.0 2942.632018575615
0.0 1343.0 137.0 807.0 2979.1114150278363
0.0 1455.0 85.0 492.0 1833.7349679806919
0.0 1329.0 148.0 766.0 3044.138838199921
0.0 1314.0 152.0 845.0 3228.607117591128
0.0 1456.0 84.0 495.0 1812.768596267328
0.0 1394.0 112.0 678.0 2441.01642071609
0.0 1281.0 168.0 935.0 3535.9066610594004
0.0 1430.0 95.0 555.0 2083.86074115137
0.0 1423.0 98.0 563.0 2078.5745088005588
0.0 1378.0 118.0 724.0 2548.485918323444
0.0 1352.0 130.0 766.0 2834.3768994885218
0.0 1397.0 108.0 648.0 2366.9611637079956
0.0 1445.0 87.0 535.0 1930.0269576905416
0.0 1448.0 87.0 511.0 1922.1833694822683
0.0 1416.0 100.0 617.0 2224.259846478223
0.0 1285.0 169.0 879.0 3516.678648941616
0.0 1354.0 130.0 763.0 2779.7193422055657
0.0 1374.0 120.0 727.0 2651.6460718284325
0.0 1330.0 143.0 780.0 3073.6723430533934
0.0 1302.0 153.0 903.0 3351.354436610439
0.0 1316.0 152.0 839.0 3187.486262796957
0.0 1292.0 160.0 886.0 3470.4280767576743
0.0 1304.0 153.0 883.0 3331.5456575730677
0.0 1463.0 80.0 472.0 1739.9206492282387
0.0 1353.0 133.0 723.0 2875.192173562367
0.0 1375.0 123.0 681.0 2613.0282089644697
0.0 1290.0 167.0 876.0 3450.1349125412394
0.0 1345.0 136.0 767.0 2895.778127659877
0.0 1454.0 87.0 485.0 1841.969965396628
0.0 1367.0 122.0 746.0 2664.508792137077
0.0 1344.0 136.0 774.0 2942.9186112610014
0.0 1335.0 147.0 782.0 3037.9795191940657
0.0 1369.0 125.0 708.0 2646.0111895632936
0.0 1416.0 100.0 624.0 2214.4200696295857
0.0 1344.0 141.0 725.0 2931.7331468446982
0.0 1411.0 98.0 635.0 2302.814173116947
0.0 1395.0 111.0 683.0 2422.4842919221737
0.0 1386.0 112.0 708.0 2544.709528738704
0.0 1444.0 91.0 537.0 1950.960268515468
0.0 1290.0 160.0 900.0 3490.34012761411
0.0 1289.0 166.0 904.0 3452.9043557487234
0.0 1454.0 83.0 495.0 1854.001094399396
0.0 1388.0 110.0 682.0 2478.860577418855
0.0 1326.0 153.0 801.0 3098.4670666405013
0.0 1334.0 138.0 817.0 3003.533248913031
0.0 1445.0 86.0 550.0 1937.1987611472978
0.0 1437.0 90.0 544.0 2029.896510767849
0.0 1409.0 102.0 600.0 2227.1781101151437
0.0 1423.0 97.0 562.0 2110.021673894727
0.0 1441.0 90.0 533.0 2002.7361726928045
0.0 1320.0 145.0 865.0 3188.9995070764444
0.0 1342.0 135.0 817.0 2921.9476973284577
0.0 1403.0 107.0 612.0 2321.694828217794
0.0 1407.0 101.0 623.0 2245.2244216808194
0.0 1311.0 148.0 874.0 3294.6238445293798
0.0 1455.0 82.0 502.0 1854.1250417261424
0.0 1385.0 116.0 681.0 2554.967383721757
0.0 1460.0 84.0 467.0 1759.9341368282448
0.0 1417.0 101.0 561.0 2204.5675979720963
0.0 1392.0 110.0 653.0 2474.33725434334
0.0 1336.0 142.0 759.0 3023.420995347213
0.0 1405.0 104.0 622.0 2337.07733494756
0.0 1354.0 129.0 760.0 2797.2356842889535
0.0 1313.0 155.0 834.0 3249.0453009882885
0.0 1390.0 113.0 650.0 2461.073193694571
0.0 1294.0 158.0 892.0 3428.1229357165003
0.0 1308.0 155.0 847.0 3305.299955271653
0.0 1432.0 91.0 565.0 2031.9736587148632
0.0 1429.0 101.0 517.0 2069.7429719383053
0.0 1383.0 116.0 690.0 2547.334545080426
0.0 1425.0 98.0 565.0 2068.75165301884
0.0 1399.0 106.0 645.0 2362.5831606941797
0.0 1391.0 109.0 700.0 2482.802945687105
0.0 1305.0 154.0 852.0 3323.3953554341774
0.0 1427.0 95.0 574.0 2120.8529212319218
0.0 1356.0 124.0 791.0 2821.8330920607877
0.0 1358.0 123.0 776.0 2810.5541133931697
0.0 1358.0 124.0 773.0 2807.9725372251446
0.0 1323.0 145.0 837.0 3130.212885942731
0.0 1283.0 169.0 899.0 3523.7741993647687
0.0 1304.0 167.0 788.0 3292.610257707023
0.0 1306.0 152.0 875.0 3300.6247551104666
0.0 1332.0 146.0 788.0 3027.8271817768514
0.0 1351.0 134.0 723.0 2890.5795718241134
0.0 1298.0 161.0 844.0 3391.503133373785
0.0 1451.0 82.0 522.0 1867.7364582643384
0.0 1402.0 109.0 596.0 2321.3344337736457
0.0 1303.0 156.0 886.0 3321.0644759605566
0.0 1302.0 165.0 817.0 3342.469839853636
0.0 1329.0 147.0 776.0 3116.2657840667084
0.0 1350.0 142.0 727.0 2890.8255935806537
0.0 1308.0 153.0 868.0 3276.1018574025265
0.0 1303.0 169.0 791.0 3297.8127047422363
0.0 1293.0 170.0 848.0 3434.397453195085
0.0 1447.0 89.0 513.0 1894.048285645541
0.0 1303.0 165.0 829.0 3308.864559618599
0.0 1325.0 154.0 785.0 3106.6184666953495
0.0 1300.0 169.0 801.0 3370.822577954965
0.0 1291.0 158.0 914.0 3475.3334276841097
0.0 1358.0 128.0 746.0 2769.9579953873817
0.0 1303.0 149.0 930.0 3337.7078332353785
0.0 1368.0 122.0 738.0 2663.1992427389814
0.0 1413.0 101.0 602.0 2232.836346600781
0.0 1298.0 161.0 850.0 3391.2704043415038
0.0 1456.0 85.0 479.0 1793.331823617397
0.0 1388.0 112.0 686.0 2464.201882196091
0.0 1451.0 88.0 486.0 1891.808404051915
0.0 1458.0 82.0 494.0 1797.38511308076
0.0 1319.0 148.0 845.0 3186.174198763527
0.0 1367.0 130.0 693.0 2727.0461542421544
0.0 1386.0 119.0 646.0 2535.633839363651
0.0 1459.0 84.0 469.0 1764.8903035304481
0.0 1344.0 133.0 801.0 2889.963373374609
0.0 1448.0 88.0 526.0 1898.8994262855185
0.0 1412.0 102.0 597.0 2257.5711950071473
0.0 1293.0 157.0 899.0 3457.18974156575
0.0 1349.0 131.0 795.0 2834.1273782327175
0.0 1328.0 149.0 780.0 3090.1979592920584
0.0 1308.0 162.0 811.0 3250.259714244104
0.0 1321.0 152.0 811.0 3207.0323141290332
0.0 1294.0 162.0 869.0 3421.7585245316914
0.0 1333.0 139.0 802.0 3017.6790835751303
0.0 1418.0 101.0 580.0 2186.021745390581
0.0 1333.0 139.0 824.0 3016.478567954823
0.0 1459.0 81.0 488.0 1763.4227552968034
0.0 1306.0 165.0 823.0 3302.1426942969897
0.0 1295.0 162.0 859.0 3424.1030833090845
0.0 1388.0 115.0 681.0 2473.5612225120994
0.0 1460.0 79.0 491.0 1770.8977349038182
0.0 1417.0 100.0 606.0 2252.3419383596183
0.0 1391.0 109.0 704.0 2476.565428782776
0.0 1299.0 154.0 910.0 3397.8253861620797
0.0 1462.0 81.0 478.0 1749.8981690073347
0.0 1399.0 106.0 687.0 2352.6858575530605
0.0 1322.0 150.0 799.0 3147.618008829075
0.0 1282.0 169.0 903.0 3528.2146930956733
0.0 1317.0 149.0 822.0 3205.555954884497
0.0 1372.0 127.0 701.0 2673.1638445343006
0.0 1360.0 135.0 734.0 2813.615423323749
0.0 1404.0 110.0 596.0 2301.989984331125
0.0 1389.0 111.0 704.0 2445.3501717332106
0.0 1296.0 162.0 851.0 3394.7808609112785
0.0 1377.0 123.0 690.0 2608.408963386578
0.0 1387.0 113.0 692.0 2485.0971833406716
0.0 1435.0 94.0 530.0 1979.4868339827367
0.0 1352.0 130.0 768.0 2807.9933432947023
0.0 1322.0 153.0 787.0 3147.269884923553
0.0 1453.0 82.0 503.0 1809.549979027481
0.0 1450.0 89.0 485.0 1857.996876894304
0.0 1453.0 84.0 499.0 1876.1890844036616
