0.0 1282.0 165.0 922.0 3541.7786527584617
0.0 1370.0 130.0 690.0 2692.717214666196
0.0 1352.0 131.0 764.0 2835.9414806420427
0.0 1456.0 81.0 498.0 1799.9908169399487
0.0 1315.0 146.0 848.0 3226.795739265526
0.0 1351.0 134.0 749.0 2820.4321729350504
0.0 1327.0 141.0 826.0 3088.495560507456
0.0 1293.0 158.0 895.0 3460.600602940513
0.0 1435.0 92.0 547.0 2001.362768945649
0.0 1290.0 166.0 856.0 3447.082998612261
0.0 1441.0 93.0 524.0 1967.99592510253
0.0 1441.0 92.0 522.0 1976.7778817820633
0.0 1363.0 135.0 708.0 2768.938528476327
0.0 1293.0 170.0 849.0 3410.4391379763288
0.0 1342.0 136.0 786.0 2946.5779549712825
0.0 1311.0 148.0 882.0 3304.511960590957
0.0 1351.0 130.0 789.0 2811.847077338664
0.0 1454.0 84.0 491.0 1853.419185481872
0.0 1306.0 156.0 832.0 3305.5192133524733
0.0 1355.0 127.0 760.0 2793.254616069208
0.0 1376.0 121.0 691.0 2580.6064845395595
0.0 1312.0 157.0 837.0 3268.5086048607204
0.0 1302.0 152.0 916.0 3345.286441903532
0.0 1319.0 150.0 845.0 3193.95223936269
0.0 1310.0 161.0 799.0 3249.5978861715716
0.0 1387.0 115.0 693.0 2482.7163336271637
0.0 1320.0 149.0 824.0 3195.064530277735
0.0 1344.0 143.0 750.0 2921.2098878528536
0.0 1343.0 135.0 791.0 2898.9556368482827
0.0 1403.0 105.0 626.0 2327.7340418779017
0.0 1429.0 95.0 560.0 2046.6543891416472
0.0 1293.0 158.0 896.0 3443.7901623098473
0.0 1424.0 93.0 584.0 2073.3126387893185
0.0 1325.0 144.0 825.0 3103.8435504783874
0.0 1453.0 82.0 509.0 1864.3569125027382
0.0 1312.0 161.0 796.0 3234.3917714016816
0.0 1340.0 137.0 804.0 2999.051425025397
0.0 1406.0 105.0 646.0 2304.464613976123
0.0 1285.0 168.0 886.0 3508.743070028979
0.0 1403.0 109.0 604.0 2296.3278782707807
0.0 1360.0 126.0 758.0 2731.787102489332
0.0 1353.0 129.0 783.0 2772.905410481481
0.0 1364.0 126.0 741.0 2723.185724131268
0.0 1299.0 161.0 851.0 3384.05761591834
0.0 1313.0 151.0 843.0 3217.2615386687426
0.0 1291.0 158.0 912.0 3465.0119420712645
0.0 1411.0 102.0 590.0 2202.542433611933
0.0 1369.0 127.0 724.0 2713.6806971341925
0.0 1444.0 87.0 548.0 1954.1248705067374
0.0 1297.0 168.0 843.0 3382.190236069952
0.0 1322.0 155.0 797.0 3127.42106986256
0.0 1355.0 130.0 753.0 2765.2655713582903
0.0 1394.0 112.0 618.0 2416.239727437124
0.0 1289.0 168.0 875.0 3454.5167198519243
0.0 1377.0 119.0 715.0 2602.808500355175
0.0 1310.0 152.0 848.0 3289.4215962034305
0.0 1454.0 85.0 506.0 1834.7200107938747
0.0 1445.0 87.0 548.0 1936.0249628255071
0.0 1404.0 106.0 621.0 2276.647653590211
0.0 1402.0 106.0 641.0 2296.2899158499
0.0 1438.0 88.0 585.0 2050.7688421041935
0.0 1333.0 149.0 778.0 3050.189829135802
0.0 1302.0 157.0 863.0 3345.1977451771604
0.0 1309.0 163.0 781.0 3251.4943038552815
0.0 1332.0 150.0 774.0 3068.8780476582165
0.0 1425.0 96.0 573.0 2077.0949735269674
0.0 1335.0 142.0 811.0 3024.6584756851285
0.0 1430.0 96.0 558.0 2088.023197849036
0.0 1437.0 90.0 540.0 1995.7147615887418
0.0 1386.0 118.0 638.0 2513.4657251140484
0.0 1364.0 134.0 700.0 2750.959294197995
0.0 1321.0 152.0 790.0 3174.7153626595746
0.0 1346.0 138.0 786.0 2916.0520565375223
0.0 1430.0 96.0 556.0 2104.9403871464347
0.0 1303.0 151.0 917.0 3331.738623245975
0.0 1291.0 159.0 900.0 3473.3946285652087
0.0 1331.0 153.0 772.0 3044.543727909455
0.0 1301.0 165.0 833.0 3329.744814400413
0.0 1311.0 152.0 834.0 3280.5776784156587
0.0 1336.0 136.0 821.0 2977.73881482515
0.0 1453.0 88.0 494.0 1855.5292202726057
0.0 1436.0 91.0 573.0 2067.195905736054
0.0 1333.0 151.0 765.0 3029.123747070408
0.0 1454.0 81.0 515.0 1866.2130493161314
0.0 1287.0 165.0 908.0 3452.786591200785
0.0 1295.0 161.0 859.0 3412.748279104404
0.0 1290.0 159.0 916.0 3466.459263494921
0.0 1345.0 133.0 807.0 2893.3131715950954
0.0 1356.0 127.0 755.0 2772.352902054704
0.0 1343.0 140.0 753.0 2938.635365714321
0.0 1303.0 153.0 898.0 3353.5131038432046
0.0 1292.0 160.0 880.0 3450.645025110677
0.0 1379.0 116.0 723.0 2589.362496497348
0.0 1416.0 101.0 569.0 2214.1167112091107
0.0 1386.0 114.0 674.0 2518.89568881488
0.0 1346.0 137.0 781.0 2918.962579669355
0.0 1455.0 85.0 497.0 1818.6151437592985
0.0 1284.0 170.0 879.0 3524.234030056384
0.0 1372.0 127.0 712.0 2688.331855747124
0.0 1336.0 148.0 763.0 3005.5736501300134
0.0 1367.0 123.0 744.0 2653.7195447003755
0.0 1460.0 82.0 476.0 1770.444509024813
0.0 1295.0 170.0 831.0 3380.096873664934
0.0 1370.0 127.0 720.0 2689.2013353972106
0.0 1283.0 169.0 903.0 3520.7622180936146
0.0 1303.0 168.0 825.0 3285.288530627289
0.0 1347.0 134.0 779.0 2861.014077692976
0.0 1303.0 160.0 836.0 3324.713930469355
0.0 1312.0 151.0 850.0 3270.475294276704
0.0 1325.0 149.0 776.0 3142.010584588057
0.0 1345.0 138.0 769.0 2942.175259075036
0.0 1459.0 85.0 465.0 1775.2256603647713
0.0 1403.0 105.0 619.0 2337.5916279134563
0.0 1366.0 122.0 758.0 2687.5365639657366
0.0 1302.0 167.0 827.0 3302.4044931711005
0.0 1286.0 166.0 909.0 3473.5885390882713
0.0 1364.0 133.0 718.0 2773.835019363316
0.0 1336.0 149.0 748.0 3013.5599722186143
0.0 1457.0 85.0 477.0 1796.100944341156
0.0 1357.0 138.0 729.0 2827.0207023661414
0.0 1321.0 149.0 848.0 3165.145920222588
0.0 1282.0 168.0 925.0 3527.1703541713937
0.0 1415.0 101.0 594.0 2265.2611190887797
0.0 1308.0 149.0 868.0 3294.483322411756
0.0 1402.0 103.0 662.0 2348.0658221080002
0.0 1447.0 89.0 489.0 1907.5830737018584
0.0 1303.0 154.0 865.0 3367.9851963836895
0.0 1463.0 80.0 474.0 1735.316514760722
0.0 1304.0 152.0 890.0 3325.5398667177806
0.0 1452.0 82.0 510.0 1847.8805071620475
0.0 1426.0 92.0 612.0 2168.6699185202738
0.0 1291.0 159.0 897.0 3478.1967840028506
0.0 1398.0 110.0 624.0 2373.827386553284
0.0 1455.0 83.0 485.0 1830.505684208709
0.0 1452.0 86.0 497.0 1826.1922249358124
0.0 1414.0 101.0 598.0 2263.8951726929045
0.0 1306.0 155.0 843.0 3337.2436632800977
0.0 1414.0 99.0 626.0 2228.661266298433
0.0 1443.0 88.0 534.0 1930.428064967849
0.0 1384.0 117.0 681.0 2493.901935844694
0.0 1408.0 103.0 607.0 2248.8822274224553
0.0 1433.0 93.0 545.0 2005.753101210355
0.0 1370.0 129.0 692.0 2686.0160919070104
0.0 1285.0 167.0 919.0 3502.1551232493316
0.0 1311.0 162.0 810.0 3226.854155899399
0.0 1322.0 145.0 837.0 3156.6614680948555
0.0 1418.0 99.0 606.0 2241.689231761915
0.0 1356.0 127.0 766.0 2761.3802945360335
0.0 1401.0 110.0 652.0 2365.367995807103
0.0 1308.0 152.0 849.0 3290.0660563244764
0.0 1302.0 154.0 891.0 3342.340376143282
0.0 1350.0 133.0 766.0 2869.6373621428834
0.0 1297.0 167.0 840.0 3400.702791434108
0.0 1355.0 127.0 762.0 2772.1392210345184
0.0 1459.0 84.0 478.0 1777.8557323156829
0.0 1404.0 105.0 674.0 2316.0433427139706
0.0 1296.0 168.0 815.0 3400.389504222204
0.0 1440.0 86.0 587.0 2048.1899845321896
0.0 1379.0 119.0 700.0 2550.816977623756
0.0 1328.0 150.0 772.0 3079.998181211762
0.0 1309.0 151.0 851.0 3278.7147435046577
0.0 1433.0 92.0 565.0 2049.4455815165006
0.0 1402.0 108.0 613.0 2362.4954317356637
0.0 1323.0 144.0 856.0 3116.3594722814246
0.0 1287.0 164.0 916.0 3472.131052295938
0.0 1409.0 100.0 619.0 2219.6656487113464
0.0 1334.0 150.0 761.0 3002.75759546489
0.0 1410.0 101.0 618.0 2286.546370228002
0.0 1371.0 119.0 720.0 2668.6066746519473
0.0 1366.0 128.0 716.0 2734.8066814194813
0.0 1375.0 118.0 702.0 2611.3996717826053
0.0 1331.0 145.0 788.0 3080.2263825050313
0.0 1306.0 163.0 800.0 3310.2080964058864
0.0 1407.0 110.0 569.0 2257.8420830046075
0.0 1291.0 158.0 914.0 3448.5823967673064
0.0 1287.0 167.0 893.0 3478.3148653168205
0.0 1307.0 151.0 887.0 3323.8652973263424
0.0 1428.0 94.0 581.0 2093.3427971837805
0.0 1460.0 80.0 490.0 1739.869990074393
0.0 1424.0 96.0 575.0 2098.1716811290025
0.0 1319.0 154.0 830.0 3190.2272517481347
0.0 1293.0 168.0 860.0 3393.563274303889
0.0 1402.0 109.0 617.0 2330.1975789672474
0.0 1308.0 163.0 812.0 3248.4558377775766
0.0 1315.0 156.0 823.0 3199.8534416545435
0.0 1457.0 81.0 505.0 1793.543647745903
0.0 1422.0 97.0 566.0 2127.3091461903737
0.0 1383.0 118.0 682.0 2568.646860237823
0.0 1403.0 107.0 610.0 2339.6679490005076
0.0 1341.0 147.0 758.0 2967.98039545896
0.0 1376.0 117.0 715.0 2624.966057197669
0.0 1334.0 148.0 775.0 3022.651972244778
0.0 1290.0 160.0 906.0 3489.940881804146
0.0 1416.0 100.0 588.0 2214.2562168519394
0.0 1345.0 138.0 790.0 2927.2278005059507
0.0 1302.0 160.0 841.0 3362.619573906593
0.0 1304.0 164.0 802.0 3305.548724637394
0.0 1416.0 106.0 584.0 2207.972424660186
0.0 1326.0 144.0 821.0 3111.9892075872012
0.0 1374.0 120.0 700.0 2614.2221895851203
0.0 1366.0 132.0 705.0 2749.130282831604
0.0 1369.0 129.0 709.0 2713.662313817771
0.0 1357.0 128.0 739.0 2776.878725190508
0.0 1294.0 164.0 845.0 3422.85229825595
0.0 1287.0 166.0 905.0 3475.463423380442
0.0 1405.0 109.0 593.0 2278.472902824435
0.0 1391.0 108.0 712.0 2489.647357670588
0.0 1401.0 108.0 679.0 2346.663367182359
0.0 1461.0 80.0 480.0 1745.8927864890657
0.0 1407.0 106.0 611.0 2308.7069669820426
0.0 1419.0 98.0 593.0 2177.193977826468
0.0 1389.0 110.0 666.0 2470.3569995631296
0.0 1373.0 120.0 709.0 2605.692378485052
0.0 1378.0 119.0 709.0 2575.604241509225
0.0 1356.0 128.0 741.0 2759.540761763639
0.0 1304.0 157.0 846.0 3333.134624978272
0.0 1390.0 112.0 647.0 2465.7248893034753
0.0 1294.0 163.0 887.0 3398.352070802425
0.0 1291.0 165.0 880.0 3433.990664992524
0.0 1458.0 81.0 506.0 1791.473553467555
0.0 1446.0 86.0 542.0 1938.7839398721362
0.0 1401.0 109.0 638.0 2409.0954828165673
0.0 1393.0 111.0 640.0 2430.2690194775337
0.0 1325.0 146.0 784.0 3154.3859358152695
0.0 1327.0 150.0 781.0 3090.40178744622
0.0 1329.0 147.0 766.0 3094.1107159856915
0.0 1405.0 110.0 582.0 2303.595835305428
0.0 1421.0 101.0 582.0 2165.3063721646254
0.0 1366.0 133.0 702.0 2750.3295260897266
0.0 1292.0 159.0 900.0 3445.4863877465555
0.0 1445.0 88.0 523.0 1918.6540035176747
0.0 1452.0 86.0 485.0 1885.3756626707627
0.0 1440.0 88.0 543.0 1980.1617014447747
0.0 1361.0 126.0 755.0 2755.575861272111
0.0 1335.0 145.0 774.0 3044.743931226591
0.0 1365.0 132.0 711.0 2722.795642122103
0.0 1390.0 111.0 648.0 2466.454231228578
0.0 1362.0 133.0 722.0 2782.8121768024375
0.0 1339.0 138.0 789.0 2970.6613051418453
0.0 1340.0 146.0 732.0 2977.030633988962
