0.0 1364.0 128.0 742.0 2768.6941946168604
0.0 1404.0 107.0 624.0 2322.259125520417
0.0 1415.0 102.0 600.0 2211.9512840960433
0.0 1300.0 158.0 873.0 3368.3541406306767
0.0 1391.0 107.0 713.0 2477.378906036383
0.0 1325.0 140.0 882.0 3145.6549659668367
0.0 1332.0 146.0 779.0 3069.7527518625066
0.0 1377.0 114.0 759.0 2604.631882192908
0.0 1449.0 86.0 538.0 1893.8769844266933
0.0 1321.0 148.0 791.0 3168.418854739705
0.0 1393.0 107.0 699.0 2462.032456933797
0.0 1364.0 130.0 717.0 2731.4520962351316
0.0 1422.0 99.0 562.0 2140.3813835844207
0.0 1445.0 86.0 546.0 1942.3185685861135
0.0 1325.0 160.0 747.0 3090.648102583432
0.0 1356.0 124.0 787.0 2823.152469550049
0.0 1435.0 90.0 574.0 2051.3598694277853
0.0 1432.0 92.0 563.0 2041.0985252222126
0.0 1392.0 111.0 652.0 2426.8828023477345
0.0 1346.0 133.0 769.0 2882.780535615543
0.0 1459.0 86.0 465.0 1774.320097915416
0.0 1307.0 153.0 879.0 3317.1143780688335
0.0 1297.0 168.0 831.0 3400.486533217573
0.0 1456.0 84.0 495.0 1805.3038787855342
0.0 1412.0 101.0 619.0 2265.687811520298
0.0 1350.0 128.0 804.0 2809.6758953947856
0.0 1339.0 142.0 755.0 2959.383201301393
0.0 1315.0 153.0 806.0 3228.582819028742
0.0 1434.0 96.0 531.0 2003.0132410672609
0.0 1437.0 91.0 542.0 2019.4422960429376
0.0 1302.0 151.0 921.0 3342.8773076499383
0.0 1300.0 168.0 806.0 3339.2122016335106
0.0 1326.0 148.0 799.0 3132.008641155084
0.0 1421.0 99.0 589.0 2163.056803580578
0.0 1331.0 146.0 776.0 3081.6700748049198
0.0 1379.0 115.0 727.0 2598.5880920622276
0.0 1290.0 165.0 893.0 3437.441848714428
0.0 1315.0 159.0 788.0 3201.413003380513
0.0 1386.0 114.0 706.0 2477.190733421206
0.0 1308.0 152.0 853.0 3325.8892158521735
0.0 1325.0 147.0 790.0 3157.3424483554822
0.0 1458.0 83.0 495.0 1779.5239951527892
0.0 1292.0 159.0 888.0 3459.0318950314227
0.0 1336.0 153.0 735.0 2999.5671604341974
0.0 1396.0 107.0 666.0 2390.745471625341
0.0 1368.0 124.0 725.0 2664.3022877345506
0.0 1424.0 95.0 596.0 2123.651504778574
0.0 1380.0 118.0 702.0 2523.022576990114
0.0 1449.0 87.0 489.0 1889.8545033401776
0.0 1374.0 120.0 723.0 2600.30189150847
0.0 1442.0 88.0 536.0 1951.6453352408419
0.0 1419.0 99.0 591.0 2154.9738710271454
0.0 1370.0 128.0 704.0 2685.436539582086
0.0 1335.0 148.0 752.0 2984.730062103208
0.0 1330.0 143.0 847.0 3074.0060138786916
0.0 1369.0 129.0 694.0 2695.5055877103023
0.0 1308.0 161.0 810.0 3250.74540101034
0.0 1309.0 152.0 877.0 3247.8028324247057
0.0 1293.0 157.0 912.0 3435.385300681137
0.0 1414.0 103.0 599.0 2250.508315437877
0.0 1333.0 145.0 784.0 3038.6122225863796
0.0 1333.0 138.0 809.0 3012.047394242653
0.0 1320.0 155.0 800.0 3159.5887428212563
0.0 1442.0 87.0 560.0 2002.1652741428143
0.0 1366.0 130.0 707.0 2723.7722767735977
0.0 1452.0 85.0 518.0 1838.1318810737237
0.0 1424.0 98.0 567.0 2108.9278944598764
0.0 1308.0 155.0 824.0 3272.6685228325227
0.0 1357.0 127.0 744.0 2762.78138482321
0.0 1399.0 109.0 642.0 2368.534358267359
0.0 1458.0 81.0 505.0 1795.2039448779171
0.0 1298.0 160.0 854.0 3393.4040791635985
0.0 1447.0 88.0 521.0 1904.3024987991764
0.0 1428.0 98.0 551.0 2073.6474986654484
0.0 1458.0 84.0 481.0 1778.730696820505
0.0 1440.0 90.0 556.0 1983.5984123447813
0.0 1332.0 152.0 778.0 3039.8408820956793
0.0 1437.0 93.0 550.0 2000.9103709441026
0.0 1292.0 165.0 859.0 3411.3008721353863
0.0 1301.0 154.0 903.0 3358.872758160742
0.0 1373.0 128.0 675.0 2658.4006956987428
0.0 1424.0 98.0 581.0 2104.5328668112656
0.0 1320.0 151.0 799.0 3195.258551468142
0.0 1343.0 142.0 768.0 2957.106468290819
0.0 1331.0 139.0 871.0 3075.906395594347
0.0 1372.0 127.0 697.0 2679.005513311409
0.0 1304.0 149.0 920.0 3328.9715263473713
0.0 1394.0 107.0 662.0 2464.926290377625
0.0 1454.0 84.0 489.0 1844.8837621131738
0.0 1306.0 165.0 804.0 3275.449468957732
0.0 1388.0 111.0 687.0 2480.393834658129
0.0 1294.0 159.0 872.0 3437.847174834471
0.0 1390.0 114.0 648.0 2478.8949772997385
0.0 1308.0 152.0 863.0 3261.115308540459
0.0 1382.0 116.0 694.0 2563.0017716737734
0.0 1323.0 147.0 838.0 3151.8744315611857
0.0 1305.0 152.0 897.0 3296.5594904521313
0.0 1350.0 132.0 744.0 2914.6236217682394
0.0 1288.0 159.0 932.0 3492.3390426589385
0.0 1345.0 132.0 804.0 2893.074539220963
0.0 1306.0 152.0 886.0 3291.516515410021
0.0 1376.0 119.0 698.0 2580.5204629754717
0.0 1337.0 146.0 753.0 3015.420319529008
0.0 1438.0 87.0 587.0 2034.2940151713478
0.0 1291.0 157.0 921.0 3467.3978487714726
0.0 1322.0 155.0 780.0 3148.496175106391
0.0 1284.0 164.0 918.0 3481.7168386581775
0.0 1344.0 138.0 777.0 2919.9406342575776
0.0 1292.0 170.0 838.0 3435.811794986139
0.0 1389.0 108.0 726.0 2502.431336725316
0.0 1331.0 151.0 745.0 3078.8530116744096
0.0 1325.0 143.0 830.0 3081.1540312838806
0.0 1303.0 160.0 825.0 3334.663242686264
0.0 1330.0 154.0 772.0 3079.142385872124
0.0 1407.0 104.0 600.0 2301.39369465233
0.0 1292.0 158.0 907.0 3453.0009877593484
0.0 1460.0 78.0 503.0 1758.1214678398721
0.0 1450.0 87.0 493.0 1826.1026637515029
0.0 1306.0 153.0 875.0 3349.867007924438
0.0 1306.0 157.0 890.0 3288.334872124433
0.0 1288.0 165.0 890.0 3445.6747712637075
0.0 1438.0 88.0 564.0 2018.121336004374
0.0 1391.0 110.0 664.0 2466.159820911249
0.0 1402.0 109.0 601.0 2315.5291196584117
0.0 1367.0 133.0 685.0 2722.490788597445
0.0 1284.0 164.0 924.0 3481.484109625896
0.0 1384.0 116.0 692.0 2562.1800072475417
0.0 1455.0 85.0 477.0 1798.8651243481384
0.0 1293.0 159.0 885.0 3461.9080280862013
0.0 1315.0 147.0 857.0 3228.404137365821
0.0 1309.0 153.0 855.0 3268.9357519206405
0.0 1393.0 112.0 670.0 2410.2852466313125
0.0 1400.0 107.0 645.0 2354.37401172863
0.0 1459.0 84.0 479.0 1764.1033688132006
0.0 1301.0 167.0 825.0 3360.767703009405
0.0 1386.0 115.0 689.0 2514.026040858085
0.0 1301.0 152.0 927.0 3350.2923573811763
0.0 1330.0 140.0 843.0 3098.6003415724063
0.0 1457.0 81.0 507.0 1799.7201774088912
0.0 1447.0 87.0 525.0 1902.5438080408292
0.0 1445.0 87.0 539.0 1941.695231772834
0.0 1343.0 143.0 744.0 2946.5046353348207
0.0 1353.0 127.0 772.0 2796.7122575777453
0.0 1458.0 86.0 467.0 1776.960418515146
0.0 1389.0 109.0 716.0 2505.9454699191447
0.0 1286.0 164.0 926.0 3472.0423569287464
0.0 1303.0 157.0 859.0 3331.7001670674867
0.0 1370.0 127.0 714.0 2698.6511579614184
0.0 1416.0 95.0 620.0 2251.6942575508083
0.0 1303.0 165.0 811.0 3338.543445478755
0.0 1284.0 166.0 908.0 3498.3255205289743
0.0 1402.0 107.0 613.0 2336.6357525839835
0.0 1365.0 134.0 705.0 2763.3791306384283
0.0 1344.0 137.0 784.0 2941.3785403865363
0.0 1319.0 150.0 844.0 3161.296972441309
0.0 1306.0 159.0 840.0 3295.708624604816
0.0 1328.0 153.0 767.0 3107.391569367258
0.0 1296.0 161.0 862.0 3418.3142802165153
0.0 1341.0 138.0 798.0 2970.8444580710843
0.0 1448.0 86.0 511.0 1897.9561915752386
0.0 1317.0 149.0 840.0 3184.2796430001804
0.0 1302.0 155.0 879.0 3373.510915137593
0.0 1328.0 142.0 845.0 3101.7413706669668
0.0 1414.0 101.0 613.0 2279.572862021115
0.0 1362.0 134.0 708.0 2781.1734741668606
0.0 1369.0 123.0 721.0 2640.6904322391083
0.0 1320.0 154.0 806.0 3136.4674598108522
0.0 1343.0 134.0 823.0 2914.196646745873
0.0 1388.0 114.0 694.0 2456.6031686045926
0.0 1321.0 144.0 857.0 3132.7747141555665
0.0 1292.0 164.0 889.0 3425.3226498648214
0.0 1371.0 127.0 715.0 2680.025912171108
0.0 1457.0 85.0 485.0 1788.5533181909284
0.0 1304.0 164.0 824.0 3298.213707715784
0.0 1308.0 160.0 807.0 3284.3473736486676
0.0 1451.0 83.0 511.0 1868.2086730665387
0.0 1344.0 135.0 816.0 2955.0686787680756
0.0 1291.0 168.0 861.0 3444.364305087087
0.0 1293.0 165.0 863.0 3398.110716475505
0.0 1401.0 107.0 635.0 2350.1662470300075
0.0 1292.0 158.0 899.0 3467.0442283774096
0.0 1311.0 151.0 853.0 3272.834533903338
0.0 1336.0 138.0 793.0 2991.545689292268
0.0 1304.0 164.0 808.0 3324.1186340714135
0.0 1362.0 133.0 726.0 2798.343269774428
0.0 1304.0 157.0 845.0 3311.3326456616533
0.0 1373.0 122.0 711.0 2640.289635721766
0.0 1353.0 128.0 769.0 2806.647981912184
0.0 1296.0 170.0 833.0 3383.0943955442367
0.0 1345.0 135.0 794.0 2941.282065372991
0.0 1333.0 150.0 761.0 3044.2002225803935
0.0 1409.0 102.0 600.0 2227.141050550678
0.0 1420.0 94.0 620.0 2233.817841904723
0.0 1411.0 105.0 597.0 2253.585914903804
0.0 1331.0 136.0 855.0 3083.5778663167903
0.0 1450.0 85.0 511.0 1871.396842911917
0.0 1324.0 157.0 768.0 3096.7823978462316
0.0 1443.0 89.0 524.0 1933.9051385972116
0.0 1309.0 154.0 840.0 3301.2206457385305
0.0 1287.0 164.0 911.0 3485.664598454962
0.0 1435.0 93.0 532.0 2031.9744470416292
0.0 1303.0 165.0 830.0 3296.7127974025902
0.0 1316.0 154.0 844.0 3226.8425492404026
0.0 1441.0 91.0 538.0 1977.9431479848647
0.0 1391.0 110.0 689.0 2427.8068030130944
0.0 1351.0 128.0 794.0 2798.8069995875694
0.0 1402.0 106.0 661.0 2337.1941889366185
0.0 1313.0 156.0 843.0 3248.9241375938004
0.0 1365.0 133.0 711.0 2768.1427056193866
0.0 1319.0 145.0 872.0 3177.5967416803783
0.0 1302.0 167.0 810.0 3314.130032284392
0.0 1428.0 96.0 584.0 2123.2651498696655
0.0 1304.0 151.0 891.0 3330.2430332978147
0.0 1286.0 167.0 897.0 3484.925007531399
0.0 1444.0 88.0 542.0 1946.112178669449
0.0 1299.0 161.0 855.0 3371.160902053518
0.0 1325.0 153.0 784.0 3119.0060387981785
0.0 1457.0 82.0 481.0 1829.4797187155766
0.0 1391.0 109.0 704.0 2481.2604877498425
0.0 1293.0 158.0 895.0 3462.9965562106886
0.0 1368.0 122.0 738.0 2645.671812978629
0.0 1454.0 85.0 482.0 1803.7024668532126
0.0 1372.0 121.0 726.0 2619.5969257489796
0.0 1436.0 92.0 539.0 2019.019549393024
0.0 1461.0 78.0 499.0 1770.1527224337494
0.0 1417.0 100.0 594.0 2222.518284685457
0.0 1375.0 121.0 707.0 2605.434206255142
0.0 1433.0 99.0 527.0 2051.4339043253667
0.0 1301.0 151.0 930.0 3357.6060520807337
0.0 1307.0 155.0 837.0 3301.246438072088
0.0 1338.0 146.0 756.0 2989.8620468682448
0.0 1284.0 166.0 895.0 3511.856519576263
0.0 1307.0 151.0 886.0 3281.6990881628267
0.0 1304.0 158.0 838.0 3323.798898747624
0.0 1290.0 160.0 910.0 3484.092962125502
0.0 1332.0 140.0 831.0 3046.9983233396006
0.0 1336.0 139.0 780.0 2975.0712529258362
0.0 1348.0 132.0 789.0 2849.5565257034636
0.0 1337.0 148.0 745.0 2988.8957172529163
0.0 1372.0 129.0 683.0 2670.5869982784297
0.0 1375.0 117.0 712.0 2606.972231619442
0.0 1451.0 82.0 527.0 1874.1431173653382
0.0 1313.0 160.0 801.0 3222.0207559019714
0.0 1370.0 131.0 685.0 2699.3412435197833
