0.0 1353.0 126.0 785.0 2785.6199308463433
0.0 1326.0 146.0 808.0 3152.316964837137
0.0 1352.0 129.0 790.0 2806.7838068292954
0.0 1315.0 150.0 834.0 3237.1583896888774
0.0 1302.0 154.0 899.0 3352.429132723846
0.0 1391.0 107.0 715.0 2487.5709344360116
0.0 1306.0 165.0 815.0 3279.887746405956
0.0 1452.0 87.0 474.0 1836.45326184189
0.0 1418.0 98.0 610.0 2223.0722525444053
0.0 1455.0 85.0 493.0 1829.4182624174775
0.0 1411.0 101.0 620.0 2287.6268392067473
0.0 1335.0 147.0 758.0 2988.1018342964394
0.0 1297.0 167.0 833.0 3389.705145378326
0.0 1285.0 165.0 895.0 3497.842808214761
0.0 1432.0 94.0 561.0 2033.4295505392563
0.0 1366.0 133.0 701.0 2740.187372893499
0.0 1391.0 113.0 690.0 2428.122085560543
0.0 1363.0 129.0 747.0 2742.797050128409
0.0 1450.0 88.0 492.0 1900.5496620365013
0.0 1326.0 155.0 750.0 3096.7623344180197
0.0 1335.0 146.0 765.0 3011.4330386337147
0.0 1373.0 120.0 733.0 2623.705947615213
0.0 1452.0 87.0 482.0 1825.9966389687431
0.0 1288.0 169.0 861.0 3453.9094638663164
0.0 1461.0 81.0 482.0 1761.036853411298
0.0 1451.0 84.0 494.0 1863.8081225007213
0.0 1443.0 89.0 524.0 1938.4707403510613
0.0 1341.0 139.0 784.0 2941.20271629739
0.0 1456.0 84.0 490.0 1778.8112804078091
0.0 1454.0 82.0 490.0 1830.6015707677286
0.0 1368.0 123.0 728.0 2644.193561852449
0.0 1309.0 151.0 875.0 3253.2897383770974
0.0 1292.0 165.0 886.0 3433.579843932
0.0 1415.0 101.0 604.0 2202.5546851804843
0.0 1421.0 100.0 551.0 2167.2362702353967
0.0 1300.0 160.0 851.0 3368.515937176577
0.0 1454.0 86.0 488.0 1802.7635307034714
0.0 1372.0 126.0 711.0 2683.571667059644
0.0 1349.0 132.0 791.0 2835.202074346124
0.0 1378.0 119.0 707.0 2602.224030596339
0.0 1440.0 92.0 537.0 1993.2111869865885
0.0 1372.0 129.0 685.0 2681.931375593355
0.0 1424.0 95.0 572.0 2096.7454677946057
0.0 1352.0 131.0 740.0 2894.180553569826
0.0 1290.0 160.0 898.0 3479.9815824367993
0.0 1307.0 155.0 841.0 3306.1794619168554
0.0 1441.0 91.0 544.0 1967.0189143074572
0.0 1309.0 156.0 823.0 3285.752810150509
0.0 1370.0 122.0 719.0 2637.0921751281317
0.0 1309.0 157.0 843.0 3264.774930485757
0.0 1315.0 151.0 839.0 3203.3757623623696
0.0 1409.0 99.0 639.0 2323.927137790223
0.0 1448.0 88.0 532.0 1899.2168002704464
0.0 1330.0 149.0 800.0 3082.59590336373
0.0 1291.0 159.0 905.0 3476.892290943289
0.0 1308.0 161.0 803.0 3265.6663006708445
0.0 1358.0 128.0 731.0 2766.020827890491
0.0 1356.0 128.0 735.0 2774.9566019520116
0.0 1420.0 99.0 605.0 2170.973156914047
0.0 1459.0 82.0 484.0 1788.2458676979775
0.0 1360.0 125.0 745.0 2773.2452143716528
0.0 1293.0 159.0 882.0 3451.149083476328
0.0 1369.0 118.0 751.0 2679.2592444066154
0.0 1314.0 150.0 863.0 3228.4503469341876
0.0 1439.0 91.0 534.0 2015.817659288667
0.0 1369.0 123.0 730.0 2643.036750116674
0.0 1368.0 127.0 698.0 2717.178246513212
0.0 1288.0 159.0 932.0 3496.867584848322
0.0 1366.0 130.0 704.0 2712.795615878285
0.0 1451.0 86.0 505.0 1851.3049256873337
0.0 1324.0 150.0 795.0 3149.436165516993
0.0 1423.0 96.0 610.0 2152.11451956953
0.0 1289.0 165.0 880.0 3443.992320127387
0.0 1451.0 87.0 490.0 1897.431898611567
0.0 1413.0 100.0 621.0 2253.157265145204
0.0 1296.0 162.0 854.0 3415.8277084923466
0.0 1298.0 169.0 807.0 3377.5126886550484
0.0 1406.0 103.0 621.0 2274.888794363444
0.0 1366.0 129.0 714.0 2711.451131168131
0.0 1284.0 167.0 887.0 3509.5580312453203
0.0 1286.0 166.0 882.0 3455.5855022611067
0.0 1453.0 84.0 499.0 1831.2171661809205
0.0 1437.0 88.0 568.0 2041.2347091355432
0.0 1453.0 83.0 505.0 1853.0198836268514
0.0 1453.0 82.0 507.0 1863.2960876108089
0.0 1367.0 121.0 771.0 2710.1345462582126
0.0 1444.0 87.0 543.0 1930.6114274493775
0.0 1459.0 80.0 488.0 1750.5020552713927
0.0 1375.0 118.0 734.0 2606.9859157110873
0.0 1385.0 117.0 677.0 2551.550597210245
0.0 1301.0 165.0 834.0 3325.047931618078
0.0 1303.0 164.0 827.0 3299.1105051764926
0.0 1290.0 164.0 884.0 3438.3339616828794
0.0 1313.0 153.0 845.0 3211.87920181604
0.0 1311.0 154.0 863.0 3252.0426037778825
0.0 1340.0 143.0 758.0 2968.1962638344703
0.0 1333.0 142.0 830.0 3066.5449188065286
0.0 1286.0 168.0 869.0 3501.565304455892
0.0 1442.0 89.0 543.0 1959.1056215851152
0.0 1443.0 87.0 552.0 1962.8676016405252
0.0 1305.0 156.0 855.0 3342.8890174858884
0.0 1289.0 164.0 898.0 3442.047450370586
0.0 1445.0 88.0 504.0 1911.1429445605959
0.0 1457.0 85.0 486.0 1786.1250404025045
0.0 1430.0 92.0 548.0 2055.4522997760414
0.0 1292.0 159.0 892.0 3457.359979880943
0.0 1408.0 111.0 591.0 2337.256666627908
0.0 1311.0 157.0 836.0 3270.819194092441
0.0 1438.0 89.0 550.0 1974.2560540929187
0.0 1304.0 154.0 857.0 3359.971314479299
0.0 1301.0 151.0 930.0 3357.643111645199
0.0 1353.0 128.0 779.0 2778.0967979521115
0.0 1462.0 81.0 478.0 1749.7687117941177
0.0 1401.0 108.0 642.0 2394.6669926418876
0.0 1350.0 136.0 718.0 2893.478872655231
0.0 1349.0 133.0 760.0 2930.454619281741
0.0 1348.0 134.0 755.0 2923.8568519714086
0.0 1358.0 130.0 711.0 2756.5344313380588
0.0 1354.0 128.0 765.0 2809.8451027283004
0.0 1361.0 134.0 704.0 2784.0611523159314
0.0 1392.0 108.0 698.0 2469.242776700289
0.0 1395.0 110.0 670.0 2409.305285521948
0.0 1446.0 86.0 559.0 1937.343269327896
0.0 1453.0 89.0 476.0 1827.2160567806602
0.0 1457.0 86.0 482.0 1792.2783817225045
0.0 1388.0 117.0 651.0 2452.277279036164
0.0 1347.0 133.0 794.0 2883.183036040182
0.0 1416.0 98.0 622.0 2224.9028497239833
0.0 1428.0 97.0 541.0 2054.929623664704
0.0 1423.0 101.0 547.0 2163.142034315414
0.0 1299.0 153.0 891.0 3381.356573591853
0.0 1396.0 111.0 673.0 2393.650095806964
0.0 1451.0 83.0 517.0 1875.4505425110265
0.0 1416.0 101.0 586.0 2202.460673378851
0.0 1351.0 130.0 766.0 2851.9030272740083
0.0 1404.0 108.0 593.0 2267.6779289580622
0.0 1334.0 139.0 802.0 3023.747136312837
0.0 1332.0 149.0 780.0 3066.942435132891
0.0 1421.0 96.0 619.0 2179.4351044356677
0.0 1432.0 95.0 542.0 2067.2691799114755
0.0 1303.0 150.0 909.0 3334.1458016323663
0.0 1447.0 87.0 512.0 1925.4031939567813
0.0 1308.0 152.0 863.0 3256.549706786609
0.0 1280.0 169.0 920.0 3570.278938202108
0.0 1439.0 88.0 549.0 2011.4249682360032
0.0 1303.0 150.0 925.0 3324.7677118900424
0.0 1304.0 167.0 806.0 3314.876850664593
0.0 1321.0 151.0 837.0 3143.330831468702
0.0 1372.0 128.0 693.0 2675.5146076709657
0.0 1344.0 133.0 804.0 2900.759377548948
0.0 1388.0 112.0 674.0 2481.741073078864
0.0 1335.0 138.0 809.0 3005.3399485411032
0.0 1402.0 110.0 606.0 2331.694110628962
0.0 1423.0 93.0 593.0 2160.036712952157
0.0 1294.0 165.0 866.0 3406.4883039745705
0.0 1453.0 85.0 495.0 1859.8104698856469
0.0 1296.0 158.0 868.0 3414.328593135456
0.0 1397.0 109.0 637.0 2387.1913984459975
0.0 1363.0 133.0 700.0 2760.6720278301336
0.0 1380.0 115.0 736.0 2536.2030432462834
0.0 1365.0 129.0 717.0 2718.1336761793937
0.0 1295.0 171.0 831.0 3393.6593276507415
0.0 1449.0 88.0 499.0 1872.3566783419633
0.0 1452.0 86.0 490.0 1880.5234591271308
0.0 1454.0 80.0 510.0 1811.5493891959622
0.0 1366.0 128.0 724.0 2727.1944984026923
0.0 1441.0 92.0 536.0 1969.4242239095402
0.0 1417.0 97.0 631.0 2247.776652479021
0.0 1386.0 114.0 689.0 2486.593511528799
0.0 1374.0 113.0 768.0 2657.4709481224922
0.0 1301.0 160.0 848.0 3358.212463116101
0.0 1431.0 91.0 569.0 2072.837095137095
0.0 1375.0 120.0 723.0 2624.557428095244
0.0 1368.0 130.0 708.0 2706.558891471615
0.0 1419.0 100.0 630.0 2189.2682665405705
0.0 1347.0 131.0 806.0 2877.237741808854
0.0 1335.0 141.0 805.0 3005.155178015011
0.0 1386.0 118.0 660.0 2548.445979654716
0.0 1405.0 107.0 601.0 2283.434716735719
0.0 1402.0 107.0 622.0 2293.627304221114
0.0 1401.0 108.0 657.0 2352.688973615535
0.0 1331.0 146.0 769.0 3101.3764373376157
0.0 1346.0 137.0 784.0 2916.829634922862
0.0 1391.0 108.0 708.0 2455.6843136582265
0.0 1344.0 141.0 753.0 2954.3403528920257
0.0 1324.0 144.0 840.0 3087.6373128845607
0.0 1449.0 86.0 507.0 1887.3305506240195
0.0 1283.0 167.0 911.0 3499.547227404189
0.0 1410.0 104.0 570.0 2218.349004394273
0.0 1365.0 130.0 708.0 2720.4657093594087
0.0 1283.0 166.0 899.0 3518.3001450131596
0.0 1344.0 134.0 797.0 2886.5095272986314
0.0 1456.0 86.0 477.0 1794.6336528555557
0.0 1287.0 164.0 899.0 3447.395596445939
0.0 1370.0 128.0 701.0 2699.4485815098215
0.0 1308.0 153.0 858.0 3276.744851268255
0.0 1353.0 130.0 758.0 2771.0828637712075
0.0 1375.0 127.0 669.0 2629.3851445671653
0.0 1436.0 94.0 559.0 2047.9382100997566
0.0 1322.0 144.0 866.0 3120.5672369800477
0.0 1410.0 105.0 566.0 2275.1613910927827
0.0 1350.0 130.0 786.0 2826.316200194763
0.0 1308.0 151.0 895.0 3274.149610389909
0.0 1402.0 106.0 641.0 2306.0041871269186
0.0 1338.0 136.0 793.0 2976.3425294139793
0.0 1321.0 158.0 762.0 3130.9480761607697
0.0 1457.0 81.0 489.0 1792.0897203954291
0.0 1283.0 167.0 910.0 3517.0797238535392
0.0 1442.0 91.0 534.0 1953.7170056656005
0.0 1305.0 157.0 843.0 3327.693540604724
0.0 1406.0 106.0 593.0 2298.953221500503
0.0 1341.0 138.0 794.0 2955.1540094608213
0.0 1387.0 115.0 662.0 2499.370134490171
0.0 1305.0 154.0 868.0 3344.521493166499
0.0 1334.0 150.0 758.0 3030.2224885986243
0.0 1389.0 115.0 653.0 2503.6216744335907
0.0 1386.0 119.0 646.0 2531.105297174267
0.0 1460.0 82.0 484.0 1766.1577485422238
0.0 1399.0 108.0 677.0 2395.5091445130643
0.0 1422.0 98.0 571.0 2155.009133794737
0.0 1434.0 93.0 551.0 2055.36936761784
0.0 1428.0 97.0 537.0 2063.6854958513672
0.0 1456.0 82.0 485.0 1822.783786316258
0.0 1459.0 85.0 461.0 1787.8469806250137
0.0 1323.0 147.0 797.0 3157.0203763215627
0.0 1441.0 90.0 541.0 2011.2053838069035
0.0 1403.0 105.0 637.0 2357.936934023556
0.0 1320.0 147.0 841.0 3165.994777560583
0.0 1360.0 128.0 747.0 2763.4570107137347
0.0 1302.0 158.0 868.0 3356.694779017857
0.0 1377.0 118.0 732.0 2616.059571439658
0.0 1371.0 128.0 708.0 2691.8612102354555
0.0 1458.0 81.0 494.0 1765.4287630438655
0.0 1343.0 136.0 772.0 2935.2138291531464
0.0 1431.0 93.0 556.0 2049.0004717908746
0.0 1300.0 160.0 854.0 3362.6408533820454
0.0 1353.0 128.0 776.0 2814.8880777704107
0.0 1323.0 142.0 860.0 3135.2574022035456
0.0 1305.0 166.0 807.0 3284.3352468528196
0.0 1377.0 120.0 734.0 2581.4920114397073
0.0 1326.0 151.0 796.0 3144.661925861358
0.0 1313.0 148.0 837.0 3260.390130778421
