0.0 1458.0 84.0 483.0 1788.8856656556684
0.0 1432.0 91.0 564.0 2033.9235351962036
0.0 1455.0 88.0 472.0 1811.3385903360966
0.0 1358.0 123.0 782.0 2803.4937364746124
0.0 1303.0 164.0 834.0 3295.6381012891834
0.0 1359.0 134.0 721.0 2814.7175192651816
0.0 1352.0 129.0 790.0 2804.38785355912
0.0 1312.0 147.0 871.0 3266.8979860658205
0.0 1340.0 143.0 733.0 2980.9878609060825
0.0 1455.0 83.0 497.0 1796.3863678383539
0.0 1315.0 151.0 843.0 3201.331438042348
0.0 1334.0 145.0 787.0 3033.5436136132284
0.0 1417.0 106.0 573.0 2199.3607330255995
0.0 1367.0 128.0 702.0 2727.8491690933183
0.0 1440.0 90.0 566.0 1998.3440948711514
0.0 1324.0 147.0 798.0 3153.177229913852
0.0 1304.0 160.0 823.0 3330.9839108835795
0.0 1375.0 114.0 740.0 2597.431464817638
0.0 1390.0 112.0 640.0 2455.934772388624
0.0 1457.0 80.0 505.0 1783.569004007877
0.0 1452.0 86.0 480.0 1873.6423027789406
0.0 1454.0 84.0 481.0 1848.5782204041393
0.0 1304.0 151.0 903.0 3316.029101242743
0.0 1341.0 145.0 756.0 2950.269821625618
0.0 1331.0 147.0 767.0 3074.788969378618
0.0 1294.0 162.0 858.0 3428.6920510321365
0.0 1388.0 115.0 668.0 2504.776349822435
0.0 1284.0 166.0 901.0 3507.6538112161743
0.0 1366.0 130.0 694.0 2719.5700169870006
0.0 1300.0 161.0 834.0 3373.199429709147
0.0 1458.0 79.0 492.0 1782.4579160460842
0.0 1436.0 88.0 580.0 2074.025627534426
0.0 1440.0 89.0 561.0 2023.1628077386065
0.0 1305.0 158.0 828.0 3316.2377529560213
0.0 1297.0 160.0 852.0 3408.7454719276507
0.0 1336.0 142.0 795.0 3019.319170558179
0.0 1328.0 141.0 805.0 3109.194333358636
0.0 1387.0 114.0 679.0 2524.152056837514
0.0 1305.0 154.0 880.0 3337.8549189786004
0.0 1452.0 86.0 484.0 1835.1458366962017
0.0 1308.0 151.0 860.0 3275.1685043501507
0.0 1447.0 87.0 528.0 1916.3827005658186
0.0 1295.0 164.0 860.0 3380.8972302451484
0.0 1323.0 149.0 828.0 3152.0425272498906
0.0 1294.0 159.0 878.0 3435.3153401052987
0.0 1418.0 99.0 595.0 2189.9922559002966
0.0 1425.0 101.0 561.0 2161.7909422029275
0.0 1295.0 162.0 869.0 3418.75974375405
0.0 1344.0 134.0 796.0 2947.137146904675
0.0 1379.0 119.0 684.0 2547.981867152372
0.0 1323.0 146.0 811.0 3175.519748484794
0.0 1305.0 153.0 887.0 3300.036564081494
0.0 1360.0 130.0 756.0 2758.2686220942664
0.0 1296.0 170.0 838.0 3376.5366327000957
0.0 1463.0 80.0 464.0 1731.6179548918221
0.0 1372.0 128.0 697.0 2668.9400555029547
0.0 1402.0 104.0 643.0 2341.2616672157255
0.0 1431.0 90.0 575.0 2055.771782999336
0.0 1302.0 167.0 814.0 3333.2818780420594
0.0 1318.0 145.0 857.0 3192.6432769126704
0.0 1395.0 113.0 634.0 2462.2177738636374
0.0 1332.0 149.0 771.0 3070.784937263786
0.0 1300.0 158.0 861.0 3386.3016094960026
0.0 1377.0 117.0 731.0 2545.884437072163
0.0 1355.0 127.0 760.0 2797.7831582585927
0.0 1305.0 156.0 842.0 3309.6899184866306
0.0 1454.0 85.0 505.0 1839.2153941974138
0.0 1448.0 86.0 551.0 1920.1445457265634
0.0 1439.0 93.0 523.0 1981.1339358743267
0.0 1292.0 159.0 888.0 3463.5604372208068
0.0 1370.0 128.0 704.0 2701.206189333412
0.0 1406.0 106.0 593.0 2296.7465134523627
0.0 1401.0 105.0 627.0 2334.340141192816
0.0 1342.0 134.0 813.0 2956.400253213145
0.0 1318.0 154.0 795.0 3201.629114093748
0.0 1375.0 124.0 689.0 2603.1141599982607
0.0 1378.0 116.0 733.0 2612.0400767442384
0.0 1327.0 149.0 802.0 3110.916119019204
0.0 1283.0 166.0 914.0 3542.2959280705404
0.0 1329.0 141.0 830.0 3087.29588775409
0.0 1287.0 167.0 891.0 3482.9160901379096
0.0 1459.0 80.0 496.0 1758.4211633682821
0.0 1287.0 166.0 924.0 3475.647120672734
0.0 1307.0 158.0 858.0 3299.491207457378
0.0 1284.0 165.0 921.0 3500.749300211371
0.0 1329.0 151.0 770.0 3072.8434166826796
0.0 1354.0 132.0 757.0 2827.619405142545
0.0 1451.0 83.0 516.0 1863.356469522907
0.0 1399.0 108.0 635.0 2316.744672957309
0.0 1365.0 123.0 756.0 2680.92993735307
0.0 1455.0 85.0 489.0 1796.9162145987018
0.0 1449.0 87.0 495.0 1878.3535497213277
0.0 1324.0 146.0 810.0 3111.409378614968
0.0 1454.0 89.0 475.0 1839.4998909345068
0.0 1453.0 86.0 493.0 1827.589843910411
0.0 1283.0 167.0 925.0 3517.315867359734
0.0 1320.0 151.0 775.0 3167.4266835992407
0.0 1411.0 104.0 573.0 2222.29713978347
0.0 1412.0 101.0 612.0 2251.2703411700986
0.0 1441.0 90.0 516.0 1960.6526179358139
0.0 1444.0 86.0 550.0 1938.1630870266356
0.0 1355.0 126.0 784.0 2771.3856311176
0.0 1449.0 82.0 516.0 1879.448195126101
0.0 1424.0 97.0 578.0 2131.7063155307965
0.0 1429.0 94.0 571.0 2051.663214413159
0.0 1304.0 152.0 899.0 3314.781963214905
0.0 1389.0 110.0 690.0 2470.3464320892335
0.0 1310.0 151.0 851.0 3230.0492602525615
0.0 1322.0 150.0 843.0 3148.0085378318495
0.0 1420.0 95.0 606.0 2202.959223944843
0.0 1311.0 153.0 835.0 3274.650457562352
0.0 1303.0 151.0 917.0 3331.868080459192
0.0 1333.0 148.0 759.0 3055.0929181905335
0.0 1455.0 84.0 489.0 1798.7916774404366
0.0 1402.0 105.0 617.0 2325.640893869275
0.0 1447.0 87.0 515.0 1917.4129146862972
0.0 1286.0 168.0 904.0 3478.6115865160473
0.0 1404.0 108.0 606.0 2283.4553239949414
0.0 1335.0 152.0 745.0 3011.7954208643937
0.0 1392.0 110.0 671.0 2473.111001730188
0.0 1328.0 147.0 803.0 3073.775120672826
0.0 1335.0 138.0 812.0 2987.5662886423106
0.0 1379.0 118.0 695.0 2580.042837691891
0.0 1450.0 85.0 513.0 1912.6066362497586
0.0 1334.0 143.0 803.0 3014.062074829035
0.0 1370.0 131.0 686.0 2695.721377310993
0.0 1302.0 159.0 841.0 3346.352812889936
0.0 1299.0 162.0 837.0 3367.3785466522822
0.0 1454.0 81.0 520.0 1867.5040036460719
0.0 1295.0 168.0 842.0 3402.435241531325
0.0 1337.0 148.0 769.0 3016.632602202323
0.0 1341.0 138.0 821.0 2975.4758137687422
0.0 1350.0 134.0 741.0 2903.981860679438
0.0 1385.0 117.0 674.0 2542.9242415195804
0.0 1404.0 105.0 603.0 2312.934406677574
0.0 1313.0 155.0 829.0 3219.8625609299925
0.0 1304.0 161.0 835.0 3298.033183498051
0.0 1431.0 91.0 559.0 2057.887759151869
0.0 1291.0 165.0 866.0 3444.9399632959503
0.0 1300.0 164.0 837.0 3352.0298711481664
0.0 1302.0 156.0 870.0 3375.8873484155188
0.0 1314.0 159.0 793.0 3203.893783855161
0.0 1459.0 81.0 471.0 1756.0179128317827
0.0 1347.0 133.0 777.0 2859.145367146492
0.0 1446.0 87.0 532.0 1922.9928427803975
0.0 1367.0 124.0 728.0 2652.9008051726355
0.0 1457.0 83.0 491.0 1800.7357161903724
0.0 1289.0 160.0 910.0 3501.0795662081096
0.0 1445.0 87.0 539.0 1928.0316587713314
0.0 1298.0 162.0 858.0 3407.193666322881
0.0 1424.0 90.0 628.0 2131.1262693994126
0.0 1421.0 97.0 579.0 2172.029290088017
0.0 1301.0 169.0 815.0 3329.0861815197513
0.0 1369.0 122.0 722.0 2632.639692933519
0.0 1314.0 154.0 824.0 3242.6754761832926
0.0 1444.0 88.0 512.0 1925.0501129326456
0.0 1294.0 171.0 835.0 3428.746712497325
0.0 1330.0 153.0 756.0 3072.0384980693198
0.0 1356.0 123.0 801.0 2813.7904166775756
0.0 1282.0 168.0 929.0 3517.6946219471647
0.0 1387.0 118.0 644.0 2535.247342831924
0.0 1403.0 104.0 652.0 2332.313897197435
0.0 1361.0 134.0 707.0 2808.68448694728
0.0 1342.0 137.0 803.0 2971.723093606934
0.0 1330.0 145.0 784.0 3082.076091142928
0.0 1325.0 144.0 819.0 3094.8466545602832
0.0 1291.0 161.0 886.0 3477.9834578724426
0.0 1348.0 134.0 769.0 2852.2777708049684
0.0 1293.0 170.0 854.0 3434.0722090531995
0.0 1302.0 153.0 873.0 3381.3362312158783
0.0 1395.0 109.0 664.0 2446.837749988844
0.0 1434.0 93.0 543.0 2042.3716143143567
0.0 1327.0 143.0 829.0 3107.450910360836
0.0 1440.0 87.0 580.0 2026.4150500616906
0.0 1319.0 152.0 779.0 3171.450901615639
0.0 1353.0 133.0 721.0 2867.040336433196
0.0 1403.0 110.0 601.0 2358.0725353544053
0.0 1398.0 108.0 634.0 2377.57346531813
0.0 1441.0 89.0 557.0 1988.308846009073
0.0 1339.0 146.0 776.0 3000.9812002511167
0.0 1300.0 160.0 841.0 3389.212551239131
0.0 1374.0 114.0 766.0 2643.232323853638
0.0 1330.0 137.0 851.0 3081.256814479724
0.0 1389.0 110.0 718.0 2443.0923480779456
0.0 1324.0 156.0 756.0 3114.5359045567025
0.0 1372.0 115.0 734.0 2616.559651964892
0.0 1410.0 101.0 615.0 2280.2484789784703
0.0 1452.0 82.0 516.0 1855.6716311949215
0.0 1331.0 150.0 752.0 3060.936955845654
0.0 1313.0 161.0 792.0 3222.9454862156795
0.0 1299.0 168.0 821.0 3382.9094590998848
0.0 1283.0 169.0 903.0 3516.2336759042305
0.0 1398.0 108.0 631.0 2378.227163396143
0.0 1419.0 97.0 624.0 2183.8266121570296
0.0 1432.0 95.0 560.0 2041.8174017115823
0.0 1299.0 161.0 854.0 3374.8542338994152
0.0 1443.0 87.0 526.0 1937.2402658966307
0.0 1397.0 107.0 665.0 2381.6583768665037
0.0 1455.0 82.0 502.0 1854.1250417261424
0.0 1293.0 164.0 878.0 3406.3333093746055
0.0 1421.0 102.0 570.0 2145.0172482456915
0.0 1320.0 146.0 838.0 3165.1732528431116
0.0 1374.0 129.0 671.0 2665.5620347886893
0.0 1423.0 99.0 596.0 2134.9835168243903
0.0 1351.0 134.0 729.0 2890.8598862445756
0.0 1371.0 128.0 702.0 2704.9545922961443
0.0 1300.0 161.0 852.0 3367.3726919045926
0.0 1282.0 168.0 911.0 3547.9577530920783
0.0 1352.0 133.0 727.0 2883.805447482938
0.0 1351.0 131.0 772.0 2803.663765694411
0.0 1306.0 152.0 897.0 3289.3868977465363
0.0 1293.0 164.0 855.0 3433.758253627632
0.0 1309.0 152.0 859.0 3299.501768953289
0.0 1321.0 148.0 800.0 3162.6160212318687
0.0 1413.0 103.0 596.0 2249.5577685806697
0.0 1441.0 88.0 574.0 1999.0090668994458
0.0 1364.0 126.0 751.0 2708.9404902617407
0.0 1346.0 135.0 806.0 2945.990715363416
0.0 1408.0 105.0 593.0 2323.9295537726084
0.0 1310.0 153.0 833.0 3285.3579540094183
0.0 1368.0 123.0 725.0 2651.922046326385
0.0 1335.0 146.0 775.0 3019.6268522185956
0.0 1332.0 150.0 779.0 3047.7462007040517
0.0 1329.0 153.0 785.0 3066.7789059860834
0.0 1353.0 131.0 763.0 2795.929530040685
0.0 1448.0 87.0 493.0 1894.2579375066168
0.0 1433.0 93.0 538.0 2053.6932501898427
0.0 1365.0 127.0 712.0 2687.691491164351
0.0 1344.0 139.0 771.0 2951.6604990289406
0.0 1286.0 169.0 893.0 3505.5999890005137
0.0 1283.0 167.0 926.0 3516.6783030108286
0.0 1329.0 153.0 771.0 3072.2337147195667
0.0 1400.0 107.0 650.0 2356.145438599134
0.0 1324.0 148.0 779.0 3136.278247733736
0.0 1435.0 91.0 561.0 2039.512396693425
0.0 1403.0 105.0 656.0 2320.547611752858
0.0 1345.0 141.0 750.0 2900.923092062059
0.0 1457.0 82.0 483.0 1824.8755842480598
0.0 1288.0 166.0 857.0 3466.034293892855
0.0 1406.0 104.0 631.0 2359.9139478936772
0.0 1442.0 87.0 536.0 1952.443350064202
0.0 1302.0 154.0 893.0 3352.661861756127
0.0 1429.0 96.0 551.0 2052.2256062009333
0.0 1456.0 85.0 479.0 1807.6340699804414
0.0 1447.0 88.0 521.0 1899.773956609792
0.0 1406.0 102.0 668.0 2347.846596978069
0.0 1437.0 95.0 534.0 2046.7914383144036
0.0 1327.0 157.0 771.0 3109.9232661076157
0.0 1296.0 161.0 856.0 3422.6464457898205
