0.0 1286.0 167.0 913.0 3478.672989220585
0.0 1290.0 166.0 863.0 3458.0952969661435
0.0 1427.0 92.0 593.0 2107.9424140401456
0.0 1410.0 103.0 608.0 2270.4027614642396
0.0 1418.0 95.0 618.0 2173.5311540827847
0.0 1338.0 148.0 751.0 2973.7514677926233
0.0 1425.0 96.0 574.0 2109.109025151898
0.0 1325.0 144.0 826.0 3093.983762831065
0.0 1394.0 112.0 684.0 2422.194875159286
0.0 1391.0 107.0 713.0 2477.378906036383
0.0 1423.0 98.0 574.0 2086.19565361532
0.0 1429.0 97.0 519.0 2092.5674924904793
0.0 1424.0 97.0 582.0 2147.7369295695994
0.0 1308.0 160.0 815.0 3255.7117940885864
0.0 1329.0 154.0 766.0 3079.4464928544744
0.0 1306.0 151.0 890.0 3295.0074210504645
0.0 1327.0 143.0 811.0 3126.220185952974
0.0 1308.0 166.0 808.0 3267.5769282511474
0.0 1354.0 129.0 764.0 2789.169820562753
0.0 1368.0 121.0 758.0 2691.6183934831106
0.0 1351.0 134.0 731.0 2897.6415070616063
0.0 1368.0 132.0 697.0 2708.691567946414
0.0 1455.0 84.0 479.0 1834.0148663059579
0.0 1372.0 127.0 700.0 2669.522013573057
0.0 1462.0 81.0 474.0 1743.0013530887072
0.0 1334.0 137.0 816.0 2998.2297869883487
0.0 1320.0 146.0 851.0 3171.964748390271
0.0 1350.0 135.0 728.0 2890.0017990258684
0.0 1306.0 166.0 808.0 3277.4568171405217
0.0 1415.0 100.0 587.0 2226.9398152926283
0.0 1457.0 82.0 477.0 1822.2363761218876
0.0 1421.0 94.0 596.0 2215.6633673709475
0.0 1392.0 110.0 652.0 2489.21808618045
0.0 1284.0 167.0 916.0 3493.285060484255
0.0 1459.0 81.0 487.0 1779.6572693452104
0.0 1392.0 111.0 649.0 2444.9053662595775
0.0 1305.0 157.0 835.0 3328.35060106495
0.0 1373.0 127.0 690.0 2660.8879679866413
0.0 1315.0 146.0 857.0 3224.995676259605
0.0 1377.0 116.0 718.0 2612.7202975460877
0.0 1456.0 83.0 489.0 1797.9715465631923
0.0 1284.0 168.0 903.0 3508.5117780117794
0.0 1304.0 160.0 867.0 3312.6761157705846
0.0 1299.0 161.0 830.0 3373.785420041876
0.0 1401.0 107.0 631.0 2342.3964709400975
0.0 1457.0 81.0 488.0 1795.783052241326
0.0 1295.0 162.0 868.0 3424.622724083621
0.0 1456.0 81.0 497.0 1829.6281982997411
0.0 1293.0 165.0 877.0 3426.1616073823357
0.0 1340.0 142.0 784.0 2994.8403554031493
0.0 1292.0 158.0 897.0 3459.2481532479565
0.0 1386.0 113.0 699.0 2527.0029003262835
0.0 1335.0 136.0 825.0 2988.877499229113
0.0 1324.0 148.0 794.0 3143.276526038684
0.0 1334.0 138.0 802.0 3005.4657030577614
0.0 1339.0 138.0 802.0 2989.5300273779035
0.0 1374.0 126.0 702.0 2667.3451087772814
0.0 1329.0 148.0 774.0 3091.394414689248
0.0 1355.0 128.0 744.0 2777.3379321176635
0.0 1304.0 151.0 892.0 3313.3292929777167
0.0 1282.0 167.0 922.0 3519.160895258969
0.0 1457.0 85.0 481.0 1795.5096790917248
0.0 1289.0 164.0 883.0 3466.42556534354
0.0 1383.0 113.0 719.0 2556.001327840389
0.0 1366.0 125.0 744.0 2689.46269696074
0.0 1298.0 169.0 823.0 3367.322297328191
0.0 1321.0 145.0 848.0 3132.5584559390322
0.0 1320.0 153.0 782.0 3196.6959150191096
0.0 1312.0 149.0 867.0 3290.3094596852475
0.0 1457.0 82.0 494.0 1787.4520588705384
0.0 1361.0 127.0 742.0 2761.3022207313047
0.0 1353.0 127.0 784.0 2807.917166414478
0.0 1365.0 133.0 713.0 2771.599483781491
0.0 1411.0 101.0 627.0 2311.708191186705
0.0 1298.0 165.0 862.0 3377.859791284888
0.0 1327.0 147.0 786.0 3123.3538531350805
0.0 1306.0 165.0 780.0 3289.3913112179207
0.0 1403.0 106.0 628.0 2295.2756411792557
0.0 1454.0 83.0 493.0 1823.1266236447475
0.0 1291.0 159.0 899.0 3483.9897274263117
0.0 1398.0 108.0 643.0 2364.0502909055363
0.0 1366.0 131.0 717.0 2753.5464095335115
0.0 1424.0 96.0 593.0 2179.512611640425
0.0 1330.0 140.0 838.0 3043.908940361562
0.0 1400.0 108.0 660.0 2333.213833608565
0.0 1296.0 162.0 842.0 3422.432794368391
0.0 1294.0 158.0 882.0 3434.203584427426
0.0 1439.0 93.0 538.0 1989.3195106687683
0.0 1392.0 114.0 624.0 2441.2329582077728
0.0 1354.0 131.0 735.0 2799.5658180835458
0.0 1308.0 156.0 842.0 3292.164726952921
0.0 1305.0 158.0 822.0 3318.640130471977
0.0 1361.0 125.0 775.0 2750.9037751053747
0.0 1304.0 167.0 816.0 3322.5072227286946
0.0 1454.0 90.0 466.0 1824.1521562277956
0.0 1451.0 85.0 498.0 1826.4651563592374
0.0 1408.0 106.0 596.0 2318.4884504958636
0.0 1454.0 82.0 498.0 1826.8966922783318
0.0 1291.0 157.0 930.0 3466.891506490933
0.0 1295.0 168.0 848.0 3402.202596170463
0.0 1434.0 89.0 567.0 1982.8774058402744
0.0 1304.0 153.0 880.0 3351.2842742463167
0.0 1428.0 96.0 545.0 2077.6746275297305
0.0 1320.0 149.0 817.0 3145.8852352396852
0.0 1338.0 143.0 772.0 3016.2037638733045
0.0 1359.0 135.0 725.0 2813.0282218642647
0.0 1433.0 90.0 586.0 2063.2124808038016
0.0 1396.0 107.0 666.0 2390.745471625341
0.0 1282.0 166.0 923.0 3521.242430212572
0.0 1455.0 83.0 488.0 1858.4196853914373
0.0 1347.0 134.0 763.0 2859.6830925428453
0.0 1324.0 143.0 850.0 3104.3788207963366
0.0 1443.0 89.0 535.0 1955.4361014136196
0.0 1348.0 136.0 738.0 2909.6154844276152
0.0 1303.0 157.0 858.0 3339.959100667234
0.0 1327.0 139.0 873.0 3106.9370790108296
0.0 1453.0 85.0 483.0 1857.3669312272907
0.0 1395.0 111.0 672.0 2403.797153235641
0.0 1370.0 118.0 779.0 2679.4970199669065
0.0 1418.0 101.0 588.0 2171.189880532287
0.0 1425.0 99.0 570.0 2114.015657296998
0.0 1348.0 134.0 771.0 2859.6674687304144
0.0 1355.0 129.0 754.0 2752.259341039259
0.0 1454.0 85.0 488.0 1801.3000893372564
0.0 1307.0 164.0 812.0 3267.263960008096
0.0 1439.0 92.0 547.0 2008.812201325337
0.0 1291.0 157.0 924.0 3473.988942973956
0.0 1309.0 164.0 794.0 3240.452813165366
0.0 1423.0 100.0 563.0 2124.9129529527922
0.0 1324.0 158.0 753.0 3122.387167693538
0.0 1340.0 146.0 754.0 2946.197210337098
0.0 1313.0 149.0 852.0 3266.677032338412
0.0 1392.0 108.0 698.0 2466.883882994579
0.0 1292.0 171.0 856.0 3418.7635171799852
0.0 1405.0 106.0 614.0 2308.5798360586937
0.0 1300.0 167.0 812.0 3348.6033389362656
0.0 1304.0 153.0 909.0 3311.3974100438427
0.0 1434.0 92.0 558.0 2090.638123674747
0.0 1373.0 123.0 714.0 2622.267027985824
0.0 1439.0 88.0 580.0 2043.6651638803162
0.0 1298.0 159.0 882.0 3361.777574055298
0.0 1285.0 166.0 910.0 3510.728923838606
0.0 1320.0 157.0 806.0 3171.504117575747
0.0 1399.0 107.0 642.0 2359.964524961689
0.0 1429.0 94.0 551.0 2042.1013316895146
0.0 1336.0 146.0 756.0 3002.19046508097
0.0 1437.0 91.0 553.0 2014.8377282435893
0.0 1363.0 134.0 698.0 2788.485834301062
0.0 1461.0 80.0 480.0 1747.6788487332128
0.0 1357.0 126.0 744.0 2757.439713272308
0.0 1417.0 99.0 621.0 2185.1504665783436
0.0 1373.0 120.0 716.0 2641.3023447473724
0.0 1333.0 138.0 819.0 3047.4639541936253
0.0 1451.0 83.0 513.0 1883.6088038859782
0.0 1359.0 133.0 725.0 2830.6773223115983
0.0 1345.0 135.0 789.0 2899.4541352942397
0.0 1287.0 165.0 903.0 3481.873386298488
0.0 1363.0 133.0 722.0 2784.166701247445
0.0 1459.0 79.0 509.0 1777.7432345794118
0.0 1454.0 86.0 487.0 1810.8617924251346
0.0 1449.0 83.0 522.0 1888.923825798576
0.0 1390.0 109.0 678.0 2467.2264883668354
0.0 1448.0 88.0 534.0 1909.5382858832918
0.0 1371.0 127.0 713.0 2680.9482086906783
0.0 1288.0 159.0 932.0 3492.301983094473
0.0 1406.0 104.0 618.0 2309.329537368417
0.0 1380.0 114.0 721.0 2541.262498478789
0.0 1296.0 170.0 844.0 3377.3695572918073
0.0 1354.0 129.0 738.0 2789.8211012317806
0.0 1334.0 140.0 800.0 3015.20448192273
0.0 1370.0 126.0 720.0 2691.823353520022
0.0 1287.0 167.0 863.0 3474.0820256146017
0.0 1453.0 83.0 490.0 1845.5664817619647
0.0 1458.0 84.0 481.0 1798.184859090252
0.0 1325.0 157.0 767.0 3120.3515534565095
0.0 1300.0 159.0 857.0 3381.53276924968
0.0 1406.0 108.0 589.0 2261.7765734918016
0.0 1283.0 165.0 922.0 3528.497368828332
0.0 1366.0 128.0 722.0 2739.407685396729
0.0 1452.0 83.0 508.0 1882.4703329141441
0.0 1288.0 166.0 891.0 3457.652773006713
0.0 1342.0 134.0 800.0 2943.64915531987
0.0 1332.0 145.0 787.0 3068.1846003119394
0.0 1400.0 109.0 614.0 2352.840639583442
0.0 1352.0 133.0 727.0 2890.8594001557144
0.0 1291.0 158.0 912.0 3460.4463403174145
0.0 1327.0 142.0 833.0 3105.0916355257773
0.0 1397.0 107.0 650.0 2385.1347905578555
0.0 1299.0 160.0 847.0 3385.3906980636875
0.0 1427.0 99.0 567.0 2107.688181367602
0.0 1321.0 146.0 831.0 3133.405434242185
0.0 1429.0 97.0 550.0 2064.598946287195
0.0 1290.0 159.0 910.0 3484.3005839368902
0.0 1459.0 81.0 492.0 1771.1430916261868
0.0 1297.0 162.0 840.0 3400.025788840363
0.0 1305.0 164.0 823.0 3295.475245879873
0.0 1329.0 143.0 791.0 3103.0216533874413
0.0 1367.0 131.0 709.0 2723.9767770980593
0.0 1405.0 105.0 618.0 2329.6905691082407
0.0 1292.0 170.0 855.0 3422.182910486602
0.0 1360.0 133.0 725.0 2816.7919152321815
0.0 1291.0 170.0 847.0 3443.7499510951243
0.0 1451.0 86.0 479.0 1866.6981078866609
0.0 1405.0 104.0 622.0 2332.382275980493
0.0 1336.0 143.0 760.0 3025.72326664278
0.0 1456.0 85.0 485.0 1816.7011947792714
0.0 1319.0 154.0 801.0 3200.353110022344
0.0 1300.0 170.0 828.0 3345.0521576083593
0.0 1344.0 143.0 744.0 2952.6066254541443
0.0 1284.0 168.0 899.0 3528.6360728733184
0.0 1370.0 121.0 723.0 2647.495021571411
0.0 1295.0 163.0 859.0 3418.15655230335
0.0 1324.0 146.0 793.0 3144.881025386574
0.0 1307.0 153.0 850.0 3288.726369577674
0.0 1351.0 133.0 747.0 2913.9031892521857
0.0 1340.0 140.0 790.0 2975.721133724196
0.0 1306.0 152.0 864.0 3291.822378598425
0.0 1387.0 113.0 688.0 2514.8940824260326
0.0 1328.0 151.0 753.0 3083.607462885134
0.0 1307.0 155.0 840.0 3312.079501810892
0.0 1361.0 127.0 762.0 2748.304468601402
0.0 1299.0 159.0 853.0 3388.8517820977772
0.0 1294.0 159.0 878.0 3437.61444580219
0.0 1452.0 84.0 496.0 1857.7507095892008
0.0 1443.0 90.0 524.0 1953.9101142921047
0.0 1309.0 153.0 840.0 3291.3452882762504
0.0 1315.0 150.0 847.0 3194.3690728133342
0.0 1433.0 97.0 545.0 2049.944377027954
0.0 1338.0 137.0 810.0 2985.663714015034
0.0 1435.0 92.0 532.0 2011.6414847009798
0.0 1403.0 103.0 678.0 2327.673884141269
0.0 1394.0 112.0 646.0 2455.968493048907
0.0 1441.0 93.0 520.0 1970.2250298482652
0.0 1311.0 158.0 802.0 3240.716624076856
0.0 1352.0 126.0 786.0 2799.8082665984957
0.0 1341.0 137.0 797.0 2965.342752113083
0.0 1326.0 139.0 865.0 3135.362722116999
0.0 1444.0 87.0 528.0 1922.9759556721453
0.0 1296.0 169.0 841.0 3401.317487067489
0.0 1400.0 107.0 646.0 2342.1553303755986
0.0 1305.0 151.0 897.0 3292.210037520224
0.0 1307.0 152.0 895.0 3284.004097201569
0.0 1299.0 168.0 821.0 3372.0669762487087
0.0 1328.0 145.0 784.0 3103.5227159852707
0.0 1398.0 109.0 632.0 2384.441104854998
0.0 1352.0 129.0 785.0 2814.0837716652973
0.0 1435.0 91.0 561.0 1990.0757578279313
0.0 1450.0 83.0 520.0 1883.5780848180743
0.0 1425.0 96.0 571.0 2153.8995049665677
0.0 1439.0 91.0 557.0 2010.3767133381025
0.0 1420.0 95.0 628.0 2158.9878148124726
0.0 1331.0 146.0 816.0 3049.395595576024
0.0 1305.0 153.0 879.0 3320.378469212098
