0.0 1321.0 144.0 852.0 3136.0493615794753
0.0 1385.0 113.0 682.0 2511.009236346046
0.0 1310.0 152.0 846.0 3299.7614130148636
0.0 1308.0 162.0 829.0 3274.6944260490886
0.0 1291.0 159.0 910.0 3476.408123797516
0.0 1291.0 164.0 873.0 3409.7018221890703
0.0 1406.0 107.0 607.0 2287.934450348083
0.0 1312.0 155.0 839.0 3253.084078200952
0.0 1424.0 98.0 574.0 2087.6702783108485
0.0 1454.0 86.0 478.0 1804.8142225310846
0.0 1286.0 168.0 900.0 3481.567275105214
0.0 1325.0 146.0 810.0 3129.430704257502
0.0 1333.0 139.0 823.0 3018.0393108815115
0.0 1310.0 160.0 815.0 3254.9483158931685
0.0 1434.0 94.0 555.0 2042.3696197877532
0.0 1295.0 158.0 872.0 3425.4672775394192
0.0 1368.0 123.0 735.0 2678.784553526033
0.0 1326.0 143.0 823.0 3109.133770096766
0.0 1290.0 159.0 918.0 3470.257343318828
0.0 1302.0 151.0 912.0 3340.581319456295
0.0 1335.0 141.0 770.0 2984.0635163995103
0.0 1406.0 101.0 649.0 2319.008481704636
0.0 1368.0 122.0 746.0 2637.4183195517658
0.0 1353.0 129.0 778.0 2813.9667735718685
0.0 1296.0 166.0 852.0 3382.0730562800304
0.0 1373.0 120.0 733.0 2611.557423030792
0.0 1303.0 164.0 813.0 3325.814526238364
0.0 1439.0 92.0 515.0 1985.587243097398
0.0 1413.0 104.0 560.0 2214.324939252045
0.0 1286.0 166.0 906.0 3487.3109142316075
0.0 1456.0 86.0 475.0 1817.4470015154268
0.0 1286.0 169.0 896.0 3472.620669865477
0.0 1331.0 148.0 771.0 3039.4422255859845
0.0 1324.0 144.0 859.0 3115.8021492822522
0.0 1446.0 85.0 523.0 1907.670793175113
0.0 1365.0 133.0 690.0 2738.0856404492242
0.0 1308.0 151.0 871.0 3275.3429021317847
0.0 1296.0 167.0 822.0 3394.217196589233
0.0 1441.0 89.0 556.0 2025.2641145117166
0.0 1392.0 110.0 659.0 2432.46648363234
0.0 1340.0 139.0 787.0 2964.843283174627
0.0 1399.0 108.0 644.0 2346.443178550298
0.0 1337.0 137.0 794.0 2964.7774621605095
0.0 1291.0 159.0 899.0 3481.820078942638
0.0 1439.0 88.0 579.0 2042.4185734665682
0.0 1338.0 136.0 816.0 3015.58565552975
0.0 1350.0 131.0 776.0 2843.8270717357473
0.0 1330.0 151.0 784.0 3072.0370089773405
0.0 1317.0 151.0 861.0 3212.3361995404857
0.0 1402.0 106.0 645.0 2370.823699546891
0.0 1430.0 96.0 541.0 2032.1077939037611
0.0 1434.0 90.0 576.0 2040.20064939431
0.0 1319.0 157.0 769.0 3161.291093540625
0.0 1361.0 134.0 701.0 2762.9688740517227
0.0 1367.0 122.0 739.0 2644.19360014311
0.0 1404.0 107.0 600.0 2298.0714339630917
0.0 1307.0 154.0 859.0 3285.2278403752625
0.0 1304.0 149.0 914.0 3321.743925502869
0.0 1372.0 117.0 747.0 2651.2048891553254
0.0 1409.0 103.0 593.0 2239.3391612206483
0.0 1432.0 92.0 585.0 2082.9992539883096
0.0 1343.0 135.0 801.0 2929.0469658179045
0.0 1301.0 164.0 816.0 3364.841792259253
0.0 1427.0 96.0 557.0 2095.02297924735
0.0 1370.0 120.0 750.0 2676.6252831623156
0.0 1424.0 95.0 598.0 2150.1861127955185
0.0 1393.0 115.0 654.0 2418.8321939872403
0.0 1410.0 103.0 588.0 2223.0308992881246
0.0 1383.0 118.0 718.0 2551.7290226896985
0.0 1435.0 94.0 544.0 1993.1097386316944
0.0 1346.0 135.0 797.0 2916.7487370311046
0.0 1300.0 154.0 905.0 3384.2058238251348
0.0 1358.0 127.0 744.0 2735.386525991306
0.0 1452.0 86.0 484.0 1880.3726019198855
0.0 1400.0 107.0 672.0 2356.747470795376
0.0 1373.0 114.0 770.0 2654.5731163703526
0.0 1429.0 94.0 567.0 2070.692659385161
0.0 1313.0 153.0 860.0 3242.8722118197184
0.0 1326.0 144.0 834.0 3100.241952904811
0.0 1444.0 88.0 548.0 1948.2754029073424
0.0 1452.0 89.0 500.0 1856.9901450180762
0.0 1306.0 152.0 877.0 3298.0015642521057
0.0 1321.0 143.0 853.0 3150.8631821147296
0.0 1386.0 115.0 675.0 2544.3942415166184
0.0 1299.0 170.0 800.0 3366.8574479650397
0.0 1430.0 97.0 533.0 2079.336257511782
0.0 1461.0 81.0 470.0 1750.4029449101038
0.0 1303.0 151.0 917.0 3329.3426699757993
0.0 1349.0 132.0 805.0 2887.6887385669684
0.0 1427.0 92.0 581.0 2098.4766039349747
0.0 1444.0 86.0 562.0 1940.6066256849915
0.0 1407.0 106.0 590.0 2310.186786434942
0.0 1289.0 166.0 880.0 3437.174713643669
0.0 1419.0 98.0 606.0 2215.971354950984
0.0 1353.0 131.0 759.0 2790.9965061959183
0.0 1391.0 108.0 686.0 2454.145215624975
0.0 1375.0 115.0 755.0 2650.1090393655913
0.0 1288.0 163.0 905.0 3449.6459646344074
0.0 1367.0 127.0 726.0 2679.6679979601586
0.0 1390.0 113.0 646.0 2476.1930100935474
0.0 1403.0 105.0 620.0 2327.3711484841406
0.0 1309.0 151.0 879.0 3264.9209528949236
0.0 1420.0 97.0 629.0 2171.762893501214
0.0 1439.0 91.0 549.0 2005.9749353250018
0.0 1434.0 91.0 569.0 2054.8076971384457
0.0 1448.0 88.0 489.0 1897.5022821036976
0.0 1380.0 111.0 742.0 2591.36428659035
0.0 1407.0 106.0 592.0 2258.542581137163
0.0 1325.0 151.0 770.0 3117.679868098531
0.0 1360.0 134.0 714.0 2817.1379083335073
0.0 1346.0 134.0 805.0 2919.1771604385503
0.0 1353.0 130.0 751.0 2842.0014193263187
0.0 1301.0 152.0 910.0 3352.520337115499
0.0 1372.0 126.0 706.0 2685.0855799838787
0.0 1403.0 108.0 602.0 2281.706939853877
0.0 1379.0 113.0 747.0 2603.166768789857
0.0 1431.0 96.0 525.0 2075.472279567679
0.0 1425.0 99.0 554.0 2123.2516373118915
0.0 1389.0 113.0 688.0 2475.9765222073097
0.0 1419.0 98.0 608.0 2163.774175467766
0.0 1349.0 133.0 777.0 2843.2513798529567
0.0 1435.0 92.0 549.0 2029.8884452002399
0.0 1453.0 84.0 497.0 1866.855502433525
0.0 1297.0 161.0 844.0 3394.3969711746563
0.0 1459.0 83.0 483.0 1781.784096953154
0.0 1283.0 165.0 916.0 3494.5241799764126
0.0 1320.0 144.0 846.0 3191.032328936078
0.0 1442.0 87.0 545.0 1958.2125528923043
0.0 1284.0 169.0 899.0 3497.2062790663326
0.0 1373.0 119.0 735.0 2641.7910995612915
0.0 1454.0 82.0 493.0 1798.6440236557994
0.0 1373.0 127.0 699.0 2659.0900959872083
0.0 1293.0 170.0 866.0 3418.9487938815737
0.0 1453.0 80.0 513.0 1850.6604278019954
0.0 1290.0 158.0 927.0 3477.2088517728866
0.0 1377.0 121.0 708.0 2559.9948707060694
0.0 1325.0 144.0 857.0 3122.7431652858786
0.0 1343.0 133.0 814.0 2914.0242266263394
0.0 1309.0 151.0 851.0 3300.3530811208193
0.0 1290.0 163.0 916.0 3444.627859267834
0.0 1286.0 166.0 918.0 3483.2258281201507
0.0 1396.0 110.0 646.0 2440.1326511801103
0.0 1450.0 85.0 494.0 1873.8889140988822
0.0 1441.0 91.0 550.0 1999.9446179666688
0.0 1309.0 152.0 865.0 3265.421618726813
0.0 1345.0 138.0 763.0 2907.5094057995534
0.0 1302.0 160.0 847.0 3362.2573876610945
0.0 1295.0 163.0 851.0 3402.4656992392643
0.0 1341.0 146.0 727.0 2943.7686354461107
0.0 1386.0 118.0 653.0 2547.11841870425
0.0 1352.0 131.0 767.0 2811.7632734117155
0.0 1404.0 112.0 587.0 2364.499582843675
0.0 1303.0 159.0 849.0 3336.5614032037156
0.0 1412.0 106.0 587.0 2262.107756503177
0.0 1373.0 118.0 731.0 2655.94578347685
0.0 1397.0 109.0 673.0 2383.5665000565027
0.0 1321.0 156.0 785.0 3172.3261901274254
0.0 1368.0 129.0 713.0 2714.257351092705
0.0 1302.0 152.0 906.0 3343.777605981711
0.0 1442.0 91.0 531.0 1972.3542289767213
0.0 1287.0 166.0 922.0 3471.4328213046947
0.0 1296.0 162.0 841.0 3386.7572631389185
0.0 1321.0 153.0 797.0 3154.18760548542
0.0 1374.0 128.0 681.0 2657.3528426277944
0.0 1336.0 138.0 793.0 2998.6367015295095
0.0 1302.0 163.0 836.0 3314.2380704975094
0.0 1445.0 90.0 491.0 1889.8891999251089
0.0 1398.0 110.0 623.0 2384.2248466384635
0.0 1335.0 138.0 849.0 3013.745515308266
0.0 1401.0 108.0 626.0 2347.1847179037554
0.0 1304.0 164.0 852.0 3296.6626316691595
0.0 1401.0 107.0 641.0 2318.254627208754
0.0 1298.0 168.0 828.0 3382.1793950547094
0.0 1366.0 121.0 763.0 2663.253696403255
0.0 1366.0 127.0 728.0 2710.528849719136
0.0 1327.0 154.0 756.0 3113.851835710669
0.0 1407.0 105.0 596.0 2291.2795356950874
0.0 1304.0 167.0 791.0 3309.9182293592576
0.0 1368.0 129.0 696.0 2720.031023167818
0.0 1456.0 85.0 489.0 1830.2962013709573
0.0 1372.0 128.0 696.0 2676.0548577113977
0.0 1459.0 81.0 486.0 1761.7687797844278
0.0 1299.0 160.0 836.0 3375.340624087333
0.0 1413.0 99.0 589.0 2197.5803364238627
0.0 1462.0 81.0 466.0 1749.4577620549705
0.0 1302.0 158.0 851.0 3342.8386796961076
0.0 1306.0 154.0 907.0 3294.950682162246
0.0 1456.0 82.0 500.0 1789.3286094043835
0.0 1360.0 134.0 715.0 2799.1933647142664
0.0 1380.0 115.0 705.0 2589.666410619583
0.0 1406.0 108.0 597.0 2291.4115239774455
0.0 1289.0 158.0 933.0 3489.4083610687785
0.0 1315.0 148.0 846.0 3227.3869133843923
0.0 1285.0 168.0 920.0 3493.6422191380234
0.0 1288.0 167.0 891.0 3449.8516299017488
0.0 1366.0 131.0 690.0 2708.923327602396
0.0 1296.0 163.0 831.0 3390.2713963327465
0.0 1294.0 170.0 832.0 3408.4035051434726
0.0 1283.0 165.0 912.0 3532.317266231195
0.0 1341.0 135.0 794.0 2943.5453117850493
0.0 1328.0 142.0 845.0 3103.792617417115
0.0 1310.0 151.0 869.0 3248.498189611099
0.0 1290.0 166.0 878.0 3448.6028328626603
0.0 1418.0 99.0 593.0 2184.5076940179483
0.0 1452.0 84.0 507.0 1870.8967503544654
0.0 1354.0 127.0 781.0 2806.860379705916
0.0 1379.0 119.0 687.0 2571.731051922793
0.0 1340.0 146.0 763.0 2978.8155240616834
0.0 1450.0 84.0 518.0 1875.697834104292
0.0 1419.0 100.0 590.0 2164.9401491177264
0.0 1442.0 88.0 556.0 1954.3009774185082
0.0 1291.0 157.0 930.0 3466.891506490933
0.0 1303.0 159.0 847.0 3350.1734643569416
0.0 1453.0 89.0 484.0 1835.555810681542
0.0 1445.0 87.0 537.0 1926.8081444061384
0.0 1302.0 161.0 828.0 3368.364987937482
0.0 1456.0 82.0 487.0 1833.1052719291038
0.0 1344.0 137.0 779.0 2955.3703972634084
0.0 1304.0 152.0 897.0 3308.9890197914433
0.0 1367.0 122.0 745.0 2639.3952693569786
0.0 1459.0 84.0 469.0 1774.1139046868993
0.0 1357.0 128.0 720.0 2746.101514904614
0.0 1356.0 127.0 749.0 2774.1967167090825
0.0 1391.0 110.0 705.0 2429.6510913907923
0.0 1299.0 168.0 834.0 3349.1555984809493
0.0 1287.0 166.0 904.0 3493.5716140150457
0.0 1420.0 98.0 556.0 2141.408263028342
0.0 1308.0 155.0 835.0 3309.973423442285
0.0 1353.0 133.0 718.0 2861.3302137280407
0.0 1326.0 146.0 785.0 3129.0068618425403
0.0 1355.0 124.0 787.0 2777.806468893501
0.0 1374.0 118.0 723.0 2624.553256602626
0.0 1365.0 130.0 700.0 2705.4543754918664
