0.0 1293.0 157.0 897.0 3453.7329634036455
0.0 1406.0 106.0 593.0 2292.217971262979
0.0 1446.0 87.0 538.0 1927.2886559375002
0.0 1406.0 109.0 576.0 2273.61179076801
0.0 1347.0 133.0 770.0 2873.9329427931625
0.0 1313.0 154.0 846.0 3235.844508433088
0.0 1347.0 135.0 756.0 2932.413960207347
0.0 1429.0 99.0 521.0 2063.1514576759405
0.0 1294.0 158.0 882.0 3434.203584427426
0.0 1432.0 93.0 548.0 2059.0751544299487
0.0 1436.0 93.0 558.0 2053.1085643788506
0.0 1389.0 113.0 644.0 2475.2508252344355
0.0 1379.0 118.0 699.0 2544.0639725377187
0.0 1377.0 121.0 679.0 2561.954097134379
0.0 1399.0 107.0 654.0 2359.8237931263134
0.0 1346.0 134.0 771.0 2887.018593218485
0.0 1323.0 149.0 791.0 3164.8000585841246
0.0 1304.0 149.0 914.0 3330.96752665932
0.0 1427.0 92.0 593.0 2101.637304719062
0.0 1452.0 89.0 467.0 1831.056272838357
0.0 1384.0 119.0 666.0 2553.226233898235
0.0 1368.0 120.0 752.0 2649.0255993679443
0.0 1390.0 112.0 658.0 2471.4851508459333
0.0 1321.0 148.0 845.0 3179.9154037688086
0.0 1293.0 171.0 828.0 3425.917478477326
0.0 1351.0 129.0 794.0 2822.5804906358603
0.0 1457.0 86.0 481.0 1791.7976627880093
0.0 1319.0 150.0 816.0 3194.1645617088425
0.0 1316.0 153.0 825.0 3219.97399285735
0.0 1458.0 79.0 512.0 1771.9210452372479
0.0 1344.0 133.0 814.0 2924.437532018054
0.0 1453.0 85.0 478.0 1806.822894099549
0.0 1368.0 127.0 714.0 2691.5529123227757
0.0 1400.0 106.0 665.0 2348.5223812224954
0.0 1400.0 110.0 634.0 2337.7854550071993
0.0 1407.0 102.0 630.0 2243.9272713693217
0.0 1314.0 150.0 853.0 3222.842470135445
0.0 1421.0 97.0 576.0 2146.4569976633625
0.0 1327.0 150.0 785.0 3080.1265947908873
0.0 1308.0 162.0 799.0 3270.2466472715555
0.0 1369.0 121.0 738.0 2619.774181856433
0.0 1447.0 88.0 532.0 1920.3595963023272
0.0 1392.0 108.0 702.0 2476.3454490287313
0.0 1401.0 107.0 636.0 2331.249375003917
0.0 1425.0 99.0 549.0 2093.639464944708
0.0 1307.0 155.0 832.0 3293.268773270638
0.0 1331.0 147.0 779.0 3044.927301962467
0.0 1442.0 88.0 526.0 1949.453646414
0.0 1451.0 84.0 494.0 1868.373724254571
0.0 1292.0 164.0 883.0 3435.1465743822605
0.0 1320.0 149.0 797.0 3191.7560416449987
0.0 1418.0 103.0 579.0 2183.648001282216
0.0 1312.0 148.0 851.0 3272.390587901671
0.0 1418.0 98.0 604.0 2211.397943059602
0.0 1367.0 131.0 697.0 2718.4181695339053
0.0 1328.0 154.0 770.0 3060.702504085211
0.0 1426.0 95.0 568.0 2071.087408594665
0.0 1308.0 154.0 850.0 3301.624875512537
0.0 1323.0 151.0 781.0 3114.601764267454
0.0 1454.0 80.0 517.0 1805.4536798341098
0.0 1460.0 81.0 472.0 1749.8034726700187
0.0 1303.0 166.0 816.0 3317.8996409971014
0.0 1310.0 151.0 863.0 3252.110353753049
0.0 1371.0 120.0 718.0 2619.170906087989
0.0 1388.0 118.0 634.0 2509.057725312495
0.0 1288.0 164.0 918.0 3451.7635006976866
0.0 1349.0 136.0 728.0 2904.3848280269126
0.0 1324.0 147.0 797.0 3129.7214280303324
0.0 1439.0 93.0 523.0 1976.568334120477
0.0 1361.0 135.0 702.0 2794.288395890507
0.0 1306.0 156.0 838.0 3301.6199364619524
0.0 1323.0 149.0 813.0 3155.5699406905187
0.0 1306.0 155.0 849.0 3330.9083660008005
0.0 1300.0 161.0 844.0 3374.79076137891
0.0 1455.0 83.0 487.0 1838.6204617734147
0.0 1432.0 96.0 544.0 2071.068863385147
0.0 1289.0 165.0 886.0 3445.5601470671895
0.0 1436.0 95.0 549.0 2041.808096333141
0.0 1423.0 97.0 604.0 2136.6660574242337
0.0 1389.0 111.0 672.0 2468.4668676695646
0.0 1385.0 119.0 654.0 2558.5331954986577
0.0 1448.0 88.0 528.0 1909.7710149155735
0.0 1405.0 107.0 600.0 2342.566783044909
0.0 1353.0 132.0 744.0 2835.5449914340556
0.0 1428.0 93.0 560.0 2050.236659869983
0.0 1367.0 122.0 754.0 2671.3610035583065
0.0 1424.0 98.0 572.0 2128.669466322706
0.0 1433.0 94.0 538.0 2083.7843665446
0.0 1303.0 151.0 917.0 3336.4336822130417
0.0 1333.0 138.0 832.0 3007.2085509019994
0.0 1357.0 129.0 748.0 2800.383611687256
0.0 1424.0 96.0 579.0 2099.2977481284693
0.0 1355.0 128.0 756.0 2794.3663717470804
0.0 1393.0 107.0 696.0 2414.3087546623133
0.0 1352.0 130.0 766.0 2778.462705735121
0.0 1391.0 109.0 698.0 2483.6628652657987
0.0 1436.0 94.0 527.0 2046.273898540343
0.0 1399.0 112.0 651.0 2392.4352098878962
0.0 1310.0 155.0 863.0 3242.871165022136
0.0 1454.0 84.0 497.0 1830.785177518677
0.0 1441.0 91.0 535.0 1988.4588377387413
0.0 1291.0 160.0 894.0 3468.879957597301
0.0 1365.0 123.0 758.0 2691.1219657526985
0.0 1345.0 135.0 788.0 2905.483632401493
0.0 1404.0 108.0 620.0 2319.4009018704824
0.0 1322.0 145.0 834.0 3112.227994097664
0.0 1371.0 123.0 700.0 2618.1938626210485
0.0 1451.0 87.0 488.0 1884.9778240795129
0.0 1363.0 124.0 758.0 2725.9599132474664
0.0 1419.0 99.0 619.0 2206.631136993094
0.0 1347.0 131.0 789.0 2897.006766418849
0.0 1298.0 162.0 852.0 3388.0491224004286
0.0 1364.0 124.0 763.0 2706.9624658613648
0.0 1368.0 128.0 703.0 2698.4766282212263
0.0 1460.0 79.0 511.0 1778.1114509364165
0.0 1412.0 100.0 628.0 2289.2098912725837
0.0 1388.0 113.0 692.0 2470.1315445885307
0.0 1293.0 168.0 852.0 3411.4462742532655
0.0 1365.0 127.0 720.0 2659.1013363033053
0.0 1312.0 155.0 808.0 3237.900373524062
0.0 1337.0 143.0 797.0 2982.8241634762308
0.0 1350.0 130.0 790.0 2858.1829918019616
0.0 1453.0 84.0 497.0 1864.6858539498508
0.0 1447.0 86.0 537.0 1909.3511604598468
0.0 1407.0 103.0 595.0 2260.89107676202
0.0 1296.0 162.0 841.0 3391.322864892768
0.0 1454.0 83.0 502.0 1859.6402315704536
0.0 1448.0 90.0 488.0 1885.0793332259993
0.0 1293.0 158.0 902.0 3436.7297853912905
0.0 1397.0 108.0 654.0 2365.4535968743207
0.0 1362.0 133.0 716.0 2777.9662606281254
0.0 1388.0 114.0 671.0 2512.0529849575264
0.0 1441.0 88.0 563.0 2005.9543034067594
0.0 1451.0 84.0 504.0 1856.1655308643622
0.0 1427.0 101.0 534.0 2069.6831405372823
0.0 1305.0 162.0 811.0 3315.2548196847692
0.0 1433.0 96.0 532.0 2034.1772698881462
0.0 1448.0 87.0 536.0 1915.0823713357174
0.0 1370.0 128.0 716.0 2685.710429756768
0.0 1373.0 117.0 759.0 2597.034242464923
0.0 1444.0 88.0 524.0 1924.0877113500173
0.0 1299.0 165.0 844.0 3374.1294798931203
0.0 1452.0 86.0 492.0 1873.7867357404052
0.0 1462.0 80.0 472.0 1748.5110500055796
0.0 1450.0 83.0 519.0 1885.4853544198234
0.0 1435.0 92.0 582.0 2097.1243635779206
0.0 1443.0 89.0 533.0 1941.810398971191
0.0 1331.0 143.0 771.0 3061.396181269696
0.0 1444.0 87.0 554.0 1947.577537040924
0.0 1429.0 97.0 550.0 2048.9389081539903
0.0 1449.0 87.0 532.0 1889.3623134587865
0.0 1417.0 97.0 623.0 2210.2557092091643
0.0 1291.0 158.0 912.0 3460.4463403174145
0.0 1296.0 161.0 859.0 3403.167730832024
0.0 1305.0 153.0 864.0 3304.035759115795
0.0 1451.0 86.0 490.0 1882.2491524537306
0.0 1345.0 135.0 789.0 2901.7903005555963
0.0 1337.0 145.0 764.0 3056.22147155183
0.0 1369.0 131.0 676.0 2690.439920319899
0.0 1391.0 107.0 684.0 2494.3878316816485
0.0 1356.0 127.0 761.0 2752.0891027240655
0.0 1286.0 164.0 896.0 3458.102935445505
0.0 1312.0 152.0 851.0 3252.395850259657
0.0 1289.0 163.0 914.0 3445.235714729301
0.0 1331.0 153.0 764.0 3031.5191451215674
0.0 1304.0 152.0 888.0 3327.6614571297896
0.0 1335.0 147.0 747.0 3049.8906178912475
0.0 1391.0 109.0 704.0 2476.565428782776
0.0 1416.0 103.0 589.0 2190.56814101985
0.0 1418.0 104.0 567.0 2164.2175208483995
0.0 1394.0 110.0 685.0 2406.2840574332354
0.0 1404.0 106.0 636.0 2328.9370207262177
0.0 1359.0 128.0 758.0 2771.715797926765
0.0 1388.0 117.0 642.0 2517.4075356687754
0.0 1421.0 99.0 577.0 2115.0839069988656
0.0 1350.0 132.0 754.0 2838.242852238705
0.0 1424.0 96.0 578.0 2131.6347039048815
0.0 1352.0 134.0 723.0 2882.71049511267
0.0 1362.0 135.0 686.0 2786.9391276693996
0.0 1324.0 147.0 812.0 3095.4920789334014
0.0 1457.0 80.0 489.0 1765.2111671363057
0.0 1356.0 124.0 797.0 2814.9021723554474
0.0 1449.0 87.0 528.0 1889.9165191437523
0.0 1354.0 131.0 733.0 2811.4297616336544
0.0 1442.0 89.0 522.0 1948.1694488216967
0.0 1448.0 85.0 555.0 1916.863141565017
0.0 1382.0 114.0 685.0 2532.8538930716913
0.0 1347.0 138.0 763.0 2910.601410652547
0.0 1365.0 126.0 742.0 2714.7188113316315
0.0 1372.0 127.0 695.0 2680.484416551136
0.0 1330.0 141.0 843.0 3092.4828898770384
0.0 1331.0 140.0 797.0 3072.1581865363864
0.0 1289.0 159.0 924.0 3498.4527635731606
0.0 1391.0 111.0 667.0 2455.8020394472646
0.0 1345.0 132.0 816.0 2898.187429214231
0.0 1403.0 107.0 664.0 2329.7677247191764
0.0 1345.0 134.0 804.0 2909.4152233418636
0.0 1440.0 90.0 558.0 2000.234902083565
0.0 1456.0 81.0 498.0 1799.9537573754833
0.0 1342.0 136.0 782.0 2933.791587940934
0.0 1348.0 133.0 779.0 2870.9490667740947
0.0 1337.0 135.0 831.0 2988.9207015068596
0.0 1411.0 101.0 606.0 2223.6965059821327
0.0 1438.0 92.0 525.0 1994.2864904209396
0.0 1319.0 152.0 790.0 3184.036748106545
0.0 1371.0 129.0 698.0 2702.443926659613
0.0 1455.0 84.0 494.0 1796.2645692453036
0.0 1298.0 161.0 848.0 3393.215358415884
0.0 1313.0 151.0 858.0 3245.40760067514
0.0 1370.0 118.0 749.0 2702.1843566483435
0.0 1367.0 128.0 710.0 2713.2414185286425
0.0 1287.0 167.0 884.0 3481.292795876287
0.0 1424.0 97.0 573.0 2123.9556230393578
0.0 1336.0 143.0 767.0 3025.76095094506
0.0 1332.0 140.0 824.0 3024.033949069592
0.0 1285.0 167.0 893.0 3492.8593205467064
0.0 1452.0 86.0 511.0 1847.5411030650089
0.0 1387.0 111.0 714.0 2534.659372459229
0.0 1427.0 98.0 545.0 2094.8791641537964
0.0 1451.0 83.0 517.0 1870.922000321642
0.0 1351.0 133.0 738.0 2880.9724759877295
0.0 1369.0 130.0 686.0 2689.132495174211
0.0 1309.0 166.0 777.0 3245.522401071891
0.0 1308.0 151.0 883.0 3276.189094512104
0.0 1401.0 109.0 634.0 2374.542532103899
0.0 1325.0 155.0 756.0 3125.0118618674037
0.0 1348.0 135.0 752.0 2921.238216238918
0.0 1410.0 104.0 582.0 2236.0065985161045
0.0 1417.0 99.0 619.0 2230.95612730141
0.0 1324.0 157.0 766.0 3123.0247872936498
0.0 1321.0 141.0 886.0 3176.0111100165823
