0.0 1173.0 30.0 143.0 676.2957907802712
0.0 237.0 421.0 2851.0 10019.828818068821
0.0 709.0 285.0 1046.0 5283.744234195495
0.0 646.0 314.0 1176.0 5967.709061060572
0.0 588.0 339.0 1329.0 6473.76029843616
0.0 1048.0 69.0 508.0 1878.4246676963512
0.0 1030.0 77.0 547.0 2044.198390597479
0.0 964.0 105.0 728.0 2746.5154937656016
0.0 815.0 236.0 807.0 4270.226197755324
1.0 779.0 178.0 1243.0 4587.561841395941
0.0 758.0 249.0 993.0 4735.63995248005
0.0 571.0 350.0 1355.0 6632.8670525203615
0.0 828.0 146.0 1293.0 4118.955523066945
1.0 568.0 256.0 2037.0 6768.213053791738
0.0 844.0 142.0 1189.0 3935.3786238072357
0.0 830.0 229.0 776.0 4096.5889387510515
0.0 740.0 271.0 980.0 4956.701246385597
0.0 1002.0 87.0 660.0 2312.432720526045
0.0 878.0 205.0 659.0 3674.0506823587457
0.0 366.0 472.0 1720.0 8764.049931258316
0.0 1201.0 18.0 97.0 376.9072867514319
1.0 897.0 117.0 1035.0 3419.954772716423
0.0 599.0 329.0 1325.0 6344.652747025335
0.0 755.0 252.0 993.0 4772.639817516549
0.0 88.0 561.0 2911.0 11567.695717077131
0.0 460.0 404.0 1603.0 7702.959391548133
0.0 1018.0 81.0 592.0 2160.477635121092
0.0 815.0 236.0 807.0 4270.226197755324
6.0 860.0 211.0 663.0 3804.8649929788858
0.0 1165.0 34.0 155.0 747.8622417415716
0.0 1012.0 128.0 410.0 2295.24969943271
0.0 509.0 390.0 1450.0 7307.038994121087
0.0 588.0 339.0 1329.0 6473.76029843616
0.0 427.0 344.0 2139.0 8122.497871041846
0.0 457.0 329.0 2081.0 7898.943635352843
0.0 458.0 329.0 2074.0 7884.796262915254
1.0 897.0 117.0 1035.0 3419.954772716423
1.0 897.0 117.0 1035.0 3419.954772716423
0.0 815.0 236.0 807.0 4270.226197755324
0.0 692.0 205.0 1640.0 5506.601847016787
0.0 205.0 542.0 2229.0 10357.956605042638
0.0 1060.0 63.0 474.0 1786.3283726250595
0.0 945.0 166.0 542.0 2969.6055465071486
0.0 545.0 295.0 1802.0 6965.418502633688
1.0 283.0 508.0 1976.0 9545.466873907068
0.0 1037.0 74.0 527.0 1987.8325819890786
0.0 1037.0 74.0 527.0 1987.8325819890786
0.0 248.0 410.0 2851.0 9924.970976579782
0.0 1125.0 52.0 254.0 1108.5237648243108
0.0 901.0 182.0 668.0 3342.0326396670916
0.0 177.0 553.0 2315.0 10677.945127352366
0.0 1244.0 0.0 0.0 0.0
0.0 1233.0 4.0 19.0 91.44784090135536
0.0 1157.0 38.0 172.0 820.9002939957709
0.0 462.0 402.0 1603.0 7682.705787431729
0.0 639.0 323.0 1168.0 6081.073031606177
0.0 431.0 427.0 1630.0 8054.37813512859
0.0 1223.0 7.0 51.0 178.83919054518472
0.0 987.0 143.0 458.0 2525.2810503512183
0.0 362.0 473.0 1735.0 8799.656164515236
0.0 1244.0 0.0 0.0 0.0
0.0 1135.0 46.0 233.0 1015.7739550196345
0.0 545.0 295.0 1802.0 6965.418502633688
0.0 691.0 205.0 1646.0 5517.848911276158
0.0 1072.0 63.0 424.0 1674.0803581254706
0.0 1164.0 30.0 176.0 762.6097829603566
0.0 338.0 373.0 2513.0 9041.723295382304
0.0 450.0 413.0 1608.0 7829.100437116989
0.0 691.0 205.0 1646.0 5517.848911276158
0.0 362.0 473.0 1735.0 8799.656164515236
0.0 509.0 390.0 1450.0 7307.038994121087
0.0 729.0 203.0 1357.0 5132.798951016277
0.0 1059.0 63.0 478.0 1800.097650675253
0.0 1109.0 62.0 290.0 1282.3323958575127
0.0 248.0 410.0 2851.0 9924.970976579782
1.0 897.0 117.0 1035.0 3419.954772716423
0.0 1206.0 15.0 87.0 326.78795959064996
1.0 568.0 256.0 2037.0 6768.213053791738
0.0 338.0 373.0 2513.0 9041.723295382304
1.0 780.0 177.0 1243.0 4578.641819143839
1.0 622.0 239.0 1767.0 6208.944441592097
0.0 987.0 143.0 458.0 2525.2810503512183
0.0 856.0 139.0 1113.0 3843.181067642499
0.0 204.0 541.0 2236.0 10371.212813039734
0.0 865.0 144.0 1015.0 3750.5163682427415
0.0 1011.0 128.0 413.0 2305.3479766632017
0.0 553.0 368.0 1361.0 6852.630856114967
0.0 394.0 353.0 2268.0 8472.174549074001
0.0 841.0 217.0 779.0 3978.432790597945
1.0 568.0 256.0 2037.0 6768.213053791738
0.0 832.0 227.0 776.0 4069.643761728927
0.0 941.0 168.0 549.0 3014.4366646690164
0.0 256.0 407.0 2801.0 9840.663489341241
1.0 674.0 217.0 1570.0 5692.437672928383
0.0 1073.0 63.0 422.0 1660.0295905467867
0.0 495.0 397.0 1484.0 7458.347402275525
0.0 793.0 160.0 1421.0 4470.460976068575
0.0 532.0 376.0 1412.0 7073.350955646474
1.0 290.0 504.0 1965.0 9450.169163843486
0.0 342.0 373.0 2479.0 9010.872461722438
1.0 783.0 177.0 1223.0 4556.139353505217
1.0 290.0 504.0 1965.0 9450.169163843486
0.0 878.0 205.0 659.0 3674.0506823587457
0.0 417.0 436.0 1655.0 8199.016483046978
1.0 783.0 177.0 1223.0 4556.139353505217
0.0 87.0 562.0 2911.0 11582.256200143836
0.0 429.0 428.0 1635.0 8077.85608319955
0.0 203.0 542.0 2236.0 10383.94822251255
0.0 87.0 562.0 2911.0 11582.256200143836
0.0 889.0 197.0 650.0 3524.0428612295486
0.0 824.0 232.0 787.0 4169.743086874492
0.0 259.0 407.0 2776.0 9809.698236266278
0.0 277.0 404.0 2660.0 9628.43409299815
0.0 87.0 562.0 2911.0 11582.256200143836
0.0 941.0 168.0 549.0 3014.4366646690164
5.0 861.0 210.0 663.0 3799.7470239017102
0.0 553.0 368.0 1361.0 6852.630856114967
0.0 639.0 323.0 1168.0 6081.073031606177
0.0 639.0 323.0 1168.0 6081.073031606177
1.0 599.0 241.0 1944.0 6466.823870360149
0.0 143.0 567.0 2431.0 11047.158591919004
0.0 1229.0 4.0 36.0 122.85771130832889
0.0 147.0 567.0 2410.0 10996.4256093705
0.0 1164.0 30.0 176.0 762.6097829603566
0.0 1144.0 44.0 201.0 935.2822219171405
0.0 945.0 166.0 542.0 2969.6055465071486
0.0 1035.0 105.0 411.0 1996.3835869233337
0.0 1228.0 5.0 36.0 129.7573278496644
0.0 815.0 236.0 807.0 4270.226197755324
0.0 545.0 295.0 1802.0 6965.418502633688
0.0 1035.0 105.0 411.0 1996.3835869233337
0.0 1114.0 58.0 283.0 1224.79293930722
0.0 427.0 344.0 2139.0 8122.497871041846
1.0 781.0 177.0 1235.0 4573.151375504889
1.0 624.0 239.0 1749.0 6193.352039321799
0.0 894.0 192.0 650.0 3464.831485919649
0.0 1004.0 87.0 644.0 2294.0641294300954
0.0 1114.0 58.0 283.0 1224.79293930722
1.0 599.0 241.0 1944.0 6466.823870360149
1.0 624.0 239.0 1749.0 6193.352039321799
2.0 643.0 233.0 1646.0 5985.983489495224
0.0 1016.0 123.0 413.0 2241.665400177346
0.0 1212.0 14.0 65.0 278.8678210769244
0.0 941.0 168.0 549.0 3014.4366646690164
0.0 1001.0 87.0 670.0 2317.8779782142183
0.0 532.0 376.0 1412.0 7073.350955646474
1.0 286.0 507.0 1969.0 9499.972810143508
0.0 520.0 381.0 1443.0 7173.828048522242
0.0 729.0 203.0 1357.0 5132.798951016277
0.0 964.0 105.0 728.0 2746.5154937656016
0.0 1083.0 87.0 316.0 1540.1064518823448
0.0 458.0 329.0 2074.0 7884.796262915254
0.0 1132.0 49.0 233.0 1046.9454410245728
0.0 1208.0 14.0 82.0 310.27769148389785
0.0 571.0 350.0 1355.0 6632.8670525203615
0.0 1086.0 84.0 316.0 1503.0509272567567
0.0 712.0 201.0 1506.0 5290.478721465209
0.0 949.0 97.0 903.0 2915.788063271103
0.0 87.0 562.0 2911.0 11582.256200143836
0.0 401.0 441.0 1702.0 8321.46369501665
0.0 1244.0 0.0 0.0 0.0
0.0 1244.0 0.0 0.0 0.0
0.0 1244.0 0.0 0.0 0.0
0.0 978.0 124.0 571.0 2547.224536121414
0.0 1244.0 0.0 0.0 0.0
0.0 1244.0 0.0 0.0 0.0
0.0 1244.0 0.0 0.0 0.0
0.0 1086.0 84.0 316.0 1503.0509272567567
0.0 713.0 201.0 1498.0 5283.307932888788
0.0 889.0 197.0 650.0 3524.0428612295486
0.0 886.0 138.0 935.0 3545.290528887154
0.0 654.0 312.0 1151.0 5891.480661727889
0.0 758.0 249.0 993.0 4735.63995248005
0.0 1030.0 77.0 547.0 2044.198390597479
0.0 1013.0 127.0 410.0 2280.9465208161164
0.0 940.0 169.0 549.0 3023.545357689205
0.0 1244.0 0.0 0.0 0.0
0.0 1244.0 0.0 0.0 0.0
0.0 1244.0 0.0 0.0 0.0
0.0 387.0 353.0 2327.0 8545.211399487533
0.0 1017.0 81.0 600.0 2168.8118805311915
0.0 1244.0 0.0 0.0 0.0
0.0 1140.0 44.0 218.0 966.6920923241141
0.0 856.0 139.0 1113.0 3843.181067642499
0.0 707.0 286.0 1049.0 5310.90194582676
0.0 1244.0 0.0 0.0 0.0
0.0 387.0 353.0 2327.0 8545.211399487533
0.0 707.0 286.0 1049.0 5310.90194582676
0.0 1073.0 63.0 422.0 1660.0295905467867
0.0 1139.0 45.0 218.0 975.6274750759028
0.0 393.0 353.0 2274.0 8486.219992111606
0.0 427.0 344.0 2139.0 8122.497871041846
1.0 675.0 218.0 1553.0 5679.926993605848
0.0 1244.0 0.0 0.0 0.0
0.0 1244.0 0.0 0.0 0.0
0.0 740.0 271.0 980.0 4956.701246385597
0.0 1063.0 63.0 462.0 1756.6770511726645
0.0 366.0 472.0 1720.0 8764.049931258316
0.0 388.0 454.0 1699.0 8485.84169035155
0.0 907.0 175.0 671.0 3281.623698983203
0.0 1208.0 14.0 82.0 310.27769148389785
1.0 569.0 256.0 2029.0 6753.744559856714
0.0 834.0 225.0 776.0 4049.0087049660815
0.0 794.0 160.0 1413.0 4455.929834259
0.0 256.0 407.0 2801.0 9840.663489341241
0.0 495.0 397.0 1484.0 7458.347402275525
0.0 540.0 295.0 1839.0 7018.889791972883
0.0 712.0 201.0 1506.0 5290.478721465209
0.0 1173.0 30.0 143.0 676.2957907802712
0.0 907.0 175.0 671.0 3281.623698983203
0.0 966.0 109.0 694.0 2717.446416280586
0.0 1123.0 54.0 254.0 1135.26935307934
1.0 783.0 177.0 1223.0 4556.139353505217
0.0 1048.0 69.0 508.0 1878.4246676963512
0.0 388.0 454.0 1699.0 8485.84169035155
0.0 1244.0 0.0 0.0 0.0
0.0 205.0 542.0 2229.0 10357.956605042638
0.0 1244.0 0.0 0.0 0.0
0.0 729.0 203.0 1357.0 5132.798951016277
0.0 794.0 160.0 1413.0 4455.929834259
0.0 948.0 97.0 911.0 2925.9352078532293
0.0 1126.0 52.0 249.0 1098.913113258894
1.0 674.0 218.0 1562.0 5685.215182103861
0.0 740.0 271.0 980.0 4956.701246385597
0.0 715.0 281.0 1038.0 5218.223863685741
0.0 740.0 271.0 980.0 4956.701246385597
0.0 540.0 295.0 1839.0 7018.889791972883
0.0 1244.0 0.0 0.0 0.0
0.0 394.0 353.0 2268.0 8472.174549074001
0.0 1207.0 15.0 82.0 317.1773080252334
0.0 367.0 471.0 1720.0 8749.153492599205
0.0 886.0 138.0 935.0 3545.290528887154
0.0 932.0 99.0 1024.0 3100.349877195901
0.0 330.0 375.0 2566.0 9121.920236043643
0.0 237.0 421.0 2851.0 10019.828818068821
0.0 177.0 553.0 2315.0 10677.945127352366
0.0 458.0 329.0 2074.0 7884.796262915254
0.0 598.0 330.0 1325.0 6356.838295568445
0.0 276.0 404.0 2668.0 9636.457444924526
1.0 600.0 241.0 1937.0 6453.874512357552
0.0 1140.0 44.0 218.0 966.6920923241141
0.0 856.0 139.0 1113.0 3843.181067642499
0.0 729.0 203.0 1357.0 5132.798951016277
0.0 1195.0 21.0 115.0 429.8050895198588
0.0 987.0 143.0 458.0 2525.2810503512183
1.0 674.0 218.0 1562.0 5685.215182103861
0.0 949.0 97.0 903.0 2915.788063271103
1.0 283.0 508.0 1976.0 9545.466873907068
0.0 729.0 203.0 1357.0 5132.798951016277
0.0 949.0 97.0 903.0 2915.788063271103
0.0 460.0 404.0 1603.0 7702.959391548133
0.0 1233.0 4.0 19.0 91.44784090135536
0.0 1228.0 5.0 36.0 129.7573278496644
0.0 1233.0 4.0 19.0 91.44784090135536
0.0 143.0 567.0 2431.0 11047.158591919004
0.0 987.0 143.0 458.0 2525.2810503512183
0.0 508.0 391.0 1450.0 7321.789561991374
0.0 161.0 564.0 2352.0 10854.299214633
0.0 1109.0 62.0 290.0 1282.3323958575127
0.0 820.0 235.0 790.0 4225.352735578298
0.0 1144.0 44.0 201.0 935.2822219171405
0.0 961.0 105.0 746.0 2782.40362601164
0.0 886.0 138.0 935.0 3545.290528887154
0.0 1072.0 63.0 424.0 1674.0803581254706
0.0 1085.0 85.0 316.0 1513.6330443756387
0.0 844.0 142.0 1189.0 3935.3786238072357
0.0 660.0 305.0 1156.0 5808.8212159978675
0.0 878.0 205.0 659.0 3674.0506823587457
0.0 676.0 293.0 1135.0 5669.144377060642
0.0 949.0 97.0 903.0 2915.788063271103
0.0 757.0 250.0 993.0 4746.067947207616
0.0 147.0 567.0 2410.0 10996.4256093705
0.0 965.0 110.0 694.0 2722.6903334232807
0.0 330.0 375.0 2566.0 9121.920236043643
0.0 961.0 105.0 746.0 2782.40362601164
0.0 856.0 139.0 1113.0 3843.181067642499
0.0 655.0 311.0 1151.0 5877.851037135327
0.0 1172.0 30.0 146.0 685.8573090751402
0.0 1172.0 30.0 146.0 685.8573090751402
0.0 828.0 146.0 1293.0 4118.955523066945
0.0 1163.0 31.0 176.0 769.5093995016921
0.0 646.0 314.0 1176.0 5967.709061060572
0.0 1229.0 4.0 36.0 122.85771130832889
0.0 667.0 298.0 1157.0 5717.242688019463
0.0 932.0 99.0 1024.0 3100.349877195901
0.0 1039.0 103.0 407.0 1954.020141689912
0.0 1195.0 21.0 115.0 429.8050895198588
0.0 1160.0 35.0 172.0 790.1102656462883
0.0 574.0 347.0 1355.0 6591.02323926047
0.0 758.0 249.0 993.0 4735.63995248005
0.0 894.0 192.0 650.0 3464.831485919649
0.0 1018.0 81.0 592.0 2160.477635121092
0.0 1072.0 63.0 424.0 1674.0803581254706
0.0 1059.0 63.0 478.0 1800.097650675253
0.0 1060.0 63.0 474.0 1786.3283726250595
0.0 1201.0 18.0 97.0 376.9072867514319
0.0 987.0 143.0 458.0 2525.2810503512183
0.0 1164.0 30.0 176.0 762.6097829603566
0.0 883.0 139.0 945.0 3576.1002319967088
0.0 1125.0 52.0 254.0 1108.5237648243108
