0.0 815.0 230.0 821.0 4213.127434341638
0.0 694.0 198.0 1732.0 5492.453491114347
0.0 223.0 539.0 2148.0 10210.23754740259
0.0 256.0 520.0 2082.0 9880.76016497637
0.0 729.0 291.0 934.0 5137.685734626406
0.0 653.0 236.0 1627.0 5897.080671040633
0.0 694.0 198.0 1732.0 5492.453491114347
1.0 1119.0 35.0 365.0 1248.4118163298583
0.0 197.0 553.0 2206.0 10467.126907193257
0.0 905.0 116.0 993.0 3317.2566649099454
0.0 965.0 149.0 519.0 2762.1597288013677
0.0 882.0 197.0 668.0 3595.343266713
1.0 1119.0 35.0 365.0 1248.4118163298583
0.0 897.0 116.0 1047.0 3406.5827397608555
0.0 223.0 539.0 2148.0 10210.23754740259
0.0 339.0 489.0 1783.0 9037.383176752168
0.0 551.0 267.0 2135.0 6885.963687695412
0.0 859.0 142.0 1015.0 3837.095350902007
0.0 472.0 329.0 1968.0 7659.399353900219
0.0 725.0 195.0 1506.0 5154.679536494141
0.0 859.0 142.0 1015.0 3837.095350902007
0.0 833.0 143.0 1193.0 4092.489753142942
0.0 356.0 362.0 2515.0 8845.01537412344
0.0 313.0 402.0 2428.0 9258.463494035956
0.0 473.0 329.0 1961.0 7648.7228303633
0.0 405.0 339.0 2365.0 8338.528363523936
0.0 982.0 94.0 683.0 2537.078511836407
0.0 776.0 173.0 1309.0 4736.677837800134
0.0 937.0 104.0 893.0 3014.2741139481905
0.0 586.0 315.0 1396.0 6549.27929598376
0.0 776.0 173.0 1309.0 4736.677837800134
0.0 1161.0 33.0 176.0 782.6165717005147
0.0 937.0 104.0 893.0 3014.2741139481905
0.0 930.0 169.0 574.0 3118.8458724498964
0.0 456.0 334.0 2031.0 7814.325159454643
0.0 502.0 316.0 1906.0 7378.388256201203
0.0 898.0 116.0 1041.0 3396.1539549100726
0.0 502.0 316.0 1906.0 7378.388256201203
0.0 935.0 104.0 905.0 3033.17933683673
0.0 233.0 425.0 2828.0 10054.707540056977
0.0 1233.0 4.0 19.0 91.44784090135536
0.0 1244.0 0.0 0.0 0.0
0.0 188.0 558.0 2223.0 10566.109816679143
0.0 619.0 335.0 1194.0 6205.01287073162
0.0 1057.0 63.0 506.0 1821.3085192955002
1.0 412.0 449.0 1581.0 8273.20926900348
0.0 833.0 143.0 1193.0 4092.489753142942
1.0 404.0 457.0 1583.0 8375.335797346528
0.0 965.0 149.0 519.0 2762.1597288013677
0.0 715.0 195.0 1590.0 5246.2359311489745
0.0 766.0 260.0 898.0 4734.494632453995
0.0 551.0 267.0 2135.0 6885.963687695412
0.0 146.0 567.0 2412.0 10985.145038561792
0.0 343.0 369.0 2540.0 8981.952558304381
0.0 679.0 310.0 1063.0 5589.702076596142
0.0 1166.0 32.0 159.0 745.6413142677296
0.0 414.0 338.0 2302.0 8238.929881322616
0.0 87.0 562.0 2904.0 11587.201511964224
0.0 146.0 567.0 2412.0 10985.145038561792
0.0 1056.0 63.0 512.0 1835.3539623331035
0.0 672.0 251.0 1377.0 5637.946091688943
0.0 584.0 358.0 1237.0 6545.047706575426
0.0 1140.0 43.0 222.0 970.0365518760836
0.0 87.0 562.0 2904.0 11587.201511964224
0.0 647.0 332.0 1116.0 5934.470920553487
0.0 672.0 251.0 1377.0 5637.946091688943
0.0 886.0 194.0 665.0 3545.2683915811417
0.0 531.0 381.0 1353.0 7068.499736245285
0.0 725.0 195.0 1506.0 5154.679536494141
0.0 746.0 207.0 1233.0 4964.5000932854955
0.0 865.0 207.0 693.0 3784.8553929222694
0.0 1195.0 22.0 94.0 428.092364430847
0.0 87.0 562.0 2904.0 11587.201511964224
0.0 907.0 116.0 978.0 3303.664124675938
0.0 1084.0 89.0 252.0 1599.3939691763903
0.0 1222.0 10.0 31.0 192.08892343550963
0.0 1126.0 50.0 258.0 1097.0686463054215
0.0 543.0 371.0 1343.0 6948.238050317935
0.0 907.0 116.0 978.0 3303.664124675938
0.0 1085.0 89.0 249.0 1589.8324508815215
0.0 1060.0 63.0 489.0 1789.7509597917576
0.0 1222.0 10.0 31.0 192.08892343550963
0.0 585.0 358.0 1234.0 6533.346712290249
0.0 276.0 407.0 2659.0 9626.37041695409
0.0 1108.0 78.0 200.0 1381.7370598698515
0.0 1014.0 79.0 601.0 2237.7402203616575
0.0 572.0 264.0 1989.0 6636.716387655511
0.0 1206.0 13.0 84.0 340.25870878561545
0.0 87.0 562.0 2904.0 11587.201511964224
0.0 982.0 94.0 683.0 2537.078511836407
0.0 1003.0 84.0 636.0 2358.4516518501573
0.0 982.0 94.0 683.0 2537.078511836407
0.0 882.0 197.0 668.0 3595.343266713
0.0 918.0 179.0 580.0 3269.5841769211993
1.0 389.0 465.0 1616.0 8507.943172065565
1.0 432.0 439.0 1535.0 8060.721557279141
0.0 339.0 489.0 1783.0 9037.383176752168
0.0 1019.0 78.0 572.0 2190.2084327804505
0.0 965.0 149.0 519.0 2762.1597288013677
0.0 1060.0 63.0 489.0 1789.7509597917576
0.0 875.0 201.0 678.0 3682.704601680142
0.0 1047.0 112.0 334.0 1991.3339872332363
0.0 1060.0 63.0 489.0 1789.7509597917576
2.0 959.0 153.0 511.0 2825.832738709521
0.0 232.0 425.0 2836.0 10065.217131994345
2.0 959.0 153.0 511.0 2825.832738709521
1.0 378.0 473.0 1629.0 8650.100518037136
0.0 232.0 425.0 2836.0 10065.217131994345
0.0 817.0 229.0 817.0 4187.500572583953
0.0 187.0 558.0 2228.0 10571.536973073305
0.0 617.0 337.0 1194.0 6226.967161009391
0.0 232.0 425.0 2836.0 10065.217131994345
0.0 1161.0 33.0 176.0 782.6165717005147
0.0 1161.0 33.0 176.0 782.6165717005147
0.0 787.0 253.0 855.0 4505.701128415397
0.0 343.0 369.0 2540.0 8981.952558304381
0.0 1195.0 21.0 99.0 427.4290421248043
0.0 630.0 237.0 1793.0 6134.379978529909
0.0 563.0 264.0 2060.0 6754.943863074664
0.0 1139.0 44.0 222.0 977.8933718915309
0.0 740.0 280.0 933.0 5000.140144228991
0.0 256.0 520.0 2082.0 9880.76016497637
0.0 740.0 280.0 933.0 5000.140144228991
0.0 782.0 171.0 1288.0 4673.55053206701
0.0 581.0 318.0 1407.0 6594.24061694178
0.0 729.0 291.0 934.0 5137.685734626406
0.0 918.0 179.0 580.0 3269.5841769211993
0.0 541.0 373.0 1343.0 6966.978299689991
0.0 918.0 179.0 580.0 3269.5841769211993
0.0 629.0 237.0 1803.0 6145.77200154299
1.0 427.0 441.0 1547.0 8115.720333292949
0.0 87.0 562.0 2904.0 11587.201511964224
0.0 930.0 169.0 574.0 3118.8458724498964
0.0 147.0 567.0 2407.0 10973.624187092903
0.0 782.0 171.0 1288.0 4673.55053206701
0.0 929.0 170.0 574.0 3132.11869700748
0.0 1233.0 4.0 19.0 91.44784090135536
0.0 502.0 316.0 1906.0 7378.388256201203
0.0 330.0 492.0 1818.0 9119.024615586297
0.0 339.0 489.0 1783.0 9037.383176752168
0.0 595.0 351.0 1225.0 6421.934591877146
0.0 586.0 315.0 1396.0 6549.27929598376
0.0 586.0 315.0 1396.0 6549.27929598376
0.0 835.0 143.0 1174.0 4071.6169017693405
0.0 897.0 116.0 1047.0 3406.5827397608555
0.0 330.0 492.0 1818.0 9119.024615586297
0.0 1023.0 77.0 561.0 2147.7730407138292
0.0 1244.0 0.0 0.0 0.0
0.0 1244.0 0.0 0.0 0.0
0.0 1244.0 0.0 0.0 0.0
0.0 493.0 407.0 1412.0 7470.222442080983
0.0 832.0 217.0 804.0 4035.0660425215947
0.0 1244.0 0.0 0.0 0.0
0.0 313.0 402.0 2428.0 9258.463494035956
0.0 937.0 104.0 893.0 3014.2741139481905
0.0 872.0 129.0 1085.0 3651.9138325988088
0.0 188.0 558.0 2223.0 10566.109816679143
0.0 405.0 339.0 2365.0 8338.528363523936
0.0 761.0 173.0 1431.0 4905.285311457222
0.0 1115.0 70.0 203.0 1292.53241714758
0.0 1151.0 35.0 209.0 885.4075165555809
0.0 1217.0 11.0 48.0 230.39841038381869
0.0 871.0 129.0 1092.0 3666.2238014613013
0.0 403.0 339.0 2386.0 8358.681677952067
0.0 647.0 332.0 1116.0 5934.470920553487
0.0 1114.0 70.0 206.0 1302.6306943780728
0.0 1206.0 13.0 84.0 340.25870878561545
0.0 1091.0 82.0 252.0 1512.1411224993603
0.0 356.0 362.0 2515.0 8845.01537412344
0.0 1109.0 77.0 200.0 1367.6527332393443
0.0 763.0 173.0 1417.0 4876.931287403992
0.0 226.0 430.0 2844.0 10119.849060389593
0.0 1109.0 77.0 200.0 1367.6527332393443
0.0 1244.0 0.0 0.0 0.0
0.0 1244.0 0.0 0.0 0.0
0.0 982.0 94.0 683.0 2537.078511836407
0.0 1036.0 120.0 349.0 2122.658262250545
0.0 798.0 244.0 837.0 4447.173467264152
0.0 1244.0 0.0 0.0 0.0
0.0 861.0 142.0 1002.0 3823.1387148388044
0.0 1244.0 0.0 0.0 0.0
0.0 832.0 217.0 804.0 4035.0660425215947
0.0 653.0 236.0 1627.0 5897.080671040633
0.0 1140.0 43.0 222.0 970.0365518760836
0.0 788.0 252.0 855.0 4490.773029064372
0.0 613.0 342.0 1190.0 6284.475497950139
0.0 1079.0 54.0 460.0 1628.4132849109826
0.0 1019.0 78.0 572.0 2190.2084327804505
0.0 885.0 195.0 665.0 3557.4863107046776
0.0 715.0 195.0 1590.0 5246.2359311489745
0.0 1244.0 0.0 0.0 0.0
0.0 1016.0 79.0 586.0 2214.6346436938347
0.0 690.0 294.0 1080.0 5457.065582618189
0.0 1125.0 50.0 265.0 1102.830327044791
0.0 743.0 208.0 1246.0 4986.015172055353
1.0 378.0 473.0 1629.0 8650.100518037136
1.0 378.0 473.0 1629.0 8650.100518037136
0.0 277.0 407.0 2652.0 9612.101784915485
0.0 188.0 558.0 2223.0 10566.109816679143
0.0 430.0 330.0 2266.0 8085.43524406936
0.0 1244.0 0.0 0.0 0.0
0.0 1166.0 32.0 159.0 745.6413142677296
0.0 428.0 330.0 2283.0 8106.074982539785
0.0 1071.0 96.0 286.0 1719.9159244982163
0.0 1079.0 54.0 460.0 1628.4132849109826
0.0 680.0 309.0 1063.0 5574.951508725855
0.0 1207.0 12.0 84.0 333.3590922442799
0.0 1207.0 12.0 84.0 333.3590922442799
0.0 1159.0 35.0 176.0 797.3730082572974
0.0 1079.0 54.0 460.0 1628.4132849109826
0.0 840.0 151.0 1072.0 3996.8964482882393
0.0 1244.0 0.0 0.0 0.0
0.0 1218.0 10.0 48.0 223.49879384248314
0.0 835.0 143.0 1174.0 4071.6169017693405
0.0 1191.0 24.0 106.0 469.7250791741844
0.0 1244.0 0.0 0.0 0.0
0.0 472.0 329.0 1968.0 7659.399353900219
0.0 271.0 407.0 2708.0 9678.156690807939
0.0 765.0 260.0 902.0 4740.464550932819
0.0 684.0 305.0 1063.0 5525.747987458046
0.0 563.0 264.0 2060.0 6754.943863074664
0.0 865.0 206.0 697.0 3784.1668884680867
0.0 1180.0 30.0 132.0 570.6362539313544
0.0 471.0 421.0 1450.0 7736.514413308466
0.0 471.0 421.0 1450.0 7736.514413308466
0.0 787.0 253.0 855.0 4505.701128415397
0.0 865.0 206.0 697.0 3784.1668884680867
0.0 490.0 410.0 1412.0 7500.036336068048
0.0 1166.0 32.0 159.0 745.6413142677296
0.0 1218.0 10.0 48.0 223.49879384248314
0.0 356.0 362.0 2515.0 8845.01537412344
0.0 256.0 520.0 2082.0 9880.76016497637
0.0 1197.0 20.0 94.0 410.9187740180522
0.0 730.0 291.0 931.0 5124.463889039516
0.0 522.0 386.0 1368.0 7160.154106086693
0.0 490.0 410.0 1412.0 7500.036336068048
1.0 1119.0 35.0 365.0 1248.4118163298583
0.0 761.0 173.0 1431.0 4905.285311457222
0.0 1244.0 0.0 0.0 0.0
0.0 1244.0 0.0 0.0 0.0
0.0 782.0 171.0 1288.0 4673.55053206701
1.0 1119.0 35.0 365.0 1248.4118163298583
0.0 935.0 104.0 905.0 3033.17933683673
0.0 631.0 237.0 1786.0 6120.111346491306
0.0 920.0 177.0 580.0 3242.3202220414187
0.0 695.0 198.0 1724.0 5477.984997179323
0.0 713.0 195.0 1607.0 5266.742468292525
0.0 1036.0 120.0 349.0 2122.658262250545
0.0 993.0 135.0 471.0 2478.136629214616
0.0 584.0 358.0 1237.0 6545.047706575426
0.0 690.0 294.0 1080.0 5457.065582618189
0.0 1195.0 21.0 99.0 427.4290421248043
0.0 993.0 135.0 471.0 2478.136629214616
0.0 531.0 381.0 1353.0 7068.499736245285
0.0 1043.0 116.0 334.0 2049.903249640647
0.0 1004.0 84.0 630.0 2344.406208812554
0.0 1043.0 116.0 334.0 2049.903249640647
0.0 1071.0 96.0 286.0 1719.9159244982163
0.0 595.0 351.0 1225.0 6421.934591877146
0.0 766.0 260.0 898.0 4734.494632453995
0.0 816.0 230.0 817.0 4202.4286719349775
0.0 1091.0 82.0 252.0 1512.1411224993603
0.0 572.0 264.0 1989.0 6636.716387655511
0.0 1079.0 54.0 460.0 1628.4132849109826
0.0 732.0 288.0 934.0 5097.073529510047
0.0 1084.0 89.0 252.0 1599.3939691763903
0.0 1244.0 0.0 0.0 0.0
0.0 1244.0 0.0 0.0 0.0
0.0 1233.0 4.0 19.0 91.44784090135536
1.0 432.0 439.0 1535.0 8060.721557279141
0.0 481.0 416.0 1427.0 7612.992193945274
0.0 746.0 207.0 1233.0 4964.5000932854955
1.0 389.0 465.0 1616.0 8507.943172065565
0.0 1233.0 4.0 19.0 91.44784090135536
0.0 973.0 111.0 619.0 2696.0077889133418
0.0 980.0 94.0 698.0 2561.029470679302
0.0 1244.0 0.0 0.0 0.0
0.0 672.0 251.0 1377.0 5637.946091688943
0.0 936.0 104.0 898.0 3024.833965366549
0.0 439.0 329.0 2215.0 7982.682148016407
0.0 1139.0 44.0 222.0 977.8933718915309
0.0 629.0 237.0 1803.0 6145.77200154299
0.0 645.0 334.0 1116.0 5960.865358698165
0.0 969.0 145.0 519.0 2706.291163140573
0.0 861.0 142.0 1002.0 3823.1387148388044
0.0 840.0 151.0 1072.0 3996.8964482882393
0.0 1023.0 77.0 561.0 2147.7730407138292
0.0 703.0 197.0 1664.0 5393.0407889494545
0.0 1019.0 78.0 572.0 2190.2084327804505
0.0 522.0 386.0 1368.0 7160.154106086693
0.0 1023.0 77.0 561.0 2147.7730407138292
0.0 1126.0 50.0 258.0 1097.0686463054215
0.0 834.0 143.0 1183.0 4079.8444843842285
0.0 1151.0 35.0 209.0 885.4075165555809
0.0 679.0 310.0 1063.0 5589.702076596142
0.0 816.0 230.0 817.0 4202.4286719349775
0.0 932.0 104.0 928.0 3059.9323591549582
0.0 980.0 94.0 698.0 2561.029470679302
