1.0 829.0 221.0 753.0 4078.512756917546
0.0 1088.0 52.0 404.0 1506.884655073038
0.0 1096.0 84.0 228.0 1493.5429172203521
0.0 87.0 563.0 2906.0 11576.846754617378
1.0 829.0 221.0 753.0 4078.512756917546
1.0 871.0 201.0 658.0 3687.2668223117644
0.0 956.0 98.0 815.0 2762.5706415367476
0.0 1208.0 18.0 58.0 301.05847561625535
1.0 871.0 201.0 658.0 3687.2668223117644
0.0 140.0 566.0 2458.0 11041.642282021412
0.0 965.0 130.0 575.0 2650.116291230824
0.0 496.0 394.0 1502.0 7414.347332706011
0.0 780.0 176.0 1269.0 4624.82556420974
0.0 956.0 98.0 815.0 2762.5706415367476
0.0 1179.0 25.0 139.0 611.5478420152233
0.0 901.0 122.0 961.0 3347.2815792091433
0.0 392.0 460.0 1717.0 8521.929945635049
0.0 1024.0 75.0 602.0 2094.153298841269
1.0 870.0 202.0 658.0 3699.4847414353003
0.0 699.0 196.0 1677.0 5455.297491869782
0.0 773.0 237.0 943.0 4568.396103836265
0.0 946.0 144.0 587.0 2851.3941516287528
0.0 771.0 239.0 943.0 4593.953958086942
0.0 682.0 200.0 1785.0 5654.859952358065
0.0 647.0 319.0 1123.0 5839.665556158824
0.0 608.0 329.0 1246.0 6261.253143018702
0.0 934.0 155.0 590.0 2989.6420168821464
0.0 588.0 256.0 1852.0 6519.052486330571
0.0 1088.0 52.0 404.0 1506.884655073038
0.0 545.0 381.0 1303.0 6978.455755514848
0.0 986.0 118.0 542.0 2461.7499698309225
0.0 1244.0 0.0 0.0 0.0
0.0 545.0 381.0 1303.0 6978.455755514848
0.0 1244.0 0.0 0.0 0.0
0.0 883.0 123.0 1093.0 3530.4277831312934
0.0 1244.0 0.0 0.0 0.0
0.0 224.0 429.0 2877.0 10153.949217128133
0.0 506.0 280.0 2270.0 7370.334224617004
0.0 1244.0 0.0 0.0 0.0
0.0 506.0 280.0 2270.0 7370.334224617004
0.0 1244.0 0.0 0.0 0.0
0.0 1244.0 0.0 0.0 0.0
0.0 465.0 423.0 1508.0 7789.923533357495
0.0 941.0 99.0 923.0 2903.615718640337
0.0 1244.0 0.0 0.0 0.0
0.0 747.0 259.0 957.0 4856.512183356375
0.0 1244.0 0.0 0.0 0.0
0.0 1244.0 0.0 0.0 0.0
0.0 879.0 123.0 1130.0 3586.6907891355277
0.0 748.0 175.0 1511.0 4967.7399178574005
0.0 309.0 495.0 1951.0 9361.265726154852
0.0 309.0 495.0 1951.0 9361.265726154852
0.0 241.0 523.0 2157.0 9982.47942152038
0.0 1240.0 0.0 17.0 31.40987040697352
0.0 456.0 427.0 1532.0 7878.52027722693
0.0 1222.0 10.0 31.0 192.08892343550963
0.0 1057.0 63.0 481.0 1791.478255295078
0.0 408.0 362.0 2140.0 8323.603172157122
0.0 1224.0 10.0 23.0 179.91534286992646
0.0 962.0 132.0 576.0 2678.7766839666547
0.0 994.0 111.0 539.0 2397.2391483301167
0.0 930.0 98.0 1027.0 3038.247399853292
0.0 1240.0 0.0 17.0 31.40987040697352
0.0 893.0 187.0 643.0 3456.7891955845403
0.0 747.0 259.0 957.0 4856.512183356375
0.0 474.0 417.0 1496.0 7678.286041584504
0.0 804.0 195.0 988.0 4292.597545540511
0.0 906.0 178.0 632.0 3279.674242827729
0.0 930.0 98.0 1027.0 3038.247399853292
0.0 1175.0 25.0 156.0 642.9577124221969
0.0 456.0 427.0 1532.0 7878.52027722693
0.0 309.0 495.0 1951.0 9361.265726154852
0.0 346.0 382.0 2364.0 8917.546767731768
0.0 392.0 460.0 1717.0 8521.929945635049
0.0 804.0 195.0 988.0 4292.597545540511
0.0 993.0 112.0 539.0 2403.0048832559205
0.0 346.0 382.0 2364.0 8917.546767731768
0.0 1067.0 98.0 296.0 1772.3185638347002
0.0 527.0 279.0 2088.0 7119.860038144286
0.0 1096.0 84.0 228.0 1493.5429172203521
0.0 906.0 178.0 632.0 3279.674242827729
0.0 347.0 382.0 2360.0 8903.777489681575
0.0 780.0 176.0 1269.0 4624.82556420974
0.0 456.0 427.0 1532.0 7878.52027722693
0.0 225.0 430.0 2860.0 10134.680599600535
0.0 599.0 350.0 1200.0 6373.48855795579
0.0 1051.0 63.0 517.0 1862.9480864882494
0.0 205.0 542.0 2236.0 10346.23764021232
0.0 549.0 380.0 1289.0 6932.789642653602
0.0 220.0 433.0 2877.0 10189.544984497476
0.0 658.0 222.0 1730.0 5830.886954826755
0.0 613.0 235.0 1941.0 6307.669998385125
0.0 456.0 427.0 1532.0 7878.52027722693
1.0 830.0 220.0 753.0 4064.436325599576
0.0 613.0 235.0 1941.0 6307.669998385125
0.0 280.0 401.0 2684.0 9582.33359767343
0.0 1082.0 53.0 424.0 1568.2925088932934
0.0 663.0 307.0 1105.0 5650.044831183971
0.0 1140.0 41.0 233.0 959.8896399435822
0.0 804.0 195.0 988.0 4292.597545540511
0.0 1165.0 33.0 166.0 720.5173941959691
0.0 805.0 195.0 985.0 4279.218383128012
0.0 1083.0 53.0 420.0 1554.5665439941185
0.0 1107.0 74.0 225.0 1361.0687190873268
0.0 865.0 128.0 1204.0 3741.1485685567027
0.0 773.0 237.0 943.0 4568.396103836265
0.0 1060.0 105.0 304.0 1856.2058978090213
0.0 1036.0 80.0 498.0 2000.351961138577
0.0 780.0 176.0 1269.0 4624.82556420974
0.0 1154.0 35.0 195.0 836.9557008619001
0.0 1165.0 33.0 166.0 720.5173941959691
1.0 833.0 218.0 750.0 4027.7975164551194
0.0 805.0 195.0 985.0 4279.218383128012
0.0 1060.0 105.0 304.0 1856.2058978090213
0.0 755.0 175.0 1452.0 4896.221078181546
0.0 621.0 322.0 1219.0 6128.154747653026
0.0 680.0 216.0 1615.0 5611.858815445878
0.0 331.0 381.0 2480.0 9074.100360687971
0.0 561.0 371.0 1277.0 6778.551308621379
0.0 280.0 401.0 2684.0 9582.33359767343
0.0 224.0 429.0 2877.0 10153.949217128133
0.0 1175.0 25.0 156.0 642.9577124221969
0.0 1154.0 35.0 195.0 836.9557008619001
0.0 496.0 394.0 1502.0 7414.347332706011
0.0 611.0 235.0 1958.0 6331.261273824919
0.0 645.0 320.0 1126.0 5862.784270228937
0.0 1075.0 52.0 463.0 1645.8698591119764
0.0 591.0 356.0 1206.0 6480.6892564806985
0.0 302.0 394.0 2574.0 9345.010856543642
0.0 1123.0 51.0 261.0 1130.0739754808747
0.0 645.0 320.0 1126.0 5862.784270228937
0.0 912.0 172.0 632.0 3205.1463637374254
0.0 560.0 371.0 1281.0 6789.250071028039
0.0 1175.0 25.0 156.0 642.9577124221969
0.0 1154.0 35.0 195.0 836.9557008619001
0.0 1128.0 47.0 258.0 1079.9331831927932
0.0 778.0 176.0 1286.0 4647.150472503422
0.0 1179.0 25.0 139.0 611.5478420152233
0.0 715.0 275.0 1021.0 5126.942052598986
0.0 146.0 566.0 2421.0 10988.721743256332
1.0 844.0 210.0 742.0 3892.48533108137
0.0 321.0 489.0 1930.0 9203.606449877625
1.0 833.0 218.0 750.0 4027.7975164551194
0.0 901.0 122.0 961.0 3347.2815792091433
0.0 146.0 566.0 2421.0 10988.721743256332
0.0 587.0 256.0 1861.0 6525.69350042814
0.0 716.0 274.0 1021.0 5117.6365254046505
0.0 682.0 296.0 1073.0 5456.751398986176
0.0 390.0 459.0 1728.0 8545.1933336775
0.0 855.0 132.0 1257.0 3844.1480179728355
0.0 854.0 133.0 1257.0 3850.4013201923412
0.0 1224.0 10.0 23.0 179.91534286992646
0.0 165.0 561.0 2350.0 10792.749724587033
0.0 475.0 416.0 1496.0 7665.173925133855
0.0 1244.0 0.0 0.0 0.0
0.0 1244.0 0.0 0.0 0.0
0.0 570.0 258.0 1981.0 6703.272439918526
0.0 1108.0 73.0 225.0 1350.583893041055
0.0 334.0 381.0 2455.0 9048.332360950468
0.0 1244.0 0.0 0.0 0.0
0.0 1244.0 0.0 0.0 0.0
0.0 1140.0 41.0 233.0 959.8896399435822
0.0 1083.0 53.0 420.0 1554.5665439941185
0.0 1244.0 0.0 0.0 0.0
0.0 1108.0 73.0 225.0 1350.583893041055
0.0 866.0 128.0 1195.0 3727.301008098379
0.0 1089.0 52.0 397.0 1500.4324844917242
0.0 545.0 381.0 1303.0 6978.455755514848
0.0 591.0 356.0 1206.0 6480.6892564806985
0.0 895.0 185.0 643.0 3430.034602946149
0.0 697.0 264.0 1149.0 5279.690090889931
0.0 681.0 200.0 1794.0 5663.482109930759
0.0 618.0 337.0 1174.0 6171.281416720511
0.0 1128.0 47.0 258.0 1079.9331831927932
0.0 1067.0 98.0 296.0 1772.3185638347002
0.0 1060.0 105.0 304.0 1856.2058978090213
0.0 959.0 135.0 576.0 2710.522508945688
0.0 879.0 123.0 1130.0 3586.6907891355277
1.0 824.0 221.0 775.0 4116.598727653223
0.0 321.0 489.0 1930.0 9203.606449877625
0.0 658.0 310.0 1112.0 5715.506475880689
0.0 1075.0 52.0 463.0 1645.8698591119764
0.0 475.0 416.0 1496.0 7665.173925133855
0.0 988.0 88.0 719.0 2448.277490626416
0.0 1123.0 51.0 261.0 1130.0739754808747
0.0 1126.0 48.0 265.0 1094.3239409510527
0.0 743.0 175.0 1552.0 5024.907336583265
0.0 393.0 459.0 1717.0 8508.300321042487
0.0 705.0 282.0 1030.0 5254.32882664883
0.0 244.0 521.0 2154.0 9939.169096455338
0.0 608.0 329.0 1246.0 6261.253143018702
0.0 1244.0 0.0 0.0 0.0
0.0 1244.0 0.0 0.0 0.0
0.0 1244.0 0.0 0.0 0.0
0.0 893.0 187.0 643.0 3456.7891955845403
0.0 1244.0 0.0 0.0 0.0
0.0 526.0 279.0 2097.0 7127.030852598912
0.0 663.0 307.0 1105.0 5650.044831183971
0.0 393.0 459.0 1717.0 8508.300321042487
0.0 1017.0 74.0 663.0 2161.675390321002
0.0 1039.0 77.0 498.0 1965.623513465407
0.0 983.0 88.0 753.0 2505.7148478061417
0.0 1016.0 74.0 673.0 2173.6492740030917
0.0 751.0 232.0 1050.0 4745.477571062632
0.0 241.0 523.0 2157.0 9982.47942152038
0.0 483.0 405.0 1509.0 7560.552125375369
0.0 190.0 551.0 2264.0 10532.134488715632
0.0 88.0 564.0 2880.0 11570.601637618265
0.0 1096.0 84.0 228.0 1493.5429172203521
0.0 616.0 339.0 1174.0 6196.101456483603
0.0 205.0 542.0 2236.0 10346.23764021232
0.0 190.0 551.0 2264.0 10532.134488715632
0.0 986.0 118.0 542.0 2461.7499698309225
0.0 743.0 175.0 1552.0 5024.907336583265
0.0 1022.0 74.0 623.0 2116.214536208438
0.0 710.0 278.0 1027.0 5187.370535736329
0.0 1074.0 94.0 281.0 1699.5635512248025
0.0 1018.0 74.0 655.0 2151.3159316107367
0.0 743.0 175.0 1552.0 5024.907336583265
0.0 1206.0 19.0 63.0 317.56874372300746
0.0 931.0 157.0 593.0 3027.5767484199914
0.0 1051.0 63.0 517.0 1862.9480864882494
0.0 570.0 258.0 1981.0 6703.272439918526
0.0 900.0 122.0 966.0 3360.7880190512114
0.0 1151.0 37.0 200.0 862.7923614980923
0.0 1208.0 18.0 58.0 301.05847561625535
0.0 1057.0 63.0 481.0 1791.478255295078
0.0 855.0 132.0 1257.0 3844.1480179728355
0.0 304.0 394.0 2556.0 9330.125931782915
0.0 567.0 365.0 1277.0 6704.96669223914
0.0 1207.0 19.0 58.0 307.9580921575909
0.0 700.0 196.0 1668.0 5446.808535623961
0.0 1024.0 75.0 602.0 2094.153298841269
0.0 700.0 196.0 1668.0 5446.808535623961
1.0 871.0 201.0 658.0 3687.2668223117644
0.0 772.0 238.0 943.0 4579.025858735918
0.0 940.0 99.0 930.0 2915.5490965855015
0.0 681.0 296.0 1076.0 5470.130561398676
0.0 734.0 253.0 1035.0 4905.770937275489
0.0 934.0 155.0 590.0 2989.6420168821464
0.0 87.0 563.0 2906.0 11576.846754617378
0.0 1057.0 63.0 481.0 1791.478255295078
0.0 715.0 275.0 1021.0 5126.942052598986
0.0 87.0 563.0 2906.0 11576.846754617378
0.0 1140.0 41.0 233.0 959.8896399435822
0.0 952.0 98.0 844.0 2797.9682259794354
0.0 752.0 231.0 1050.0 4739.912184036821
0.0 1179.0 25.0 139.0 611.5478420152233
0.0 1179.0 25.0 139.0 611.5478420152233
0.0 87.0 563.0 2906.0 11576.846754617378
1.0 846.0 208.0 741.0 3873.523496314907
0.0 437.0 349.0 2058.0 8032.269870867492
0.0 285.0 400.0 2650.0 9521.933603162312
0.0 516.0 280.0 2172.0 7241.400473806525
0.0 389.0 459.0 1733.0 8553.343157182133
0.0 224.0 429.0 2877.0 10153.949217128133
0.0 1151.0 37.0 200.0 862.7923614980923
0.0 682.0 296.0 1073.0 5456.751398986176
0.0 658.0 222.0 1730.0 5830.886954826755
0.0 1244.0 0.0 0.0 0.0
0.0 900.0 122.0 966.0 3360.7880190512114
0.0 552.0 377.0 1289.0 6891.572626048681
0.0 506.0 280.0 2270.0 7370.334224617004
0.0 506.0 280.0 2270.0 7370.334224617004
0.0 588.0 256.0 1852.0 6519.052486330571
0.0 745.0 260.0 960.0 4880.137778119825
0.0 588.0 256.0 1852.0 6519.052486330571
0.0 1197.0 24.0 83.0 402.2081825669378
0.0 331.0 381.0 2480.0 9074.100360687971
0.0 697.0 264.0 1149.0 5279.690090889931
0.0 441.0 349.0 2032.0 7991.423722573148
0.0 441.0 349.0 2032.0 7991.423722573148
0.0 931.0 157.0 593.0 3027.5767484199914
0.0 588.0 256.0 1852.0 6519.052486330571
1.0 824.0 221.0 775.0 4116.598727653223
0.0 931.0 157.0 593.0 3027.5767484199914
0.0 1224.0 10.0 23.0 179.91534286992646
0.0 962.0 132.0 576.0 2678.7766839666547
0.0 1217.0 11.0 48.0 230.39841038381869
0.0 1217.0 11.0 48.0 230.39841038381869
0.0 1217.0 11.0 48.0 230.39841038381869
0.0 884.0 123.0 1086.0 3517.478425128696
0.0 990.0 115.0 539.0 2425.04938227945
0.0 681.0 200.0 1794.0 5663.482109930759
0.0 986.0 118.0 542.0 2461.7499698309225
0.0 146.0 566.0 2421.0 10988.721743256332
0.0 756.0 175.0 1445.0 4885.544554644627
0.0 988.0 88.0 719.0 2448.277490626416
0.0 1197.0 24.0 83.0 402.2081825669378
0.0 944.0 146.0 587.0 2875.3635913974003
0.0 757.0 175.0 1441.0 4871.818589745452
0.0 410.0 361.0 2135.0 8304.562311479918
0.0 1056.0 63.0 488.0 1797.9304258763918
0.0 511.0 279.0 2231.0 7316.618679136495
0.0 956.0 98.0 815.0 2762.5706415367476
0.0 140.0 566.0 2458.0 11041.642282021412
0.0 756.0 175.0 1445.0 4885.544554644627
0.0 525.0 279.0 2104.0 7141.340821461404
0.0 951.0 98.0 854.0 2803.9003638564136
0.0 282.0 400.0 2676.0 9555.946540439125
