0.0 1088.0 82.0 264.0 1580.355084260711
0.0 663.0 314.0 1113.0 5854.826968704931
0.0 986.0 119.0 510.0 2467.283553358061
0.0 748.0 273.0 910.0 4964.255425902319
0.0 800.0 239.0 823.0 4416.808184053558
0.0 799.0 242.0 815.0 4444.192335136747
0.0 612.0 256.0 1662.0 6294.564740036046
0.0 772.0 161.0 1533.0 4706.487292979265
0.0 332.0 479.0 1910.0 9071.135419267623
0.0 289.0 399.0 2593.0 9493.109290857981
0.0 585.0 258.0 1843.0 6531.912501698819
0.0 733.0 216.0 1275.0 5079.114978408954
0.0 1088.0 82.0 264.0 1580.355084260711
0.0 748.0 273.0 910.0 4964.255425902319
0.0 1028.0 67.0 681.0 2132.424566881574
0.0 976.0 91.0 781.0 2647.798378971839
0.0 561.0 363.0 1373.0 6724.164229576886
0.0 744.0 273.0 926.0 5015.3072358652535
0.0 784.0 250.0 843.0 4612.807905958684
0.0 1244.0 0.0 0.0 0.0
0.0 748.0 273.0 910.0 4964.255425902319
0.0 697.0 287.0 1086.0 5451.133870485833
0.0 567.0 357.0 1373.0 6666.8003788378655
0.0 87.0 562.0 2911.0 11581.175832832902
0.0 502.0 405.0 1434.0 7390.288138812223
0.0 1062.0 54.0 592.0 1790.3777848828213
0.0 87.0 562.0 2911.0 11581.175832832902
0.0 494.0 314.0 1964.0 7459.627965403341
0.0 1139.0 39.0 245.0 997.4375123583513
0.0 1018.0 96.0 479.0 2169.8158368734175
0.0 1121.0 68.0 180.0 1248.8416066050988
0.0 519.0 393.0 1420.0 7185.730157445286
0.0 205.0 543.0 2219.0 10387.512131617119
0.0 1012.0 117.0 417.0 2288.300499890273
0.0 970.0 91.0 823.0 2713.650351715131
0.0 519.0 393.0 1420.0 7185.730157445286
0.0 906.0 179.0 582.0 3370.2709093262724
0.0 87.0 562.0 2911.0 11581.175832832902
0.0 804.0 157.0 1315.0 4352.899011661456
0.0 865.0 128.0 1179.0 3731.941818018853
0.0 902.0 112.0 1089.0 3375.820807651675
0.0 323.0 490.0 1902.0 9204.713341977906
0.0 772.0 161.0 1533.0 4706.487292979265
0.0 313.0 399.0 2423.0 9241.449790143664
0.0 690.0 293.0 1089.0 5538.898404522609
0.0 1028.0 67.0 681.0 2132.424566881574
0.0 1056.0 79.0 398.0 1814.2965165059004
0.0 662.0 315.0 1113.0 5863.627297104109
0.0 921.0 174.0 539.0 3199.7419748484886
0.0 865.0 128.0 1179.0 3731.941818018853
0.0 154.0 564.0 2376.0 10909.23914608369
0.0 931.0 165.0 536.0 3075.4482098969092
0.0 154.0 564.0 2376.0 10909.23914608369
0.0 690.0 293.0 1089.0 5538.898404522609
0.0 920.0 175.0 539.0 3212.9294984102994
0.0 1122.0 67.0 180.0 1234.6066987942145
0.0 916.0 112.0 973.0 3228.8223091199106
0.0 613.0 341.0 1230.0 6357.459269556684
0.0 968.0 141.0 490.0 2692.2476204028467
1.0 834.0 221.0 698.0 4073.533967790353
0.0 1025.0 66.0 718.0 2189.0808618356796
0.0 914.0 112.0 987.0 3252.3860260635674
0.0 902.0 112.0 1089.0 3375.820807651675
0.0 1157.0 32.0 191.0 841.8457372662585
0.0 656.0 229.0 1618.0 5860.087356624327
0.0 561.0 257.0 2046.0 6799.77907958603
0.0 383.0 458.0 1742.0 8658.764722983147
0.0 1021.0 102.0 442.0 2125.9194049446296
0.0 788.0 159.0 1428.0 4526.749075046322
0.0 647.0 225.0 1720.0 5953.709317702805
0.0 921.0 174.0 539.0 3199.7419748484886
0.0 931.0 165.0 536.0 3075.4482098969092
0.0 1190.0 21.0 124.0 497.7659921447638
0.0 1025.0 66.0 718.0 2189.0808618356796
0.0 530.0 374.0 1452.0 7032.183194018566
0.0 666.0 310.0 1116.0 5823.771806364238
0.0 675.0 224.0 1521.0 5677.623430276024
0.0 664.0 314.0 1110.0 5844.280871623378
0.0 916.0 112.0 973.0 3228.8223091199106
0.0 454.0 424.0 1582.0 7886.6722274500635
0.0 507.0 401.0 1431.0 7327.334759160085
0.0 307.0 494.0 1956.0 9376.003287054178
0.0 1244.0 0.0 0.0 0.0
0.0 1129.0 53.0 211.0 1140.740239989476
0.0 815.0 158.0 1220.0 4230.813187781718
0.0 156.0 564.0 2367.0 10888.750101308704
0.0 399.0 449.0 1712.0 8458.742043602679
0.0 1244.0 0.0 0.0 0.0
0.0 561.0 257.0 2046.0 6799.77907958603
0.0 1244.0 0.0 0.0 0.0
0.0 1244.0 0.0 0.0 0.0
0.0 1220.0 10.0 39.0 209.10027504500914
0.0 1244.0 0.0 0.0 0.0
0.0 1244.0 0.0 0.0 0.0
1.0 848.0 200.0 725.0 3886.730430139312
1.0 832.0 223.0 698.0 4101.266081799063
0.0 567.0 357.0 1373.0 6666.8003788378655
0.0 561.0 257.0 2046.0 6799.77907958603
0.0 1222.0 10.0 31.0 192.08892343550963
0.0 1040.0 92.0 409.0 1948.6959109252066
1.0 832.0 223.0 698.0 4101.266081799063
1.0 873.0 187.0 678.0 3610.0295431837017
0.0 760.0 263.0 900.0 4831.129332760581
0.0 788.0 159.0 1428.0 4526.749075046322
0.0 1122.0 67.0 180.0 1234.6066987942145
0.0 1201.0 17.0 91.0 401.61629504129303
0.0 954.0 130.0 597.0 2777.590331822278
0.0 779.0 196.0 1129.0 4630.169978141391
0.0 991.0 114.0 510.0 2417.658710849263
0.0 991.0 114.0 510.0 2417.658710849263
0.0 722.0 218.0 1336.0 5177.34851975843
0.0 1078.0 49.0 541.0 1614.9653801617812
0.0 990.0 115.0 510.0 2423.5227031818863
0.0 856.0 131.0 1221.0 3831.998695521164
0.0 227.0 426.0 2869.0 10120.933204207566
0.0 1102.0 61.0 299.0 1403.9542492293901
0.0 1121.0 68.0 180.0 1248.8416066050988
0.0 1102.0 61.0 299.0 1403.9542492293901
0.0 804.0 157.0 1315.0 4352.899011661456
0.0 953.0 130.0 601.0 2791.316296721453
0.0 453.0 424.0 1587.0 7892.077980706576
0.0 760.0 263.0 900.0 4831.129332760581
0.0 1094.0 78.0 256.0 1511.4465719479035
0.0 1078.0 49.0 541.0 1614.9653801617812
0.0 1217.0 11.0 48.0 230.39841038381869
0.0 1129.0 53.0 211.0 1140.740239989476
0.0 130.0 565.0 2522.0 11136.914755163252
0.0 1217.0 11.0 48.0 230.39841038381869
0.0 681.0 224.0 1487.0 5610.103226020177
0.0 399.0 449.0 1712.0 8458.742043602679
0.0 1223.0 10.0 28.0 181.99064620501673
0.0 567.0 257.0 1990.0 6735.598843077787
0.0 130.0 565.0 2522.0 11136.914755163252
0.0 1166.0 30.0 162.0 732.1650698734843
0.0 229.0 524.0 2202.0 10071.424740227698
1.0 838.0 207.0 740.0 3982.9269057062947
0.0 772.0 161.0 1533.0 4706.487292979265
0.0 1048.0 85.0 406.0 1873.6108837446593
0.0 1062.0 54.0 592.0 1790.3777848828213
0.0 503.0 405.0 1431.0 7384.199384689692
0.0 744.0 273.0 926.0 5015.3072358652535
0.0 1142.0 39.0 226.0 979.9561919284206
0.0 613.0 341.0 1230.0 6357.459269556684
0.0 799.0 242.0 815.0 4444.192335136747
0.0 551.0 370.0 1382.0 6847.263925416565
0.0 292.0 399.0 2571.0 9462.084469576052
0.0 194.0 549.0 2241.0 10496.494308896146
0.0 1217.0 11.0 48.0 230.39841038381869
0.0 222.0 431.0 2869.0 10160.872241501478
0.0 441.0 334.0 2130.0 7942.868998375982
0.0 1021.0 102.0 442.0 2125.9194049446296
0.0 647.0 225.0 1720.0 5953.709317702805
0.0 441.0 334.0 2130.0 7942.868998375982
0.0 280.0 397.0 2701.0 9567.962991223903
0.0 612.0 256.0 1662.0 6294.564740036046
0.0 241.0 418.0 2837.0 9975.953594807288
0.0 808.0 157.0 1285.0 4309.710701184405
0.0 468.0 308.0 2215.0 7707.641822181342
0.0 507.0 401.0 1431.0 7327.334759160085
0.0 405.0 334.0 2419.0 8330.170940245347
1.0 879.0 185.0 661.0 3554.936956072946
0.0 934.0 162.0 536.0 3043.0441401008516
0.0 561.0 257.0 2046.0 6799.77907958603
0.0 1164.0 32.0 162.0 749.9028399125631
0.0 906.0 179.0 582.0 3370.2709093262724
0.0 403.0 445.0 1712.0 8419.358982813641
0.0 626.0 327.0 1234.0 6186.99898865452
0.0 939.0 152.0 556.0 2981.691284985253
0.0 815.0 158.0 1220.0 4230.813187781718
0.0 922.0 173.0 539.0 3186.117889980291
0.0 383.0 458.0 1742.0 8658.764722983147
0.0 1136.0 41.0 251.0 1020.2872260528629
0.0 464.0 308.0 2246.0 7751.220753569969
0.0 332.0 479.0 1910.0 9071.135419267623
0.0 968.0 141.0 490.0 2692.2476204028467
0.0 1079.0 49.0 535.0 1601.8347917516644
0.0 815.0 158.0 1220.0 4230.813187781718
0.0 454.0 424.0 1582.0 7886.6722274500635
0.0 1136.0 41.0 251.0 1020.2872260528629
0.0 390.0 456.0 1719.0 8582.574236806544
0.0 635.0 224.0 1827.0 6092.595696553938
0.0 1118.0 67.0 197.0 1266.0165692011878
0.0 697.0 287.0 1086.0 5451.133870485833
0.0 1170.0 28.0 150.0 705.6889936261401
0.0 1151.0 34.0 212.0 889.9352786470802
0.0 1170.0 28.0 150.0 705.6889936261401
0.0 229.0 524.0 2202.0 10071.424740227698
0.0 445.0 332.0 2120.0 7909.032985258931
0.0 614.0 340.0 1230.0 6344.763343722832
0.0 1170.0 28.0 150.0 705.6889936261401
0.0 1223.0 10.0 28.0 181.99064620501673
0.0 612.0 256.0 1662.0 6294.564740036046
0.0 414.0 331.0 2371.0 8213.533849569885
0.0 529.0 375.0 1452.0 7045.123791278502
0.0 1077.0 49.0 549.0 1629.4338740968062
0.0 960.0 93.0 878.0 2818.1414342599137
0.0 698.0 286.0 1086.0 5439.410161562137
0.0 1244.0 0.0 0.0 0.0
0.0 1244.0 0.0 0.0 0.0
0.0 1244.0 0.0 0.0 0.0
0.0 733.0 216.0 1275.0 5079.114978408954
0.0 1102.0 61.0 299.0 1403.9542492293901
0.0 1244.0 0.0 0.0 0.0
0.0 1041.0 91.0 409.0 1938.6294404204375
0.0 1102.0 61.0 299.0 1403.9542492293901
0.0 965.0 91.0 863.0 2769.059571564393
0.0 405.0 334.0 2419.0 8330.170940245347
0.0 154.0 564.0 2376.0 10909.23914608369
0.0 277.0 397.0 2725.0 9602.0539456824
0.0 585.0 258.0 1843.0 6531.912501698819
0.0 799.0 242.0 815.0 4444.192335136747
1.0 848.0 200.0 725.0 3886.730430139312
0.0 1203.0 15.0 91.0 384.4427046284982
0.0 681.0 224.0 1487.0 5610.103226020177
0.0 1240.0 0.0 17.0 31.40987040697352
0.0 503.0 406.0 1428.0 7393.410468524125
0.0 1244.0 0.0 0.0 0.0
0.0 1244.0 0.0 0.0 0.0
1.0 878.0 186.0 661.0 3566.905987495459
0.0 1244.0 0.0 0.0 0.0
0.0 1139.0 39.0 245.0 997.4375123583513
0.0 1055.0 79.0 401.0 1824.8426135874545
0.0 680.0 224.0 1491.0 5620.801988426838
0.0 976.0 140.0 463.0 2663.7331509701603
0.0 1173.0 28.0 136.0 684.3774004496595
0.0 643.0 225.0 1752.0 5998.5301467252075
0.0 869.0 128.0 1148.0 3688.132025899989
0.0 906.0 179.0 582.0 3370.2709093262724
0.0 959.0 93.0 887.0 2832.017665417954
0.0 464.0 308.0 2246.0 7751.220753569969
0.0 418.0 331.0 2339.0 8172.150767922725
0.0 276.0 397.0 2734.0 9615.930176840442
0.0 893.0 132.0 946.0 3437.8323381207524
0.0 276.0 397.0 2734.0 9615.930176840442
0.0 910.0 112.0 1023.0 3290.0025560091162
1.0 839.0 206.0 740.0 3968.842579075788
0.0 470.0 308.0 2198.0 7696.982635996137
0.0 613.0 341.0 1230.0 6357.459269556684
0.0 1244.0 0.0 0.0 0.0
1.0 845.0 202.0 730.0 3912.2108686796846
0.0 893.0 132.0 946.0 3437.8323381207524
0.0 1244.0 0.0 0.0 0.0
1.0 869.0 191.0 678.0 3665.244277065448
0.0 1175.0 28.0 130.0 664.7176049242977
0.0 194.0 549.0 2241.0 10496.494308896146
0.0 1244.0 0.0 0.0 0.0
0.0 1082.0 49.0 514.0 1575.031808951188
0.0 953.0 130.0 601.0 2791.316296721453
0.0 307.0 494.0 1956.0 9376.003287054178
0.0 194.0 549.0 2241.0 10496.494308896146
0.0 229.0 524.0 2202.0 10071.424740227698
0.0 869.0 128.0 1148.0 3688.132025899989
0.0 1244.0 0.0 0.0 0.0
0.0 1244.0 0.0 0.0 0.0
0.0 753.0 269.0 905.0 4907.583575206847
0.0 289.0 399.0 2593.0 9493.109290857981
0.0 1027.0 100.0 425.0 2071.9583859962604
0.0 1244.0 0.0 0.0 0.0
0.0 1052.0 82.0 401.0 1844.9062197153467
0.0 1151.0 34.0 212.0 889.9352786470802
1.0 832.0 223.0 698.0 4101.266081799063
0.0 552.0 369.0 1382.0 6833.17959878606
0.0 1056.0 79.0 398.0 1814.2965165059004
0.0 315.0 397.0 2423.0 9217.965942683419
0.0 635.0 224.0 1827.0 6092.595696553938
0.0 1240.0 0.0 17.0 31.40987040697352
0.0 87.0 562.0 2911.0 11581.175832832902
0.0 87.0 562.0 2911.0 11581.175832832902
0.0 1027.0 100.0 425.0 2071.9583859962604
0.0 938.0 153.0 556.0 2991.1521274556826
0.0 779.0 196.0 1129.0 4630.169978141391
0.0 635.0 224.0 1827.0 6092.595696553938
0.0 976.0 91.0 781.0 2647.798378971839
0.0 1203.0 15.0 91.0 384.4427046284982
0.0 312.0 397.0 2444.0 9252.901843843345
0.0 1203.0 15.0 91.0 384.4427046284982
0.0 663.0 314.0 1113.0 5854.826968704931
0.0 1176.0 29.0 125.0 649.5977255310435
0.0 772.0 161.0 1533.0 4706.487292979265
0.0 772.0 161.0 1533.0 4706.487292979265
0.0 856.0 131.0 1221.0 3831.998695521164
0.0 1056.0 79.0 398.0 1814.2965165059004
0.0 1190.0 21.0 124.0 497.7659921447638
0.0 1012.0 117.0 417.0 2288.300499890273
0.0 1218.0 10.0 48.0 223.49879384248314
0.0 775.0 198.0 1138.0 4663.846584438535
0.0 571.0 259.0 1943.0 6682.564062256932
0.0 494.0 314.0 1964.0 7459.627965403341
0.0 801.0 238.0 823.0 4403.6960676029075
0.0 494.0 314.0 1964.0 7459.627965403341
0.0 1173.0 28.0 136.0 684.3774004496595
0.0 915.0 112.0 981.0 3238.3405830259644
0.0 951.0 132.0 601.0 2810.8660738732083
0.0 390.0 456.0 1719.0 8582.574236806544
0.0 680.0 224.0 1491.0 5620.801988426838
0.0 227.0 426.0 2869.0 10120.933204207566
0.0 784.0 250.0 843.0 4612.807905958684
0.0 415.0 331.0 2363.0 8199.030223132158
0.0 321.0 489.0 1912.0 9225.78408174388
