1.0 844.0 213.0 734.0 3935.474408031945
0.0 1040.0 63.0 610.0 2017.3161929588587
0.0 754.0 178.0 1427.0 4858.383764730677
0.0 355.0 469.0 1812.0 8863.330784380796
0.0 638.0 249.0 1561.0 5987.410177428751
0.0 883.0 137.0 916.0 3584.1780003789595
0.0 859.0 136.0 1093.0 3817.40018533122
0.0 1219.0 11.0 40.0 218.22482981823552
0.0 391.0 350.0 2339.0 8468.72737229266
0.0 303.0 381.0 2686.0 9386.80048906532
0.0 1219.0 11.0 40.0 218.22482981823552
0.0 981.0 139.0 508.0 2553.004614586406
0.0 1052.0 100.0 368.0 1940.7056230582557
0.0 1219.0 11.0 40.0 218.22482981823552
0.0 883.0 137.0 916.0 3584.1780003789595
0.0 254.0 525.0 2056.0 9892.028376147744
0.0 504.0 412.0 1365.0 7410.438538335159
0.0 141.0 565.0 2459.0 11024.30601704134
0.0 655.0 235.0 1590.0 5788.266787096514
0.0 982.0 139.0 504.0 2547.0346961075825
0.0 781.0 168.0 1298.0 4583.238377829392
0.0 607.0 352.0 1163.0 6299.110912180654
0.0 795.0 165.0 1221.0 4432.587480643775
0.0 1198.0 17.0 107.0 422.2350466085391
0.0 984.0 137.0 504.0 2523.310806467268
2.0 941.0 108.0 800.0 3015.515977743346
0.0 824.0 153.0 1149.0 4172.197412074205
1.0 819.0 223.0 801.0 4111.292509571387
5.0 911.0 173.0 610.0 3242.3107432529605
5.0 949.0 110.0 761.0 2884.5283452286135
0.0 724.0 194.0 1521.0 5183.3901018873985
1.0 1003.0 124.0 480.0 2328.3727445262543
1.0 817.0 225.0 801.0 4135.171939731131
0.0 987.0 134.0 504.0 2498.712022749566
0.0 1244.0 0.0 0.0 0.0
0.0 1051.0 99.0 374.0 1954.125941049681
0.0 1072.0 80.0 361.0 1721.3428099748905
0.0 1225.0 10.0 20.0 169.81706563943357
0.0 1043.0 63.0 592.0 1981.7855172941704
0.0 1177.0 43.0 76.0 696.4052097040221
0.0 884.0 137.0 911.0 3578.222156928433
0.0 525.0 286.0 1994.0 7163.263540096476
0.0 938.0 155.0 616.0 2972.35791682741
0.0 884.0 137.0 911.0 3578.222156928433
0.0 348.0 482.0 1797.0 8970.456762693117
0.0 1019.0 67.0 715.0 2216.486936332304
0.0 1043.0 63.0 592.0 1981.7855172941704
0.0 1164.0 28.0 193.0 742.105618514561
0.0 88.0 567.0 2874.0 11581.70943001893
0.0 1129.0 44.0 269.0 1145.4492601695833
0.0 505.0 412.0 1362.0 7397.2166927482685
0.0 1136.0 48.0 222.0 1044.8996517323774
0.0 943.0 165.0 551.0 2970.871140765603
1.0 817.0 225.0 801.0 4135.171939731131
0.0 510.0 401.0 1378.0 7322.622386373822
0.0 184.0 554.0 2282.0 10584.073063773954
0.0 204.0 445.0 2911.0 10352.181373281082
0.0 987.0 134.0 504.0 2498.712022749566
0.0 594.0 362.0 1181.0 6440.316158394752
0.0 359.0 362.0 2429.0 8809.654069003544
0.0 619.0 243.0 1762.0 6255.542407862117
0.0 1244.0 0.0 0.0 0.0
0.0 1052.0 100.0 368.0 1940.7056230582557
0.0 348.0 482.0 1797.0 8970.456762693117
0.0 348.0 482.0 1797.0 8970.456762693117
0.0 285.0 504.0 2006.0 9535.776791336268
0.0 1244.0 0.0 0.0 0.0
0.0 1240.0 0.0 17.0 31.40987040697352
0.0 917.0 114.0 983.0 3209.596512898833
0.0 464.0 429.0 1474.0 7761.862865037633
0.0 862.0 136.0 1068.0 3786.245441685684
0.0 1244.0 0.0 0.0 0.0
0.0 1240.0 0.0 17.0 31.40987040697352
0.0 570.0 379.0 1232.0 6685.187800835396
0.0 1244.0 0.0 0.0 0.0
0.0 1066.0 91.0 345.0 1792.97727436554
0.0 355.0 469.0 1812.0 8863.330784380796
0.0 570.0 379.0 1232.0 6685.187800835396
0.0 274.0 512.0 2020.0 9669.749460387198
0.0 506.0 318.0 1836.0 7331.5000123354
0.0 1043.0 63.0 592.0 1981.7855172941704
2.0 853.0 205.0 725.0 3830.93276220569
0.0 1012.0 68.0 751.0 2306.8696964430997
0.0 1202.0 17.0 90.0 390.8251762015656
0.0 470.0 433.0 1429.0 7780.036138059779
0.0 1097.0 73.0 285.0 1456.0144074218815
0.0 87.0 567.0 2884.0 11587.891838838095
0.0 1151.0 33.0 231.0 873.8035867504557
0.0 1072.0 80.0 361.0 1721.3428099748905
0.0 149.0 565.0 2410.0 10949.244172722707
0.0 1044.0 63.0 588.0 1971.0867548875103
0.0 1143.0 37.0 253.0 941.6293133260369
0.0 1110.0 54.0 315.0 1296.8522589383272
0.0 1144.0 36.0 253.0 934.7296967847014
0.0 1175.0 26.0 157.0 632.2453201127643
0.0 939.0 168.0 554.0 3013.206639794905
0.0 1106.0 57.0 321.0 1333.0461475004379
0.0 888.0 198.0 655.0 3534.2686515957184
0.0 607.0 352.0 1163.0 6299.110912180654
0.0 1175.0 26.0 157.0 632.2453201127643
0.0 739.0 271.0 938.0 4885.512602135697
0.0 173.0 561.0 2299.0 10706.784339493695
0.0 1106.0 57.0 321.0 1333.0461475004379
0.0 1175.0 26.0 157.0 632.2453201127643
1.0 1004.0 123.0 480.0 2316.163829786081
0.0 1114.0 53.0 300.0 1256.8790892629959
0.0 142.0 565.0 2453.0 11010.024840575887
0.0 781.0 168.0 1298.0 4583.238377829392
0.0 638.0 249.0 1561.0 5987.410177428751
0.0 173.0 561.0 2299.0 10706.784339493695
0.0 1225.0 10.0 20.0 169.81706563943357
0.0 778.0 168.0 1322.0 4614.1960646786265
0.0 518.0 397.0 1368.0 7188.755678090808
0.0 437.0 447.0 1512.0 8101.251248263357
0.0 675.0 232.0 1469.0 5574.6792134424095
0.0 1012.0 68.0 751.0 2306.8696964430997
0.0 525.0 286.0 1994.0 7163.263540096476
0.0 795.0 165.0 1221.0 4432.587480643775
0.0 1030.0 64.0 661.0 2127.450973233169
0.0 981.0 139.0 508.0 2553.004614586406
0.0 754.0 178.0 1427.0 4858.383764730677
0.0 1224.0 10.0 23.0 179.91534286992646
0.0 567.0 265.0 1912.0 6736.373944469348
0.0 1019.0 67.0 715.0 2216.486936332304
0.0 1162.0 28.0 200.0 772.5807415522133
0.0 437.0 447.0 1512.0 8101.251248263357
0.0 824.0 153.0 1149.0 4172.197412074205
0.0 437.0 447.0 1512.0 8101.251248263357
0.0 1177.0 43.0 76.0 696.4052097040221
0.0 795.0 165.0 1221.0 4432.587480643775
0.0 437.0 447.0 1512.0 8101.251248263357
0.0 1030.0 64.0 661.0 2127.450973233169
0.0 881.0 138.0 923.0 3595.729175605082
0.0 734.0 275.0 942.0 4940.53902016036
0.0 1088.0 84.0 278.0 1586.7377835258392
0.0 304.0 381.0 2678.0 9378.960010507315
0.0 909.0 114.0 1042.0 3300.9952580502336
0.0 1019.0 67.0 715.0 2216.486936332304
0.0 1110.0 54.0 315.0 1296.8522589383272
0.0 693.0 307.0 977.0 5436.370665913897
0.0 536.0 380.0 1360.0 6996.848767348115
0.0 731.0 278.0 942.0 4979.602913927407
0.0 304.0 381.0 2678.0 9378.960010507315
0.0 174.0 561.0 2295.0 10696.085577087035
0.0 1125.0 66.0 193.0 1190.2928708544864
0.0 604.0 354.0 1166.0 6339.270327057514
0.0 87.0 562.0 2911.0 11581.097298478106
0.0 665.0 323.0 1037.0 5709.1601524740245
0.0 817.0 153.0 1195.0 4246.905158663385
1.0 843.0 213.0 737.0 3945.0359263268133
1.0 1004.0 123.0 480.0 2316.163829786081
0.0 635.0 337.0 1108.0 6067.863733266176
0.0 1244.0 0.0 0.0 0.0
0.0 1244.0 0.0 0.0 0.0
0.0 536.0 380.0 1360.0 6996.848767348115
0.0 1244.0 0.0 0.0 0.0
0.0 731.0 278.0 942.0 4979.602913927407
0.0 506.0 318.0 1836.0 7331.5000123354
0.0 1088.0 84.0 278.0 1586.7377835258392
0.0 854.0 148.0 1002.0 3856.481087011326
0.0 694.0 307.0 974.0 5422.718269714337
0.0 439.0 446.0 1509.0 8075.08880541653
0.0 623.0 252.0 1642.0 6146.230101429618
0.0 184.0 554.0 2282.0 10584.073063773954
0.0 797.0 235.0 854.0 4326.004463874062
0.0 756.0 260.0 913.0 4714.907569960276
0.0 794.0 165.0 1228.0 4446.734853081363
0.0 1126.0 66.0 190.0 1180.7313525596173
0.0 1072.0 80.0 361.0 1721.3428099748905
0.0 1164.0 28.0 193.0 742.105618514561
0.0 452.0 334.0 2043.0 7877.502238793492
0.0 286.0 503.0 2006.0 9524.783153617173
0.0 985.0 136.0 504.0 2514.521237718351
0.0 1088.0 84.0 278.0 1586.7377835258392
0.0 243.0 417.0 2822.0 9966.763606240542
0.0 1144.0 36.0 253.0 934.7296967847014
0.0 470.0 433.0 1429.0 7780.036138059779
0.0 1244.0 0.0 0.0 0.0
0.0 797.0 235.0 854.0 4326.004463874062
0.0 662.0 325.0 1041.0 5742.223816847002
0.0 662.0 325.0 1041.0 5742.223816847002
0.0 662.0 325.0 1041.0 5742.223816847002
0.0 891.0 196.0 652.0 3496.7080249568503
0.0 1244.0 0.0 0.0 0.0
0.0 901.0 188.0 645.0 3390.0474511059533
0.0 1244.0 0.0 0.0 0.0
0.0 634.0 338.0 1108.0 6082.761152668625
0.0 1244.0 0.0 0.0 0.0
0.0 1114.0 53.0 300.0 1256.8790892629959
0.0 494.0 293.0 2158.0 7504.618454006677
0.0 1120.0 68.0 203.0 1255.7789180178324
0.0 1244.0 0.0 0.0 0.0
0.0 901.0 188.0 645.0 3390.0474511059533
0.0 1244.0 0.0 0.0 0.0
0.0 1244.0 0.0 0.0 0.0
0.0 494.0 293.0 2158.0 7504.618454006677
0.0 915.0 114.0 995.0 3235.1428969517906
0.0 980.0 83.0 816.0 2613.20671421537
0.0 254.0 525.0 2056.0 9892.028376147744
0.0 243.0 417.0 2822.0 9966.763606240542
0.0 254.0 525.0 2056.0 9892.028376147744
0.0 409.0 344.0 2263.0 8293.62629757428
0.0 254.0 525.0 2056.0 9892.028376147744
0.0 243.0 417.0 2822.0 9966.763606240542
0.0 793.0 237.0 859.0 4373.783876410315
0.0 334.0 370.0 2536.0 9054.868357591064
0.0 361.0 362.0 2415.0 8784.47047290204
0.0 675.0 232.0 1469.0 5574.6792134424095
0.0 854.0 148.0 1002.0 3856.481087011326
0.0 708.0 289.0 990.0 5238.210677038682
0.0 675.0 232.0 1469.0 5574.6792134424095
0.0 891.0 196.0 652.0 3496.7080249568503
0.0 479.0 294.0 2279.0 7669.136009012882
0.0 757.0 259.0 913.0 4700.833771523796
0.0 713.0 200.0 1564.0 5277.686416852149
0.0 704.0 299.0 967.0 5315.874518428393
0.0 506.0 318.0 1836.0 7331.5000123354
0.0 675.0 232.0 1469.0 5574.6792134424095
0.0 1198.0 17.0 107.0 422.2350466085391
0.0 821.0 153.0 1169.0 4199.326811074008
0.0 1140.0 38.0 266.0 969.7856495448459
0.0 1126.0 66.0 190.0 1180.7313525596173
0.0 1177.0 43.0 76.0 696.4052097040221
1.0 851.0 205.0 737.0 3844.1053271387914
0.0 334.0 370.0 2536.0 9054.868357591064
0.0 1063.0 94.0 345.0 1836.0819884872433
0.0 616.0 343.0 1163.0 6199.215006656064
0.0 464.0 429.0 1474.0 7761.862865037633
0.0 1034.0 109.0 416.0 2134.221027427325
0.0 452.0 334.0 2043.0 7877.502238793492
0.0 909.0 114.0 1042.0 3300.9952580502336
0.0 87.0 562.0 2911.0 11581.097298478106
0.0 599.0 261.0 1723.0 6394.099926085933
0.0 977.0 83.0 841.0 2638.888707109499
0.0 588.0 257.0 1837.0 6528.224884790157
0.0 1151.0 33.0 231.0 873.8035867504557
0.0 961.0 90.0 909.0 2792.304123064247
0.0 599.0 261.0 1723.0 6394.099926085933
0.0 587.0 257.0 1847.0 6533.670142478331
0.0 765.0 253.0 907.0 4619.904864353092
0.0 568.0 265.0 1902.0 6730.928686781174
0.0 1198.0 17.0 107.0 422.2350466085391
0.0 1220.0 10.0 40.0 211.32521327689997
0.0 965.0 88.0 891.0 2757.821254365245
0.0 1244.0 0.0 0.0 0.0
0.0 1244.0 0.0 0.0 0.0
0.0 595.0 362.0 1176.0 6434.360314944226
0.0 917.0 114.0 983.0 3209.596512898833
0.0 1198.0 17.0 107.0 422.2350466085391
0.0 1244.0 0.0 0.0 0.0
0.0 765.0 253.0 907.0 4619.904864353092
0.0 724.0 194.0 1521.0 5183.3901018873985
0.0 693.0 307.0 977.0 5436.370665913897
0.0 724.0 194.0 1521.0 5183.3901018873985
0.0 862.0 136.0 1068.0 3786.245441685684
0.0 935.0 169.0 569.0 3050.909299672107
0.0 321.0 373.0 2621.0 9199.674431535523
0.0 942.0 166.0 551.0 2980.8267137642188
0.0 355.0 469.0 1812.0 8863.330784380796
0.0 942.0 166.0 551.0 2980.8267137642188
0.0 362.0 362.0 2408.0 8776.165311750441
0.0 977.0 83.0 841.0 2638.888707109499
0.0 243.0 417.0 2822.0 9966.763606240542
1.0 1004.0 123.0 480.0 2316.163829786081
0.0 694.0 307.0 974.0 5422.718269714337
0.0 965.0 88.0 891.0 2757.821254365245
0.0 980.0 83.0 816.0 2613.20671421537
1.0 851.0 205.0 737.0 3844.1053271387914
0.0 758.0 258.0 913.0 4689.140407145808
0.0 204.0 445.0 2911.0 10352.181373281082
0.0 980.0 83.0 816.0 2613.20671421537
0.0 655.0 235.0 1590.0 5788.266787096514
0.0 674.0 232.0 1475.0 5587.007972427547
0.0 141.0 565.0 2460.0 11022.099428918966
0.0 595.0 362.0 1176.0 6434.360314944226
1.0 842.0 213.0 741.0 3952.475170635488
0.0 939.0 168.0 554.0 3013.206639794905
0.0 408.0 344.0 2271.0 8303.144571480332
0.0 939.0 168.0 554.0 3013.206639794905
0.0 391.0 350.0 2339.0 8468.72737229266
0.0 793.0 237.0 859.0 4373.783876410315
0.0 1177.0 26.0 149.0 615.2339685032647
0.0 708.0 289.0 990.0 5238.210677038682
0.0 756.0 178.0 1410.0 4835.01630310414
0.0 756.0 178.0 1410.0 4835.01630310414
0.0 479.0 294.0 2279.0 7669.136009012882
0.0 479.0 294.0 2279.0 7669.136009012882
0.0 561.0 265.0 1961.0 6798.389660407812
0.0 452.0 334.0 2043.0 7877.502238793492
0.0 1044.0 63.0 588.0 1971.0867548875103
0.0 520.0 395.0 1368.0 7163.506166570739
0.0 1044.0 63.0 588.0 1971.0867548875103
0.0 739.0 271.0 938.0 4885.512602135697
0.0 524.0 286.0 2000.0 7177.544716561927
0.0 561.0 265.0 1961.0 6798.389660407812
0.0 622.0 240.0 1780.0 6238.22054365919
0.0 334.0 370.0 2536.0 9054.868357591064
0.0 778.0 168.0 1322.0 4614.1960646786265
0.0 1162.0 28.0 200.0 772.5807415522133
0.0 1220.0 10.0 40.0 211.32521327689997
