0.0 652.0 322.0 1095.0 5835.308179032096
1.0 513.0 400.0 1380.0 7242.697176519158
0.0 364.0 363.0 2431.0 8729.131792596047
0.0 701.0 284.0 1053.0 5276.434397011063
0.0 596.0 247.0 1910.0 6416.835669618936
0.0 431.0 430.0 1660.0 8065.404454980055
0.0 1244.0 0.0 0.0 0.0
0.0 87.0 566.0 2882.0 11579.360747202089
0.0 576.0 264.0 1889.0 6581.42716050012
0.0 635.0 315.0 1192.0 5930.838662911657
0.0 1244.0 0.0 0.0 0.0
0.0 662.0 309.0 1104.0 5722.5149353101215
0.0 167.0 565.0 2302.0 10779.396615248335
1.0 1071.0 54.0 472.0 1678.576902991829
0.0 1244.0 0.0 0.0 0.0
0.0 886.0 128.0 1069.0 3548.432273875575
0.0 1214.0 13.0 55.0 262.4689214698395
0.0 164.0 565.0 2316.0 10803.911386771686
0.0 865.0 138.0 1122.0 3757.330948993468
0.0 1222.0 10.0 31.0 192.08892343550963
0.0 1214.0 13.0 55.0 262.4689214698395
0.0 668.0 227.0 1608.0 5649.127514804503
0.0 1244.0 0.0 0.0 0.0
0.0 1174.0 25.0 153.0 672.6948879297644
0.0 679.0 225.0 1538.0 5534.235421174091
0.0 142.0 566.0 2435.0 11032.839935262164
0.0 1244.0 0.0 0.0 0.0
0.0 1244.0 0.0 0.0 0.0
0.0 575.0 359.0 1252.0 6602.971604086457
0.0 568.0 365.0 1256.0 6691.842054571888
0.0 320.0 479.0 1961.0 9159.400245660076
0.0 723.0 268.0 1028.0 5034.955096650117
0.0 413.0 442.0 1686.0 8287.000459758423
0.0 413.0 442.0 1686.0 8287.000459758423
0.0 413.0 442.0 1686.0 8287.000459758423
0.0 613.0 341.0 1172.0 6236.304479897931
0.0 720.0 207.0 1419.0 5160.363151364609
0.0 446.0 419.0 1645.0 7894.49752276301
0.0 869.0 138.0 1091.0 3710.714996639501
0.0 811.0 213.0 892.0 4190.639424129758
1.0 513.0 399.0 1383.0 7246.846949064825
0.0 898.0 129.0 960.0 3413.5755580961973
0.0 1020.0 67.0 634.0 2183.4290247824356
0.0 461.0 314.0 2224.0 7822.360479729597
1.0 789.0 243.0 839.0 4429.0875880934045
0.0 844.0 149.0 1196.0 3954.934111688365
0.0 1223.0 10.0 28.0 181.99064620501673
0.0 524.0 281.0 2112.0 7130.521611512794
0.0 1223.0 10.0 28.0 181.99064620501673
0.0 966.0 143.0 512.0 2649.6404701149645
0.0 981.0 130.0 506.0 2465.506451159615
0.0 1118.0 56.0 246.0 1232.3506768973066
0.0 844.0 149.0 1196.0 3954.934111688365
0.0 874.0 206.0 632.0 3684.003476986194
0.0 195.0 455.0 2906.0 10433.208167583887
0.0 1054.0 108.0 305.0 1935.132017379248
0.0 922.0 170.0 572.0 3121.347546528445
0.0 568.0 365.0 1256.0 6691.842054571888
0.0 746.0 193.0 1409.0 4958.747227300815
0.0 428.0 327.0 2318.0 8134.051955306992
0.0 1009.0 69.0 687.0 2302.2419210316684
0.0 1220.0 10.0 40.0 206.48744223298362
0.0 568.0 365.0 1256.0 6691.842054571888
0.0 844.0 149.0 1196.0 3954.934111688365
0.0 1041.0 113.0 347.0 2063.7325495934288
0.0 1092.0 78.0 257.0 1503.5072261046114
0.0 981.0 130.0 506.0 2465.506451159615
1.0 787.0 245.0 839.0 4460.2063104825575
0.0 524.0 281.0 2112.0 7130.521611512794
0.0 968.0 141.0 512.0 2619.7030087885464
1.0 512.0 400.0 1383.0 7256.349572718718
0.0 462.0 314.0 2216.0 7807.829337920021
0.0 406.0 336.0 2388.0 8346.26682494948
0.0 999.0 73.0 719.0 2398.055879849248
0.0 1219.0 11.0 40.0 213.38705877431914
0.0 968.0 141.0 512.0 2619.7030087885464
0.0 762.0 192.0 1289.0 4803.064693718913
0.0 1177.0 26.0 139.0 625.370708134379
0.0 344.0 466.0 1917.0 8908.07636861863
0.0 1154.0 37.0 183.0 832.161359146312
0.0 1177.0 26.0 139.0 625.370708134379
0.0 568.0 365.0 1256.0 6691.842054571888
1.0 757.0 258.0 909.0 4750.4309013857865
0.0 954.0 102.0 771.0 2885.4436166869077
0.0 1107.0 68.0 240.0 1341.5982500473601
0.0 678.0 225.0 1544.0 5544.664206024874
0.0 722.0 269.0 1028.0 5045.412456028678
1.0 1198.0 21.0 79.0 407.3850472140225
0.0 921.0 171.0 572.0 3134.0434723622957
0.0 636.0 234.0 1751.0 6034.465589881766
0.0 762.0 192.0 1289.0 4803.064693718913
0.0 977.0 134.0 506.0 2512.1866035825446
0.0 678.0 225.0 1544.0 5544.664206024874
0.0 816.0 210.0 883.0 4148.765004829722
0.0 597.0 247.0 1904.0 6406.406884768153
0.0 816.0 210.0 883.0 4148.765004829722
0.0 905.0 185.0 578.0 3348.0403957883786
0.0 497.0 311.0 1981.0 7445.41346479124
0.0 614.0 341.0 1168.0 6229.121254190256
0.0 568.0 365.0 1256.0 6691.842054571888
0.0 850.0 146.0 1175.0 3897.633830324399
0.0 1079.0 90.0 262.0 1658.3381916717678
0.0 720.0 207.0 1419.0 5160.363151364609
0.0 1079.0 90.0 262.0 1658.3381916717678
1.0 790.0 242.0 839.0 4415.560270560448
1.0 756.0 259.0 909.0 4764.288137284801
1.0 1070.0 54.0 481.0 1683.8650914898424
0.0 905.0 185.0 578.0 3348.0403957883786
0.0 293.0 395.0 2629.0 9499.166559548003
0.0 816.0 210.0 883.0 4148.765004829722
0.0 885.0 194.0 638.0 3516.9554280503767
0.0 971.0 87.0 794.0 2699.5740325135735
1.0 1070.0 54.0 481.0 1683.8650914898424
1.0 1070.0 54.0 481.0 1683.8650914898424
0.0 576.0 264.0 1889.0 6581.42716050012
0.0 1118.0 56.0 246.0 1232.3506768973066
0.0 352.0 364.0 2517.0 8864.913911222051
0.0 998.0 122.0 478.0 2325.309890506651
0.0 1079.0 90.0 262.0 1658.3381916717678
0.0 1174.0 25.0 153.0 672.6948879297644
0.0 971.0 87.0 794.0 2699.5740325135735
1.0 1198.0 21.0 79.0 407.3850472140225
0.0 1132.0 52.0 210.0 1061.3336655169965
0.0 939.0 156.0 562.0 2942.345360065903
0.0 497.0 311.0 1981.0 7445.41346479124
0.0 1242.0 0.0 9.0 14.398518797474008
0.0 996.0 73.0 746.0 2424.5792326345145
0.0 799.0 230.0 873.0 4305.204436374363
0.0 998.0 122.0 478.0 2325.309890506651
0.0 933.0 100.0 999.0 3084.488022936907
0.0 597.0 247.0 1904.0 6406.406884768153
0.0 1088.0 79.0 271.0 1531.961978315137
0.0 167.0 565.0 2302.0 10779.396615248335
0.0 1222.0 10.0 31.0 192.08892343550963
0.0 996.0 73.0 746.0 2424.5792326345145
0.0 295.0 506.0 1945.0 9513.306465690497
0.0 600.0 350.0 1188.0 6407.803542357173
0.0 427.0 327.0 2324.0 8144.480740157775
0.0 690.0 294.0 1056.0 5417.37563778533
0.0 320.0 479.0 1961.0 9159.400245660076
0.0 1149.0 36.0 206.0 897.6016632736937
0.0 445.0 420.0 1645.0 7907.11017900838
0.0 262.0 520.0 2053.0 9813.920670194131
0.0 927.0 165.0 572.0 3064.692193724668
0.0 262.0 520.0 2053.0 9813.920670194131
0.0 518.0 281.0 2167.0 7190.14855106171
0.0 167.0 565.0 2302.0 10779.396615248335
0.0 1244.0 0.0 0.0 0.0
0.0 1244.0 0.0 0.0 0.0
1.0 493.0 412.0 1419.0 7468.683824562997
0.0 1112.0 63.0 240.0 1286.4796160320489
0.0 722.0 269.0 1028.0 5045.412456028678
0.0 1244.0 0.0 0.0 0.0
0.0 1244.0 0.0 0.0 0.0
0.0 1244.0 0.0 0.0 0.0
0.0 1244.0 0.0 0.0 0.0
0.0 1244.0 0.0 0.0 0.0
0.0 142.0 566.0 2435.0 11032.839935262164
0.0 597.0 247.0 1904.0 6406.406884768153
0.0 1244.0 0.0 0.0 0.0
0.0 87.0 566.0 2882.0 11579.360747202089
0.0 1244.0 0.0 0.0 0.0
0.0 1219.0 11.0 40.0 213.38705877431914
0.0 1112.0 63.0 240.0 1286.4796160320489
1.0 493.0 412.0 1418.0 7476.041005917764
0.0 636.0 234.0 1751.0 6034.465589881766
0.0 295.0 506.0 1945.0 9513.306465690497
0.0 226.0 537.0 2148.0 10184.454563081075
0.0 340.0 470.0 1917.0 8952.407033546213
0.0 642.0 236.0 1684.0 5974.530830023227
0.0 539.0 285.0 1960.0 6930.911967838096
0.0 295.0 506.0 1945.0 9513.306465690497
0.0 231.0 535.0 2135.0 10125.239149768098
0.0 634.0 234.0 1769.0 6052.474559998992
0.0 662.0 310.0 1101.0 5721.925134866536
0.0 293.0 395.0 2629.0 9499.166559548003
0.0 87.0 566.0 2882.0 11579.360747202089
0.0 91.0 558.0 2914.0 11536.071458037042
0.0 1104.0 65.0 262.0 1384.9937568277064
0.0 874.0 206.0 632.0 3684.003476986194
0.0 955.0 101.0 771.0 2879.615617591741
0.0 1009.0 69.0 687.0 2302.2419210316684
0.0 640.0 330.0 1110.0 5969.945463648468
1.0 493.0 412.0 1419.0 7468.683824562997
1.0 790.0 242.0 839.0 4415.560270560448
0.0 935.0 160.0 562.0 2980.093596923631
0.0 935.0 160.0 562.0 2980.093596923631
0.0 856.0 221.0 647.0 3923.6718057659045
0.0 298.0 395.0 2588.0 9452.35942263774
0.0 701.0 284.0 1053.0 5276.434397011063
0.0 753.0 193.0 1353.0 4890.301404781812
0.0 652.0 322.0 1095.0 5835.308179032096
0.0 719.0 207.0 1426.0 5172.013321319361
0.0 723.0 268.0 1028.0 5034.955096650117
0.0 858.0 219.0 647.0 3895.2843005188033
0.0 952.0 91.0 909.0 2898.7397900284536
0.0 772.0 191.0 1237.0 4714.308724231309
0.0 772.0 191.0 1237.0 4714.308724231309
0.0 772.0 191.0 1237.0 4714.308724231309
0.0 413.0 442.0 1686.0 8287.000459758423
0.0 952.0 91.0 909.0 2898.7397900284536
0.0 900.0 129.0 946.0 3389.4957693727433
0.0 1044.0 60.0 558.0 1960.6928848243945
0.0 710.0 208.0 1494.0 5252.961015028672
0.0 1041.0 113.0 347.0 2063.7325495934288
0.0 898.0 129.0 960.0 3413.5755580961973
0.0 575.0 359.0 1252.0 6602.971604086457
0.0 614.0 341.0 1168.0 6229.121254190256
0.0 1042.0 60.0 569.0 1981.180311003281
0.0 956.0 91.0 876.0 2852.092752260079
0.0 1020.0 67.0 634.0 2183.4290247824356
0.0 723.0 268.0 1028.0 5034.955096650117
0.0 1060.0 103.0 302.0 1862.6164285248428
0.0 695.0 289.0 1056.0 5347.090016863336
0.0 977.0 134.0 506.0 2512.1866035825446
0.0 635.0 315.0 1192.0 5930.838662911657
0.0 267.0 405.0 2730.0 9759.671910944395
0.0 267.0 405.0 2730.0 9759.671910944395
0.0 620.0 238.0 1842.0 6210.610979886999
0.0 913.0 177.0 578.0 3243.115241994642
0.0 427.0 327.0 2324.0 8144.480740157775
0.0 878.0 202.0 632.0 3626.387303705242
0.0 404.0 336.0 2403.0 8372.809907227587
0.0 404.0 336.0 2403.0 8372.809907227587
0.0 640.0 330.0 1110.0 5969.945463648468
0.0 1054.0 108.0 305.0 1935.132017379248
0.0 226.0 537.0 2148.0 10184.454563081075
0.0 1054.0 108.0 305.0 1935.132017379248
0.0 252.0 410.0 2814.0 9903.545924407123
0.0 252.0 410.0 2814.0 9903.545924407123
0.0 195.0 455.0 2906.0 10433.208167583887
0.0 252.0 410.0 2814.0 9903.545924407123
0.0 435.0 426.0 1660.0 8008.9136862617515
0.0 1154.0 37.0 183.0 832.161359146312
0.0 142.0 566.0 2435.0 11032.839935262164
0.0 168.0 564.0 2302.0 10764.500176589225
0.0 353.0 364.0 2509.0 8850.41028478432
0.0 966.0 143.0 512.0 2649.6404701149645
0.0 856.0 221.0 647.0 3923.6718057659045
0.0 302.0 499.0 1949.0 9397.747274489207
0.0 1018.0 67.0 646.0 2202.954724018959
0.0 1132.0 52.0 210.0 1061.3336655169965
0.0 430.0 431.0 1660.0 8070.91344889388
0.0 1088.0 79.0 271.0 1531.961978315137
0.0 1088.0 79.0 271.0 1531.961978315137
0.0 89.0 560.0 2914.0 11563.382538041953
1.0 789.0 243.0 839.0 4429.0875880934045
0.0 524.0 281.0 2112.0 7130.521611512794
0.0 691.0 294.0 1053.0 5403.72324158577
0.0 933.0 100.0 999.0 3084.488022936907
0.0 673.0 226.0 1580.0 5585.061039863199
0.0 1132.0 52.0 210.0 1061.3336655169965
0.0 1242.0 0.0 9.0 14.398518797474008
0.0 711.0 208.0 1486.0 5240.06796098798
0.0 518.0 281.0 2167.0 7190.14855106171
0.0 865.0 138.0 1122.0 3757.330948993468
0.0 1214.0 13.0 55.0 262.4689214698395
0.0 573.0 361.0 1252.0 6626.54501812994
0.0 195.0 455.0 2906.0 10433.208167583887
0.0 1149.0 36.0 206.0 897.6016632736937
0.0 539.0 285.0 1960.0 6930.911967838096
0.0 1149.0 36.0 206.0 897.6016632736937
0.0 1042.0 60.0 569.0 1981.180311003281
0.0 1132.0 52.0 210.0 1061.3336655169965
1.0 507.0 404.0 1391.0 7305.4552970456625
0.0 933.0 100.0 999.0 3084.488022936907
0.0 1150.0 41.0 183.0 867.2904191074368
0.0 1244.0 0.0 0.0 0.0
0.0 1244.0 0.0 0.0 0.0
0.0 1244.0 0.0 0.0 0.0
0.0 1044.0 60.0 558.0 1960.6928848243945
0.0 1177.0 26.0 139.0 625.370708134379
0.0 811.0 213.0 892.0 4190.639424129758
0.0 1049.0 60.0 533.0 1920.6402240754069
0.0 1092.0 78.0 257.0 1503.5072261046114
0.0 909.0 180.0 583.0 3282.5301422376892
0.0 642.0 236.0 1684.0 5974.530830023227
0.0 885.0 194.0 638.0 3516.9554280503767
0.0 994.0 126.0 478.0 2364.498434020776
0.0 886.0 128.0 1069.0 3548.432273875575
0.0 963.0 90.0 828.0 2778.725463661737
0.0 1049.0 60.0 533.0 1920.6402240754069
0.0 856.0 221.0 647.0 3923.6718057659045
0.0 856.0 221.0 647.0 3923.6718057659045
1.0 757.0 258.0 909.0 4750.4309013857865
0.0 1182.0 25.0 125.0 578.8479018252382
0.0 334.0 472.0 1931.0 9024.369298856915
1.0 1198.0 21.0 79.0 407.3850472140225
0.0 1020.0 67.0 634.0 2183.4290247824356
0.0 352.0 364.0 2517.0 8864.913911222051
1.0 1070.0 54.0 481.0 1683.8650914898424
0.0 1182.0 25.0 125.0 578.8479018252382
0.0 1174.0 25.0 153.0 672.6948879297644
0.0 1244.0 0.0 0.0 0.0
0.0 906.0 184.0 578.0 3333.361982056937
0.0 1018.0 67.0 646.0 2202.954724018959
0.0 763.0 192.0 1281.0 4797.574250079962
1.0 787.0 245.0 839.0 4460.2063104825575
0.0 1160.0 36.0 162.0 781.6063325753561
0.0 1160.0 36.0 162.0 781.6063325753561
