6.0 1106.0 123.0 707.0 2823.835583517291
14.0 920.0 264.0 879.0 4718.809930452347
0.0 998.0 175.0 1050.0 3878.2635320334766
8.0 1011.0 167.0 993.0 3736.5838458241847
0.0 1375.0 7.0 55.0 216.7158105229851
0.0 1000.0 175.0 1039.0 3856.1121337091545
4.0 906.0 208.0 1367.0 4870.434739304986
32.0 1259.0 62.0 240.0 1293.3084926929125
1.0 1368.0 11.0 30.0 289.8920138042952
25.0 1263.0 61.0 232.0 1243.5362354924987
18.0 852.0 283.0 1086.0 5356.039860184866
15.0 1135.0 134.0 497.0 2503.7357082822596
0.0 659.0 366.0 1741.0 7273.676619558836
8.0 1292.0 45.0 174.0 1014.4379208993751
0.0 1371.0 13.0 30.0 246.76240611822172
0.0 545.0 398.0 2225.0 8486.765678261678
28.0 1260.0 61.0 242.0 1274.7884582264999
5.0 631.0 390.0 1702.0 7606.206242158149
35.0 948.0 256.0 780.0 4380.5355116409555
6.0 1084.0 138.0 754.0 3048.6553567989545
17.0 767.0 333.0 1270.0 6238.10740328925
0.0 677.0 323.0 1944.0 7119.540769519663
32.0 1232.0 76.0 334.0 1568.12459023493
8.0 1015.0 166.0 983.0 3707.199648465726
4.0 908.0 207.0 1359.0 4843.6398149838315
7.0 1294.0 43.0 176.0 987.9577402993064
6.0 1312.0 36.0 138.0 830.605177369776
20.0 871.0 274.0 1032.0 5171.906151597017
12.0 1157.0 114.0 487.0 2287.654418582157
6.0 1106.0 124.0 703.0 2822.338318323243
0.0 676.0 323.0 1952.0 7128.263699619418
12.0 1071.0 165.0 663.0 3180.4583881063736
11.0 1285.0 48.0 197.0 1058.6277010733254
1.0 1368.0 11.0 30.0 289.8920138042952
8.0 1015.0 166.0 983.0 3707.199648465726
16.0 824.0 301.0 1150.0 5624.803729827276
15.0 1335.0 30.0 66.0 592.2798634508016
15.0 1137.0 132.0 493.0 2489.7916613894213
0.0 658.0 367.0 1741.0 7284.9793953812095
13.0 1202.0 82.0 445.0 1849.8756393635676
13.0 1346.0 10.0 124.0 502.770052323726
4.0 265.0 569.0 2763.0 11333.290140352447
12.0 1157.0 114.0 487.0 2287.654418582157
27.0 1037.0 194.0 640.0 3481.1563625461986
10.0 516.0 454.0 1970.0 8706.09075462266
24.0 1267.0 58.0 228.0 1213.7888658619586
12.0 1157.0 114.0 487.0 2287.654418582157
1.0 1374.0 7.0 55.0 224.6857652407174
1.0 1367.0 12.0 30.0 297.5890296082243
11.0 1287.0 47.0 190.0 1034.187062808714
6.0 1103.0 125.0 711.0 2844.9893396043426
0.0 1373.0 11.0 30.0 231.97289033037248
10.0 521.0 451.0 1962.0 8677.359435053335
5.0 631.0 390.0 1702.0 7606.206242158149
0.0 1375.0 7.0 55.0 216.7158105229851
26.0 1261.0 60.0 238.0 1263.3664808094657
0.0 999.0 176.0 1039.0 3861.5134771422727
0.0 1121.0 136.0 681.0 2681.2058374956214
31.0 892.0 293.0 849.0 4978.1838873833785
12.0 1157.0 114.0 487.0 2287.654418582157
29.0 1076.0 169.0 576.0 3078.5605100706402
15.0 821.0 245.0 1577.0 5731.703795674293
2.0 1366.0 12.0 31.0 314.56540222137875
0.0 548.0 396.0 2218.0 8468.541850344498
5.0 632.0 389.0 1702.0 7599.279563183837
0.0 441.0 473.0 2292.0 9456.831305299122
28.0 1036.0 195.0 640.0 3493.422121656494
0.0 763.0 287.0 1738.0 6280.534222054808
11.0 1159.0 115.0 478.0 2263.2935053526453
17.0 873.0 269.0 1055.0 5146.038366371221
14.0 1134.0 135.0 497.0 2509.0828002541098
2.0 1373.0 5.0 69.0 231.6103766332236
0.0 258.0 563.0 2863.0 11428.850678966417
6.0 1105.0 124.0 708.0 2830.3338992549075
31.0 892.0 292.0 853.0 4977.325948134839
10.0 513.0 456.0 1976.0 8748.06758240671
5.0 631.0 390.0 1702.0 7606.206242158149
11.0 1286.0 48.0 190.0 1048.0308479674052
6.0 1085.0 137.0 752.0 3032.8463960901195
4.0 908.0 207.0 1359.0 4843.6398149838315
4.0 906.0 209.0 1359.0 4860.4830354087735
7.0 1296.0 42.0 174.0 963.1032751988228
15.0 821.0 246.0 1576.0 5732.032655600861
9.0 1311.0 37.0 138.0 832.308321087767
13.0 1198.0 84.0 452.0 1882.7935646616204
0.0 1373.0 11.0 30.0 231.97289033037248
1.0 996.0 176.0 1055.0 3906.597025882572
13.0 922.0 262.0 880.0 4700.539701088346
6.0 952.0 189.0 1200.0 4301.709606377826
1.0 995.0 177.0 1055.0 3920.482354723406
0.0 1371.0 11.0 34.0 253.32142728736977
0.0 676.0 323.0 1952.0 7128.263699619418
15.0 1335.0 30.0 66.0 592.2798634508016
29.0 1077.0 171.0 571.0 3059.913718141118
6.0 1084.0 137.0 764.0 3046.817094781752
19.0 852.0 284.0 1073.0 5359.799486071207
2.0 661.0 323.0 2017.0 7263.942684502545
1.0 603.0 362.0 2124.0 7804.569270828811
30.0 1234.0 75.0 333.0 1554.9009832921104
13.0 1197.0 85.0 452.0 1894.4970501435553
0.0 256.0 561.0 2904.0 11419.892066311091
15.0 821.0 245.0 1577.0 5731.703795674293
14.0 921.0 263.0 879.0 4705.882896525312
31.0 892.0 293.0 849.0 4978.1838873833785
28.0 1036.0 195.0 640.0 3493.422121656494
14.0 1195.0 87.0 447.0 1931.0846316344578
13.0 1199.0 84.0 446.0 1881.4492787753893
5.0 951.0 190.0 1200.0 4315.768020196389
22.0 1184.0 97.0 436.0 2019.516358459569
0.0 659.0 366.0 1741.0 7273.676619558836
20.0 809.0 244.0 1656.0 5833.892112749914
0.0 540.0 402.0 2234.0 8530.07339433767
3.0 293.0 547.0 2688.0 11013.045851478098
0.0 999.0 175.0 1049.0 3870.252670693958
12.0 1157.0 114.0 487.0 2287.654418582157
11.0 511.0 457.0 1977.0 8766.383170729552
2.0 660.0 323.0 2022.0 7273.422420047634
3.0 294.0 547.0 2678.0 11007.975770574261
18.0 853.0 283.0 1080.0 5345.62710837656
13.0 752.0 330.0 1348.0 6355.54073409507
32.0 1232.0 76.0 334.0 1568.12459023493
5.0 960.0 188.0 1168.0 4233.958371183801
13.0 753.0 329.0 1352.0 6349.853099963027
26.0 1262.0 60.0 235.0 1256.30457276576
12.0 1154.0 116.0 493.0 2313.8648120754733
32.0 1233.0 75.0 335.0 1556.6420252070957
13.0 1200.0 83.0 447.0 1876.2506077483433
14.0 1196.0 84.0 463.0 1904.3262799266452
12.0 710.0 297.0 1896.0 6803.9344576513395
20.0 809.0 244.0 1656.0 5833.892112749914
1.0 280.0 527.0 2964.0 11169.858022950892
9.0 246.0 570.0 2879.0 11543.541182455407
0.0 257.0 564.0 2861.0 11428.737915085134
27.0 1035.0 194.0 649.0 3499.4480914949804
0.0 546.0 398.0 2218.0 8482.161740457568
8.0 1312.0 36.0 138.0 824.1012352799906
11.0 1287.0 47.0 190.0 1034.187062808714
16.0 823.0 302.0 1150.0 5634.8972032627335
15.0 1135.0 134.0 497.0 2503.7357082822596
0.0 1371.0 11.0 34.0 253.32142728736977
29.0 1071.0 172.0 589.0 3122.501018852094
17.0 768.0 333.0 1260.0 6230.080707929716
1.0 346.0 513.0 2557.0 10469.52673878209
35.0 950.0 255.0 777.0 4353.9946413156185
8.0 1015.0 166.0 983.0 3707.199648465726
5.0 957.0 189.0 1176.0 4259.263519386646
31.0 895.0 289.0 851.0 4952.88370031008
30.0 1075.0 169.0 582.0 3084.376672819827
35.0 948.0 256.0 780.0 4380.5355116409555
23.0 795.0 313.0 1222.0 5909.176426076645
4.0 907.0 207.0 1367.0 4858.153653683999
0.0 676.0 323.0 1952.0 7128.263699619418
1.0 279.0 528.0 2964.0 11178.523805230641
27.0 1037.0 194.0 640.0 3481.1563625461986
0.0 446.0 468.0 2303.0 9408.372757517825
12.0 716.0 296.0 1871.0 6744.367523419598
27.0 1034.0 195.0 649.0 3508.9029883924427
12.0 1157.0 114.0 487.0 2287.654418582157
0.0 1375.0 7.0 55.0 216.7158105229851
6.0 1103.0 125.0 711.0 2844.9893396043426
5.0 631.0 390.0 1702.0 7606.206242158149
27.0 1037.0 194.0 640.0 3481.1563625461986
5.0 958.0 189.0 1169.0 4248.480155408686
0.0 1000.0 175.0 1039.0 3856.1121337091545
1.0 995.0 176.0 1062.0 3916.389045991187
5.0 951.0 190.0 1200.0 4315.768020196389
13.0 1203.0 82.0 443.0 1850.5636125152748
14.0 924.0 261.0 878.0 4677.97191245561
26.0 1262.0 60.0 235.0 1256.30457276576
6.0 1106.0 124.0 703.0 2822.338318323243
35.0 952.0 253.0 777.0 4338.830580119217
13.0 747.0 333.0 1365.0 6408.108604429752
13.0 1201.0 83.0 445.0 1861.5791248455025
14.0 923.0 261.0 882.0 4687.6576734355585
13.0 753.0 329.0 1352.0 6349.853099963027
6.0 1102.0 125.0 721.0 2854.0591446001645
20.0 809.0 244.0 1656.0 5833.892112749914
6.0 1302.0 41.0 165.0 905.8856863060515
0.0 1373.0 11.0 30.0 231.97289033037248
0.0 1375.0 7.0 55.0 216.7158105229851
7.0 1295.0 43.0 174.0 976.2420678285343
25.0 1264.0 60.0 232.0 1235.831638115418
0.0 659.0 366.0 1741.0 7273.676619558836
6.0 1313.0 35.0 138.0 816.9775272871896
12.0 1157.0 114.0 487.0 2287.654418582157
13.0 1202.0 83.0 437.0 1850.1571077547655
13.0 1198.0 85.0 449.0 1884.7895494677239
31.0 894.0 291.0 849.0 4962.169721739671
0.0 443.0 471.0 2299.0 9447.557086425864
1.0 657.0 326.0 2022.0 7302.340861911899
13.0 753.0 330.0 1346.0 6346.534551045344
20.0 815.0 241.0 1639.0 5768.04014204676
12.0 715.0 296.0 1877.0 6753.977964298268
4.0 386.0 497.0 2412.0 10036.32747271861
14.0 1196.0 86.0 447.0 1917.6010584206667
13.0 1345.0 11.0 124.0 509.376068903453
13.0 922.0 262.0 880.0 4700.539701088346
0.0 443.0 471.0 2303.0 9436.68183019503
5.0 953.0 191.0 1184.0 4300.529368899219
6.0 617.0 397.0 1739.0 7717.790341270689
10.0 513.0 456.0 1976.0 8748.06758240671
1.0 657.0 326.0 2022.0 7302.340861911899
25.0 699.0 363.0 1457.0 6921.369166318954
0.0 255.0 565.0 2868.0 11457.279097397754
8.0 900.0 210.0 1364.0 4911.3132541896675
25.0 708.0 357.0 1436.0 6820.878477551882
1.0 282.0 526.0 2956.0 11149.731815260831
1.0 343.0 516.0 2557.0 10511.813029358145
0.0 1375.0 7.0 55.0 216.7158105229851
14.0 922.0 262.0 879.0 4700.481553092194
16.0 827.0 301.0 1137.0 5591.959674060416
3.0 292.0 548.0 2688.0 11027.532048452169
15.0 1334.0 31.0 66.0 600.0225578201131
6.0 1103.0 125.0 711.0 2844.9893396043426
13.0 748.0 333.0 1356.0 6405.67407111936
6.0 1103.0 125.0 711.0 2844.9893396043426
14.0 925.0 260.0 875.0 4683.087119583569
5.0 630.0 391.0 1702.0 7618.595589275167
19.0 813.0 243.0 1642.0 5790.659298480477
10.0 515.0 455.0 1970.0 8718.686298013017
24.0 1267.0 58.0 228.0 1213.7888658619586
8.0 1014.0 166.0 991.0 3705.7045328032477
0.0 440.0 474.0 2292.0 9468.049737660376
1.0 651.0 332.0 2006.0 7338.934234977554
0.0 1375.0 7.0 55.0 216.7158105229851
6.0 1106.0 124.0 703.0 2822.338318323243
2.0 354.0 509.0 2527.0 10406.98136100017
12.0 1157.0 114.0 487.0 2287.654418582157
6.0 1103.0 125.0 711.0 2844.9893396043426
1.0 1368.0 11.0 30.0 289.8920138042952
1.0 346.0 510.0 2581.0 10464.519033127573
1.0 1368.0 11.0 30.0 289.8920138042952
0.0 440.0 473.0 2301.0 9470.324187058397
1.0 1368.0 11.0 30.0 289.8920138042952
13.0 748.0 333.0 1356.0 6405.67407111936
6.0 617.0 397.0 1739.0 7717.790341270689
1.0 1368.0 11.0 30.0 289.8920138042952
1.0 996.0 176.0 1055.0 3906.597025882572
0.0 539.0 403.0 2234.0 8542.590520773783
0.0 541.0 400.0 2238.0 8532.312958202217
0.0 1373.0 11.0 30.0 231.97289033037248
1.0 1368.0 11.0 30.0 289.8920138042952
4.0 908.0 207.0 1359.0 4843.6398149838315
29.0 1077.0 171.0 571.0 3059.913718141118
1.0 604.0 361.0 2125.0 7800.611944559818
5.0 953.0 191.0 1184.0 4300.529368899219
19.0 811.0 244.0 1643.0 5817.873231558775
13.0 1201.0 83.0 445.0 1861.5791248455025
6.0 617.0 397.0 1739.0 7717.790341270689
1.0 348.0 512.0 2550.0 10460.785426769282
3.0 294.0 546.0 2688.0 11002.960751551409
1.0 1368.0 11.0 30.0 289.8920138042952
25.0 699.0 363.0 1457.0 6921.369166318954
13.0 750.0 331.0 1356.0 6384.107911925686
16.0 826.0 301.0 1144.0 5600.963857880065
4.0 908.0 207.0 1359.0 4843.6398149838315
2.0 1366.0 12.0 31.0 314.56540222137875
7.0 1297.0 41.0 174.0 953.2169570746707
13.0 1201.0 83.0 445.0 1861.5791248455025
4.0 386.0 497.0 2412.0 10036.32747271861
0.0 1000.0 175.0 1039.0 3856.1121337091545
3.0 422.0 491.0 2288.0 9657.70037734387
1.0 1368.0 11.0 30.0 289.8920138042952
15.0 1138.0 132.0 491.0 2479.9729537975377
4.0 384.0 498.0 2416.0 10056.776612553247
0.0 439.0 474.0 2301.0 9482.603085729155
13.0 1201.0 83.0 445.0 1861.5791248455025
1.0 1368.0 11.0 30.0 289.8920138042952
4.0 384.0 498.0 2416.0 10056.776612553247
4.0 265.0 569.0 2763.0 11333.290140352447
4.0 383.0 498.0 2421.0 10070.558570020561
1.0 277.0 530.0 2964.0 11202.749180763694
8.0 1356.0 19.0 40.0 397.8731663897334
1.0 341.0 517.0 2567.0 10527.003750262775
1.0 1375.0 7.0 72.0 203.823342720442
1.0 1375.0 7.0 72.0 203.823342720442
