7.0 959.0 201.0 1063.0 4238.489367997883
18.0 1035.0 160.0 849.0 3463.336053490424
28.0 939.0 233.0 908.0 4459.411133643167
13.0 1052.0 179.0 682.0 3283.8147960817405
7.0 1325.0 35.0 87.0 671.6824458179997
10.0 1012.0 190.0 815.0 3673.426238086766
6.0 815.0 292.0 1277.0 5716.863410142779
47.0 1204.0 91.0 367.0 1864.8831314044617
24.0 1251.0 70.0 254.0 1373.3952647020026
4.0 1159.0 92.0 764.0 2239.077664498812
4.0 931.0 207.0 1203.0 4500.545950932691
21.0 630.0 389.0 1706.0 7577.15985374502
3.0 511.0 448.0 2057.0 8757.735236561037
30.0 938.0 236.0 903.0 4469.14634427279
4.0 1157.0 93.0 763.0 2268.6434311346075
0.0 1381.0 6.0 52.0 134.57771191012765
12.0 1020.0 190.0 771.0 3593.5286536308886
16.0 1190.0 89.0 466.0 2026.4178135689845
27.0 1243.0 74.0 270.0 1457.04821616806
5.0 350.0 531.0 2451.0 10420.991195807184
0.0 249.0 571.0 2868.0 11482.26152553874
3.0 314.0 501.0 2912.0 10795.709275982452
29.0 907.0 254.0 980.0 4783.230410352299
6.0 817.0 295.0 1257.0 5714.0209034390855
13.0 1342.0 26.0 55.0 506.70646329031354
5.0 873.0 217.0 1507.0 5195.183343903127
18.0 1169.0 100.0 476.0 2223.366915364397
11.0 1095.0 151.0 573.0 2949.4263321362873
29.0 908.0 253.0 981.0 4774.738702904126
19.0 1289.0 51.0 153.0 1037.2785070523844
4.0 928.0 208.0 1215.0 4535.263253939948
5.0 469.0 468.0 2129.0 9220.403577683175
13.0 865.0 275.0 1115.0 5222.701262138499
18.0 866.0 276.0 1102.0 5180.44859986218
20.0 1135.0 129.0 490.0 2463.419172134673
13.0 1052.0 179.0 682.0 3283.8147960817405
9.0 1317.0 38.0 90.0 749.1876934556352
16.0 1140.0 128.0 468.0 2421.615245614618
0.0 249.0 571.0 2868.0 11482.26152553874
7.0 1325.0 35.0 87.0 671.6824458179997
4.0 875.0 216.0 1506.0 5177.39767202548
11.0 1008.0 200.0 785.0 3738.726470193338
4.0 1162.0 91.0 757.0 2214.427427660087
20.0 1278.0 55.0 184.0 1126.8924969574186
11.0 1343.0 27.0 51.0 493.75103266658823
16.0 1191.0 89.0 465.0 2014.462821069103
19.0 1126.0 132.0 509.0 2568.2240621515098
5.0 469.0 469.0 2124.0 9225.720049598138
9.0 1319.0 37.0 90.0 733.067515588947
6.0 818.0 294.0 1257.0 5706.127248878283
25.0 1280.0 55.0 177.0 1118.4166566290783
11.0 1317.0 38.0 93.0 746.1185488688413
14.0 1053.0 180.0 665.0 3277.071300513946
9.0 297.0 558.0 2597.0 10954.78855967447
11.0 1023.0 190.0 763.0 3572.047855445334
7.0 957.0 201.0 1071.0 4268.363017079701
4.0 830.0 272.0 1316.0 5567.118982637351
13.0 1304.0 44.0 136.0 877.0116201410891
11.0 1007.0 199.0 794.0 3746.8072759986962
17.0 599.0 404.0 1797.0 7899.12892193083
2.0 1369.0 13.0 34.0 253.12951050194184
0.0 1381.0 6.0 52.0 134.57771191012765
4.0 568.0 370.0 2311.0 8225.302084729856
7.0 962.0 200.0 1052.0 4210.72554078017
13.0 1305.0 43.0 136.0 867.5999652548392
28.0 935.0 237.0 908.0 4495.418511840094
12.0 1342.0 27.0 53.0 500.53995041498536
32.0 1230.0 86.0 290.0 1546.0662807324575
0.0 670.0 327.0 1996.0 7141.155613900593
1.0 554.0 427.0 1963.0 8331.497663304528
10.0 1023.0 189.0 770.0 3566.806628112614
6.0 350.0 532.0 2447.0 10415.407212318567
6.0 819.0 291.0 1267.0 5681.046787972625
18.0 866.0 276.0 1102.0 5180.44859986218
4.0 569.0 372.0 2291.0 8193.412114718403
0.0 1379.0 6.0 54.0 147.00554230578507
4.0 1157.0 92.0 781.0 2278.5437027021567
4.0 931.0 207.0 1204.0 4498.578077657397
18.0 1168.0 99.0 494.0 2221.980681437176
12.0 1099.0 152.0 566.0 2887.1548447559367
4.0 1362.0 16.0 37.0 324.6194674803793
18.0 866.0 276.0 1102.0 5180.44859986218
28.0 933.0 240.0 907.0 4511.587485322834
27.0 1246.0 72.0 256.0 1427.4748040957597
0.0 678.0 324.0 1978.0 7068.988940384608
0.0 1381.0 6.0 52.0 134.57771191012765
28.0 938.0 235.0 907.0 4463.267134216848
4.0 930.0 207.0 1204.0 4511.210852200275
16.0 1290.0 51.0 154.0 1027.7663133573994
16.0 1191.0 89.0 465.0 2014.462821069103
9.0 294.0 558.0 2615.0 10978.329584279472
33.0 1223.0 84.0 346.0 1616.9585993653027
26.0 910.0 250.0 982.0 4771.996182222144
27.0 910.0 252.0 976.0 4756.020626319547
33.0 1224.0 83.0 341.0 1604.6033795653013
4.0 569.0 371.0 2300.0 8213.701571194382
19.0 1125.0 132.0 520.0 2571.0842858786805
3.0 509.0 449.0 2059.0 8783.424836896489
16.0 1042.0 159.0 816.0 3396.6217474004197
5.0 512.0 447.0 2049.0 8752.949891967686
20.0 1287.0 52.0 161.0 1039.9342842357332
4.0 929.0 208.0 1202.0 4528.95827918037
5.0 468.0 469.0 2129.0 9227.739087698468
1.0 553.0 427.0 1966.0 8341.205163980361
17.0 1168.0 100.0 490.0 2221.1223323912623
0.0 708.0 311.0 1881.0 6837.778726186952
18.0 866.0 276.0 1102.0 5180.44859986218
24.0 1249.0 71.0 254.0 1396.4191349141106
4.0 567.0 373.0 2294.0 8216.626280084403
0.0 1381.0 6.0 52.0 134.57771191012765
18.0 1168.0 100.0 484.0 2234.788932455134
0.0 1381.0 6.0 52.0 134.57771191012765
0.0 1381.0 6.0 52.0 134.57771191012765
17.0 602.0 402.0 1787.0 7864.978721970799
13.0 1053.0 177.0 686.0 3277.22230432992
17.0 1038.0 159.0 836.0 3439.8157685587184
2.0 556.0 425.0 1959.0 8308.117826115678
17.0 598.0 405.0 1796.0 7906.618224644673
19.0 1125.0 132.0 520.0 2571.0842858786805
2.0 393.0 508.0 2344.0 10000.382566858178
3.0 727.0 340.0 1467.0 6634.163413088317
2.0 313.0 502.0 2912.0 10805.16275173892
32.0 1225.0 83.0 334.0 1602.8647185416316
27.0 1246.0 72.0 256.0 1427.4748040957597
14.0 1052.0 180.0 672.0 3287.9243907140635
3.0 510.0 448.0 2059.0 8772.406719463877
22.0 632.0 386.0 1716.0 7550.9758089162815
17.0 1037.0 159.0 848.0 3439.095870419851
4.0 860.0 221.0 1564.0 5321.7507662056
9.0 1318.0 38.0 90.0 738.5609845278409
6.0 797.0 252.0 1739.0 5924.093702379047
2.0 552.0 426.0 1970.0 8349.573323873094
30.0 1226.0 84.0 325.0 1593.2943739057605
16.0 1190.0 90.0 465.0 2024.6418589796754
17.0 1037.0 160.0 842.0 3432.815181642208
4.0 567.0 372.0 2303.0 8231.87703928095
11.0 485.0 466.0 2061.0 9065.834758202738
10.0 1096.0 151.0 573.0 2940.5878624708025
5.0 402.0 503.0 2320.0 9901.275875003845
13.0 1052.0 178.0 683.0 3284.5252157708173
13.0 1086.0 159.0 588.0 3023.2382354133024
16.0 1137.0 129.0 485.0 2455.2465632603394
19.0 1127.0 131.0 509.0 2559.014532581608
11.0 1008.0 200.0 785.0 3738.726470193338
0.0 673.0 327.0 1985.0 7113.799702048571
28.0 939.0 234.0 907.0 4456.568212757023
18.0 1036.0 160.0 842.0 3449.373305672424
24.0 1247.0 71.0 255.0 1417.1603072753996
2.0 394.0 507.0 2344.0 9987.380227671518
0.0 1381.0 6.0 52.0 134.57771191012765
4.0 795.0 254.0 1741.0 5941.5534409898
4.0 569.0 371.0 2300.0 8213.701571194382
6.0 759.0 324.0 1383.0 6277.949178023818
0.0 676.0 325.0 1983.0 7087.6645522458775
18.0 989.0 200.0 896.0 3901.154776653471
3.0 728.0 342.0 1453.0 6627.750735028742
0.0 1380.0 7.0 47.0 140.99887659980317
4.0 874.0 217.0 1506.0 5184.420585564435
2.0 313.0 502.0 2912.0 10805.16275173892
7.0 957.0 201.0 1077.0 4257.106880669738
3.0 728.0 342.0 1453.0 6627.750735028742
24.0 1247.0 71.0 255.0 1417.1603072753996
6.0 350.0 532.0 2447.0 10415.407212318567
28.0 937.0 236.0 907.0 4478.977844523894
21.0 1282.0 56.0 168.0 1091.5001219451617
11.0 1343.0 27.0 51.0 493.75103266658823
7.0 317.0 543.0 2557.0 10787.735385872855
9.0 789.0 310.0 1295.0 6031.7559436603515
3.0 510.0 448.0 2059.0 8772.406719463877
0.0 1380.0 7.0 47.0 140.99887659980317
3.0 726.0 343.0 1462.0 6645.977111322704
0.0 673.0 327.0 1985.0 7113.799702048571
11.0 1008.0 200.0 785.0 3738.726470193338
22.0 629.0 389.0 1710.0 7591.577336224089
21.0 631.0 388.0 1706.0 7569.5299099293225
2.0 313.0 502.0 2912.0 10805.16275173892
0.0 249.0 571.0 2868.0 11482.26152553874
27.0 911.0 251.0 976.0 4743.404638404546
4.0 452.0 474.0 2195.0 9391.708435147348
17.0 598.0 405.0 1796.0 7906.618224644673
4.0 859.0 222.0 1564.0 5323.546513796504
4.0 860.0 221.0 1564.0 5321.7507662056
9.0 788.0 311.0 1295.0 6043.471183862509
16.0 1039.0 159.0 836.0 3424.9761224812555
21.0 1121.0 135.0 526.0 2621.5199726250576
0.0 249.0 571.0 2868.0 11482.26152553874
29.0 907.0 254.0 980.0 4783.230410352299
18.0 1127.0 131.0 511.0 2566.3118068323233
19.0 1127.0 131.0 509.0 2559.014532581608
3.0 728.0 340.0 1461.0 6620.728384164085
2.0 393.0 508.0 2344.0 10000.382566858178
21.0 1283.0 55.0 167.0 1084.3826405593422
16.0 1043.0 158.0 816.0 3387.9418130014337
7.0 753.0 334.0 1357.0 6391.810821501748
2.0 393.0 508.0 2344.0 10000.382566858178
5.0 468.0 470.0 2124.0 9232.322399989856
9.0 295.0 558.0 2607.0 10969.126720870645
4.0 1359.0 20.0 35.0 357.03783707648097
9.0 1320.0 37.0 89.0 721.1422649052541
13.0 1086.0 159.0 588.0 3023.2382354133024
5.0 358.0 524.0 2451.0 10338.422256436623
22.0 629.0 389.0 1710.0 7591.577336224089
20.0 1287.0 52.0 161.0 1039.9342842357332
9.0 788.0 311.0 1295.0 6043.471183862509
3.0 1363.0 16.0 35.0 317.05982049213185
13.0 863.0 277.0 1121.0 5228.891119999204
4.0 794.0 255.0 1741.0 5950.612680351723
0.0 1380.0 7.0 47.0 140.99887659980317
24.0 1248.0 71.0 255.0 1406.849618871096
3.0 1361.0 18.0 35.0 337.35908036710475
0.0 707.0 312.0 1881.0 6846.430452268392
17.0 600.0 404.0 1790.0 7886.807258743194
3.0 725.0 343.0 1466.0 6655.477482003205
0.0 1379.0 6.0 57.0 146.880973890555
7.0 764.0 330.0 1332.0 6264.435931371907
7.0 755.0 334.0 1352.0 6366.839084984239
6.0 758.0 325.0 1383.0 6290.272156653633
3.0 1366.0 14.0 34.0 282.7228698295561
12.0 1100.0 152.0 563.0 2877.275107327169
16.0 1191.0 89.0 465.0 2014.462821069103
13.0 1086.0 159.0 588.0 3023.2382354133024
5.0 350.0 531.0 2451.0 10420.991195807184
0.0 249.0 571.0 2868.0 11482.26152553874
2.0 312.0 503.0 2909.0 10813.229878657075
16.0 1138.0 129.0 478.0 2444.4631992823793
3.0 728.0 342.0 1453.0 6627.750735028742
0.0 250.0 571.0 2864.0 11468.579396205065
4.0 874.0 217.0 1506.0 5184.420585564435
21.0 630.0 389.0 1710.0 7572.369579997763
3.0 1366.0 14.0 34.0 282.7228698295561
9.0 296.0 557.0 2607.0 10954.469764104393
0.0 249.0 571.0 2868.0 11482.26152553874
4.0 829.0 272.0 1323.0 5578.465700926937
4.0 795.0 255.0 1737.0 5940.220107231438
9.0 789.0 310.0 1295.0 6031.7559436603515
2.0 313.0 502.0 2912.0 10805.16275173892
0.0 671.0 328.0 1991.0 7141.519886253932
17.0 1169.0 99.0 490.0 2214.519981999543
12.0 1100.0 152.0 563.0 2877.275107327169
4.0 874.0 217.0 1506.0 5184.420585564435
5.0 850.0 226.0 1611.0 5443.1708369820835
17.0 1133.0 128.0 503.0 2493.244010401552
6.0 817.0 295.0 1257.0 5714.0209034390855
11.0 1007.0 199.0 794.0 3746.8072759986962
9.0 1318.0 38.0 90.0 738.5609845278409
30.0 1232.0 85.0 286.0 1527.9299756734304
3.0 455.0 472.0 2191.0 9355.93577862055
22.0 629.0 389.0 1710.0 7591.577336224089
3.0 454.0 472.0 2196.0 9369.048586939283
28.0 934.0 239.0 907.0 4506.367140986193
9.0 295.0 558.0 2607.0 10969.126720870645
4.0 829.0 272.0 1323.0 5578.465700926937
13.0 1086.0 159.0 588.0 3023.2382354133024
20.0 1287.0 52.0 161.0 1039.9342842357332
17.0 600.0 404.0 1790.0 7886.807258743194
24.0 1250.0 70.0 254.0 1385.6457021650247
20.0 630.0 388.0 1716.0 7573.841138169815
17.0 1169.0 99.0 490.0 2214.519981999543
3.0 1366.0 14.0 34.0 282.7228698295561
20.0 630.0 388.0 1716.0 7573.841138169815
12.0 1100.0 152.0 563.0 2877.275107327169
2.0 1369.0 13.0 34.0 253.12951050194184
2.0 1370.0 13.0 33.0 243.68572936315653
16.0 1291.0 51.0 149.0 1019.6248098775657
0.0 1380.0 7.0 45.0 145.71269132781728
30.0 1232.0 85.0 286.0 1527.9299756734304
17.0 1170.0 99.0 487.0 2208.192830584432
13.0 1086.0 159.0 588.0 3023.2382354133024
7.0 765.0 329.0 1332.0 6254.389219269501
4.0 861.0 221.0 1561.0 5312.435413764695
0.0 1378.0 7.0 50.0 158.87335139851058
30.0 1232.0 85.0 286.0 1527.9299756734304
24.0 1251.0 70.0 254.0 1373.3952647020026
3.0 1366.0 14.0 34.0 282.7228698295561
18.0 1194.0 88.0 463.0 1979.324699104132
13.0 1305.0 43.0 136.0 867.5999652548392
16.0 1136.0 127.0 500.0 2470.09298632076
7.0 1325.0 35.0 87.0 671.6824458179997
23.0 1253.0 69.0 256.0 1351.0119406482263
0.0 1380.0 7.0 47.0 140.99887659980317
0.0 1381.0 6.0 52.0 134.57771191012765
0.0 1381.0 6.0 52.0 134.57771191012765
0.0 1381.0 6.0 52.0 134.57771191012765
0.0 1381.0 6.0 52.0 134.57771191012765
3.0 1367.0 14.0 32.0 274.8091210384153
