12.0 1160.0 106.0 527.0 2261.4817176628876
46.0 1230.0 76.0 268.0 1625.58475147157
4.0 766.0 279.0 1693.0 6207.608910348289
4.0 628.0 383.0 1796.0 7505.814012653308
12.0 681.0 356.0 1600.0 7025.3160668396895
1.0 341.0 524.0 2549.0 10574.809255003896
5.0 454.0 470.0 2226.0 9362.158044256134
8.0 1059.0 160.0 683.0 3313.434968271627
11.0 1167.0 102.0 526.0 2205.154869454604
2.0 764.0 316.0 1402.0 6253.42683090906
66.0 862.0 269.0 1129.0 5283.7616955073
2.0 429.0 489.0 2240.0 9634.87481244241
3.0 1357.0 23.0 41.0 378.6012466244944
3.0 867.0 234.0 1377.0 5185.3011044834675
7.0 1012.0 184.0 839.0 3709.2537254040226
24.0 931.0 234.0 975.0 4561.369882202655
6.0 1011.0 185.0 846.0 3721.658516519811
22.0 1186.0 97.0 425.0 1994.111956296789
9.0 527.0 431.0 2053.0 8562.637938373928
4.0 627.0 385.0 1795.0 7519.998970125032
3.0 866.0 234.0 1380.0 5199.606516340429
23.0 831.0 288.0 1178.0 5616.651544686684
9.0 963.0 216.0 924.0 4190.906661079871
28.0 1297.0 46.0 137.0 923.3951075391545
4.0 1080.0 152.0 677.0 3018.926055640749
10.0 974.0 202.0 937.0 4098.304431120497
6.0 1019.0 181.0 824.0 3626.849978363869
23.0 1191.0 95.0 419.0 1939.3949565652833
0.0 1310.0 44.0 216.0 838.6030131562393
10.0 973.0 203.0 937.0 4111.341707289795
6.0 734.0 337.0 1455.0 6512.377841185561
24.0 934.0 233.0 961.0 4544.186823102554
6.0 1010.0 187.0 838.0 3724.935971070592
6.0 736.0 337.0 1442.0 6490.276596852998
8.0 969.0 213.0 915.0 4128.705941264217
1.0 909.0 247.0 1101.0 4718.6792182741665
3.0 606.0 366.0 2073.0 7851.582226354547
11.0 896.0 232.0 1162.0 4935.622808768369
8.0 1060.0 157.0 698.0 3303.2477493751894
4.0 765.0 278.0 1714.0 6219.013954584111
11.0 679.0 359.0 1596.0 7049.091464844826
0.0 256.0 562.0 2881.0 11411.422120413927
4.0 628.0 383.0 1792.0 7508.348997744803
8.0 1059.0 160.0 687.0 3299.64064902681
45.0 584.0 405.0 1838.0 7985.650203543934
21.0 845.0 274.0 1185.0 5425.13202344252
41.0 589.0 403.0 1822.0 7927.139574658657
1.0 308.0 544.0 2632.0 10853.35670039737
9.0 1027.0 182.0 774.0 3563.1999613376315
14.0 678.0 358.0 1600.0 7052.50666726331
6.0 1017.0 182.0 828.0 3651.0448191759233
43.0 1263.0 58.0 209.0 1289.544262787132
4.0 1081.0 152.0 672.0 3010.8662941268385
9.0 526.0 431.0 2063.0 8573.05474809119
2.0 430.0 488.0 2244.0 9622.330547192247
4.0 1139.0 120.0 561.0 2472.990934381934
12.0 681.0 358.0 1591.0 7020.750046457218
10.0 973.0 203.0 937.0 4111.341707289795
0.0 351.0 509.0 2598.0 10402.03613378245
4.0 1084.0 149.0 676.0 2984.076613531251
4.0 799.0 299.0 1320.0 5871.991429928582
8.0 1060.0 159.0 683.0 3304.040126591453
13.0 977.0 201.0 923.0 4076.7976445204226
4.0 1140.0 120.0 559.0 2466.0776186218386
0.0 1375.0 5.0 58.0 214.29837471890158
6.0 850.0 238.0 1446.0 5391.548781340829
24.0 1188.0 94.0 437.0 1967.207859085393
3.0 706.0 307.0 1895.0 6824.290655364965
34.0 1032.0 172.0 758.0 3575.0903266121536
0.0 355.0 507.0 2582.0 10357.920877157305
19.0 937.0 230.0 970.0 4516.431349922936
28.0 1295.0 46.0 148.0 940.6585141766998
48.0 1261.0 61.0 199.0 1307.173904856959
6.0 1017.0 183.0 824.0 3644.340513469977
7.0 666.0 365.0 1655.0 7167.321638574357
19.0 493.0 447.0 2116.0 8923.04484391976
22.0 1183.0 99.0 436.0 2033.4593214053475
12.0 961.0 218.0 924.0 4200.299765879116
2.0 770.0 313.0 1385.0 6193.813240804987
11.0 898.0 231.0 1158.0 4919.183676400357
1.0 908.0 248.0 1101.0 4727.380827233147
7.0 1147.0 116.0 543.0 2384.503723275863
41.0 1233.0 77.0 244.0 1597.3023123067464
27.0 828.0 291.0 1176.0 5646.578570158479
12.0 1161.0 105.0 524.0 2260.2060774876045
41.0 1231.0 79.0 245.0 1605.1524236026555
35.0 1281.0 54.0 158.0 1084.4954111537033
3.0 1359.0 21.0 41.0 360.38743536267987
25.0 1191.0 95.0 411.0 1942.1406854311813
6.0 850.0 238.0 1446.0 5391.548781340829
3.0 1137.0 122.0 569.0 2496.769258807581
4.0 626.0 387.0 1789.0 7547.400209213592
9.0 535.0 428.0 2039.0 8463.85429991854
8.0 1060.0 159.0 683.0 3304.040126591453
42.0 584.0 406.0 1836.0 7981.740626404083
3.0 607.0 366.0 2072.0 7843.163057822414
3.0 703.0 308.0 1903.0 6852.725755592899
1.0 306.0 545.0 2639.0 10879.078093992859
2.0 770.0 313.0 1385.0 6193.813240804987
8.0 1326.0 29.0 101.0 683.4599328728631
0.0 252.0 564.0 2895.0 11462.919398834963
9.0 527.0 431.0 2053.0 8562.637938373928
2.0 764.0 316.0 1402.0 6253.42683090906
9.0 964.0 216.0 921.0 4181.376224297637
11.0 899.0 230.0 1155.0 4900.244727586384
4.0 765.0 280.0 1693.0 6220.966257351626
11.0 680.0 359.0 1594.0 7036.867260563145
6.0 733.0 338.0 1455.0 6517.412070319083
0.0 1375.0 5.0 58.0 214.29837471890158
8.0 1061.0 159.0 686.0 3274.9355030330853
23.0 932.0 233.0 975.0 4555.83766761564
10.0 548.0 402.0 2118.0 8411.794988053809
3.0 706.0 307.0 1895.0 6824.290655364965
6.0 1019.0 181.0 824.0 3626.849978363869
10.0 679.0 358.0 1599.0 7064.3972115755705
12.0 677.0 359.0 1601.0 7083.06054749687
0.0 252.0 564.0 2895.0 11462.919398834963
2.0 429.0 489.0 2240.0 9634.87481244241
27.0 830.0 289.0 1176.0 5626.82670638316
3.0 866.0 234.0 1380.0 5199.606516340429
21.0 847.0 273.0 1183.0 5403.642978201136
9.0 1026.0 182.0 778.0 3570.58529078054
8.0 1054.0 164.0 697.0 3380.596687928849
13.0 782.0 303.0 1365.0 6014.373563153054
10.0 973.0 203.0 937.0 4111.341707289795
9.0 930.0 198.0 1272.0 4612.427611346218
21.0 493.0 444.0 2131.0 8919.279593961477
1.0 305.0 546.0 2639.0 10888.482598390941
6.0 736.0 337.0 1443.0 6486.093696916603
4.0 1135.0 125.0 566.0 2499.293314264342
1.0 421.0 492.0 2277.0 9707.113909137553
0.0 252.0 564.0 2895.0 11462.919398834963
41.0 587.0 403.0 1834.0 7953.447060853465
1.0 339.0 525.0 2555.0 10591.125971980735
41.0 584.0 406.0 1836.0 7986.2866549309465
5.0 1109.0 134.0 638.0 2753.1417751777863
1.0 422.0 492.0 2268.0 9692.756795673007
9.0 1051.0 167.0 705.0 3402.426901227473
0.0 384.0 500.0 2455.0 10075.391277396873
6.0 851.0 237.0 1446.0 5385.336160369549
28.0 1297.0 46.0 137.0 923.3951075391545
0.0 252.0 564.0 2895.0 11462.919398834963
18.0 1318.0 33.0 109.0 766.2416550701694
2.0 1368.0 14.0 37.0 279.6249054547026
1.0 909.0 247.0 1101.0 4718.6792182741665
5.0 451.0 472.0 2230.0 9386.435963997284
10.0 551.0 401.0 2107.0 8383.279505981574
18.0 1317.0 33.0 117.0 773.7223052542097
19.0 491.0 448.0 2122.0 8944.183554940806
3.0 866.0 234.0 1380.0 5199.606516340429
19.0 937.0 230.0 970.0 4516.431349922936
0.0 354.0 507.0 2591.0 10369.37177522995
6.0 1013.0 185.0 835.0 3696.66973430097
19.0 492.0 446.0 2128.0 8934.787864656184
34.0 1283.0 53.0 157.0 1061.2176223779754
8.0 932.0 198.0 1262.0 4582.3154164937805
41.0 1266.0 57.0 198.0 1261.617755512354
22.0 1186.0 97.0 425.0 1994.111956296789
6.0 760.0 280.0 1724.0 6269.786997590926
16.0 1321.0 32.0 99.0 738.16624158182
4.0 624.0 387.0 1800.0 7560.385121420845
23.0 834.0 277.0 1217.0 5536.467359963691
3.0 866.0 234.0 1380.0 5199.606516340429
4.0 765.0 278.0 1714.0 6219.013954584111
50.0 1226.0 79.0 277.0 1680.827265523134
7.0 667.0 364.0 1655.0 7159.33609580205
9.0 964.0 216.0 921.0 4181.376224297637
22.0 1185.0 99.0 425.0 2011.3484004291477
3.0 607.0 366.0 2072.0 7843.163057822414
8.0 1326.0 29.0 101.0 683.4599328728631
0.0 391.0 496.0 2438.0 10017.281044657426
43.0 1265.0 59.0 196.0 1253.7868771675637
23.0 1191.0 95.0 419.0 1939.3949565652833
3.0 704.0 308.0 1902.0 6841.962997254208
40.0 1234.0 77.0 244.0 1578.256137136829
40.0 1233.0 78.0 244.0 1595.0493548138425
3.0 280.0 560.0 2721.0 11145.372244058795
11.0 898.0 230.0 1164.0 4912.3129712633845
42.0 1264.0 57.0 209.0 1276.956585464832
2.0 770.0 313.0 1385.0 6193.813240804987
22.0 489.0 450.0 2118.0 8969.902483841593
8.0 1053.0 166.0 695.0 3375.242029075295
5.0 1108.0 130.0 664.0 2763.3278412149803
1.0 1370.0 14.0 33.0 263.9757689793923
8.0 932.0 198.0 1262.0 4582.3154164937805
47.0 1231.0 76.0 257.0 1615.7170935133022
12.0 1160.0 105.0 530.0 2267.1710100713944
1.0 305.0 546.0 2639.0 10888.482598390941
34.0 1283.0 52.0 164.0 1058.0128751329921
19.0 1303.0 42.0 144.0 901.8595656811224
21.0 846.0 274.0 1183.0 5410.553339130142
1.0 421.0 492.0 2277.0 9707.113909137553
8.0 1061.0 159.0 686.0 3274.9355030330853
33.0 1284.0 52.0 162.0 1050.4532281447448
23.0 1192.0 94.0 419.0 1932.7452589858922
4.0 628.0 383.0 1796.0 7505.814012653308
40.0 1235.0 76.0 244.0 1572.854793703711
40.0 1267.0 57.0 194.0 1248.1183302930904
0.0 1374.0 5.0 61.0 220.90942559461985
3.0 1359.0 21.0 41.0 360.38743536267987
9.0 535.0 428.0 2039.0 8463.85429991854
33.0 1284.0 52.0 162.0 1050.4532281447448
22.0 1188.0 96.0 425.0 1976.9627054717166
5.0 1108.0 130.0 664.0 2763.3278412149803
9.0 537.0 424.0 2052.0 8438.784134587497
21.0 844.0 274.0 1191.0 5432.1021810783095
1.0 910.0 246.0 1101.0 4710.7281685481175
4.0 1141.0 120.0 555.0 2455.4866586544426
5.0 1119.0 127.0 620.0 2677.9936006720936
8.0 1326.0 29.0 101.0 683.4599328728631
7.0 1151.0 113.0 543.0 2345.8133455521756
0.0 1375.0 5.0 58.0 214.29837471890158
6.0 735.0 337.0 1451.0 6500.431998741105
4.0 1140.0 120.0 559.0 2466.0776186218386
11.0 1166.0 102.0 530.0 2215.5474425748894
3.0 1357.0 23.0 41.0 378.6012466244944
40.0 1235.0 76.0 244.0 1572.854793703711
23.0 830.0 289.0 1178.0 5630.579471128207
9.0 930.0 198.0 1272.0 4612.427611346218
26.0 1299.0 46.0 133.0 910.9966788445879
23.0 1191.0 95.0 419.0 1939.3949565652833
4.0 1081.0 152.0 672.0 3010.8662941268385
4.0 1140.0 120.0 559.0 2466.0776186218386
23.0 1191.0 95.0 419.0 1939.3949565652833
0.0 1374.0 5.0 61.0 220.90942559461985
23.0 836.0 277.0 1208.0 5520.729453470896
5.0 1111.0 132.0 638.0 2728.1558705340085
7.0 669.0 363.0 1647.0 7144.73281775815
23.0 1191.0 95.0 419.0 1939.3949565652833
8.0 1328.0 29.0 101.0 660.0675448305813
8.0 1331.0 28.0 97.0 633.7049669907356
2.0 764.0 316.0 1402.0 6253.42683090906
7.0 1149.0 115.0 543.0 2366.264997172579
4.0 803.0 297.0 1313.0 5833.2630604029855
40.0 1235.0 76.0 244.0 1572.854793703711
3.0 706.0 307.0 1895.0 6824.290655364965
19.0 1304.0 41.0 144.0 888.1472709139028
1.0 1370.0 14.0 33.0 263.9757689793923
1.0 1370.0 14.0 33.0 263.9757689793923
11.0 898.0 231.0 1158.0 4919.183676400357
44.0 1222.0 80.0 320.0 1688.424275482209
8.0 968.0 214.0 915.0 4138.790593295988
11.0 1165.0 104.0 524.0 2215.651801163075
4.0 802.0 297.0 1317.0 5841.5885444439145
4.0 799.0 299.0 1320.0 5871.991429928582
11.0 1165.0 104.0 524.0 2215.651801163075
8.0 932.0 198.0 1262.0 4582.3154164937805
7.0 1000.0 192.0 876.0 3848.388947593155
40.0 1235.0 76.0 244.0 1572.854793703711
4.0 764.0 280.0 1698.0 6230.093803675337
0.0 252.0 564.0 2895.0 11462.919398834963
6.0 1018.0 182.0 824.0 3637.3919593520495
38.0 1272.0 57.0 175.0 1205.191979589641
0.0 1374.0 5.0 61.0 220.90942559461985
0.0 270.0 549.0 2873.0 11240.04901709765
4.0 1081.0 152.0 672.0 3010.8662941268385
0.0 1375.0 5.0 58.0 214.29837471890158
5.0 452.0 471.0 2230.0 9381.019236323295
4.0 1081.0 152.0 672.0 3010.8662941268385
8.0 931.0 198.0 1267.0 4587.121356547999
0.0 1374.0 5.0 61.0 220.90942559461985
0.0 252.0 564.0 2895.0 11462.919398834963
4.0 1086.0 148.0 672.0 2960.3982571072706
0.0 1380.0 6.0 52.0 165.3137357473153
5.0 1119.0 127.0 620.0 2677.9936006720936
18.0 1305.0 41.0 143.0 877.5863069323023
0.0 1380.0 6.0 52.0 165.3137357473153
40.0 1237.0 75.0 242.0 1560.5417225909266
0.0 1380.0 6.0 52.0 165.3137357473153
0.0 1380.0 6.0 52.0 165.3137357473153
0.0 1380.0 6.0 52.0 165.3137357473153
1.0 1370.0 14.0 33.0 263.9757689793923
0.0 1380.0 6.0 52.0 165.3137357473153
2.0 282.0 558.0 2721.0 11121.897717151967
8.0 1328.0 29.0 101.0 660.0675448305813
7.0 1150.0 114.0 543.0 2358.6208704529085
0.0 1380.0 6.0 52.0 165.3137357473153
0.0 341.0 526.0 2542.0 10573.877930477425
5.0 1117.0 127.0 631.0 2697.0583541166825
0.0 391.0 495.0 2444.0 10015.2313580439
4.0 1084.0 149.0 676.0 2984.076613531251
16.0 1321.0 32.0 99.0 738.16624158182
5.0 1108.0 131.0 658.0 2763.014711517737
3.0 1360.0 20.0 41.0 351.1209327987398
38.0 1272.0 54.0 191.0 1207.3563728103334
1.0 1370.0 14.0 33.0 263.9757689793923
5.0 451.0 472.0 2230.0 9386.435963997284
0.0 252.0 564.0 2895.0 11462.919398834963
1.0 426.0 485.0 2305.0 9639.887022731527
3.0 1360.0 20.0 41.0 351.1209327987398
0.0 1380.0 6.0 52.0 165.3137357473153
0.0 381.0 502.0 2461.0 10111.650819100694
0.0 1380.0 6.0 52.0 165.3137357473153
8.0 1331.0 28.0 97.0 633.7049669907356
0.0 1376.0 5.0 58.0 204.68913229042485
0.0 1380.0 6.0 52.0 165.3137357473153
0.0 1376.0 5.0 58.0 204.68913229042485
