11.0 1179.0 104.0 420.0 2185.440429712781
20.0 1321.0 34.0 77.0 752.0305635371567
10.0 856.0 249.0 1292.0 5254.318859114872
4.0 821.0 280.0 1282.0 5682.0348848571175
1.0 1377.0 7.0 55.0 193.51319424773456
23.0 924.0 241.0 955.0 4676.242036684793
1.0 1377.0 7.0 55.0 193.51319424773456
1.0 1377.0 7.0 55.0 193.51319424773456
17.0 982.0 177.0 1050.0 3939.882172580104
4.0 822.0 279.0 1282.0 5669.257379885785
18.0 938.0 210.0 1055.0 4424.392817941225
14.0 891.0 243.0 1137.0 4914.501496625443
12.0 1173.0 104.0 440.0 2240.2244212330397
1.0 1377.0 7.0 55.0 193.51319424773456
0.0 252.0 566.0 2900.0 11449.792888531134
8.0 798.0 330.0 1210.0 5941.348086312812
10.0 1133.0 114.0 588.0 2546.1157238018113
27.0 1207.0 85.0 363.0 1877.4578427524496
15.0 983.0 218.0 796.0 4080.3272469586614
17.0 1054.0 161.0 730.0 3332.29784922248
11.0 1097.0 130.0 671.0 2841.4805976526313
10.0 1130.0 117.0 587.0 2571.6230516822766
19.0 1285.0 48.0 193.0 1083.6340975323894
55.0 997.0 169.0 1026.0 3816.7475348286202
3.0 774.0 293.0 1474.0 6150.592632909854
16.0 982.0 176.0 1062.0 3935.2134789022048
23.0 1046.0 170.0 706.0 3405.0178056812993
27.0 972.0 198.0 936.0 4143.618956334303
7.0 799.0 328.0 1218.0 5930.795554327542
16.0 979.0 223.0 800.0 4113.488485682907
21.0 1321.0 35.0 73.0 751.4075897684196
11.0 1136.0 116.0 559.0 2517.1607490362626
16.0 871.0 250.0 1178.0 5119.126363361299
35.0 1273.0 51.0 204.0 1225.878966635221
4.0 753.0 306.0 1525.0 6319.147908094316
7.0 798.0 329.0 1217.0 5948.003699763584
44.0 1247.0 64.0 276.0 1398.9609126897494
12.0 1095.0 130.0 678.0 2878.9792520611495
4.0 689.0 323.0 1786.0 7015.046728534604
4.0 834.0 259.0 1449.0 5470.403723185076
11.0 564.0 407.0 1968.0 8208.777060496432
3.0 772.0 295.0 1473.0 6170.329889295031
1.0 1362.0 15.0 34.0 341.64363516205384
17.0 968.0 227.0 828.0 4246.9677089861825
12.0 1176.0 102.0 436.0 2210.505148285134
11.0 1137.0 115.0 561.0 2512.0373553860563
4.0 824.0 278.0 1278.0 5647.384093892506
0.0 252.0 566.0 2900.0 11449.792888531134
3.0 774.0 294.0 1465.0 6155.62469834583
16.0 982.0 177.0 1044.0 3942.00680866025
16.0 904.0 229.0 1147.0 4815.035044338193
65.0 1242.0 67.0 284.0 1450.8748205575534
2.0 836.0 260.0 1425.0 5465.300713624376
10.0 1079.0 147.0 664.0 3087.026207836648
45.0 1243.0 67.0 277.0 1458.4531149742156
8.0 354.0 516.0 2505.0 10407.7771081219
0.0 262.0 566.0 2806.0 11322.182652484336
12.0 1171.0 105.0 440.0 2260.7091583331494
3.0 756.0 306.0 1510.0 6299.422879158793
0.0 252.0 568.0 2893.0 11444.376687547261
1.0 624.0 376.0 1816.0 7610.203311715488
12.0 1178.0 101.0 434.0 2189.191730910708
10.0 1161.0 108.0 482.0 2341.489395909547
16.0 1332.0 29.0 62.0 651.6772475222217
19.0 1297.0 41.0 170.0 978.8815010609575
27.0 1202.0 86.0 382.0 1910.306216557514
20.0 924.0 241.0 955.0 4683.7285593557435
2.0 612.0 380.0 1864.0 7718.618634702138
15.0 985.0 176.0 1043.0 3907.8587413070504
14.0 1099.0 127.0 660.0 2818.7304537701953
19.0 975.0 180.0 1064.0 4032.789390605303
16.0 1056.0 161.0 723.0 3312.642348557707
9.0 528.0 422.0 2068.0 8575.881447355441
22.0 1045.0 170.0 717.0 3407.161910083966
26.0 1275.0 52.0 215.0 1206.764726722437
39.0 1253.0 61.0 263.0 1338.4189767035339
30.0 1200.0 86.0 394.0 1927.2548573352094
16.0 1301.0 39.0 170.0 937.0483063951607
17.0 983.0 218.0 792.0 4082.7338774178343
16.0 875.0 248.0 1168.0 5079.6385378171335
4.0 304.0 555.0 2593.0 10849.340207238856
10.0 1082.0 146.0 656.0 3046.4692828621223
15.0 903.0 231.0 1140.0 4814.472273940178
19.0 1290.0 44.0 187.0 1043.4627953438014
5.0 305.0 556.0 2573.0 10838.370135872434
11.0 1135.0 116.0 563.0 2525.486210547207
11.0 1105.0 125.0 660.0 2761.385996486054
4.0 303.0 556.0 2593.0 10863.611847890028
19.0 1320.0 34.0 85.0 766.5607863570725
16.0 1057.0 160.0 723.0 3305.031790181909
18.0 926.0 239.0 955.0 4656.540720779783
21.0 1017.0 204.0 707.0 3668.533753422934
10.0 1107.0 125.0 651.0 2746.6776315642787
24.0 1045.0 168.0 730.0 3409.686225982163
1.0 704.0 344.0 1592.0 6811.564523455261
11.0 441.0 477.0 2277.0 9473.37588742826
23.0 1047.0 169.0 706.0 3397.7077226067086
41.0 1248.0 63.0 278.0 1382.271513171549
11.0 1135.0 116.0 568.0 2514.260492254671
17.0 1299.0 41.0 167.0 955.4904713153471
0.0 252.0 568.0 2893.0 11444.376687547261
17.0 943.0 211.0 1018.0 4373.343353279385
1.0 262.0 565.0 2807.0 11325.054577810291
11.0 1098.0 128.0 672.0 2836.6303670611105
8.0 477.0 449.0 2192.0 9090.87966384828
45.0 1244.0 66.0 276.0 1439.3829822569594
11.0 382.0 509.0 2401.0 10078.443745050567
26.0 1275.0 52.0 215.0 1206.764726722437
11.0 382.0 509.0 2404.0 10070.675206349573
10.0 1084.0 144.0 656.0 3028.2986641858884
20.0 1286.0 45.0 204.0 1076.176643940285
14.0 396.0 499.0 2376.0 9943.482952484068
3.0 735.0 323.0 1516.0 6550.843287347006
4.0 687.0 323.0 1787.0 7031.888866783074
16.0 1331.0 29.0 66.0 657.9552030380084
14.0 1099.0 128.0 659.0 2816.559286165364
17.0 941.0 212.0 1025.0 4397.878190033776
27.0 1202.0 86.0 382.0 1910.306216557514
1.0 707.0 343.0 1579.0 6779.853714354272
16.0 874.0 249.0 1168.0 5092.233200315025
15.0 985.0 176.0 1043.0 3907.8587413070504
45.0 1244.0 67.0 274.0 1443.9609932740464
0.0 263.0 565.0 2806.0 11312.68917998946
10.0 1163.0 107.0 478.0 2321.950689639223
10.0 1131.0 116.0 586.0 2565.0078228598477
1.0 295.0 527.0 2833.0 10998.40819620858
0.0 1363.0 15.0 34.0 335.41213789737964
13.0 1003.0 182.0 881.0 3839.7224403825576
17.0 982.0 177.0 1050.0 3939.882172580104
4.0 658.0 367.0 1691.0 7259.990409500683
2.0 836.0 260.0 1425.0 5465.300713624376
1.0 1354.0 19.0 44.0 437.8723558936838
16.0 969.0 227.0 822.0 4234.870488484846
1.0 1377.0 7.0 55.0 193.51319424773456
1.0 293.0 527.0 2851.0 11019.76973699421
11.0 1079.0 150.0 657.0 3071.2715929929955
14.0 397.0 499.0 2372.0 9924.943321640796
11.0 1179.0 104.0 420.0 2185.440429712781
4.0 303.0 556.0 2593.0 10863.611847890028
12.0 1007.0 183.0 854.0 3799.215750006485
10.0 1164.0 106.0 478.0 2315.4415537860305
11.0 1136.0 116.0 559.0 2517.1607490362626
11.0 447.0 474.0 2259.0 9424.204202334202
43.0 1245.0 66.0 274.0 1430.6320509970938
10.0 1134.0 114.0 581.0 2536.0518348427886
7.0 659.0 366.0 1688.0 7251.948459629378
3.0 735.0 323.0 1516.0 6550.843287347006
1.0 1377.0 7.0 55.0 193.51319424773456
3.0 757.0 304.0 1520.0 6294.046022394173
11.0 1095.0 131.0 678.0 2871.8029494425064
12.0 567.0 405.0 1955.0 8182.937312908301
3.0 771.0 294.0 1484.0 6183.841912975354
1.0 1362.0 15.0 34.0 341.64363516205384
8.0 478.0 450.0 2178.0 9085.618328739047
12.0 1176.0 102.0 436.0 2210.505148285134
27.0 1202.0 86.0 382.0 1910.306216557514
4.0 822.0 279.0 1282.0 5669.257379885785
14.0 871.0 250.0 1182.0 5128.441846797393
1.0 625.0 375.0 1816.0 7596.208268108899
0.0 1361.0 17.0 34.0 356.6888361751008
19.0 1288.0 46.0 187.0 1063.658821513683
11.0 380.0 507.0 2423.0 10094.119190682919
9.0 848.0 268.0 1231.0 5392.308167651561
1.0 297.0 525.0 2836.0 10979.55526929516
16.0 901.0 231.0 1151.0 4845.691973472954
7.0 352.0 516.0 2520.0 10418.478311952995
19.0 970.0 183.0 1076.0 4087.530045741719
27.0 1016.0 206.0 704.0 3684.4961231449697
10.0 1086.0 146.0 643.0 3009.9599847609534
4.0 814.0 283.0 1305.0 5760.592517984868
7.0 354.0 515.0 2515.0 10399.397134941806
43.0 1245.0 66.0 274.0 1430.6320509970938
10.0 563.0 408.0 1968.0 8214.928312486494
1.0 1377.0 7.0 55.0 193.51319424773456
8.0 799.0 329.0 1210.0 5936.31385717929
4.0 823.0 279.0 1278.0 5656.619922822315
12.0 1104.0 126.0 655.0 2766.8019424163735
1.0 704.0 344.0 1592.0 6811.564523455261
19.0 1320.0 35.0 82.0 760.2703567010974
1.0 1377.0 7.0 55.0 193.51319424773456
4.0 658.0 367.0 1691.0 7259.990409500683
9.0 526.0 422.0 2082.0 8596.311060557526
4.0 657.0 368.0 1691.0 7273.12652954416
2.0 611.0 380.0 1870.0 7724.4324854384495
39.0 1252.0 62.0 263.0 1348.9660392046635
15.0 871.0 250.0 1177.0 5126.439910977905
12.0 566.0 406.0 1955.0 8189.256406892394
15.0 971.0 225.0 823.0 4208.813905982192
1.0 706.0 343.0 1587.0 6788.576644454027
10.0 561.0 410.0 1965.0 8228.912689598083
19.0 1322.0 34.0 73.0 742.7256947637345
7.0 799.0 328.0 1217.0 5933.665636658795
8.0 477.0 450.0 2183.0 9091.710232746073
23.0 1047.0 169.0 706.0 3397.7077226067086
9.0 527.0 422.0 2077.0 8589.599348683876
38.0 1252.0 63.0 258.0 1359.4724474383556
30.0 1262.0 61.0 243.0 1246.3487351597255
11.0 1106.0 126.0 651.0 2749.2250072598777
15.0 984.0 217.0 796.0 4074.698631804446
6.0 517.0 429.0 2107.0 8693.14081118347
6.0 520.0 427.0 2101.0 8652.708200745492
1.0 1377.0 7.0 55.0 193.51319424773456
1.0 628.0 373.0 1811.0 7569.601185623445
4.0 686.0 324.0 1787.0 7039.522383322466
27.0 1202.0 86.0 382.0 1910.306216557514
19.0 1322.0 34.0 73.0 742.7256947637345
39.0 1252.0 62.0 263.0 1348.9660392046635
17.0 1299.0 41.0 167.0 955.4904713153471
1.0 1355.0 18.0 44.0 422.93752234862416
16.0 1332.0 29.0 62.0 651.6772475222217
10.0 1083.0 145.0 656.0 3038.186923405666
8.0 479.0 449.0 2180.0 9074.29754918532
3.0 772.0 295.0 1473.0 6170.329889295031
10.0 1085.0 147.0 641.0 3033.520248407144
8.0 478.0 450.0 2178.0 9085.618328739047
1.0 626.0 375.0 1811.0 7588.066764629065
8.0 476.0 450.0 2188.0 9106.033658890276
9.0 526.0 423.0 2077.0 8594.45469021511
3.0 733.0 323.0 1528.0 6564.813886291947
1.0 1377.0 7.0 55.0 193.51319424773456
4.0 658.0 367.0 1691.0 7259.990409500683
1.0 709.0 341.0 1587.0 6749.473630794287
4.0 822.0 279.0 1282.0 5669.257379885785
10.0 1163.0 107.0 478.0 2321.950689639223
4.0 815.0 282.0 1305.0 5746.446266291627
4.0 817.0 281.0 1298.0 5719.427283624905
19.0 1290.0 44.0 187.0 1043.4627953438014
16.0 1302.0 39.0 166.0 931.1437881341151
12.0 1007.0 183.0 854.0 3799.215750006485
14.0 872.0 250.0 1177.0 5114.659889330079
9.0 445.0 471.0 2292.0 9432.599316384536
11.0 1010.0 180.0 861.0 3772.250252633877
21.0 1018.0 204.0 704.0 3657.25935357683
2.0 611.0 382.0 1865.0 7711.45707354229
8.0 798.0 329.0 1215.0 5950.60536688141
16.0 1332.0 29.0 62.0 651.6772475222217
4.0 686.0 326.0 1774.0 7037.498855855962
14.0 872.0 250.0 1177.0 5114.659889330079
7.0 349.0 518.0 2530.0 10437.489737664513
1.0 1377.0 7.0 55.0 193.51319424773456
27.0 1204.0 86.0 374.0 1894.4254491718511
0.0 1363.0 15.0 34.0 335.41213789737964
20.0 1047.0 169.0 712.0 3396.602654546754
10.0 1010.0 179.0 870.0 3779.506939540236
0.0 1365.0 15.0 33.0 314.94074619770714
0.0 1365.0 15.0 33.0 314.94074619770714
1.0 1374.0 8.0 58.0 213.8713314143036
8.0 478.0 450.0 2178.0 9085.618328739047
12.0 1007.0 183.0 854.0 3799.215750006485
39.0 1252.0 62.0 263.0 1348.9660392046635
0.0 1364.0 15.0 34.0 323.7654657935787
12.0 1104.0 126.0 655.0 2766.8019424163735
1.0 293.0 527.0 2851.0 11019.76973699421
1.0 1377.0 7.0 55.0 193.51319424773456
1.0 1377.0 7.0 55.0 193.51319424773456
2.0 610.0 381.0 1870.0 7733.869409407244
19.0 1290.0 44.0 187.0 1043.4627953438014
7.0 348.0 519.0 2530.0 10452.146694430765
10.0 563.0 408.0 1968.0 8214.928312486494
13.0 397.0 499.0 2374.0 9932.362610623111
19.0 1322.0 34.0 73.0 742.7256947637345
27.0 1202.0 86.0 382.0 1910.306216557514
4.0 658.0 367.0 1691.0 7259.990409500683
13.0 396.0 500.0 2376.0 9940.450245943106
4.0 686.0 325.0 1786.0 7035.982191693174
11.0 441.0 476.0 2283.0 9477.25834468333
19.0 1322.0 34.0 73.0 742.7256947637345
10.0 1162.0 108.0 478.0 2333.2140967538407
3.0 761.0 303.0 1501.0 6254.616837925639
20.0 1021.0 203.0 701.0 3628.8746538471105
4.0 686.0 325.0 1786.0 7035.982191693174
4.0 776.0 292.0 1470.0 6137.798385555664
2.0 1353.0 20.0 44.0 448.66008450903587
16.0 1332.0 29.0 62.0 651.6772475222217
27.0 1204.0 86.0 374.0 1894.4254491718511
1.0 1356.0 17.0 44.0 411.9126954624411
0.0 1364.0 15.0 34.0 323.7654657935787
27.0 1206.0 85.0 372.0 1884.5399064483283
27.0 1204.0 86.0 374.0 1894.4254491718511
9.0 850.0 268.0 1227.0 5366.109214070915
6.0 518.0 426.0 2121.0 8673.67561879604
17.0 942.0 211.0 1025.0 4387.56063043567
27.0 1206.0 85.0 372.0 1884.5399064483283
1.0 1357.0 17.0 42.0 402.0939878705576
1.0 1377.0 7.0 55.0 193.51319424773456
1.0 1377.0 7.0 55.0 193.51319424773456
0.0 1365.0 15.0 33.0 314.94074619770714
0.0 252.0 566.0 2900.0 11449.792888531134
