16.0 947.0 241.0 838.0 4365.658068915006
10.0 979.0 229.0 743.0 4013.9214879742076
42.0 817.0 322.0 1080.0 5691.879721935633
23.0 1149.0 107.0 551.0 2445.951815241116
8.0 1035.0 200.0 633.0 3441.3397204621056
4.0 389.0 483.0 2526.0 10051.297141943689
78.0 1236.0 75.0 253.0 1509.810483634759
12.0 1119.0 148.0 485.0 2678.5482565688153
10.0 978.0 230.0 744.0 4023.464675210461
16.0 479.0 437.0 2324.0 9088.628623478633
11.0 1074.0 129.0 865.0 3141.1946637869673
19.0 1022.0 137.0 1118.0 3657.763060228485
45.0 808.0 323.0 1119.0 5728.293305697519
3.0 321.0 539.0 2586.0 10744.862511976029
17.0 1065.0 132.0 888.0 3247.615386428745
26.0 870.0 285.0 1036.0 5224.03020777088
4.0 390.0 481.0 2532.0 10044.951919397996
17.0 1316.0 40.0 81.0 745.0850527385038
4.0 1356.0 22.0 36.0 376.7129895802825
39.0 896.0 203.0 1345.0 4994.3122487959
8.0 982.0 230.0 734.0 3983.5555808390664
9.0 861.0 225.0 1457.0 5321.56681108937
13.0 1113.0 155.0 474.0 2734.1013271064203
8.0 982.0 229.0 734.0 3987.3094242043408
18.0 892.0 265.0 1022.0 4924.484684911805
22.0 892.0 265.0 1021.0 4920.143810066288
0.0 807.0 257.0 1579.0 5843.655583323443
5.0 249.0 567.0 2871.0 11496.736001388115
16.0 943.0 245.0 843.0 4409.273273512421
5.0 387.0 483.0 2539.0 10066.575881386345
25.0 957.0 176.0 1213.0 4363.106823064744
3.0 275.0 560.0 2714.0 11202.872586946654
10.0 1036.0 197.0 635.0 3440.9381109343735
44.0 1262.0 66.0 167.0 1261.3611047846264
1.0 802.0 258.0 1603.0 5886.121926067666
66.0 1165.0 111.0 435.0 2181.3926451410202
14.0 1113.0 159.0 461.0 2728.290070022418
20.0 916.0 254.0 949.0 4688.931765345788
79.0 648.0 386.0 1690.0 7394.761798416831
74.0 592.0 414.0 1828.0 8018.263303613864
9.0 861.0 225.0 1457.0 5321.56681108937
13.0 976.0 232.0 744.0 4041.7324560752595
11.0 1044.0 196.0 600.0 3362.365879021648
55.0 1257.0 70.0 175.0 1304.4470133734571
1.0 1367.0 17.0 32.0 291.6399514552638
2.0 262.0 563.0 2798.0 11341.25988216151
19.0 1021.0 138.0 1105.0 3676.286661977603
17.0 1158.0 108.0 480.0 2327.982837653818
6.0 246.0 566.0 2902.0 11512.380501269097
47.0 806.0 322.0 1126.0 5752.123223557915
8.0 1047.0 192.0 603.0 3334.373229880225
26.0 1185.0 101.0 382.0 2004.4038760658254
17.0 1315.0 41.0 81.0 750.6865542696875
0.0 808.0 257.0 1572.0 5828.894817047026
13.0 428.0 496.0 2225.0 9652.886544924893
39.0 896.0 203.0 1345.0 4994.3122487959
10.0 1048.0 192.0 600.0 3319.096865119223
85.0 1236.0 74.0 255.0 1504.628521530936
19.0 561.0 429.0 1908.0 8357.457541091992
9.0 1045.0 195.0 600.0 3338.1648689372187
41.0 819.0 321.0 1074.0 5668.126122565792
16.0 943.0 245.0 843.0 4409.273273512421
3.0 293.0 549.0 2685.0 11029.98401891156
18.0 757.0 299.0 1505.0 6348.131435546016
40.0 819.0 321.0 1078.0 5673.990922187669
41.0 819.0 320.0 1084.0 5663.424290933136
0.0 797.0 260.0 1630.0 5938.316590726449
36.0 1285.0 37.0 267.0 1061.3537183234914
12.0 776.0 284.0 1507.0 6158.345869431445
64.0 1165.0 112.0 436.0 2185.576900012667
41.0 816.0 323.0 1084.0 5700.809020051799
8.0 983.0 229.0 729.0 3987.5738736967232
26.0 871.0 285.0 1034.0 5210.765404231899
10.0 1047.0 193.0 600.0 3330.971063675734
19.0 919.0 254.0 926.0 4659.999983960978
9.0 1074.0 129.0 869.0 3140.9601424104844
9.0 1095.0 124.0 785.0 2981.56297291832
33.0 910.0 198.0 1303.0 4823.631906878007
11.0 779.0 283.0 1495.0 6131.164520032794
17.0 1149.0 107.0 559.0 2449.9665335348695
21.0 1003.0 144.0 1169.0 3870.040108250225
41.0 818.0 321.0 1084.0 5669.442004653729
3.0 325.0 537.0 2574.0 10698.039335684112
14.0 1114.0 158.0 461.0 2718.204970095729
18.0 758.0 296.0 1525.0 6339.644622323045
15.0 757.0 298.0 1515.0 6359.186327494548
35.0 1284.0 38.0 270.0 1064.5020955541422
20.0 920.0 252.0 932.0 4654.069043685434
39.0 897.0 201.0 1353.0 4979.486371561892
64.0 1162.0 112.0 452.0 2210.1392067088705
14.0 248.0 562.0 2891.0 11496.034721853015
54.0 935.0 182.0 1321.0 4541.519312405259
13.0 1103.0 162.0 482.0 2844.6843376561815
61.0 1255.0 72.0 175.0 1330.926557085755
43.0 1263.0 66.0 164.0 1247.5572853407243
23.0 1291.0 55.0 105.0 974.939202527519
1.0 736.0 354.0 1400.0 6570.75931389341
17.0 1007.0 143.0 1154.0 3837.59324088212
14.0 1114.0 158.0 461.0 2718.204970095729
3.0 733.0 355.0 1407.0 6602.296277865428
7.0 464.0 478.0 2136.0 9289.299502333763
44.0 1261.0 66.0 173.0 1270.6910818601957
9.0 618.0 347.0 2119.0 7772.675719838349
18.0 1101.0 161.0 492.0 2865.3641001450155
47.0 806.0 323.0 1126.0 5744.576873497415
33.0 909.0 198.0 1310.0 4834.585216200039
19.0 1006.0 143.0 1162.0 3840.307476811323
17.0 1314.0 42.0 81.0 768.0781203742457
33.0 911.0 199.0 1290.0 4808.5381227597045
16.0 942.0 245.0 847.0 4421.58514476041
8.0 732.0 302.0 1679.0 6611.055687634286
82.0 1236.0 73.0 262.0 1513.8020146296851
20.0 579.0 408.0 1903.0 8215.689783310503
23.0 1286.0 57.0 117.0 1028.4963992975322
26.0 1217.0 77.0 387.0 1723.3675661053608
41.0 819.0 320.0 1084.0 5663.424290933136
12.0 973.0 236.0 745.0 4086.5977447300907
43.0 1262.0 66.0 169.0 1257.808673261415
10.0 1049.0 192.0 598.0 3306.6179087985774
16.0 1067.0 131.0 888.0 3230.9689312455034
20.0 579.0 408.0 1901.0 8216.475167123073
3.0 643.0 374.0 1760.0 7500.4554572304205
17.0 611.0 349.0 2143.0 7832.947141987909
20.0 1009.0 143.0 1133.0 3810.9817691444327
55.0 1257.0 70.0 175.0 1304.4470133734571
8.0 1340.0 35.0 30.0 522.1465373707224
16.0 500.0 464.0 2033.0 8960.79248151122
19.0 919.0 253.0 935.0 4656.860889573601
43.0 1195.0 93.0 349.0 1902.4787230530646
16.0 501.0 463.0 2033.0 8954.02993450392
9.0 1074.0 129.0 869.0 3140.9601424104844
16.0 486.0 433.0 2308.0 9024.288606616145
16.0 1320.0 39.0 70.0 717.5495070880062
18.0 1010.0 141.0 1146.0 3808.948434635463
9.0 619.0 346.0 2119.0 7762.260488095439
33.0 911.0 197.0 1303.0 4811.60884265485
13.0 1106.0 159.0 483.0 2805.413790626016
9.0 1044.0 195.0 607.0 3352.62710015851
19.0 1020.0 138.0 1115.0 3689.2809614810685
9.0 861.0 225.0 1454.0 5330.029058968267
3.0 274.0 560.0 2724.0 11211.762691206644
1.0 729.0 358.0 1416.0 6654.6444256458735
0.0 1378.0 5.0 62.0 192.95552236563253
12.0 612.0 349.0 2139.0 7820.315022670443
76.0 1238.0 74.0 248.0 1482.9127908735343
0.0 1378.0 5.0 61.0 194.87480486601788
39.0 1198.0 91.0 345.0 1879.3130336825386
23.0 1290.0 56.0 105.0 979.9497546005082
8.0 983.0 227.0 739.0 3979.9828020996856
39.0 896.0 203.0 1345.0 4994.3122487959
23.0 957.0 177.0 1212.0 4365.7794247348165
10.0 614.0 349.0 2124.0 7800.655557575833
73.0 592.0 413.0 1831.0 8019.666271508273
14.0 758.0 297.0 1515.0 6345.23504756998
2.0 326.0 524.0 2645.0 10701.439906378972
18.0 1300.0 48.0 110.0 914.1172100643021
5.0 362.0 523.0 2436.0 10344.282568478213
7.0 1097.0 123.0 784.0 2962.4226209050757
35.0 1286.0 37.0 262.0 1046.3730700464218
18.0 501.0 465.0 2020.0 8946.199611075188
3.0 323.0 538.0 2578.0 10722.993006117034
11.0 1074.0 129.0 865.0 3141.1946637869673
1.0 793.0 263.0 1634.0 5984.488117758765
6.0 680.0 346.0 1699.0 7165.009852707166
6.0 246.0 566.0 2902.0 11512.380501269097
0.0 1378.0 5.0 62.0 192.95552236563253
42.0 894.0 204.0 1350.0 5010.170833734949
0.0 1378.0 5.0 62.0 192.95552236563253
16.0 500.0 464.0 2033.0 8960.79248151122
13.0 247.0 563.0 2898.0 11507.403722751678
20.0 574.0 407.0 1933.0 8269.093131464786
0.0 797.0 260.0 1630.0 5938.316590726449
12.0 1090.0 169.0 522.0 2980.164418906437
19.0 1183.0 99.0 416.0 2044.9782156862368
4.0 389.0 482.0 2532.0 10054.714527667324
7.0 1097.0 123.0 784.0 2962.4226209050757
3.0 273.0 561.0 2724.0 11219.115659852236
9.0 861.0 225.0 1457.0 5321.56681108937
18.0 1011.0 142.0 1132.0 3791.395607442844
18.0 895.0 265.0 1010.0 4890.599827240439
6.0 681.0 346.0 1696.0 7155.222156079535
10.0 1047.0 193.0 600.0 3330.971063675734
1.0 736.0 354.0 1400.0 6570.75931389341
73.0 592.0 413.0 1831.0 8019.666271508273
12.0 1120.0 147.0 485.0 2671.615965345235
25.0 864.0 285.0 1062.0 5288.56753614867
43.0 1263.0 66.0 164.0 1247.5572853407243
10.0 978.0 230.0 744.0 4023.464675210461
16.0 487.0 433.0 2307.0 9013.161099321856
49.0 804.0 324.0 1133.0 5773.46891621024
0.0 1378.0 5.0 62.0 192.95552236563253
64.0 1166.0 111.0 434.0 2172.687220367518
0.0 1378.0 5.0 62.0 192.95552236563253
0.0 1378.0 5.0 61.0 194.87480486601788
3.0 273.0 562.0 2720.0 11216.933769502517
16.0 479.0 437.0 2324.0 9088.628623478633
20.0 1023.0 138.0 1104.0 3640.444895300226
22.0 953.0 179.0 1223.0 4400.2460406994205
0.0 1378.0 5.0 62.0 192.95552236563253
17.0 1149.0 107.0 559.0 2449.9665335348695
3.0 653.0 368.0 1739.0 7379.932213331582
26.0 1185.0 101.0 382.0 2004.4038760658254
16.0 943.0 245.0 843.0 4409.273273512421
0.0 1378.0 5.0 62.0 192.95552236563253
8.0 1036.0 199.0 633.0 3431.9202592587258
39.0 1195.0 93.0 350.0 1906.4624705499489
3.0 553.0 430.0 1983.0 8407.989615294351
0.0 1378.0 5.0 62.0 192.95552236563253
0.0 1378.0 5.0 62.0 192.95552236563253
7.0 1096.0 123.0 792.0 2976.3169291355334
22.0 1289.0 56.0 110.0 991.1130866278678
3.0 652.0 368.0 1739.0 7392.182650794604
20.0 574.0 407.0 1933.0 8269.093131464786
2.0 644.0 373.0 1760.0 7493.545096301414
10.0 611.0 350.0 2139.0 7834.8779734409045
8.0 855.0 228.0 1476.0 5392.196918357367
8.0 1340.0 35.0 30.0 522.1465373707224
26.0 872.0 284.0 1034.0 5197.795423365449
9.0 618.0 348.0 2110.0 7767.474194813092
8.0 1342.0 33.0 30.0 508.76387128177515
5.0 463.0 479.0 2141.0 9298.917853926108
16.0 478.0 437.0 2329.0 9106.535581356366
35.0 1285.0 38.0 262.0 1057.0478577879708
9.0 618.0 347.0 2119.0 7772.675719838349
23.0 957.0 177.0 1212.0 4365.7794247348165
8.0 982.0 228.0 739.0 3987.902493147524
17.0 1148.0 108.0 551.0 2447.9638963856028
8.0 732.0 302.0 1679.0 6611.055687634286
26.0 1183.0 102.0 386.0 2020.5831101951217
1.0 706.0 368.0 1507.0 6851.8379897107
23.0 1291.0 55.0 105.0 974.939202527519
43.0 1263.0 66.0 164.0 1247.5572853407243
13.0 1112.0 156.0 474.0 2744.57928636151
5.0 374.0 519.0 2391.0 10223.032771810083
77.0 1239.0 73.0 248.0 1481.9058731441166
0.0 1377.0 5.0 66.0 198.32621470637957
16.0 946.0 241.0 845.0 4377.172980851307
1.0 1367.0 17.0 32.0 291.6399514552638
9.0 1075.0 129.0 865.0 3130.9466618293186
37.0 1199.0 91.0 344.0 1871.3065872303375
26.0 1185.0 101.0 382.0 2004.4038760658254
20.0 577.0 409.0 1909.0 8238.267062533261
8.0 1342.0 33.0 30.0 508.76387128177515
19.0 1020.0 138.0 1117.0 3681.253057072651
37.0 1197.0 92.0 348.0 1885.1884521785341
38.0 1197.0 91.0 350.0 1888.4476284268926
38.0 1197.0 91.0 350.0 1888.4476284268926
17.0 1153.0 106.0 545.0 2407.0344812609887
6.0 1102.0 123.0 763.0 2915.497032672863
16.0 1320.0 39.0 70.0 717.5495070880062
77.0 1240.0 72.0 248.0 1470.5662489884992
10.0 426.0 495.0 2243.0 9665.782880892359
6.0 680.0 346.0 1699.0 7165.009852707166
5.0 463.0 479.0 2141.0 9298.917853926108
45.0 807.0 323.0 1122.0 5741.288781766413
17.0 1151.0 106.0 554.0 2428.2882171158885
8.0 981.0 229.0 739.0 3995.330113679541
7.0 247.0 565.0 2895.0 11503.256571330836
22.0 1289.0 56.0 110.0 991.1130866278678
12.0 1120.0 147.0 485.0 2671.615965345235
23.0 1291.0 55.0 105.0 974.939202527519
0.0 1377.0 5.0 62.0 205.4736166999046
13.0 1105.0 160.0 482.0 2823.288401249179
10.0 428.0 495.0 2232.0 9650.238219607889
1.0 1366.0 17.0 32.0 299.83416105764763
4.0 1356.0 22.0 36.0 376.7129895802825
0.0 1377.0 5.0 63.0 199.8009312512491
38.0 1197.0 91.0 350.0 1888.4476284268926
0.0 1377.0 5.0 66.0 198.32621470637957
17.0 1316.0 40.0 81.0 745.0850527385038
8.0 1342.0 33.0 30.0 508.76387128177515
12.0 1120.0 147.0 485.0 2671.615965345235
11.0 779.0 283.0 1495.0 6131.164520032794
12.0 1091.0 168.0 522.0 2969.9687904572725
25.0 1218.0 77.0 378.0 1717.9160539429206
34.0 1287.0 38.0 247.0 1039.2893538000799
2.0 644.0 373.0 1760.0 7493.545096301414
7.0 1343.0 32.0 30.0 500.07582657695383
37.0 1199.0 91.0 344.0 1871.3065872303375
1.0 730.0 357.0 1416.0 6642.397296068333
20.0 1023.0 138.0 1104.0 3640.444895300226
8.0 732.0 302.0 1679.0 6611.055687634286
5.0 1353.0 24.0 36.0 405.4449480970659
0.0 1377.0 5.0 66.0 198.32621470637957
5.0 362.0 523.0 2436.0 10344.282568478213
2.0 644.0 372.0 1767.0 7486.34779576222
17.0 1316.0 40.0 81.0 745.0850527385038
0.0 1378.0 5.0 61.0 194.87480486601788
1.0 706.0 368.0 1507.0 6851.8379897107
10.0 426.0 495.0 2243.0 9665.782880892359
4.0 1356.0 22.0 36.0 376.7129895802825
1.0 1367.0 17.0 32.0 291.6399514552638
16.0 1208.0 85.0 375.0 1810.067275935532
4.0 1356.0 22.0 36.0 376.7129895802825
