25.0 1206.0 79.0 406.0 1828.2499200425555
0.0 347.0 523.0 2527.0 10472.08342416459
10.0 677.0 365.0 1573.0 7123.133989693979
6.0 815.0 301.0 1230.0 5727.254100962567
4.0 1355.0 12.0 56.0 381.30579760835036
6.0 1014.0 163.0 986.0 3666.274352111809
1.0 1379.0 11.0 14.0 148.22740036387793
14.0 1285.0 51.0 173.0 1037.865805890531
0.0 1104.0 132.0 681.0 2779.636276693124
25.0 1206.0 79.0 406.0 1828.2499200425555
9.0 928.0 200.0 1294.0 4524.614926258699
0.0 1383.0 9.0 12.0 123.80159193087131
13.0 888.0 254.0 1073.0 4945.66215804468
5.0 244.0 573.0 2897.0 11522.60178366519
4.0 391.0 505.0 2357.0 10046.939071913976
1.0 434.0 481.0 2305.0 9568.539261433618
10.0 1291.0 48.0 165.0 974.1279999730282
1.0 278.0 558.0 2723.0 11146.998047929648
0.0 1050.0 151.0 863.0 3341.2559938687687
17.0 1321.0 31.0 94.0 735.5492548119046
4.0 761.0 276.0 1763.0 6238.431192954473
16.0 977.0 208.0 893.0 3998.759629252583
14.0 883.0 257.0 1081.0 4999.870278387728
5.0 788.0 306.0 1313.0 6014.325163666153
0.0 271.0 564.0 2731.0 11235.014015377086
7.0 394.0 504.0 2342.0 10017.225225132805
2.0 1122.0 125.0 615.0 2624.2467982913154
1.0 479.0 453.0 2178.0 9159.437226959173
9.0 1297.0 45.0 155.0 920.6629543372602
19.0 845.0 289.0 1122.0 5433.237092159334
1.0 826.0 243.0 1589.0 5584.401326759132
1.0 823.0 245.0 1587.0 5614.150793803573
2.0 637.0 344.0 2012.0 7517.140939068121
2.0 368.0 522.0 2401.0 10288.560479569593
0.0 601.0 404.0 1818.0 7829.655737627694
3.0 871.0 222.0 1468.0 5179.93021598952
5.0 245.0 572.0 2898.0 11508.831235256386
22.0 950.0 230.0 890.0 4417.622495528177
1.0 408.0 499.0 2333.0 9819.105299322146
14.0 965.0 178.0 1154.0 4224.462337909561
20.0 951.0 230.0 884.0 4417.563674937448
1.0 595.0 371.0 2088.0 7898.2824261160395
1.0 1382.0 9.0 17.0 130.13365270356636
20.0 1275.0 54.0 208.0 1165.4797675265795
4.0 565.0 409.0 1990.0 8277.37515858559
2.0 692.0 308.0 1948.0 6932.54513647242
17.0 960.0 180.0 1165.0 4286.472510678366
11.0 1144.0 103.0 579.0 2461.4408542811466
2.0 1382.0 10.0 12.0 131.32077957260336
1.0 1077.0 149.0 709.0 3043.5673560839164
10.0 683.0 362.0 1556.0 7066.973527198473
3.0 683.0 311.0 1994.0 7019.342752262294
8.0 1017.0 162.0 962.0 3646.1614867731246
0.0 255.0 568.0 2835.0 11424.95800175517
1.0 594.0 372.0 2088.0 7909.2226508012045
17.0 704.0 348.0 1519.0 6876.973721521656
5.0 784.0 306.0 1339.0 6040.006273920369
37.0 1192.0 107.0 321.0 2013.5445625172185
0.0 468.0 466.0 2161.0 9267.63926614766
0.0 641.0 382.0 1747.0 7432.190478883739
20.0 835.0 288.0 1165.0 5533.8967592684985
6.0 1024.0 161.0 917.0 3601.2093066903017
22.0 949.0 231.0 888.0 4418.079005866375
18.0 1320.0 33.0 94.0 744.563270631675
5.0 244.0 573.0 2904.0 11519.46520782485
14.0 964.0 179.0 1154.0 4234.848069179492
4.0 800.0 302.0 1276.0 5902.98558570321
14.0 851.0 287.0 1111.0 5377.318229706663
2.0 1122.0 125.0 615.0 2624.2467982913154
3.0 1355.0 13.0 56.0 376.3015622198675
16.0 962.0 178.0 1169.0 4269.143828651785
7.0 753.0 329.0 1387.0 6394.419557222352
17.0 703.0 349.0 1519.0 6885.655616526342
0.0 1369.0 7.0 52.0 244.2263805220873
14.0 1287.0 50.0 169.0 1015.3296466905347
7.0 986.0 217.0 829.0 3996.5008650313875
19.0 925.0 238.0 983.0 4578.028811746782
10.0 831.0 292.0 1178.0 5565.162308703739
9.0 928.0 200.0 1296.0 4521.405842270773
7.0 1154.0 100.0 548.0 2362.671335905652
3.0 532.0 423.0 2094.0 8571.504836596121
0.0 601.0 404.0 1818.0 7829.655737627694
4.0 757.0 278.0 1767.0 6282.688898330497
14.0 1285.0 51.0 173.0 1037.865805890531
12.0 980.0 207.0 893.0 3965.4470385836985
0.0 467.0 465.0 2173.0 9287.12537144409
25.0 1206.0 78.0 412.0 1825.1691756883474
0.0 1102.0 131.0 698.0 2803.263865664604
5.0 755.0 327.0 1382.0 6361.877899399596
9.0 1032.0 187.0 746.0 3464.5395489850926
1.0 478.0 454.0 2177.0 9173.519984753417
1.0 599.0 405.0 1822.0 7849.74776971684
9.0 679.0 363.0 1573.0 7098.536780307416
9.0 680.0 362.0 1573.0 7094.432241787207
6.0 1157.0 98.0 540.0 2356.0078056358902
19.0 1276.0 54.0 197.0 1159.0920753508722
2.0 824.0 243.0 1597.0 5603.060109667547
4.0 1071.0 151.0 722.0 3094.3217152914417
0.0 1383.0 9.0 12.0 123.80159193087131
28.0 1216.0 91.0 288.0 1788.2332187419793
6.0 1157.0 99.0 537.0 2361.6018759335852
0.0 465.0 467.0 2172.0 9294.27705003565
3.0 1357.0 11.0 56.0 363.827894002325
17.0 702.0 350.0 1519.0 6895.041415627966
9.0 1019.0 192.0 790.0 3612.5140484721487
12.0 983.0 205.0 886.0 3935.5267873756566
6.0 1025.0 160.0 919.0 3595.4125682118097
25.0 1259.0 71.0 225.0 1275.6040726781573
7.0 1152.0 104.0 533.0 2395.0339427836
4.0 282.0 555.0 2722.0 11091.845596074218
6.0 1153.0 101.0 539.0 2391.7945147853584
5.0 243.0 573.0 2907.0 11533.269027268752
28.0 1216.0 91.0 288.0 1788.2332187419793
9.0 1032.0 187.0 746.0 3464.5395489850926
4.0 244.0 572.0 2907.0 11521.726041935073
5.0 776.0 313.0 1345.0 6136.342780727915
0.0 1050.0 151.0 863.0 3341.2559938687687
2.0 516.0 436.0 2098.0 8731.330761608153
11.0 981.0 206.0 890.0 3960.1797362378675
9.0 1146.0 102.0 573.0 2448.2039404067086
2.0 1074.0 150.0 719.0 3066.578885752431
27.0 1218.0 92.0 277.0 1763.59890479558
7.0 987.0 217.0 826.0 3986.970428249155
4.0 391.0 505.0 2357.0 10046.939071913976
9.0 1033.0 187.0 745.0 3457.7588737362166
6.0 1149.0 101.0 568.0 2421.4638883151442
25.0 1206.0 79.0 406.0 1828.2499200425555
2.0 517.0 433.0 2113.0 8714.861161284005
9.0 1034.0 186.0 745.0 3445.6755270695676
35.0 1193.0 106.0 321.0 2005.52650029288
0.0 467.0 465.0 2173.0 9287.12537144409
3.0 532.0 423.0 2094.0 8571.504836596121
14.0 1322.0 31.0 94.0 730.1988498195522
0.0 640.0 382.0 1752.0 7430.789981493394
7.0 1298.0 45.0 154.0 910.0691089567813
2.0 517.0 435.0 2098.0 8720.655973866604
0.0 271.0 564.0 2731.0 11235.014015377086
0.0 468.0 465.0 2164.0 9274.589531266949
17.0 844.0 289.0 1126.0 5445.848960160449
1.0 478.0 454.0 2177.0 9173.519984753417
24.0 1259.0 70.0 223.0 1282.6798947455916
7.0 1154.0 100.0 548.0 2362.671335905652
26.0 1261.0 71.0 210.0 1267.6090219532325
4.0 395.0 504.0 2335.0 10001.692118132254
24.0 1211.0 77.0 397.0 1780.440177508842
6.0 1156.0 99.0 539.0 2367.4552957114097
9.0 1329.0 27.0 85.0 655.7267291877166
22.0 1261.0 70.0 219.0 1260.9520144588218
14.0 965.0 178.0 1154.0 4224.462337909561
1.0 276.0 559.0 2729.0 11166.239284344261
20.0 950.0 232.0 884.0 4433.524671637697
10.0 834.0 291.0 1171.0 5531.20943186215
0.0 1092.0 135.0 727.0 2924.941663724728
8.0 988.0 215.0 827.0 3980.774738771105
18.0 926.0 238.0 982.0 4572.309259191338
1.0 698.0 306.0 1934.0 6867.158710405643
13.0 1323.0 30.0 94.0 724.6666352325369
25.0 1213.0 77.0 384.0 1756.1988232366652
6.0 1017.0 162.0 968.0 3649.983399964496
14.0 1287.0 50.0 169.0 1015.3296466905347
1.0 1077.0 148.0 712.0 3049.1688826525665
18.0 1277.0 54.0 197.0 1152.7046590213959
6.0 1015.0 163.0 976.0 3657.6516315376502
0.0 345.0 524.0 2537.0 10493.204986508223
34.0 1197.0 105.0 313.0 1966.3086389263449
22.0 951.0 230.0 886.0 4407.229922407892
28.0 1216.0 91.0 288.0 1788.2332187419793
14.0 1285.0 51.0 173.0 1037.865805890531
8.0 1032.0 187.0 748.0 3476.527513022151
0.0 1105.0 131.0 681.0 2771.2799697791356
38.0 1226.0 77.0 313.0 1695.2685203260012
0.0 601.0 403.0 1823.0 7835.01072422086
1.0 600.0 404.0 1818.0 7839.659730923386
7.0 1298.0 44.0 158.0 909.807785084553
0.0 1108.0 126.0 691.0 2770.804147476588
1.0 308.0 545.0 2644.0 10838.018417407186
3.0 870.0 223.0 1474.0 5193.918320334004
6.0 1157.0 99.0 537.0 2361.6018759335852
7.0 754.0 329.0 1382.0 6381.727087133761
12.0 894.0 250.0 1067.0 4906.74342712678
0.0 1383.0 9.0 12.0 123.80159193087131
1.0 1060.0 159.0 772.0 3184.109301731522
14.0 1287.0 50.0 169.0 1015.3296466905347
5.0 790.0 304.0 1313.0 5992.86261471116
0.0 601.0 404.0 1818.0 7829.655737627694
0.0 1364.0 8.0 54.0 294.96315007874483
0.0 1383.0 9.0 12.0 123.80159193087131
1.0 817.0 247.0 1611.0 5680.574750064583
6.0 1152.0 102.0 539.0 2403.110946293628
2.0 693.0 308.0 1942.0 6921.234466612997
17.0 704.0 348.0 1519.0 6876.973721521656
7.0 1153.0 103.0 533.0 2380.7330362342695
6.0 816.0 302.0 1220.0 5723.03392217613
0.0 1383.0 9.0 12.0 123.80159193087131
4.0 758.0 277.0 1778.0 6276.773832904905
4.0 245.0 572.0 2901.0 11510.447490647313
9.0 1331.0 25.0 85.0 638.355071539699
23.0 1260.0 69.0 224.0 1267.6850163768654
34.0 1197.0 105.0 313.0 1966.3086389263449
14.0 882.0 257.0 1084.0 5011.144678233832
0.0 1383.0 9.0 12.0 123.80159193087131
13.0 965.0 178.0 1151.0 4225.242776399311
2.0 1122.0 125.0 615.0 2624.2467982913154
0.0 601.0 403.0 1823.0 7835.01072422086
0.0 601.0 404.0 1818.0 7829.655737627694
0.0 345.0 524.0 2537.0 10493.204986508223
2.0 1121.0 127.0 617.0 2640.4129155826977
0.0 1382.0 9.0 13.0 134.56789698630988
5.0 777.0 312.0 1345.0 6123.878870352835
9.0 675.0 365.0 1592.0 7152.068127581888
3.0 870.0 222.0 1485.0 5188.657185244144
2.0 367.0 522.0 2409.0 10299.16077510179
17.0 844.0 289.0 1126.0 5445.848960160449
0.0 1108.0 126.0 691.0 2770.804147476588
0.0 1383.0 9.0 12.0 123.80159193087131
23.0 1214.0 77.0 382.0 1757.350101356415
0.0 1383.0 9.0 12.0 123.80159193087131
0.0 255.0 568.0 2835.0 11424.95800175517
2.0 516.0 436.0 2098.0 8731.330761608153
3.0 869.0 223.0 1485.0 5201.206268047195
1.0 816.0 247.0 1619.0 5693.00888915262
4.0 391.0 505.0 2357.0 10046.939071913976
1.0 435.0 480.0 2308.0 9553.1925395716
24.0 1213.0 77.0 381.0 1777.324723310112
3.0 683.0 311.0 1994.0 7019.342752262294
5.0 783.0 307.0 1339.0 6053.032017455329
17.0 702.0 350.0 1519.0 6895.041415627966
23.0 1213.0 77.0 383.0 1763.4327617215718
1.0 406.0 500.0 2339.0 9839.95742205117
1.0 1075.0 149.0 718.0 3069.5350434275892
1.0 307.0 546.0 2644.0 10850.1912291438
34.0 1197.0 105.0 313.0 1966.3086389263449
9.0 1296.0 46.0 154.0 926.7362223745785
4.0 244.0 572.0 2907.0 11521.726041935073
6.0 1157.0 99.0 537.0 2361.6018759335852
15.0 885.0 256.0 1074.0 4978.7100776178095
0.0 1383.0 9.0 12.0 123.80159193087131
22.0 1262.0 69.0 219.0 1251.6855118948818
13.0 1323.0 30.0 94.0 724.6666352325369
1.0 477.0 454.0 2183.0 9183.458099062806
0.0 1383.0 9.0 12.0 123.80159193087131
0.0 1383.0 9.0 12.0 123.80159193087131
3.0 869.0 223.0 1485.0 5201.206268047195
0.0 1383.0 9.0 12.0 123.80159193087131
1.0 274.0 560.0 2735.0 11193.437792415372
0.0 601.0 404.0 1818.0 7829.655737627694
12.0 894.0 250.0 1067.0 4906.74342712678
2.0 1124.0 124.0 617.0 2609.669524654588
23.0 1214.0 77.0 382.0 1757.350101356415
13.0 888.0 254.0 1073.0 4945.66215804468
0.0 1364.0 8.0 54.0 294.96315007874483
2.0 512.0 438.0 2111.0 8771.940794240827
3.0 1356.0 12.0 56.0 369.6955456401405
0.0 1383.0 9.0 12.0 123.80159193087131
0.0 1383.0 9.0 12.0 123.80159193087131
1.0 817.0 247.0 1611.0 5680.574750064583
0.0 1369.0 7.0 52.0 244.2263805220873
32.0 1199.0 103.0 313.0 1947.7500678820809
0.0 1369.0 7.0 52.0 244.2263805220873
11.0 983.0 206.0 884.0 3935.3244827615645
6.0 1017.0 162.0 968.0 3649.983399964496
1.0 247.0 572.0 2887.0 11495.138208065246
6.0 1149.0 101.0 568.0 2421.4638883151442
2.0 366.0 523.0 2409.0 10310.834607835377
4.0 759.0 277.0 1768.0 6262.939616537537
3.0 1357.0 11.0 56.0 363.827894002325
0.0 1383.0 9.0 12.0 123.80159193087131
1.0 1078.0 148.0 709.0 3037.8944828064627
13.0 966.0 178.0 1151.0 4218.002102077653
1.0 1078.0 148.0 709.0 3037.8944828064627
0.0 1383.0 9.0 12.0 123.80159193087131
13.0 888.0 254.0 1073.0 4945.66215804468
1.0 1078.0 148.0 709.0 3037.8944828064627
12.0 890.0 253.0 1070.0 4927.926225084273
0.0 1369.0 7.0 52.0 244.2263805220873
6.0 1337.0 18.0 106.0 572.0189773775725
3.0 1357.0 11.0 56.0 363.827894002325
0.0 1383.0 9.0 12.0 123.80159193087131
9.0 1331.0 25.0 85.0 638.355071539699
6.0 1337.0 18.0 106.0 572.0189773775725
0.0 337.0 528.0 2569.0 10579.807514569418
6.0 1337.0 18.0 106.0 572.0189773775725
2.0 1361.0 9.0 56.0 313.37881974164065
9.0 1331.0 25.0 85.0 638.355071539699
7.0 1298.0 45.0 154.0 910.0691089567813
0.0 1365.0 8.0 53.0 280.54145756037144
0.0 1369.0 7.0 52.0 244.2263805220873
2.0 1361.0 9.0 56.0 313.37881974164065
0.0 1380.0 11.0 13.0 142.50784780843443
