10.0 1276.0 50.0 221.0 1177.799299432176
19.0 656.0 375.0 1572.0 7417.460588707141
7.0 855.0 289.0 1101.0 5305.59851552459
17.0 753.0 320.0 1379.0 6420.823686074693
0.0 1375.0 12.0 28.0 184.70677311921827
0.0 1376.0 12.0 27.0 176.70032666701715
11.0 1126.0 145.0 521.0 2536.523805203472
20.0 1070.0 165.0 641.0 3137.9828521135514
8.0 1163.0 111.0 515.0 2275.95137557343
16.0 1046.0 145.0 906.0 3392.9470312697313
25.0 1242.0 72.0 278.0 1521.770364119774
20.0 1071.0 165.0 640.0 3132.7963592190326
10.0 1307.0 38.0 141.0 844.1548873033653
19.0 1246.0 71.0 280.0 1478.4575341182237
8.0 1164.0 111.0 510.0 2256.772984688803
12.0 1116.0 151.0 516.0 2621.213900867982
36.0 1223.0 80.0 361.0 1688.3667322383517
16.0 1045.0 145.0 909.0 3401.361880242891
0.0 1372.0 10.0 43.0 215.33762851415992
9.0 1068.0 125.0 1030.0 3195.095818670579
11.0 721.0 336.0 1459.0 6696.881009898613
5.0 1113.0 118.0 769.0 2721.8156446467124
5.0 895.0 266.0 1015.0 4933.001271148281
5.0 990.0 186.0 970.0 3967.934465108159
2.0 1369.0 10.0 49.0 244.5057698400442
2.0 289.0 552.0 2680.0 11053.330515184205
7.0 858.0 287.0 1097.0 5287.889254619375
3.0 841.0 247.0 1448.0 5559.239391012646
19.0 657.0 375.0 1569.0 7406.573258062279
38.0 1210.0 88.0 392.0 1805.4050694473963
1.0 254.0 562.0 2895.0 11445.247647198676
3.0 420.0 478.0 2311.0 9776.415192198483
14.0 1265.0 60.0 237.0 1283.3385581660677
1.0 281.0 553.0 2729.0 11125.536058406724
11.0 722.0 336.0 1453.0 6687.358571640824
19.0 1083.0 159.0 610.0 3023.290413290248
3.0 983.0 189.0 996.0 4016.751922463112
0.0 927.0 212.0 1251.0 4609.4916447617115
0.0 560.0 407.0 2026.0 8271.195181122152
18.0 794.0 302.0 1267.0 6003.419683698785
1.0 250.0 566.0 2888.0 11491.512970269603
16.0 790.0 300.0 1288.0 6052.851303086809
22.0 785.0 316.0 1238.0 6111.517324622464
9.0 995.0 208.0 815.0 3910.5725877128775
0.0 936.0 207.0 1242.0 4541.356674827333
10.0 1278.0 49.0 219.0 1153.9618704336083
3.0 840.0 248.0 1448.0 5566.758578654378
20.0 789.0 301.0 1283.0 6070.371628448497
5.0 1117.0 118.0 740.0 2697.034440200252
28.0 1195.0 93.0 452.0 1960.6918345774961
10.0 1149.0 96.0 715.0 2422.25421846194
0.0 570.0 401.0 2010.0 8169.501393423871
23.0 779.0 321.0 1242.0 6177.290538734156
12.0 720.0 336.0 1459.0 6711.121146791547
8.0 997.0 205.0 825.0 3881.533198711833
10.0 1278.0 49.0 219.0 1153.9618704336083
5.0 1112.0 119.0 776.0 2731.1495768448585
11.0 723.0 336.0 1452.0 6683.657876393846
10.0 640.0 392.0 1630.0 7608.7869694621695
12.0 1096.0 168.0 554.0 2846.6509601102966
10.0 1100.0 164.0 557.0 2789.860311389299
0.0 1375.0 14.0 24.0 181.12453985218448
3.0 317.0 532.0 2629.0 10784.047613581666
17.0 1321.0 31.0 106.0 731.7326666772825
9.0 582.0 417.0 1820.0 8182.841146339462
3.0 400.0 486.0 2389.0 9956.769447527302
0.0 1316.0 44.0 165.0 771.9829170388992
1.0 572.0 401.0 1997.0 8137.5654587091985
0.0 563.0 407.0 2009.0 8251.125793781403
0.0 561.0 408.0 2015.0 8260.931749927126
4.0 339.0 519.0 2578.0 10520.192893420402
9.0 1149.0 96.0 717.0 2440.7458361472177
3.0 982.0 190.0 996.0 4030.6505431945775
3.0 398.0 488.0 2389.0 9978.211504186002
0.0 928.0 211.0 1258.0 4593.842864033732
22.0 786.0 316.0 1234.0 6105.655196666132
0.0 927.0 211.0 1259.0 4606.2001907606755
7.0 859.0 286.0 1094.0 5269.551229794581
0.0 1371.0 11.0 43.0 225.88469101528946
0.0 565.0 401.0 2037.0 8214.846606171823
5.0 893.0 266.0 1026.0 4948.201544254723
11.0 724.0 334.0 1453.0 6666.319408734424
5.0 350.0 511.0 2558.0 10415.958450572036
9.0 1308.0 38.0 141.0 835.5829006850007
15.0 687.0 368.0 1480.0 7128.474542238261
18.0 1034.0 150.0 932.0 3504.54168663436
3.0 395.0 491.0 2389.0 10016.875402037993
11.0 1115.0 152.0 522.0 2632.9725502949145
8.0 925.0 239.0 985.0 4593.1755333473775
8.0 1158.0 113.0 537.0 2334.9965692532446
3.0 833.0 252.0 1463.0 5622.543701328071
6.0 893.0 267.0 1018.0 4956.318368091477
9.0 1148.0 97.0 717.0 2451.9642685084723
15.0 687.0 368.0 1480.0 7128.474542238261
9.0 997.0 206.0 815.0 3887.683092096398
22.0 1293.0 43.0 165.0 954.6693271635471
6.0 960.0 225.0 894.0 4269.644461900527
28.0 1195.0 93.0 452.0 1960.6918345774961
19.0 1083.0 159.0 610.0 3023.290413290248
9.0 1149.0 96.0 717.0 2440.7458361472177
8.0 440.0 476.0 2244.0 9517.056469907871
16.0 739.0 289.0 1836.0 6493.325634711564
18.0 1261.0 61.0 243.0 1325.2269420110506
17.0 1010.0 197.0 778.0 3751.9768658915054
10.0 1277.0 49.0 221.0 1166.125466698588
3.0 420.0 478.0 2311.0 9776.415192198483
12.0 721.0 336.0 1457.0 6705.267727013723
6.0 960.0 227.0 891.0 4268.2916142761405
3.0 839.0 248.0 1458.0 5576.622170858774
23.0 735.0 344.0 1345.0 6623.125705007542
8.0 847.0 291.0 1129.0 5396.930464808332
19.0 1247.0 71.0 271.0 1470.4413007569456
12.0 1117.0 151.0 514.0 2607.0495328938073
8.0 1164.0 111.0 510.0 2256.772984688803
6.0 960.0 224.0 894.0 4271.7402532317765
11.0 1116.0 152.0 514.0 2618.6800631564543
8.0 441.0 463.0 2336.0 9469.106503616526
12.0 1276.0 49.0 222.0 1176.2833594304025
2.0 248.0 565.0 2908.0 11514.83504130302
3.0 841.0 247.0 1448.0 5559.239391012646
10.0 1100.0 164.0 557.0 2789.860311389299
10.0 1276.0 49.0 227.0 1175.719967087289
6.0 646.0 338.0 2072.0 7448.663688134641
3.0 833.0 252.0 1463.0 5622.543701328071
18.0 1035.0 150.0 929.0 3493.864349003221
1.0 251.0 564.0 2896.0 11475.511466645152
3.0 418.0 481.0 2307.0 9792.914151353458
15.0 739.0 289.0 1845.0 6495.279665458091
9.0 594.0 410.0 1791.0 8067.150986270483
9.0 594.0 410.0 1791.0 8067.150986270483
5.0 1116.0 119.0 740.0 2704.6643840159504
6.0 651.0 336.0 2051.0 7397.774202193978
9.0 996.0 207.0 815.0 3898.8023234058815
11.0 723.0 335.0 1453.0 6680.919476619102
1.0 250.0 565.0 2896.0 11487.907514507648
3.0 419.0 479.0 2311.0 9788.745302548808
0.0 1316.0 44.0 165.0 771.9829170388992
0.0 840.0 275.0 1329.0 5440.116056783211
20.0 734.0 345.0 1346.0 6634.479909711647
2.0 289.0 552.0 2680.0 11053.330515184205
17.0 792.0 300.0 1283.0 6032.115681973169
37.0 1214.0 86.0 381.0 1771.722685726174
24.0 1243.0 72.0 278.0 1509.5263129454736
8.0 440.0 476.0 2244.0 9517.056469907871
19.0 1248.0 70.0 271.0 1460.1633975482762
19.0 496.0 438.0 2168.0 8941.37377982931
0.0 924.0 213.0 1260.0 4638.613491922829
19.0 1015.0 198.0 753.0 3706.244918442141
6.0 646.0 338.0 2072.0 7448.663688134641
1.0 272.0 559.0 2746.0 11218.925241540925
35.0 1222.0 79.0 373.0 1698.0243591654212
7.0 856.0 287.0 1106.0 5301.6888629350515
9.0 443.0 476.0 2231.0 9473.927425489172
13.0 1171.0 108.0 491.0 2182.2930691536026
4.0 981.0 190.0 1003.0 4039.3971985063004
9.0 1150.0 96.0 716.0 2429.9830778085266
12.0 1117.0 151.0 514.0 2607.0495328938073
5.0 989.0 186.0 975.0 3982.4822166097083
13.0 1171.0 108.0 491.0 2182.2930691536026
8.0 915.0 248.0 999.0 4694.559010901947
28.0 1195.0 93.0 450.0 1961.8218074112215
6.0 961.0 224.0 894.0 4264.446980727543
10.0 1307.0 38.0 141.0 844.1548873033653
10.0 1067.0 125.0 1039.0 3202.2897268856836
5.0 1117.0 118.0 740.0 2697.034440200252
12.0 1171.0 106.0 502.0 2190.508136365787
5.0 349.0 512.0 2558.0 10427.750175576088
1.0 572.0 402.0 1993.0 8137.581255996222
0.0 559.0 408.0 2026.0 8284.55058694778
10.0 1278.0 49.0 219.0 1153.9618704336083
9.0 594.0 410.0 1791.0 8067.150986270483
0.0 1373.0 10.0 42.0 200.91593599578653
3.0 982.0 190.0 996.0 4030.6505431945775
9.0 1069.0 125.0 1022.0 3188.1042792371077
23.0 780.0 320.0 1242.0 6170.720105599654
6.0 651.0 336.0 2051.0 7397.774202193978
5.0 894.0 266.0 1023.0 4942.20413455711
35.0 1222.0 79.0 373.0 1698.0243591654212
9.0 1069.0 125.0 1022.0 3188.1042792371077
8.0 1161.0 113.0 511.0 2303.8180161279483
10.0 1278.0 49.0 219.0 1153.9618704336083
0.0 926.0 212.0 1258.0 4617.963577830548
6.0 891.0 267.0 1026.0 4971.770348450248
0.0 566.0 401.0 2028.0 8201.951799493136
5.0 1352.0 21.0 59.0 414.78165446512355
0.0 928.0 211.0 1258.0 4593.842864033732
25.0 783.0 318.0 1233.0 6143.753925753273
9.0 997.0 206.0 815.0 3887.683092096398
6.0 962.0 226.0 886.0 4248.178094705706
10.0 1277.0 49.0 221.0 1166.125466698588
4.0 339.0 519.0 2578.0 10520.192893420402
3.0 326.0 525.0 2615.0 10696.747800912382
38.0 1211.0 87.0 392.0 1799.61062358236
8.0 913.0 249.0 1005.0 4717.0718186478425
9.0 1332.0 28.0 94.0 613.9697149728128
3.0 830.0 254.0 1471.0 5654.559397024114
3.0 418.0 479.0 2318.0 9796.366799201818
0.0 1376.0 13.0 24.0 175.30646851703196
0.0 1376.0 13.0 24.0 175.30646851703196
10.0 1151.0 95.0 713.0 2416.1699168300934
9.0 1069.0 125.0 1022.0 3188.1042792371077
0.0 1372.0 10.0 43.0 215.33762851415992
3.0 317.0 532.0 2629.0 10784.047613581666
0.0 1375.0 13.0 24.0 185.61715692133558
1.0 1370.0 10.0 48.0 236.53596353197995
19.0 654.0 374.0 1586.0 7440.872581172152
3.0 393.0 491.0 2406.0 10031.809227880949
0.0 1376.0 13.0 24.0 175.30646851703196
6.0 961.0 226.0 886.0 4257.765305007414
19.0 1012.0 196.0 768.0 3732.2938063393376
6.0 960.0 225.0 894.0 4269.644461900527
10.0 1278.0 49.0 219.0 1153.9618704336083
6.0 644.0 339.0 2080.0 7475.098747563486
20.0 1071.0 165.0 640.0 3132.7963592190326
0.0 1373.0 10.0 42.0 200.91593599578653
1.0 1369.0 10.0 53.0 248.6616630270094
8.0 1334.0 28.0 87.0 597.6809568494461
17.0 647.0 379.0 1602.0 7519.886031315762
5.0 893.0 266.0 1026.0 4948.201544254723
19.0 1248.0 70.0 271.0 1460.1633975482762
0.0 565.0 401.0 2037.0 8214.846606171823
1.0 279.0 555.0 2729.0 11150.51697305353
5.0 1112.0 119.0 776.0 2731.1495768448585
19.0 1015.0 198.0 753.0 3706.244918442141
3.0 419.0 479.0 2311.0 9788.745302548808
12.0 1170.0 109.0 491.0 2203.0508712840024
9.0 1333.0 28.0 87.0 607.9127789675535
8.0 441.0 463.0 2336.0 9469.106503616526
7.0 858.0 286.0 1098.0 5281.248048424173
6.0 1351.0 22.0 55.0 423.21859904257764
16.0 738.0 289.0 1845.0 6506.926337561892
17.0 648.0 379.0 1597.0 7512.080160564292
19.0 1248.0 70.0 271.0 1460.1633975482762
2.0 248.0 566.0 2902.0 11519.23143418281
1.0 278.0 555.0 2734.0 11156.802151744341
20.0 1071.0 165.0 640.0 3132.7963592190326
16.0 1046.0 145.0 906.0 3392.9470312697313
3.0 982.0 190.0 996.0 4030.6505431945775
0.0 1376.0 13.0 24.0 175.30646851703196
19.0 656.0 375.0 1572.0 7417.460588707141
0.0 1372.0 10.0 43.0 215.33762851415992
1.0 272.0 559.0 2746.0 11218.925241540925
15.0 1297.0 43.0 154.0 939.9102266179779
12.0 1117.0 151.0 514.0 2607.0495328938073
14.0 1266.0 59.0 237.0 1274.0720556021276
15.0 688.0 366.0 1487.0 7123.264036086489
0.0 1376.0 13.0 24.0 175.30646851703196
0.0 560.0 407.0 2026.0 8271.195181122152
8.0 1334.0 28.0 87.0 597.6809568494461
0.0 569.0 401.0 2011.0 8176.149375094222
13.0 1305.0 38.0 145.0 861.4825546905439
12.0 1170.0 109.0 491.0 2203.0508712840024
1.0 264.0 560.0 2809.0 11300.73823672146
5.0 1114.0 118.0 766.0 2715.204593770994
7.0 855.0 288.0 1106.0 5315.0627828878905
17.0 649.0 378.0 1597.0 7498.596587350501
19.0 491.0 440.0 2186.0 8986.171845920806
17.0 646.0 380.0 1602.0 7531.919759788891
3.0 830.0 254.0 1471.0 5654.559397024114
3.0 418.0 479.0 2318.0 9796.366799201818
0.0 1372.0 10.0 43.0 215.33762851415992
5.0 990.0 186.0 974.0 3967.796912221439
11.0 1306.0 38.0 143.0 856.428219049703
0.0 1372.0 10.0 43.0 215.33762851415992
5.0 888.0 269.0 1040.0 4996.599046127785
0.0 1372.0 10.0 43.0 215.33762851415992
19.0 489.0 441.0 2194.0 9003.229033737542
0.0 1376.0 13.0 24.0 175.30646851703196
3.0 830.0 254.0 1471.0 5654.559397024114
10.0 1101.0 164.0 553.0 2777.352876547822
16.0 739.0 288.0 1854.0 6499.695602924743
2.0 247.0 566.0 2908.0 11527.54884074265
8.0 1334.0 28.0 87.0 597.6809568494461
10.0 1309.0 37.0 141.0 822.2971330919592
10.0 1307.0 38.0 141.0 844.1548873033653
9.0 1333.0 28.0 87.0 607.9127789675535
0.0 1376.0 12.0 27.0 176.70032666701715
0.0 1376.0 12.0 27.0 176.70032666701715
0.0 1376.0 12.0 27.0 176.70032666701715
1.0 250.0 565.0 2896.0 11487.907514507648
0.0 1376.0 12.0 27.0 176.70032666701715
0.0 1372.0 10.0 43.0 215.33762851415992
0.0 1376.0 12.0 27.0 176.70032666701715
0.0 1376.0 12.0 27.0 176.70032666701715
0.0 1372.0 10.0 43.0 215.33762851415992
3.0 1363.0 18.0 33.0 306.2541511066764
3.0 395.0 491.0 2389.0 10016.875402037993
3.0 1364.0 17.0 33.0 297.5888986639509
5.0 1353.0 21.0 52.0 408.71554103139727
