14.0 509.0 411.0 2362.0 8758.756310862347
14.0 590.0 404.0 1854.0 7967.804844753829
31.0 1043.0 180.0 678.0 3422.0699824891167
18.0 950.0 249.0 860.0 4408.031247258923
4.0 1192.0 96.0 432.0 1903.9864181517278
7.0 1148.0 108.0 589.0 2381.666158269001
7.0 462.0 483.0 2117.0 9289.850112729004
6.0 887.0 209.0 1425.0 5068.040187406784
4.0 814.0 259.0 1480.0 5753.9365964554245
5.0 979.0 180.0 1074.0 4108.9536076437735
20.0 788.0 311.0 1266.0 6073.336292598698
3.0 1096.0 145.0 615.0 2958.05533470109
0.0 1384.0 6.0 18.0 116.7184284548341
3.0 253.0 559.0 2892.0 11475.648563234343
7.0 462.0 483.0 2114.0 9293.099473299773
0.0 1383.0 6.0 20.0 124.69722211425777
6.0 1043.0 163.0 811.0 3405.5532599670596
24.0 1244.0 70.0 283.0 1425.088320963263
14.0 932.0 200.0 1176.0 4623.089942627789
5.0 897.0 208.0 1363.0 4982.834945889583
7.0 1142.0 115.0 580.0 2448.7879514583906
22.0 641.0 372.0 1755.0 7406.90490285955
23.0 524.0 450.0 1935.0 8692.873960489369
13.0 959.0 240.0 855.0 4333.636754392684
17.0 1031.0 188.0 701.0 3530.1124485831
34.0 1230.0 74.0 320.0 1576.802222767572
20.0 1325.0 26.0 124.0 681.9493530536131
18.0 1269.0 57.0 214.0 1177.3765951150485
30.0 1241.0 71.0 285.0 1454.057009237253
12.0 494.0 420.0 2414.0 8950.01594110257
23.0 786.0 313.0 1260.0 6093.5556947681125
3.0 1013.0 162.0 1004.0 3799.535371417085
10.0 882.0 256.0 1047.0 5185.17172346733
3.0 664.0 327.0 2031.0 7234.902548650183
7.0 1149.0 108.0 585.0 2367.5905444259292
14.0 929.0 202.0 1180.0 4654.359642828919
14.0 458.0 487.0 2106.0 9339.029471475578
3.0 1013.0 162.0 1004.0 3799.535371417085
18.0 930.0 200.0 1186.0 4638.106583847963
20.0 525.0 450.0 1932.0 8679.702608027868
12.0 880.0 260.0 1035.0 5190.480280934288
9.0 693.0 348.0 1567.0 6896.206362690401
6.0 849.0 280.0 1114.0 5514.650111594742
2.0 987.0 215.0 838.0 4006.61051448223
8.0 421.0 494.0 2252.0 9740.95698458106
18.0 949.0 247.0 864.0 4411.43427050767
7.0 1152.0 107.0 584.0 2348.65799518651
19.0 727.0 339.0 1461.0 6571.929505248577
28.0 781.0 314.0 1285.0 6148.070509904729
0.0 1384.0 6.0 18.0 116.7184284548341
7.0 462.0 484.0 2108.0 9292.483774169374
18.0 536.0 446.0 1912.0 8576.693597379772
7.0 1132.0 117.0 625.0 2543.576808604702
12.0 507.0 412.0 2369.0 8788.082478842365
1.0 413.0 474.0 2457.0 9814.549865422401
8.0 993.0 224.0 771.0 3977.958606246344
3.0 1013.0 162.0 1004.0 3799.535371417085
8.0 417.0 495.0 2262.0 9793.832199123357
10.0 655.0 366.0 1716.0 7250.373057964599
9.0 1125.0 143.0 515.0 2637.9784194441804
10.0 458.0 486.0 2115.0 9339.344406732866
2.0 988.0 214.0 838.0 4003.3477217344494
3.0 1094.0 148.0 605.0 2979.544489908628
3.0 1093.0 149.0 612.0 2982.873611416553
4.0 812.0 260.0 1487.0 5770.356242925885
21.0 786.0 309.0 1284.0 6067.307787805546
10.0 881.0 257.0 1047.0 5187.742063226451
6.0 885.0 210.0 1434.0 5093.104874731746
18.0 949.0 247.0 866.0 4411.051829429882
6.0 811.0 259.0 1505.0 5772.812443636596
37.0 1233.0 75.0 302.0 1536.4113770644713
2.0 636.0 338.0 2136.0 7488.386951401062
0.0 253.0 569.0 2865.0 11426.714841233272
14.0 1341.0 23.0 69.0 503.5222165095516
20.0 1266.0 58.0 228.0 1208.0142826401107
7.0 713.0 338.0 1554.0 6635.505654997644
5.0 898.0 209.0 1352.0 4982.617658296476
10.0 656.0 366.0 1710.0 7243.40290032881
10.0 766.0 280.0 1656.0 6242.789053914491
2.0 636.0 338.0 2136.0 7488.386951401062
9.0 1127.0 141.0 518.0 2619.6488086546865
13.0 959.0 241.0 855.0 4330.296076980542
4.0 665.0 326.0 2040.0 7222.010003475961
5.0 1039.0 166.0 813.0 3450.3681174821536
14.0 932.0 200.0 1179.0 4619.685417479347
49.0 1299.0 38.0 166.0 923.1582774047496
7.0 892.0 207.0 1402.0 5029.971097131135
4.0 1195.0 93.0 434.0 1881.4761526007417
18.0 537.0 446.0 1907.0 8572.192196838481
20.0 1267.0 58.0 214.0 1195.2976116393531
16.0 1041.0 179.0 694.0 3445.6626865911608
11.0 1172.0 119.0 414.0 2118.469927609792
3.0 318.0 544.0 2538.0 10778.095672362884
37.0 1233.0 73.0 317.0 1535.5218363293347
0.0 1382.0 7.0 18.0 132.81790221075707
4.0 977.0 181.0 1087.0 4134.5640754228725
17.0 1033.0 187.0 697.0 3507.1943172352308
8.0 855.0 276.0 1094.0 5439.200738744458
27.0 1241.0 71.0 285.0 1458.7218142338365
0.0 1383.0 6.0 20.0 124.69722211425777
0.0 1384.0 6.0 18.0 116.7184284548341
20.0 585.0 400.0 1888.0 7960.233063734269
5.0 1188.0 97.0 446.0 1954.1960016198009
43.0 1301.0 39.0 145.0 916.2335975750676
2.0 320.0 543.0 2537.0 10753.308594337552
1.0 1382.0 6.0 18.0 136.07008176549965
12.0 763.0 282.0 1656.0 6276.28803836795
17.0 1032.0 188.0 697.0 3521.2555611259936
2.0 635.0 338.0 2139.0 7499.154899477145
19.0 526.0 450.0 1928.0 8674.305209090237
8.0 422.0 493.0 2250.0 9723.572634845801
6.0 1367.0 10.0 41.0 286.9010649125851
2.0 1103.0 130.0 764.0 2834.0389148781205
8.0 1152.0 107.0 584.0 2342.79250539092
7.0 1148.0 108.0 589.0 2381.666158269001
12.0 880.0 259.0 1035.0 5194.4489700107815
0.0 1384.0 6.0 18.0 116.7184284548341
24.0 1245.0 69.0 283.0 1418.449215135015
27.0 1314.0 34.0 129.0 782.920637127723
4.0 1375.0 7.0 27.0 214.41144932808706
24.0 1266.0 58.0 224.0 1215.5568556626686
17.0 1328.0 30.0 97.0 616.1439214336068
3.0 1013.0 162.0 1004.0 3799.535371417085
7.0 1152.0 107.0 584.0 2348.65799518651
0.0 1382.0 7.0 19.0 128.5549873713435
31.0 1043.0 180.0 678.0 3422.0699824891167
9.0 1124.0 143.0 522.0 2645.16053833866
10.0 1175.0 118.0 403.0 2088.5259009861484
9.0 1174.0 118.0 412.0 2090.996771403618
3.0 1094.0 148.0 612.0 2977.138909383275
10.0 1173.0 119.0 409.0 2113.3367444908395
8.0 855.0 277.0 1090.0 5445.652035511969
25.0 1318.0 31.0 124.0 745.8031378226317
0.0 1384.0 6.0 18.0 116.7184284548341
16.0 512.0 409.0 2360.0 8724.390739286042
8.0 416.0 495.0 2271.0 9799.174833643263
39.0 1232.0 74.0 315.0 1553.04441508677
32.0 1232.0 74.0 318.0 1561.3615926880389
20.0 527.0 449.0 1929.0 8660.858965553007
1.0 1377.0 7.0 26.0 194.09437756533418
8.0 421.0 493.0 2256.0 9737.745237716428
3.0 667.0 325.0 2030.0 7209.360613846753
0.0 1384.0 6.0 18.0 116.7184284548341
9.0 695.0 348.0 1558.0 6873.702313583238
23.0 1245.0 70.0 279.0 1415.6176295037735
18.0 1268.0 59.0 215.0 1179.3943224558848
10.0 685.0 350.0 1602.0 6972.14319405159
15.0 569.0 406.0 1968.0 8158.28099750236
4.0 816.0 258.0 1478.0 5730.766407567591
0.0 1384.0 6.0 18.0 116.7184284548341
17.0 1033.0 187.0 697.0 3507.1943172352308
31.0 1235.0 72.0 313.0 1515.7141792788584
9.0 693.0 348.0 1567.0 6896.206362690401
9.0 845.0 283.0 1124.0 5557.545139026219
18.0 1272.0 56.0 213.0 1147.8772308246264
4.0 331.0 502.0 2732.0 10616.735323846291
7.0 461.0 484.0 2114.0 9302.254394739972
3.0 1095.0 146.0 615.0 2974.003245253236
4.0 1195.0 93.0 434.0 1881.4761526007417
5.0 1188.0 97.0 446.0 1954.1960016198009
2.0 1103.0 130.0 764.0 2834.0389148781205
20.0 785.0 310.0 1284.0 6076.837073767473
14.0 799.0 302.0 1267.0 5943.665623684309
4.0 1191.0 96.0 440.0 1908.7082716856157
5.0 1201.0 94.0 410.0 1827.123545500654
0.0 1383.0 6.0 20.0 124.69722211425777
30.0 1240.0 72.0 285.0 1465.081836123436
4.0 1127.0 123.0 620.0 2588.604272984278
18.0 1269.0 57.0 214.0 1177.3765951150485
19.0 728.0 339.0 1459.0 6564.204038733191
11.0 1123.0 145.0 518.0 2661.723531926192
20.0 788.0 311.0 1266.0 6073.336292598698
10.0 1347.0 22.0 53.0 447.31597442645136
3.0 353.0 522.0 2496.0 10452.969121835238
12.0 505.0 414.0 2369.0 8811.751790103754
7.0 855.0 277.0 1094.0 5444.547487406916
28.0 779.0 315.0 1294.0 6169.358914167701
9.0 695.0 347.0 1567.0 6871.646746093023
10.0 1173.0 119.0 409.0 2113.3367444908395
7.0 712.0 337.0 1565.0 6648.078794249507
10.0 881.0 258.0 1040.0 5193.422382595224
14.0 615.0 390.0 1806.0 7666.615110421296
4.0 1196.0 93.0 434.0 1863.6199773522287
10.0 688.0 350.0 1583.0 6946.945008448426
27.0 1241.0 71.0 285.0 1458.7218142338365
11.0 880.0 263.0 1030.0 5202.342233275295
1.0 1002.0 168.0 1028.0 3922.826339077064
18.0 1270.0 57.0 214.0 1170.6856612045835
9.0 1177.0 118.0 403.0 2062.1200833660805
6.0 890.0 208.0 1414.0 5040.3730922617715
0.0 1384.0 6.0 18.0 116.7184284548341
5.0 887.0 209.0 1418.0 5080.5106739733865
19.0 727.0 340.0 1459.0 6576.495136301486
9.0 1124.0 143.0 522.0 2645.16053833866
10.0 688.0 350.0 1583.0 6946.945008448426
7.0 855.0 277.0 1094.0 5444.547487406916
16.0 1042.0 179.0 691.0 3432.3091863597533
19.0 526.0 450.0 1928.0 8674.305209090237
5.0 668.0 325.0 2020.0 7204.828249977984
10.0 893.0 253.0 1029.0 5072.888779531085
4.0 252.0 559.0 2899.0 11485.54326620308
4.0 978.0 181.0 1074.0 4127.234396944225
17.0 1034.0 186.0 697.0 3501.4812481262866
12.0 614.0 389.0 1813.0 7680.273311892627
0.0 1383.0 6.0 20.0 124.69722211425777
4.0 977.0 181.0 1087.0 4134.5640754228725
3.0 1013.0 161.0 1006.0 3799.731569710724
4.0 1126.0 124.0 619.0 2596.549455060662
5.0 330.0 500.0 2751.0 10629.23516516289
10.0 1347.0 22.0 53.0 447.31597442645136
4.0 328.0 497.0 2797.0 10655.41689975944
9.0 991.0 226.0 781.0 4008.3784992714327
10.0 655.0 366.0 1716.0 7250.373057964599
12.0 505.0 414.0 2369.0 8811.751790103754
10.0 1347.0 22.0 53.0 447.31597442645136
3.0 1094.0 148.0 612.0 2977.138909383275
10.0 881.0 259.0 1031.0 5195.51046239581
47.0 1301.0 39.0 145.0 912.5794749517867
13.0 933.0 200.0 1175.0 4608.1378236541705
22.0 641.0 372.0 1755.0 7406.90490285955
16.0 529.0 448.0 1928.0 8647.53358995187
8.0 1074.0 161.0 644.0 3189.129434421372
0.0 1384.0 6.0 18.0 116.7184284548341
18.0 584.0 402.0 1891.0 7976.39564607986
17.0 933.0 199.0 1176.0 4616.526646268986
18.0 787.0 309.0 1283.0 6056.996589628035
18.0 1272.0 56.0 213.0 1147.8772308246264
18.0 948.0 247.0 876.0 4423.67135355641
6.0 849.0 280.0 1114.0 5514.650111594742
3.0 1096.0 146.0 612.0 2959.8946926854624
5.0 1368.0 10.0 40.0 276.1383065738939
5.0 898.0 208.0 1362.0 4981.721495307157
17.0 933.0 199.0 1176.0 4616.526646268986
13.0 958.0 242.0 855.0 4341.227556262938
4.0 327.0 497.0 2806.0 10669.774013223983
8.0 1074.0 161.0 644.0 3189.129434421372
4.0 808.0 262.0 1504.0 5807.9587215304155
2.0 312.0 547.0 2558.0 10832.984825998901
18.0 1270.0 57.0 214.0 1170.6856612045835
45.0 1300.0 38.0 159.0 928.6336223126605
2.0 312.0 547.0 2558.0 10832.984825998901
0.0 413.0 474.0 2459.0 9819.99718188779
0.0 1384.0 6.0 18.0 116.7184284548341
42.0 1303.0 38.0 144.0 890.7383320720422
10.0 1173.0 119.0 409.0 2113.3367444908395
10.0 1348.0 21.0 53.0 440.8768794047289
14.0 616.0 388.0 1812.0 7659.227096427826
11.0 879.0 263.0 1033.0 5212.059374171148
2.0 350.0 522.0 2508.0 10486.349142423864
10.0 688.0 350.0 1583.0 6946.945008448426
0.0 1384.0 6.0 18.0 116.7184284548341
10.0 1346.0 23.0 53.0 456.1503555640693
8.0 766.0 281.0 1647.0 6246.046162637397
6.0 890.0 208.0 1414.0 5040.3730922617715
2.0 319.0 544.0 2537.0 10767.501826982405
6.0 1367.0 10.0 41.0 286.9010649125851
14.0 612.0 392.0 1812.0 7704.367526107748
2.0 312.0 547.0 2558.0 10832.984825998901
17.0 1329.0 30.0 94.0 608.10410987797
4.0 1196.0 93.0 434.0 1863.6199773522287
4.0 1190.0 98.0 438.0 1908.7583426591925
42.0 1303.0 38.0 144.0 890.7383320720422
25.0 1318.0 31.0 124.0 745.8031378226317
4.0 327.0 497.0 2806.0 10669.774013223983
16.0 1042.0 179.0 691.0 3432.3091863597533
18.0 585.0 400.0 1895.0 7965.087478929339
4.0 1195.0 93.0 434.0 1881.4761526007417
2.0 988.0 214.0 838.0 4003.3477217344494
8.0 1074.0 161.0 644.0 3189.129434421372
17.0 1329.0 30.0 94.0 608.10410987797
17.0 586.0 398.0 1904.0 7947.8075753094345
8.0 1074.0 161.0 644.0 3189.129434421372
2.0 988.0 214.0 838.0 4003.3477217344494
4.0 1196.0 93.0 433.0 1866.7908482124724
0.0 1384.0 6.0 18.0 116.7184284548341
2.0 1104.0 130.0 759.0 2819.5368938896518
10.0 1347.0 22.0 53.0 447.31597442645136
9.0 1127.0 141.0 518.0 2619.6488086546865
42.0 1303.0 38.0 144.0 890.7383320720422
17.0 1274.0 55.0 213.0 1135.045564619605
25.0 1318.0 31.0 124.0 745.8031378226317
1.0 282.0 560.0 2674.0 11164.78939063315
1.0 282.0 560.0 2673.0 11170.884149560081
10.0 1345.0 23.0 58.0 471.20117663040367
3.0 253.0 559.0 2892.0 11475.648563234343
18.0 1327.0 25.0 121.0 668.0322523081613
1.0 282.0 560.0 2673.0 11170.884149560081
8.0 767.0 281.0 1638.0 6236.526676807819
17.0 1274.0 55.0 213.0 1135.045564619605
14.0 800.0 302.0 1266.0 5934.553059794377
5.0 1368.0 10.0 40.0 276.1383065738939
3.0 253.0 559.0 2892.0 11475.648563234343
1.0 1377.0 6.0 37.0 184.5077124009662
10.0 1350.0 21.0 51.0 416.25819845975695
3.0 253.0 559.0 2892.0 11475.648563234343
