3.0 1081.0 173.0 590.0 3138.9346170144013
6.0 827.0 303.0 1189.0 5574.454411656159
6.0 827.0 306.0 1174.0 5576.199218005918
2.0 807.0 257.0 1592.0 5861.187075868515
8.0 1218.0 92.0 326.0 1752.9129275651867
2.0 807.0 262.0 1546.0 5841.015988688835
8.0 607.0 391.0 1818.0 7753.191576627524
4.0 649.0 338.0 1979.0 7455.266356846358
90.0 1264.0 74.0 195.0 1324.2240694047637
3.0 313.0 505.0 2904.0 10827.039157804198
5.0 1080.0 175.0 582.0 3150.0526117405493
2.0 808.0 256.0 1596.0 5850.91837490449
84.0 793.0 320.0 1321.0 5890.361604199266
10.0 1040.0 145.0 956.0 3460.7443430944177
5.0 895.0 252.0 1099.0 4899.478093454836
13.0 711.0 346.0 1523.0 6766.715561195682
7.0 979.0 207.0 925.0 4051.8453641057113
11.0 1218.0 93.0 319.0 1754.1769821311702
2.0 806.0 263.0 1546.0 5848.715684037194
5.0 458.0 482.0 2154.0 9317.645739216598
6.0 678.0 324.0 1883.0 7166.09917395311
2.0 344.0 522.0 2565.0 10484.501205164866
1.0 931.0 244.0 963.0 4552.20844685859
0.0 254.0 563.0 2883.0 11432.165951807337
13.0 867.0 224.0 1474.0 5200.697935449613
15.0 565.0 418.0 1907.0 8226.241348614629
2.0 934.0 244.0 952.0 4526.205276977959
6.0 836.0 301.0 1157.0 5483.748419197973
23.0 1258.0 70.0 250.0 1349.9416467656326
4.0 657.0 374.0 1679.0 7304.936568316183
38.0 1030.0 199.0 734.0 3671.238104710664
9.0 1219.0 94.0 311.0 1744.2384850538372
13.0 876.0 279.0 1059.0 5083.001297578164
5.0 832.0 305.0 1155.0 5527.51169786365
1.0 288.0 547.0 2734.0 11052.269866501114
17.0 1263.0 66.0 244.0 1306.69417846696
10.0 453.0 484.0 2161.0 9356.678317183967
0.0 540.0 418.0 2088.0 8465.615241102527
13.0 867.0 223.0 1483.0 5192.099129568478
1.0 289.0 546.0 2734.0 11042.303828126096
7.0 1126.0 100.0 775.0 2641.9385311460396
14.0 1293.0 48.0 198.0 976.9383959531451
9.0 592.0 398.0 1865.0 7924.513851824103
62.0 1002.0 205.0 822.0 3845.8125702498323
85.0 796.0 319.0 1305.0 5863.053716480535
9.0 1219.0 93.0 318.0 1742.8574756820174
171.0 1095.0 142.0 659.0 2892.833656744757
18.0 707.0 345.0 1544.0 6808.933503253067
12.0 1335.0 36.0 49.0 588.7636117882424
4.0 1209.0 83.0 440.0 1820.444400747454
13.0 1334.0 37.0 49.0 597.7001348971972
8.0 1221.0 93.0 309.0 1726.2633570485298
18.0 870.0 221.0 1482.0 5175.075425750662
13.0 711.0 346.0 1522.0 6768.654869261897
3.0 679.0 363.0 1626.0 7080.429380962206
16.0 867.0 222.0 1494.0 5194.908422162343
6.0 1155.0 120.0 489.0 2336.194719769068
10.0 1043.0 144.0 949.0 3434.5603803943295
3.0 928.0 243.0 978.0 4578.259815350203
13.0 877.0 280.0 1052.0 5073.320550543838
1.0 359.0 516.0 2501.0 10348.25140758138
90.0 939.0 200.0 1243.0 4531.4936275909
1.0 1367.0 15.0 23.0 289.3273389308338
14.0 568.0 418.0 1895.0 8196.729315087538
4.0 1210.0 85.0 421.0 1812.876338849073
20.0 1258.0 69.0 257.0 1352.1430032331098
17.0 1136.0 130.0 528.0 2511.820051515836
7.0 458.0 479.0 2159.0 9321.575968679355
13.0 1334.0 36.0 55.0 595.171813766429
5.0 834.0 303.0 1155.0 5511.593034739355
9.0 614.0 385.0 1809.0 7682.613592387893
8.0 746.0 285.0 1726.0 6496.638645040045
15.0 867.0 222.0 1495.0 5192.399890909989
14.0 870.0 223.0 1468.0 5155.099440506857
5.0 1191.0 95.0 452.0 2002.522267455525
6.0 1108.0 157.0 549.0 2878.7583125653373
5.0 456.0 482.0 2162.0 9327.440822264696
1.0 949.0 225.0 982.0 4351.435118972194
0.0 537.0 419.0 2098.0 8498.81715033501
8.0 746.0 284.0 1731.0 6497.205720938527
6.0 1153.0 120.0 494.0 2353.019571721274
17.0 1138.0 129.0 520.0 2497.9828964206586
40.0 1282.0 49.0 223.0 1059.925531840257
9.0 791.0 323.0 1278.0 5943.618695601107
0.0 255.0 562.0 2883.0 11417.559683930866
1.0 945.0 225.0 1006.0 4394.565852657254
13.0 1038.0 148.0 950.0 3482.9420044650733
6.0 826.0 305.0 1187.0 5581.860802427279
6.0 830.0 304.0 1165.0 5541.040414913639
7.0 1129.0 100.0 760.0 2609.430022923671
4.0 448.0 458.0 2360.0 9444.938577639725
7.0 612.0 389.0 1805.0 7711.011762554636
13.0 711.0 344.0 1539.0 6765.414976119175
3.0 677.0 366.0 1629.0 7105.9912492129015
1.0 360.0 515.0 2501.0 10339.217382751736
0.0 531.0 421.0 2127.0 8568.56161521225
4.0 1072.0 179.0 606.0 3248.2760894955627
5.0 1136.0 102.0 706.0 2528.523453157598
12.0 996.0 197.0 874.0 3890.3341483162203
13.0 877.0 279.0 1058.0 5073.56655218329
10.0 453.0 484.0 2161.0 9356.678317183967
11.0 1040.0 146.0 950.0 3463.244459499492
10.0 1040.0 146.0 955.0 3462.5100656967006
3.0 565.0 421.0 1929.0 8209.881562499779
4.0 673.0 326.0 1911.0 7211.904331657969
4.0 1211.0 84.0 421.0 1799.8890879050045
4.0 450.0 457.0 2348.0 9439.899755237995
5.0 260.0 564.0 2827.0 11352.385604665627
4.0 648.0 338.0 1988.0 7463.965992594687
15.0 989.0 203.0 886.0 3942.1860591426025
6.0 610.0 390.0 1811.0 7727.084757634014
3.0 1364.0 16.0 25.0 320.31225781112164
14.0 992.0 202.0 876.0 3909.8400651821244
170.0 1097.0 142.0 651.0 2870.785332889006
2.0 934.0 244.0 952.0 4526.205276977959
4.0 675.0 325.0 1902.0 7193.957946759931
19.0 1285.0 48.0 220.0 1053.989963305795
4.0 1074.0 175.0 610.0 3219.2170794630983
1.0 938.0 239.0 961.0 4476.944805350397
2.0 384.0 490.0 2540.0 10079.710795246241
13.0 710.0 346.0 1531.0 6774.567525686807
37.0 1284.0 48.0 212.0 1049.115919787568
11.0 1218.0 93.0 319.0 1754.1769821311702
13.0 711.0 344.0 1539.0 6765.414976119175
12.0 995.0 198.0 874.0 3897.158212596136
3.0 649.0 338.0 1982.0 7451.174750640263
3.0 311.0 507.0 2904.0 10847.692150582609
1.0 357.0 517.0 2508.0 10363.116861506927
13.0 471.0 445.0 2314.0 9244.926083837545
4.0 1081.0 174.0 582.0 3142.8783429283644
1.0 950.0 224.0 982.0 4340.800376122299
17.0 1027.0 177.0 843.0 3574.6807624846224
15.0 1261.0 67.0 251.0 1329.6120250023503
90.0 939.0 200.0 1243.0 4531.4936275909
21.0 473.0 437.0 2397.0 9241.441906093462
10.0 1042.0 145.0 949.0 3439.8703748313446
17.0 1139.0 128.0 520.0 2488.3352297539795
13.0 708.0 347.0 1539.0 6799.888163509011
14.0 568.0 418.0 1895.0 8196.729315087538
3.0 1086.0 172.0 580.0 3083.595537048081
11.0 1040.0 146.0 958.0 3457.162869805914
7.0 747.0 288.0 1699.0 6482.984120671827
8.0 747.0 285.0 1722.0 6483.8577863437395
3.0 928.0 243.0 978.0 4578.259815350203
2.0 1364.0 17.0 24.0 320.3457136505516
11.0 1340.0 32.0 46.0 543.192085121095
5.0 655.0 377.0 1678.0 7325.268707696503
37.0 1283.0 48.0 220.0 1060.7514446515595
8.0 748.0 284.0 1722.0 6472.926307061344
8.0 746.0 285.0 1726.0 6496.638645040045
4.0 894.0 250.0 1117.0 4904.729964683205
12.0 995.0 198.0 874.0 3897.158212596136
3.0 679.0 363.0 1626.0 7080.429380962206
8.0 1221.0 93.0 309.0 1726.2633570485298
7.0 802.0 257.0 1627.0 5910.558389589248
1.0 287.0 547.0 2738.0 11060.595328012058
0.0 709.0 308.0 1854.0 6789.628674700222
1.0 345.0 519.0 2576.0 10472.78974809832
2.0 284.0 549.0 2747.0 11094.440247656474
18.0 1260.0 68.0 250.0 1329.5003210161242
7.0 1127.0 99.0 775.0 2627.3755803755776
4.0 894.0 252.0 1105.0 4904.6582805792295
13.0 470.0 446.0 2314.0 9251.435219690738
7.0 590.0 400.0 1871.0 7945.265625856272
2.0 1364.0 17.0 24.0 320.3457136505516
37.0 1284.0 48.0 212.0 1049.115919787568
22.0 1258.0 68.0 259.0 1350.2736851917687
0.0 540.0 419.0 2084.0 8462.10920192007
5.0 833.0 304.0 1155.0 5522.50114579066
7.0 1129.0 100.0 760.0 2609.430022923671
18.0 1289.0 48.0 206.0 1013.0437690289914
5.0 828.0 307.0 1173.0 5554.108056545843
1.0 392.0 487.0 2512.0 9998.475558700187
0.0 1367.0 15.0 24.0 290.38586342649074
1.0 359.0 516.0 2501.0 10348.25140758138
7.0 1126.0 101.0 777.0 2635.4442157915614
16.0 1294.0 47.0 198.0 965.2066744186834
2.0 808.0 256.0 1596.0 5850.91837490449
17.0 1138.0 129.0 520.0 2497.9828964206586
7.0 1151.0 122.0 500.0 2380.150430651417
0.0 254.0 563.0 2883.0 11432.165951807337
11.0 1339.0 32.0 50.0 549.5857639957252
5.0 457.0 480.0 2165.0 9333.258283753203
7.0 608.0 390.0 1818.0 7745.838607981935
2.0 407.0 501.0 2343.0 9856.39313652338
7.0 1126.0 101.0 778.0 2632.9966380377596
52.0 1055.0 139.0 945.0 3287.457094553726
12.0 995.0 198.0 874.0 3897.158212596136
13.0 877.0 280.0 1056.0 5072.674845619496
5.0 1136.0 102.0 706.0 2528.523453157598
1.0 298.0 541.0 2726.0 10945.36623470456
12.0 1335.0 36.0 49.0 588.7636117882424
22.0 1288.0 47.0 212.0 1020.8919273021611
5.0 455.0 482.0 2166.0 9339.432261374523
15.0 1265.0 65.0 244.0 1285.4216244858187
5.0 258.0 565.0 2835.0 11374.1772365891
15.0 868.0 222.0 1488.0 5182.763391463468
1.0 948.0 225.0 990.0 4364.309533380047
1.0 1367.0 15.0 23.0 289.3273389308338
7.0 1127.0 100.0 781.0 2620.8662283033077
7.0 1126.0 100.0 775.0 2641.9385311460396
12.0 1337.0 35.0 46.0 571.26614459073
16.0 867.0 222.0 1494.0 5194.908422162343
90.0 939.0 200.0 1243.0 4531.4936275909
3.0 928.0 243.0 978.0 4578.259815350203
8.0 747.0 285.0 1722.0 6483.8577863437395
8.0 1219.0 92.0 325.0 1743.8844483517976
6.0 611.0 389.0 1811.0 7713.152114979731
8.0 1044.0 147.0 929.0 3425.536081123109
35.0 1033.0 197.0 731.0 3626.575907421856
18.0 1289.0 48.0 206.0 1013.0437690289914
4.0 1210.0 83.0 436.0 1811.2830412182486
18.0 1260.0 68.0 250.0 1329.5003210161242
12.0 998.0 195.0 883.0 3861.500670832448
7.0 980.0 206.0 925.0 4043.857441167443
4.0 1192.0 95.0 449.0 1990.2323641258138
0.0 533.0 420.0 2117.0 8540.933036682109
13.0 867.0 223.0 1483.0 5192.099129568478
4.0 895.0 251.0 1105.0 4897.89573357193
4.0 1210.0 83.0 436.0 1811.2830412182486
6.0 836.0 301.0 1157.0 5483.748419197973
5.0 1136.0 100.0 729.0 2517.9978824843524
4.0 1193.0 95.0 445.0 1980.3262808361649
1.0 941.0 237.0 958.0 4449.034586113048
7.0 1046.0 166.0 812.0 3371.3841600523647
1.0 1369.0 11.0 40.0 268.9627161319115
3.0 1089.0 170.0 585.0 3033.655547064577
3.0 1083.0 172.0 582.0 3124.356699149987
0.0 533.0 421.0 2112.0 8541.97611316464
6.0 1154.0 120.0 493.0 2344.9303424549853
2.0 1364.0 17.0 24.0 320.3457136505516
0.0 537.0 419.0 2098.0 8498.81715033501
0.0 1367.0 15.0 24.0 290.38586342649074
4.0 1211.0 84.0 421.0 1799.8890879050045
10.0 1043.0 144.0 949.0 3434.5603803943295
3.0 1080.0 174.0 590.0 3149.718654170744
15.0 1265.0 65.0 244.0 1285.4216244858187
12.0 1337.0 35.0 46.0 571.26614459073
5.0 1135.0 101.0 726.0 2528.2592276125465
19.0 1287.0 47.0 215.0 1036.4879565478327
14.0 1338.0 34.0 46.0 554.5166598513132
1.0 947.0 225.0 997.0 4373.3957728749265
5.0 1165.0 116.0 475.0 2230.0056485960545
11.0 1340.0 32.0 46.0 543.192085121095
3.0 1089.0 170.0 585.0 3033.655547064577
1.0 406.0 502.0 2344.0 9865.984574697686
3.0 1081.0 173.0 590.0 3138.9346170144013
5.0 1166.0 114.0 480.0 2217.1321148632996
19.0 1286.0 47.0 220.0 1042.7731352386434
4.0 658.0 374.0 1678.0 7293.0162551392095
3.0 1085.0 172.0 581.0 3094.1565010296813
4.0 1210.0 83.0 436.0 1811.2830412182486
5.0 833.0 304.0 1155.0 5522.50114579066
2.0 806.0 263.0 1546.0 5848.715684037194
1.0 1369.0 10.0 47.0 267.35189595694857
11.0 1340.0 32.0 46.0 543.192085121095
0.0 1368.0 15.0 23.0 281.35738421310157
5.0 1166.0 114.0 480.0 2217.1321148632996
3.0 1089.0 170.0 585.0 3033.655547064577
4.0 449.0 458.0 2348.0 9451.129765761936
2.0 1365.0 16.0 24.0 308.1494744234089
11.0 1340.0 32.0 46.0 543.192085121095
1.0 1369.0 10.0 47.0 267.35189595694857
4.0 895.0 251.0 1105.0 4897.89573357193
0.0 1375.0 8.0 71.0 208.27377543895471
0.0 1368.0 15.0 23.0 281.35738421310157
0.0 1375.0 8.0 71.0 208.27377543895471
0.0 1375.0 8.0 71.0 208.27377543895471
0.0 1375.0 8.0 71.0 208.27377543895471
4.0 447.0 458.0 2365.0 9456.648506276539
19.0 1287.0 47.0 215.0 1036.4879565478327
0.0 1375.0 8.0 71.0 208.27377543895471
0.0 1375.0 8.0 71.0 208.27377543895471
4.0 894.0 251.0 1105.0 4909.560003076851
0.0 1375.0 8.0 71.0 208.27377543895471
4.0 1191.0 96.0 451.0 1998.3675558679226
0.0 1375.0 8.0 71.0 208.27377543895471
0.0 1368.0 15.0 23.0 281.35738421310157
0.0 1375.0 8.0 71.0 208.27377543895471
2.0 1365.0 16.0 24.0 308.1494744234089
1.0 1369.0 10.0 47.0 267.35189595694857
18.0 1291.0 47.0 206.0 987.4877966876359
5.0 1164.0 116.0 480.0 2230.8579652732315
8.0 1222.0 93.0 312.0 1718.3840133361612
4.0 1193.0 95.0 445.0 1980.3262808361649
8.0 1044.0 147.0 929.0 3425.536081123109
6.0 1156.0 119.0 489.0 2330.3270681312524
2.0 309.0 508.0 2909.0 10860.997725951287
1.0 1369.0 10.0 47.0 267.35189595694857
0.0 258.0 563.0 2853.0 11378.19624309675
6.0 1156.0 119.0 489.0 2330.3270681312524
16.0 1293.0 47.0 201.0 972.5676936684717
0.0 260.0 562.0 2843.0 11349.850377219966
0.0 1375.0 8.0 71.0 208.27377543895471
