34.0 758.0 323.0 1363.0 6177.325021185857
10.0 1097.0 116.0 846.0 2896.5030040065008
25.0 831.0 285.0 1208.0 5494.476832514724
8.0 1123.0 106.0 732.0 2663.3165019564844
43.0 1224.0 79.0 308.0 1710.8774976425136
4.0 979.0 193.0 932.0 4023.644386523191
8.0 675.0 370.0 1566.0 7135.906166610574
3.0 660.0 315.0 2175.0 7297.984335969363
26.0 792.0 308.0 1298.0 5850.363426989055
7.0 881.0 218.0 1370.0 5028.483071144995
11.0 1074.0 181.0 571.0 3148.970956018569
10.0 1097.0 115.0 856.0 2898.420896751942
7.0 1127.0 108.0 680.0 2617.791227895165
5.0 438.0 478.0 2243.0 9558.121369782082
6.0 589.0 416.0 1762.0 7933.860109543698
2.0 524.0 437.0 2042.0 8610.935828965798
13.0 1352.0 21.0 38.0 443.8642682521021
41.0 1222.0 81.0 312.0 1747.290398332375
10.0 881.0 218.0 1372.0 5028.030013515908
24.0 849.0 277.0 1157.0 5339.548453471762
11.0 1075.0 180.0 571.0 3135.1948386104223
8.0 343.0 528.0 2533.0 10479.536300475542
11.0 1350.0 22.0 40.0 459.7275207850472
5.0 674.0 306.0 2144.0 7163.889089035413
12.0 1168.0 119.0 446.0 2185.3211485716065
306.0 860.0 207.0 1584.0 5349.229985440686
15.0 1272.0 56.0 250.0 1239.7047182472365
11.0 1139.0 102.0 657.0 2510.1749902236943
12.0 613.0 407.0 1675.0 7704.396560834987
8.0 1000.0 178.0 903.0 3832.962820641639
1.0 376.0 492.0 2543.0 10166.712857550709
0.0 1377.0 10.0 28.0 186.89545251334332
2.0 398.0 507.0 2336.0 9977.609571779694
48.0 1297.0 35.0 167.0 958.1145831231092
1.0 528.0 439.0 2010.0 8579.222342377761
2.0 1378.0 11.0 21.0 178.87884167060193
39.0 1228.0 75.0 315.0 1697.1197878358705
1.0 397.0 507.0 2346.0 9975.33153351507
9.0 1005.0 174.0 905.0 3768.080322345862
46.0 1296.0 36.0 159.0 964.2008114783046
4.0 477.0 453.0 2213.0 9069.247656961374
4.0 1128.0 107.0 681.0 2612.792517285586
11.0 1168.0 119.0 450.0 2175.618686280144
7.0 1356.0 19.0 35.0 403.1498396175282
15.0 619.0 401.0 1673.0 7648.999347448985
18.0 1284.0 50.0 211.0 1115.1077937958016
7.0 478.0 456.0 2179.0 9069.198722569485
1.0 397.0 507.0 2346.0 9975.33153351507
3.0 1141.0 100.0 667.0 2501.7239006152345
5.0 438.0 477.0 2250.0 9560.302515382387
6.0 438.0 478.0 2243.0 9551.535658552815
1.0 256.0 555.0 2916.0 11427.988332194924
2.0 1372.0 10.0 37.0 236.55363120202568
17.0 1045.0 154.0 854.0 3351.305322801568
15.0 1268.0 59.0 251.0 1285.8095388349368
19.0 1042.0 155.0 860.0 3380.507110871868
43.0 1302.0 35.0 143.0 922.5037304776179
22.0 1266.0 61.0 255.0 1299.50451127429
0.0 287.0 532.0 2868.0 11051.193152429041
5.0 675.0 306.0 2135.0 7150.131851346635
12.0 613.0 406.0 1679.0 7705.9752916426705
3.0 659.0 316.0 2177.0 7309.839437876982
34.0 1318.0 31.0 108.0 769.2095461526824
14.0 612.0 406.0 1679.0 7708.097685549053
1254.0 819.0 313.0 1122.0 5711.7890841735025
1.0 1373.0 10.0 33.0 221.75690736846067
1.0 256.0 555.0 2916.0 11427.988332194924
9.0 1005.0 173.0 912.0 3777.4719090322033
1.0 1379.0 11.0 17.0 173.54665663148037
6.0 951.0 206.0 1041.0 4290.264141777192
8.0 877.0 220.0 1373.0 5075.706704893481
22.0 833.0 238.0 1494.0 5513.322355026135
19.0 1042.0 156.0 858.0 3375.720632623023
1.0 1379.0 11.0 17.0 173.54665663148037
15.0 1163.0 123.0 443.0 2224.0393019879334
41.0 1228.0 77.0 301.0 1673.694679982798
11.0 1173.0 118.0 438.0 2144.2196749532845
6.0 587.0 418.0 1764.0 7962.982298430355
4.0 478.0 454.0 2202.0 9058.54127067619
0.0 1377.0 10.0 28.0 186.89545251334332
11.0 1074.0 180.0 575.0 3149.961909264757
21.0 776.0 249.0 1831.0 6169.694921042007
13.0 1086.0 173.0 557.0 3047.213093822195
41.0 1227.0 78.0 301.0 1689.2489637064484
14.0 1161.0 123.0 450.0 2237.1386862280347
33.0 757.0 325.0 1357.0 6175.760108501081
1.0 1371.0 11.0 33.0 241.8302040420943
23.0 852.0 275.0 1158.0 5293.105272158553
4.0 1139.0 102.0 663.0 2505.0108437495837
1.0 377.0 492.0 2537.0 10154.907207745391
5.0 672.0 307.0 2145.0 7176.407286397426
17.0 919.0 255.0 939.0 4715.061491149414
19.0 800.0 242.0 1741.0 5909.497702105972
16.0 1286.0 51.0 201.0 1092.9787044100135
1.0 1379.0 11.0 17.0 173.54665663148037
2.0 271.0 563.0 2753.0 11245.02565170267
12.0 1168.0 119.0 446.0 2185.3211485716065
5.0 439.0 478.0 2235.0 9550.269405290957
7.0 586.0 417.0 1762.0 7970.418166386765
13.0 1139.0 98.0 692.0 2533.716969479327
45.0 1297.0 37.0 153.0 958.069090554995
49.0 1302.0 35.0 147.0 920.3681027201148
8.0 674.0 371.0 1568.0 7139.323545609701
2.0 273.0 562.0 2746.0 11230.953931530927
7.0 376.0 492.0 2537.0 10165.91442871965
40.0 1228.0 76.0 307.0 1672.3662459914278
6.0 1124.0 106.0 727.0 2647.623407063235
13.0 1087.0 172.0 557.0 3039.5799416082486
12.0 686.0 366.0 1527.0 7034.944774582684
19.0 858.0 290.0 1081.0 5300.344798190678
3.0 1362.0 16.0 46.0 303.7903341531519
7.0 585.0 416.0 1776.0 7984.309726754739
10.0 732.0 344.0 1402.0 6542.705969425938
5.0 676.0 306.0 2130.0 7141.125450379234
47.0 1295.0 38.0 156.0 975.0569945216937
4.0 979.0 193.0 932.0 4023.644386523191
19.0 1041.0 156.0 860.0 3386.6336997137428
2.0 386.0 488.0 2517.0 10060.747837627621
19.0 800.0 242.0 1741.0 5909.497702105972
11.0 1062.0 188.0 606.0 3298.006459762862
9.0 879.0 220.0 1363.0 5055.997992272179
12.0 613.0 406.0 1679.0 7705.9752916426705
24.0 792.0 307.0 1306.0 5851.29181359621
22.0 1016.0 168.0 890.0 3596.2194999054136
10.0 734.0 343.0 1398.0 6524.5609261808
24.0 793.0 305.0 1309.0 5849.926877726979
3.0 1141.0 100.0 667.0 2501.7239006152345
5.0 1126.0 104.0 727.0 2631.4254677322765
5.0 438.0 478.0 2243.0 9558.121369782082
1.0 256.0 555.0 2916.0 11427.988332194924
1.0 256.0 555.0 2916.0 11427.988332194924
37.0 1229.0 76.0 301.0 1664.8028973345697
11.0 612.0 405.0 1690.0 7709.417581567744
11.0 1061.0 188.0 610.0 3313.156650899014
11.0 727.0 347.0 1420.0 6595.281591182789
22.0 1017.0 167.0 894.0 3604.634173649382
2.0 265.0 564.0 2784.0 11308.616177823047
21.0 776.0 249.0 1831.0 6169.694921042007
11.0 1350.0 22.0 40.0 459.7275207850472
7.0 585.0 417.0 1770.0 7980.916485141251
2.0 527.0 439.0 2015.0 8585.554403150458
11.0 1074.0 181.0 571.0 3148.970956018569
3.0 1366.0 13.0 40.0 274.17204291846315
19.0 836.0 234.0 1508.0 5475.135028261254
25.0 768.0 255.0 1821.0 6230.06679141919
33.0 757.0 325.0 1357.0 6175.760108501081
4.0 562.0 425.0 1909.0 8253.372991722426
1.0 1379.0 11.0 17.0 173.54665663148037
40.0 1226.0 78.0 303.0 1693.5991901821665
1.0 528.0 439.0 2010.0 8579.222342377761
21.0 776.0 249.0 1831.0 6169.694921042007
0.0 324.0 529.0 2638.0 10671.96231082626
25.0 843.0 281.0 1167.0 5390.286898364345
17.0 1043.0 155.0 863.0 3370.122104655603
23.0 851.0 276.0 1158.0 5305.428250788368
13.0 1163.0 124.0 441.0 2227.173834462753
3.0 660.0 315.0 2175.0 7297.984335969363
11.0 1075.0 180.0 571.0 3135.1948386104223
23.0 850.0 277.0 1152.0 5326.753392518512
17.0 918.0 257.0 921.0 4740.995610329808
6.0 952.0 206.0 1036.0 4278.304980051639
14.0 1161.0 123.0 450.0 2237.1386862280347
5.0 1140.0 100.0 668.0 2510.5486202111056
9.0 1004.0 174.0 912.0 3788.592585147027
1.0 1379.0 11.0 17.0 173.54665663148037
16.0 1285.0 49.0 215.0 1108.5210298779025
21.0 1335.0 27.0 81.0 575.2793966625412
10.0 1098.0 114.0 856.0 2893.4104234494084
33.0 759.0 322.0 1364.0 6163.151476676861
1.0 1379.0 11.0 17.0 173.54665663148037
23.0 1333.0 29.0 79.0 588.6656484221489
33.0 1319.0 30.0 108.0 754.9379055015102
11.0 1076.0 179.0 571.0 3127.552919838614
40.0 1225.0 79.0 305.0 1716.3539429063467
15.0 1269.0 59.0 251.0 1267.117118427687
45.0 1296.0 37.0 156.0 965.9977551597708
13.0 616.0 402.0 1683.0 7675.248119660412
17.0 1044.0 155.0 854.0 3364.5777011392283
37.0 1230.0 76.0 300.0 1657.598058948179
18.0 835.0 236.0 1501.0 5480.292063842758
5.0 671.0 308.0 2146.0 7191.358976095381
6.0 952.0 206.0 1033.0 4280.065131265562
22.0 1336.0 27.0 75.0 565.548180680563
13.0 1164.0 123.0 442.0 2218.851536097282
17.0 1042.0 155.0 868.0 3382.814574744193
17.0 915.0 258.0 930.0 4765.761500071936
33.0 757.0 323.0 1365.0 6184.918236445462
14.0 890.0 235.0 1170.0 4946.866362151511
13.0 1162.0 123.0 448.0 2240.543682757864
33.0 1319.0 30.0 108.0 754.9379055015102
15.0 1272.0 57.0 241.0 1236.2281078094911
12.0 613.0 406.0 1679.0 7705.9752916426705
0.0 1377.0 10.0 28.0 186.89545251334332
3.0 1138.0 101.0 672.0 2527.650166624078
4.0 476.0 455.0 2207.0 9077.251752673925
20.0 1269.0 58.0 251.0 1273.7416677101576
1.0 1378.0 12.0 17.0 181.04923348503297
37.0 1229.0 76.0 301.0 1664.8028973345697
43.0 1224.0 80.0 305.0 1738.2709087138462
11.0 1095.0 116.0 857.0 2926.245042601238
11.0 1061.0 188.0 610.0 3313.156650899014
8.0 997.0 178.0 922.0 3855.903066379041
13.0 890.0 222.0 1262.0 4865.004580106621
33.0 1319.0 30.0 108.0 754.9379055015102
4.0 977.0 194.0 932.0 4033.4640586484493
4.0 976.0 190.0 975.0 4064.136027475088
2.0 268.0 563.0 2770.0 11270.106244775612
1.0 1379.0 11.0 17.0 173.54665663148037
19.0 911.0 260.0 944.0 4801.079965055173
0.0 324.0 529.0 2638.0 10671.96231082626
2.0 271.0 563.0 2753.0 11245.02565170267
5.0 1126.0 105.0 719.0 2637.869141835207
8.0 674.0 370.0 1572.0 7140.886460113346
14.0 920.0 254.0 938.0 4708.046193660755
37.0 1230.0 76.0 300.0 1657.598058948179
0.0 327.0 528.0 2622.0 10643.409386849135
24.0 793.0 306.0 1306.0 5845.613377415228
11.0 728.0 346.0 1418.0 6581.020465132088
5.0 959.0 199.0 1044.0 4207.461230350782
12.0 1168.0 119.0 446.0 2185.3211485716065
0.0 344.0 518.0 2580.0 10495.723272108427
10.0 726.0 346.0 1427.0 6612.431141178568
1.0 1379.0 11.0 17.0 173.54665663148037
0.0 341.0 522.0 2574.0 10527.283199764131
2.0 523.0 438.0 2043.0 8621.906546855795
10.0 732.0 343.0 1411.0 6546.355301919016
5.0 434.0 480.0 2258.0 9607.666108961352
8.0 1000.0 178.0 903.0 3832.962820641639
4.0 476.0 455.0 2207.0 9077.251752673925
13.0 1164.0 123.0 442.0 2218.851536097282
76.0 1198.0 92.0 407.0 1936.8273979267162
14.0 1162.0 122.0 450.0 2238.095072131221
13.0 1164.0 123.0 442.0 2218.851536097282
4.0 974.0 192.0 975.0 4078.1164630371372
37.0 1230.0 76.0 300.0 1657.598058948179
22.0 1336.0 27.0 75.0 565.548180680563
4.0 1130.0 106.0 679.0 2594.2712118849377
45.0 1299.0 35.0 153.0 938.0728815463203
4.0 978.0 193.0 940.0 4034.003280123666
5.0 959.0 199.0 1044.0 4207.461230350782
1.0 1373.0 10.0 33.0 221.75690736846067
7.0 1356.0 19.0 35.0 403.1498396175282
1.0 377.0 492.0 2537.0 10154.907207745391
1.0 1379.0 11.0 17.0 173.54665663148037
3.0 1141.0 100.0 667.0 2501.7239006152345
33.0 1319.0 30.0 108.0 754.9379055015102
13.0 1086.0 173.0 557.0 3047.213093822195
44.0 1300.0 35.0 150.0 930.9296171165611
10.0 685.0 367.0 1527.0 7040.444359671561
12.0 730.0 344.0 1412.0 6569.879452077727
33.0 1319.0 30.0 108.0 754.9379055015102
8.0 674.0 370.0 1572.0 7140.886460113346
9.0 1354.0 20.0 36.0 420.592077735049
1.0 1379.0 11.0 17.0 173.54665663148037
1.0 1373.0 10.0 33.0 221.75690736846067
21.0 776.0 249.0 1831.0 6169.694921042007
1.0 1373.0 10.0 33.0 221.75690736846067
2.0 527.0 439.0 2015.0 8585.554403150458
17.0 916.0 258.0 930.0 4755.757506776245
9.0 1097.0 115.0 856.0 2905.016701573338
22.0 779.0 247.0 1829.0 6130.536490082525
12.0 617.0 402.0 1682.0 7668.887724129546
12.0 893.0 220.0 1262.0 4836.430561079784
12.0 891.0 221.0 1266.0 4856.537515096407
10.0 687.0 366.0 1527.0 7025.533131727236
10.0 917.0 215.0 1178.0 4656.221879936621
17.0 916.0 258.0 930.0 4755.757506776245
21.0 776.0 249.0 1831.0 6169.694921042007
25.0 832.0 282.0 1211.0 5492.235135348024
18.0 836.0 237.0 1483.0 5474.650920135776
23.0 851.0 276.0 1158.0 5305.428250788368
1.0 1379.0 11.0 17.0 173.54665663148037
0.0 282.0 532.0 2909.0 11109.991672635864
17.0 916.0 258.0 930.0 4755.757506776245
10.0 687.0 366.0 1527.0 7025.533131727236
12.0 892.0 221.0 1262.0 4846.5240345152415
12.0 892.0 221.0 1261.0 4850.118712522718
25.0 832.0 284.0 1208.0 5488.842152020527
35.0 1234.0 75.0 294.0 1636.8766469782015
17.0 916.0 258.0 930.0 4755.757506776245
1.0 1379.0 11.0 17.0 173.54665663148037
43.0 1303.0 35.0 137.0 909.9512930028538
35.0 1234.0 75.0 294.0 1636.8766469782015
2.0 267.0 563.0 2774.0 11283.788374109288
10.0 917.0 215.0 1178.0 4656.221879936621
2.0 409.0 496.0 2333.0 9857.077760655005
1.0 1373.0 10.0 33.0 221.75690736846067
17.0 832.0 239.0 1498.0 5518.0940460231
2.0 265.0 564.0 2784.0 11308.616177823047
0.0 255.0 557.0 2923.0 11435.993560557716
