2.0 422.0 475.0 2346.0 9644.35578249462
0.0 1048.0 158.0 797.0 3383.5166077454596
9.0 965.0 186.0 1141.0 4265.050909102497
3.0 1339.0 25.0 77.0 546.7224624533508
7.0 465.0 462.0 2204.0 9185.122622621284
17.0 982.0 220.0 785.0 4047.9129772036727
2.0 829.0 262.0 1410.0 5535.839524962774
9.0 964.0 187.0 1136.0 4272.821410827265
12.0 996.0 202.0 812.0 3857.628950391775
18.0 976.0 221.0 805.0 4091.6339340649333
1.0 254.0 561.0 2893.0 11447.568005102836
5.0 637.0 342.0 2015.0 7564.579226339955
6.0 1169.0 131.0 347.0 2240.4925954616865
11.0 1011.0 210.0 726.0 3727.944783845773
26.0 1253.0 58.0 344.0 1395.4495658163796
10.0 1315.0 33.0 130.0 761.718544930611
6.0 1289.0 54.0 170.0 1041.7743105691254
2.0 1122.0 140.0 502.0 2703.8163095602195
7.0 1317.0 33.0 120.0 749.484914031447
24.0 1241.0 93.0 195.0 1479.0056458450208
21.0 975.0 221.0 811.0 4102.763613635188
23.0 1252.0 58.0 355.0 1408.7874104570678
17.0 981.0 222.0 784.0 4054.067806713039
0.0 1379.0 7.0 32.0 152.98708947053754
2.0 1118.0 140.0 519.0 2745.3822234533272
13.0 1267.0 63.0 239.0 1238.3653641212954
9.0 619.0 388.0 1773.0 7696.694504864942
9.0 1353.0 17.0 55.0 414.67896358756406
7.0 1136.0 118.0 571.0 2534.5169221856445
4.0 1355.0 15.0 52.0 400.2897189415061
6.0 1170.0 130.0 347.0 2225.5173666956875
5.0 635.0 342.0 2016.0 7601.284475261086
5.0 1354.0 18.0 49.0 399.1623271839119
1.0 713.0 320.0 1676.0 6661.871582497198
1.0 709.0 321.0 1695.0 6696.643737867346
21.0 872.0 281.0 1044.0 5142.8803918648755
0.0 774.0 301.0 1421.0 6157.708923156338
11.0 619.0 386.0 1776.0 7702.952362264264
11.0 1171.0 102.0 484.0 2218.3064470581708
2.0 416.0 483.0 2331.0 9713.890822916705
15.0 574.0 407.0 1901.0 8148.260744304842
15.0 575.0 407.0 1896.0 8140.502034011115
27.0 1210.0 89.0 339.0 1853.9599829369536
9.0 1311.0 37.0 121.0 807.9848092992805
23.0 975.0 221.0 811.0 4099.700053305757
9.0 621.0 386.0 1773.0 7671.318180442643
6.0 1168.0 132.0 347.0 2248.122539277385
3.0 1089.0 143.0 666.0 2940.467340550728
20.0 1244.0 93.0 186.0 1460.663321181747
66.0 927.0 248.0 932.0 4578.969640817267
2.0 875.0 242.0 1275.0 5072.55332240742
22.0 866.0 283.0 1059.0 5201.765707921685
8.0 310.0 540.0 2625.0 10827.181390757969
3.0 1089.0 143.0 666.0 2940.467340550728
21.0 866.0 284.0 1059.0 5202.274973509388
4.0 1154.0 124.0 449.0 2380.478531489293
14.0 951.0 196.0 1126.0 4393.0886384492005
18.0 980.0 221.0 789.0 4063.9837949714197
2.0 418.0 481.0 2331.0 9694.257104721355
31.0 1210.0 88.0 344.0 1848.2926647718166
10.0 1308.0 39.0 141.0 832.0334276009453
26.0 1206.0 91.0 354.0 1880.6402000499913
20.0 749.0 285.0 1727.0 6434.691326174413
9.0 963.0 187.0 1141.0 4284.546094056699
3.0 343.0 520.0 2519.0 10489.800732634625
22.0 867.0 285.0 1052.0 5191.183133661515
1.0 917.0 213.0 1238.0 4713.909529792837
7.0 466.0 461.0 2207.0 9170.879701782267
1.0 546.0 420.0 1973.0 8453.113678939573
12.0 1014.0 207.0 722.0 3690.2236562206103
1.0 306.0 542.0 2640.0 10887.315121581005
15.0 580.0 405.0 1890.0 8082.676068669642
3.0 344.0 520.0 2516.0 10479.920995205859
5.0 667.0 361.0 1633.0 7198.283257078127
12.0 993.0 203.0 826.0 3879.1322023894654
21.0 871.0 282.0 1044.0 5152.823047629698
14.0 577.0 406.0 1891.0 8126.172910784672
3.0 416.0 483.0 2328.0 9720.300828149268
2.0 287.0 522.0 2953.0 11059.743129867133
4.0 833.0 265.0 1334.0 5477.534777021177
1.0 381.0 500.0 2453.0 10068.516168242526
0.0 761.0 310.0 1450.0 6264.060918754255
2.0 423.0 475.0 2340.0 9646.940841472853
5.0 1364.0 11.0 40.0 312.0128998967527
6.0 1168.0 128.0 369.0 2222.221151957331
26.0 1207.0 91.0 352.0 1862.3709571555908
9.0 1312.0 37.0 121.0 796.9644702732846
14.0 1266.0 63.0 239.0 1250.609415295596
11.0 1132.0 118.0 593.0 2578.1245226893316
2.0 1366.0 10.0 40.0 295.86020282784096
3.0 653.0 366.0 1681.0 7337.129329333264
21.0 867.0 283.0 1057.0 5183.132948348402
7.0 483.0 444.0 2195.0 9070.999641744018
2.0 1016.0 171.0 903.0 3687.0990461562583
22.0 1232.0 98.0 211.0 1587.002058223835
2.0 254.0 562.0 2886.0 11440.175423563947
6.0 484.0 443.0 2201.0 9064.835676921828
3.0 938.0 246.0 921.0 4479.331058370602
11.0 1173.0 102.0 475.0 2202.0114371059058
20.0 1253.0 58.0 346.0 1395.7685384829686
12.0 1267.0 63.0 238.0 1244.5360556265596
4.0 1011.0 172.0 926.0 3732.7592869199207
43.0 1283.0 59.0 147.0 1092.9871955030178
3.0 1073.0 153.0 707.0 3101.574284854106
7.0 1315.0 34.0 124.0 766.0380847504607
18.0 976.0 221.0 805.0 4091.6339340649333
11.0 1012.0 209.0 726.0 3719.7331047570146
1.0 1074.0 152.0 711.0 3089.3632210054116
1.0 709.0 321.0 1695.0 6696.643737867346
1.0 265.0 560.0 2814.0 11332.195680855462
30.0 1211.0 88.0 349.0 1838.9745707340526
2.0 1120.0 141.0 507.0 2722.3430899021523
0.0 544.0 413.0 2043.0 8452.759446015938
1.0 254.0 561.0 2893.0 11447.568005102836
4.0 676.0 352.0 1641.0 7121.225321369804
6.0 1292.0 53.0 165.0 1004.8728208078352
8.0 1313.0 36.0 121.0 793.5987535915839
3.0 1089.0 143.0 666.0 2940.467340550728
3.0 831.0 267.0 1334.0 5497.926115881862
1.0 1077.0 151.0 700.0 3056.650050506746
2.0 1120.0 140.0 507.0 2723.620024511777
26.0 1208.0 90.0 352.0 1857.2175869181808
5.0 666.0 362.0 1633.0 7208.2762779486575
3.0 1357.0 14.0 47.0 380.89033327197745
12.0 1283.0 56.0 194.0 1088.047366921603
10.0 812.0 272.0 1435.0 5698.8447995484985
20.0 1253.0 58.0 346.0 1395.7685384829686
34.0 1226.0 103.0 223.0 1650.0472592975432
6.0 483.0 445.0 2194.0 9070.425968927239
5.0 634.0 343.0 2021.0 7597.155524961411
0.0 761.0 310.0 1450.0 6264.060918754255
8.0 461.0 463.0 2223.0 9220.427801000635
1.0 711.0 321.0 1684.0 6675.140325145013
11.0 1175.0 100.0 488.0 2167.6872224674667
1.0 385.0 495.0 2459.0 10029.333493525502
21.0 1243.0 93.0 189.0 1465.052031038377
5.0 673.0 355.0 1638.0 7145.3829595501575
2.0 1120.0 141.0 503.0 2730.1403274292334
5.0 666.0 363.0 1631.0 7210.725009847856
0.0 771.0 295.0 1468.0 6185.124352211296
8.0 1136.0 117.0 579.0 2532.675180781494
2.0 1019.0 169.0 898.0 3653.3824181336663
3.0 1365.0 10.0 40.0 301.18929217930963
3.0 1091.0 141.0 669.0 2923.6926781270363
1.0 1079.0 149.0 700.0 3034.430764486992
6.0 1289.0 55.0 169.0 1036.0563246966672
3.0 1339.0 25.0 77.0 546.7224624533508
20.0 1246.0 91.0 186.0 1441.1541523025803
6.0 1171.0 127.0 359.0 2193.731944673632
0.0 1380.0 7.0 31.0 147.39740402765824
1.0 707.0 322.0 1709.0 6712.099109876967
6.0 1289.0 54.0 170.0 1041.7743105691254
7.0 1136.0 118.0 571.0 2534.5169221856445
13.0 1258.0 69.0 252.0 1320.2148821898643
0.0 909.0 217.0 1263.0 4788.2624014372595
9.0 1358.0 13.0 52.0 366.0394017577838
8.0 1318.0 32.0 121.0 738.37258909721
6.0 482.0 444.0 2202.0 9085.044876704795
5.0 669.0 359.0 1633.0 7186.398769505346
0.0 745.0 320.0 1495.0 6405.1081227722025
7.0 741.0 320.0 1510.0 6439.2752798552065
22.0 867.0 285.0 1052.0 5191.183133661515
2.0 260.0 561.0 2838.0 11390.220404860884
0.0 919.0 212.0 1236.0 4686.974088043153
1.0 707.0 323.0 1695.0 6720.351406020852
4.0 1357.0 14.0 55.0 374.61981234537825
5.0 690.0 349.0 1626.0 6947.726951381216
55.0 926.0 249.0 925.0 4589.993022501039
2.0 1121.0 140.0 503.0 2718.47828945959
2.0 287.0 522.0 2953.0 11059.743129867133
7.0 1137.0 118.0 567.0 2527.910444169544
21.0 871.0 282.0 1044.0 5152.823047629698
0.0 770.0 296.0 1468.0 6199.395992862467
3.0 832.0 267.0 1328.0 5491.342162480473
3.0 1090.0 142.0 666.0 2931.6158397772947
2.0 1020.0 169.0 893.0 3639.6004606663523
2.0 875.0 241.0 1281.0 5079.415842203456
3.0 838.0 264.0 1315.0 5422.914316102068
0.0 772.0 302.0 1431.0 6179.153512182637
15.0 575.0 407.0 1896.0 8140.502034011115
0.0 918.0 213.0 1236.0 4700.853592237502
3.0 937.0 247.0 923.0 4486.697127640756
5.0 668.0 360.0 1633.0 7193.607424700828
1.0 265.0 560.0 2814.0 11332.195680855462
2.0 420.0 476.0 2352.0 9674.20237419467
0.0 915.0 212.0 1271.0 4734.7939195030585
10.0 859.0 265.0 1186.0 5247.0607728250625
6.0 484.0 443.0 2201.0 9064.835676921828
0.0 1045.0 160.0 804.0 3417.918292962754
5.0 636.0 342.0 2016.0 7575.341984678646
1.0 380.0 501.0 2453.0 10077.9110099227
21.0 868.0 284.0 1052.0 5175.66975141991
7.0 1317.0 33.0 120.0 749.484914031447
7.0 1137.0 118.0 567.0 2527.910444169544
12.0 1014.0 207.0 722.0 3690.2236562206103
9.0 965.0 187.0 1134.0 4266.149334903298
2.0 1122.0 139.0 505.0 2707.055127255843
11.0 1173.0 102.0 475.0 2202.0114371059058
3.0 654.0 366.0 1679.0 7324.965733068284
7.0 463.0 463.0 2210.0 9205.980911463248
3.0 939.0 245.0 921.0 4469.990649071761
0.0 1045.0 162.0 791.0 3414.4964867355793
1.0 259.0 561.0 2848.0 11403.422915425432
3.0 344.0 520.0 2516.0 10479.920995205859
3.0 938.0 246.0 921.0 4479.331058370602
4.0 935.0 247.0 929.0 4505.400510519891
2.0 1123.0 139.0 502.0 2696.992245280304
0.0 773.0 298.0 1448.0 6165.946237734773
2.0 416.0 483.0 2331.0 9713.890822916705
1.0 1077.0 151.0 700.0 3056.650050506746
12.0 994.0 203.0 818.0 3871.545233920985
7.0 1137.0 118.0 567.0 2527.910444169544
2.0 1366.0 10.0 40.0 295.86020282784096
11.0 1176.0 100.0 485.0 2157.807485038699
0.0 543.0 423.0 1987.0 8479.513604330636
3.0 1092.0 141.0 666.0 2914.819974280105
4.0 1011.0 172.0 926.0 3732.7592869199207
10.0 859.0 265.0 1186.0 5247.0607728250625
0.0 1379.0 7.0 32.0 152.98708947053754
0.0 762.0 310.0 1448.0 6256.051707537698
6.0 1169.0 131.0 347.0 2240.4925954616865
12.0 1011.0 207.0 732.0 3717.742530129752
0.0 1047.0 159.0 797.0 3389.1157305642128
0.0 545.0 422.0 1980.0 8459.239859254714
0.0 1055.0 158.0 765.0 3338.9661442668626
12.0 1014.0 207.0 722.0 3690.2236562206103
11.0 1176.0 101.0 475.0 2161.8198195824975
9.0 620.0 387.0 1773.0 7683.983495986139
20.0 1254.0 58.0 344.0 1388.208891494721
6.0 1169.0 131.0 347.0 2240.4925954616865
0.0 1045.0 162.0 791.0 3414.4964867355793
1.0 709.0 321.0 1695.0 6696.643737867346
3.0 1015.0 170.0 922.0 3682.1848635727742
0.0 747.0 318.0 1495.0 6392.6730459456185
2.0 1340.0 25.0 77.0 533.2240984219594
25.0 1232.0 99.0 203.0 1573.0686572532786
27.0 1212.0 89.0 338.0 1827.0710300375938
2.0 1019.0 170.0 893.0 3655.6440201720466
0.0 914.0 213.0 1267.0 4743.40494247964
0.0 769.0 297.0 1468.0 6212.879566076259
2.0 803.0 295.0 1362.0 5754.681242160142
0.0 1043.0 161.0 810.0 3429.5716493469
6.0 1292.0 53.0 165.0 1004.8728208078352
13.0 1258.0 69.0 252.0 1320.2148821898643
13.0 1259.0 69.0 246.0 1311.7933051739744
2.0 875.0 242.0 1275.0 5072.55332240742
0.0 1056.0 157.0 767.0 3323.5799858729165
0.0 910.0 216.0 1263.0 4779.3258783283045
3.0 837.0 265.0 1315.0 5436.629737741914
0.0 1380.0 7.0 31.0 147.39740402765824
0.0 541.0 415.0 2051.0 8487.575010975157
2.0 287.0 522.0 2953.0 11059.743129867133
4.0 1153.0 124.0 459.0 2393.681042053842
3.0 340.0 521.0 2537.0 10521.00149844592
22.0 1232.0 98.0 211.0 1587.002058223835
0.0 1380.0 7.0 31.0 147.39740402765824
20.0 1245.0 92.0 186.0 1451.8289400441292
1.0 544.0 421.0 1985.0 8473.652325659612
7.0 464.0 462.0 2210.0 9193.584863600754
2.0 1365.0 11.0 40.0 302.7653694558111
2.0 815.0 272.0 1426.0 5666.387745634222
3.0 348.0 513.0 2541.0 10443.929007829616
22.0 1234.0 97.0 208.0 1567.6728596001717
1.0 304.0 543.0 2648.0 10911.169954248262
6.0 1326.0 30.0 103.0 662.1625082799808
0.0 1380.0 7.0 31.0 147.39740402765824
14.0 575.0 406.0 1901.0 8139.705602701706
3.0 1360.0 13.0 47.0 346.23285400862164
0.0 1380.0 7.0 31.0 147.39740402765824
0.0 1380.0 7.0 31.0 147.39740402765824
0.0 1380.0 7.0 31.0 147.39740402765824
0.0 1380.0 7.0 31.0 147.39740402765824
0.0 1380.0 7.0 31.0 147.39740402765824
0.0 1377.0 9.0 27.0 186.10026852672516
0.0 1376.0 9.0 28.0 197.70091681415946
2.0 1336.0 28.0 82.0 565.3285162261053
0.0 1380.0 7.0 31.0 147.39740402765824
0.0 1380.0 7.0 31.0 147.39740402765824
0.0 1380.0 7.0 31.0 147.39740402765824
0.0 1380.0 7.0 31.0 147.39740402765824
0.0 1380.0 7.0 31.0 147.39740402765824
1.0 304.0 543.0 2648.0 10911.169954248262
1.0 379.0 501.0 2459.0 10087.419539018087
1.0 254.0 561.0 2893.0 11447.568005102836
0.0 1380.0 7.0 31.0 147.39740402765824
0.0 1380.0 7.0 31.0 147.39740402765824
1.0 254.0 561.0 2893.0 11447.568005102836
6.0 1326.0 30.0 103.0 662.1625082799808
