41.0 1165.0 104.0 471.0 2246.903522696142
3.0 607.0 391.0 1871.0 7795.85992392818
2.0 1064.0 140.0 888.0 3237.6668372536074
58.0 1141.0 105.0 670.0 2469.0389318896837
32.0 1135.0 143.0 465.0 2586.719736379932
20.0 1332.0 28.0 74.0 578.5058334398635
9.0 1082.0 131.0 806.0 3079.7983669138393
14.0 556.0 419.0 1936.0 8342.044787675813
9.0 1083.0 129.0 815.0 3067.6689748121184
2.0 696.0 357.0 1577.0 6911.743557416373
7.0 1091.0 128.0 779.0 2996.1406034583592
9.0 246.0 572.0 2883.0 11535.316905590656
2.0 1371.0 7.0 79.0 240.24146682118592
38.0 1209.0 73.0 425.0 1814.7370997192395
14.0 557.0 417.0 1945.0 8336.237361147972
27.0 867.0 274.0 1048.0 5251.514407327831
96.0 658.0 371.0 1642.0 7378.093223433736
0.0 1379.0 7.0 48.0 174.3159107924293
18.0 526.0 432.0 2012.0 8652.114363600094
9.0 1085.0 128.0 809.0 3047.8497950215715
46.0 1197.0 79.0 446.0 1927.1134306706078
96.0 657.0 372.0 1642.0 7388.700713698158
13.0 556.0 418.0 1945.0 8341.30118047646
10.0 292.0 516.0 2953.0 11022.438860752894
8.0 799.0 326.0 1209.0 5834.127016005465
4.0 372.0 505.0 2470.0 10207.411895621924
28.0 862.0 276.0 1067.0 5294.457808215682
44.0 1200.0 75.0 452.0 1897.9140552242598
8.0 264.0 568.0 2770.0 11327.83316678776
4.0 626.0 379.0 1832.0 7540.962061548553
0.0 711.0 316.0 1744.0 6765.372371755666
45.0 1242.0 66.0 317.0 1437.4716565606252
4.0 742.0 303.0 1680.0 6466.971206732912
1.0 1377.0 8.0 48.0 192.24215083057572
28.0 863.0 277.0 1057.0 5282.721046576859
8.0 249.0 570.0 2874.0 11505.753839853653
5.0 363.0 509.0 2487.0 10310.019239066756
2.0 1066.0 138.0 892.0 3216.4623587544406
5.0 728.0 342.0 1503.0 6592.4498442624945
11.0 747.0 330.0 1446.0 6401.068410714158
38.0 1209.0 73.0 425.0 1814.7370997192395
114.0 1027.0 174.0 767.0 3687.013793248007
13.0 521.0 433.0 2048.0 8705.58086542619
2.0 695.0 359.0 1577.0 6908.291327369791
0.0 712.0 315.0 1753.0 6750.890389269629
3.0 640.0 375.0 1771.0 7393.671423244901
2.0 694.0 358.0 1583.0 6929.123820233449
5.0 663.0 364.0 1700.0 7212.142593445244
22.0 1330.0 30.0 71.0 593.7256715154282
29.0 1091.0 162.0 573.0 3007.9663552122165
17.0 682.0 361.0 1602.0 7056.338942921743
3.0 638.0 377.0 1771.0 7420.167823477421
63.0 1229.0 98.0 218.0 1604.3602069574208
5.0 968.0 176.0 1180.0 4231.4871118052115
65.0 1224.0 99.0 229.0 1668.007399530289
9.0 795.0 328.0 1223.0 5883.786324074713
5.0 484.0 457.0 2105.0 9094.874151505921
37.0 1244.0 64.0 320.0 1421.2261775546644
3.0 603.0 393.0 1885.0 7829.4213871551865
6.0 747.0 331.0 1446.0 6403.064646399189
4.0 307.0 547.0 2630.0 10852.577311397788
63.0 1229.0 98.0 218.0 1604.3602069574208
20.0 892.0 263.0 988.0 4987.693738936529
18.0 526.0 432.0 2012.0 8652.114363600094
175.0 1091.0 155.0 631.0 2948.2093966101656
37.0 865.0 275.0 1059.0 5250.680739537741
28.0 1331.0 30.0 71.0 580.9145679658624
74.0 1224.0 99.0 229.0 1657.4106445029522
3.0 604.0 393.0 1880.0 7815.758396857852
0.0 1377.0 9.0 44.0 199.65770107137428
96.0 658.0 371.0 1642.0 7378.093223433736
19.0 1307.0 39.0 138.0 812.8864616523751
2.0 1374.0 9.0 33.0 226.63047535024415
0.0 411.0 491.0 2339.0 9841.676911787743
35.0 1242.0 65.0 322.0 1440.7065877697578
11.0 247.0 572.0 2876.0 11531.633361581953
71.0 1227.0 99.0 218.0 1635.5645982411718
47.0 1198.0 77.0 446.0 1910.7496538083576
6.0 635.0 380.0 1772.0 7463.259896789354
4.0 267.0 566.0 2760.0 11298.9574046784
0.0 1378.0 8.0 47.0 194.50860462752306
38.0 1255.0 82.0 181.0 1336.0018230413011
8.0 798.0 325.0 1223.0 5846.159715269843
27.0 1269.0 48.0 292.0 1209.560539096973
14.0 520.0 434.0 2049.0 8712.407664707998
22.0 1302.0 41.0 151.0 865.6031032408787
6.0 265.0 567.0 2770.0 11326.339888415087
0.0 713.0 315.0 1744.0 6732.869991992231
9.0 1080.0 131.0 815.0 3108.5670075739226
31.0 1269.0 47.0 295.0 1203.7524110381298
21.0 1333.0 28.0 66.0 565.9613966271407
0.0 1378.0 7.0 48.0 184.54245548221752
21.0 1014.0 211.0 710.0 3833.204554675644
2.0 1098.0 153.0 628.0 2916.434891354896
98.0 1142.0 129.0 477.0 2465.294443000334
8.0 830.0 311.0 1138.0 5509.786604531109
9.0 1084.0 131.0 794.0 3053.395892830866
20.0 1335.0 27.0 65.0 542.159959422628
64.0 1228.0 98.0 219.0 1610.8124595226589
38.0 1253.0 84.0 181.0 1354.741098908074
31.0 1136.0 142.0 465.0 2573.4473580422714
118.0 1028.0 175.0 765.0 3677.937151914281
3.0 1378.0 6.0 55.0 186.389179428628
0.0 410.0 491.0 2345.0 9849.952194741461
27.0 866.0 275.0 1048.0 5248.7756083782315
1.0 441.0 476.0 2251.0 9508.410858853653
16.0 1287.0 50.0 181.0 1008.3155696395322
9.0 1082.0 131.0 806.0 3079.7983669138393
113.0 1028.0 174.0 767.0 3675.2337716001807
65.0 1226.0 98.0 225.0 1640.9666415801566
32.0 1137.0 139.0 470.0 2551.5397198240407
38.0 1209.0 73.0 425.0 1814.7370997192395
4.0 745.0 302.0 1673.0 6430.667673080312
20.0 890.0 264.0 994.0 5007.674881412309
5.0 297.0 513.0 2949.0 10978.254080788458
18.0 526.0 432.0 2012.0 8652.114363600094
2.0 446.0 474.0 2233.0 9454.702063154518
1.0 439.0 477.0 2260.0 9532.632706423921
96.0 658.0 371.0 1642.0 7378.093223433736
20.0 1335.0 27.0 65.0 542.159959422628
3.0 338.0 522.0 2587.0 10544.525529923641
20.0 1013.0 212.0 714.0 3834.946483620368
2.0 1037.0 153.0 943.0 3508.1202534450454
20.0 1014.0 211.0 714.0 3828.1374118675035
21.0 1013.0 211.0 718.0 3835.676769573947
20.0 886.0 267.0 995.0 5045.662968884947
4.0 1024.0 163.0 930.0 3652.694456299063
47.0 1162.0 104.0 489.0 2276.6219773879757
0.0 1378.0 7.0 48.0 184.54245548221752
0.0 1378.0 7.0 56.0 182.3846928036496
10.0 821.0 253.0 1449.0 5661.254070387418
23.0 1013.0 210.0 717.0 3849.992168572804
44.0 1162.0 104.0 487.0 2282.3139827156247
42.0 1164.0 105.0 471.0 2254.387762523819
21.0 889.0 265.0 996.0 5016.621809311999
2.0 443.0 476.0 2242.0 9482.256551661916
5.0 484.0 456.0 2113.0 9095.003121581121
45.0 1200.0 76.0 446.0 1897.82207026679
0.0 923.0 203.0 1317.0 4644.154145328119
41.0 1166.0 103.0 471.0 2235.335147110248
35.0 1140.0 138.0 460.0 2532.3492624744745
44.0 1198.0 77.0 454.0 1919.2053718172754
20.0 1334.0 27.0 66.0 556.5816519410015
2.0 1100.0 150.0 629.0 2907.651715983063
31.0 1136.0 142.0 465.0 2573.4473580422714
46.0 1196.0 79.0 450.0 1944.5937229397732
41.0 1248.0 85.0 193.0 1404.3608210685072
9.0 1084.0 129.0 809.0 3058.3277542766614
33.0 1246.0 64.0 313.0 1400.1813242363446
21.0 1012.0 212.0 717.0 3853.040913069093
20.0 1020.0 206.0 714.0 3769.8862911923993
29.0 1092.0 162.0 563.0 3000.850935152482
5.0 969.0 176.0 1172.0 4219.363840978894
44.0 1200.0 76.0 446.0 1901.7740517444954
6.0 818.0 312.0 1182.0 5633.877913928805
34.0 1133.0 143.0 473.0 2608.4117127182235
20.0 1016.0 209.0 710.0 3812.285538014245
5.0 970.0 176.0 1165.0 4214.2592197406075
4.0 365.0 508.0 2486.0 10287.411239078012
20.0 892.0 263.0 988.0 4987.693738936529
7.0 1091.0 128.0 779.0 2996.1406034583592
7.0 1361.0 16.0 38.0 345.6755897937644
41.0 1162.0 105.0 485.0 2269.265738937195
5.0 483.0 456.0 2120.0 9100.867864305563
47.0 1162.0 107.0 468.0 2274.7412093188746
3.0 745.0 302.0 1670.0 6438.743531229311
0.0 410.0 491.0 2345.0 9849.952194741461
0.0 413.0 489.0 2345.0 9816.445848942496
5.0 946.0 229.0 962.0 4391.761632771373
9.0 822.0 252.0 1453.0 5650.968376871924
2.0 255.0 562.0 2870.0 11417.501418921715
13.0 554.0 420.0 1945.0 8359.281716585103
6.0 974.0 172.0 1174.0 4178.769759838133
8.0 797.0 326.0 1223.0 5859.140486668502
4.0 808.0 312.0 1227.0 5738.061688767375
20.0 1015.0 210.0 714.0 3816.4700326433435
23.0 1275.0 44.0 286.0 1156.095697400723
20.0 887.0 266.0 995.0 5039.815818255131
1.0 313.0 543.0 2618.0 10800.059998055329
2.0 1101.0 150.0 628.0 2892.8519477661334
5.0 975.0 172.0 1172.0 4167.877951779606
41.0 1165.0 104.0 471.0 2246.903522696142
8.0 797.0 326.0 1223.0 5859.140486668502
2.0 255.0 562.0 2870.0 11417.501418921715
42.0 1164.0 105.0 471.0 2254.387762523819
63.0 1229.0 98.0 218.0 1604.3602069574208
2.0 694.0 358.0 1583.0 6929.123820233449
18.0 1309.0 39.0 128.0 804.0762512213953
10.0 818.0 254.0 1461.0 5694.740295915881
18.0 1288.0 49.0 175.0 1003.7074726449898
1.0 445.0 474.0 2242.0 9465.996170330187
34.0 1243.0 65.0 322.0 1435.1947351404838
5.0 947.0 228.0 962.0 4384.965806938217
38.0 1209.0 73.0 425.0 1814.7370997192395
13.0 555.0 419.0 1945.0 8351.77913973155
7.0 939.0 231.0 981.0 4464.38358364503
4.0 943.0 228.0 978.0 4421.032546701653
0.0 914.0 206.0 1358.0 4733.039511094708
34.0 1135.0 142.0 468.0 2583.6236848858957
27.0 1269.0 48.0 292.0 1209.560539096973
4.0 1024.0 163.0 930.0 3652.694456299063
0.0 711.0 316.0 1753.0 6763.769777896998
4.0 371.0 506.0 2471.0 10217.035194266151
8.0 247.0 571.0 2883.0 11525.937160904517
0.0 1379.0 7.0 53.0 171.49736215878698
1.0 308.0 547.0 2622.0 10856.76921196497
1.0 307.0 547.0 2630.0 10859.517275456039
16.0 1291.0 50.0 160.0 978.2237577635203
11.0 1349.0 20.0 52.0 422.51416038613786
20.0 1015.0 210.0 714.0 3816.4700326433435
13.0 554.0 420.0 1945.0 8359.281716585103
19.0 1306.0 40.0 135.0 824.6756047095523
4.0 364.0 509.0 2486.0 10292.61502677458
5.0 296.0 514.0 2949.0 10985.811443010887
0.0 1378.0 9.0 43.0 191.65125461917316
5.0 484.0 455.0 2120.0 9091.665652565081
18.0 526.0 432.0 2012.0 8652.114363600094
20.0 1334.0 27.0 66.0 556.5816519410015
4.0 1024.0 163.0 930.0 3652.694456299063
3.0 715.0 345.0 1546.0 6712.598481405493
5.0 483.0 457.0 2113.0 9107.552204384172
3.0 604.0 393.0 1880.0 7815.758396857852
8.0 1093.0 128.0 771.0 2978.171633768279
10.0 819.0 253.0 1467.0 5686.62826400035
1.0 445.0 470.0 2275.0 9453.520222156123
0.0 1379.0 7.0 48.0 174.3159107924293
8.0 797.0 326.0 1223.0 5859.140486668502
8.0 247.0 571.0 2883.0 11525.937160904517
3.0 638.0 377.0 1771.0 7420.167823477421
4.0 363.0 509.0 2490.0 10301.192663474714
27.0 865.0 275.0 1056.0 5258.974618889863
18.0 1309.0 39.0 128.0 804.0762512213953
44.0 1200.0 76.0 446.0 1901.7740517444954
0.0 914.0 206.0 1358.0 4733.039511094708
5.0 947.0 228.0 962.0 4384.965806938217
17.0 895.0 254.0 1031.0 4934.992568639133
5.0 970.0 176.0 1165.0 4214.2592197406075
13.0 1346.0 20.0 60.0 452.2692106778868
41.0 1165.0 104.0 471.0 2246.903522696142
4.0 943.0 228.0 978.0 4421.032546701653
6.0 975.0 172.0 1168.0 4165.557599380819
18.0 1308.0 40.0 128.0 811.453086937626
0.0 923.0 203.0 1317.0 4644.154145328119
2.0 599.0 396.0 1894.0 7863.928814516328
16.0 1291.0 50.0 160.0 978.2237577635203
10.0 819.0 253.0 1461.0 5687.531640720398
9.0 824.0 254.0 1432.0 5631.820151396499
0.0 1378.0 7.0 56.0 182.3846928036496
17.0 1289.0 49.0 172.0 989.9036532010875
17.0 896.0 254.0 1027.0 4928.386090623033
0.0 1378.0 9.0 43.0 191.65125461917316
4.0 266.0 566.0 2770.0 11309.624648281964
20.0 1015.0 210.0 714.0 3816.4700326433435
5.0 294.0 516.0 2949.0 11003.477783100576
7.0 1361.0 16.0 38.0 345.6755897937644
6.0 751.0 328.0 1442.0 6354.53751661317
0.0 914.0 206.0 1357.0 4735.837282728522
5.0 972.0 174.0 1170.0 4191.364786825286
9.0 1084.0 131.0 794.0 3053.395892830866
9.0 822.0 253.0 1445.0 5654.722582037685
10.0 819.0 253.0 1461.0 5687.531640720398
18.0 1308.0 39.0 132.0 805.7911812706371
17.0 1289.0 49.0 172.0 989.9036532010875
20.0 891.0 263.0 995.0 5002.158557043032
7.0 1361.0 16.0 38.0 345.6755897937644
12.0 1348.0 20.0 53.0 436.3983530395665
20.0 1335.0 27.0 65.0 542.159959422628
20.0 1015.0 210.0 714.0 3816.4700326433435
7.0 1361.0 16.0 38.0 345.6755897937644
27.0 1270.0 47.0 292.0 1203.4773061417332
0.0 1378.0 7.0 56.0 182.3846928036496
6.0 975.0 172.0 1168.0 4165.557599380819
0.0 1377.0 9.0 43.0 205.67075904499237
8.0 247.0 571.0 2883.0 11525.937160904517
0.0 1378.0 7.0 56.0 182.3846928036496
0.0 1378.0 7.0 56.0 182.3846928036496
0.0 1377.0 9.0 43.0 205.67075904499237
0.0 1038.0 153.0 944.0 3501.8150276646884
5.0 973.0 174.0 1167.0 4178.086415235939
0.0 1378.0 7.0 56.0 182.3846928036496
4.0 362.0 509.0 2500.0 10315.477910279857
38.0 1255.0 82.0 181.0 1336.0018230413011
0.0 1378.0 7.0 56.0 182.3846928036496
10.0 822.0 253.0 1442.0 5655.31655148022
0.0 1378.0 7.0 56.0 182.3846928036496
11.0 1349.0 20.0 52.0 422.51416038613786
0.0 1378.0 7.0 56.0 182.3846928036496
11.0 1349.0 20.0 52.0 422.51416038613786
11.0 1349.0 20.0 52.0 422.51416038613786
7.0 1361.0 16.0 38.0 345.6755897937644
