7355.0 3403.0 1796.0 8263.0 35156.50106255858
12984.0 3450.0 1718.0 8477.0 34416.25555279067
16973.0 3426.0 1754.0 8464.0 34615.46106931405
8226.0 3457.0 1746.0 8226.0 34355.26852519063
21330.0 3449.0 1745.0 8214.0 34453.611314860136
8336.0 3470.0 1723.0 8139.0 34524.51406948511
15935.0 3495.0 1742.0 8094.0 33968.63408602637
9686.0 3506.0 1718.0 8202.0 33992.20177361535
9989.0 3375.0 1771.0 8502.0 35240.27739681593
9062.0 3468.0 1725.0 8319.0 34465.365350793225
9734.0 3488.0 1692.0 8410.0 34219.43719038619
14734.0 3451.0 1721.0 8264.0 34431.31515020709
10455.0 3461.0 1728.0 8343.0 34257.531408626535
16131.0 3391.0 1761.0 8550.0 35219.07477914429
21775.0 3484.0 1680.0 8344.0 34243.180406212785
7720.0 3465.0 1742.0 8153.0 34226.144170207976
10389.0 3491.0 1710.0 8264.0 34199.691313807525
38003.0 3415.0 1749.0 8598.0 34756.170038529635
9886.0 3471.0 1754.0 8152.0 34455.56782611704
17037.0 3501.0 1705.0 8265.0 34028.289513612
16889.0 3513.0 1707.0 8215.0 33825.70995544537
7809.0 3428.0 1756.0 8394.0 34818.352695574285
15022.0 3496.0 1734.0 8123.0 34126.28973067928
28291.0 3516.0 1698.0 8137.0 33695.02927324632
22189.0 3452.0 1728.0 8359.0 34359.69695636824
7103.0 3459.0 1730.0 8221.0 34422.53199727059
8973.0 3435.0 1739.0 8446.0 34612.61859160351
7554.0 3440.0 1720.0 8521.0 34872.04573218118
8756.0 3548.0 1686.0 8066.0 33329.912084078955
19398.0 3443.0 1745.0 8276.0 34549.08290837532
14018.0 3415.0 1732.0 8420.0 34832.118653314144
14647.0 3466.0 1691.0 8644.0 34494.84878011857
10058.0 3457.0 1718.0 8346.0 34594.4018925747
22152.0 3479.0 1714.0 8311.0 34223.995207314
7875.0 3434.0 1760.0 8328.0 34586.23226785133
19049.0 3440.0 1710.0 8689.0 34880.24088761719
13060.0 3407.0 1731.0 8559.0 35016.49321586883
8463.0 3429.0 1792.0 8059.0 34799.00143459438
24375.0 3515.0 1679.0 8320.0 34008.83434943412
7898.0 3438.0 1740.0 8334.0 34759.41989352523
10570.0 3469.0 1699.0 8394.0 34494.812675834706
6128.0 3478.0 1735.0 8252.0 34249.46269640114
13515.0 3492.0 1747.0 8057.0 34001.722720446414
27043.0 3477.0 1692.0 8412.0 34367.0510793395
6996.0 3442.0 1738.0 8350.0 34573.4666544481
8459.0 3458.0 1715.0 8331.0 34508.24142562857
30660.0 3506.0 1710.0 8138.0 33896.94316977878
20835.0 3558.0 1694.0 7949.0 33463.003364130906
10441.0 3514.0 1710.0 8251.0 33888.24466230004
6878.0 3432.0 1760.0 8259.0 34811.50147962832
17816.0 3464.0 1730.0 8298.0 34259.90532978816
6391.0 3480.0 1720.0 8192.0 34194.572125255596
13368.0 3476.0 1721.0 8401.0 34167.12438022116
9513.0 3371.0 1757.0 8535.0 35328.971822328596
30871.0 3506.0 1722.0 8256.0 33670.815897561566
9252.0 3437.0 1718.0 8674.0 34654.37797747148
23893.0 3400.0 1779.0 8484.0 34960.74681578431
14071.0 3463.0 1718.0 8264.0 34327.63023153503
16489.0 3422.0 1762.0 8348.0 34788.942344179915
14842.0 3445.0 1785.0 8068.0 34497.30356768613
39976.0 3480.0 1689.0 8281.0 34275.12391197819
8239.0 3424.0 1724.0 8451.0 34901.53683861456
21588.0 3480.0 1715.0 8255.0 34215.48255070265
8552.0 3438.0 1753.0 8177.0 34632.3239858099
11055.0 3390.0 1809.0 8204.0 35254.8251016132
10305.0 3426.0 1731.0 8423.0 34739.9007282551
15600.0 3466.0 1753.0 8114.0 34447.57578181501
20311.0 3449.0 1763.0 8161.0 34601.74952488101
12703.0 3472.0 1707.0 8337.0 34287.114401415354
7197.0 3496.0 1739.0 8136.0 33898.384992590276
28921.0 3434.0 1742.0 8532.0 34619.1815482242
8272.0 3407.0 1766.0 8495.0 35039.954956526206
18360.0 3406.0 1761.0 8406.0 35189.9371100343
6277.0 3472.0 1747.0 8132.0 34296.25002962883
7496.0 3492.0 1730.0 8292.0 34128.888073321665
6204.0 3386.0 1800.0 8269.0 35057.922434323606
14835.0 3476.0 1721.0 8203.0 34103.67587093219
9085.0 3469.0 1727.0 8173.0 34240.03558571491
12859.0 3518.0 1697.0 8110.0 33958.56149280367
6606.0 3410.0 1752.0 8343.0 35076.43552941337
7955.0 3495.0 1672.0 8469.0 34112.45708133208
6065.0 3502.0 1719.0 8240.0 34111.0344087282
17380.0 3514.0 1720.0 8099.0 33961.418552241565
9622.0 3500.0 1720.0 8208.0 34097.74314708616
23729.0 3443.0 1767.0 8149.0 34659.66988699545
6524.0 3516.0 1718.0 7921.0 33875.06156599827
9142.0 3420.0 1772.0 8210.0 34983.93412138683
15910.0 3490.0 1709.0 8250.0 34184.34730608613
10799.0 3497.0 1679.0 8309.0 34140.331371252825
10497.0 3485.0 1707.0 8508.0 34423.946607039645
35040.0 3490.0 1723.0 8183.0 34064.1726622504
6729.0 3424.0 1795.0 8337.0 34894.011228792966
23432.0 3509.0 1720.0 8063.0 33974.65292085478
11386.0 3470.0 1725.0 8283.0 34113.66739331299
10352.0 3546.0 1686.0 8100.0 33529.61856176147
17387.0 3429.0 1767.0 8316.0 34552.2029922994
15052.0 3496.0 1693.0 8351.0 34162.87240169442
9573.0 3409.0 1783.0 8580.0 34995.98285278906
7527.0 3486.0 1689.0 8371.0 34305.68968127527
11745.0 3461.0 1754.0 7996.0 34571.19429981984
9831.0 3488.0 1715.0 8087.0 34324.055779644434
24597.0 3449.0 1768.0 7853.0 34762.06303535626
7374.0 3495.0 1701.0 8294.0 33960.8050773751
16000.0 3432.0 1755.0 8227.0 34785.26237387542
11192.0 3398.0 1748.0 8695.0 34892.72884264066
7729.0 3416.0 1751.0 8414.0 35152.251912622705
8002.0 3518.0 1710.0 8160.0 33998.94391700022
8699.0 3540.0 1665.0 8208.0 33563.83351760053
14647.0 3475.0 1721.0 8186.0 34150.25561767284
23835.0 3436.0 1749.0 8249.0 34566.4222449359
9652.0 3509.0 1699.0 8267.0 33689.20205046362
9500.0 3524.0 1702.0 8070.0 33639.796458537625
7392.0 3475.0 1638.0 8702.0 34170.843417448166
32855.0 3358.0 1792.0 8419.0 35646.13503664048
6808.0 3517.0 1716.0 7930.0 33692.717477994745
7288.0 3414.0 1747.0 8442.0 35014.66760876634
20198.0 3447.0 1748.0 8310.0 34494.82501231314
6980.0 3467.0 1692.0 8530.0 34354.55559319536
11810.0 3479.0 1687.0 8414.0 34025.76657898672
9827.0 3535.0 1701.0 8210.0 33543.68010753255
15241.0 3419.0 1744.0 8572.0 34786.40924253949
23181.0 3438.0 1763.0 8259.0 34575.43865504087
11000.0 3383.0 1785.0 8426.0 35223.66980986555
7277.0 3435.0 1741.0 8262.0 34785.62879695843
11488.0 3466.0 1726.0 8421.0 34228.261811247554
8889.0 3420.0 1759.0 8284.0 34830.565097163526
12154.0 3497.0 1732.0 8140.0 34199.015454726454
19836.0 3471.0 1722.0 8256.0 34409.07496933771
20390.0 3515.0 1692.0 8316.0 33882.493607492725
10107.0 3431.0 1758.0 8220.0 34768.003510625225
10873.0 3404.0 1746.0 8490.0 35025.73554945268
9514.0 3401.0 1786.0 8367.0 35106.60337295388
36623.0 3518.0 1663.0 8230.0 33912.85596094566
21847.0 3433.0 1741.0 8310.0 34858.97100928082
11342.0 3435.0 1756.0 8157.0 34607.79545595585
10364.0 3467.0 1733.0 8191.0 34529.19215173248
19655.0 3447.0 1726.0 8491.0 34529.478210620146
8331.0 3491.0 1744.0 7993.0 34038.266434488
16070.0 3416.0 1750.0 8455.0 34823.66664789238
9983.0 3477.0 1733.0 8273.0 34164.0520300697
10396.0 3510.0 1726.0 8126.0 33968.765735774454
13606.0 3461.0 1738.0 8222.0 34291.111069755956
9590.0 3538.0 1690.0 8115.0 33574.83449963254
16001.0 3444.0 1715.0 8427.0 34630.90282194749
10042.0 3413.0 1752.0 8421.0 34749.637579490416
12260.0 3489.0 1726.0 8122.0 34155.898663741194
18096.0 3508.0 1713.0 8148.0 33919.68121724647
7641.0 3444.0 1720.0 8326.0 34621.991449719506
10114.0 3463.0 1737.0 8427.0 34289.28413329143
10676.0 3502.0 1666.0 8541.0 34156.844866223764
12948.0 3481.0 1716.0 8084.0 34227.253519797516
10790.0 3501.0 1717.0 8233.0 34065.088485190376
9291.0 3461.0 1724.0 8403.0 34463.561799567375
27319.0 3514.0 1708.0 8146.0 33943.83918257634
13562.0 3417.0 1788.0 8166.0 34955.111027315404
32644.0 3457.0 1698.0 8365.0 34450.34647939745
15352.0 3459.0 1712.0 8472.0 34560.52035150203
10140.0 3449.0 1741.0 8226.0 34437.77298652764
18595.0 3483.0 1735.0 8258.0 33989.83576861564
12693.0 3539.0 1677.0 8211.0 33720.93517343522
10998.0 3469.0 1739.0 8248.0 34235.7616543311
12116.0 3488.0 1708.0 8252.0 33719.324447988234
9242.0 3428.0 1748.0 8282.0 34685.94343941351
12083.0 3429.0 1748.0 8344.0 34538.14051383638
13180.0 3495.0 1711.0 8155.0 33984.87394818367
14845.0 3522.0 1698.0 8152.0 33898.67808504111
17133.0 3438.0 1774.0 8150.0 34655.18864077119
12178.0 3515.0 1727.0 8098.0 33650.030206702955
8404.0 3453.0 1738.0 8344.0 34319.29564548904
16670.0 3477.0 1742.0 8039.0 34291.34009176274
17562.0 3446.0 1699.0 8403.0 34611.71077050309
9709.0 3509.0 1721.0 8206.0 33851.904758853365
8308.0 3573.0 1687.0 8048.0 33409.62230971781
17660.0 3478.0 1703.0 8338.0 34341.63091860942
8420.0 3519.0 1710.0 8198.0 33867.50135200331
10264.0 3439.0 1749.0 8289.0 34520.6403366369
11962.0 3485.0 1711.0 8242.0 34117.04951501573
11873.0 3481.0 1716.0 8293.0 34027.789312650624
17240.0 3537.0 1689.0 8217.0 33613.55748266182
10628.0 3453.0 1740.0 8305.0 34617.042998828874
13547.0 3482.0 1714.0 8308.0 34172.31798627913
0.0 645.0 3164.0 15110.0 62673.09983053327
0.0 645.0 3164.0 15110.0 62673.09983053327
6884.0 3495.0 1730.0 8095.0 34231.704410496226
8762.0 3437.0 1727.0 8327.0 34644.06364684733
7945.0 3453.0 1736.0 8452.0 34236.120916851105
16632.0 3555.0 1684.0 8021.0 33225.926217299864
17720.0 3441.0 1760.0 8150.0 34673.986504647044
14681.0 3508.0 1698.0 8286.0 33921.52048073785
11776.0 3427.0 1702.0 8701.0 34944.651773714984
9699.0 3528.0 1695.0 8003.0 33978.52097281546
8346.0 3497.0 1679.0 8556.0 33974.81693459685
11369.0 3391.0 1795.0 8236.0 35277.924066950276
11485.0 3467.0 1751.0 8019.0 34272.63835558361
8117.0 3387.0 1763.0 8403.0 35158.88745740235
20482.0 3521.0 1715.0 8147.0 33854.621347274886
12703.0 3471.0 1699.0 8430.0 34334.938428726964
10968.0 3467.0 1665.0 8753.0 34539.96555765176
19806.0 3442.0 1727.0 8601.0 34514.03276772153
31188.0 3491.0 1727.0 7980.0 34213.520129221964
11079.0 3439.0 1731.0 8411.0 34635.0246995838
12339.0 3466.0 1716.0 8306.0 34367.599124263215
8617.0 3445.0 1718.0 8413.0 34680.18098637166
13840.0 3493.0 1701.0 8153.0 34338.499803188286
13287.0 3442.0 1771.0 7991.0 34546.45006476934
9224.0 3384.0 1761.0 8587.0 35203.00276028609
10307.0 3456.0 1724.0 8387.0 34314.582232633074
10382.0 3452.0 1753.0 8182.0 34566.62644823401
6844.0 3362.0 1741.0 8854.0 35512.43465947631
6867.0 3489.0 1713.0 8141.0 34193.39978866558
7102.0 3435.0 1742.0 8419.0 34605.6459169955
7173.0 3469.0 1741.0 8249.0 34313.9470091503
13453.0 3429.0 1743.0 8370.0 34764.785253550544
10746.0 3436.0 1733.0 8251.0 34646.00332716788
25878.0 3489.0 1738.0 7957.0 34159.419319743734
10848.0 3483.0 1729.0 8152.0 34224.8845681118
13188.0 3461.0 1769.0 8217.0 34393.03448039254
12278.0 3376.0 1763.0 8751.0 35042.550945875024
21528.0 3468.0 1730.0 8108.0 34378.82174034596
11300.0 3453.0 1730.0 8196.0 34513.759333925984
