8215.0 3499.0 1734.0 8024.0 34075.38678129788
13224.0 3395.0 1776.0 8160.0 35012.79710218143
17018.0 3487.0 1720.0 8129.0 34019.51170795635
7013.0 3522.0 1674.0 8343.0 34002.04701371063
18703.0 3394.0 1735.0 8756.0 35183.384002662795
6461.0 3420.0 1756.0 8403.0 35023.295027043525
17468.0 3412.0 1789.0 8243.0 34757.81363772787
7240.0 3472.0 1719.0 8425.0 34343.73422474192
11819.0 3599.0 1658.0 7913.0 32958.099466536056
14406.0 3527.0 1690.0 8230.0 33971.45465168203
9311.0 3501.0 1704.0 8217.0 34115.49702191095
10304.0 3416.0 1729.0 8476.0 34812.99470598976
12451.0 3432.0 1755.0 8221.0 34654.4726723404
7207.0 3457.0 1769.0 8171.0 34447.4230186525
8468.0 3507.0 1709.0 8215.0 33818.106794637
17793.0 3464.0 1758.0 8164.0 34413.510233820416
8740.0 3476.0 1699.0 8417.0 34391.86867674931
8493.0 3507.0 1724.0 8067.0 34037.82013360848
28649.0 3478.0 1708.0 8292.0 34379.514282542
8495.0 3492.0 1720.0 8245.0 34071.85587696836
8214.0 3526.0 1673.0 8297.0 33796.85857916387
9644.0 3504.0 1697.0 8260.0 34141.4368230886
28200.0 3412.0 1776.0 8238.0 34870.795651816945
13280.0 3433.0 1743.0 8280.0 34711.041056075905
5348.0 3373.0 1782.0 8562.0 35286.20542453372
17059.0 3338.0 1781.0 8630.0 35717.416503834786
15204.0 3540.0 1671.0 8237.0 33665.93773328051
6523.0 3493.0 1734.0 7963.0 34138.56833211558
17693.0 3410.0 1725.0 8625.0 35136.76745924781
13091.0 3453.0 1756.0 8167.0 34402.5678381457
13509.0 3429.0 1790.0 8121.0 34685.94156787735
7351.0 3506.0 1683.0 8309.0 34017.03854181326
15689.0 3427.0 1755.0 8303.0 34857.049880371604
11084.0 3470.0 1717.0 8291.0 34276.72767726125
9980.0 3516.0 1680.0 8372.0 33862.3727517373
20975.0 3504.0 1674.0 8315.0 33856.12300109951
22256.0 3431.0 1749.0 8282.0 34621.52070343572
18595.0 3557.0 1674.0 8198.0 33257.77418223953
17498.0 3446.0 1685.0 8524.0 34675.11945359531
27182.0 3497.0 1709.0 8171.0 34295.05402042645
24761.0 3448.0 1736.0 8318.0 34598.16644554909
11201.0 3495.0 1754.0 7933.0 34009.562568328016
23172.0 3491.0 1769.0 8048.0 34050.38337211473
8689.0 3499.0 1700.0 8248.0 34058.17419588476
7463.0 3484.0 1726.0 8203.0 34035.77481486788
7992.0 3403.0 1786.0 8314.0 35174.67097248313
6026.0 3465.0 1731.0 8468.0 34427.952132485254
19716.0 3396.0 1775.0 8442.0 35071.226865884164
10053.0 3518.0 1676.0 8320.0 33978.82154268398
7298.0 3443.0 1725.0 8431.0 34554.80600616805
15443.0 3427.0 1711.0 8657.0 34704.45268523186
7728.0 3428.0 1715.0 8549.0 34924.375581867884
25746.0 3454.0 1731.0 8206.0 34432.78541563831
24416.0 3493.0 1693.0 8304.0 33968.46211624142
8892.0 3463.0 1727.0 8198.0 34437.18066291344
10020.0 3454.0 1738.0 8305.0 34554.301431641936
12573.0 3576.0 1656.0 8187.0 33213.59749562219
16994.0 3426.0 1731.0 8501.0 34780.07461466973
9167.0 3489.0 1701.0 8256.0 34034.996797230946
9499.0 3412.0 1765.0 8275.0 34898.46916219791
33655.0 3502.0 1709.0 8141.0 33769.06684017945
11011.0 3468.0 1702.0 8535.0 34378.55721705978
15184.0 3489.0 1690.0 8364.0 34279.111178801584
10751.0 3477.0 1723.0 8141.0 34284.25450193463
12990.0 3475.0 1702.0 8406.0 34324.61481626042
14201.0 3446.0 1731.0 8525.0 34494.037434321144
18114.0 3422.0 1726.0 8625.0 34872.381236732355
18382.0 3505.0 1673.0 8225.0 34001.449216456895
28272.0 3489.0 1730.0 8017.0 34194.493092742174
8730.0 3466.0 1755.0 8098.0 34287.85975283798
7811.0 3491.0 1733.0 8180.0 34037.81202521731
10250.0 3382.0 1738.0 8772.0 35218.55274318773
9403.0 3548.0 1676.0 8180.0 33620.01676873835
9672.0 3425.0 1759.0 8281.0 34676.9003725905
12248.0 3398.0 1758.0 8690.0 35005.412733795856
14273.0 3399.0 1770.0 8446.0 34978.31337564709
7005.0 3394.0 1786.0 8327.0 35160.178084709514
25624.0 3401.0 1754.0 8485.0 35048.93492621112
16431.0 3486.0 1703.0 8289.0 34264.670008813744
10132.0 3516.0 1742.0 7928.0 34053.319510305235
12097.0 3456.0 1718.0 8331.0 34555.94438098214
14722.0 3453.0 1755.0 8126.0 34454.96138138171
8949.0 3435.0 1741.0 8339.0 34850.36713903376
11367.0 3439.0 1773.0 8243.0 34701.24745250344
7860.0 3485.0 1738.0 8181.0 34389.59764365506
12710.0 3397.0 1779.0 8258.0 35070.949006897754
16814.0 3411.0 1763.0 8431.0 34876.85684389704
11383.0 3468.0 1722.0 8347.0 34355.082342797396
6991.0 3502.0 1733.0 8082.0 33997.73917560087
10511.0 3367.0 1775.0 8444.0 35197.444494299874
9959.0 3424.0 1730.0 8447.0 34849.2017943489
10546.0 3415.0 1765.0 8290.0 34890.40736233228
8183.0 3499.0 1729.0 8063.0 34221.177151444565
14206.0 3495.0 1707.0 8311.0 34020.63239300195
9364.0 3519.0 1714.0 8097.0 33687.01684024256
17491.0 3429.0 1752.0 8272.0 34619.982299511896
10127.0 3487.0 1716.0 8212.0 34162.05325633835
13897.0 3504.0 1704.0 8184.0 33918.79235887127
9522.0 3473.0 1747.0 8183.0 34300.736832566196
25175.0 3479.0 1751.0 7957.0 34179.82543822325
23854.0 3461.0 1773.0 8261.0 34324.634338016214
11691.0 3401.0 1794.0 8419.0 35067.41810860161
10906.0 3546.0 1689.0 8077.0 33567.62385059832
20479.0 3450.0 1762.0 8198.0 34524.52323327311
17721.0 3433.0 1725.0 8419.0 34627.954933694375
25957.0 3485.0 1716.0 8284.0 34122.0317931315
33606.0 3511.0 1704.0 8127.0 33889.64517860016
6710.0 3499.0 1708.0 8320.0 34130.74759299916
25486.0 3448.0 1721.0 8442.0 34877.084876057575
12427.0 3499.0 1713.0 8229.0 34103.511084341146
11189.0 3434.0 1718.0 8462.0 34826.45538628609
10300.0 3452.0 1736.0 8326.0 34510.1084592087
8600.0 3452.0 1742.0 8356.0 34596.954229385614
12180.0 3496.0 1706.0 8205.0 34123.46967150061
10352.0 3484.0 1721.0 8195.0 34252.16250258035
18414.0 3585.0 1682.0 7980.0 33349.173061053734
13998.0 3515.0 1687.0 8288.0 33814.04510319505
8001.0 3469.0 1715.0 8312.0 34341.4968326575
9312.0 3437.0 1712.0 8622.0 34940.24443978207
32049.0 3414.0 1742.0 8504.0 34918.57609113226
20019.0 3512.0 1723.0 7977.0 34032.62244356374
12938.0 3535.0 1704.0 8065.0 33619.40377703965
11726.0 3523.0 1697.0 8318.0 33700.43990435976
12296.0 3530.0 1687.0 8202.0 33574.22265983485
8323.0 3493.0 1718.0 8256.0 34241.13664818625
6427.0 3443.0 1751.0 8036.0 34527.93743655423
8436.0 3561.0 1690.0 8015.0 33262.484312002685
13415.0 3356.0 1764.0 8501.0 35528.04823261012
11144.0 3525.0 1741.0 7732.0 33695.07713050234
15027.0 3486.0 1692.0 8297.0 34280.818009248156
7234.0 3489.0 1741.0 8086.0 33877.88747449389
9149.0 3395.0 1749.0 8485.0 35073.19661683301
14543.0 3494.0 1702.0 8206.0 34085.17818871731
9269.0 3498.0 1678.0 8289.0 34209.78110341193
11780.0 3425.0 1797.0 8234.0 34839.96933561444
10860.0 3475.0 1738.0 8101.0 34163.367978603914
7766.0 3469.0 1713.0 8495.0 34229.75751077062
12919.0 3416.0 1756.0 8407.0 34882.53399168896
16282.0 3432.0 1759.0 8073.0 34780.95894803233
8464.0 3451.0 1732.0 8388.0 34630.16912801527
7842.0 3515.0 1730.0 8053.0 34006.9841580174
22248.0 3479.0 1723.0 8168.0 34242.689737103334
14902.0 3453.0 1707.0 8478.0 34749.921284923264
0.0 642.0 3164.0 15105.0 62694.84737296061
0.0 642.0 3164.0 15105.0 62694.84737296061
9175.0 3453.0 1754.0 8370.0 34407.58116676274
20625.0 3450.0 1693.0 8369.0 34589.23814831519
15911.0 3414.0 1757.0 8329.0 34631.2279261586
6642.0 3432.0 1759.0 8409.0 34361.47476743129
12305.0 3500.0 1722.0 8179.0 33846.41258197138
7756.0 3522.0 1717.0 8190.0 34112.616008602046
8253.0 3481.0 1769.0 7929.0 34258.43837455219
31042.0 3562.0 1651.0 8067.0 33668.57501816189
10353.0 3515.0 1740.0 8015.0 33717.118778110234
11320.0 3466.0 1740.0 8180.0 34421.04618270367
13071.0 3503.0 1724.0 8146.0 34102.60040945513
11917.0 3484.0 1725.0 8263.0 34096.28316776192
10698.0 3528.0 1716.0 7964.0 33835.01899394728
14918.0 3531.0 1677.0 8199.0 33784.71936462741
8571.0 3504.0 1697.0 8245.0 34155.506164412305
11608.0 3437.0 1729.0 8362.0 34656.193717348746
13774.0 3504.0 1747.0 8000.0 33934.038298832915
25149.0 3559.0 1703.0 8026.0 33364.94755287464
18271.0 3428.0 1772.0 8194.0 34681.65806511853
9249.0 3505.0 1722.0 8131.0 33914.29858195196
9911.0 3486.0 1747.0 8123.0 34071.85119400544
18374.0 3553.0 1721.0 7965.0 33425.16397588627
7901.0 3430.0 1774.0 8360.0 34800.42661974209
25288.0 3435.0 1764.0 8260.0 34634.77975007997
9645.0 3435.0 1732.0 8356.0 34697.397272600676
36695.0 3535.0 1684.0 8210.0 33756.70850172694
6555.0 3470.0 1718.0 8452.0 34488.41607102234
8269.0 3518.0 1696.0 8119.0 33700.52720770304
13357.0 3423.0 1753.0 8408.0 34605.655019466656
17564.0 3447.0 1736.0 8340.0 34572.677056900575
9422.0 3434.0 1708.0 8551.0 34661.35000275322
11859.0 3495.0 1727.0 8124.0 33971.787734276884
6414.0 3430.0 1727.0 8463.0 34758.08487956152
9019.0 3429.0 1767.0 8288.0 34983.98224548771
8388.0 3456.0 1747.0 8207.0 34493.20176253854
13377.0 3425.0 1729.0 8606.0 34662.05085694548
12246.0 3440.0 1760.0 8282.0 34617.339862851186
11708.0 3455.0 1734.0 8242.0 34535.616125341025
7524.0 3418.0 1749.0 8329.0 34932.437135654305
7154.0 3495.0 1715.0 8432.0 33966.69717407663
18876.0 3465.0 1756.0 8152.0 34252.27989523621
16383.0 3498.0 1738.0 7968.0 34052.81725277145
10231.0 3473.0 1745.0 8141.0 34260.99201105753
17122.0 3449.0 1737.0 8347.0 34402.129907892995
20946.0 3511.0 1694.0 8081.0 33908.86780830848
7062.0 3430.0 1746.0 8420.0 34861.69233639194
13150.0 3371.0 1759.0 8650.0 35240.37309825748
8235.0 3465.0 1742.0 8244.0 34503.171508395244
6538.0 3479.0 1736.0 8331.0 34290.892423632955
25429.0 3489.0 1718.0 8182.0 34298.45000084884
8541.0 3491.0 1740.0 7977.0 34235.33254544467
10380.0 3403.0 1788.0 8379.0 35117.10971474687
6393.0 3337.0 1804.0 8639.0 35694.93135700775
30099.0 3517.0 1755.0 8001.0 33805.17637285234
12519.0 3508.0 1684.0 8362.0 33837.64736386344
30899.0 3468.0 1709.0 8294.0 34487.994615871
7572.0 3434.0 1748.0 8156.0 34785.48291285423
16525.0 3517.0 1715.0 8019.0 33931.5522675275
8540.0 3476.0 1698.0 8415.0 34480.0544176861
14123.0 3487.0 1765.0 7977.0 34147.59032556249
10614.0 3450.0 1767.0 8164.0 34473.183756890736
29680.0 3482.0 1711.0 8283.0 34286.22376961342
13831.0 3465.0 1733.0 8189.0 34372.284235753505
6397.0 3494.0 1693.0 8364.0 34109.21039359077
14545.0 3421.0 1729.0 8491.0 34800.88295962759
12888.0 3438.0 1743.0 8202.0 34535.954354922884
19561.0 3430.0 1759.0 8229.0 34773.68284693691
6844.0 3394.0 1751.0 8601.0 35132.09638264229
15503.0 3535.0 1665.0 8332.0 33720.90481265126
10783.0 3464.0 1747.0 8230.0 34297.60373863833
23270.0 3407.0 1752.0 8294.0 34826.97373604582
16620.0 3501.0 1729.0 8114.0 34091.97795455588
14249.0 3543.0 1678.0 8116.0 33725.410827328276
12290.0 3437.0 1756.0 8251.0 34713.794084200024
13954.0 3497.0 1683.0 8344.0 34326.665878553715
8349.0 3491.0 1695.0 8394.0 34073.80851520212
8498.0 3436.0 1732.0 8444.0 34663.00895169867
10605.0 3502.0 1691.0 8517.0 34096.26267463109
16277.0 3503.0 1740.0 7905.0 34080.8926538269
15747.0 3518.0 1685.0 8219.0 33881.065684963796
9290.0 3490.0 1732.0 8201.0 34136.38486545
8458.0 3460.0 1742.0 8318.0 34591.84474629153
7300.0 3517.0 1698.0 8332.0 33912.15246097304
19803.0 3465.0 1758.0 8079.0 34347.134529721814
13476.0 3385.0 1751.0 8756.0 35163.80351479119
13584.0 3492.0 1703.0 8221.0 34149.47107520216
6784.0 3497.0 1724.0 8116.0 34150.90167944671
16576.0 3489.0 1689.0 8279.0 34221.62144754407
8593.0 3464.0 1723.0 8243.0 34453.73182027687
9523.0 3514.0 1693.0 8187.0 33919.51647055067
6215.0 3538.0 1700.0 8212.0 33665.07546641047
10087.0 3491.0 1720.0 7924.0 34215.22533205531
9784.0 3440.0 1735.0 8214.0 34638.63933171631
11282.0 3515.0 1692.0 8215.0 33772.33794285053
9594.0 3482.0 1711.0 8262.0 34388.47998005242
17894.0 3398.0 1773.0 8257.0 34975.97702711282
11119.0 3479.0 1707.0 8302.0 34147.79744578272
5950.0 3490.0 1714.0 8401.0 34117.65450284363
19828.0 3415.0 1746.0 8514.0 34828.28241312306
7520.0 3486.0 1736.0 8190.0 34257.4539865934
14188.0 3460.0 1720.0 8244.0 34325.01870574758
