12269.0 3390.0 1741.0 8515.0 35225.88207402116
14705.0 3427.0 1744.0 8304.0 34891.75592489452
7791.0 3438.0 1753.0 8398.0 34582.90130658898
15019.0 3404.0 1756.0 8577.0 35071.611376380446
7703.0 3447.0 1724.0 8420.0 34393.860053339915
12951.0 3421.0 1765.0 8260.0 34853.64212800489
7989.0 3483.0 1728.0 8087.0 34050.34978485586
8304.0 3487.0 1687.0 8371.0 34215.60100010572
7221.0 3382.0 1774.0 8656.0 35287.68695646241
8336.0 3494.0 1713.0 8254.0 34183.8888883602
7263.0 3451.0 1735.0 8243.0 34635.831212921636
15218.0 3491.0 1706.0 8018.0 34239.558085645374
8691.0 3455.0 1735.0 8297.0 34553.541418765526
12786.0 3461.0 1742.0 8231.0 34380.40257822635
17003.0 3398.0 1780.0 8222.0 35148.81456152783
8366.0 3468.0 1725.0 8404.0 34448.66444178012
9855.0 3447.0 1730.0 8373.0 34633.95586065249
9923.0 3385.0 1773.0 8745.0 35332.21970451965
13684.0 3425.0 1726.0 8411.0 34705.96084385901
14705.0 3506.0 1728.0 8095.0 33856.309128967376
9333.0 3467.0 1770.0 8072.0 34342.53020099551
12567.0 3468.0 1710.0 8335.0 34398.61201793644
19549.0 3433.0 1753.0 8284.0 34653.19813094061
10409.0 3482.0 1743.0 8110.0 34283.99394971819
18335.0 3418.0 1745.0 8504.0 34920.68968726805
18875.0 3375.0 1776.0 8444.0 35383.43325001709
15111.0 3453.0 1735.0 8321.0 34422.247491547365
9689.0 3541.0 1681.0 8177.0 33709.082959713145
11020.0 3471.0 1751.0 8214.0 34163.73860100142
22426.0 3598.0 1679.0 7975.0 32990.53648221388
8877.0 3551.0 1687.0 7986.0 33515.481703540005
8641.0 3468.0 1694.0 8493.0 34422.62915005281
11061.0 3433.0 1745.0 8416.0 34845.228743172964
9244.0 3460.0 1689.0 8386.0 34357.42717780377
7917.0 3544.0 1676.0 8198.0 33495.731750362575
6951.0 3434.0 1733.0 8546.0 34738.85295245659
11134.0 3499.0 1717.0 8127.0 34012.50765178634
18473.0 3525.0 1675.0 8256.0 33760.23625121709
16674.0 3472.0 1723.0 8237.0 34350.52262435996
17701.0 3394.0 1765.0 8418.0 35182.6330698
11140.0 3431.0 1764.0 8206.0 34755.04850689411
12929.0 3459.0 1699.0 8373.0 34515.161763432494
8511.0 3438.0 1750.0 8307.0 34723.76601327432
24809.0 3453.0 1750.0 8148.0 34630.796364747206
10585.0 3426.0 1785.0 8226.0 35009.11282098722
8797.0 3396.0 1747.0 8406.0 35096.796450533344
24905.0 3445.0 1720.0 8500.0 34491.820944427796
17626.0 3524.0 1728.0 7989.0 33794.37123648159
9958.0 3521.0 1734.0 8068.0 33597.4108103154
10645.0 3511.0 1733.0 8040.0 34185.16084142098
6760.0 3436.0 1740.0 8367.0 34677.679422818364
6000.0 3401.0 1760.0 8368.0 35314.882800203006
8465.0 3481.0 1750.0 8042.0 34315.92088846049
15135.0 3478.0 1712.0 8171.0 34324.260820070296
25688.0 3404.0 1727.0 8476.0 34830.81262327894
9976.0 3456.0 1726.0 8367.0 34435.943416841765
12316.0 3522.0 1713.0 7916.0 33863.08493663582
11443.0 3466.0 1710.0 8266.0 34536.13513586817
22869.0 3527.0 1733.0 7852.0 33791.8960495808
9281.0 3474.0 1717.0 8208.0 34273.957178351404
11649.0 3461.0 1726.0 8282.0 34442.132340367105
17774.0 3493.0 1748.0 7977.0 33900.17060635177
23917.0 3458.0 1724.0 8298.0 34449.67576195906
9165.0 3496.0 1728.0 8350.0 33874.8283852753
10776.0 3446.0 1719.0 8349.0 34536.34915945977
10929.0 3507.0 1695.0 8233.0 33939.55758077877
22037.0 3482.0 1722.0 8074.0 34267.24206284017
23927.0 3533.0 1750.0 7795.0 33832.628927713115
19698.0 3508.0 1694.0 8320.0 33850.600105719845
33278.0 3474.0 1742.0 8179.0 34335.13627904252
10456.0 3477.0 1712.0 8269.0 34379.01126101441
14766.0 3465.0 1754.0 8106.0 34327.92058168936
10189.0 3526.0 1696.0 8158.0 33699.09326407511
8617.0 3533.0 1673.0 8171.0 33881.621574923505
11162.0 3484.0 1720.0 8200.0 34133.72226872842
20080.0 3434.0 1694.0 8567.0 34530.11337949582
10443.0 3481.0 1692.0 8324.0 34298.010166755
21836.0 3523.0 1704.0 8041.0 33847.999410465905
7136.0 3534.0 1707.0 8141.0 33607.221531477146
9536.0 3455.0 1704.0 8434.0 34384.7975301389
17261.0 3489.0 1699.0 8211.0 33966.412924452554
17966.0 3428.0 1742.0 8286.0 34663.401129751845
23402.0 3475.0 1745.0 8007.0 34208.27882572945
11316.0 3486.0 1696.0 8339.0 34218.925432994816
13093.0 3508.0 1729.0 8034.0 34092.23531856528
26706.0 3412.0 1754.0 8414.0 34737.45165874749
31947.0 3486.0 1689.0 8212.0 34226.74355392991
9967.0 3544.0 1694.0 8207.0 33483.16479778955
15363.0 3474.0 1723.0 8345.0 34205.78711812673
15751.0 3476.0 1738.0 8016.0 34302.08710393596
12132.0 3412.0 1801.0 8183.0 35013.439636442985
8619.0 3521.0 1712.0 8134.0 33771.89066675727
11391.0 3494.0 1707.0 8229.0 33986.69381951272
8331.0 3451.0 1755.0 8051.0 34514.693085600935
10356.0 3537.0 1685.0 8185.0 33478.42889332411
6139.0 3478.0 1709.0 8462.0 34366.56984909621
12770.0 3509.0 1704.0 8223.0 34142.29717867834
9645.0 3530.0 1699.0 8296.0 33819.87197556299
16728.0 3503.0 1723.0 8093.0 33914.316332539864
7375.0 3451.0 1772.0 8213.0 34452.56605906283
7464.0 3487.0 1728.0 8306.0 34267.69116669079
13870.0 3456.0 1743.0 8080.0 34528.507810010065
21834.0 3487.0 1681.0 8324.0 34161.68119659005
10270.0 3483.0 1701.0 8314.0 33977.545629086606
8379.0 3467.0 1692.0 8441.0 34449.59599215879
8456.0 3467.0 1720.0 8419.0 34506.20427174557
8090.0 3437.0 1748.0 8328.0 34867.81839189375
15287.0 3439.0 1745.0 8345.0 34809.13054279366
8749.0 3460.0 1713.0 8445.0 34451.69696273115
8109.0 3485.0 1754.0 8006.0 34228.166496290425
32194.0 3412.0 1794.0 8186.0 34945.93340286227
9778.0 3427.0 1761.0 8205.0 34875.38694794248
17364.0 3457.0 1723.0 8312.0 34454.878455729515
7779.0 3431.0 1756.0 8310.0 34763.3738440839
11857.0 3468.0 1751.0 8141.0 34362.69526377488
13176.0 3403.0 1792.0 8209.0 35077.663243323615
13011.0 3467.0 1724.0 8180.0 34305.31974723033
11063.0 3556.0 1710.0 7969.0 33426.006211450454
10591.0 3375.0 1788.0 8578.0 35388.6523015499
12806.0 3491.0 1713.0 8144.0 33977.70830902671
9599.0 3466.0 1736.0 8355.0 34353.226052270955
9460.0 3529.0 1709.0 7969.0 33785.65821118543
13804.0 3474.0 1685.0 8515.0 34567.988499588435
9244.0 3531.0 1677.0 8096.0 33853.743527529274
7204.0 3480.0 1706.0 8194.0 34353.22990461334
28180.0 3564.0 1678.0 7909.0 33297.644817073655
7478.0 3501.0 1733.0 8084.0 33889.216138526
18748.0 3475.0 1728.0 8158.0 34197.43600164028
24185.0 3451.0 1731.0 8316.0 34450.68210078404
10550.0 3493.0 1714.0 8177.0 34124.55396473904
8855.0 3448.0 1685.0 8534.0 34479.11928958309
9035.0 3456.0 1750.0 8205.0 34649.7191691755
37727.0 3535.0 1679.0 8272.0 33649.53586239808
9507.0 3510.0 1745.0 8030.0 33825.34523973464
7610.0 3476.0 1717.0 8390.0 34194.4929282011
9752.0 3395.0 1764.0 8443.0 34943.234963023424
9151.0 3459.0 1706.0 8471.0 34365.83275317613
12145.0 3475.0 1731.0 8116.0 34258.280214220635
13071.0 3532.0 1709.0 8058.0 33583.338784317166
12005.0 3479.0 1744.0 8052.0 34249.38385583345
18329.0 3404.0 1806.0 8167.0 35039.688491834604
6487.0 3441.0 1756.0 8292.0 34669.879784595636
13546.0 3439.0 1764.0 8195.0 34606.586722924534
13715.0 3472.0 1715.0 8241.0 34240.72652406504
9886.0 3429.0 1746.0 8376.0 35009.476129686525
8305.0 3405.0 1771.0 8255.0 34865.102736102985
9448.0 3426.0 1727.0 8431.0 34667.1341458519
8751.0 3492.0 1713.0 8339.0 34077.21572279076
17404.0 3532.0 1700.0 8037.0 33788.948654495995
11574.0 3457.0 1717.0 8280.0 34698.12239382985
0.0 645.0 3164.0 15097.0 62667.593745621845
0.0 645.0 3164.0 15097.0 62667.593745621845
11650.0 3533.0 1717.0 7979.0 33619.88294213026
9857.0 3408.0 1733.0 8480.0 35025.89896516067
8886.0 3502.0 1719.0 8221.0 34239.76357235196
7416.0 3514.0 1651.0 8419.0 33955.356567182476
12600.0 3442.0 1739.0 8292.0 34778.11755374846
8029.0 3487.0 1677.0 8462.0 34162.89109258177
9671.0 3475.0 1709.0 8334.0 34309.11743318221
24830.0 3402.0 1728.0 8602.0 35020.99677269185
16759.0 3472.0 1723.0 8350.0 34154.02249816478
9551.0 3487.0 1707.0 8353.0 34089.573805051026
14828.0 3397.0 1761.0 8369.0 35239.42682482646
15800.0 3486.0 1717.0 8156.0 34062.97830077016
7320.0 3446.0 1733.0 8342.0 34669.97668150893
9688.0 3448.0 1768.0 8106.0 34583.17104998632
25485.0 3441.0 1730.0 8523.0 34529.70827446617
11324.0 3514.0 1740.0 7966.0 33774.865474499886
14964.0 3502.0 1732.0 8233.0 33951.21007741962
10370.0 3498.0 1684.0 8499.0 33968.22687367745
7567.0 3427.0 1762.0 8361.0 34639.24160796412
25815.0 3433.0 1735.0 8257.0 34824.623229469194
10776.0 3576.0 1623.0 8281.0 33274.07120662848
13171.0 3496.0 1725.0 8104.0 34154.048977181345
9817.0 3429.0 1771.0 8225.0 34821.69260237975
8421.0 3447.0 1716.0 8624.0 34838.15288515125
23073.0 3466.0 1695.0 8233.0 34367.06535195553
9255.0 3455.0 1733.0 8141.0 34570.98423921425
8748.0 3511.0 1702.0 8173.0 33746.336462969106
25626.0 3482.0 1723.0 8145.0 34266.2734627387
6605.0 3408.0 1777.0 8365.0 34811.16837199035
17158.0 3493.0 1725.0 8091.0 34071.65412341234
10519.0 3434.0 1761.0 8223.0 34652.880262494866
8837.0 3471.0 1723.0 8278.0 34511.99108237014
7799.0 3435.0 1764.0 8191.0 34956.59649801512
9006.0 3476.0 1752.0 8118.0 34155.63278724645
14815.0 3476.0 1730.0 8102.0 34340.066127651815
23873.0 3441.0 1747.0 8353.0 34647.094153269834
17583.0 3517.0 1692.0 8166.0 33915.88009261456
17421.0 3426.0 1739.0 8348.0 34997.3337964365
8798.0 3443.0 1751.0 8251.0 34850.74747988032
12356.0 3476.0 1688.0 8551.0 34351.99200470791
10985.0 3493.0 1711.0 8233.0 34241.615611123954
8279.0 3539.0 1647.0 8321.0 33688.88654840757
14759.0 3446.0 1735.0 8306.0 34466.185230683746
13555.0 3449.0 1746.0 8265.0 34523.95147823755
7918.0 3443.0 1722.0 8524.0 34626.168194338716
12453.0 3437.0 1785.0 8257.0 34618.56764531429
12066.0 3477.0 1705.0 8403.0 34172.24735593828
9791.0 3449.0 1754.0 8171.0 34422.048585890916
7722.0 3458.0 1795.0 7962.0 34553.449095024705
7784.0 3525.0 1703.0 8011.0 33778.36431570868
10591.0 3508.0 1676.0 8229.0 33898.14967450437
7968.0 3455.0 1732.0 8133.0 34689.81195042856
25736.0 3436.0 1738.0 8395.0 34635.972630564946
23783.0 3517.0 1650.0 8427.0 33773.471610871246
8459.0 3493.0 1679.0 8502.0 34145.04385121914
14666.0 3442.0 1766.0 8189.0 34541.28200926649
11540.0 3518.0 1697.0 8144.0 33960.74992956406
20392.0 3456.0 1739.0 8283.0 34437.73521710917
18657.0 3387.0 1783.0 8262.0 35215.37159337867
20197.0 3529.0 1697.0 8226.0 33667.73852867504
10246.0 3481.0 1706.0 8317.0 34106.539952365594
7444.0 3511.0 1705.0 8176.0 33858.23444384634
14552.0 3539.0 1701.0 8001.0 33470.12731543811
22109.0 3517.0 1700.0 8345.0 33616.769719714255
7362.0 3421.0 1760.0 8319.0 34657.81775555174
6528.0 3466.0 1746.0 8197.0 34373.25446406982
8700.0 3438.0 1725.0 8496.0 34671.043200734006
6848.0 3422.0 1742.0 8397.0 34889.703691042276
9475.0 3473.0 1717.0 8406.0 34337.788037470695
19897.0 3460.0 1758.0 8139.0 34367.40280044851
10750.0 3462.0 1736.0 8098.0 34415.36906923695
14521.0 3504.0 1694.0 8394.0 34104.31440399581
8135.0 3415.0 1753.0 8467.0 34836.57609538426
8583.0 3456.0 1744.0 8278.0 34405.62363930356
9193.0 3448.0 1735.0 8276.0 34603.36765568258
9566.0 3472.0 1718.0 8297.0 34294.770686880474
17084.0 3481.0 1696.0 8420.0 34061.34539408975
25702.0 3575.0 1689.0 8102.0 33328.41757662113
17025.0 3460.0 1743.0 8231.0 34388.296976855476
13885.0 3487.0 1702.0 8158.0 34200.08778834668
11871.0 3429.0 1760.0 8254.0 34726.36577386657
16376.0 3506.0 1691.0 8105.0 34179.38180522388
30360.0 3552.0 1700.0 8029.0 33506.76567909414
