9577.0 3530.0 1714.0 8107.0 33716.25367140608
9024.0 3544.0 1641.0 8181.0 33579.65100750561
8159.0 3414.0 1790.0 8211.0 34891.08980360105
22621.0 3422.0 1750.0 8265.0 34789.60541453436
17873.0 3505.0 1723.0 8049.0 33882.92445087086
15036.0 3423.0 1739.0 8412.0 34643.154600039226
11864.0 3498.0 1662.0 8585.0 34172.33933305129
17774.0 3398.0 1753.0 8517.0 35026.35092672659
9209.0 3400.0 1783.0 8316.0 35073.69947196494
31142.0 3431.0 1758.0 8331.0 34768.91217690203
7392.0 3446.0 1746.0 8405.0 34618.80780926654
15077.0 3425.0 1767.0 8286.0 34905.914879697484
9883.0 3413.0 1774.0 8385.0 34949.33632573017
15743.0 3498.0 1725.0 8156.0 34051.349983076245
11598.0 3434.0 1725.0 8455.0 34800.606985757266
14282.0 3502.0 1707.0 8149.0 34100.4134042849
11463.0 3481.0 1723.0 8160.0 34238.45050401743
8144.0 3468.0 1751.0 8055.0 34335.40305672798
0.0 646.0 3162.0 15110.0 62670.777493832975
0.0 646.0 3162.0 15110.0 62670.777493832975
10440.0 3560.0 1702.0 7992.0 33488.407458416856
11732.0 3472.0 1746.0 8079.0 34275.05343136892
8156.0 3433.0 1732.0 8259.0 34626.95176891688
10297.0 3473.0 1768.0 8038.0 34382.22684439031
8695.0 3472.0 1721.0 8275.0 34439.44720318911
13328.0 3394.0 1767.0 8533.0 35027.280605709064
24810.0 3411.0 1753.0 8472.0 35005.03743525031
20406.0 3408.0 1802.0 8226.0 35016.29117160857
8205.0 3491.0 1692.0 8240.0 34308.671924962044
10316.0 3473.0 1732.0 8202.0 34133.53492072674
9327.0 3368.0 1792.0 8409.0 35463.78763276386
10175.0 3478.0 1761.0 8010.0 34417.66075549633
10622.0 3457.0 1763.0 8098.0 34453.311762450845
10384.0 3399.0 1738.0 8561.0 34782.31968347347
32665.0 3474.0 1698.0 8233.0 34271.922292895695
8125.0 3437.0 1749.0 8249.0 34634.770056563495
15403.0 3515.0 1698.0 8275.0 33841.740948903396
26020.0 3448.0 1738.0 8241.0 34495.94598152201
7825.0 3443.0 1716.0 8450.0 34776.577405974385
17821.0 3450.0 1702.0 8460.0 34640.505038728545
27004.0 3451.0 1712.0 8195.0 34735.457582002855
13348.0 3453.0 1716.0 8430.0 34377.172001137325
9358.0 3413.0 1755.0 8417.0 34860.78514193329
16774.0 3419.0 1739.0 8324.0 34875.74602827799
8623.0 3519.0 1678.0 8112.0 33815.94093130914
17960.0 3457.0 1748.0 8298.0 34384.60920263696
12354.0 3494.0 1706.0 8185.0 34212.84531313347
7299.0 3461.0 1734.0 8177.0 34594.31394208389
8323.0 3484.0 1675.0 8511.0 34124.69122375975
9759.0 3518.0 1715.0 8044.0 34041.60535971379
6781.0 3451.0 1747.0 8282.0 34391.01100555985
9042.0 3529.0 1698.0 8024.0 33737.79094374347
34046.0 3473.0 1721.0 8272.0 34360.17619812925
17050.0 3522.0 1726.0 8098.0 33836.792093889766
9427.0 3520.0 1734.0 7934.0 33562.662332389824
13048.0 3352.0 1762.0 8661.0 35513.059790394116
18877.0 3418.0 1776.0 8201.0 34932.073666770055
10929.0 3449.0 1715.0 8431.0 34846.914796024634
8415.0 3457.0 1746.0 8121.0 34438.14497173036
21661.0 3548.0 1671.0 8206.0 33432.896806888886
12091.0 3459.0 1745.0 8180.0 34555.367857404424
8302.0 3498.0 1721.0 8091.0 34193.41034436923
7219.0 3445.0 1721.0 8442.0 34626.23120174771
10671.0 3566.0 1695.0 7980.0 33449.52675797398
10960.0 3536.0 1659.0 8423.0 33429.31604894943
16409.0 3516.0 1703.0 8190.0 33819.6560242172
10729.0 3502.0 1718.0 8099.0 34266.840998761494
16066.0 3498.0 1710.0 8182.0 33984.790519022856
13360.0 3516.0 1703.0 8211.0 33878.31650742663
11797.0 3425.0 1751.0 8388.0 34719.26902415515
13558.0 3485.0 1688.0 8357.0 34180.62550370328
6370.0 3488.0 1729.0 8341.0 34222.649350719956
37634.0 3449.0 1743.0 8445.0 34319.59169881162
10320.0 3533.0 1710.0 8056.0 33689.94570344918
12684.0 3391.0 1771.0 8391.0 35194.89946435901
6751.0 3485.0 1709.0 8174.0 34196.84784121331
13983.0 3525.0 1699.0 7960.0 33814.99800994015
8291.0 3534.0 1664.0 8244.0 33557.285896005276
13818.0 3450.0 1751.0 8365.0 34434.28333489922
10062.0 3448.0 1772.0 8206.0 34628.958726213285
9975.0 3502.0 1744.0 8048.0 33892.70115343519
6890.0 3512.0 1720.0 8039.0 34054.05586601727
19112.0 3506.0 1722.0 8047.0 34095.205454605595
5568.0 3459.0 1749.0 8391.0 34395.15265547974
7859.0 3413.0 1752.0 8415.0 35057.01806013255
20750.0 3460.0 1752.0 8091.0 34259.82140050552
9526.0 3451.0 1758.0 8082.0 34637.153756631364
15450.0 3537.0 1677.0 8209.0 33733.995988461975
10336.0 3455.0 1719.0 8425.0 34308.247334711574
8730.0 3422.0 1736.0 8531.0 34783.76523571677
6214.0 3466.0 1750.0 8172.0 34457.99176747736
7077.0 3421.0 1754.0 8438.0 34768.90850474071
17621.0 3483.0 1680.0 8467.0 34124.65941078959
10513.0 3407.0 1729.0 8798.0 35382.417548305675
28055.0 3462.0 1724.0 8343.0 34337.990215822254
10858.0 3488.0 1681.0 8568.0 34085.04558053621
16322.0 3402.0 1768.0 8335.0 35152.96366265102
9602.0 3461.0 1736.0 8140.0 34545.13787449686
8805.0 3442.0 1724.0 8405.0 34574.93157767742
6389.0 3434.0 1755.0 8292.0 34581.02620673658
26468.0 3383.0 1786.0 8368.0 35176.705015945525
13435.0 3474.0 1720.0 8172.0 34372.10960800153
12751.0 3465.0 1725.0 8193.0 34224.75451548579
7152.0 3436.0 1751.0 8342.0 34537.89400431583
6986.0 3418.0 1784.0 8157.0 35090.03291456362
8417.0 3462.0 1740.0 8318.0 34191.31266524886
18529.0 3480.0 1725.0 8114.0 34217.4608407624
14826.0 3535.0 1708.0 7934.0 33569.207249061306
17966.0 3343.0 1839.0 8294.0 35826.03424329284
6459.0 3486.0 1733.0 8106.0 34045.151730624275
11618.0 3475.0 1723.0 8127.0 34459.90533212694
9301.0 3503.0 1699.0 8340.0 33834.21816807164
10966.0 3454.0 1744.0 8303.0 34470.819293331995
17948.0 3472.0 1741.0 8100.0 34432.48643313314
9378.0 3520.0 1702.0 8094.0 33913.874800767015
11419.0 3492.0 1717.0 8305.0 33941.18106802275
9731.0 3426.0 1747.0 8336.0 34762.1167931635
8835.0 3464.0 1732.0 8199.0 34481.725864455206
11683.0 3421.0 1775.0 8254.0 34797.0330511444
18017.0 3449.0 1742.0 8066.0 34722.483305302936
13047.0 3588.0 1643.0 8315.0 33130.02895816433
14395.0 3379.0 1775.0 8396.0 35270.659247651194
18710.0 3492.0 1751.0 7926.0 34144.38890115405
10062.0 3563.0 1695.0 7909.0 33496.017835383216
7131.0 3436.0 1741.0 8291.0 34735.71533845394
8809.0 3427.0 1770.0 8067.0 34712.5122771737
18143.0 3440.0 1719.0 8505.0 34694.68832416132
13517.0 3479.0 1743.0 8171.0 34304.98008820949
8797.0 3434.0 1767.0 8224.0 34667.26233285028
10514.0 3470.0 1739.0 8120.0 34386.512962992245
12793.0 3446.0 1707.0 8557.0 34627.76982333878
8208.0 3376.0 1756.0 8756.0 35275.026369957
13733.0 3504.0 1684.0 8285.0 34009.15840532222
17686.0 3377.0 1769.0 8600.0 35396.74154233001
11208.0 3538.0 1717.0 7907.0 33639.65791658977
11815.0 3494.0 1669.0 8449.0 34256.20182732439
21959.0 3479.0 1740.0 7943.0 34142.36847541505
7842.0 3464.0 1726.0 8433.0 34272.139518486874
38235.0 3453.0 1757.0 8111.0 34493.150440783196
7980.0 3462.0 1720.0 8259.0 34535.582994516015
8608.0 3459.0 1740.0 8285.0 34319.01964165327
8501.0 3505.0 1702.0 8157.0 34047.065812817615
21383.0 3383.0 1747.0 8641.0 35218.22987307148
10617.0 3529.0 1705.0 7965.0 33717.8525532585
7703.0 3482.0 1744.0 8160.0 34205.71614441905
14254.0 3439.0 1766.0 8209.0 34804.40126428645
8407.0 3476.0 1736.0 8359.0 34239.954288900495
6798.0 3469.0 1760.0 8010.0 34527.708019998565
16920.0 3518.0 1694.0 8296.0 33775.86544251001
21388.0 3497.0 1653.0 8346.0 34112.1357202943
15031.0 3490.0 1744.0 7932.0 34251.300656394815
13644.0 3504.0 1707.0 8147.0 33928.328589619916
16668.0 3585.0 1644.0 8240.0 33304.0680237732
9724.0 3429.0 1745.0 8340.0 34947.09468043184
8570.0 3484.0 1733.0 8214.0 34256.43212382352
14673.0 3481.0 1742.0 8116.0 34102.905520285276
18195.0 3554.0 1685.0 8091.0 33510.57815592777
23607.0 3494.0 1697.0 8468.0 33896.31689192937
6329.0 3501.0 1727.0 8171.0 33986.599668501956
10060.0 3439.0 1725.0 8510.0 34616.911961590755
14589.0 3412.0 1749.0 8457.0 34859.73823082072
7127.0 3442.0 1784.0 8120.0 34662.30046707643
18524.0 3554.0 1680.0 8144.0 33364.66757153437
6191.0 3537.0 1697.0 8116.0 33727.47597284404
13905.0 3455.0 1744.0 8409.0 34373.06926656483
14505.0 3550.0 1717.0 7933.0 33615.92133146124
24150.0 3575.0 1719.0 7646.0 33266.107504436346
18012.0 3512.0 1685.0 8202.0 33880.03437515364
11693.0 3450.0 1721.0 8551.0 34541.93496526206
13072.0 3452.0 1716.0 8375.0 34420.459422556734
13849.0 3360.0 1766.0 8476.0 35440.838614219705
13593.0 3429.0 1764.0 8195.0 34883.650869698664
9742.0 3393.0 1790.0 8299.0 35016.827721596645
11599.0 3430.0 1719.0 8355.0 34806.81873787473
8682.0 3456.0 1762.0 8160.0 34524.51455742106
11352.0 3399.0 1745.0 8478.0 35022.35039403731
24690.0 3456.0 1753.0 8239.0 34481.82300778466
7994.0 3459.0 1743.0 8250.0 34655.14765350742
12364.0 3492.0 1707.0 8194.0 34236.873976775714
26698.0 3487.0 1717.0 8062.0 34199.39334754401
11864.0 3444.0 1735.0 8171.0 34645.80601990118
26650.0 3387.0 1754.0 8450.0 35033.515361313686
17188.0 3511.0 1733.0 8007.0 34038.18671395119
18725.0 3513.0 1688.0 8111.0 33829.95926946689
17765.0 3397.0 1762.0 8479.0 34961.43379678686
10886.0 3500.0 1728.0 8122.0 34151.9654234742
12026.0 3489.0 1684.0 8365.0 34104.40553563069
15579.0 3463.0 1723.0 8317.0 34231.9063528623
8947.0 3457.0 1721.0 8288.0 34536.166749337004
8781.0 3490.0 1668.0 8455.0 34236.06579842743
11614.0 3466.0 1726.0 8296.0 34135.40837720713
13387.0 3385.0 1744.0 8518.0 35261.69956638115
7228.0 3562.0 1686.0 8021.0 33497.777135109114
10597.0 3375.0 1777.0 8549.0 35365.44332629683
8760.0 3500.0 1692.0 8257.0 34132.4330494891
10760.0 3495.0 1698.0 8425.0 34078.43934492304
9627.0 3546.0 1717.0 8012.0 33675.101167605215
8558.0 3467.0 1700.0 8312.0 34066.10060136534
11151.0 3407.0 1742.0 8453.0 35029.33802321857
9977.0 3490.0 1785.0 7924.0 34106.39604622766
5938.0 3418.0 1762.0 8270.0 35071.41520445267
9460.0 3409.0 1748.0 8449.0 35058.690572196196
20980.0 3450.0 1757.0 8218.0 34435.569567346014
11718.0 3539.0 1684.0 8216.0 33740.037764074674
30071.0 3449.0 1689.0 8559.0 34727.84575714308
11385.0 3494.0 1673.0 8419.0 33952.82353557023
11361.0 3502.0 1724.0 8071.0 34217.4378699432
18203.0 3486.0 1729.0 8104.0 34325.58458289061
20344.0 3418.0 1729.0 8503.0 34727.48075468602
10406.0 3467.0 1719.0 8165.0 34409.010889001256
10652.0 3437.0 1747.0 8278.0 34554.41213392483
7778.0 3467.0 1707.0 8287.0 34301.80449979566
10169.0 3502.0 1753.0 7900.0 33875.71928788248
10307.0 3478.0 1728.0 8244.0 34451.47805916033
17473.0 3435.0 1774.0 8269.0 34626.233107532076
11518.0 3525.0 1784.0 7823.0 33708.61622105717
7429.0 3500.0 1693.0 8160.0 33970.351059891516
