11358.0 3434.0 1724.0 8385.0 34633.24832687314
17867.0 3446.0 1750.0 8284.0 34488.53040473601
8307.0 3490.0 1725.0 8245.0 33910.02282169011
24967.0 3462.0 1690.0 8456.0 34534.24195098262
7378.0 3394.0 1788.0 8365.0 35314.91605872974
9829.0 3516.0 1705.0 8262.0 33714.19077271049
8209.0 3517.0 1700.0 8082.0 33862.810101421375
8128.0 3397.0 1750.0 8521.0 35135.59636588773
6531.0 3449.0 1734.0 8244.0 34701.39397178658
13775.0 3381.0 1777.0 8313.0 35444.53548297362
9313.0 3475.0 1715.0 8456.0 34183.273629202704
8844.0 3497.0 1716.0 8344.0 34270.88260234262
11401.0 3486.0 1698.0 8342.0 34041.54800755163
20264.0 3529.0 1668.0 8337.0 33736.78288407704
17132.0 3524.0 1711.0 8136.0 33702.0445183968
9036.0 3475.0 1736.0 8205.0 34232.829683622236
21811.0 3424.0 1770.0 8334.0 34771.206990672355
35547.0 3429.0 1759.0 8129.0 34766.07783613585
8398.0 3401.0 1780.0 8285.0 34907.615452016325
8483.0 3498.0 1732.0 8186.0 33951.3333146559
15109.0 3497.0 1714.0 8282.0 33915.674208229786
13766.0 3433.0 1775.0 8114.0 34811.80235861607
27317.0 3522.0 1669.0 8227.0 33774.82994833663
17752.0 3491.0 1732.0 8041.0 34173.935088308564
7696.0 3449.0 1768.0 8150.0 34496.191708530285
11765.0 3534.0 1687.0 8110.0 33741.508174793686
16778.0 3423.0 1742.0 8456.0 34843.264065060095
7959.0 3531.0 1714.0 7869.0 33644.21064160587
8420.0 3438.0 1751.0 8252.0 34466.32226585228
25249.0 3581.0 1691.0 7881.0 33330.343445730156
15011.0 3497.0 1708.0 8185.0 33938.28903613506
12213.0 3406.0 1762.0 8408.0 34899.47167655674
9042.0 3506.0 1724.0 8013.0 33961.63130953296
10262.0 3471.0 1713.0 8195.0 34428.14066100667
59840.0 3501.0 1727.0 8144.0 33935.417575544554
11923.0 3489.0 1741.0 7906.0 34266.83870453277
10002.0 3492.0 1707.0 8269.0 34192.27990172122
15007.0 3455.0 1744.0 8326.0 34428.99545298984
9243.0 3351.0 1794.0 8629.0 35385.76184803828
11469.0 3524.0 1709.0 8210.0 33653.01131881091
11889.0 3413.0 1750.0 8457.0 34740.806063023076
18934.0 3508.0 1703.0 8148.0 33829.65006898023
9542.0 3432.0 1741.0 8434.0 34802.38278631028
6567.0 3501.0 1734.0 8169.0 33966.317784377796
19631.0 3415.0 1766.0 8306.0 34881.99014031592
8676.0 3459.0 1745.0 8233.0 34685.42787808011
9307.0 3426.0 1751.0 8244.0 34909.02911166752
8873.0 3533.0 1674.0 8241.0 33447.70795077338
11162.0 3436.0 1732.0 8260.0 34592.18529309217
9441.0 3484.0 1714.0 8214.0 34217.93266394516
18421.0 3414.0 1753.0 8312.0 34980.96831225509
9101.0 3475.0 1699.0 8401.0 34391.52636948367
14173.0 3427.0 1737.0 8259.0 34934.71570933188
9560.0 3507.0 1709.0 8173.0 33962.292651758646
7033.0 3461.0 1740.0 8343.0 34282.042062371715
27208.0 3499.0 1693.0 8352.0 34000.510381354514
9061.0 3432.0 1727.0 8486.0 34770.52969920384
14854.0 3447.0 1731.0 8302.0 34514.439136942725
9183.0 3501.0 1689.0 8183.0 33950.84432949335
21537.0 3421.0 1783.0 8237.0 34761.45469309475
12002.0 3513.0 1684.0 8317.0 34008.87861570372
9455.0 3439.0 1760.0 8138.0 34536.85417441473
7637.0 3495.0 1692.0 8376.0 33911.65923726972
9641.0 3397.0 1776.0 8555.0 34935.75261027814
18189.0 3483.0 1707.0 8268.0 34228.17026826423
9481.0 3464.0 1706.0 8308.0 34306.816888039975
5782.0 3364.0 1829.0 8320.0 35602.86215168307
29110.0 3483.0 1738.0 8142.0 34045.74948191577
15947.0 3473.0 1692.0 8459.0 34442.09077491416
25016.0 3508.0 1745.0 7978.0 33889.74802951609
9006.0 3521.0 1699.0 8183.0 33886.52090923497
13851.0 3483.0 1711.0 8311.0 34097.16849643379
8789.0 3471.0 1736.0 8082.0 34315.204902164434
15832.0 3445.0 1733.0 8302.0 34589.70066574645
15823.0 3421.0 1724.0 8629.0 34889.4033463663
18065.0 3379.0 1767.0 8594.0 35282.16554864473
19321.0 3437.0 1764.0 8331.0 34500.96284765899
9258.0 3508.0 1686.0 8280.0 33902.00921491733
18140.0 3470.0 1725.0 8228.0 34227.83621393148
8074.0 3466.0 1733.0 8225.0 34439.32139177187
34427.0 3489.0 1696.0 8279.0 34153.100216290506
15044.0 3444.0 1735.0 8404.0 34478.158048209036
11998.0 3453.0 1713.0 8539.0 34368.43512769971
7054.0 3410.0 1755.0 8489.0 34920.53156810169
8183.0 3553.0 1694.0 8085.0 33475.49495102735
9279.0 3423.0 1725.0 8634.0 35014.88592962474
11810.0 3506.0 1721.0 8017.0 34060.11046160075
10237.0 3469.0 1724.0 8299.0 34460.006115924625
7558.0 3389.0 1761.0 8319.0 35012.90269157899
12482.0 3447.0 1747.0 8092.0 34240.88765197425
17661.0 3454.0 1708.0 8585.0 34449.54566658924
13266.0 3494.0 1728.0 8221.0 34127.0183311348
10870.0 3467.0 1689.0 8512.0 34315.18347496301
8489.0 3434.0 1734.0 8245.0 34591.594267243774
37013.0 3487.0 1713.0 8251.0 34092.94211205021
10573.0 3475.0 1727.0 8361.0 34251.57929313033
10849.0 3445.0 1745.0 8444.0 34573.111381936396
6859.0 3480.0 1711.0 8412.0 34251.70130277926
11519.0 3475.0 1702.0 8372.0 34172.76414222989
7161.0 3479.0 1727.0 8276.0 34211.306427241594
9301.0 3498.0 1660.0 8464.0 34092.43956824289
10418.0 3547.0 1681.0 8240.0 33525.11043227027
10394.0 3445.0 1724.0 8453.0 34286.71083827783
9685.0 3433.0 1709.0 8687.0 34629.02956422279
5705.0 3445.0 1735.0 8426.0 34679.995704616565
13994.0 3477.0 1714.0 8298.0 34338.598628173444
10000.0 3471.0 1688.0 8572.0 34476.855784586434
9656.0 3457.0 1763.0 8188.0 34498.3276008085
10903.0 3451.0 1711.0 8479.0 34563.11102951501
8563.0 3453.0 1758.0 8283.0 34285.31721217585
7955.0 3438.0 1706.0 8391.0 34826.925321129405
35353.0 3537.0 1680.0 8190.0 33670.9166011855
7973.0 3476.0 1717.0 8111.0 34151.087898647806
8850.0 3540.0 1676.0 8181.0 33724.43174273461
12476.0 3434.0 1718.0 8471.0 34628.66370930139
15314.0 3457.0 1737.0 8290.0 34296.636550148614
37904.0 3490.0 1709.0 8187.0 34147.24014308974
16920.0 3467.0 1762.0 7896.0 34466.345313548896
10726.0 3492.0 1731.0 7905.0 33912.98252765302
9257.0 3460.0 1719.0 8445.0 34551.407501625465
11788.0 3466.0 1760.0 8078.0 34401.15844059022
23249.0 3483.0 1755.0 8054.0 34127.45414767883
8573.0 3466.0 1711.0 8475.0 34513.044651745084
44486.0 3514.0 1682.0 8381.0 33857.45872866416
6381.0 3412.0 1761.0 8414.0 34854.87721511907
26816.0 3519.0 1675.0 8411.0 33730.89465072777
8357.0 3444.0 1752.0 8213.0 34727.34174226985
36807.0 3506.0 1696.0 8092.0 33889.243265678575
10352.0 3487.0 1699.0 8269.0 34074.70884369666
8161.0 3463.0 1730.0 8330.0 34366.84209242258
6293.0 3437.0 1724.0 8422.0 34617.99583055403
14310.0 3460.0 1714.0 8435.0 34573.509313138275
8657.0 3497.0 1690.0 8430.0 34122.212165459
11099.0 3430.0 1700.0 8480.0 34570.674977384886
10567.0 3498.0 1703.0 8208.0 33967.23133825204
10866.0 3560.0 1661.0 8061.0 33522.212827536045
9903.0 3459.0 1720.0 8439.0 34485.26802445732
9233.0 3410.0 1748.0 8378.0 34927.84989780159
8730.0 3455.0 1741.0 8323.0 34516.953539521164
8444.0 3433.0 1730.0 8337.0 35083.166098700145
8551.0 3521.0 1703.0 7965.0 33901.47667701101
8878.0 3395.0 1750.0 8527.0 34996.833319624246
20094.0 3488.0 1730.0 8061.0 34147.45316941354
6350.0 3444.0 1711.0 8410.0 34628.15889597415
11753.0 3474.0 1724.0 8259.0 34328.61877337021
8835.0 3488.0 1724.0 8104.0 34329.07884747746
12947.0 3429.0 1757.0 8259.0 34617.774210630094
8495.0 3487.0 1730.0 7999.0 34291.460115123344
0.0 647.0 3162.0 15097.0 62642.07225173605
0.0 647.0 3162.0 15097.0 62642.07225173605
9301.0 3485.0 1705.0 8296.0 34064.30982113304
16469.0 3485.0 1730.0 8155.0 34004.983417277814
18950.0 3389.0 1808.0 8194.0 35025.712192340565
13669.0 3448.0 1716.0 8415.0 34214.17304141553
12845.0 3461.0 1728.0 8371.0 34489.20830631555
10330.0 3523.0 1676.0 8169.0 34070.92134314326
6811.0 3532.0 1741.0 7977.0 33763.619209555334
16058.0 3500.0 1715.0 8133.0 34053.28973879156
7567.0 3490.0 1681.0 8388.0 34177.85901875479
14682.0 3401.0 1724.0 8583.0 35219.48157733193
19919.0 3510.0 1720.0 8051.0 34114.22457700208
7971.0 3515.0 1709.0 8163.0 33801.70903147456
9947.0 3468.0 1699.0 8454.0 34606.07263329979
11158.0 3523.0 1723.0 8047.0 33864.14809961998
7176.0 3436.0 1734.0 8503.0 34841.545396184636
14290.0 3555.0 1676.0 8061.0 33407.94869664689
15446.0 3518.0 1704.0 7998.0 33978.49115535689
14932.0 3460.0 1722.0 8191.0 34261.95199630513
12251.0 3391.0 1815.0 8248.0 35172.50034054607
27617.0 3398.0 1753.0 8392.0 35111.133809380335
12101.0 3520.0 1731.0 8049.0 33865.73323478096
19353.0 3510.0 1681.0 8223.0 33964.80865239439
9614.0 3531.0 1666.0 8373.0 33654.19049260407
17783.0 3452.0 1735.0 8270.0 34526.8865321255
16721.0 3391.0 1741.0 8591.0 35222.002710776884
9267.0 3552.0 1704.0 8082.0 33698.21964170294
20946.0 3500.0 1696.0 8288.0 34010.59479449185
14574.0 3453.0 1694.0 8448.0 34692.89978439009
37326.0 3526.0 1722.0 7952.0 33721.676600402396
9086.0 3462.0 1765.0 8002.0 34574.10320859626
6704.0 3414.0 1708.0 8661.0 34962.519363578765
17455.0 3554.0 1691.0 8119.0 33699.68124485214
44792.0 3461.0 1782.0 7906.0 34316.93781529872
7200.0 3430.0 1752.0 8473.0 34850.14229207248
8004.0 3515.0 1680.0 8449.0 33931.583255068144
10314.0 3542.0 1671.0 8209.0 33684.279244736426
9831.0 3419.0 1796.0 8133.0 34860.13116204591
9424.0 3473.0 1725.0 8231.0 34304.867903397106
21190.0 3428.0 1753.0 8433.0 34599.082685406436
10162.0 3448.0 1760.0 8166.0 34442.974844365046
8288.0 3460.0 1755.0 8195.0 34408.120590819
16883.0 3440.0 1783.0 8086.0 34807.83147903613
9992.0 3451.0 1742.0 8188.0 34655.094320019896
7528.0 3469.0 1714.0 8451.0 34435.26612771445
11101.0 3410.0 1784.0 8277.0 34945.85459754376
12243.0 3421.0 1776.0 8167.0 34794.32365515294
24344.0 3436.0 1689.0 8600.0 34651.33874353615
6821.0 3471.0 1784.0 8086.0 34384.510751107024
8193.0 3413.0 1746.0 8334.0 34830.64834244145
10405.0 3427.0 1741.0 8409.0 34836.486401554415
7853.0 3437.0 1722.0 8608.0 34701.4281440843
31875.0 3483.0 1697.0 8459.0 34271.233952111215
10751.0 3444.0 1662.0 8730.0 34633.7689578839
7746.0 3512.0 1687.0 8102.0 33890.46758902214
9182.0 3415.0 1735.0 8537.0 34875.128082689625
12149.0 3470.0 1706.0 8357.0 34301.65293344346
17813.0 3513.0 1715.0 8056.0 33804.735818703375
