8630.0 3437.0 1755.0 8247.0 34762.974288537785
10273.0 3433.0 1757.0 8223.0 35001.45663116331
6566.0 3464.0 1708.0 8390.0 34359.04325507685
7890.0 3445.0 1743.0 8373.0 34573.03524508786
12726.0 3423.0 1764.0 8255.0 34940.90669502967
15959.0 3464.0 1753.0 8304.0 34399.06356594131
6759.0 3622.0 1623.0 7970.0 32799.87773955934
7351.0 3425.0 1724.0 8402.0 34896.875127519575
7759.0 3467.0 1718.0 8137.0 34281.17841571209
11151.0 3479.0 1761.0 8056.0 34229.32444589308
6819.0 3424.0 1768.0 8359.0 34989.57477572063
10542.0 3482.0 1703.0 8178.0 34346.90589244346
16305.0 3402.0 1721.0 8763.0 35003.06774823674
38703.0 3455.0 1734.0 8240.0 34487.27010624958
14438.0 3509.0 1719.0 8204.0 33974.47778930424
10028.0 3512.0 1694.0 8270.0 34052.18285509646
7851.0 3509.0 1698.0 8297.0 33815.47074513537
12224.0 3418.0 1740.0 8532.0 34777.22107286506
13313.0 3435.0 1750.0 8240.0 34551.25525151389
24231.0 3420.0 1778.0 8280.0 34684.36015116949
8757.0 3427.0 1745.0 8360.0 34815.23265951058
10186.0 3448.0 1778.0 8250.0 34376.85212137502
5815.0 3481.0 1710.0 8179.0 34120.29667569365
11825.0 3454.0 1730.0 8256.0 34538.950015036506
15044.0 3530.0 1714.0 7974.0 33711.53172972912
12606.0 3471.0 1700.0 8323.0 34337.086554075315
27032.0 3515.0 1745.0 8018.0 33788.65268681626
26025.0 3421.0 1721.0 8536.0 34884.05980082248
13202.0 3442.0 1699.0 8586.0 34585.26045350678
10989.0 3444.0 1722.0 8263.0 34643.56073663323
10106.0 3446.0 1763.0 8120.0 34783.18999641464
7148.0 3492.0 1726.0 8041.0 34162.72604054132
8534.0 3460.0 1742.0 8300.0 34406.90031515016
11002.0 3543.0 1700.0 8042.0 33366.10990456072
21547.0 3435.0 1710.0 8497.0 34509.32556805105
9814.0 3543.0 1687.0 7981.0 33610.070191386956
7204.0 3504.0 1725.0 8173.0 34270.19561533058
9984.0 3532.0 1732.0 7985.0 33620.51210135761
7730.0 3441.0 1752.0 8504.0 34672.494848488575
11585.0 3398.0 1775.0 8379.0 34967.01564514098
8664.0 3451.0 1727.0 8279.0 34421.15434094076
7733.0 3485.0 1695.0 8323.0 34225.20980890139
8155.0 3440.0 1763.0 8241.0 34748.36314219964
20827.0 3496.0 1675.0 8446.0 34059.64468334313
7458.0 3446.0 1731.0 8380.0 34579.76445918404
8733.0 3519.0 1671.0 8407.0 34064.052195727156
11485.0 3433.0 1751.0 8334.0 34651.67341036897
13707.0 3461.0 1710.0 8341.0 34524.10580770339
6692.0 3452.0 1752.0 8351.0 34578.01344774015
12272.0 3479.0 1725.0 8013.0 34468.57864815209
17683.0 3450.0 1754.0 8321.0 34481.683555536234
12207.0 3498.0 1741.0 7970.0 34175.279496860065
6363.0 3362.0 1791.0 8547.0 35550.58577147403
9445.0 3458.0 1715.0 8330.0 34257.60244030749
11022.0 3439.0 1758.0 8147.0 34619.277969542716
16980.0 3444.0 1760.0 8212.0 34403.91547115239
19546.0 3443.0 1790.0 7972.0 34690.27460026794
42544.0 3470.0 1714.0 8233.0 34264.69764831359
18345.0 3499.0 1712.0 8197.0 33879.687781900764
13645.0 3536.0 1652.0 8250.0 33714.95226510581
16717.0 3454.0 1710.0 8337.0 34516.707589658974
14584.0 3462.0 1731.0 8162.0 34691.98284680398
11760.0 3476.0 1715.0 8269.0 34222.1248505266
7571.0 3485.0 1738.0 8205.0 34015.83844909066
11158.0 3500.0 1759.0 8021.0 33935.29841369424
19431.0 3457.0 1718.0 8341.0 34399.116941663146
12247.0 3413.0 1760.0 8328.0 35018.71782292651
22154.0 3536.0 1716.0 8020.0 33667.83825113316
14440.0 3384.0 1755.0 8487.0 35152.561495570786
8504.0 3476.0 1745.0 8127.0 34380.882548469504
8881.0 3421.0 1761.0 8438.0 34941.411755074725
16600.0 3414.0 1740.0 8659.0 34760.52975540012
16753.0 3449.0 1733.0 8350.0 34626.0712084457
8885.0 3475.0 1735.0 8069.0 34339.34615050573
12559.0 3535.0 1731.0 7968.0 33693.189821809465
14978.0 3559.0 1683.0 7962.0 33503.05026740592
8480.0 3480.0 1769.0 8041.0 34355.186273212144
7475.0 3442.0 1736.0 8462.0 34519.98612007351
14220.0 3488.0 1726.0 8189.0 34097.85370590343
37240.0 3455.0 1712.0 8440.0 34306.512932873404
12068.0 3388.0 1751.0 8571.0 35298.3239551037
8975.0 3467.0 1710.0 8222.0 34467.93552356142
11090.0 3456.0 1781.0 7947.0 34320.9744743162
9538.0 3512.0 1710.0 8117.0 33947.06616039408
8131.0 3536.0 1720.0 8095.0 33740.77650279963
10158.0 3427.0 1765.0 8294.0 34846.85740591279
12563.0 3405.0 1725.0 8468.0 34980.0232429121
8655.0 3459.0 1744.0 8080.0 34474.03247148919
19828.0 3464.0 1735.0 8320.0 34367.724537492366
12845.0 3444.0 1736.0 8188.0 34606.520368356374
13066.0 3461.0 1706.0 8455.0 34473.33356321708
28196.0 3443.0 1755.0 8217.0 34573.54812184683
9177.0 3543.0 1694.0 8060.0 33352.340573213834
10982.0 3442.0 1734.0 8522.0 34682.81946216628
7951.0 3462.0 1709.0 8415.0 34516.20181236239
11212.0 3425.0 1757.0 8397.0 34645.36699582689
7048.0 3493.0 1712.0 8275.0 34096.26401843431
7891.0 3472.0 1739.0 8358.0 34195.2641369145
10890.0 3520.0 1690.0 8008.0 33783.80381374461
15775.0 3497.0 1689.0 8263.0 34148.70024268334
9372.0 3414.0 1808.0 8098.0 35168.07295023271
11983.0 3410.0 1746.0 8368.0 34756.51524199784
7553.0 3515.0 1674.0 8270.0 34083.30264679248
9451.0 3382.0 1787.0 8277.0 35280.411181609146
0.0 635.0 3170.0 15122.0 62774.94181436678
0.0 635.0 3170.0 15122.0 62774.94181436678
9502.0 3446.0 1744.0 8256.0 34627.173817358205
13744.0 3438.0 1716.0 8395.0 34513.780362093305
13076.0 3522.0 1680.0 8201.0 34038.43886781597
9846.0 3448.0 1790.0 7781.0 34588.1061028242
19169.0 3407.0 1784.0 8284.0 35187.46385574141
12309.0 3498.0 1713.0 8306.0 34014.71117092236
11970.0 3464.0 1712.0 8474.0 34346.53126703221
12405.0 3442.0 1745.0 8416.0 34711.677797961405
27636.0 3440.0 1744.0 8232.0 34643.68464018302
8782.0 3506.0 1686.0 8308.0 33953.100178932036
8784.0 3484.0 1749.0 8010.0 34310.08167520313
8795.0 3465.0 1743.0 7991.0 34509.760489700224
16555.0 3427.0 1778.0 8322.0 34746.315833658075
20692.0 3415.0 1741.0 8527.0 34822.478892617415
11127.0 3439.0 1737.0 8541.0 34577.11880061699
8477.0 3520.0 1711.0 8138.0 33862.306322250006
7608.0 3485.0 1751.0 8028.0 34123.21580015291
9879.0 3459.0 1707.0 8539.0 34408.48916265084
16594.0 3570.0 1671.0 7984.0 33448.15073995524
8345.0 3459.0 1765.0 8082.0 34278.67382484875
19804.0 3562.0 1681.0 8005.0 33484.98410946121
6236.0 3420.0 1775.0 8234.0 34890.59821985189
18296.0 3435.0 1744.0 8543.0 34571.28625958877
8300.0 3422.0 1724.0 8628.0 34857.00481758729
5876.0 3488.0 1709.0 8550.0 34170.86011786605
7190.0 3449.0 1742.0 8421.0 34490.043491435885
7067.0 3528.0 1720.0 8104.0 34147.966382899234
18282.0 3472.0 1725.0 8228.0 34272.67162279441
12467.0 3493.0 1713.0 8160.0 34069.63803318156
37999.0 3508.0 1702.0 8188.0 34029.89296567102
7865.0 3460.0 1702.0 8572.0 34648.22251640167
5683.0 3504.0 1672.0 8421.0 34087.75250071745
10471.0 3446.0 1757.0 8104.0 34529.66613817451
25957.0 3459.0 1741.0 8182.0 34368.274606723746
23423.0 3504.0 1701.0 8365.0 33954.63209166192
28145.0 3464.0 1709.0 8370.0 34516.4986281527
6570.0 3493.0 1667.0 8390.0 34136.85027278738
7476.0 3428.0 1779.0 8490.0 34803.870119926934
48330.0 3407.0 1731.0 8715.0 34923.09056143011
9763.0 3392.0 1779.0 8311.0 35227.32937535928
9985.0 3409.0 1791.0 8207.0 35068.34280849074
7017.0 3513.0 1712.0 8121.0 33893.82970866056
14035.0 3538.0 1693.0 8018.0 33758.491833810534
12494.0 3440.0 1733.0 8331.0 34712.059936396254
19448.0 3453.0 1731.0 8244.0 34644.2342801153
9026.0 3444.0 1700.0 8423.0 34686.023871906444
14512.0 3511.0 1746.0 7885.0 34124.21246845126
13436.0 3413.0 1742.0 8448.0 35016.70692179732
15132.0 3457.0 1740.0 8193.0 34429.13933339924
10319.0 3487.0 1765.0 7999.0 34235.93755516351
27013.0 3442.0 1754.0 8212.0 34628.93613521476
10145.0 3548.0 1680.0 8099.0 33748.05923668822
9954.0 3451.0 1716.0 8517.0 34670.647395088956
10195.0 3416.0 1746.0 8500.0 34921.80877648522
11524.0 3472.0 1696.0 8467.0 34352.13215717072
12529.0 3503.0 1684.0 8340.0 34069.56721190335
20331.0 3423.0 1800.0 8122.0 34993.857970869554
9989.0 3466.0 1721.0 8110.0 34503.881770163374
16024.0 3487.0 1726.0 8087.0 34092.797291620074
15329.0 3443.0 1774.0 8084.0 34621.11927820107
10908.0 3450.0 1766.0 8120.0 34299.50288403634
23522.0 3473.0 1699.0 8336.0 34597.748447520724
10603.0 3442.0 1783.0 8218.0 34732.28355868232
15316.0 3481.0 1726.0 8133.0 34188.256917968414
10875.0 3443.0 1712.0 8401.0 34482.08709096768
6597.0 3441.0 1771.0 8132.0 34809.846082140764
18869.0 3498.0 1731.0 8080.0 34047.12545793267
12286.0 3491.0 1763.0 7893.0 34239.396130465655
29823.0 3511.0 1698.0 8242.0 34009.89477926785
10646.0 3391.0 1781.0 8443.0 35234.22239836982
8846.0 3482.0 1678.0 8498.0 34352.93471290976
9636.0 3448.0 1760.0 8173.0 34440.854877504134
10574.0 3448.0 1739.0 8337.0 34701.41285950707
18674.0 3461.0 1704.0 8397.0 34523.2910147323
13507.0 3434.0 1749.0 8325.0 34628.95091887704
17702.0 3508.0 1691.0 8347.0 33795.13359403148
8674.0 3473.0 1739.0 8144.0 34219.10781164761
9537.0 3439.0 1727.0 8363.0 34730.976459269375
23530.0 3448.0 1748.0 8182.0 34495.19463971057
8812.0 3400.0 1767.0 8400.0 35125.19189341691
7761.0 3412.0 1760.0 8538.0 34836.36120568189
22116.0 3504.0 1703.0 8254.0 33979.97693751023
11861.0 3497.0 1716.0 8054.0 34151.92173575713
9995.0 3557.0 1667.0 8006.0 33339.6513722571
5709.0 3448.0 1729.0 8381.0 34508.78621759935
9618.0 3437.0 1770.0 8286.0 34526.213090875666
7713.0 3473.0 1725.0 8313.0 34262.502470302876
12156.0 3506.0 1706.0 8186.0 34043.01863714907
12978.0 3446.0 1737.0 8362.0 34556.070955114265
11924.0 3449.0 1755.0 8246.0 34534.424935065304
16820.0 3482.0 1706.0 8504.0 34141.862076660684
7392.0 3476.0 1667.0 8752.0 34338.96768255643
16003.0 3434.0 1770.0 8249.0 34660.8091879212
11917.0 3495.0 1696.0 8155.0 34067.56251815407
17151.0 3466.0 1688.0 8357.0 34471.18782952696
6961.0 3435.0 1740.0 8441.0 34859.99862853676
10751.0 3439.0 1743.0 8237.0 34856.51775074831
19396.0 3484.0 1730.0 8122.0 34065.0253520698
8882.0 3387.0 1762.0 8579.0 35056.67887274461
11323.0 3408.0 1737.0 8549.0 35012.60112495226
10345.0 3506.0 1721.0 8094.0 33953.40617384523
8315.0 3417.0 1762.0 8331.0 34914.8256483901
9514.0 3465.0 1715.0 8264.0 34441.815421076535
12189.0 3501.0 1733.0 8132.0 34000.28931881819
9956.0 3515.0 1711.0 8219.0 33895.887160618
7063.0 3436.0 1765.0 8376.0 34400.99818166098
16949.0 3516.0 1706.0 8225.0 33890.95251614889
5370.0 3462.0 1721.0 8397.0 34336.37106601416
7392.0 3436.0 1710.0 8579.0 34835.718146509294
6061.0 3487.0 1720.0 8093.0 34300.58258343744
10215.0 3390.0 1794.0 8308.0 35104.96456567628
10713.0 3478.0 1704.0 8276.0 34345.95835125712
8587.0 3448.0 1728.0 8372.0 34449.55965820814
19989.0 3482.0 1704.0 8349.0 34321.43753754792
43541.0 3477.0 1725.0 8161.0 34272.69045960084
14775.0 3457.0 1734.0 8480.0 34351.634587537505
22014.0 3484.0 1718.0 8350.0 34057.74727390097
27136.0 3485.0 1708.0 8308.0 34113.520568258944
12559.0 3428.0 1769.0 8167.0 34844.02868856254
17412.0 3486.0 1708.0 8293.0 34047.85772109422
7938.0 3491.0 1697.0 8339.0 34191.153863251886
11904.0 3492.0 1700.0 8362.0 34063.837246691546
15861.0 3426.0 1727.0 8437.0 34659.08878419446
22207.0 3564.0 1659.0 8124.0 33259.978939010885
