14922.0 3449.0 1737.0 8458.0 34607.14408674148
16208.0 3514.0 1714.0 8036.0 34031.157998441864
13058.0 3499.0 1709.0 8143.0 33816.88573103394
9109.0 3463.0 1723.0 8231.0 34461.06134418231
12830.0 3446.0 1741.0 8277.0 34608.97665270532
11856.0 3543.0 1706.0 8080.0 33655.496745038356
8669.0 3420.0 1729.0 8388.0 34972.303879653366
10012.0 3413.0 1771.0 8397.0 35001.46276490243
6582.0 3399.0 1748.0 8594.0 35096.41809272851
6987.0 3491.0 1708.0 8107.0 34019.08059867406
12414.0 3453.0 1759.0 8031.0 34492.55488989747
10621.0 3488.0 1697.0 8320.0 34274.741668106304
14511.0 3484.0 1709.0 8391.0 34156.150863592804
5127.0 3476.0 1726.0 8411.0 34460.586665321134
9219.0 3366.0 1808.0 8285.0 35284.73139338895
9773.0 3460.0 1708.0 8592.0 34453.18923875347
10093.0 3430.0 1750.0 8229.0 34862.39508739741
7780.0 3403.0 1795.0 8399.0 35052.54963301734
10068.0 3529.0 1705.0 8194.0 33675.57265653458
9686.0 3518.0 1708.0 8180.0 33937.39716975241
16913.0 3473.0 1746.0 8175.0 34131.538026743736
12137.0 3461.0 1730.0 8263.0 34557.83841081628
9146.0 3490.0 1719.0 8184.0 34247.0968827267
14565.0 3507.0 1706.0 8065.0 33779.354420336116
12770.0 3404.0 1735.0 8533.0 35050.69739573491
17089.0 3489.0 1721.0 8127.0 34169.4582608952
13492.0 3434.0 1758.0 8318.0 34814.272925845515
7784.0 3535.0 1683.0 8054.0 33814.25917619725
5561.0 3407.0 1763.0 8528.0 34996.95248894854
7674.0 3458.0 1753.0 8136.0 34372.046986695794
9648.0 3480.0 1754.0 8025.0 34230.67125382808
28546.0 3501.0 1737.0 8070.0 34038.431083441195
13652.0 3445.0 1759.0 8042.0 34710.50081208761
14232.0 3420.0 1751.0 8185.0 34794.68371476097
7743.0 3542.0 1682.0 8099.0 33777.39683923099
10939.0 3432.0 1769.0 8148.0 34697.845848598874
7481.0 3524.0 1724.0 8067.0 33802.11746801823
10221.0 3436.0 1774.0 8038.0 34633.947166343016
17723.0 3490.0 1763.0 7964.0 34111.96896335467
13841.0 3416.0 1762.0 8295.0 35126.311598183136
13347.0 3403.0 1741.0 8647.0 35030.18198478739
17746.0 3463.0 1709.0 8388.0 34341.58655436106
9283.0 3420.0 1769.0 8326.0 34872.23797239895
13316.0 3531.0 1724.0 7984.0 33550.052664346425
7508.0 3466.0 1735.0 8221.0 34484.310669371596
11284.0 3545.0 1694.0 7947.0 33582.164959379814
8259.0 3449.0 1733.0 8390.0 34650.50437332326
16898.0 3404.0 1775.0 8418.0 34953.89227778471
7008.0 3390.0 1777.0 8507.0 35111.94950061804
10070.0 3474.0 1698.0 8334.0 34338.48926463734
8786.0 3419.0 1743.0 8451.0 34846.68585427894
26310.0 3469.0 1707.0 8397.0 34339.49869125832
7472.0 3459.0 1744.0 8015.0 34451.879546509605
9649.0 3429.0 1806.0 8028.0 34740.617450308506
15887.0 3405.0 1745.0 8659.0 34941.883665893685
14161.0 3469.0 1697.0 8446.0 34444.00639362955
11275.0 3422.0 1726.0 8558.0 34812.187618339056
7153.0 3479.0 1713.0 8303.0 34185.9692030783
13363.0 3507.0 1730.0 7985.0 34024.36862105948
20014.0 3432.0 1722.0 8521.0 34925.78176512243
9794.0 3400.0 1733.0 8734.0 34900.53899797286
11657.0 3534.0 1680.0 8145.0 33724.92306380001
7358.0 3467.0 1719.0 8255.0 34332.993589728976
8303.0 3442.0 1752.0 8298.0 34693.80471438586
15430.0 3525.0 1723.0 8063.0 33824.2717704423
7321.0 3449.0 1744.0 8429.0 34554.875928542184
15034.0 3483.0 1685.0 8329.0 34381.424550838776
8252.0 3481.0 1735.0 8082.0 34241.5148138848
13965.0 3438.0 1759.0 8169.0 34710.77438677152
8912.0 3534.0 1692.0 8167.0 33872.67130768627
7486.0 3546.0 1683.0 8227.0 33690.822308399496
13623.0 3493.0 1735.0 7985.0 34140.16132779666
13510.0 3396.0 1750.0 8554.0 35029.59405217712
8476.0 3454.0 1758.0 8236.0 34584.27819293573
12083.0 3470.0 1693.0 8370.0 34311.8120686241
9931.0 3472.0 1747.0 8056.0 34179.0044822311
8390.0 3514.0 1719.0 7974.0 34023.382949192914
19328.0 3448.0 1700.0 8431.0 34519.719924869096
15858.0 3474.0 1737.0 8184.0 34240.4229341742
15207.0 3468.0 1751.0 8142.0 34421.923100325315
9586.0 3462.0 1711.0 8334.0 34473.74054526342
9179.0 3479.0 1702.0 8424.0 34315.237982346385
7331.0 3421.0 1777.0 8230.0 34715.48904244317
6753.0 3474.0 1699.0 8358.0 34366.73267795016
25027.0 3432.0 1743.0 8294.0 34604.20091170971
6542.0 3417.0 1781.0 8357.0 34896.67638499419
10184.0 3398.0 1756.0 8443.0 35086.48897686486
14521.0 3436.0 1737.0 8399.0 34715.0981376031
12396.0 3410.0 1773.0 8395.0 35029.542458278316
8979.0 3445.0 1696.0 8586.0 34968.421972117234
8306.0 3499.0 1659.0 8431.0 33918.60946911079
20988.0 3516.0 1705.0 8105.0 33879.594744697
19869.0 3544.0 1728.0 7844.0 33670.981865942056
10791.0 3423.0 1739.0 8233.0 34875.77450384791
8065.0 3437.0 1712.0 8539.0 34798.676627594374
10149.0 3466.0 1722.0 8434.0 34218.56949541208
53286.0 3443.0 1760.0 8246.0 34526.82507631172
6728.0 3526.0 1695.0 8188.0 33875.15994146253
11486.0 3430.0 1777.0 8183.0 34810.167757752504
15990.0 3439.0 1773.0 8211.0 34507.20151672309
16713.0 3457.0 1743.0 8011.0 34403.94208773098
8604.0 3514.0 1695.0 8187.0 33748.45750677558
13841.0 3473.0 1765.0 7999.0 34211.57525429441
11296.0 3520.0 1704.0 8129.0 33998.907752564446
7221.0 3423.0 1739.0 8528.0 34768.455088224444
12540.0 3455.0 1719.0 8476.0 34492.50616948327
18584.0 3438.0 1739.0 8397.0 34542.67433048013
16424.0 3445.0 1743.0 8447.0 34491.76499205805
7209.0 3401.0 1764.0 8433.0 35051.43534395822
18780.0 3452.0 1738.0 8287.0 34567.49325067754
23891.0 3487.0 1713.0 8369.0 34177.70810300197
7551.0 3480.0 1717.0 8121.0 34252.2890128075
13553.0 3452.0 1734.0 8399.0 34500.42981920089
32963.0 3509.0 1735.0 7841.0 33964.321773875155
16653.0 3459.0 1723.0 8137.0 34366.45418673839
13873.0 3565.0 1686.0 8153.0 33409.89597873828
5963.0 3353.0 1776.0 8550.0 35468.640926724955
35749.0 3502.0 1702.0 8333.0 33985.577551816146
5734.0 3421.0 1743.0 8354.0 34817.69546446463
7595.0 3451.0 1737.0 8488.0 34658.739474498805
19688.0 3545.0 1650.0 8173.0 33671.00512408564
10116.0 3491.0 1750.0 7972.0 34065.48977088354
7077.0 3475.0 1721.0 8296.0 34447.03680379693
20168.0 3430.0 1732.0 8335.0 34737.15041718528
7723.0 3468.0 1721.0 8205.0 34064.03036098014
11811.0 3555.0 1709.0 7938.0 33576.701543522075
12828.0 3480.0 1715.0 8249.0 34206.87085799237
5663.0 3531.0 1677.0 8265.0 33708.338627245605
7118.0 3474.0 1723.0 8271.0 34193.36225394248
23748.0 3471.0 1691.0 8563.0 34414.006509061306
11215.0 3474.0 1720.0 8343.0 34289.173595430795
10638.0 3469.0 1729.0 8187.0 34426.26199620362
8533.0 3531.0 1715.0 7815.0 33752.48245451687
17821.0 3487.0 1764.0 8068.0 34076.86499494538
7516.0 3522.0 1684.0 8223.0 33965.5920855251
12581.0 3447.0 1800.0 7902.0 34662.802112004254
15071.0 3469.0 1725.0 8133.0 34338.535451193224
11870.0 3454.0 1775.0 8193.0 34462.994107631734
11722.0 3358.0 1816.0 8343.0 35628.331926309365
23524.0 3438.0 1763.0 8386.0 34600.30887035181
6717.0 3495.0 1698.0 8439.0 34148.86267101186
16083.0 3476.0 1712.0 8199.0 34267.46023795713
7169.0 3489.0 1689.0 8340.0 34185.58469719224
10034.0 3515.0 1654.0 8417.0 33689.27963992722
18460.0 3494.0 1731.0 8042.0 34127.533637054235
9418.0 3541.0 1682.0 8100.0 33468.94233958218
9795.0 3411.0 1750.0 8552.0 34901.23859226517
9160.0 3534.0 1671.0 8275.0 33653.892345417604
5892.0 3537.0 1713.0 7951.0 33596.44726015017
8508.0 3470.0 1698.0 8468.0 34293.55418614928
12106.0 3523.0 1745.0 7933.0 33859.459166441266
9719.0 3447.0 1760.0 8211.0 34471.94850233644
19557.0 3424.0 1741.0 8455.0 34858.557875793726
17484.0 3523.0 1682.0 8403.0 33730.176860201675
10422.0 3418.0 1764.0 8286.0 34837.02631923414
6544.0 3464.0 1721.0 8158.0 34505.31883942608
18501.0 3532.0 1691.0 8121.0 33952.96271155843
10756.0 3444.0 1753.0 8136.0 34586.15296842104
10839.0 3478.0 1711.0 8306.0 34181.813436278906
12581.0 3454.0 1732.0 8300.0 34732.254162670724
10718.0 3477.0 1731.0 8198.0 34307.86823812336
11809.0 3436.0 1755.0 8358.0 34630.08044747174
9701.0 3466.0 1730.0 8340.0 34392.93436396813
9619.0 3332.0 1755.0 8740.0 35726.48917588162
7546.0 3520.0 1742.0 8094.0 33751.82004511206
17260.0 3383.0 1752.0 8484.0 35229.447355528806
8644.0 3434.0 1735.0 8516.0 34938.47008814271
12847.0 3512.0 1724.0 7948.0 33838.92853281689
8153.0 3455.0 1765.0 8219.0 34535.61127753177
14758.0 3520.0 1674.0 8235.0 33868.87587498087
13688.0 3456.0 1713.0 8355.0 34466.63536163882
13209.0 3438.0 1760.0 8197.0 34616.91844485093
8826.0 3401.0 1735.0 8628.0 35337.79215809264
10900.0 3477.0 1716.0 8167.0 34204.7692275679
13114.0 3477.0 1718.0 8193.0 34187.82288657676
8414.0 3522.0 1736.0 7995.0 33732.32108160019
11527.0 3457.0 1747.0 8386.0 34492.03027122697
28628.0 3392.0 1778.0 8401.0 35188.16949268936
10409.0 3500.0 1703.0 8223.0 34189.73131352128
28684.0 3523.0 1673.0 8197.0 33756.257924046855
10336.0 3447.0 1746.0 8277.0 34709.56446381408
11045.0 3401.0 1779.0 8227.0 35040.67852170998
7812.0 3502.0 1717.0 8180.0 33990.17032582251
8174.0 3508.0 1714.0 8059.0 33918.991240508265
12710.0 3455.0 1752.0 8171.0 34700.42394822779
10352.0 3566.0 1687.0 8050.0 33518.20736718438
0.0 643.0 3166.0 15111.0 62688.05079425955
0.0 643.0 3166.0 15111.0 62688.05079425955
9824.0 3534.0 1695.0 8173.0 33558.31472712894
10443.0 3548.0 1653.0 8265.0 33794.21614521108
19668.0 3441.0 1743.0 8340.0 34756.08413073461
14611.0 3377.0 1762.0 8673.0 35415.52509238801
8169.0 3447.0 1771.0 8213.0 34520.445003409266
13881.0 3512.0 1700.0 8041.0 34210.92358417821
9626.0 3491.0 1696.0 8157.0 34211.73693289228
9765.0 3440.0 1778.0 8269.0 34664.466279400534
24323.0 3465.0 1742.0 8316.0 34340.34433134718
21100.0 3531.0 1707.0 8025.0 33904.92690158465
14098.0 3435.0 1730.0 8482.0 34619.20772066791
10655.0 3474.0 1741.0 8094.0 34277.10927185222
12728.0 3471.0 1687.0 8576.0 34431.818336721226
9491.0 3502.0 1693.0 8257.0 34107.98418102468
10723.0 3447.0 1725.0 8441.0 34654.90266657564
7333.0 3464.0 1721.0 8293.0 34489.23576233402
9084.0 3580.0 1663.0 8131.0 33498.034535878905
8753.0 3515.0 1726.0 8024.0 33813.07476317236
7921.0 3436.0 1748.0 8271.0 34770.21916418386
25779.0 3509.0 1734.0 8054.0 33768.80728948648
20642.0 3532.0 1685.0 8286.0 33613.33537033059
16692.0 3480.0 1679.0 8497.0 34376.905216793355
11008.0 3394.0 1784.0 8305.0 35077.060421463335
11185.0 3440.0 1734.0 8500.0 34492.23987344404
9021.0 3510.0 1699.0 8235.0 34103.90902503094
10110.0 3449.0 1758.0 8254.0 34327.8686070497
11620.0 3479.0 1698.0 8344.0 34225.6548052662
9229.0 3444.0 1707.0 8552.0 34509.95551621612
11494.0 3451.0 1734.0 8302.0 34604.910048151236
13853.0 3536.0 1708.0 8090.0 33659.18441679114
10730.0 3387.0 1789.0 8464.0 35126.69427199524
14905.0 3433.0 1714.0 8430.0 34898.932439500924
19051.0 3431.0 1739.0 8369.0 34715.651588607936
14487.0 3451.0 1687.0 8395.0 34441.98751086778
8010.0 3448.0 1771.0 8099.0 34597.33740581044
6667.0 3459.0 1739.0 8438.0 34260.88686391395
13026.0 3456.0 1711.0 8456.0 34400.91178150802
9113.0 3445.0 1738.0 8349.0 34645.10082545039
23357.0 3402.0 1755.0 8472.0 34954.15758893684
9169.0 3422.0 1786.0 8163.0 34755.53390062137
10576.0 3469.0 1698.0 8515.0 34259.40414582066
9545.0 3537.0 1717.0 7850.0 33521.66226789957
10656.0 3404.0 1755.0 8429.0 35133.48540646103
