14480.0 3454.0 1715.0 8300.0 34456.8692282391
25176.0 3443.0 1742.0 8262.0 34589.550965711576
11048.0 3449.0 1760.0 8200.0 34702.52341140207
13771.0 3442.0 1751.0 8359.0 34385.721956666166
15027.0 3357.0 1810.0 8296.0 35394.58285203035
10241.0 3467.0 1698.0 8550.0 34240.825511527204
10358.0 3498.0 1727.0 8053.0 34015.559459276374
8871.0 3485.0 1756.0 8138.0 34106.015919104124
17493.0 3469.0 1691.0 8439.0 34489.6772978223
9026.0 3542.0 1674.0 8221.0 33634.937490805976
9513.0 3513.0 1666.0 8472.0 33971.044824033415
6869.0 3509.0 1729.0 8078.0 33897.92175971907
16115.0 3511.0 1725.0 8075.0 34086.43164973634
23616.0 3542.0 1694.0 7982.0 33760.87079726185
7247.0 3478.0 1723.0 8401.0 34241.511921626225
7127.0 3491.0 1723.0 8259.0 34035.812201630746
8584.0 3441.0 1750.0 8468.0 34675.31524265678
6895.0 3480.0 1766.0 7870.0 34217.79771019679
31672.0 3450.0 1739.0 8327.0 34493.44931571648
16350.0 3492.0 1720.0 7967.0 34052.24106119774
7896.0 3504.0 1714.0 8136.0 34179.63319537493
8643.0 3473.0 1682.0 8602.0 34390.82049922654
10032.0 3429.0 1758.0 8327.0 34852.94440552456
19198.0 3410.0 1735.0 8605.0 34881.06541972053
7046.0 3470.0 1726.0 8373.0 34207.886809791475
7173.0 3404.0 1775.0 8515.0 34930.32474782675
8536.0 3404.0 1763.0 8588.0 34822.189693898355
9322.0 3473.0 1691.0 8442.0 34431.937357225805
8918.0 3489.0 1695.0 8160.0 34128.97855886682
11808.0 3498.0 1685.0 8473.0 34122.28415780848
13691.0 3393.0 1735.0 8487.0 35035.08652144231
24470.0 3410.0 1747.0 8626.0 34823.854307292524
8331.0 3327.0 1811.0 8477.0 36035.360353567776
12934.0 3391.0 1761.0 8555.0 34953.775376222155
10651.0 3420.0 1754.0 8435.0 34923.29837211932
19951.0 3459.0 1705.0 8321.0 34593.50037860053
18890.0 3474.0 1709.0 8268.0 34411.33841843193
19250.0 3502.0 1709.0 8113.0 33923.82031211594
10225.0 3471.0 1711.0 8319.0 34189.80479000589
9683.0 3521.0 1673.0 8428.0 33932.00534772003
12026.0 3444.0 1737.0 8368.0 34701.77952831657
10391.0 3506.0 1706.0 8253.0 34071.367726514494
11727.0 3515.0 1697.0 8270.0 33939.061103136955
12058.0 3470.0 1696.0 8418.0 34459.15709093937
16364.0 3405.0 1740.0 8606.0 34979.54797681005
19168.0 3462.0 1732.0 8328.0 34138.29295472267
9230.0 3435.0 1784.0 8144.0 34785.529387531904
11727.0 3386.0 1744.0 8647.0 35225.47510448639
15251.0 3494.0 1727.0 8110.0 34001.11165822443
6868.0 3464.0 1791.0 7862.0 34573.134332003785
6541.0 3414.0 1720.0 8558.0 34953.29422092732
22344.0 3457.0 1738.0 8252.0 34316.44002812834
12494.0 3487.0 1744.0 8088.0 34201.69374888763
10041.0 3451.0 1709.0 8310.0 34471.17214653394
28401.0 3456.0 1739.0 8293.0 34454.1544173409
10260.0 3514.0 1711.0 8329.0 33991.65619900026
6278.0 3479.0 1735.0 8164.0 34224.15502553306
9223.0 3543.0 1693.0 8004.0 33628.908056369444
13355.0 3412.0 1751.0 8388.0 34706.215668420264
17119.0 3581.0 1686.0 7784.0 33236.92744760058
10050.0 3495.0 1727.0 7966.0 34197.0568290911
12155.0 3455.0 1747.0 8212.0 34559.62524490901
20685.0 3506.0 1708.0 8213.0 33918.895915607005
13486.0 3502.0 1706.0 8424.0 33882.814260956904
11100.0 3504.0 1743.0 7967.0 33975.56623130206
9273.0 3552.0 1721.0 7698.0 33602.67717302893
30602.0 3519.0 1766.0 7904.0 33845.49090425945
15962.0 3399.0 1753.0 8291.0 35080.88474766514
7624.0 3497.0 1704.0 8109.0 34409.60204144886
9807.0 3390.0 1763.0 8380.0 35275.880461228604
25826.0 3374.0 1762.0 8665.0 35368.25062533511
20721.0 3467.0 1736.0 8270.0 34350.70917615228
10520.0 3456.0 1740.0 8246.0 34452.71843309611
8013.0 3468.0 1725.0 8402.0 34302.1971816701
12498.0 3432.0 1737.0 8493.0 35043.46525108019
15280.0 3472.0 1714.0 8226.0 34468.67489746688
17792.0 3399.0 1811.0 8303.0 34997.544818764356
37035.0 3422.0 1801.0 8055.0 34983.18141858786
13462.0 3473.0 1700.0 8433.0 34171.325413451494
11852.0 3442.0 1764.0 8277.0 34613.567074942985
13631.0 3585.0 1668.0 8017.0 33228.4615198794
9811.0 3388.0 1765.0 8523.0 35233.00188048777
13024.0 3487.0 1718.0 8122.0 34119.0878880622
20548.0 3519.0 1684.0 8282.0 34088.8527827552
15244.0 3553.0 1674.0 8043.0 33660.09079422946
12167.0 3503.0 1721.0 8130.0 33931.29403584806
7767.0 3455.0 1759.0 8043.0 34357.78461143713
16985.0 3535.0 1671.0 8165.0 33566.76990422998
16987.0 3469.0 1721.0 8116.0 34661.20659081357
36212.0 3422.0 1736.0 8323.0 34666.007094267414
11259.0 3497.0 1758.0 8055.0 33947.81662247036
16255.0 3465.0 1723.0 8277.0 34363.77819454245
10691.0 3413.0 1748.0 8447.0 35152.709159452614
6493.0 3464.0 1762.0 7913.0 34214.64877248694
12803.0 3447.0 1755.0 8238.0 34355.79388785761
11994.0 3480.0 1717.0 8038.0 34282.130935791545
5784.0 3494.0 1737.0 8095.0 34038.493292994484
6574.0 3482.0 1702.0 8334.0 34241.94160129997
16502.0 3502.0 1720.0 8067.0 33909.666001297745
15440.0 3492.0 1712.0 8371.0 34110.57002155189
10605.0 3453.0 1766.0 8155.0 34699.692255970054
49392.0 3468.0 1718.0 8349.0 34174.70986326348
10710.0 3376.0 1746.0 8780.0 35413.7562549353
17853.0 3499.0 1685.0 8528.0 33946.61969550158
10467.0 3457.0 1734.0 8257.0 34559.91609838047
11108.0 3431.0 1780.0 8473.0 34772.687631532295
7518.0 3491.0 1739.0 8074.0 34245.03743368639
31102.0 3385.0 1787.0 8335.0 35190.30794490218
8063.0 3472.0 1720.0 8165.0 34227.81496770707
9514.0 3397.0 1770.0 8279.0 35045.34102538132
12413.0 3465.0 1717.0 8307.0 34414.713694507824
7215.0 3455.0 1730.0 8336.0 34422.90151053486
22530.0 3461.0 1723.0 8240.0 34341.4722369656
8626.0 3469.0 1748.0 8088.0 34664.340690454716
13203.0 3473.0 1734.0 8069.0 34343.709039432586
7841.0 3442.0 1719.0 8359.0 34765.66042829272
7871.0 3444.0 1758.0 8335.0 34850.3543994235
15525.0 3488.0 1714.0 8283.0 34194.19956542322
7109.0 3447.0 1757.0 8226.0 34548.71511623096
7071.0 3522.0 1723.0 8063.0 33779.54239997888
10518.0 3501.0 1735.0 8037.0 34143.10457600898
8443.0 3437.0 1742.0 8228.0 34727.657875504316
15682.0 3516.0 1667.0 8344.0 33824.07418506392
12112.0 3391.0 1769.0 8512.0 35248.34299905671
9951.0 3396.0 1761.0 8421.0 35230.87903992409
15229.0 3484.0 1761.0 7907.0 34053.50690517724
8951.0 3397.0 1759.0 8545.0 35269.59065451266
22047.0 3395.0 1767.0 8434.0 35049.87256920992
7767.0 3556.0 1700.0 8037.0 33485.54172064052
8894.0 3409.0 1766.0 8333.0 34924.82176387558
11875.0 3510.0 1742.0 8014.0 33951.21275680853
0.0 641.0 3166.0 15122.0 62727.468678800775
0.0 641.0 3166.0 15122.0 62727.468678800775
19666.0 3464.0 1708.0 8435.0 34422.96712869743
7963.0 3518.0 1727.0 8001.0 33806.82310967913
11305.0 3380.0 1758.0 8608.0 35131.85383767284
11953.0 3437.0 1769.0 8304.0 34400.98434737286
13608.0 3554.0 1680.0 8037.0 33465.43677128944
5077.0 3432.0 1771.0 8304.0 34826.902088566225
21923.0 3432.0 1743.0 8335.0 34818.01234856244
8916.0 3460.0 1739.0 8246.0 34441.9809731196
6692.0 3468.0 1720.0 8273.0 34346.82702529897
9898.0 3437.0 1724.0 8384.0 34545.245146117726
7724.0 3446.0 1728.0 8381.0 34964.13265451328
12284.0 3375.0 1778.0 8460.0 35237.184226988415
7602.0 3495.0 1770.0 7936.0 34104.38430991811
42167.0 3394.0 1815.0 8288.0 35172.168039564734
32028.0 3515.0 1715.0 8100.0 33964.88654696679
23264.0 3455.0 1744.0 8293.0 34512.917835965825
19179.0 3482.0 1744.0 7998.0 34231.51026131859
9846.0 3495.0 1694.0 8417.0 34033.24425094162
7910.0 3496.0 1731.0 8062.0 34037.19403216813
17458.0 3537.0 1692.0 8151.0 33695.074595131904
11457.0 3521.0 1686.0 8307.0 33903.60571011549
48103.0 3466.0 1714.0 8467.0 34273.82825787923
9934.0 3412.0 1767.0 8252.0 34979.58857130144
18931.0 3319.0 1806.0 8658.0 35885.68060690253
8615.0 3488.0 1722.0 8235.0 33974.349283675554
9492.0 3461.0 1726.0 8444.0 34552.93011817809
9583.0 3421.0 1705.0 8666.0 34684.535447938564
7592.0 3530.0 1710.0 8141.0 33932.33842703716
10338.0 3465.0 1731.0 8175.0 34434.24055602913
11438.0 3486.0 1736.0 8117.0 34254.07787229425
10175.0 3516.0 1690.0 8186.0 33768.56467139013
20455.0 3471.0 1700.0 8480.0 34323.23042932805
11476.0 3476.0 1694.0 8239.0 34250.9505756522
15455.0 3456.0 1752.0 8145.0 34749.923448
9837.0 3484.0 1714.0 8161.0 34297.88103005307
12150.0 3474.0 1707.0 8475.0 34321.59121855916
13025.0 3456.0 1726.0 8158.0 34536.804660869864
10050.0 3413.0 1751.0 8564.0 34780.87610772042
11769.0 3515.0 1716.0 8129.0 33929.071885964564
12102.0 3500.0 1711.0 8291.0 34107.11959494673
9019.0 3472.0 1731.0 8111.0 34355.69430518717
7977.0 3502.0 1706.0 8436.0 34084.52626217609
9066.0 3436.0 1747.0 8444.0 34790.18602041876
14823.0 3444.0 1744.0 8296.0 34693.88771829751
12357.0 3396.0 1773.0 8434.0 35006.83196627935
8633.0 3372.0 1779.0 8507.0 35109.37815922851
14328.0 3530.0 1702.0 7878.0 33709.29475956981
11139.0 3462.0 1706.0 8314.0 34498.81497145863
14301.0 3464.0 1728.0 8226.0 34524.4288344582
9595.0 3452.0 1753.0 8334.0 34363.0532629632
9665.0 3450.0 1748.0 8182.0 34507.97139534055
12067.0 3437.0 1715.0 8451.0 34463.18996677671
10267.0 3492.0 1755.0 7977.0 34066.67935064567
17101.0 3509.0 1694.0 8322.0 33922.48871241503
9211.0 3544.0 1708.0 8063.0 33688.873152685155
13053.0 3492.0 1680.0 8344.0 34318.156064097486
15577.0 3502.0 1728.0 8208.0 33881.33345023876
6741.0 3428.0 1708.0 8616.0 34549.46119054713
9388.0 3464.0 1714.0 8450.0 34464.436411315204
25682.0 3388.0 1771.0 8483.0 35216.4646419985
9828.0 3405.0 1792.0 8186.0 35023.9491530196
7227.0 3383.0 1784.0 8431.0 35305.06170886768
8525.0 3431.0 1776.0 8165.0 34859.915079860206
8348.0 3408.0 1727.0 8575.0 35161.55548915862
10978.0 3446.0 1731.0 8333.0 34650.609974565436
10056.0 3471.0 1713.0 8315.0 34158.01772961068
8717.0 3434.0 1743.0 8402.0 34878.53496470403
14850.0 3491.0 1739.0 8121.0 34138.32920897018
9926.0 3378.0 1771.0 8507.0 35390.61769340199
8010.0 3504.0 1675.0 8459.0 33927.87054194374
8236.0 3399.0 1733.0 8511.0 35080.24018946971
10952.0 3463.0 1738.0 8061.0 34236.127785958546
21707.0 3427.0 1761.0 8263.0 34947.28629168739
15095.0 3484.0 1691.0 8476.0 34144.50388350917
8454.0 3570.0 1696.0 7885.0 33272.5205889653
25468.0 3465.0 1735.0 8183.0 34432.90047726055
10190.0 3534.0 1711.0 7954.0 33728.38443161374
10745.0 3424.0 1738.0 8476.0 34858.67182344645
14082.0 3420.0 1728.0 8584.0 34869.30136837911
15257.0 3523.0 1715.0 8150.0 33808.965004839156
9346.0 3414.0 1732.0 8658.0 34782.1674096788
8655.0 3489.0 1703.0 8400.0 34100.36949606124
48936.0 3498.0 1709.0 8143.0 34009.08234530338
23719.0 3488.0 1721.0 8260.0 34082.734571290624
