36999.0 3477.0 1739.0 8203.0 34230.877828427976
9160.0 3465.0 1761.0 8137.0 34333.87368322656
14591.0 3467.0 1749.0 8127.0 34355.13156687223
11581.0 3499.0 1775.0 8041.0 34087.443343844534
9021.0 3408.0 1797.0 8217.0 34976.838584337296
11544.0 3456.0 1729.0 8385.0 34374.7077050938
12616.0 3399.0 1760.0 8366.0 35151.825061807634
7482.0 3439.0 1771.0 8158.0 34571.693160790135
27406.0 3496.0 1682.0 8447.0 34019.86610558719
18376.0 3412.0 1760.0 8374.0 34995.67592157136
13979.0 3436.0 1730.0 8444.0 34806.761523866146
14537.0 3403.0 1747.0 8625.0 34982.55625859613
7973.0 3498.0 1728.0 8307.0 33912.91845934023
8422.0 3516.0 1682.0 8222.0 34089.932047889946
10636.0 3425.0 1763.0 8246.0 34932.72183391891
13326.0 3505.0 1737.0 7999.0 34007.94257501973
15565.0 3425.0 1761.0 8296.0 34803.34773775849
11241.0 3488.0 1696.0 8277.0 34166.99728851868
21261.0 3493.0 1697.0 8343.0 33985.502665073574
5116.0 3472.0 1731.0 8238.0 34559.38470837849
6896.0 3418.0 1750.0 8402.0 34821.99269669953
16318.0 3401.0 1753.0 8394.0 35065.603053146304
35271.0 3472.0 1736.0 8044.0 34306.20430078027
13074.0 3432.0 1744.0 8196.0 34830.74644664675
10200.0 3382.0 1782.0 8514.0 35365.18804033699
11279.0 3463.0 1730.0 8494.0 34387.16975331882
7562.0 3558.0 1664.0 8018.0 33564.28286995643
7716.0 3543.0 1693.0 8097.0 33641.41325417816
11147.0 3395.0 1763.0 8330.0 35007.63199760716
21991.0 3510.0 1729.0 8058.0 34047.89214721004
8883.0 3508.0 1682.0 8188.0 33930.198309641026
23411.0 3410.0 1761.0 8390.0 34973.758253571934
12366.0 3458.0 1756.0 7980.0 34503.015932434326
6673.0 3410.0 1743.0 8458.0 35053.80858381692
11620.0 3460.0 1725.0 8393.0 34385.99471466767
17259.0 3486.0 1722.0 8103.0 34185.58116046167
10127.0 3460.0 1743.0 8278.0 34383.18761679363
23788.0 3416.0 1743.0 8332.0 34865.57298430981
7156.0 3541.0 1706.0 7963.0 33448.683664493576
8154.0 3484.0 1754.0 7993.0 34287.06776337841
8844.0 3423.0 1714.0 8688.0 34658.733165492864
11910.0 3442.0 1772.0 8135.0 34553.70715878828
9750.0 3485.0 1747.0 8324.0 34105.60181595068
9391.0 3450.0 1743.0 8200.0 34740.618584346026
8174.0 3511.0 1695.0 8079.0 33872.072867542905
24072.0 3432.0 1766.0 8233.0 34525.29289478482
9428.0 3502.0 1726.0 8155.0 34101.53959102962
20197.0 3408.0 1787.0 8327.0 34972.35347226256
6934.0 3421.0 1783.0 8184.0 34645.21719959638
38038.0 3462.0 1750.0 8167.0 34468.99994648631
12066.0 3442.0 1751.0 8262.0 34542.88607277733
10810.0 3525.0 1681.0 8267.0 33760.05630449867
17592.0 3401.0 1765.0 8502.0 34896.20979299196
8743.0 3435.0 1746.0 8273.0 34638.17358290061
15357.0 3506.0 1749.0 7981.0 33853.883240432704
9448.0 3447.0 1714.0 8228.0 34441.677593757515
11170.0 3354.0 1797.0 8496.0 35464.88649869051
20152.0 3437.0 1727.0 8382.0 34556.52771896003
14090.0 3427.0 1734.0 8580.0 34610.750714814356
16456.0 3441.0 1717.0 8407.0 34541.98299088432
10575.0 3404.0 1771.0 8339.0 34972.533041399605
11186.0 3494.0 1706.0 8125.0 33908.23780286027
6607.0 3448.0 1762.0 8213.0 34410.03857792736
9044.0 3509.0 1739.0 7955.0 33903.62085703738
15868.0 3457.0 1749.0 8213.0 34329.09138531017
7323.0 3471.0 1737.0 8313.0 34419.87339246801
16039.0 3415.0 1751.0 8430.0 35042.65146729204
10320.0 3515.0 1715.0 8069.0 34071.17359802408
11150.0 3438.0 1724.0 8448.0 34585.96321525017
13145.0 3432.0 1731.0 8337.0 34793.65600339595
6318.0 3479.0 1692.0 8385.0 34271.03279510993
6025.0 3425.0 1735.0 8415.0 34787.53789999445
9046.0 3407.0 1734.0 8453.0 34915.9744996342
7572.0 3481.0 1735.0 8274.0 34229.97395895816
9556.0 3406.0 1765.0 8376.0 35132.43864842426
20272.0 3510.0 1683.0 8293.0 33708.67774402829
11218.0 3437.0 1720.0 8408.0 34785.80189139017
8968.0 3507.0 1707.0 8216.0 33928.48359442611
7587.0 3503.0 1711.0 8315.0 33955.937272561125
8039.0 3520.0 1713.0 8054.0 33724.83931726556
8239.0 3493.0 1711.0 8232.0 34439.87013082499
9558.0 3490.0 1722.0 8200.0 33987.42192251191
14005.0 3513.0 1708.0 8048.0 33858.406714104334
14637.0 3496.0 1682.0 8354.0 34065.946152719895
14328.0 3380.0 1784.0 8354.0 35078.990866410706
9404.0 3446.0 1770.0 8169.0 34747.67899485457
8565.0 3351.0 1773.0 8563.0 35701.173921233036
8703.0 3525.0 1726.0 8009.0 33882.722292934464
8354.0 3508.0 1709.0 8093.0 33790.548176217846
7355.0 3485.0 1718.0 8292.0 34244.5360353416
8033.0 3520.0 1703.0 8047.0 33885.87124174583
11358.0 3507.0 1715.0 8079.0 33849.980418045714
7362.0 3403.0 1749.0 8528.0 35005.87021219315
6192.0 3523.0 1687.0 8193.0 33629.58492560595
7480.0 3454.0 1713.0 8493.0 34552.12624490453
12303.0 3490.0 1712.0 8252.0 34199.113570760346
15031.0 3409.0 1739.0 8560.0 34801.47685060352
10827.0 3518.0 1681.0 8262.0 33912.34751069994
12943.0 3468.0 1744.0 8133.0 34379.392886115194
15313.0 3458.0 1729.0 8441.0 34313.54155556064
12044.0 3432.0 1752.0 8333.0 34659.22571858948
12417.0 3458.0 1717.0 8369.0 34419.14157829322
6245.0 3472.0 1692.0 8430.0 34382.148548833546
6892.0 3350.0 1759.0 8687.0 35260.50641841895
12212.0 3543.0 1705.0 8022.0 33816.22655781855
13064.0 3479.0 1712.0 8315.0 34256.87162762858
9126.0 3458.0 1712.0 8437.0 34471.32675570698
8335.0 3472.0 1772.0 8071.0 34238.50284261982
11486.0 3450.0 1759.0 8220.0 34701.78992795367
11262.0 3424.0 1787.0 8091.0 34793.407515509425
7347.0 3375.0 1761.0 8534.0 35586.20394821474
14199.0 3416.0 1809.0 8161.0 34886.750022181535
12541.0 3451.0 1740.0 8223.0 34581.38486628202
7310.0 3479.0 1743.0 8120.0 34262.97887278779
9694.0 3480.0 1748.0 8080.0 34121.115629430686
26325.0 3495.0 1753.0 7907.0 34116.21406605214
19789.0 3478.0 1717.0 8306.0 34263.206971506006
13726.0 3549.0 1648.0 8280.0 33553.362819822636
13863.0 3467.0 1731.0 8277.0 34432.47200613577
8699.0 3483.0 1727.0 8346.0 34241.51202531881
17792.0 3440.0 1788.0 8038.0 34904.1848758381
9684.0 3431.0 1762.0 8242.0 34770.5576840337
6524.0 3445.0 1733.0 8388.0 34693.527356998035
12603.0 3492.0 1733.0 8155.0 34386.87064321173
8108.0 3468.0 1738.0 8072.0 34638.78551382874
7179.0 3467.0 1720.0 8387.0 34405.47078501924
0.0 644.0 3163.0 15106.0 62680.998666245716
0.0 644.0 3163.0 15106.0 62680.998666245716
16019.0 3441.0 1753.0 8231.0 34809.70301923355
12582.0 3464.0 1755.0 8210.0 34379.600819354855
23057.0 3505.0 1722.0 8117.0 34008.181898346804
16642.0 3492.0 1712.0 8268.0 34106.293384156874
10735.0 3456.0 1738.0 8282.0 34427.34878872056
16547.0 3468.0 1704.0 8246.0 34276.1551924734
11359.0 3395.0 1746.0 8377.0 35107.133660014806
14162.0 3505.0 1713.0 8090.0 34130.22391819363
12857.0 3453.0 1676.0 8607.0 34523.974897648615
9666.0 3425.0 1731.0 8410.0 34861.08672586448
19648.0 3480.0 1719.0 8155.0 34363.29151700096
9821.0 3419.0 1757.0 8328.0 34874.57941524311
9112.0 3454.0 1716.0 8512.0 34497.52210907695
7088.0 3502.0 1719.0 8246.0 34282.666628852334
7291.0 3511.0 1693.0 8276.0 33981.482922825155
16419.0 3492.0 1740.0 7934.0 34351.33207693279
9188.0 3443.0 1725.0 8392.0 34604.84488388817
11121.0 3445.0 1745.0 8318.0 34552.83074758075
6055.0 3425.0 1767.0 8228.0 34841.37082366269
20361.0 3399.0 1790.0 8287.0 35010.109063340955
9416.0 3559.0 1646.0 8195.0 33337.49519891646
9053.0 3426.0 1779.0 8096.0 34905.765214521976
27990.0 3419.0 1742.0 8515.0 34802.36640134738
9616.0 3452.0 1765.0 8122.0 34491.49650400675
8062.0 3459.0 1716.0 8443.0 34421.63910530165
12679.0 3479.0 1747.0 8076.0 34182.89480810532
8982.0 3472.0 1689.0 8332.0 34146.36504191477
12976.0 3444.0 1737.0 8484.0 34519.288892321194
7520.0 3507.0 1718.0 8105.0 33942.525637759165
10739.0 3455.0 1724.0 8344.0 34434.349753190734
10154.0 3455.0 1712.0 8539.0 34645.67456858453
15106.0 3407.0 1732.0 8465.0 35135.39892994101
9314.0 3533.0 1717.0 7967.0 33833.224917505235
10157.0 3408.0 1807.0 8038.0 34946.97229929472
25094.0 3506.0 1727.0 8050.0 34096.14502381676
8221.0 3430.0 1730.0 8495.0 34766.868710819006
8828.0 3450.0 1747.0 8254.0 34324.94918291761
22797.0 3532.0 1736.0 7874.0 33959.638904335545
12557.0 3470.0 1737.0 8186.0 34312.28029544832
9937.0 3456.0 1715.0 8512.0 34354.914168915275
17338.0 3488.0 1712.0 8312.0 34004.0566817477
8108.0 3485.0 1719.0 8278.0 34127.946252443086
14931.0 3418.0 1780.0 8252.0 34885.90657109504
22805.0 3379.0 1787.0 8542.0 35340.75649794462
5880.0 3541.0 1697.0 8013.0 33860.308053458306
5688.0 3434.0 1745.0 8301.0 34602.94713225265
10420.0 3421.0 1756.0 8368.0 34820.97787694126
36323.0 3469.0 1721.0 8234.0 34333.676876276484
20795.0 3499.0 1690.0 8261.0 33964.1068709957
11805.0 3468.0 1748.0 8249.0 34200.845471835055
6354.0 3504.0 1695.0 8276.0 33896.59375791368
9815.0 3570.0 1675.0 7950.0 33450.105131387136
17059.0 3477.0 1736.0 8002.0 34250.21323116166
8115.0 3576.0 1685.0 7816.0 33141.10396633347
13036.0 3458.0 1757.0 8129.0 34357.794074120895
10359.0 3443.0 1768.0 8041.0 34527.90526955343
10186.0 3466.0 1729.0 8293.0 34341.565451425675
13117.0 3446.0 1732.0 8280.0 34701.92045142719
5910.0 3510.0 1725.0 8097.0 33827.59353150592
11318.0 3467.0 1744.0 8253.0 34251.07053755224
20881.0 3422.0 1722.0 8647.0 34897.94851826979
19766.0 3497.0 1716.0 8186.0 33896.80155895758
13861.0 3421.0 1737.0 8650.0 34623.26059978314
7794.0 3463.0 1743.0 7957.0 34561.62917509418
10078.0 3405.0 1742.0 8653.0 34862.88084401372
8777.0 3499.0 1685.0 8286.0 34261.60982718812
15388.0 3464.0 1698.0 8432.0 34345.76776410437
7147.0 3482.0 1737.0 8150.0 34464.16120444313
10308.0 3419.0 1778.0 8398.0 34848.11256198005
7820.0 3532.0 1748.0 7875.0 33596.41430612327
8827.0 3427.0 1733.0 8616.0 34838.996890606104
10818.0 3481.0 1727.0 8262.0 34396.23841412538
7347.0 3464.0 1697.0 8528.0 34523.079058686235
11914.0 3489.0 1735.0 8128.0 34296.84079990247
16872.0 3518.0 1723.0 8049.0 33855.36578824367
48352.0 3470.0 1740.0 8119.0 34290.77563648512
7473.0 3433.0 1739.0 8461.0 34700.81807260839
8811.0 3444.0 1716.0 8569.0 34642.18188597067
18896.0 3486.0 1737.0 8180.0 33936.55053909023
9275.0 3443.0 1751.0 8184.0 35009.83698242996
8238.0 3514.0 1679.0 8266.0 34024.3098049582
9450.0 3435.0 1737.0 8517.0 34555.624437234066
12279.0 3474.0 1782.0 7834.0 34376.38776176624
11318.0 3347.0 1767.0 8700.0 35600.07192630602
11384.0 3417.0 1762.0 8440.0 34817.53451035997
9082.0 3530.0 1676.0 8324.0 33747.23679562688
9605.0 3442.0 1716.0 8380.0 34658.844984571435
12155.0 3486.0 1744.0 8097.0 34145.97506727772
19038.0 3485.0 1735.0 8119.0 34314.098337799354
6367.0 3471.0 1707.0 8373.0 34344.55848666898
22961.0 3527.0 1669.0 8328.0 33881.03352508927
12980.0 3481.0 1710.0 8227.0 34192.8550249114
8823.0 3463.0 1706.0 8329.0 34402.02494961818
11723.0 3423.0 1767.0 8305.0 35000.17166555517
8877.0 3393.0 1775.0 8386.0 35189.220192778215
14327.0 3476.0 1755.0 7989.0 34137.064919970646
18564.0 3522.0 1684.0 8325.0 33771.50171820589
28884.0 3392.0 1812.0 8351.0 35123.87742757999
10752.0 3343.0 1790.0 8420.0 35501.95372579311
21508.0 3411.0 1728.0 8760.0 34969.62507829738
22100.0 3493.0 1743.0 7953.0 34030.711566753234
