12554.0 3461.0 1716.0 8386.0 34504.00012533852
23026.0 3456.0 1717.0 8242.0 34707.25823530187
17440.0 3411.0 1777.0 8393.0 34895.33832680226
16389.0 3377.0 1805.0 8372.0 35395.34493303357
9381.0 3423.0 1735.0 8574.0 34939.402964973946
12520.0 3504.0 1696.0 8261.0 33877.79246492446
9104.0 3439.0 1722.0 8509.0 34536.504294849685
7923.0 3440.0 1787.0 8190.0 34770.0432007496
10366.0 3497.0 1694.0 8265.0 33985.93111567978
29330.0 3467.0 1734.0 8205.0 34322.69477072952
14890.0 3479.0 1749.0 8125.0 34292.50297451466
0.0 643.0 3165.0 15111.0 62681.46753704777
0.0 643.0 3165.0 15111.0 62681.46753704777
9684.0 3456.0 1738.0 8267.0 34932.01453326078
13185.0 3508.0 1681.0 8437.0 33882.072634254706
18435.0 3543.0 1738.0 7750.0 33777.794302142116
39020.0 3457.0 1754.0 8117.0 34465.48576727792
12865.0 3391.0 1734.0 8675.0 35168.41443856355
14808.0 3435.0 1791.0 7995.0 34789.07835860863
45199.0 3371.0 1795.0 8416.0 35476.19250093859
9051.0 3483.0 1730.0 8276.0 34160.30284344987
17662.0 3421.0 1787.0 8308.0 34598.4799541898
8572.0 3365.0 1809.0 8571.0 35555.6246258681
19171.0 3407.0 1777.0 8329.0 35104.48774176566
8808.0 3432.0 1755.0 8456.0 34873.938929952514
5512.0 3464.0 1736.0 8264.0 34529.260408056565
7545.0 3509.0 1684.0 8344.0 33765.020154237725
9298.0 3513.0 1728.0 8075.0 33824.14728145618
10200.0 3508.0 1680.0 8372.0 33951.053138938805
9279.0 3501.0 1740.0 8195.0 33945.89220229999
11482.0 3485.0 1774.0 8027.0 34192.36407294131
27792.0 3531.0 1680.0 8171.0 33759.49060443525
8852.0 3425.0 1773.0 8319.0 34801.347564666525
50825.0 3497.0 1723.0 8116.0 34246.52344480681
7484.0 3447.0 1757.0 8295.0 34813.27583178258
7539.0 3468.0 1710.0 8307.0 34427.53272193863
15132.0 3546.0 1684.0 8117.0 33246.428860980144
12439.0 3383.0 1791.0 8455.0 35368.25784292563
8835.0 3468.0 1739.0 8137.0 34332.946450261814
8762.0 3494.0 1775.0 7955.0 34014.37997564256
19673.0 3483.0 1689.0 8387.0 34171.21189526742
12104.0 3433.0 1743.0 8277.0 34827.201839546906
12706.0 3498.0 1761.0 7961.0 34093.97167254652
15805.0 3521.0 1737.0 8075.0 33736.89763545861
11892.0 3414.0 1755.0 8247.0 34947.25987147851
14394.0 3439.0 1760.0 8249.0 34708.3883970703
10283.0 3508.0 1718.0 8235.0 33913.249283250414
8201.0 3514.0 1742.0 7873.0 33856.165959246224
15469.0 3425.0 1771.0 8442.0 34773.32047624416
11964.0 3460.0 1689.0 8487.0 34211.659821792964
13943.0 3394.0 1799.0 8296.0 35269.03297857327
8739.0 3472.0 1725.0 8160.0 34230.56745370252
10587.0 3432.0 1697.0 8613.0 34711.33605152439
14697.0 3495.0 1709.0 8453.0 33978.56410918125
7446.0 3464.0 1745.0 8380.0 34263.33563953799
26862.0 3422.0 1781.0 8256.0 34856.50468545452
10626.0 3489.0 1737.0 8085.0 34185.537189922434
24812.0 3426.0 1753.0 8467.0 34836.271939977516
7618.0 3445.0 1722.0 8447.0 34586.9286752208
14455.0 3553.0 1688.0 8082.0 33527.51429396164
8455.0 3487.0 1696.0 8393.0 34180.606281760796
8875.0 3487.0 1730.0 8099.0 34013.14138401947
12187.0 3483.0 1720.0 8256.0 34109.47153049914
15065.0 3504.0 1732.0 7908.0 34220.65945320372
13083.0 3432.0 1726.0 8405.0 34741.75341155079
8709.0 3467.0 1690.0 8433.0 34382.44813790541
10004.0 3461.0 1675.0 8563.0 34355.081359477364
10926.0 3484.0 1745.0 8068.0 34271.224002572635
8455.0 3551.0 1719.0 7874.0 33436.36833327881
15896.0 3453.0 1752.0 8210.0 34589.18717741677
30227.0 3441.0 1752.0 8288.0 34542.60058077166
11135.0 3456.0 1750.0 8285.0 34474.70786716734
13915.0 3493.0 1716.0 8141.0 34312.84943797957
7817.0 3502.0 1753.0 7889.0 34235.35772850602
11639.0 3483.0 1707.0 8403.0 34347.92542851509
19515.0 3474.0 1670.0 8596.0 34300.22044312315
15289.0 3435.0 1734.0 8533.0 34620.71769930357
13693.0 3488.0 1747.0 8040.0 34064.192559531606
9568.0 3521.0 1709.0 8153.0 33893.25559412988
10588.0 3478.0 1748.0 8183.0 34048.46476259436
10525.0 3428.0 1735.0 8388.0 34644.168184482325
14815.0 3476.0 1767.0 7881.0 34147.978536233146
11934.0 3512.0 1719.0 8075.0 34056.18276828341
8298.0 3487.0 1684.0 8506.0 34149.3814716915
14484.0 3431.0 1751.0 8357.0 34809.859412828475
9254.0 3432.0 1739.0 8454.0 34919.62500119583
13173.0 3419.0 1723.0 8611.0 34645.35197735558
19025.0 3458.0 1754.0 8253.0 34402.737880122135
10238.0 3448.0 1723.0 8458.0 34505.67791755876
16445.0 3542.0 1715.0 7935.0 33617.33026352055
36995.0 3473.0 1689.0 8467.0 34426.45499109706
11911.0 3465.0 1713.0 8403.0 34313.1657049757
29553.0 3450.0 1751.0 8227.0 34350.18010037866
16185.0 3517.0 1713.0 7994.0 33767.5953226669
16050.0 3509.0 1726.0 8194.0 33982.714931872695
16489.0 3439.0 1735.0 8447.0 34592.143624524564
11032.0 3400.0 1795.0 8204.0 35013.93353129185
11284.0 3417.0 1750.0 8514.0 35169.773698093944
6176.0 3532.0 1691.0 8077.0 34117.10220756286
7123.0 3481.0 1769.0 8183.0 34218.7768902814
12265.0 3417.0 1724.0 8514.0 34885.582848944105
7125.0 3443.0 1735.0 8391.0 34520.61060595107
22132.0 3477.0 1693.0 8381.0 34220.5994397468
12584.0 3449.0 1724.0 8538.0 34360.88329724244
7031.0 3465.0 1776.0 7955.0 34235.04687299778
11049.0 3447.0 1750.0 8284.0 34549.786753889755
10119.0 3427.0 1748.0 8459.0 34781.69949179123
12658.0 3404.0 1757.0 8412.0 35070.638426034544
26393.0 3461.0 1719.0 8448.0 34205.66374034977
10336.0 3527.0 1730.0 7938.0 33865.29586976761
12039.0 3486.0 1700.0 8459.0 34252.21959358206
14023.0 3499.0 1715.0 8202.0 34178.37788234437
9855.0 3524.0 1704.0 8377.0 33762.57732221009
12434.0 3465.0 1745.0 8162.0 34351.425571592226
23056.0 3514.0 1716.0 7969.0 33998.22710376178
6739.0 3467.0 1772.0 7975.0 34433.169207195984
7847.0 3481.0 1724.0 8173.0 34174.23517770293
9558.0 3439.0 1780.0 8139.0 34622.15358340506
8216.0 3525.0 1690.0 8271.0 33760.60564148677
22862.0 3484.0 1728.0 8040.0 34204.21700448123
8772.0 3459.0 1763.0 8187.0 34394.74800080572
9235.0 3489.0 1709.0 8305.0 34180.23920766882
7904.0 3503.0 1680.0 8235.0 34034.60580287383
13627.0 3484.0 1754.0 8009.0 34159.54595802536
9995.0 3423.0 1756.0 8408.0 34832.944845544735
7242.0 3527.0 1689.0 8300.0 33711.534200864866
6932.0 3462.0 1768.0 8119.0 34390.984537595636
12345.0 3426.0 1706.0 8582.0 34750.1385819816
9194.0 3405.0 1771.0 8448.0 35015.83438625416
6593.0 3408.0 1765.0 8449.0 35199.50038912643
9628.0 3421.0 1719.0 8498.0 34815.947310629206
7611.0 3477.0 1740.0 8138.0 34267.29019091552
6692.0 3426.0 1756.0 8351.0 35075.339611846284
12545.0 3439.0 1718.0 8263.0 34703.31730945298
7404.0 3390.0 1752.0 8417.0 35088.38064015139
31306.0 3428.0 1803.0 8115.0 34916.23703558179
8909.0 3433.0 1750.0 8273.0 34750.79054629758
6389.0 3426.0 1778.0 8322.0 34501.44201465396
7666.0 3461.0 1724.0 8230.0 34334.51032303181
11566.0 3466.0 1744.0 8164.0 34250.261617253826
7561.0 3513.0 1680.0 8260.0 34019.29844800649
16606.0 3450.0 1737.0 8269.0 34349.57248991848
14576.0 3448.0 1713.0 8570.0 34434.886483930466
10598.0 3467.0 1703.0 8424.0 34155.64453316568
9893.0 3452.0 1725.0 8369.0 34562.53683382715
12709.0 3530.0 1697.0 8149.0 33774.99515276483
7893.0 3466.0 1712.0 8434.0 34424.081813308505
8809.0 3490.0 1712.0 8208.0 34170.45493507077
8990.0 3400.0 1790.0 8290.0 34961.77089085426
11568.0 3470.0 1677.0 8400.0 34523.683145539595
8917.0 3442.0 1731.0 8309.0 34437.80095321891
10393.0 3407.0 1758.0 8345.0 34995.60310041455
18714.0 3455.0 1738.0 8266.0 34344.98826626476
6216.0 3522.0 1678.0 8048.0 33801.191255998245
8423.0 3465.0 1775.0 8056.0 34375.97735553182
12592.0 3509.0 1673.0 8409.0 34030.538662446
11357.0 3463.0 1733.0 8182.0 34421.294379085215
7624.0 3458.0 1708.0 8481.0 34488.15104323425
8500.0 3478.0 1736.0 8157.0 34252.65699657333
8515.0 3512.0 1697.0 8186.0 33857.585581270425
9880.0 3417.0 1722.0 8537.0 34874.50213780623
19858.0 3404.0 1747.0 8538.0 34868.52158453845
10536.0 3461.0 1710.0 8472.0 34501.994287124166
8184.0 3447.0 1749.0 8171.0 34729.30295419008
18301.0 3497.0 1676.0 8498.0 33820.28079993687
10494.0 3424.0 1749.0 8454.0 34870.85488946194
5986.0 3444.0 1737.0 8375.0 34562.17570768977
10127.0 3429.0 1755.0 8193.0 34926.46297011944
44922.0 3503.0 1697.0 8253.0 34020.94141742781
33414.0 3410.0 1741.0 8594.0 34978.02502061048
10816.0 3353.0 1780.0 8678.0 35688.31625922424
10210.0 3419.0 1742.0 8511.0 34862.16954086992
36418.0 3411.0 1721.0 8608.0 34907.326194777444
11177.0 3510.0 1680.0 8269.0 33850.492767947886
13844.0 3506.0 1722.0 8133.0 34319.162108698176
9052.0 3432.0 1747.0 8379.0 34888.88992224341
6534.0 3443.0 1724.0 8298.0 34604.54974626796
10127.0 3501.0 1731.0 8020.0 33941.1963850709
9816.0 3457.0 1717.0 8268.0 34369.515163615724
8135.0 3419.0 1730.0 8516.0 34997.07310472127
8680.0 3492.0 1732.0 8231.0 33998.64762919694
12222.0 3450.0 1739.0 8215.0 34478.670821498825
16438.0 3360.0 1796.0 8460.0 35323.980215306845
9362.0 3532.0 1673.0 8162.0 33707.74038256213
14324.0 3489.0 1723.0 8186.0 34328.530563427885
9801.0 3451.0 1709.0 8416.0 34524.71580802058
7152.0 3468.0 1713.0 8197.0 34180.86840581774
5942.0 3514.0 1718.0 8128.0 33902.226408265225
7703.0 3475.0 1710.0 8561.0 34273.416316434035
10246.0 3552.0 1668.0 8160.0 33602.36824984794
13157.0 3446.0 1725.0 8375.0 34579.32096291952
9522.0 3451.0 1765.0 8229.0 34468.3518201082
15843.0 3555.0 1724.0 7838.0 33428.59772863292
10253.0 3481.0 1745.0 8071.0 34414.53532069231
6295.0 3437.0 1744.0 8303.0 34476.18570770692
19563.0 3434.0 1762.0 8271.0 34738.07151738206
18486.0 3461.0 1748.0 8204.0 34260.63586316033
18271.0 3429.0 1786.0 8209.0 34825.25146871891
7502.0 3419.0 1768.0 8371.0 34806.529812932306
17916.0 3466.0 1743.0 8237.0 34322.78254817342
8238.0 3464.0 1713.0 8391.0 34517.18127003183
15370.0 3431.0 1706.0 8620.0 34659.90890004149
5808.0 3474.0 1700.0 8374.0 34449.75013434444
28392.0 3408.0 1774.0 8203.0 34955.113290111534
10796.0 3483.0 1742.0 8173.0 34155.25871006759
11122.0 3432.0 1732.0 8477.0 34924.73412693079
13831.0 3523.0 1673.0 8050.0 33771.626469592244
6931.0 3497.0 1714.0 8235.0 34025.39537385564
16370.0 3452.0 1752.0 8237.0 34428.196627718
17070.0 3447.0 1740.0 8210.0 34420.83426365333
10046.0 3488.0 1720.0 8269.0 34130.93780485994
8682.0 3412.0 1753.0 8512.0 34842.68897448312
22234.0 3444.0 1757.0 8174.0 34762.87691819112
10171.0 3533.0 1715.0 8102.0 33660.07397258254
19977.0 3485.0 1721.0 8195.0 34207.17522678917
23817.0 3442.0 1757.0 8128.0 34569.903175901585
17583.0 3468.0 1729.0 8183.0 34266.73940516151
11097.0 3508.0 1690.0 8458.0 33926.5320784579
10621.0 3462.0 1716.0 8430.0 34386.81002130112
9139.0 3503.0 1770.0 8042.0 33984.232543324215
13399.0 3476.0 1695.0 8468.0 34107.235153531255
