9548.0 3478.0 1698.0 8395.0 34172.86020618557
8203.0 3439.0 1734.0 8438.0 34715.29475826865
10263.0 3508.0 1667.0 8433.0 33954.78198071055
12388.0 3403.0 1740.0 8715.0 34980.04073351603
5188.0 3542.0 1688.0 8166.0 33581.508872770355
8663.0 3431.0 1758.0 8373.0 34690.81410399457
26912.0 3445.0 1725.0 8364.0 34709.02494781642
18471.0 3412.0 1772.0 8234.0 34942.493834910645
10272.0 3451.0 1719.0 8269.0 34708.43819195278
16563.0 3477.0 1741.0 8139.0 34272.11992065501
14785.0 3477.0 1708.0 8239.0 34124.76194652167
14949.0 3418.0 1767.0 8467.0 34952.31898268516
23290.0 3467.0 1752.0 8093.0 34284.512322270035
9113.0 3389.0 1788.0 8317.0 35300.19653463645
0.0 645.0 3163.0 15107.0 62670.56180571691
0.0 645.0 3163.0 15107.0 62670.56180571691
9496.0 3511.0 1718.0 8079.0 33920.92741113194
11111.0 3453.0 1744.0 8300.0 34549.09554317783
31279.0 3472.0 1717.0 8346.0 34249.15555201361
13775.0 3507.0 1752.0 7891.0 34000.76314732764
11453.0 3427.0 1747.0 8389.0 34782.7954863199
27112.0 3421.0 1727.0 8510.0 34876.37028649178
14315.0 3485.0 1749.0 7915.0 34168.438459547266
16089.0 3452.0 1730.0 8289.0 34596.93954982566
15069.0 3525.0 1673.0 8110.0 33708.30985657177
14849.0 3459.0 1703.0 8501.0 34740.50065556541
18361.0 3483.0 1702.0 8211.0 34185.627227041165
12606.0 3453.0 1769.0 8083.0 34404.159222846356
7092.0 3405.0 1779.0 8423.0 34869.51245265707
40591.0 3468.0 1708.0 8416.0 34175.74759857344
8806.0 3374.0 1775.0 8455.0 35338.79031341876
12952.0 3522.0 1702.0 8204.0 33956.27629193888
8765.0 3446.0 1725.0 8240.0 34676.29302108157
10108.0 3481.0 1746.0 8089.0 34400.754252915
8810.0 3503.0 1691.0 8200.0 34030.82607057217
12229.0 3497.0 1741.0 7893.0 33974.78199094531
9097.0 3524.0 1695.0 8188.0 33856.613416462926
11720.0 3456.0 1722.0 8398.0 34378.07464151802
12688.0 3466.0 1740.0 8246.0 34240.0307347367
15492.0 3467.0 1739.0 8292.0 34224.662715019665
8543.0 3424.0 1750.0 8315.0 34959.017033877615
9910.0 3385.0 1753.0 8590.0 35212.42155888235
24933.0 3412.0 1745.0 8670.0 34864.17580212923
7071.0 3484.0 1704.0 8237.0 34062.703037090505
16598.0 3481.0 1745.0 7952.0 34310.48006024611
6642.0 3484.0 1718.0 8352.0 34218.238443782626
26849.0 3436.0 1784.0 8141.0 34572.128160176624
6803.0 3524.0 1673.0 8210.0 33370.44002330998
6819.0 3453.0 1755.0 7987.0 34631.157668925145
7807.0 3438.0 1770.0 8260.0 34722.73549753118
12542.0 3448.0 1733.0 8307.0 34514.751409724355
11121.0 3455.0 1718.0 8551.0 34551.88840994631
12776.0 3518.0 1711.0 7983.0 33811.11461113673
7484.0 3473.0 1686.0 8495.0 34406.862151997564
10525.0 3594.0 1666.0 7995.0 32962.6455701627
19053.0 3428.0 1751.0 8344.0 34688.06657033047
12588.0 3449.0 1732.0 8331.0 34345.07635572347
6822.0 3463.0 1717.0 8458.0 34433.00360313789
19629.0 3479.0 1700.0 8272.0 34197.76891551399
11792.0 3481.0 1701.0 8333.0 33979.93702569487
7737.0 3454.0 1719.0 8486.0 34570.36322108345
9265.0 3464.0 1730.0 8202.0 34459.88596370847
9808.0 3475.0 1700.0 8435.0 34272.143051460145
8107.0 3490.0 1677.0 8421.0 34065.700063650285
14592.0 3373.0 1769.0 8580.0 35224.77682030864
8409.0 3544.0 1669.0 8242.0 33697.8684302177
8854.0 3500.0 1697.0 8280.0 34038.47479504304
6086.0 3482.0 1736.0 8123.0 34334.59856600317
18063.0 3510.0 1712.0 8154.0 34061.613474985985
23447.0 3465.0 1724.0 8281.0 34663.97005980074
15715.0 3489.0 1743.0 7939.0 34279.2301449307
11806.0 3491.0 1715.0 8027.0 34097.49540826908
13836.0 3410.0 1782.0 8240.0 34753.87447534246
13204.0 3527.0 1688.0 8109.0 34045.104881724656
18688.0 3448.0 1717.0 8584.0 34571.822864181864
9650.0 3440.0 1747.0 8355.0 34709.55600464645
15221.0 3428.0 1745.0 8473.0 34692.27309081083
6801.0 3480.0 1730.0 8209.0 34110.38281258261
7332.0 3340.0 1781.0 8579.0 35497.594207848204
12585.0 3447.0 1755.0 8226.0 34640.662030847554
7517.0 3549.0 1664.0 8186.0 33725.87014805776
12601.0 3466.0 1717.0 8548.0 34395.882230764044
13109.0 3457.0 1700.0 8506.0 34405.39388923759
7836.0 3446.0 1749.0 8269.0 34717.41316537151
6674.0 3533.0 1674.0 8259.0 33727.671789292224
9588.0 3461.0 1731.0 8363.0 34262.165663994114
8031.0 3494.0 1718.0 8148.0 34219.4044653836
7008.0 3417.0 1789.0 8409.0 35218.81448740405
12206.0 3506.0 1719.0 8326.0 33905.8478465428
8629.0 3440.0 1733.0 8461.0 34376.33837534768
10191.0 3452.0 1700.0 8619.0 34458.95854318822
9747.0 3450.0 1731.0 8269.0 34665.94073339386
8766.0 3499.0 1733.0 8050.0 34161.27955956767
11022.0 3543.0 1692.0 8077.0 33516.00900451114
9712.0 3445.0 1747.0 8333.0 34488.983936267614
20084.0 3370.0 1768.0 8540.0 35137.28300076291
10665.0 3455.0 1788.0 8011.0 34460.415206312464
20743.0 3508.0 1677.0 8263.0 34097.18066127731
6732.0 3435.0 1749.0 8440.0 34691.81646676826
13162.0 3469.0 1679.0 8496.0 34428.03587710836
11033.0 3501.0 1698.0 8219.0 33980.51623249483
7709.0 3446.0 1721.0 8350.0 34928.725671527216
10020.0 3498.0 1743.0 8069.0 34132.73275229796
17124.0 3419.0 1761.0 8460.0 34843.44721449276
6854.0 3461.0 1715.0 8435.0 34461.22895975244
9396.0 3464.0 1732.0 8193.0 34329.77788532257
8811.0 3419.0 1702.0 8542.0 34727.89180057651
7527.0 3482.0 1760.0 8038.0 34386.70628012061
11698.0 3468.0 1715.0 8307.0 34546.448532783164
12719.0 3460.0 1694.0 8525.0 34312.29610716299
29126.0 3549.0 1687.0 7940.0 33287.131990698836
10714.0 3502.0 1736.0 8058.0 34006.977484455165
8346.0 3494.0 1721.0 8151.0 34141.18008452584
14398.0 3545.0 1717.0 8013.0 33452.968837414475
11715.0 3414.0 1759.0 8403.0 34986.64870847784
21024.0 3435.0 1744.0 8438.0 34741.32603177909
7137.0 3483.0 1700.0 8297.0 34410.250966489446
11596.0 3433.0 1751.0 8235.0 34675.522574489754
8667.0 3525.0 1712.0 7934.0 33863.625067173285
11471.0 3427.0 1746.0 8437.0 34664.26807212464
10523.0 3477.0 1721.0 8304.0 33983.596105576355
16680.0 3432.0 1766.0 8189.0 34753.94241450653
7648.0 3432.0 1767.0 8318.0 34617.73112962032
18762.0 3490.0 1695.0 8264.0 34217.12661627933
16677.0 3414.0 1761.0 8297.0 35106.39924845012
7095.0 3474.0 1757.0 8090.0 34368.672744833304
21146.0 3451.0 1769.0 8069.0 34412.496748536156
48619.0 3418.0 1748.0 8453.0 34829.242087740146
10375.0 3447.0 1769.0 8292.0 34415.98449593587
9372.0 3388.0 1782.0 8285.0 35182.95850449722
6377.0 3561.0 1692.0 7947.0 33382.980988817755
14333.0 3487.0 1695.0 8422.0 34290.38728955485
22919.0 3431.0 1751.0 8261.0 34797.66015849452
12376.0 3533.0 1700.0 8116.0 33592.32431272235
10478.0 3509.0 1743.0 8035.0 33867.49192049568
10666.0 3490.0 1733.0 8152.0 34094.74210059958
16573.0 3489.0 1712.0 8191.0 34292.77449111158
8824.0 3478.0 1731.0 8155.0 34414.37676917339
9945.0 3442.0 1735.0 8372.0 34641.03216184687
17488.0 3474.0 1702.0 8482.0 34474.44972924973
22625.0 3446.0 1756.0 8328.0 34622.13491521543
7940.0 3476.0 1747.0 8064.0 34410.05889406388
15801.0 3452.0 1763.0 8084.0 34630.01726674449
16637.0 3504.0 1678.0 8444.0 33936.91357678455
14682.0 3500.0 1693.0 8216.0 34176.1678922919
6592.0 3525.0 1683.0 8131.0 33923.884275115175
9419.0 3429.0 1751.0 8427.0 34687.72272532473
12504.0 3433.0 1738.0 8304.0 34761.92346130135
10224.0 3489.0 1744.0 7954.0 34057.09854621404
12658.0 3478.0 1724.0 8178.0 34325.8366590049
23239.0 3437.0 1711.0 8503.0 34606.01717387674
14101.0 3526.0 1685.0 8111.0 33802.971720456066
9921.0 3571.0 1682.0 8047.0 33390.63066820386
18623.0 3489.0 1734.0 8131.0 34129.68847351672
10465.0 3527.0 1713.0 8166.0 33837.83126068298
10231.0 3488.0 1695.0 8261.0 34290.21915554989
8547.0 3398.0 1794.0 8439.0 35064.4664299605
7906.0 3449.0 1747.0 8352.0 34626.14403859079
8760.0 3479.0 1754.0 7905.0 34467.58225730589
41430.0 3469.0 1729.0 8199.0 34211.36346630973
10337.0 3517.0 1680.0 8374.0 33638.62054816413
11281.0 3508.0 1698.0 8311.0 33923.79736749824
10710.0 3475.0 1749.0 8121.0 34264.84325142117
13880.0 3480.0 1747.0 8003.0 34475.73752809778
11433.0 3500.0 1710.0 8166.0 33911.3486046627
11388.0 3405.0 1807.0 8370.0 35012.485460862925
9063.0 3437.0 1765.0 8314.0 34596.08579928294
8968.0 3456.0 1745.0 8006.0 34433.60486703407
9305.0 3489.0 1731.0 8267.0 33923.593029676435
9431.0 3484.0 1690.0 8466.0 34231.48206900051
9529.0 3488.0 1742.0 8013.0 34273.254364644556
9021.0 3431.0 1771.0 8310.0 34601.75426472526
17796.0 3357.0 1781.0 8497.0 35478.25687529447
8479.0 3518.0 1707.0 8225.0 33826.720831065395
8259.0 3494.0 1717.0 8170.0 34107.56711764757
7379.0 3400.0 1768.0 8542.0 35131.60895537471
7232.0 3415.0 1725.0 8519.0 34943.031888179816
8561.0 3419.0 1765.0 8266.0 34692.50829098657
14551.0 3411.0 1724.0 8533.0 34970.20563540249
8552.0 3453.0 1722.0 8305.0 34548.62476598729
11138.0 3429.0 1751.0 8396.0 34841.72204609805
10246.0 3397.0 1807.0 8300.0 35045.368985676716
8104.0 3435.0 1773.0 8312.0 34814.28884644989
26702.0 3554.0 1709.0 7920.0 33486.17878847914
18372.0 3438.0 1775.0 8266.0 34586.61855124134
10723.0 3405.0 1752.0 8517.0 35077.2755205644
10476.0 3401.0 1753.0 8429.0 35039.63685098851
10168.0 3502.0 1713.0 8212.0 34060.86895933227
8023.0 3450.0 1768.0 8149.0 34682.55614724245
6792.0 3477.0 1709.0 8240.0 34216.49786585274
12210.0 3472.0 1730.0 8190.0 34433.67280153245
11394.0 3461.0 1705.0 8432.0 34424.04157307767
13665.0 3436.0 1712.0 8519.0 34578.69279225022
14329.0 3461.0 1717.0 8448.0 34164.36712798045
16746.0 3554.0 1657.0 8376.0 33417.01337944788
21515.0 3486.0 1687.0 8394.0 34272.74469184316
6047.0 3478.0 1738.0 8277.0 34379.75409007629
29492.0 3470.0 1719.0 8329.0 34416.97314764317
8813.0 3492.0 1694.0 8183.0 34130.81209465905
8093.0 3450.0 1727.0 8375.0 34735.40100439184
23556.0 3416.0 1752.0 8348.0 34816.464728013445
7835.0 3443.0 1700.0 8656.0 34703.401124280485
10059.0 3510.0 1647.0 8514.0 34103.00878446466
8004.0 3523.0 1707.0 8125.0 33989.83123857685
37046.0 3530.0 1677.0 8153.0 33700.18719166043
8412.0 3443.0 1690.0 8529.0 35096.21216298246
23102.0 3457.0 1748.0 8222.0 34313.99332183695
16020.0 3503.0 1728.0 8076.0 34046.19106991052
9821.0 3422.0 1753.0 8322.0 34826.4692645724
14624.0 3473.0 1724.0 8287.0 34347.19407650045
6492.0 3451.0 1729.0 8360.0 34468.66908533585
12666.0 3413.0 1750.0 8633.0 34891.18108803344
11465.0 3467.0 1746.0 8136.0 34418.79096083273
17562.0 3429.0 1779.0 8319.0 34626.30003002547
25826.0 3427.0 1762.0 8213.0 34902.82991283803
10000.0 3539.0 1711.0 8120.0 33607.84909945113
6914.0 3455.0 1752.0 8160.0 34584.71758446545
8351.0 3435.0 1734.0 8398.0 34867.80361732993
7871.0 3450.0 1728.0 8448.0 34490.74387023792
8693.0 3465.0 1749.0 8258.0 34163.42992403137
7976.0 3441.0 1734.0 8331.0 34651.56087476831
11169.0 3533.0 1707.0 8080.0 33866.407416713286
8583.0 3538.0 1673.0 8095.0 33751.98733007198
12758.0 3422.0 1735.0 8453.0 34975.85656163851
9400.0 3435.0 1756.0 8137.0 34688.32248415377
14750.0 3444.0 1745.0 8270.0 34663.385618309374
7286.0 3474.0 1746.0 8140.0 34145.167543552976
19193.0 3460.0 1757.0 8157.0 34320.25394527885
9783.0 3419.0 1734.0 8477.0 34796.496619363286
6415.0 3454.0 1727.0 8236.0 34355.8837588212
