0.0 1243.0 1.0 0.0 6.899616541335519
0.0 1244.0 0.0 0.0 0.0
0.0 129.0 544.0 2784.0 11153.914859428467
0.0 121.0 547.0 2816.0 11275.01607651564
0.0 1244.0 0.0 0.0 0.0
0.0 92.0 561.0 2902.0 11541.342247423674
0.0 1244.0 0.0 0.0 0.0
0.0 97.0 558.0 2898.0 11506.029196494133
0.0 673.0 273.0 1517.0 5671.039981849069
0.0 1244.0 0.0 0.0 0.0
0.0 104.0 556.0 2872.0 11415.407847067529
0.0 568.0 337.0 1701.0 6799.237258536141
0.0 107.0 560.0 2839.0 11408.1237792966
0.0 631.0 307.0 1554.0 6187.19936243286
0.0 1244.0 0.0 0.0 0.0
0.0 1244.0 0.0 0.0 0.0
0.0 817.0 197.0 1144.0 4362.751584253178
0.0 96.0 560.0 2878.0 11494.69089050473
0.0 1244.0 0.0 0.0 0.0
0.0 1244.0 0.0 0.0 0.0
0.0 104.0 555.0 2874.0 11409.933454029224
0.0 107.0 554.0 2870.0 11384.249794975653
0.0 746.0 246.0 1264.0 5003.599097384748
0.0 1244.0 0.0 0.0 0.0
0.0 785.0 214.0 1192.0 4582.003354163606
0.0 1244.0 0.0 0.0 0.0
0.0 1244.0 0.0 0.0 0.0
0.0 1244.0 0.0 0.0 0.0
0.0 1244.0 0.0 0.0 0.0
0.0 657.0 277.0 1584.0 5991.124666160343
0.0 91.0 565.0 2885.0 11557.9074875466
0.0 1244.0 0.0 0.0 0.0
0.0 551.0 325.0 1901.0 7040.837000823921
0.0 1244.0 0.0 0.0 0.0
0.0 111.0 554.0 2835.0 11369.920236588874
0.0 558.0 338.0 1682.0 6922.973544885426
0.0 1244.0 0.0 0.0 0.0
0.0 1244.0 0.0 0.0 0.0
0.0 696.0 277.0 1396.0 5502.148337483308
0.0 582.0 332.0 1608.0 6683.1380611702525
0.0 1244.0 0.0 0.0 0.0
0.0 1244.0 0.0 0.0 0.0
0.0 1244.0 0.0 0.0 0.0
0.0 105.0 554.0 2870.0 11439.654917566559
0.0 95.0 563.0 2883.0 11517.429774462234
0.0 1244.0 0.0 0.0 0.0
0.0 93.0 567.0 2858.0 11535.615402354146
0.0 1244.0 0.0 0.0 0.0
0.0 705.0 271.0 1333.0 5470.395505378459
0.0 1244.0 0.0 0.0 0.0
0.0 582.0 330.0 1674.0 6633.798326127375
0.0 771.0 245.0 1113.0 4775.02291350724
0.0 1244.0 0.0 0.0 0.0
0.0 1244.0 0.0 0.0 0.0
0.0 97.0 561.0 2890.0 11484.273436908612
0.0 1244.0 0.0 0.0 0.0
0.0 510.0 347.0 1879.0 7413.384660130685
0.0 529.0 336.0 1887.0 7186.586803996118
0.0 1244.0 0.0 0.0 0.0
0.0 1244.0 0.0 0.0 0.0
0.0 1244.0 0.0 0.0 0.0
0.0 95.0 563.0 2874.0 11518.98484004526
0.0 598.0 327.0 1622.0 6501.424061349596
0.0 1244.0 0.0 0.0 0.0
0.0 473.0 379.0 1982.0 7719.883187148442
0.0 91.0 567.0 2879.0 11565.515624210515
0.0 572.0 328.0 1762.0 6743.633503341521
0.0 101.0 558.0 2851.0 11446.054930952496
0.0 1244.0 0.0 0.0 0.0
0.0 1244.0 0.0 0.0 0.0
0.0 1244.0 0.0 0.0 0.0
0.0 1244.0 0.0 0.0 0.0
0.0 1244.0 0.0 0.0 0.0
0.0 1026.0 100.0 593.0 2216.764181483224
0.0 1244.0 0.0 0.0 0.0
0.0 1244.0 0.0 0.0 0.0
0.0 1244.0 0.0 0.0 0.0
0.0 1244.0 0.0 0.0 0.0
0.0 695.0 258.0 1469.0 5464.279749910691
0.0 759.0 230.0 1240.0 4906.104668858866
0.0 534.0 343.0 1830.0 7218.335511147868
0.0 647.0 289.0 1475.0 5959.8952322495425
0.0 443.0 383.0 2131.0 8075.537779616596
0.0 88.0 566.0 2895.0 11584.243208515654
0.0 88.0 565.0 2902.0 11574.94786028867
0.0 1244.0 0.0 0.0 0.0
0.0 1244.0 0.0 0.0 0.0
0.0 681.0 270.0 1442.0 5598.97971351922
0.0 1244.0 0.0 0.0 0.0
0.0 104.0 557.0 2857.0 11427.758487096487
0.0 1244.0 0.0 0.0 0.0
0.0 296.0 456.0 2449.0 9551.138790227438
0.0 1244.0 0.0 0.0 0.0
0.0 1244.0 0.0 0.0 0.0
0.0 711.0 256.0 1374.0 5446.639264296938
0.0 556.0 332.0 1785.0 6954.931823163874
0.0 1244.0 0.0 0.0 0.0
0.0 1244.0 0.0 0.0 0.0
0.0 779.0 214.0 1276.0 4732.354484398346
0.0 1244.0 0.0 0.0 0.0
0.0 594.0 307.0 1683.0 6594.152624629292
0.0 692.0 270.0 1380.0 5585.680523754617
0.0 94.0 562.0 2868.0 11525.670436087066
0.0 1244.0 0.0 0.0 0.0
0.0 1244.0 0.0 0.0 0.0
0.0 97.0 563.0 2861.0 11506.505873450362
0.0 1244.0 0.0 0.0 0.0
0.0 707.0 258.0 1366.0 5423.50387689864
0.0 1244.0 0.0 0.0 0.0
0.0 1244.0 0.0 0.0 0.0
0.0 96.0 565.0 2861.0 11503.70020282349
0.0 522.0 368.0 1815.0 7208.464066076143
0.0 100.0 562.0 2850.0 11458.077491774668
0.0 109.0 554.0 2863.0 11396.223783055286
0.0 721.0 242.0 1461.0 5359.693021970962
0.0 89.0 565.0 2888.0 11567.707246961945
0.0 94.0 563.0 2869.0 11519.097125717235
0.0 103.0 555.0 2878.0 11416.760785255712
0.0 629.0 296.0 1592.0 6103.355130418351
0.0 1244.0 0.0 0.0 0.0
0.0 1244.0 0.0 0.0 0.0
0.0 603.0 311.0 1607.0 6419.657064208843
0.0 706.0 272.0 1322.0 5491.747609255339
0.0 666.0 279.0 1511.0 5889.339660729321
0.0 666.0 285.0 1436.0 5843.309229701047
0.0 1244.0 0.0 0.0 0.0
0.0 1244.0 0.0 0.0 0.0
0.0 1244.0 0.0 0.0 0.0
0.0 1244.0 0.0 0.0 0.0
0.0 99.0 558.0 2871.0 11463.508686067653
0.0 769.0 235.0 1197.0 4751.041783458583
0.0 1244.0 0.0 0.0 0.0
0.0 110.0 554.0 2850.0 11382.01844760694
0.0 102.0 561.0 2841.0 11450.40828488629
0.0 640.0 303.0 1484.0 6135.028268956031
0.0 555.0 340.0 1703.0 6974.279208272494
0.0 1244.0 0.0 0.0 0.0
0.0 1244.0 0.0 0.0 0.0
0.0 1244.0 0.0 0.0 0.0
0.0 508.0 366.0 1821.0 7430.063137093479
0.0 104.0 559.0 2844.0 11439.038049880619
0.0 1244.0 0.0 0.0 0.0
0.0 1244.0 0.0 0.0 0.0
0.0 551.0 335.0 1819.0 6975.4821152814175
0.0 1244.0 0.0 0.0 0.0
0.0 696.0 265.0 1417.0 5433.208561692222
0.0 91.0 563.0 2891.0 11561.884758235155
0.0 1244.0 0.0 0.0 0.0
0.0 1244.0 0.0 0.0 0.0
0.0 715.0 255.0 1384.0 5378.572971932435
0.0 1244.0 0.0 0.0 0.0
0.0 1244.0 0.0 0.0 0.0
0.0 1244.0 0.0 0.0 0.0
0.0 516.0 350.0 1906.0 7294.29533525984
0.0 464.0 387.0 1914.0 7859.683796258963
0.0 95.0 561.0 2872.0 11529.12223956141
0.0 563.0 316.0 1853.0 6811.178766273027
0.0 1244.0 0.0 0.0 0.0
0.0 96.0 563.0 2876.0 11502.22576516722
0.0 1030.0 101.0 588.0 2203.9754073861723
0.0 95.0 559.0 2884.0 11509.150332070625
0.0 94.0 559.0 2895.0 11523.352543026847
0.0 1244.0 0.0 0.0 0.0
0.0 1244.0 0.0 0.0 0.0
0.0 542.0 354.0 1757.0 6987.803957844958
0.0 847.0 184.0 1044.0 4029.410127682233
0.0 118.0 552.0 2809.0 11284.590150648357
0.0 1244.0 0.0 0.0 0.0
0.0 1244.0 0.0 0.0 0.0
0.0 591.0 299.0 1815.0 6611.190862393566
0.0 107.0 554.0 2878.0 11377.607218759968
0.0 831.0 208.0 1043.0 4107.843418234282
0.0 709.0 250.0 1430.0 5345.912180388684
0.0 585.0 331.0 1648.0 6536.27289859303
0.0 88.0 567.0 2887.0 11590.871134211944
0.0 1244.0 0.0 0.0 0.0
0.0 1244.0 0.0 0.0 0.0
0.0 914.0 160.0 899.0 3328.8455828815345
0.0 98.0 561.0 2859.0 11467.523599760834
0.0 575.0 329.0 1714.0 6762.255751396669
0.0 87.0 563.0 2911.0 11590.838121462244
0.0 598.0 312.0 1665.0 6559.734727933801
0.0 559.0 335.0 1803.0 6926.523813375495
0.0 1244.0 0.0 0.0 0.0
0.0 637.0 282.0 1626.0 6111.287646444012
0.0 605.0 324.0 1581.0 6466.72000625647
0.0 99.0 558.0 2869.0 11468.699529801605
0.0 101.0 561.0 2844.0 11464.576716897924
0.0 1244.0 0.0 0.0 0.0
0.0 1244.0 0.0 0.0 0.0
0.0 1244.0 0.0 0.0 0.0
0.0 1244.0 0.0 0.0 0.0
0.0 87.0 566.0 2889.0 11593.379818719352
0.0 660.0 285.0 1500.0 5774.528855940984
0.0 114.0 554.0 2806.0 11319.968358193953
0.0 87.0 565.0 2905.0 11586.314026811515
0.0 567.0 334.0 1705.0 6805.590900721554
0.0 298.0 452.0 2464.0 9548.804467725871
0.0 1244.0 0.0 0.0 0.0
0.0 771.0 223.0 1236.0 4737.457205966389
0.0 728.0 247.0 1333.0 5281.625281066177
0.0 89.0 566.0 2887.0 11569.689785535198
0.0 631.0 304.0 1516.0 6211.922104763338
0.0 739.0 236.0 1337.0 5160.6174338006595
0.0 568.0 339.0 1645.0 6794.734982009645
0.0 1244.0 0.0 0.0 0.0
0.0 692.0 263.0 1445.0 5586.130930181068
0.0 1244.0 0.0 0.0 0.0
0.0 1244.0 0.0 0.0 0.0
0.0 1244.0 0.0 0.0 0.0
0.0 671.0 282.0 1428.0 5686.429143857127
0.0 1244.0 0.0 0.0 0.0
0.0 1244.0 0.0 0.0 0.0
0.0 102.0 554.0 2880.0 11430.726165900156
0.0 101.0 557.0 2877.0 11450.152108401813
0.0 1244.0 0.0 0.0 0.0
0.0 512.0 347.0 1894.0 7332.435924553877
0.0 92.0 563.0 2885.0 11559.86892217061
0.0 638.0 292.0 1583.0 6161.802559027156
0.0 1244.0 0.0 0.0 0.0
0.0 1244.0 0.0 0.0 0.0
0.0 94.0 562.0 2878.0 11521.8557361696
0.0 1244.0 0.0 0.0 0.0
0.0 1244.0 0.0 0.0 0.0
0.0 662.0 289.0 1454.0 5856.074372851227
0.0 500.0 359.0 1889.0 7527.555245072064
0.0 93.0 563.0 2881.0 11531.191096092534
0.0 827.0 197.0 1140.0 4233.364670349214
0.0 1244.0 0.0 0.0 0.0
0.0 1244.0 0.0 0.0 0.0
0.0 113.0 551.0 2857.0 11349.114971349303
0.0 1244.0 0.0 0.0 0.0
0.0 100.0 554.0 2900.0 11449.526611947364
0.0 1244.0 0.0 0.0 0.0
0.0 1041.0 87.0 572.0 1991.0091368965457
0.0 89.0 566.0 2879.0 11574.645384632297
0.0 722.0 257.0 1372.0 5319.369656963925
0.0 92.0 566.0 2879.0 11556.448495474171
0.0 606.0 300.0 1648.0 6413.019354585183
0.0 1244.0 0.0 0.0 0.0
0.0 518.0 368.0 1774.0 7327.831967561129
0.0 99.0 559.0 2855.0 11471.667295286732
0.0 1244.0 0.0 0.0 0.0
0.0 1244.0 0.0 0.0 0.0
0.0 584.0 326.0 1671.0 6606.525416575418
0.0 97.0 559.0 2887.0 11489.3471795207
0.0 1244.0 0.0 0.0 0.0
0.0 1244.0 0.0 0.0 0.0
0.0 93.0 561.0 2889.0 11520.894645929522
0.0 577.0 325.0 1671.0 6693.01081266916
0.0 540.0 349.0 1817.0 7065.588235151644
0.0 520.0 359.0 1772.0 7287.060717581187
0.0 547.0 350.0 1689.0 7001.791456703625
0.0 1244.0 0.0 0.0 0.0
0.0 90.0 562.0 2910.0 11563.036018084249
0.0 669.0 287.0 1416.0 5840.027282695412
0.0 1244.0 0.0 0.0 0.0
0.0 615.0 311.0 1545.0 6383.679608071092
0.0 89.0 563.0 2896.0 11555.016182252344
0.0 504.0 360.0 1900.0 7520.607536587404
0.0 580.0 322.0 1702.0 6690.593071939537
0.0 486.0 383.0 1824.0 7671.1033783101575
0.0 640.0 294.0 1504.0 6061.456443155994
0.0 1244.0 0.0 0.0 0.0
0.0 546.0 346.0 1799.0 7029.424613760655
0.0 1244.0 0.0 0.0 0.0
0.0 1244.0 0.0 0.0 0.0
0.0 1068.0 92.0 454.0 1771.6580899726746
0.0 92.0 562.0 2892.0 11542.334534462656
