0.0 842.0 203.0 977.0 4011.9318955750055
0.0 605.0 315.0 1576.0 6406.382650390699
0.0 810.0 212.0 1105.0 4353.61069273869
0.0 1244.0 0.0 0.0 0.0
0.0 1244.0 0.0 0.0 0.0
0.0 104.0 560.0 2853.0 11431.399180689012
0.0 1244.0 0.0 0.0 0.0
0.0 98.0 560.0 2876.0 11471.474933592424
0.0 566.0 323.0 1799.0 6840.677577630684
0.0 1244.0 0.0 0.0 0.0
0.0 1244.0 0.0 0.0 0.0
0.0 97.0 560.0 2892.0 11495.410846319453
0.0 614.0 317.0 1500.0 6338.683832598107
0.0 106.0 560.0 2842.0 11417.366061828694
0.0 661.0 285.0 1477.0 5864.255177429205
0.0 88.0 565.0 2895.0 11594.845245950679
0.0 105.0 558.0 2845.0 11413.10402925642
0.0 539.0 359.0 1728.0 7139.990254024083
0.0 97.0 563.0 2857.0 11490.559456071944
0.0 580.0 328.0 1636.0 6612.783826957197
0.0 1244.0 0.0 0.0 0.0
0.0 830.0 210.0 974.0 4170.111828442517
0.0 1244.0 0.0 0.0 0.0
0.0 1244.0 0.0 0.0 0.0
0.0 93.0 563.0 2896.0 11534.305543245897
0.0 1244.0 0.0 0.0 0.0
0.0 1244.0 0.0 0.0 0.0
0.0 1244.0 0.0 0.0 0.0
0.0 91.0 564.0 2890.0 11555.68557245579
0.0 92.0 566.0 2867.0 11537.52022142684
0.0 1244.0 0.0 0.0 0.0
0.0 1244.0 0.0 0.0 0.0
0.0 771.0 226.0 1251.0 4826.519557236441
0.0 585.0 329.0 1665.0 6581.739652334057
0.0 623.0 284.0 1673.0 6259.963558494591
0.0 781.0 239.0 1136.0 4626.368374402305
0.0 745.0 251.0 1301.0 5065.398472627753
0.0 111.0 552.0 2855.0 11373.039215193103
0.0 728.0 245.0 1399.0 5252.720927108906
0.0 1244.0 0.0 0.0 0.0
0.0 1244.0 0.0 0.0 0.0
0.0 88.0 564.0 2908.0 11570.053017801865
0.0 1244.0 0.0 0.0 0.0
0.0 1244.0 0.0 0.0 0.0
0.0 1244.0 0.0 0.0 0.0
0.0 1069.0 90.0 418.0 1778.1243712744242
0.0 501.0 374.0 1791.0 7463.483125251496
0.0 102.0 559.0 2855.0 11433.038942162473
0.0 93.0 564.0 2885.0 11545.609928047921
0.0 105.0 556.0 2864.0 11420.735316452448
0.0 94.0 564.0 2853.0 11517.893441212665
0.0 1244.0 0.0 0.0 0.0
0.0 1244.0 0.0 0.0 0.0
0.0 87.0 566.0 2899.0 11583.698488484037
0.0 611.0 326.0 1537.0 6376.856418974277
0.0 609.0 311.0 1647.0 6376.042505232724
0.0 500.0 371.0 1854.0 7458.640743221693
0.0 1244.0 0.0 0.0 0.0
0.0 619.0 297.0 1648.0 6264.046891623941
0.0 691.0 276.0 1393.0 5531.5059122378625
0.0 1244.0 0.0 0.0 0.0
0.0 704.0 270.0 1364.0 5438.444755631778
0.0 1244.0 0.0 0.0 0.0
0.0 1244.0 0.0 0.0 0.0
0.0 786.0 217.0 1184.0 4567.927431877099
0.0 1244.0 0.0 0.0 0.0
0.0 666.0 270.0 1528.0 5768.369382077191
0.0 519.0 356.0 1834.0 7270.935598345899
0.0 1244.0 0.0 0.0 0.0
0.0 1244.0 0.0 0.0 0.0
0.0 1244.0 0.0 0.0 0.0
0.0 1244.0 0.0 0.0 0.0
0.0 518.0 354.0 1850.0 7265.9875105674355
0.0 520.0 353.0 1862.0 7358.96314582071
0.0 1244.0 0.0 0.0 0.0
0.0 1244.0 0.0 0.0 0.0
0.0 779.0 228.0 1197.0 4718.857064792265
0.0 92.0 562.0 2885.0 11551.856184009095
0.0 1244.0 0.0 0.0 0.0
0.0 455.0 386.0 2051.0 7909.494373931484
0.0 105.0 553.0 2870.0 11415.11137098832
0.0 91.0 566.0 2878.0 11550.419917305715
0.0 1244.0 0.0 0.0 0.0
0.0 773.0 215.0 1282.0 4725.568764297254
0.0 866.0 192.0 985.0 3868.5028901864707
0.0 868.0 172.0 1033.0 3834.4419448660483
0.0 506.0 362.0 1869.0 7407.876350988569
0.0 894.0 160.0 941.0 3575.4372248632644
0.0 1244.0 0.0 0.0 0.0
0.0 1020.0 104.0 638.0 2247.052045301545
0.0 96.0 561.0 2867.0 11505.076773504035
0.0 97.0 561.0 2872.0 11497.872912595283
0.0 1244.0 0.0 0.0 0.0
0.0 99.0 556.0 2900.0 11470.883712477616
0.0 1244.0 0.0 0.0 0.0
0.0 491.0 378.0 1854.0 7519.485309494163
0.0 1244.0 0.0 0.0 0.0
0.0 1244.0 0.0 0.0 0.0
0.0 1244.0 0.0 0.0 0.0
0.0 97.0 559.0 2882.0 11503.224358808033
0.0 728.0 249.0 1367.0 5230.4964505299085
0.0 644.0 273.0 1633.0 6116.673223619762
0.0 100.0 562.0 2846.0 11484.91283720128
0.0 576.0 318.0 1751.0 6742.218068616486
0.0 669.0 278.0 1451.0 5760.514923457526
0.0 570.0 329.0 1730.0 6790.068573397709
0.0 569.0 324.0 1761.0 6754.630029742867
0.0 559.0 330.0 1802.0 6876.416279156681
0.0 1244.0 0.0 0.0 0.0
0.0 715.0 260.0 1340.0 5298.03340064075
0.0 96.0 562.0 2875.0 11494.58967254536
0.0 1244.0 0.0 0.0 0.0
0.0 1244.0 0.0 0.0 0.0
0.0 1244.0 0.0 0.0 0.0
0.0 571.0 333.0 1660.0 6712.848487737473
0.0 637.0 299.0 1572.0 6186.3002519206275
0.0 1244.0 0.0 0.0 0.0
0.0 94.0 560.0 2874.0 11512.534870624813
0.0 98.0 558.0 2888.0 11481.859673314018
0.0 88.0 565.0 2896.0 11588.599300343683
0.0 106.0 555.0 2857.0 11411.494577937308
0.0 111.0 553.0 2833.0 11346.462357252913
0.0 1244.0 0.0 0.0 0.0
0.0 1244.0 0.0 0.0 0.0
0.0 590.0 330.0 1612.0 6531.0620561893975
0.0 1244.0 0.0 0.0 0.0
0.0 90.0 565.0 2892.0 11538.257319648208
0.0 92.0 565.0 2876.0 11551.463084669234
0.0 532.0 351.0 1768.0 7141.619999641614
0.0 88.0 566.0 2880.0 11588.521532290255
0.0 112.0 552.0 2858.0 11367.430039950788
0.0 95.0 559.0 2904.0 11506.400830694689
0.0 1244.0 0.0 0.0 0.0
0.0 89.0 563.0 2907.0 11569.061875356336
0.0 1244.0 0.0 0.0 0.0
0.0 640.0 296.0 1582.0 6070.028143915686
0.0 573.0 322.0 1765.0 6707.20787056341
0.0 1244.0 0.0 0.0 0.0
0.0 471.0 381.0 1965.0 7833.2807584173715
0.0 101.0 555.0 2864.0 11450.659901951703
0.0 88.0 564.0 2905.0 11589.158898796328
0.0 103.0 555.0 2878.0 11437.640027748377
0.0 94.0 561.0 2897.0 11505.9736526829
0.0 103.0 555.0 2868.0 11440.874321032266
0.0 98.0 564.0 2861.0 11483.640807550175
0.0 1244.0 0.0 0.0 0.0
0.0 1244.0 0.0 0.0 0.0
0.0 794.0 210.0 1207.0 4551.538079224844
0.0 1244.0 0.0 0.0 0.0
0.0 1244.0 0.0 0.0 0.0
0.0 1244.0 0.0 0.0 0.0
0.0 537.0 352.0 1729.0 7128.675631030157
0.0 91.0 564.0 2887.0 11561.623383362967
0.0 678.0 283.0 1384.0 5760.436785666876
0.0 652.0 279.0 1599.0 6010.872419078182
0.0 727.0 257.0 1292.0 5153.805198272078
0.0 1244.0 0.0 0.0 0.0
0.0 98.0 560.0 2866.0 11479.526604704632
0.0 105.0 551.0 2897.0 11414.728188306759
0.0 497.0 364.0 1905.0 7511.560006503598
0.0 580.0 317.0 1690.0 6662.565758373439
0.0 636.0 289.0 1601.0 6118.931278303897
0.0 99.0 559.0 2875.0 11470.792911521297
0.0 432.0 394.0 2130.0 8123.7438240696765
0.0 1244.0 0.0 0.0 0.0
0.0 462.0 384.0 1996.0 7851.053889321331
0.0 1244.0 0.0 0.0 0.0
0.0 515.0 372.0 1828.0 7280.248461183093
0.0 674.0 273.0 1455.0 5645.7599179111985
0.0 1244.0 0.0 0.0 0.0
0.0 1244.0 0.0 0.0 0.0
0.0 1244.0 0.0 0.0 0.0
0.0 698.0 261.0 1417.0 5444.31137448732
0.0 93.0 565.0 2894.0 11528.866003102228
0.0 563.0 333.0 1750.0 6791.691511950287
0.0 1058.0 91.0 486.0 1916.4172148413577
0.0 595.0 299.0 1759.0 6608.472618868931
0.0 1244.0 0.0 0.0 0.0
0.0 1244.0 0.0 0.0 0.0
0.0 769.0 246.0 1175.0 4704.997115743329
0.0 1244.0 0.0 0.0 0.0
0.0 737.0 235.0 1423.0 5141.917077166483
0.0 1244.0 0.0 0.0 0.0
0.0 1244.0 0.0 0.0 0.0
0.0 616.0 303.0 1648.0 6367.37120618044
0.0 1244.0 0.0 0.0 0.0
0.0 612.0 303.0 1703.0 6388.432511321292
0.0 788.0 214.0 1239.0 4599.057225052535
0.0 1244.0 0.0 0.0 0.0
0.0 453.0 392.0 1997.0 7977.871552712504
0.0 1244.0 0.0 0.0 0.0
0.0 97.0 561.0 2875.0 11497.245006853118
0.0 511.0 374.0 1771.0 7308.555077213378
0.0 1244.0 0.0 0.0 0.0
0.0 428.0 403.0 2064.0 8241.468269743935
0.0 99.0 565.0 2845.0 11485.527892977443
0.0 103.0 560.0 2847.0 11441.203707030125
0.0 1244.0 0.0 0.0 0.0
0.0 87.0 566.0 2898.0 11593.502401729877
0.0 94.0 563.0 2869.0 11539.992464336106
0.0 1244.0 0.0 0.0 0.0
0.0 93.0 562.0 2890.0 11546.38271284165
0.0 93.0 560.0 2899.0 11524.077180214925
0.0 93.0 564.0 2895.0 11541.07843326114
0.0 1244.0 0.0 0.0 0.0
0.0 1244.0 0.0 0.0 0.0
0.0 535.0 346.0 1804.0 7093.71777045423
0.0 1244.0 0.0 0.0 0.0
0.0 95.0 567.0 2847.0 11511.182001240413
0.0 712.0 266.0 1407.0 5391.38923527277
0.0 92.0 563.0 2889.0 11549.511159062591
0.0 550.0 342.0 1719.0 6887.1657022588915
0.0 991.0 117.0 682.0 2571.2870625788514
0.0 546.0 342.0 1738.0 7004.56189151941
0.0 562.0 328.0 1755.0 6933.364508872044
0.0 1244.0 0.0 0.0 0.0
0.0 96.0 561.0 2877.0 11499.571048748809
0.0 1244.0 0.0 0.0 0.0
0.0 1027.0 104.0 575.0 2207.907958130516
0.0 1244.0 0.0 0.0 0.0
0.0 568.0 321.0 1823.0 6881.287096786465
0.0 1244.0 0.0 0.0 0.0
0.0 1244.0 0.0 0.0 0.0
0.0 90.0 564.0 2902.0 11577.52749380451
0.0 91.0 563.0 2901.0 11544.97113880297
0.0 707.0 260.0 1397.0 5414.095649753707
0.0 1244.0 0.0 0.0 0.0
0.0 1244.0 0.0 0.0 0.0
0.0 606.0 291.0 1776.0 6425.180709715489
0.0 1244.0 0.0 0.0 0.0
0.0 738.0 238.0 1392.0 5128.5355439285495
0.0 567.0 330.0 1752.0 6853.938722871931
0.0 107.0 555.0 2867.0 11394.66617074855
0.0 1244.0 0.0 0.0 0.0
0.0 108.0 554.0 2864.0 11390.902185800762
0.0 703.0 265.0 1387.0 5475.12100030832
0.0 1244.0 0.0 0.0 0.0
0.0 103.0 554.0 2884.0 11448.399783035902
0.0 1244.0 0.0 0.0 0.0
0.0 1244.0 0.0 0.0 0.0
0.0 1244.0 0.0 0.0 0.0
0.0 1244.0 0.0 0.0 0.0
0.0 501.0 359.0 1916.0 7462.495685160043
0.0 92.0 560.0 2898.0 11535.301339548365
0.0 1244.0 0.0 0.0 0.0
0.0 1244.0 0.0 0.0 0.0
0.0 852.0 198.0 1007.0 3955.7994770042574
0.0 596.0 331.0 1487.0 6457.901448523787
0.0 536.0 343.0 1825.0 7131.392015610422
0.0 305.0 447.0 2427.0 9447.491668128092
0.0 1244.0 0.0 0.0 0.0
0.0 107.0 559.0 2841.0 11388.810691622773
0.0 1244.0 0.0 0.0 0.0
0.0 850.0 188.0 1017.0 3930.328942676732
0.0 369.0 426.0 2250.0 8799.932918871093
0.0 102.0 556.0 2866.0 11434.847337029916
0.0 89.0 566.0 2890.0 11577.954021727432
0.0 630.0 314.0 1542.0 6074.012908569268
0.0 543.0 347.0 1764.0 7043.169809197047
0.0 818.0 191.0 1121.0 4239.166272170054
0.0 1244.0 0.0 0.0 0.0
0.0 1244.0 0.0 0.0 0.0
0.0 92.0 564.0 2873.0 11558.417277358529
0.0 891.0 182.0 884.0 3588.4688377861653
0.0 109.0 553.0 2855.0 11377.027002817855
0.0 1059.0 89.0 470.0 1812.2388749289232
0.0 546.0 350.0 1728.0 7014.753256743436
0.0 798.0 228.0 1064.0 4474.946981750914
