0.0 223.0 501.0 2541.0 10217.945246651092
0.0 163.0 530.0 2722.0 10817.0106175387
0.0 130.0 546.0 2809.0 11149.17753583802
0.0 499.0 376.0 1847.0 7538.5397783455555
0.0 103.0 557.0 2871.0 11427.364089929008
0.0 1244.0 0.0 0.0 0.0
0.0 1244.0 0.0 0.0 0.0
0.0 94.0 563.0 2872.0 11518.509417045276
0.0 94.0 558.0 2911.0 11527.851504713484
0.0 1244.0 0.0 0.0 0.0
0.0 1244.0 0.0 0.0 0.0
0.0 1244.0 0.0 0.0 0.0
0.0 742.0 241.0 1260.0 5120.815945838347
0.0 96.0 558.0 2882.0 11491.518391213405
0.0 1001.0 119.0 606.0 2494.0549714042445
0.0 1244.0 0.0 0.0 0.0
0.0 1244.0 0.0 0.0 0.0
0.0 104.0 557.0 2858.0 11423.481881101621
0.0 456.0 399.0 1909.0 7902.983816133866
0.0 1244.0 0.0 0.0 0.0
0.0 605.0 315.0 1609.0 6404.089790691056
0.0 1244.0 0.0 0.0 0.0
0.0 102.0 557.0 2869.0 11438.816748506473
0.0 1244.0 0.0 0.0 0.0
0.0 624.0 305.0 1592.0 6181.1452811922145
0.0 1244.0 0.0 0.0 0.0
0.0 95.0 564.0 2847.0 11505.75051160197
0.0 1014.0 111.0 603.0 2298.437380917013
0.0 1244.0 0.0 0.0 0.0
0.0 1244.0 0.0 0.0 0.0
0.0 1098.0 65.0 426.0 1392.3637217869466
0.0 653.0 281.0 1548.0 5915.755939227221
0.0 1244.0 0.0 0.0 0.0
0.0 563.0 338.0 1697.0 6789.612800162279
0.0 504.0 362.0 1884.0 7375.194980817686
0.0 500.0 362.0 1940.0 7537.759791694045
0.0 537.0 333.0 1875.0 7146.344389953634
0.0 1244.0 0.0 0.0 0.0
0.0 591.0 318.0 1666.0 6569.695121424323
0.0 99.0 560.0 2882.0 11471.364660765968
0.0 1046.0 96.0 513.0 2017.158124654867
0.0 1244.0 0.0 0.0 0.0
0.0 97.0 560.0 2882.0 11487.931564353501
0.0 1244.0 0.0 0.0 0.0
0.0 1244.0 0.0 0.0 0.0
0.0 1244.0 0.0 0.0 0.0
0.0 1244.0 0.0 0.0 0.0
0.0 1244.0 0.0 0.0 0.0
0.0 1244.0 0.0 0.0 0.0
0.0 104.0 560.0 2846.0 11446.077585837129
0.0 1244.0 0.0 0.0 0.0
0.0 815.0 215.0 1007.0 4300.706545726576
0.0 1244.0 0.0 0.0 0.0
0.0 1244.0 0.0 0.0 0.0
0.0 89.0 564.0 2885.0 11568.517832665715
0.0 1244.0 0.0 0.0 0.0
0.0 611.0 308.0 1649.0 6360.992226624034
0.0 1002.0 111.0 651.0 2433.8445328252155
0.0 95.0 563.0 2872.0 11511.629596175158
0.0 91.0 562.0 2885.0 11542.958109142826
0.0 616.0 319.0 1513.0 6394.304388300926
0.0 103.0 557.0 2868.0 11436.262322534281
0.0 503.0 374.0 1890.0 7454.536895240097
0.0 103.0 558.0 2843.0 11455.372731967109
0.0 587.0 314.0 1695.0 6550.769136027781
0.0 667.0 273.0 1482.0 5872.596306438012
0.0 90.0 564.0 2881.0 11569.964727552497
0.0 1244.0 0.0 0.0 0.0
0.0 1244.0 0.0 0.0 0.0
0.0 1244.0 0.0 0.0 0.0
0.0 1244.0 0.0 0.0 0.0
0.0 518.0 355.0 1846.0 7351.486834368987
0.0 568.0 333.0 1738.0 6855.361740443721
0.0 542.0 341.0 1855.0 7069.12403631232
0.0 762.0 232.0 1227.0 4876.941870666896
0.0 112.0 550.0 2854.0 11367.233630418994
0.0 1244.0 0.0 0.0 0.0
0.0 1244.0 0.0 0.0 0.0
0.0 1244.0 0.0 0.0 0.0
0.0 698.0 277.0 1396.0 5482.856010669019
0.0 93.0 564.0 2879.0 11531.181881289798
0.0 1244.0 0.0 0.0 0.0
0.0 553.0 344.0 1730.0 6986.880009530542
0.0 788.0 215.0 1168.0 4533.654439716579
0.0 458.0 381.0 2029.0 7902.693680924792
0.0 1134.0 50.0 322.0 1093.707647140969
0.0 1244.0 0.0 0.0 0.0
0.0 94.0 561.0 2891.0 11523.56764492757
0.0 395.0 413.0 2122.0 8456.990883166956
0.0 90.0 562.0 2907.0 11546.282443888189
0.0 96.0 561.0 2869.0 11504.714009683345
0.0 1002.0 122.0 600.0 2456.12166084547
0.0 104.0 558.0 2849.0 11429.329184228613
0.0 1244.0 0.0 0.0 0.0
0.0 1244.0 0.0 0.0 0.0
0.0 675.0 267.0 1476.0 5782.568213560211
0.0 1244.0 0.0 0.0 0.0
0.0 108.0 551.0 2849.0 11391.907143866418
0.0 644.0 285.0 1588.0 6028.864487070888
0.0 1244.0 0.0 0.0 0.0
0.0 1244.0 0.0 0.0 0.0
0.0 107.0 558.0 2851.0 11399.905701882086
0.0 1244.0 0.0 0.0 0.0
0.0 1244.0 0.0 0.0 0.0
0.0 1043.0 106.0 481.0 2059.9904173026976
0.0 96.0 557.0 2906.0 11508.93945342235
0.0 87.0 565.0 2913.0 11593.832413278566
0.0 700.0 275.0 1340.0 5457.53445578948
0.0 649.0 281.0 1564.0 6087.426353284642
0.0 741.0 247.0 1232.0 5098.192948201659
0.0 609.0 311.0 1644.0 6417.998576805948
0.0 1008.0 121.0 607.0 2392.9459437981996
0.0 90.0 563.0 2892.0 11560.851849470311
0.0 558.0 335.0 1736.0 6832.456823254208
0.0 1244.0 0.0 0.0 0.0
0.0 590.0 326.0 1617.0 6509.3810306599635
0.0 1244.0 0.0 0.0 0.0
0.0 572.0 334.0 1684.0 6834.070576383457
0.0 1244.0 0.0 0.0 0.0
0.0 1244.0 0.0 0.0 0.0
0.0 1244.0 0.0 0.0 0.0
0.0 1244.0 0.0 0.0 0.0
0.0 1244.0 0.0 0.0 0.0
0.0 575.0 340.0 1646.0 6665.916113594774
0.0 1244.0 0.0 0.0 0.0
0.0 1244.0 0.0 0.0 0.0
0.0 1244.0 0.0 0.0 0.0
0.0 101.0 553.0 2898.0 11433.013159916705
0.0 90.0 562.0 2905.0 11547.078281590526
0.0 1244.0 0.0 0.0 0.0
0.0 644.0 287.0 1560.0 6081.771827071996
0.0 100.0 565.0 2828.0 11482.253941389885
0.0 1244.0 0.0 0.0 0.0
0.0 118.0 551.0 2836.0 11297.985483234284
0.0 1244.0 0.0 0.0 0.0
0.0 1244.0 0.0 0.0 0.0
0.0 1244.0 0.0 0.0 0.0
0.0 516.0 357.0 1881.0 7331.4408514471215
0.0 101.0 558.0 2867.0 11450.84509526793
0.0 92.0 564.0 2895.0 11526.772428744933
0.0 95.0 560.0 2878.0 11500.907081813257
0.0 98.0 563.0 2859.0 11500.201125597127
0.0 667.0 286.0 1461.0 5840.0262760717615
0.0 508.0 370.0 1814.0 7379.873485645803
0.0 108.0 558.0 2825.0 11388.491589480278
0.0 471.0 393.0 1947.0 7750.495029039309
0.0 754.0 253.0 1179.0 4973.665368869345
0.0 488.0 374.0 1918.0 7570.464884898435
0.0 1244.0 0.0 0.0 0.0
0.0 459.0 388.0 1964.0 7851.987553706881
0.0 549.0 342.0 1760.0 7019.979049854057
0.0 1244.0 0.0 0.0 0.0
0.0 565.0 337.0 1716.0 6908.872640452517
0.0 97.0 560.0 2877.0 11501.087729808498
0.0 1244.0 0.0 0.0 0.0
0.0 562.0 336.0 1740.0 6824.992166593138
0.0 1244.0 0.0 0.0 0.0
0.0 554.0 355.0 1655.0 6911.854282002633
0.0 1244.0 0.0 0.0 0.0
0.0 1244.0 0.0 0.0 0.0
0.0 1244.0 0.0 0.0 0.0
0.0 675.0 288.0 1427.0 5771.422831638485
0.0 1244.0 0.0 0.0 0.0
0.0 1244.0 0.0 0.0 0.0
0.0 628.0 297.0 1582.0 6162.635346301164
0.0 1244.0 0.0 0.0 0.0
0.0 369.0 423.0 2261.0 8782.25914526798
0.0 543.0 345.0 1779.0 7033.111397168223
0.0 496.0 356.0 2009.0 7556.929412704538
0.0 481.0 370.0 2020.0 7655.637034631791
0.0 1244.0 0.0 0.0 0.0
0.0 1244.0 0.0 0.0 0.0
0.0 502.0 355.0 1964.0 7495.475861851257
0.0 639.0 287.0 1626.0 6025.852804799957
0.0 1244.0 0.0 0.0 0.0
0.0 105.0 559.0 2832.0 11417.08649931577
0.0 1244.0 0.0 0.0 0.0
0.0 1244.0 0.0 0.0 0.0
0.0 93.0 561.0 2904.0 11526.913066554453
0.0 98.0 562.0 2864.0 11473.559123112023
0.0 1244.0 0.0 0.0 0.0
0.0 1244.0 0.0 0.0 0.0
0.0 1244.0 0.0 0.0 0.0
0.0 761.0 222.0 1353.0 4941.197565812013
0.0 583.0 311.0 1762.0 6685.788196176684
0.0 1244.0 0.0 0.0 0.0
0.0 1244.0 0.0 0.0 0.0
0.0 1244.0 0.0 0.0 0.0
0.0 1244.0 0.0 0.0 0.0
0.0 924.0 161.0 820.0 3195.438630216722
0.0 565.0 324.0 1798.0 6836.134433520274
0.0 541.0 334.0 1856.0 7083.253069418927
0.0 1244.0 0.0 0.0 0.0
0.0 614.0 316.0 1581.0 6367.097041503127
0.0 1244.0 0.0 0.0 0.0
0.0 100.0 558.0 2869.0 11470.618279541062
0.0 595.0 308.0 1741.0 6513.497655168343
0.0 1244.0 0.0 0.0 0.0
0.0 1244.0 0.0 0.0 0.0
0.0 104.0 561.0 2843.0 11426.073311963535
0.0 1244.0 0.0 0.0 0.0
0.0 1244.0 0.0 0.0 0.0
0.0 1244.0 0.0 0.0 0.0
0.0 1244.0 0.0 0.0 0.0
0.0 88.0 565.0 2899.0 11570.265829295276
0.0 1244.0 0.0 0.0 0.0
0.0 88.0 564.0 2905.0 11572.66567012812
0.0 606.0 320.0 1581.0 6440.61182545735
0.0 1244.0 0.0 0.0 0.0
0.0 547.0 333.0 1779.0 6996.737540423865
0.0 627.0 309.0 1533.0 6208.03673903065
0.0 1030.0 106.0 584.0 2160.9878751005463
0.0 978.0 138.0 668.0 2727.268047367549
0.0 1244.0 0.0 0.0 0.0
0.0 98.0 559.0 2879.0 11495.399642016831
0.0 116.0 552.0 2815.0 11321.421303254587
0.0 630.0 288.0 1591.0 6206.381233385463
0.0 627.0 301.0 1561.0 6245.562863216711
0.0 1244.0 0.0 0.0 0.0
0.0 1244.0 0.0 0.0 0.0
0.0 1034.0 94.0 601.0 2131.7726977704415
0.0 1244.0 0.0 0.0 0.0
0.0 497.0 377.0 1828.0 7558.88145974986
0.0 711.0 254.0 1352.0 5291.818809009532
0.0 92.0 565.0 2869.0 11534.998853986091
0.0 1244.0 0.0 0.0 0.0
0.0 1244.0 0.0 0.0 0.0
0.0 709.0 250.0 1399.0 5381.142470350124
0.0 1244.0 0.0 0.0 0.0
0.0 635.0 292.0 1548.0 6127.503914986331
0.0 88.0 565.0 2888.0 11585.747382117428
0.0 120.0 551.0 2817.0 11266.593011649726
0.0 1244.0 0.0 0.0 0.0
0.0 659.0 297.0 1438.0 5947.718271922274
0.0 93.0 562.0 2868.0 11532.007467783722
0.0 519.0 356.0 1807.0 7270.210807054147
0.0 103.0 558.0 2858.0 11433.342592022043
0.0 592.0 329.0 1565.0 6523.840337197551
0.0 588.0 321.0 1675.0 6555.011725308916
0.0 631.0 301.0 1524.0 6148.480794305902
0.0 764.0 216.0 1304.0 4736.072115823383
0.0 698.0 273.0 1338.0 5520.773509598511
0.0 1244.0 0.0 0.0 0.0
0.0 100.0 561.0 2842.0 11473.384104251974
0.0 1244.0 0.0 0.0 0.0
0.0 505.0 361.0 1874.0 7475.682903367745
0.0 1244.0 0.0 0.0 0.0
0.0 116.0 550.0 2821.0 11314.017281573224
0.0 1244.0 0.0 0.0 0.0
0.0 100.0 557.0 2884.0 11449.90764483889
0.0 110.0 553.0 2839.0 11343.918815446896
0.0 1244.0 0.0 0.0 0.0
0.0 488.0 371.0 1918.0 7617.406518421118
0.0 1244.0 0.0 0.0 0.0
0.0 1244.0 0.0 0.0 0.0
0.0 535.0 360.0 1703.0 7111.61200235276
0.0 463.0 370.0 2080.0 7842.903302833433
0.0 1244.0 0.0 0.0 0.0
0.0 1244.0 0.0 0.0 0.0
0.0 99.0 560.0 2854.0 11482.279331897247
0.0 93.0 562.0 2893.0 11529.246779520085
0.0 546.0 348.0 1718.0 6993.362167489292
0.0 95.0 559.0 2882.0 11501.249586126058
0.0 616.0 302.0 1611.0 6301.826580880847
0.0 92.0 566.0 2864.0 11539.66321573573
0.0 569.0 331.0 1737.0 6802.70340898232
