0.0 839.0 187.0 1101.0 4123.608273601676
0.0 1244.0 0.0 0.0 0.0
0.0 125.0 548.0 2788.0 11206.426329049424
0.0 116.0 552.0 2823.0 11299.113833047008
0.0 107.0 552.0 2872.0 11392.144631371993
0.0 123.0 546.0 2827.0 11244.286118185522
0.0 1244.0 0.0 0.0 0.0
0.0 1026.0 103.0 595.0 2234.4388012315467
0.0 600.0 323.0 1637.0 6461.698926779019
0.0 95.0 560.0 2893.0 11497.931206475709
0.0 91.0 566.0 2875.0 11560.273399937529
0.0 92.0 561.0 2891.0 11542.764374997509
0.0 526.0 360.0 1843.0 7350.700372342705
0.0 117.0 550.0 2841.0 11313.691255759455
0.0 300.0 450.0 2457.0 9499.307777429714
0.0 1244.0 0.0 0.0 0.0
0.0 551.0 342.0 1733.0 6881.72278547228
0.0 1244.0 0.0 0.0 0.0
0.0 126.0 542.0 2828.0 11194.207258159433
0.0 1244.0 0.0 0.0 0.0
0.0 1244.0 0.0 0.0 0.0
0.0 738.0 255.0 1288.0 5111.504386132894
0.0 702.0 257.0 1435.0 5492.006504476527
0.0 519.0 367.0 1750.0 7251.955851906842
0.0 92.0 563.0 2914.0 11533.485662850331
0.0 1244.0 0.0 0.0 0.0
0.0 1244.0 0.0 0.0 0.0
0.0 1244.0 0.0 0.0 0.0
0.0 620.0 307.0 1532.0 6339.480034552295
0.0 887.0 159.0 1000.0 3585.521857271122
0.0 1244.0 0.0 0.0 0.0
0.0 486.0 357.0 2055.0 7514.920346833916
0.0 1244.0 0.0 0.0 0.0
0.0 827.0 213.0 1049.0 4251.686404643147
0.0 1244.0 0.0 0.0 0.0
0.0 669.0 276.0 1545.0 5899.983840787807
0.0 663.0 294.0 1434.0 5882.843586229478
0.0 1244.0 0.0 0.0 0.0
0.0 500.0 364.0 1878.0 7437.6720569332265
0.0 1244.0 0.0 0.0 0.0
0.0 1244.0 0.0 0.0 0.0
0.0 1244.0 0.0 0.0 0.0
0.0 1244.0 0.0 0.0 0.0
0.0 1244.0 0.0 0.0 0.0
0.0 1244.0 0.0 0.0 0.0
0.0 100.0 559.0 2855.0 11465.883427078612
0.0 1244.0 0.0 0.0 0.0
0.0 95.0 558.0 2906.0 11506.963011039707
0.0 1244.0 0.0 0.0 0.0
0.0 641.0 301.0 1492.0 6003.344806464469
0.0 690.0 261.0 1499.0 5592.344259776685
0.0 1244.0 0.0 0.0 0.0
0.0 629.0 302.0 1569.0 6183.107368209405
0.0 1244.0 0.0 0.0 0.0
0.0 1244.0 0.0 0.0 0.0
0.0 483.0 373.0 1895.0 7642.394872748077
0.0 595.0 306.0 1758.0 6576.694713185125
0.0 611.0 310.0 1606.0 6312.579454307575
0.0 1244.0 0.0 0.0 0.0
0.0 104.0 557.0 2845.0 11414.2261305199
0.0 706.0 258.0 1421.0 5432.627216336222
0.0 483.0 370.0 1954.0 7672.214909371238
0.0 906.0 150.0 985.0 3322.3850338025804
0.0 589.0 321.0 1572.0 6614.367639378743
0.0 1137.0 51.0 261.0 1118.6759653434422
0.0 90.0 566.0 2874.0 11574.685445773746
0.0 1244.0 0.0 0.0 0.0
0.0 982.0 122.0 732.0 2659.7456080173347
0.0 98.0 561.0 2866.0 11472.0825689839
0.0 674.0 265.0 1581.0 5817.193189415436
0.0 1244.0 0.0 0.0 0.0
0.0 1244.0 0.0 0.0 0.0
0.0 1244.0 0.0 0.0 0.0
0.0 94.0 561.0 2883.0 11521.995426988922
0.0 508.0 356.0 1818.0 7411.294268615506
0.0 1244.0 0.0 0.0 0.0
0.0 90.0 566.0 2886.0 11559.155584057497
0.0 99.0 556.0 2891.0 11462.846291182841
0.0 94.0 564.0 2855.0 11520.065047421023
0.0 106.0 560.0 2837.0 11405.324185386467
0.0 93.0 564.0 2885.0 11548.239266020506
0.0 1244.0 0.0 0.0 0.0
0.0 101.0 563.0 2854.0 11457.382629476668
0.0 1244.0 0.0 0.0 0.0
0.0 570.0 344.0 1575.0 6813.984159263561
0.0 89.0 565.0 2894.0 11565.108692890533
0.0 609.0 317.0 1606.0 6360.930050203923
0.0 1244.0 0.0 0.0 0.0
0.0 102.0 557.0 2863.0 11435.388833770789
0.0 1244.0 0.0 0.0 0.0
0.0 107.0 560.0 2815.0 11392.59586866291
0.0 786.0 232.0 1171.0 4660.294379250944
0.0 1068.0 83.0 453.0 1726.9166271146596
0.0 1244.0 0.0 0.0 0.0
0.0 109.0 554.0 2840.0 11374.460887802552
0.0 87.0 566.0 2901.0 11591.139276785889
0.0 533.0 342.0 1875.0 7141.799265458772
0.0 1244.0 0.0 0.0 0.0
0.0 650.0 279.0 1543.0 5875.077331595716
0.0 90.0 567.0 2879.0 11549.126642470887
0.0 748.0 244.0 1250.0 4955.467781591517
0.0 113.0 550.0 2855.0 11335.793392877837
0.0 1244.0 0.0 0.0 0.0
0.0 106.0 557.0 2855.0 11402.463874253412
0.0 1244.0 0.0 0.0 0.0
0.0 534.0 360.0 1686.0 7148.443795151687
0.0 1244.0 0.0 0.0 0.0
0.0 104.0 554.0 2883.0 11423.249603630391
0.0 1244.0 0.0 0.0 0.0
0.0 1244.0 0.0 0.0 0.0
0.0 619.0 300.0 1658.0 6317.01569680685
0.0 1244.0 0.0 0.0 0.0
0.0 1244.0 0.0 0.0 0.0
0.0 1244.0 0.0 0.0 0.0
0.0 1244.0 0.0 0.0 0.0
0.0 645.0 283.0 1604.0 5972.965779279589
0.0 101.0 556.0 2900.0 11437.995669164884
0.0 546.0 333.0 1861.0 6981.095331517732
0.0 1244.0 0.0 0.0 0.0
0.0 103.0 554.0 2884.0 11435.647652493295
0.0 1244.0 0.0 0.0 0.0
0.0 99.0 559.0 2856.0 11461.872960770248
0.0 1244.0 0.0 0.0 0.0
0.0 556.0 333.0 1800.0 6922.391429256635
0.0 88.0 565.0 2910.0 11579.861398553308
0.0 453.0 394.0 1987.0 7930.849657791677
0.0 598.0 326.0 1614.0 6554.063018776758
0.0 97.0 558.0 2880.0 11493.488863877159
0.0 556.0 334.0 1765.0 6989.874386428402
0.0 663.0 277.0 1566.0 5922.30995491976
0.0 88.0 567.0 2877.0 11592.794330072113
0.0 1244.0 0.0 0.0 0.0
0.0 1244.0 0.0 0.0 0.0
0.0 1244.0 0.0 0.0 0.0
0.0 552.0 337.0 1792.0 6916.751769862982
0.0 1244.0 0.0 0.0 0.0
0.0 93.0 562.0 2890.0 11529.38785296091
0.0 615.0 287.0 1720.0 6339.774739914228
0.0 92.0 563.0 2885.0 11553.552256468962
0.0 1244.0 0.0 0.0 0.0
0.0 1244.0 0.0 0.0 0.0
0.0 1244.0 0.0 0.0 0.0
0.0 1244.0 0.0 0.0 0.0
0.0 734.0 235.0 1329.0 5185.551952958486
0.0 1244.0 0.0 0.0 0.0
0.0 1244.0 0.0 0.0 0.0
0.0 1244.0 0.0 0.0 0.0
0.0 95.0 559.0 2887.0 11517.823938370697
0.0 96.0 561.0 2871.0 11508.76085584448
0.0 1244.0 0.0 0.0 0.0
0.0 91.0 563.0 2893.0 11545.374928326566
0.0 1244.0 0.0 0.0 0.0
0.0 1244.0 0.0 0.0 0.0
0.0 596.0 311.0 1687.0 6562.197468016452
0.0 102.0 559.0 2858.0 11455.43652566596
0.0 90.0 563.0 2918.0 11563.714012762071
0.0 613.0 305.0 1645.0 6371.4390405980175
0.0 96.0 564.0 2855.0 11499.5117292951
0.0 98.0 560.0 2877.0 11492.58790444949
0.0 93.0 560.0 2907.0 11543.356796847214
0.0 1244.0 0.0 0.0 0.0
0.0 728.0 251.0 1326.0 5230.409147848452
0.0 111.0 555.0 2816.0 11341.1690653307
0.0 1244.0 0.0 0.0 0.0
0.0 621.0 319.0 1490.0 6197.13458363715
0.0 574.0 323.0 1705.0 6796.434122103012
0.0 545.0 331.0 1828.0 7043.432354251328
0.0 1244.0 0.0 0.0 0.0
0.0 653.0 294.0 1455.0 5991.622792308799
0.0 104.0 552.0 2888.0 11415.81045107182
0.0 1244.0 0.0 0.0 0.0
0.0 1244.0 0.0 0.0 0.0
0.0 1244.0 0.0 0.0 0.0
0.0 696.0 251.0 1452.0 5612.429822432424
0.0 547.0 348.0 1708.0 6939.287488194107
0.0 631.0 313.0 1467.0 6167.921234519087
0.0 435.0 387.0 2036.0 8123.33494849407
0.0 706.0 267.0 1338.0 5451.737995461605
0.0 1244.0 0.0 0.0 0.0
0.0 109.0 557.0 2837.0 11375.335696709264
0.0 1244.0 0.0 0.0 0.0
0.0 1244.0 0.0 0.0 0.0
0.0 1244.0 0.0 0.0 0.0
0.0 1244.0 0.0 0.0 0.0
0.0 1244.0 0.0 0.0 0.0
0.0 639.0 288.0 1551.0 5994.206228618723
0.0 107.0 559.0 2823.0 11397.122080243616
0.0 578.0 335.0 1685.0 6721.159807867921
0.0 93.0 564.0 2882.0 11549.723009611032
0.0 570.0 352.0 1564.0 6835.092550341784
0.0 626.0 292.0 1612.0 6214.028216427826
0.0 1244.0 0.0 0.0 0.0
0.0 570.0 324.0 1715.0 6849.712096285052
0.0 1244.0 0.0 0.0 0.0
0.0 576.0 325.0 1779.0 6705.145257951998
0.0 635.0 286.0 1627.0 6209.141293338852
0.0 1244.0 0.0 0.0 0.0
0.0 105.0 553.0 2888.0 11412.681986878635
0.0 88.0 563.0 2898.0 11580.751622807984
0.0 689.0 277.0 1443.0 5588.947389658296
0.0 1244.0 0.0 0.0 0.0
0.0 1244.0 0.0 0.0 0.0
0.0 1244.0 0.0 0.0 0.0
0.0 90.0 566.0 2866.0 11575.210092414778
0.0 1244.0 0.0 0.0 0.0
0.0 653.0 292.0 1522.0 5899.019893026626
0.0 1244.0 0.0 0.0 0.0
0.0 103.0 555.0 2875.0 11424.107776856237
0.0 584.0 317.0 1740.0 6703.987678456327
0.0 1244.0 0.0 0.0 0.0
0.0 1244.0 0.0 0.0 0.0
0.0 1244.0 0.0 0.0 0.0
0.0 1081.0 73.0 425.0 1638.2945562274576
0.0 95.0 561.0 2879.0 11520.095665474673
0.0 1244.0 0.0 0.0 0.0
0.0 103.0 556.0 2873.0 11423.68831571327
0.0 94.0 562.0 2885.0 11511.448287575653
0.0 1244.0 0.0 0.0 0.0
0.0 536.0 338.0 1802.0 7128.755050557319
0.0 87.0 567.0 2899.0 11583.149953472534
0.0 94.0 562.0 2864.0 11531.133952783352
0.0 651.0 293.0 1503.0 6060.747424941038
0.0 1244.0 0.0 0.0 0.0
0.0 90.0 562.0 2899.0 11571.341408647031
0.0 87.0 565.0 2909.0 11604.275183457221
0.0 614.0 306.0 1616.0 6329.505269012178
0.0 100.0 561.0 2847.0 11468.925732365653
0.0 1244.0 0.0 0.0 0.0
0.0 1244.0 0.0 0.0 0.0
0.0 608.0 308.0 1591.0 6378.563878503377
0.0 1244.0 0.0 0.0 0.0
0.0 500.0 353.0 1949.0 7510.762243609662
0.0 88.0 562.0 2917.0 11581.480896546425
0.0 784.0 218.0 1207.0 4663.108877672389
0.0 1244.0 0.0 0.0 0.0
0.0 592.0 311.0 1721.0 6506.263861643647
0.0 621.0 298.0 1622.0 6290.841916766363
0.0 90.0 564.0 2912.0 11569.11967850504
0.0 976.0 124.0 727.0 2700.2059427872723
0.0 465.0 390.0 1956.0 7920.142904655214
0.0 1244.0 0.0 0.0 0.0
0.0 1244.0 0.0 0.0 0.0
0.0 1244.0 0.0 0.0 0.0
0.0 544.0 352.0 1779.0 7076.957049441795
0.0 1244.0 0.0 0.0 0.0
0.0 761.0 236.0 1218.0 4917.9428595026575
0.0 1244.0 0.0 0.0 0.0
0.0 1244.0 0.0 0.0 0.0
0.0 1244.0 0.0 0.0 0.0
0.0 1244.0 0.0 0.0 0.0
0.0 1244.0 0.0 0.0 0.0
0.0 107.0 556.0 2856.0 11397.690319248737
0.0 890.0 174.0 892.0 3577.6281913478965
0.0 1244.0 0.0 0.0 0.0
0.0 1244.0 0.0 0.0 0.0
0.0 1244.0 0.0 0.0 0.0
0.0 108.0 556.0 2837.0 11407.223754188553
0.0 1244.0 0.0 0.0 0.0
0.0 786.0 221.0 1208.0 4648.390965961959
0.0 96.0 558.0 2881.0 11479.449147303934
0.0 96.0 563.0 2865.0 11505.972214328394
