0.0 729.0 252.0 1338.0 5206.510287441618
0.0 1244.0 0.0 0.0 0.0
0.0 139.0 541.0 2787.0 11058.115288338255
0.0 108.0 556.0 2847.0 11377.030911475304
0.0 674.0 284.0 1445.0 5658.032046637592
0.0 571.0 323.0 1721.0 6783.6363770538965
0.0 558.0 342.0 1700.0 6880.2987919666
0.0 623.0 307.0 1589.0 6294.939562059011
0.0 654.0 283.0 1544.0 5949.3618198619415
0.0 1244.0 0.0 0.0 0.0
0.0 1244.0 0.0 0.0 0.0
0.0 103.0 560.0 2842.0 11442.978023427853
0.0 1244.0 0.0 0.0 0.0
0.0 99.0 559.0 2873.0 11467.077156465932
0.0 580.0 323.0 1678.0 6673.038143844064
0.0 511.0 343.0 1986.0 7388.44361501787
0.0 107.0 558.0 2850.0 11381.445389226543
0.0 1244.0 0.0 0.0 0.0
0.0 88.0 563.0 2903.0 11589.197918382552
0.0 1244.0 0.0 0.0 0.0
0.0 605.0 317.0 1564.0 6391.818641734928
0.0 1244.0 0.0 0.0 0.0
0.0 661.0 282.0 1439.0 5816.084850266965
0.0 596.0 303.0 1734.0 6508.400425698314
0.0 660.0 274.0 1520.0 5854.925532359927
0.0 91.0 562.0 2907.0 11550.354627730738
0.0 1244.0 0.0 0.0 0.0
0.0 1244.0 0.0 0.0 0.0
0.0 560.0 333.0 1789.0 6869.902608111053
0.0 1244.0 0.0 0.0 0.0
0.0 97.0 563.0 2854.0 11523.36641175238
0.0 98.0 560.0 2863.0 11491.901011039607
0.0 520.0 356.0 1826.0 7387.605143268921
0.0 98.0 559.0 2876.0 11470.514506311838
0.0 101.0 558.0 2877.0 11442.7513756462
0.0 1244.0 0.0 0.0 0.0
0.0 1244.0 0.0 0.0 0.0
0.0 1244.0 0.0 0.0 0.0
0.0 593.0 322.0 1647.0 6553.809184372285
0.0 747.0 263.0 1197.0 5040.945524243714
0.0 1244.0 0.0 0.0 0.0
0.0 1244.0 0.0 0.0 0.0
0.0 1244.0 0.0 0.0 0.0
0.0 104.0 555.0 2880.0 11426.66211830721
0.0 1244.0 0.0 0.0 0.0
0.0 551.0 335.0 1793.0 6981.9607327191925
0.0 1244.0 0.0 0.0 0.0
0.0 544.0 337.0 1799.0 7035.120580303638
0.0 99.0 556.0 2879.0 11464.263935558389
0.0 679.0 266.0 1478.0 5669.816474034812
0.0 1025.0 107.0 580.0 2281.420678066625
0.0 671.0 296.0 1390.0 5782.4119588236435
0.0 1244.0 0.0 0.0 0.0
0.0 555.0 348.0 1698.0 6930.727239747132
0.0 88.0 565.0 2894.0 11590.568195605021
0.0 1244.0 0.0 0.0 0.0
0.0 1244.0 0.0 0.0 0.0
0.0 439.0 398.0 2102.0 8108.816811472353
0.0 1244.0 0.0 0.0 0.0
0.0 1244.0 0.0 0.0 0.0
0.0 1244.0 0.0 0.0 0.0
0.0 1244.0 0.0 0.0 0.0
0.0 548.0 347.0 1743.0 6926.100060127136
0.0 1244.0 0.0 0.0 0.0
0.0 577.0 328.0 1656.0 6656.129694411891
0.0 1244.0 0.0 0.0 0.0
0.0 777.0 238.0 1164.0 4677.100262827258
0.0 1244.0 0.0 0.0 0.0
0.0 96.0 564.0 2844.0 11509.499225718739
0.0 762.0 232.0 1276.0 4818.247950591901
0.0 1244.0 0.0 0.0 0.0
0.0 719.0 261.0 1304.0 5292.921540007458
0.0 1053.0 91.0 492.0 1891.9857414317826
0.0 1244.0 0.0 0.0 0.0
0.0 562.0 346.0 1663.0 6884.003155184952
0.0 704.0 274.0 1318.0 5365.977152113298
0.0 293.0 455.0 2449.0 9581.983701983308
0.0 560.0 335.0 1722.0 6975.980287120072
0.0 95.0 565.0 2857.0 11520.385176785712
0.0 959.0 129.0 749.0 2882.596059857124
0.0 1244.0 0.0 0.0 0.0
0.0 1244.0 0.0 0.0 0.0
0.0 606.0 308.0 1640.0 6397.10262579156
0.0 94.0 561.0 2883.0 11530.20654166452
0.0 1244.0 0.0 0.0 0.0
0.0 582.0 322.0 1685.0 6616.616449522562
0.0 1244.0 0.0 0.0 0.0
0.0 1244.0 0.0 0.0 0.0
0.0 638.0 280.0 1606.0 6060.952654776184
0.0 778.0 251.0 1107.0 4740.208863447059
0.0 1244.0 0.0 0.0 0.0
0.0 1244.0 0.0 0.0 0.0
0.0 1244.0 0.0 0.0 0.0
0.0 92.0 566.0 2879.0 11555.621402399069
0.0 87.0 564.0 2917.0 11588.505824044796
0.0 91.0 563.0 2880.0 11535.390797983415
0.0 1244.0 0.0 0.0 0.0
0.0 519.0 348.0 1838.0 7289.9276548809485
0.0 1244.0 0.0 0.0 0.0
0.0 861.0 192.0 942.0 3952.276334073958
0.0 113.0 553.0 2808.0 11336.272278317949
0.0 94.0 568.0 2850.0 11544.345130139895
0.0 1244.0 0.0 0.0 0.0
0.0 1244.0 0.0 0.0 0.0
0.0 108.0 558.0 2833.0 11394.533542543835
0.0 107.0 551.0 2875.0 11390.381703855877
0.0 92.0 566.0 2870.0 11560.579400741266
0.0 1244.0 0.0 0.0 0.0
0.0 893.0 171.0 910.0 3560.9842737580743
0.0 1244.0 0.0 0.0 0.0
0.0 369.0 423.0 2258.0 8798.691879322834
0.0 674.0 282.0 1406.0 5798.283712586933
0.0 1244.0 0.0 0.0 0.0
0.0 1244.0 0.0 0.0 0.0
0.0 1244.0 0.0 0.0 0.0
0.0 775.0 223.0 1203.0 4733.427108433115
0.0 555.0 329.0 1839.0 6914.360493287371
0.0 482.0 371.0 1915.0 7682.978881509514
0.0 540.0 335.0 1870.0 7060.708642317948
0.0 1244.0 0.0 0.0 0.0
0.0 1244.0 0.0 0.0 0.0
0.0 488.0 372.0 1919.0 7557.789691290176
0.0 526.0 350.0 1876.0 7194.911059572798
0.0 90.0 562.0 2893.0 11560.96016519897
0.0 91.0 567.0 2876.0 11551.796890099944
0.0 556.0 330.0 1784.0 6877.706172154448
0.0 1244.0 0.0 0.0 0.0
0.0 486.0 360.0 2060.0 7597.762903897772
0.0 90.0 564.0 2891.0 11558.922861510322
0.0 96.0 560.0 2886.0 11508.548064828357
0.0 422.0 400.0 2133.0 8276.159798962193
0.0 642.0 280.0 1582.0 6054.858166649396
0.0 93.0 565.0 2873.0 11524.056729575555
0.0 1244.0 0.0 0.0 0.0
0.0 90.0 561.0 2912.0 11556.384021550177
0.0 1049.0 89.0 535.0 1939.965682694695
0.0 92.0 560.0 2908.0 11532.608726725573
0.0 97.0 557.0 2900.0 11489.535662742923
0.0 90.0 562.0 2910.0 11547.146420690267
0.0 785.0 246.0 1114.0 4532.230509322627
0.0 514.0 350.0 1882.0 7350.26059728236
0.0 99.0 559.0 2872.0 11470.18511754406
0.0 1244.0 0.0 0.0 0.0
0.0 570.0 332.0 1750.0 6792.982260773477
0.0 476.0 383.0 1987.0 7731.718158191316
0.0 94.0 562.0 2894.0 11512.67180282099
0.0 90.0 565.0 2898.0 11556.458763376086
0.0 645.0 296.0 1560.0 6056.941836522321
0.0 699.0 270.0 1408.0 5461.652681254264
0.0 1244.0 0.0 0.0 0.0
0.0 584.0 324.0 1627.0 6581.773123761313
0.0 89.0 565.0 2898.0 11574.526276363742
0.0 482.0 367.0 1973.0 7708.2587575243715
0.0 668.0 278.0 1487.0 5766.237754691294
0.0 91.0 561.0 2909.0 11551.383629165399
0.0 706.0 250.0 1481.0 5455.944764062455
0.0 514.0 355.0 1858.0 7319.946301700019
0.0 104.0 559.0 2843.0 11428.407969013206
0.0 1066.0 86.0 440.0 1800.7387579139127
0.0 1244.0 0.0 0.0 0.0
0.0 1244.0 0.0 0.0 0.0
0.0 613.0 308.0 1647.0 6372.240131142841
0.0 762.0 233.0 1307.0 4761.828122880953
0.0 1244.0 0.0 0.0 0.0
0.0 97.0 560.0 2898.0 11486.913203990516
0.0 605.0 312.0 1612.0 6520.272755483981
0.0 1244.0 0.0 0.0 0.0
0.0 793.0 207.0 1248.0 4611.49593803209
0.0 602.0 323.0 1603.0 6473.984744173572
0.0 547.0 348.0 1749.0 7072.354938032954
0.0 524.0 343.0 1890.0 7291.423515100237
0.0 623.0 316.0 1566.0 6216.653783989086
0.0 656.0 285.0 1518.0 5875.775493625119
0.0 106.0 558.0 2846.0 11420.664265709493
0.0 103.0 557.0 2857.0 11427.036628196021
0.0 1244.0 0.0 0.0 0.0
0.0 1244.0 0.0 0.0 0.0
0.0 1244.0 0.0 0.0 0.0
0.0 1244.0 0.0 0.0 0.0
0.0 1244.0 0.0 0.0 0.0
0.0 594.0 308.0 1752.0 6532.981661359549
0.0 101.0 557.0 2895.0 11431.403888093262
0.0 104.0 556.0 2864.0 11440.71865118871
0.0 100.0 558.0 2864.0 11459.204130732895
0.0 1244.0 0.0 0.0 0.0
0.0 534.0 341.0 1900.0 7204.0807178662635
0.0 89.0 562.0 2908.0 11573.650766009581
0.0 93.0 566.0 2869.0 11546.208789435892
0.0 105.0 559.0 2862.0 11415.955112715943
0.0 308.0 452.0 2396.0 9439.227549358997
0.0 1244.0 0.0 0.0 0.0
0.0 1244.0 0.0 0.0 0.0
0.0 1244.0 0.0 0.0 0.0
0.0 1244.0 0.0 0.0 0.0
0.0 105.0 555.0 2868.0 11431.966373992787
0.0 97.0 561.0 2865.0 11485.476353450962
0.0 95.0 561.0 2870.0 11497.321504923635
0.0 487.0 365.0 1980.0 7616.199712026925
0.0 94.0 563.0 2874.0 11524.449239441019
0.0 1244.0 0.0 0.0 0.0
0.0 97.0 559.0 2892.0 11492.68440514827
0.0 93.0 561.0 2873.0 11538.592795912038
0.0 107.0 553.0 2854.0 11388.125888226206
0.0 1244.0 0.0 0.0 0.0
0.0 531.0 356.0 1755.0 7154.960964677231
0.0 1244.0 0.0 0.0 0.0
0.0 589.0 317.0 1679.0 6593.931723336213
0.0 1065.0 86.0 447.0 1828.2641309992425
0.0 1244.0 0.0 0.0 0.0
0.0 1244.0 0.0 0.0 0.0
0.0 107.0 557.0 2829.0 11398.677377540413
0.0 592.0 309.0 1765.0 6630.423868122307
0.0 1244.0 0.0 0.0 0.0
0.0 109.0 552.0 2849.0 11380.58540947921
0.0 665.0 297.0 1392.0 5760.927698181608
0.0 477.0 383.0 1888.0 7729.127732644385
0.0 489.0 375.0 1871.0 7624.323810794208
0.0 576.0 307.0 1825.0 6796.781917182488
0.0 100.0 560.0 2847.0 11450.601214213519
0.0 657.0 272.0 1634.0 5990.782789246375
0.0 1244.0 0.0 0.0 0.0
0.0 1244.0 0.0 0.0 0.0
0.0 101.0 557.0 2873.0 11450.019450377198
0.0 1244.0 0.0 0.0 0.0
0.0 101.0 560.0 2845.0 11441.721632209457
0.0 89.0 566.0 2879.0 11575.708877076324
0.0 1244.0 0.0 0.0 0.0
0.0 103.0 559.0 2854.0 11421.446309306719
0.0 614.0 307.0 1621.0 6308.8085455099645
0.0 97.0 559.0 2902.0 11473.75324376486
0.0 599.0 323.0 1619.0 6429.142483775096
0.0 1244.0 0.0 0.0 0.0
0.0 1244.0 0.0 0.0 0.0
0.0 1087.0 76.0 393.0 1530.5633791381292
0.0 88.0 566.0 2895.0 11588.820802517217
0.0 1244.0 0.0 0.0 0.0
0.0 1244.0 0.0 0.0 0.0
0.0 1244.0 0.0 0.0 0.0
0.0 100.0 554.0 2897.0 11457.07986986062
0.0 97.0 562.0 2864.0 11506.486840555852
0.0 669.0 291.0 1427.0 5761.659690485144
0.0 112.0 551.0 2837.0 11364.266726114498
0.0 1244.0 0.0 0.0 0.0
0.0 99.0 557.0 2878.0 11474.396665678401
0.0 642.0 289.0 1568.0 6025.293179901009
0.0 1244.0 0.0 0.0 0.0
0.0 557.0 329.0 1815.0 6956.182433731894
0.0 1244.0 0.0 0.0 0.0
0.0 98.0 564.0 2853.0 11507.899705280177
0.0 1244.0 0.0 0.0 0.0
0.0 1244.0 0.0 0.0 0.0
0.0 687.0 266.0 1505.0 5629.888928543656
0.0 96.0 565.0 2851.0 11503.54332845128
0.0 778.0 215.0 1279.0 4692.814193250705
0.0 1244.0 0.0 0.0 0.0
0.0 815.0 210.0 1095.0 4340.225261153663
0.0 1244.0 0.0 0.0 0.0
0.0 104.0 557.0 2858.0 11425.445460790577
0.0 1244.0 0.0 0.0 0.0
