0.0 669.0 278.0 1462.0 5752.866772337157
0.0 180.0 516.0 2705.0 10649.117596012908
0.0 1244.0 0.0 0.0 0.0
0.0 1244.0 0.0 0.0 0.0
0.0 1244.0 0.0 0.0 0.0
0.0 601.0 317.0 1674.0 6530.780973006232
0.0 98.0 558.0 2885.0 11475.645456068656
0.0 1244.0 0.0 0.0 0.0
0.0 1244.0 0.0 0.0 0.0
0.0 1244.0 0.0 0.0 0.0
0.0 99.0 558.0 2889.0 11475.445347411922
0.0 93.0 562.0 2896.0 11529.053961631656
0.0 95.0 562.0 2867.0 11498.024159773655
0.0 1244.0 0.0 0.0 0.0
0.0 1244.0 0.0 0.0 0.0
0.0 744.0 242.0 1341.0 4992.633996052223
0.0 1244.0 0.0 0.0 0.0
0.0 678.0 266.0 1548.0 5645.934048437428
0.0 91.0 566.0 2887.0 11547.524663217511
0.0 587.0 319.0 1603.0 6584.133081887689
0.0 548.0 333.0 1858.0 7054.014384153658
0.0 97.0 560.0 2890.0 11489.878346000249
0.0 96.0 560.0 2892.0 11512.371532045458
0.0 1244.0 0.0 0.0 0.0
0.0 97.0 565.0 2879.0 11486.457174962454
0.0 1244.0 0.0 0.0 0.0
0.0 1244.0 0.0 0.0 0.0
0.0 557.0 337.0 1689.0 6922.655503609518
0.0 561.0 344.0 1683.0 6772.78050553719
0.0 718.0 266.0 1318.0 5336.918726225772
0.0 503.0 365.0 1860.0 7484.204540793098
0.0 690.0 258.0 1479.0 5579.894339690551
0.0 993.0 117.0 683.0 2549.519458998672
0.0 1244.0 0.0 0.0 0.0
0.0 664.0 279.0 1481.0 5857.627761598013
0.0 1244.0 0.0 0.0 0.0
0.0 103.0 560.0 2834.0 11443.910280042639
0.0 1244.0 0.0 0.0 0.0
0.0 488.0 361.0 1971.0 7610.078743127427
0.0 1025.0 105.0 570.0 2210.6602278746127
0.0 792.0 218.0 1200.0 4542.772836631268
0.0 622.0 303.0 1593.0 6294.727536594097
0.0 87.0 568.0 2888.0 11617.968147272006
0.0 87.0 566.0 2904.0 11582.607725918047
0.0 588.0 314.0 1681.0 6567.418012463916
0.0 1244.0 0.0 0.0 0.0
0.0 110.0 556.0 2832.0 11369.020232343491
0.0 496.0 364.0 1926.0 7559.147266533702
0.0 801.0 216.0 1152.0 4446.135277782976
0.0 1244.0 0.0 0.0 0.0
0.0 719.0 258.0 1360.0 5264.6478195972995
0.0 98.0 560.0 2862.0 11482.010925180757
0.0 1244.0 0.0 0.0 0.0
0.0 1244.0 0.0 0.0 0.0
0.0 463.0 389.0 1964.0 7817.01242517165
0.0 472.0 377.0 1958.0 7844.45768261806
0.0 569.0 335.0 1683.0 6859.294344497113
0.0 1244.0 0.0 0.0 0.0
0.0 100.0 558.0 2895.0 11467.122168561142
0.0 92.0 565.0 2877.0 11554.177950645204
0.0 1244.0 0.0 0.0 0.0
0.0 1244.0 0.0 0.0 0.0
0.0 1244.0 0.0 0.0 0.0
0.0 1244.0 0.0 0.0 0.0
0.0 606.0 313.0 1650.0 6417.922171189993
0.0 643.0 301.0 1485.0 6033.733789345491
0.0 518.0 348.0 1851.0 7310.45282551275
0.0 660.0 281.0 1589.0 5930.225844726996
0.0 90.0 565.0 2888.0 11564.578421330169
0.0 1244.0 0.0 0.0 0.0
0.0 88.0 567.0 2881.0 11586.695584625319
0.0 1244.0 0.0 0.0 0.0
0.0 532.0 332.0 1860.0 7181.463792857056
0.0 1244.0 0.0 0.0 0.0
0.0 88.0 565.0 2882.0 11574.24864237134
0.0 1244.0 0.0 0.0 0.0
0.0 90.0 563.0 2898.0 11560.064777819207
0.0 1244.0 0.0 0.0 0.0
0.0 1244.0 0.0 0.0 0.0
0.0 87.0 565.0 2905.0 11584.438088391757
0.0 90.0 567.0 2869.0 11586.106620511364
0.0 604.0 318.0 1643.0 6426.49662800423
0.0 652.0 285.0 1550.0 5958.746814079645
0.0 95.0 559.0 2894.0 11505.100664455873
0.0 632.0 315.0 1446.0 6175.448740383924
0.0 1244.0 0.0 0.0 0.0
0.0 592.0 311.0 1761.0 6581.147070230939
0.0 99.0 559.0 2875.0 11474.326403103058
0.0 715.0 255.0 1364.0 5430.04203677778
0.0 1244.0 0.0 0.0 0.0
0.0 101.0 556.0 2880.0 11450.920124072998
0.0 705.0 261.0 1355.0 5469.875430959413
0.0 105.0 554.0 2873.0 11422.525284431607
0.0 1244.0 0.0 0.0 0.0
0.0 102.0 558.0 2869.0 11445.428914168402
0.0 1244.0 0.0 0.0 0.0
0.0 643.0 295.0 1519.0 6099.124904673209
0.0 692.0 273.0 1358.0 5554.450272759612
0.0 1244.0 0.0 0.0 0.0
0.0 1244.0 0.0 0.0 0.0
0.0 101.0 558.0 2868.0 11452.84424314529
0.0 98.0 561.0 2881.0 11477.84959959688
0.0 1244.0 0.0 0.0 0.0
0.0 110.0 554.0 2840.0 11387.141817021504
0.0 785.0 227.0 1118.0 4638.768171678644
0.0 1244.0 0.0 0.0 0.0
0.0 1244.0 0.0 0.0 0.0
0.0 100.0 553.0 2912.0 11451.441695500846
0.0 468.0 376.0 1961.0 7768.175790829242
0.0 1244.0 0.0 0.0 0.0
0.0 1244.0 0.0 0.0 0.0
0.0 1244.0 0.0 0.0 0.0
0.0 585.0 334.0 1645.0 6636.06738886605
0.0 92.0 561.0 2882.0 11533.351733341238
0.0 806.0 229.0 1057.0 4406.432552868297
0.0 875.0 170.0 1009.0 3830.966322691608
0.0 1244.0 0.0 0.0 0.0
0.0 294.0 456.0 2445.0 9574.252079415659
0.0 1244.0 0.0 0.0 0.0
0.0 1244.0 0.0 0.0 0.0
0.0 92.0 566.0 2870.0 11562.805157254546
0.0 679.0 280.0 1370.0 5734.912579873348
0.0 642.0 298.0 1525.0 6081.327220912089
0.0 112.0 554.0 2862.0 11353.864452312133
0.0 1244.0 0.0 0.0 0.0
0.0 730.0 262.0 1262.0 5181.403528813096
0.0 1244.0 0.0 0.0 0.0
0.0 96.0 563.0 2851.0 11498.398247441546
0.0 525.0 343.0 1830.0 7220.725183385158
0.0 642.0 288.0 1589.0 6120.0383149547515
0.0 1244.0 0.0 0.0 0.0
0.0 487.0 378.0 1888.0 7580.777635463489
0.0 1244.0 0.0 0.0 0.0
0.0 1244.0 0.0 0.0 0.0
0.0 602.0 330.0 1592.0 6474.112878178998
0.0 1244.0 0.0 0.0 0.0
0.0 1244.0 0.0 0.0 0.0
0.0 97.0 561.0 2872.0 11491.113132948642
0.0 599.0 331.0 1563.0 6488.793334551423
0.0 473.0 387.0 1894.0 7742.891787995948
0.0 556.0 342.0 1781.0 6845.080100608099
0.0 1244.0 0.0 0.0 0.0
0.0 1244.0 0.0 0.0 0.0
0.0 694.0 253.0 1510.0 5590.7784846375735
0.0 106.0 559.0 2847.0 11427.061918260206
0.0 1244.0 0.0 0.0 0.0
0.0 1244.0 0.0 0.0 0.0
0.0 512.0 354.0 1890.0 7431.8144791978375
0.0 1244.0 0.0 0.0 0.0
0.0 662.0 286.0 1486.0 5845.3578391059955
0.0 501.0 362.0 1871.0 7481.556196326495
0.0 1244.0 0.0 0.0 0.0
0.0 1244.0 0.0 0.0 0.0
0.0 866.0 182.0 969.0 3828.91682843255
0.0 1000.0 109.0 696.0 2458.202941445608
0.0 615.0 306.0 1640.0 6364.235994985916
0.0 1244.0 0.0 0.0 0.0
0.0 481.0 370.0 2017.0 7683.89146317101
0.0 98.0 557.0 2893.0 11489.02408186675
0.0 94.0 566.0 2855.0 11530.439509346104
0.0 1244.0 0.0 0.0 0.0
0.0 1244.0 0.0 0.0 0.0
0.0 1244.0 0.0 0.0 0.0
0.0 1086.0 71.0 434.0 1569.1630672310905
0.0 1244.0 0.0 0.0 0.0
0.0 1244.0 0.0 0.0 0.0
0.0 1244.0 0.0 0.0 0.0
0.0 957.0 135.0 787.0 2921.401320406807
0.0 624.0 297.0 1583.0 6275.081421733161
0.0 1244.0 0.0 0.0 0.0
0.0 1244.0 0.0 0.0 0.0
0.0 93.0 566.0 2872.0 11541.111023695514
0.0 661.0 277.0 1579.0 5877.300442943661
0.0 463.0 366.0 2103.0 7837.528848417787
0.0 100.0 559.0 2860.0 11458.800151581061
0.0 1244.0 0.0 0.0 0.0
0.0 1244.0 0.0 0.0 0.0
0.0 87.0 569.0 2883.0 11605.316087847797
0.0 729.0 240.0 1323.0 5187.417808040397
0.0 488.0 374.0 1924.0 7623.578983352524
0.0 560.0 339.0 1685.0 6881.925397002573
0.0 1244.0 0.0 0.0 0.0
0.0 1244.0 0.0 0.0 0.0
0.0 101.0 559.0 2874.0 11452.42591978304
0.0 788.0 213.0 1314.0 4632.572925088924
0.0 1244.0 0.0 0.0 0.0
0.0 1244.0 0.0 0.0 0.0
0.0 873.0 177.0 927.0 3709.852839840004
0.0 476.0 381.0 1975.0 7719.174763915328
0.0 1244.0 0.0 0.0 0.0
0.0 90.0 562.0 2903.0 11551.077200822527
0.0 661.0 288.0 1450.0 5875.601094594806
0.0 1244.0 0.0 0.0 0.0
0.0 1244.0 0.0 0.0 0.0
0.0 1244.0 0.0 0.0 0.0
0.0 813.0 205.0 1146.0 4418.14342086081
0.0 628.0 284.0 1676.0 6212.748041853291
0.0 94.0 565.0 2857.0 11524.52345456293
0.0 1244.0 0.0 0.0 0.0
0.0 575.0 336.0 1734.0 6744.21641767454
0.0 1244.0 0.0 0.0 0.0
0.0 1244.0 0.0 0.0 0.0
0.0 1244.0 0.0 0.0 0.0
0.0 1244.0 0.0 0.0 0.0
0.0 1244.0 0.0 0.0 0.0
0.0 1244.0 0.0 0.0 0.0
0.0 936.0 153.0 850.0 3080.5034214038374
0.0 99.0 560.0 2875.0 11462.659818472282
0.0 103.0 557.0 2870.0 11430.341381147722
0.0 104.0 559.0 2842.0 11440.153892223294
0.0 100.0 558.0 2865.0 11474.185452672302
0.0 592.0 321.0 1665.0 6581.685208570034
0.0 94.0 559.0 2898.0 11516.216288562893
0.0 506.0 368.0 1881.0 7464.668212747076
0.0 679.0 290.0 1382.0 5678.695823988908
0.0 1244.0 0.0 0.0 0.0
0.0 1102.0 62.0 410.0 1440.541933354161
0.0 815.0 211.0 1127.0 4359.055722380615
0.0 516.0 355.0 1883.0 7234.917456043667
0.0 1244.0 0.0 0.0 0.0
0.0 104.0 557.0 2862.0 11429.374836721858
0.0 717.0 253.0 1376.0 5339.830407770615
0.0 102.0 556.0 2885.0 11442.645756556598
0.0 1244.0 0.0 0.0 0.0
0.0 1244.0 0.0 0.0 0.0
0.0 648.0 297.0 1498.0 6019.522560963899
0.0 1244.0 0.0 0.0 0.0
0.0 690.0 267.0 1400.0 5534.6256247702295
0.0 513.0 368.0 1801.0 7389.090553493031
0.0 1244.0 0.0 0.0 0.0
0.0 1244.0 0.0 0.0 0.0
0.0 1244.0 0.0 0.0 0.0
0.0 1244.0 0.0 0.0 0.0
0.0 707.0 256.0 1408.0 5371.593847161208
0.0 749.0 266.0 1175.0 4963.513386060124
0.0 1244.0 0.0 0.0 0.0
0.0 699.0 264.0 1405.0 5477.125198588026
0.0 1244.0 0.0 0.0 0.0
0.0 1013.0 113.0 598.0 2335.8867202305614
0.0 1244.0 0.0 0.0 0.0
0.0 94.0 561.0 2877.0 11505.365704798403
0.0 1244.0 0.0 0.0 0.0
0.0 99.0 558.0 2882.0 11485.060510623769
0.0 619.0 306.0 1590.0 6261.746021659246
0.0 1244.0 0.0 0.0 0.0
0.0 1244.0 0.0 0.0 0.0
0.0 378.0 422.0 2220.0 8718.844868489563
0.0 620.0 305.0 1615.0 6191.402829864375
0.0 1244.0 0.0 0.0 0.0
0.0 763.0 241.0 1164.0 4808.436573283514
0.0 1244.0 0.0 0.0 0.0
0.0 524.0 347.0 1846.0 7170.379384101844
0.0 552.0 345.0 1715.0 7000.395255589626
0.0 1244.0 0.0 0.0 0.0
0.0 1244.0 0.0 0.0 0.0
0.0 103.0 559.0 2853.0 11433.641348357587
0.0 1244.0 0.0 0.0 0.0
0.0 107.0 554.0 2854.0 11383.957578744286
0.0 672.0 282.0 1490.0 5752.762017275081
0.0 326.0 436.0 2387.0 9265.336873085413
0.0 652.0 309.0 1395.0 5971.511795073599
0.0 682.0 283.0 1385.0 5602.851452709274
0.0 545.0 318.0 1851.0 7061.102860520105
