0.0 1244.0 0.0 0.0 0.0
0.0 167.0 528.0 2690.0 10769.425336793436
0.0 581.0 334.0 1564.0 6699.152468321484
0.0 1244.0 0.0 0.0 0.0
0.0 1034.0 99.0 550.0 2124.770614446823
0.0 1244.0 0.0 0.0 0.0
0.0 643.0 299.0 1551.0 6090.128890517186
0.0 724.0 258.0 1336.0 5266.5958633508735
0.0 601.0 318.0 1646.0 6428.155602194865
0.0 100.0 559.0 2863.0 11465.725487174033
0.0 646.0 296.0 1559.0 6065.219793033802
0.0 686.0 273.0 1418.0 5569.429288194548
0.0 508.0 361.0 1871.0 7496.272905463154
0.0 603.0 302.0 1705.0 6425.825298684493
0.0 555.0 316.0 1868.0 6929.157194277613
0.0 532.0 356.0 1752.0 7215.86135850225
0.0 753.0 225.0 1360.0 5015.774474836658
0.0 92.0 566.0 2872.0 11536.384884187484
0.0 1244.0 0.0 0.0 0.0
0.0 94.0 565.0 2873.0 11519.102718760705
0.0 1244.0 0.0 0.0 0.0
0.0 102.0 556.0 2867.0 11452.569697172214
0.0 838.0 207.0 978.0 4086.7788935772287
0.0 1244.0 0.0 0.0 0.0
0.0 1244.0 0.0 0.0 0.0
0.0 482.0 367.0 1999.0 7701.70745480637
0.0 89.0 566.0 2881.0 11572.899890270233
0.0 90.0 564.0 2903.0 11556.719262925126
0.0 101.0 560.0 2864.0 11443.765100680012
0.0 1244.0 0.0 0.0 0.0
0.0 559.0 344.0 1693.0 6864.7851452170535
0.0 99.0 559.0 2865.0 11459.177574646024
0.0 97.0 562.0 2867.0 11484.195433439076
0.0 1244.0 0.0 0.0 0.0
0.0 977.0 125.0 731.0 2699.564759140122
0.0 100.0 555.0 2908.0 11465.93142013436
0.0 650.0 294.0 1454.0 5933.409858990298
0.0 1160.0 40.0 199.0 853.3266886727296
0.0 455.0 391.0 1992.0 7943.448388055165
0.0 1244.0 0.0 0.0 0.0
0.0 101.0 558.0 2871.0 11431.610318052786
0.0 620.0 296.0 1617.0 6394.624125926122
0.0 1244.0 0.0 0.0 0.0
0.0 1244.0 0.0 0.0 0.0
0.0 609.0 322.0 1561.0 6375.799865004539
0.0 95.0 565.0 2848.0 11520.07253985101
0.0 650.0 281.0 1512.0 5891.145057663672
0.0 95.0 558.0 2899.0 11513.971454560828
0.0 1244.0 0.0 0.0 0.0
0.0 87.0 565.0 2900.0 11593.314451963804
0.0 102.0 560.0 2858.0 11458.33747004528
0.0 1244.0 0.0 0.0 0.0
0.0 104.0 554.0 2855.0 11400.899723770617
0.0 574.0 327.0 1696.0 6694.994054915861
0.0 98.0 558.0 2886.0 11475.565264824761
0.0 1244.0 0.0 0.0 0.0
0.0 1244.0 0.0 0.0 0.0
0.0 710.0 252.0 1403.0 5483.3634244863215
0.0 583.0 322.0 1757.0 6640.899454153085
0.0 468.0 380.0 1955.0 7804.83439514195
0.0 603.0 313.0 1674.0 6455.06909673631
0.0 667.0 274.0 1549.0 5893.876320426744
0.0 624.0 304.0 1598.0 6243.607397760624
0.0 1244.0 0.0 0.0 0.0
0.0 584.0 322.0 1686.0 6676.073467730576
0.0 1244.0 0.0 0.0 0.0
0.0 96.0 564.0 2852.0 11505.534080886855
0.0 656.0 290.0 1469.0 5878.719972321913
0.0 618.0 314.0 1563.0 6327.224321232174
0.0 1244.0 0.0 0.0 0.0
0.0 464.0 369.0 2092.0 7841.458734463226
0.0 1244.0 0.0 0.0 0.0
0.0 613.0 312.0 1601.0 6298.780075326826
0.0 776.0 225.0 1264.0 4666.659701716509
0.0 1244.0 0.0 0.0 0.0
0.0 590.0 317.0 1639.0 6620.9863925588315
0.0 92.0 564.0 2889.0 11537.483495532651
0.0 1244.0 0.0 0.0 0.0
0.0 539.0 348.0 1776.0 6961.36998695737
0.0 1244.0 0.0 0.0 0.0
0.0 530.0 361.0 1708.0 7150.686950237948
0.0 87.0 566.0 2908.0 11589.805729790096
0.0 1244.0 0.0 0.0 0.0
0.0 1244.0 0.0 0.0 0.0
0.0 1244.0 0.0 0.0 0.0
0.0 104.0 553.0 2895.0 11414.462570634198
0.0 699.0 263.0 1414.0 5547.336580364872
0.0 1244.0 0.0 0.0 0.0
0.0 623.0 301.0 1598.0 6288.73613698843
0.0 1012.0 108.0 598.0 2372.7756969622264
0.0 660.0 297.0 1399.0 5913.373574020309
0.0 1244.0 0.0 0.0 0.0
0.0 541.0 346.0 1749.0 7114.130029024307
0.0 1244.0 0.0 0.0 0.0
0.0 1244.0 0.0 0.0 0.0
0.0 92.0 563.0 2891.0 11554.289069613053
0.0 1244.0 0.0 0.0 0.0
0.0 1090.0 67.0 435.0 1570.2068666905238
0.0 1244.0 0.0 0.0 0.0
0.0 88.0 565.0 2884.0 11579.171808618245
0.0 1244.0 0.0 0.0 0.0
0.0 511.0 373.0 1803.0 7369.045179383275
0.0 527.0 352.0 1849.0 7283.520120043133
0.0 102.0 561.0 2846.0 11454.658361145744
0.0 92.0 562.0 2903.0 11547.202409371956
0.0 1244.0 0.0 0.0 0.0
0.0 1244.0 0.0 0.0 0.0
0.0 1244.0 0.0 0.0 0.0
0.0 100.0 558.0 2872.0 11480.05459554349
0.0 102.0 555.0 2875.0 11446.106171244002
0.0 1244.0 0.0 0.0 0.0
0.0 1244.0 0.0 0.0 0.0
0.0 101.0 558.0 2869.0 11474.6505510107
0.0 628.0 297.0 1675.0 6162.037593305881
0.0 1244.0 0.0 0.0 0.0
0.0 508.0 354.0 1902.0 7389.707584842639
0.0 1244.0 0.0 0.0 0.0
0.0 504.0 344.0 1996.0 7532.190177440562
0.0 91.0 566.0 2868.0 11564.706056482932
0.0 1244.0 0.0 0.0 0.0
0.0 1244.0 0.0 0.0 0.0
0.0 684.0 261.0 1525.0 5684.673568641327
0.0 712.0 270.0 1313.0 5262.3737228559385
0.0 882.0 162.0 1057.0 3665.6349372311975
0.0 1244.0 0.0 0.0 0.0
0.0 735.0 257.0 1233.0 5077.933852867943
0.0 98.0 561.0 2846.0 11497.15076696963
0.0 540.0 339.0 1804.0 7124.326245015407
0.0 110.0 551.0 2864.0 11370.55559127956
0.0 710.0 276.0 1264.0 5326.3197949420955
0.0 493.0 366.0 1975.0 7587.992436648817
0.0 103.0 563.0 2840.0 11453.423220818098
0.0 97.0 561.0 2873.0 11495.601647603873
0.0 1244.0 0.0 0.0 0.0
0.0 293.0 455.0 2473.0 9602.470002521086
0.0 1244.0 0.0 0.0 0.0
0.0 764.0 227.0 1236.0 4791.815192674339
0.0 683.0 275.0 1437.0 5632.193300268447
0.0 95.0 560.0 2896.0 11509.947109290755
0.0 1244.0 0.0 0.0 0.0
0.0 604.0 317.0 1648.0 6476.032131786041
0.0 801.0 226.0 1061.0 4437.313228128511
0.0 1244.0 0.0 0.0 0.0
0.0 675.0 277.0 1454.0 5779.84446808284
0.0 96.0 560.0 2879.0 11498.646259934434
0.0 667.0 271.0 1576.0 5853.918617613621
0.0 98.0 565.0 2845.0 11485.5622777099
0.0 1244.0 0.0 0.0 0.0
0.0 568.0 337.0 1719.0 6758.644500760436
0.0 1244.0 0.0 0.0 0.0
0.0 1244.0 0.0 0.0 0.0
0.0 833.0 202.0 1079.0 4145.219093449701
0.0 1001.0 112.0 684.0 2483.967814342359
0.0 703.0 265.0 1342.0 5441.147583577889
0.0 91.0 562.0 2898.0 11569.433589536715
0.0 502.0 369.0 1877.0 7399.833053725244
0.0 1244.0 0.0 0.0 0.0
0.0 1244.0 0.0 0.0 0.0
0.0 107.0 552.0 2871.0 11399.846652240803
0.0 1244.0 0.0 0.0 0.0
0.0 1244.0 0.0 0.0 0.0
0.0 1244.0 0.0 0.0 0.0
0.0 1244.0 0.0 0.0 0.0
0.0 92.0 560.0 2902.0 11549.060866385113
0.0 93.0 562.0 2896.0 11525.595884413995
0.0 1034.0 97.0 578.0 2125.0997434818028
0.0 557.0 341.0 1682.0 6984.864090208216
0.0 519.0 350.0 1901.0 7335.880692392149
0.0 1244.0 0.0 0.0 0.0
0.0 610.0 306.0 1584.0 6391.478639443891
0.0 1244.0 0.0 0.0 0.0
0.0 1013.0 105.0 640.0 2401.548368832
0.0 100.0 557.0 2883.0 11454.762118497149
0.0 680.0 271.0 1453.0 5684.008804489574
0.0 96.0 566.0 2856.0 11500.988566392072
0.0 574.0 322.0 1670.0 6706.579315127771
0.0 505.0 363.0 1860.0 7339.265663683897
0.0 1244.0 0.0 0.0 0.0
0.0 99.0 561.0 2861.0 11485.516429780992
0.0 449.0 383.0 2067.0 7963.995329918674
0.0 97.0 561.0 2893.0 11490.085539719748
0.0 460.0 381.0 2001.0 7873.298430467727
0.0 698.0 264.0 1452.0 5557.769102030457
0.0 91.0 563.0 2900.0 11542.039729694223
0.0 642.0 301.0 1513.0 6071.554331805408
0.0 1244.0 0.0 0.0 0.0
0.0 1001.0 121.0 626.0 2496.874235162389
0.0 1244.0 0.0 0.0 0.0
0.0 723.0 246.0 1390.0 5233.67784699917
0.0 563.0 333.0 1730.0 6832.427700752288
0.0 88.0 563.0 2898.0 11568.627217445435
0.0 661.0 297.0 1443.0 5837.40289932783
0.0 683.0 268.0 1458.0 5651.275166988697
0.0 1244.0 0.0 0.0 0.0
0.0 99.0 558.0 2887.0 11466.459425184896
0.0 94.0 560.0 2888.0 11528.78032453481
0.0 538.0 356.0 1740.0 7090.009564086791
0.0 1244.0 0.0 0.0 0.0
0.0 774.0 215.0 1282.0 4766.682860162671
0.0 93.0 561.0 2904.0 11532.204393183996
0.0 99.0 556.0 2888.0 11460.069174632967
0.0 109.0 555.0 2841.0 11363.545611479489
0.0 529.0 369.0 1683.0 7268.015868230504
0.0 1244.0 0.0 0.0 0.0
0.0 101.0 556.0 2889.0 11457.72598735997
0.0 1244.0 0.0 0.0 0.0
0.0 582.0 327.0 1626.0 6625.800701313734
0.0 666.0 286.0 1408.0 5789.80635189835
0.0 1244.0 0.0 0.0 0.0
0.0 809.0 205.0 1119.0 4399.433894058803
0.0 528.0 365.0 1696.0 7245.356032045203
0.0 94.0 562.0 2875.0 11517.002560377017
0.0 1244.0 0.0 0.0 0.0
0.0 572.0 323.0 1782.0 6694.364370106607
0.0 1244.0 0.0 0.0 0.0
0.0 92.0 563.0 2892.0 11535.735146926409
0.0 748.0 241.0 1252.0 5010.4866180696745
0.0 1244.0 0.0 0.0 0.0
0.0 1244.0 0.0 0.0 0.0
0.0 1244.0 0.0 0.0 0.0
0.0 1244.0 0.0 0.0 0.0
0.0 949.0 148.0 753.0 2955.4081357879804
0.0 1244.0 0.0 0.0 0.0
0.0 94.0 564.0 2872.0 11521.922909994448
0.0 1244.0 0.0 0.0 0.0
0.0 701.0 254.0 1426.0 5513.15291832243
0.0 103.0 565.0 2809.0 11442.060586891883
0.0 90.0 564.0 2896.0 11575.513910116897
0.0 89.0 565.0 2887.0 11574.040775838548
0.0 95.0 561.0 2873.0 11497.304756007394
0.0 721.0 253.0 1358.0 5200.709114658822
0.0 1000.0 115.0 681.0 2481.405420782437
0.0 646.0 290.0 1552.0 6065.808254065565
0.0 785.0 223.0 1202.0 4618.005884686847
0.0 1244.0 0.0 0.0 0.0
0.0 1244.0 0.0 0.0 0.0
0.0 1244.0 0.0 0.0 0.0
0.0 93.0 563.0 2888.0 11528.890760061631
0.0 669.0 270.0 1470.0 5735.611317211106
0.0 849.0 191.0 1023.0 3984.8721741921104
0.0 1244.0 0.0 0.0 0.0
0.0 685.0 261.0 1544.0 5634.995702535414
0.0 1001.0 115.0 641.0 2479.004301535041
0.0 625.0 288.0 1635.0 6298.854876360628
0.0 1244.0 0.0 0.0 0.0
0.0 615.0 317.0 1587.0 6300.1422079798685
0.0 1244.0 0.0 0.0 0.0
0.0 677.0 280.0 1396.0 5749.101541088642
0.0 565.0 336.0 1699.0 6925.070947986631
0.0 1244.0 0.0 0.0 0.0
0.0 759.0 234.0 1220.0 4916.387507873434
0.0 1244.0 0.0 0.0 0.0
0.0 1244.0 0.0 0.0 0.0
0.0 601.0 314.0 1695.0 6499.914879819438
0.0 571.0 339.0 1696.0 6766.146610927613
0.0 1244.0 0.0 0.0 0.0
0.0 515.0 363.0 1802.0 7349.321584508077
0.0 93.0 564.0 2865.0 11522.430194128703
