0.0 734.0 258.0 1249.0 5125.420694988425
0.0 164.0 528.0 2729.0 10812.820221896913
0.0 1244.0 0.0 0.0 0.0
0.0 1051.0 101.0 486.0 1937.2410205690176
0.0 781.0 235.0 1120.0 4624.749540888937
0.0 1244.0 0.0 0.0 0.0
0.0 1244.0 0.0 0.0 0.0
0.0 651.0 286.0 1555.0 6018.142769989453
0.0 667.0 280.0 1504.0 5794.39896143286
0.0 428.0 401.0 2056.0 8184.582960160356
0.0 516.0 370.0 1814.0 7324.886689574527
0.0 1244.0 0.0 0.0 0.0
0.0 111.0 549.0 2855.0 11350.360248635197
0.0 1244.0 0.0 0.0 0.0
0.0 680.0 271.0 1499.0 5635.688891178501
0.0 586.0 314.0 1717.0 6581.272150686602
0.0 497.0 379.0 1830.0 7564.464548406338
0.0 92.0 568.0 2861.0 11545.276369571107
0.0 1244.0 0.0 0.0 0.0
0.0 1244.0 0.0 0.0 0.0
0.0 632.0 301.0 1607.0 6164.440534720473
0.0 97.0 562.0 2867.0 11507.632876818385
0.0 710.0 249.0 1438.0 5417.9594543110325
0.0 649.0 297.0 1557.0 5997.158889206058
0.0 1244.0 0.0 0.0 0.0
0.0 102.0 559.0 2858.0 11467.314259054758
0.0 92.0 562.0 2895.0 11550.983178627475
0.0 106.0 555.0 2871.0 11407.214455432577
0.0 1244.0 0.0 0.0 0.0
0.0 1244.0 0.0 0.0 0.0
0.0 96.0 558.0 2883.0 11498.823589270398
0.0 586.0 336.0 1585.0 6592.650282460182
0.0 1244.0 0.0 0.0 0.0
0.0 623.0 300.0 1623.0 6249.424106984014
0.0 104.0 555.0 2870.0 11412.473163325347
0.0 1244.0 0.0 0.0 0.0
0.0 1244.0 0.0 0.0 0.0
0.0 92.0 562.0 2906.0 11540.423419046685
0.0 605.0 310.0 1585.0 6386.14472680451
0.0 1244.0 0.0 0.0 0.0
0.0 105.0 558.0 2858.0 11395.252197452033
0.0 1244.0 0.0 0.0 0.0
0.0 1016.0 112.0 603.0 2326.9788878684776
0.0 108.0 553.0 2864.0 11374.580640724085
0.0 1061.0 90.0 458.0 1835.86832808167
0.0 589.0 326.0 1633.0 6603.914200335549
0.0 91.0 563.0 2898.0 11543.425411511294
0.0 1244.0 0.0 0.0 0.0
0.0 95.0 561.0 2889.0 11490.962622427047
0.0 1244.0 0.0 0.0 0.0
0.0 793.0 216.0 1200.0 4562.878423488024
0.0 743.0 237.0 1293.0 5001.522095879458
0.0 561.0 344.0 1708.0 6850.640627937544
0.0 693.0 259.0 1463.0 5520.694281903184
0.0 1244.0 0.0 0.0 0.0
0.0 1244.0 0.0 0.0 0.0
0.0 1244.0 0.0 0.0 0.0
0.0 520.0 356.0 1808.0 7234.466332320777
0.0 598.0 321.0 1616.0 6544.657432349899
0.0 100.0 560.0 2868.0 11463.66637028849
0.0 1244.0 0.0 0.0 0.0
0.0 1244.0 0.0 0.0 0.0
0.0 980.0 123.0 731.0 2670.8881469269336
0.0 105.0 556.0 2855.0 11446.09978458898
0.0 100.0 559.0 2868.0 11478.971515093552
0.0 496.0 374.0 1885.0 7535.437629696993
0.0 493.0 379.0 1828.0 7583.479012883284
0.0 94.0 558.0 2902.0 11532.880694838886
0.0 764.0 231.0 1253.0 4868.631967029227
0.0 1244.0 0.0 0.0 0.0
0.0 1244.0 0.0 0.0 0.0
0.0 1244.0 0.0 0.0 0.0
0.0 1244.0 0.0 0.0 0.0
0.0 97.0 559.0 2887.0 11494.601406526026
0.0 672.0 287.0 1430.0 5710.997636596701
0.0 1244.0 0.0 0.0 0.0
0.0 89.0 568.0 2878.0 11590.011318081972
0.0 89.0 563.0 2896.0 11574.427408632402
0.0 1244.0 0.0 0.0 0.0
0.0 134.0 544.0 2770.0 11118.304109704384
0.0 103.0 551.0 2896.0 11431.514764181697
0.0 1244.0 0.0 0.0 0.0
0.0 582.0 312.0 1795.0 6659.5619236853745
0.0 1244.0 0.0 0.0 0.0
0.0 1244.0 0.0 0.0 0.0
0.0 89.0 562.0 2908.0 11569.7460006127
0.0 1244.0 0.0 0.0 0.0
0.0 1244.0 0.0 0.0 0.0
0.0 92.0 563.0 2893.0 11535.000051423893
0.0 1244.0 0.0 0.0 0.0
0.0 539.0 339.0 1851.0 7168.731161694675
0.0 595.0 310.0 1720.0 6571.369821049694
0.0 1244.0 0.0 0.0 0.0
0.0 421.0 411.0 2108.0 8297.581156742686
0.0 98.0 564.0 2859.0 11496.391106665407
0.0 108.0 553.0 2867.0 11367.522284731062
0.0 1244.0 0.0 0.0 0.0
0.0 1244.0 0.0 0.0 0.0
0.0 1244.0 0.0 0.0 0.0
0.0 1244.0 0.0 0.0 0.0
0.0 91.0 564.0 2889.0 11543.142543564609
0.0 591.0 318.0 1725.0 6556.752344252881
0.0 1019.0 103.0 633.0 2264.1837808070313
0.0 1244.0 0.0 0.0 0.0
0.0 1244.0 0.0 0.0 0.0
0.0 89.0 564.0 2896.0 11557.957487527576
0.0 95.0 559.0 2907.0 11519.966516928103
0.0 94.0 562.0 2892.0 11513.264846076496
0.0 88.0 565.0 2883.0 11597.90618858509
0.0 1244.0 0.0 0.0 0.0
0.0 688.0 267.0 1412.0 5556.125342157514
0.0 527.0 356.0 1766.0 7227.475871637164
0.0 90.0 562.0 2903.0 11563.718782250797
0.0 1244.0 0.0 0.0 0.0
0.0 474.0 371.0 1985.0 7709.103452668333
0.0 131.0 546.0 2784.0 11169.053368449693
0.0 1244.0 0.0 0.0 0.0
0.0 626.0 318.0 1484.0 6283.6006103763575
0.0 1244.0 0.0 0.0 0.0
0.0 819.0 208.0 1049.0 4333.939018242747
0.0 1244.0 0.0 0.0 0.0
0.0 1244.0 0.0 0.0 0.0
0.0 1244.0 0.0 0.0 0.0
0.0 1244.0 0.0 0.0 0.0
0.0 96.0 564.0 2853.0 11511.507571200844
0.0 603.0 330.0 1588.0 6464.632357420074
0.0 97.0 560.0 2879.0 11483.71620470192
0.0 465.0 367.0 2098.0 7825.240169112275
0.0 703.0 255.0 1440.0 5454.1034687196325
0.0 668.0 276.0 1442.0 5841.5893886444255
0.0 109.0 554.0 2854.0 11374.186045890718
0.0 1244.0 0.0 0.0 0.0
0.0 96.0 560.0 2880.0 11500.91702492361
0.0 668.0 268.0 1521.0 5774.8832283225765
0.0 106.0 552.0 2879.0 11394.183446257826
0.0 1244.0 0.0 0.0 0.0
0.0 1244.0 0.0 0.0 0.0
0.0 97.0 562.0 2870.0 11489.066035510688
0.0 1244.0 0.0 0.0 0.0
0.0 736.0 236.0 1357.0 5152.937544955453
0.0 609.0 302.0 1675.0 6423.884234015625
0.0 551.0 337.0 1771.0 6947.857625432668
0.0 1244.0 0.0 0.0 0.0
0.0 1244.0 0.0 0.0 0.0
0.0 1244.0 0.0 0.0 0.0
0.0 504.0 365.0 1883.0 7434.8450771114485
0.0 768.0 227.0 1221.0 4808.072941159048
0.0 1244.0 0.0 0.0 0.0
0.0 566.0 335.0 1705.0 6874.595693490496
0.0 477.0 370.0 1883.0 7702.211793294483
0.0 114.0 553.0 2820.0 11359.954887854112
0.0 1244.0 0.0 0.0 0.0
0.0 1244.0 0.0 0.0 0.0
0.0 1244.0 0.0 0.0 0.0
0.0 1244.0 0.0 0.0 0.0
0.0 101.0 554.0 2897.0 11437.709756671598
0.0 1244.0 0.0 0.0 0.0
0.0 704.0 270.0 1299.0 5449.602846202995
0.0 632.0 294.0 1577.0 6192.070783477885
0.0 99.0 561.0 2867.0 11479.999767426694
0.0 1244.0 0.0 0.0 0.0
0.0 1244.0 0.0 0.0 0.0
0.0 92.0 565.0 2866.0 11535.33476062152
0.0 1244.0 0.0 0.0 0.0
0.0 1244.0 0.0 0.0 0.0
0.0 638.0 285.0 1615.0 6097.657053907046
0.0 1244.0 0.0 0.0 0.0
0.0 781.0 232.0 1166.0 4698.57755371773
0.0 322.0 440.0 2398.0 9287.548905456695
0.0 1244.0 0.0 0.0 0.0
0.0 94.0 561.0 2871.0 11528.373135124972
0.0 96.0 564.0 2841.0 11516.402166995858
0.0 1244.0 0.0 0.0 0.0
0.0 96.0 558.0 2882.0 11506.316019812732
0.0 1244.0 0.0 0.0 0.0
0.0 563.0 332.0 1712.0 6844.14416888598
0.0 93.0 564.0 2882.0 11533.534515147696
0.0 1079.0 85.0 378.0 1665.6739139741574
0.0 572.0 332.0 1675.0 6761.932586812207
0.0 1244.0 0.0 0.0 0.0
0.0 1244.0 0.0 0.0 0.0
0.0 503.0 358.0 1895.0 7463.964702195959
0.0 93.0 562.0 2893.0 11538.579394488264
0.0 104.0 555.0 2868.0 11427.573693421758
0.0 1244.0 0.0 0.0 0.0
0.0 530.0 366.0 1755.0 7218.622448235808
0.0 1087.0 70.0 458.0 1566.7225164603833
0.0 635.0 308.0 1425.0 6175.037940077048
0.0 1244.0 0.0 0.0 0.0
0.0 661.0 276.0 1527.0 5965.732816868183
0.0 1244.0 0.0 0.0 0.0
0.0 95.0 561.0 2883.0 11498.673664026477
0.0 1008.0 109.0 588.0 2371.4988051083637
0.0 92.0 567.0 2862.0 11551.481139183348
0.0 518.0 356.0 1866.0 7401.124485735655
0.0 95.0 563.0 2879.0 11510.498170289802
0.0 1244.0 0.0 0.0 0.0
0.0 96.0 557.0 2905.0 11514.341972594557
0.0 99.0 557.0 2869.0 11452.689083312596
0.0 1244.0 0.0 0.0 0.0
0.0 600.0 310.0 1629.0 6462.7632881060035
0.0 1244.0 0.0 0.0 0.0
0.0 1244.0 0.0 0.0 0.0
0.0 1244.0 0.0 0.0 0.0
0.0 1015.0 107.0 616.0 2331.3777918766627
0.0 545.0 339.0 1793.0 7111.153878478104
0.0 701.0 268.0 1379.0 5509.247942360715
0.0 1244.0 0.0 0.0 0.0
0.0 727.0 251.0 1317.0 5205.09608312685
0.0 1008.0 119.0 589.0 2352.7577819037547
0.0 103.0 555.0 2888.0 11435.508435242778
0.0 87.0 566.0 2890.0 11580.006062810075
0.0 1030.0 97.0 564.0 2167.739840871623
0.0 1244.0 0.0 0.0 0.0
0.0 725.0 251.0 1388.0 5258.140457699843
0.0 678.0 270.0 1523.0 5687.575259504535
0.0 616.0 307.0 1583.0 6247.829231111634
0.0 1244.0 0.0 0.0 0.0
0.0 103.0 559.0 2854.0 11445.086034166538
0.0 1244.0 0.0 0.0 0.0
0.0 585.0 313.0 1781.0 6664.457278866921
0.0 88.0 564.0 2918.0 11604.306311759074
0.0 1244.0 0.0 0.0 0.0
0.0 579.0 328.0 1718.0 6686.021272472109
0.0 103.0 561.0 2853.0 11461.747094072687
0.0 98.0 562.0 2868.0 11497.21762888969
0.0 525.0 352.0 1817.0 7180.19696196433
0.0 103.0 557.0 2871.0 11440.956910100049
0.0 113.0 547.0 2860.0 11347.998999190408
0.0 792.0 220.0 1190.0 4623.497857907787
0.0 507.0 351.0 1924.0 7429.845675436875
0.0 95.0 563.0 2856.0 11520.740005698071
0.0 93.0 562.0 2877.0 11541.916358809372
0.0 99.0 562.0 2859.0 11489.365144765978
0.0 1244.0 0.0 0.0 0.0
0.0 94.0 558.0 2903.0 11528.851367050976
0.0 101.0 558.0 2865.0 11456.280139793236
0.0 1244.0 0.0 0.0 0.0
0.0 94.0 562.0 2890.0 11517.878361385414
0.0 1244.0 0.0 0.0 0.0
0.0 685.0 293.0 1328.0 5610.349622162535
0.0 1244.0 0.0 0.0 0.0
0.0 1244.0 0.0 0.0 0.0
0.0 562.0 332.0 1728.0 6896.357520122474
0.0 1244.0 0.0 0.0 0.0
0.0 502.0 360.0 1918.0 7476.096294444454
0.0 1244.0 0.0 0.0 0.0
0.0 717.0 265.0 1339.0 5310.197525635519
0.0 89.0 564.0 2889.0 11570.080201699226
0.0 617.0 325.0 1506.0 6285.1815160546785
0.0 107.0 552.0 2858.0 11382.708049939924
0.0 104.0 555.0 2858.0 11427.705608179735
0.0 88.0 566.0 2892.0 11577.582585236894
0.0 88.0 565.0 2905.0 11577.008456636491
0.0 1244.0 0.0 0.0 0.0
0.0 1244.0 0.0 0.0 0.0
0.0 97.0 560.0 2874.0 11494.548908945848
0.0 1244.0 0.0 0.0 0.0
0.0 573.0 319.0 1732.0 6833.340053871974
0.0 292.0 454.0 2467.0 9597.042351482998
0.0 100.0 563.0 2842.0 11476.845281944616
