0.0 220.0 500.0 2590.0 10234.8135913944
0.0 158.0 532.0 2698.0 10845.557827749972
0.0 608.0 320.0 1639.0 6472.681014189874
0.0 1244.0 0.0 0.0 0.0
0.0 105.0 561.0 2818.0 11452.299134529045
0.0 116.0 549.0 2833.0 11295.597310474173
0.0 97.0 557.0 2881.0 11486.579607758866
0.0 1244.0 0.0 0.0 0.0
0.0 1244.0 0.0 0.0 0.0
0.0 1244.0 0.0 0.0 0.0
0.0 1244.0 0.0 0.0 0.0
0.0 462.0 380.0 2009.0 7834.578249670562
0.0 459.0 383.0 1988.0 7863.832884813517
0.0 1244.0 0.0 0.0 0.0
0.0 600.0 324.0 1612.0 6488.756740623685
0.0 93.0 563.0 2889.0 11524.115706167731
0.0 108.0 556.0 2841.0 11382.297120686977
0.0 1244.0 0.0 0.0 0.0
0.0 682.0 266.0 1465.0 5740.930380114777
0.0 771.0 233.0 1204.0 4761.604149482515
0.0 1244.0 0.0 0.0 0.0
0.0 597.0 328.0 1528.0 6530.012557475018
0.0 1244.0 0.0 0.0 0.0
0.0 1244.0 0.0 0.0 0.0
0.0 623.0 304.0 1538.0 6252.980387404437
0.0 609.0 319.0 1627.0 6425.600290192112
0.0 1244.0 0.0 0.0 0.0
0.0 568.0 332.0 1702.0 6863.771355533563
0.0 540.0 362.0 1711.0 7116.7658008304825
0.0 514.0 357.0 1842.0 7302.802897552106
0.0 104.0 555.0 2878.0 11429.732598819452
0.0 1244.0 0.0 0.0 0.0
0.0 1244.0 0.0 0.0 0.0
0.0 1244.0 0.0 0.0 0.0
0.0 1040.0 95.0 554.0 2061.472397891142
0.0 594.0 329.0 1579.0 6520.2712211966245
0.0 1244.0 0.0 0.0 0.0
0.0 649.0 303.0 1429.0 5935.3279241592245
0.0 1244.0 0.0 0.0 0.0
0.0 96.0 567.0 2863.0 11519.375272570098
0.0 698.0 262.0 1459.0 5533.286009956132
0.0 1244.0 0.0 0.0 0.0
0.0 98.0 560.0 2883.0 11469.726662911784
0.0 757.0 254.0 1154.0 4926.525156371159
0.0 100.0 556.0 2885.0 11476.941405236452
0.0 108.0 558.0 2820.0 11402.4003290798
0.0 1244.0 0.0 0.0 0.0
0.0 697.0 256.0 1480.0 5613.913521815245
0.0 1244.0 0.0 0.0 0.0
0.0 737.0 245.0 1317.0 5013.625269368139
0.0 1244.0 0.0 0.0 0.0
0.0 1244.0 0.0 0.0 0.0
0.0 1244.0 0.0 0.0 0.0
0.0 1244.0 0.0 0.0 0.0
0.0 1244.0 0.0 0.0 0.0
0.0 88.0 563.0 2920.0 11562.542751618006
0.0 109.0 557.0 2817.0 11374.760363292711
0.0 583.0 324.0 1754.0 6576.4856207285475
0.0 100.0 559.0 2868.0 11465.586076945247
0.0 107.0 555.0 2846.0 11408.973942266806
0.0 1206.0 18.0 111.0 405.7434894081817
0.0 500.0 379.0 1807.0 7484.898666275128
0.0 520.0 354.0 1852.0 7319.910990297466
0.0 1244.0 0.0 0.0 0.0
0.0 511.0 355.0 1869.0 7362.207585560219
0.0 96.0 560.0 2887.0 11510.969459745374
0.0 95.0 563.0 2878.0 11508.66282286716
0.0 1244.0 0.0 0.0 0.0
0.0 887.0 166.0 977.0 3624.0922079825787
0.0 541.0 338.0 1768.0 7092.553865487046
0.0 1244.0 0.0 0.0 0.0
0.0 91.0 565.0 2874.0 11532.894111992193
0.0 106.0 555.0 2852.0 11425.286795554866
0.0 1244.0 0.0 0.0 0.0
0.0 105.0 558.0 2843.0 11420.841183850996
0.0 1244.0 0.0 0.0 0.0
0.0 835.0 204.0 1016.0 4067.31700445215
0.0 708.0 244.0 1434.0 5330.63802468263
0.0 1244.0 0.0 0.0 0.0
0.0 117.0 549.0 2827.0 11305.351941945402
0.0 116.0 551.0 2831.0 11319.463710632528
0.0 1244.0 0.0 0.0 0.0
0.0 87.0 568.0 2894.0 11593.329417349534
0.0 89.0 566.0 2869.0 11583.844342494232
0.0 97.0 556.0 2903.0 11480.226670249856
0.0 1244.0 0.0 0.0 0.0
0.0 1244.0 0.0 0.0 0.0
0.0 734.0 237.0 1327.0 5098.453535545882
0.0 1244.0 0.0 0.0 0.0
0.0 456.0 389.0 2074.0 7952.0338670674855
0.0 99.0 556.0 2892.0 11448.447864145466
0.0 110.0 553.0 2820.0 11362.28158151724
0.0 92.0 561.0 2911.0 11531.490370568985
0.0 96.0 558.0 2900.0 11503.521158648366
0.0 1244.0 0.0 0.0 0.0
0.0 604.0 319.0 1645.0 6482.846764640409
0.0 1244.0 0.0 0.0 0.0
0.0 87.0 565.0 2902.0 11590.493615827569
0.0 1244.0 0.0 0.0 0.0
0.0 1244.0 0.0 0.0 0.0
0.0 101.0 560.0 2854.0 11452.827545634256
0.0 1244.0 0.0 0.0 0.0
0.0 1244.0 0.0 0.0 0.0
0.0 531.0 353.0 1836.0 7094.759417470994
0.0 102.0 559.0 2876.0 11426.68794801546
0.0 1244.0 0.0 0.0 0.0
0.0 545.0 350.0 1693.0 7078.155683527463
0.0 1105.0 61.0 401.0 1432.2893800883364
0.0 1129.0 62.0 274.0 1190.3947160729308
0.0 1244.0 0.0 0.0 0.0
0.0 1012.0 112.0 633.0 2380.097144023018
0.0 102.0 555.0 2887.0 11456.90445827953
0.0 994.0 113.0 696.0 2587.616519373275
0.0 1244.0 0.0 0.0 0.0
0.0 1244.0 0.0 0.0 0.0
0.0 98.0 557.0 2892.0 11483.051864074449
0.0 583.0 325.0 1660.0 6668.072796386008
0.0 89.0 561.0 2906.0 11559.741182065762
0.0 622.0 307.0 1623.0 6324.462662249383
0.0 100.0 558.0 2865.0 11473.203170707304
0.0 630.0 312.0 1468.0 6174.632487506179
0.0 1244.0 0.0 0.0 0.0
0.0 102.0 560.0 2849.0 11461.00912953172
0.0 563.0 332.0 1788.0 6836.18881980864
0.0 769.0 235.0 1206.0 4795.375484680085
0.0 1244.0 0.0 0.0 0.0
0.0 818.0 194.0 1230.0 4341.33657554685
0.0 292.0 456.0 2454.0 9589.31827290119
0.0 628.0 295.0 1584.0 6240.07622078679
0.0 868.0 189.0 954.0 3844.6509526642967
0.0 1244.0 0.0 0.0 0.0
0.0 1244.0 0.0 0.0 0.0
0.0 1244.0 0.0 0.0 0.0
0.0 98.0 557.0 2897.0 11472.02899259006
0.0 97.0 559.0 2870.0 11514.20463855542
0.0 1244.0 0.0 0.0 0.0
0.0 885.0 174.0 936.0 3603.325180116617
0.0 743.0 239.0 1271.0 5016.934182098273
0.0 545.0 344.0 1799.0 6976.483021123396
0.0 1244.0 0.0 0.0 0.0
0.0 523.0 352.0 1837.0 7201.45476165902
0.0 547.0 337.0 1776.0 7054.809906655286
0.0 1244.0 0.0 0.0 0.0
0.0 427.0 403.0 2097.0 8293.738187224135
0.0 95.0 561.0 2890.0 11504.369391247415
0.0 1022.0 102.0 621.0 2242.000359867053
0.0 103.0 559.0 2858.0 11429.149795352821
0.0 1244.0 0.0 0.0 0.0
0.0 1244.0 0.0 0.0 0.0
0.0 1212.0 15.0 66.0 288.57921379843333
0.0 983.0 124.0 692.0 2651.6271190492484
0.0 88.0 567.0 2879.0 11583.508080545102
0.0 1082.0 76.0 455.0 1595.230020221016
0.0 743.0 242.0 1268.0 5074.818272154316
0.0 1244.0 0.0 0.0 0.0
0.0 105.0 556.0 2867.0 11415.248792997125
0.0 1244.0 0.0 0.0 0.0
0.0 94.0 559.0 2880.0 11519.578950770954
0.0 811.0 231.0 1024.0 4309.535343873351
0.0 92.0 565.0 2871.0 11545.02346940213
0.0 985.0 127.0 644.0 2624.225050079886
0.0 1244.0 0.0 0.0 0.0
0.0 87.0 565.0 2907.0 11589.369072276333
0.0 96.0 564.0 2872.0 11513.698658568681
0.0 1244.0 0.0 0.0 0.0
0.0 542.0 349.0 1745.0 7034.9433445293125
0.0 643.0 286.0 1605.0 6102.627384275927
0.0 653.0 292.0 1489.0 5894.591792878017
0.0 93.0 557.0 2910.0 11521.58921419122
0.0 1244.0 0.0 0.0 0.0
0.0 643.0 291.0 1560.0 5983.173864428448
0.0 630.0 278.0 1639.0 6303.0398670896475
0.0 643.0 291.0 1542.0 6009.193988658802
0.0 757.0 232.0 1294.0 4935.456926939285
0.0 503.0 353.0 1902.0 7518.337654524658
0.0 1244.0 0.0 0.0 0.0
0.0 549.0 332.0 1872.0 6957.683011412451
0.0 1244.0 0.0 0.0 0.0
0.0 1244.0 0.0 0.0 0.0
0.0 1244.0 0.0 0.0 0.0
0.0 1244.0 0.0 0.0 0.0
0.0 575.0 349.0 1554.0 6795.449646390599
0.0 1004.0 118.0 632.0 2412.680379286661
0.0 836.0 193.0 1024.0 4072.806577218958
0.0 574.0 317.0 1788.0 6777.548555375567
0.0 659.0 285.0 1500.0 5950.911591624116
0.0 583.0 306.0 1766.0 6679.136325080646
0.0 90.0 566.0 2885.0 11573.524240410648
0.0 620.0 311.0 1602.0 6337.32971598955
0.0 1244.0 0.0 0.0 0.0
0.0 470.0 399.0 1884.0 7803.4545842309935
0.0 1244.0 0.0 0.0 0.0
0.0 525.0 347.0 1811.0 7300.794861657959
0.0 579.0 323.0 1768.0 6759.615736209967
0.0 619.0 313.0 1597.0 6337.81045552851
0.0 1244.0 0.0 0.0 0.0
0.0 90.0 564.0 2894.0 11569.190986358914
0.0 101.0 558.0 2865.0 11456.546420150857
0.0 1244.0 0.0 0.0 0.0
0.0 1244.0 0.0 0.0 0.0
0.0 113.0 553.0 2833.0 11310.156682897927
0.0 1244.0 0.0 0.0 0.0
0.0 1244.0 0.0 0.0 0.0
0.0 1244.0 0.0 0.0 0.0
0.0 1244.0 0.0 0.0 0.0
0.0 102.0 557.0 2890.0 11433.896265618858
0.0 88.0 564.0 2892.0 11584.676183786882
0.0 464.0 392.0 1943.0 7845.484048658659
0.0 522.0 357.0 1783.0 7314.689892733783
0.0 556.0 336.0 1725.0 6869.877759715147
0.0 1244.0 0.0 0.0 0.0
0.0 90.0 565.0 2892.0 11570.122671797742
0.0 1244.0 0.0 0.0 0.0
0.0 601.0 321.0 1583.0 6548.432607599125
0.0 511.0 371.0 1817.0 7383.43432692717
0.0 105.0 558.0 2865.0 11414.370888149177
0.0 92.0 564.0 2888.0 11534.0974632859
0.0 1244.0 0.0 0.0 0.0
0.0 102.0 558.0 2858.0 11442.004062497002
0.0 822.0 201.0 1132.0 4240.431421673705
0.0 471.0 362.0 2093.0 7757.035991510855
0.0 90.0 565.0 2896.0 11560.039603207966
0.0 91.0 562.0 2904.0 11567.267894561803
0.0 115.0 554.0 2812.0 11332.496261455546
0.0 1244.0 0.0 0.0 0.0
0.0 88.0 565.0 2887.0 11577.560532998641
0.0 107.0 554.0 2849.0 11398.871577277174
0.0 1152.0 50.0 218.0 908.8437692922727
0.0 1244.0 0.0 0.0 0.0
0.0 100.0 562.0 2850.0 11485.40487633711
0.0 1244.0 0.0 0.0 0.0
0.0 578.0 331.0 1651.0 6696.633481239269
0.0 735.0 271.0 1173.0 5157.073815823521
0.0 95.0 558.0 2893.0 11509.465835586563
0.0 87.0 563.0 2917.0 11583.361617905264
0.0 1244.0 0.0 0.0 0.0
0.0 702.0 254.0 1456.0 5490.613458970707
0.0 106.0 556.0 2841.0 11404.946286004726
0.0 1244.0 0.0 0.0 0.0
0.0 734.0 250.0 1280.0 5034.0588113669555
0.0 89.0 566.0 2882.0 11578.64340145251
0.0 96.0 565.0 2865.0 11518.49976934744
0.0 636.0 289.0 1577.0 6152.06157964873
0.0 1244.0 0.0 0.0 0.0
0.0 98.0 561.0 2873.0 11495.702653638902
0.0 88.0 563.0 2915.0 11582.203324924441
0.0 438.0 392.0 1992.0 8160.649961449632
0.0 1244.0 0.0 0.0 0.0
0.0 1244.0 0.0 0.0 0.0
0.0 1244.0 0.0 0.0 0.0
0.0 1244.0 0.0 0.0 0.0
0.0 745.0 244.0 1284.0 4942.374752814115
0.0 95.0 564.0 2873.0 11504.424533471469
0.0 1244.0 0.0 0.0 0.0
0.0 99.0 559.0 2875.0 11471.975478464265
0.0 1244.0 0.0 0.0 0.0
0.0 98.0 558.0 2874.0 11480.86485407015
0.0 644.0 284.0 1620.0 6055.118562983982
0.0 1244.0 0.0 0.0 0.0
0.0 1244.0 0.0 0.0 0.0
0.0 1244.0 0.0 0.0 0.0
0.0 516.0 352.0 1877.0 7318.822162008491
0.0 1244.0 0.0 0.0 0.0
0.0 565.0 327.0 1763.0 6848.015411121717
0.0 522.0 344.0 1913.0 7300.705282369903
0.0 552.0 337.0 1757.0 6932.275144799893
0.0 95.0 560.0 2870.0 11524.692478136483
