0.0 242.0 475.0 2588.0 10069.620189934705
0.0 174.0 520.0 2686.0 10733.421544800163
0.0 141.0 527.0 2809.0 11037.027276592748
0.0 1244.0 0.0 0.0 0.0
0.0 723.0 243.0 1356.0 5209.587238556831
0.0 680.0 261.0 1555.0 5654.607213797268
0.0 101.0 557.0 2875.0 11449.104809822838
0.0 97.0 561.0 2879.0 11494.161911650901
0.0 698.0 259.0 1448.0 5460.832049118493
0.0 107.0 557.0 2854.0 11392.970251853169
0.0 1244.0 0.0 0.0 0.0
0.0 1244.0 0.0 0.0 0.0
0.0 557.0 338.0 1796.0 6856.512318685749
0.0 1244.0 0.0 0.0 0.0
0.0 1244.0 0.0 0.0 0.0
0.0 94.0 563.0 2869.0 11513.11192509086
0.0 555.0 338.0 1769.0 6986.827991018607
0.0 1244.0 0.0 0.0 0.0
0.0 92.0 566.0 2869.0 11533.03363133263
0.0 546.0 349.0 1665.0 6998.281921353325
0.0 1244.0 0.0 0.0 0.0
0.0 89.0 561.0 2917.0 11578.15353133225
0.0 1244.0 0.0 0.0 0.0
0.0 1244.0 0.0 0.0 0.0
0.0 628.0 306.0 1514.0 6109.200149649205
0.0 1244.0 0.0 0.0 0.0
0.0 89.0 565.0 2884.0 11565.450878844527
0.0 1244.0 0.0 0.0 0.0
0.0 1244.0 0.0 0.0 0.0
0.0 823.0 208.0 1057.0 4251.406715333426
0.0 666.0 273.0 1532.0 5821.999636961391
0.0 603.0 312.0 1659.0 6503.59693530305
0.0 623.0 310.0 1536.0 6213.8651717072535
0.0 99.0 555.0 2877.0 11471.191932704893
0.0 1244.0 0.0 0.0 0.0
0.0 97.0 559.0 2889.0 11481.909047978206
0.0 88.0 566.0 2885.0 11606.166791118896
0.0 101.0 560.0 2845.0 11455.470412751924
0.0 99.0 564.0 2854.0 11485.473291123526
0.0 1244.0 0.0 0.0 0.0
0.0 545.0 361.0 1725.0 6972.927253050688
0.0 110.0 550.0 2872.0 11352.982668331104
0.0 98.0 565.0 2870.0 11478.57476879473
0.0 1244.0 0.0 0.0 0.0
0.0 1244.0 0.0 0.0 0.0
0.0 553.0 344.0 1735.0 6954.433567838983
0.0 1244.0 0.0 0.0 0.0
0.0 101.0 559.0 2859.0 11439.716243497607
0.0 682.0 268.0 1450.0 5657.242031221733
0.0 547.0 345.0 1773.0 7017.234954773487
0.0 99.0 558.0 2866.0 11452.272626404118
0.0 492.0 374.0 1975.0 7563.140482104804
0.0 1244.0 0.0 0.0 0.0
0.0 1244.0 0.0 0.0 0.0
0.0 765.0 217.0 1353.0 4854.775683250057
0.0 402.0 416.0 2140.0 8469.082501732886
0.0 1244.0 0.0 0.0 0.0
0.0 121.0 545.0 2839.0 11253.53285689218
0.0 99.0 560.0 2857.0 11469.840463504379
0.0 1244.0 0.0 0.0 0.0
0.0 106.0 554.0 2860.0 11386.895958946812
0.0 1244.0 0.0 0.0 0.0
0.0 1244.0 0.0 0.0 0.0
0.0 102.0 556.0 2875.0 11439.84523084264
0.0 1244.0 0.0 0.0 0.0
0.0 652.0 284.0 1485.0 5879.650794233502
0.0 727.0 260.0 1298.0 5227.399613200339
0.0 1244.0 0.0 0.0 0.0
0.0 97.0 558.0 2880.0 11500.635962483986
0.0 89.0 564.0 2891.0 11570.142900490118
0.0 1244.0 0.0 0.0 0.0
0.0 88.0 567.0 2881.0 11594.49052765588
0.0 1244.0 0.0 0.0 0.0
0.0 1244.0 0.0 0.0 0.0
0.0 1244.0 0.0 0.0 0.0
0.0 474.0 381.0 1957.0 7679.223328560664
0.0 94.0 563.0 2857.0 11515.77716813995
0.0 1244.0 0.0 0.0 0.0
0.0 612.0 312.0 1559.0 6376.12334042744
0.0 1244.0 0.0 0.0 0.0
0.0 1244.0 0.0 0.0 0.0
0.0 767.0 247.0 1158.0 4802.721160208444
0.0 559.0 350.0 1662.0 6911.665575517095
0.0 512.0 365.0 1807.0 7287.258836586371
0.0 557.0 342.0 1768.0 6877.784438502546
0.0 1244.0 0.0 0.0 0.0
0.0 708.0 263.0 1293.0 5507.634978982445
0.0 1244.0 0.0 0.0 0.0
0.0 103.0 556.0 2867.0 11446.061735382043
0.0 514.0 360.0 1882.0 7348.180316234379
0.0 748.0 246.0 1227.0 4845.262704423961
0.0 1009.0 106.0 652.0 2374.3967804938716
0.0 522.0 353.0 1839.0 7271.841166027575
0.0 680.0 276.0 1438.0 5734.588297146271
0.0 1244.0 0.0 0.0 0.0
0.0 544.0 341.0 1836.0 7065.826683673655
0.0 609.0 318.0 1652.0 6341.889098511388
0.0 1244.0 0.0 0.0 0.0
0.0 524.0 353.0 1836.0 7263.161244766741
0.0 1244.0 0.0 0.0 0.0
0.0 1005.0 115.0 638.0 2453.952328617063
0.0 1244.0 0.0 0.0 0.0
0.0 1244.0 0.0 0.0 0.0
0.0 604.0 305.0 1631.0 6420.310314311908
0.0 1244.0 0.0 0.0 0.0
0.0 1244.0 0.0 0.0 0.0
0.0 104.0 556.0 2856.0 11416.029063272488
0.0 1244.0 0.0 0.0 0.0
0.0 1244.0 0.0 0.0 0.0
0.0 93.0 567.0 2856.0 11549.129589831304
0.0 588.0 319.0 1670.0 6567.003617498046
0.0 618.0 307.0 1585.0 6373.865825262629
0.0 92.0 563.0 2879.0 11541.941164626378
0.0 1244.0 0.0 0.0 0.0
0.0 570.0 325.0 1765.0 6794.714615634672
0.0 1244.0 0.0 0.0 0.0
0.0 96.0 562.0 2870.0 11503.001400367159
0.0 986.0 124.0 684.0 2650.4374270606086
0.0 1244.0 0.0 0.0 0.0
0.0 514.0 359.0 1889.0 7366.950769956675
0.0 628.0 297.0 1604.0 6287.884721017062
0.0 1244.0 0.0 0.0 0.0
0.0 105.0 558.0 2844.0 11411.686687283012
0.0 830.0 207.0 1064.0 4176.900700988358
0.0 100.0 559.0 2859.0 11460.140636203614
0.0 1244.0 0.0 0.0 0.0
0.0 105.0 552.0 2872.0 11404.956497706815
0.0 1244.0 0.0 0.0 0.0
0.0 1244.0 0.0 0.0 0.0
0.0 93.0 562.0 2873.0 11524.709947052843
0.0 97.0 562.0 2858.0 11490.228064913277
0.0 1244.0 0.0 0.0 0.0
0.0 666.0 281.0 1416.0 5806.092398940069
0.0 1244.0 0.0 0.0 0.0
0.0 623.0 303.0 1548.0 6306.776755839185
0.0 1244.0 0.0 0.0 0.0
0.0 1244.0 0.0 0.0 0.0
0.0 92.0 565.0 2869.0 11549.857728165875
0.0 1244.0 0.0 0.0 0.0
0.0 1244.0 0.0 0.0 0.0
0.0 568.0 327.0 1824.0 6744.035108457549
0.0 1244.0 0.0 0.0 0.0
0.0 101.0 556.0 2866.0 11451.483612877268
0.0 1244.0 0.0 0.0 0.0
0.0 97.0 566.0 2854.0 11504.903814954187
0.0 1244.0 0.0 0.0 0.0
0.0 825.0 199.0 1122.0 4191.126025829943
0.0 1244.0 0.0 0.0 0.0
0.0 1244.0 0.0 0.0 0.0
0.0 1244.0 0.0 0.0 0.0
0.0 528.0 351.0 1829.0 7209.545971382899
0.0 1244.0 0.0 0.0 0.0
0.0 1244.0 0.0 0.0 0.0
0.0 1244.0 0.0 0.0 0.0
0.0 675.0 277.0 1417.0 5734.942876178676
0.0 98.0 559.0 2886.0 11486.098146961265
0.0 88.0 565.0 2895.0 11591.392219154633
0.0 738.0 244.0 1325.0 5037.6990510910355
0.0 1244.0 0.0 0.0 0.0
0.0 1244.0 0.0 0.0 0.0
0.0 747.0 256.0 1182.0 5026.900954597053
0.0 1030.0 95.0 598.0 2143.7087910593027
0.0 718.0 254.0 1384.0 5301.447815249275
0.0 1244.0 0.0 0.0 0.0
0.0 92.0 566.0 2868.0 11560.605273718422
0.0 590.0 324.0 1616.0 6596.498706641989
0.0 576.0 320.0 1706.0 6682.942631742361
0.0 1244.0 0.0 0.0 0.0
0.0 112.0 553.0 2862.0 11331.80366487063
0.0 90.0 565.0 2877.0 11541.648348600635
0.0 97.0 559.0 2907.0 11479.82392383957
0.0 88.0 565.0 2899.0 11579.912099083864
0.0 673.0 266.0 1512.0 5775.490325361279
0.0 894.0 164.0 941.0 3564.573849575503
0.0 96.0 562.0 2856.0 11509.236381843817
0.0 1244.0 0.0 0.0 0.0
0.0 98.0 562.0 2867.0 11482.315703040747
0.0 108.0 554.0 2861.0 11382.940773821963
0.0 764.0 236.0 1168.0 4875.455248806618
0.0 93.0 559.0 2900.0 11538.419264325215
0.0 1244.0 0.0 0.0 0.0
0.0 1244.0 0.0 0.0 0.0
0.0 665.0 296.0 1398.0 5778.39893353471
0.0 1244.0 0.0 0.0 0.0
0.0 1244.0 0.0 0.0 0.0
0.0 1244.0 0.0 0.0 0.0
0.0 538.0 345.0 1771.0 7131.437863874882
0.0 1244.0 0.0 0.0 0.0
0.0 806.0 215.0 1129.0 4417.510050017684
0.0 88.0 568.0 2886.0 11586.075408778304
0.0 661.0 283.0 1497.0 5880.456249783509
0.0 1244.0 0.0 0.0 0.0
0.0 491.0 378.0 1904.0 7514.482852578629
0.0 531.0 347.0 1831.0 7230.704760822339
0.0 101.0 559.0 2857.0 11466.420707567062
0.0 103.0 555.0 2865.0 11454.965491123177
0.0 98.0 559.0 2898.0 11462.152106120328
0.0 549.0 332.0 1848.0 7030.007274161849
0.0 614.0 312.0 1591.0 6336.432893774517
0.0 1244.0 0.0 0.0 0.0
0.0 103.0 557.0 2856.0 11435.709518584625
0.0 688.0 262.0 1503.0 5672.9371924919715
0.0 1244.0 0.0 0.0 0.0
0.0 798.0 236.0 1072.0 4583.114181273037
0.0 102.0 558.0 2855.0 11457.533440229558
0.0 821.0 209.0 1068.0 4266.788554800216
0.0 829.0 198.0 1078.0 4216.7852677075525
0.0 1244.0 0.0 0.0 0.0
0.0 1244.0 0.0 0.0 0.0
0.0 107.0 555.0 2848.0 11400.488351227634
0.0 1244.0 0.0 0.0 0.0
0.0 1244.0 0.0 0.0 0.0
0.0 92.0 566.0 2873.0 11531.361562780812
0.0 1244.0 0.0 0.0 0.0
0.0 1244.0 0.0 0.0 0.0
0.0 1244.0 0.0 0.0 0.0
0.0 628.0 297.0 1621.0 6181.007644848089
0.0 101.0 557.0 2876.0 11446.388886112352
0.0 1244.0 0.0 0.0 0.0
0.0 1181.0 33.0 160.0 645.5701844062285
0.0 486.0 368.0 1888.0 7568.056431522381
0.0 882.0 184.0 946.0 3600.586963000937
0.0 1244.0 0.0 0.0 0.0
0.0 92.0 563.0 2888.0 11537.037428570922
0.0 1244.0 0.0 0.0 0.0
0.0 525.0 351.0 1786.0 7270.11559256001
0.0 661.0 297.0 1426.0 5914.1432455724735
0.0 833.0 203.0 1087.0 4206.168274033212
0.0 1244.0 0.0 0.0 0.0
0.0 1244.0 0.0 0.0 0.0
0.0 648.0 283.0 1544.0 5989.315527286077
0.0 1244.0 0.0 0.0 0.0
0.0 1244.0 0.0 0.0 0.0
0.0 1244.0 0.0 0.0 0.0
0.0 110.0 557.0 2833.0 11359.493832846063
0.0 552.0 340.0 1744.0 6955.920647662786
0.0 1244.0 0.0 0.0 0.0
0.0 1244.0 0.0 0.0 0.0
0.0 557.0 328.0 1779.0 6956.243302916589
0.0 1244.0 0.0 0.0 0.0
0.0 1244.0 0.0 0.0 0.0
0.0 605.0 304.0 1646.0 6448.033919531834
0.0 98.0 564.0 2857.0 11492.44620707871
0.0 1244.0 0.0 0.0 0.0
0.0 1244.0 0.0 0.0 0.0
0.0 1244.0 0.0 0.0 0.0
0.0 933.0 139.0 859.0 3168.240908598775
0.0 105.0 554.0 2867.0 11415.669791191438
0.0 1244.0 0.0 0.0 0.0
0.0 522.0 348.0 1870.0 7273.828402436013
0.0 690.0 261.0 1450.0 5583.618145735574
0.0 1244.0 0.0 0.0 0.0
0.0 665.0 290.0 1439.0 5842.011662608492
0.0 103.0 556.0 2870.0 11437.735798622925
0.0 88.0 562.0 2928.0 11572.062604122508
0.0 487.0 374.0 1872.0 7663.708582228391
0.0 110.0 553.0 2859.0 11376.934234183553
0.0 1056.0 90.0 479.0 1894.143826423914
0.0 1244.0 0.0 0.0 0.0
0.0 1244.0 0.0 0.0 0.0
0.0 751.0 233.0 1316.0 4938.659868542011
0.0 92.0 560.0 2905.0 11546.957481507043
0.0 95.0 560.0 2886.0 11509.105223683717
0.0 1244.0 0.0 0.0 0.0
0.0 1244.0 0.0 0.0 0.0
0.0 563.0 321.0 1784.0 6897.866731678519
