22.0 1466.0 92.0 286.0 1650.9240785729532
19.0 1364.0 150.0 503.0 2718.2510382252594
0.0 1408.0 95.0 664.0 2339.0151419381323
23.0 1522.0 56.0 251.0 1118.1824291979253
3.0 1476.0 71.0 434.0 1590.2816173748529
21.0 1516.0 57.0 270.0 1189.1161981603466
23.0 1522.0 56.0 251.0 1118.1824291979253
0.0 1451.0 82.0 499.0 1844.2486574704076
3.0 1476.0 71.0 434.0 1590.2816173748529
10.0 1349.0 140.0 638.0 2872.2735633688208
51.0 1550.0 36.0 171.0 838.8174123689039
25.0 1524.0 56.0 232.0 1100.05877373049
12.0 1488.0 60.0 437.0 1429.5512478392502
0.0 1439.0 86.0 527.0 1928.2837911973088
15.0 1448.0 101.0 345.0 1838.0959603171484
30.0 1532.0 49.0 221.0 1022.7842037782073
22.0 1369.0 148.0 476.0 2662.0972545671707
29.0 1508.0 43.0 414.0 1232.8057987276493
21.0 1517.0 56.0 270.0 1178.3634881986345
40.0 1541.0 42.0 196.0 920.5875385382255
30.0 1532.0 49.0 221.0 1022.7842037782073
6.0 1484.0 67.0 414.0 1528.144811318479
21.0 1517.0 56.0 270.0 1178.3634881986345
22.0 1466.0 92.0 286.0 1650.9240785729532
25.0 1524.0 56.0 232.0 1100.05877373049
30.0 1532.0 49.0 221.0 1022.7842037782073
29.0 1385.0 143.0 412.0 2488.9362738554073
0.0 1336.0 135.0 819.0 2978.660119023692
19.0 1499.0 52.0 420.0 1325.8284467574313
52.0 1551.0 35.0 171.0 830.8023734227588
58.0 1558.0 32.0 163.0 767.5833258534178
9.0 1429.0 107.0 425.0 2027.3117022077759
30.0 1532.0 49.0 221.0 1022.7842037782073
22.0 1466.0 92.0 286.0 1650.9240785729532
0.0 1325.0 137.0 875.0 3126.209084362365
31.0 1386.0 143.0 407.0 2478.2206930186494
22.0 1466.0 92.0 286.0 1650.9240785729532
0.0 1422.0 96.0 560.0 2073.324245272021
29.0 1508.0 43.0 414.0 1232.8057987276493
60.0 1559.0 31.0 163.0 762.1893417810633
60.0 1559.0 31.0 163.0 762.1893417810633
0.0 1407.0 95.0 674.0 2349.921097309814
55.0 1556.0 33.0 167.0 790.9124683664894
0.0 1278.0 168.0 933.0 3581.1399352114368
17.0 1497.0 54.0 420.0 1346.930798009172
10.0 1486.0 62.0 437.0 1458.3214634520155
29.0 1508.0 43.0 414.0 1232.8057987276493
0.0 1392.0 112.0 620.0 2431.726908375086
3.0 1472.0 71.0 451.0 1612.4247601879206
0.0 1407.0 95.0 674.0 2349.921097309814
20.0 1365.0 150.0 494.0 2705.4778896674457
60.0 1559.0 31.0 163.0 762.1893417810633
58.0 1558.0 32.0 163.0 767.5833258534178
0.0 1286.0 167.0 861.0 3494.11847734572
55.0 1556.0 33.0 167.0 790.9124683664894
22.0 1518.0 56.0 261.0 1166.642496072674
58.0 1558.0 32.0 163.0 767.5833258534178
29.0 1384.0 144.0 412.0 2502.833651844145
22.0 1466.0 92.0 286.0 1650.9240785729532
18.0 1457.0 97.0 312.0 1739.796128159479
19.0 1364.0 150.0 503.0 2718.2510382252594
31.0 1386.0 143.0 407.0 2478.2206930186494
0.0 1286.0 167.0 861.0 3494.11847734572
31.0 1386.0 143.0 407.0 2478.2206930186494
27.0 1383.0 143.0 425.0 2519.1769545336215
0.0 1374.0 119.0 680.0 2580.710065806003
27.0 1383.0 143.0 425.0 2519.1769545336215
31.0 1533.0 48.0 221.0 1008.9475497559293
29.0 1385.0 143.0 412.0 2488.9362738554073
10.0 1349.0 140.0 638.0 2872.2735633688208
42.0 1543.0 40.0 196.0 904.8148161646814
17.0 1500.0 67.0 304.0 1360.2365998664409
60.0 1559.0 31.0 163.0 762.1893417810633
3.0 1472.0 71.0 451.0 1612.4247601879206
22.0 1466.0 92.0 286.0 1650.9240785729532
26.0 1505.0 45.0 422.0 1262.6880160332657
13.0 1452.0 97.0 355.0 1790.0469452491934
13.0 1491.0 71.0 331.0 1445.0880432334554
60.0 1559.0 31.0 163.0 762.1893417810633
56.0 1557.0 33.0 163.0 782.0882945801883
6.0 1426.0 107.0 451.0 2056.6860776307462
0.0 1373.0 120.0 680.0 2588.394904133988
0.0 1293.0 156.0 911.0 3444.2414533179563
0.0 1408.0 95.0 664.0 2339.0151419381323
12.0 1488.0 60.0 437.0 1429.5512478392502
9.0 1316.0 166.0 674.0 3186.7145261779174
21.0 1517.0 56.0 270.0 1178.3634881986345
0.0 1390.0 114.0 620.0 2456.1907289742903
26.0 1505.0 45.0 422.0 1262.6880160332657
0.0 1334.0 142.0 743.0 3027.296376354204
21.0 1517.0 56.0 270.0 1178.3634881986345
30.0 1530.0 55.0 192.0 1054.4619592738543
4.0 1477.0 71.0 425.0 1578.3297831475327
0.0 1458.0 80.0 479.0 1754.3052117646243
34.0 1536.0 47.0 203.0 980.8560124214252
10.0 1349.0 140.0 638.0 2872.2735633688208
3.0 1476.0 71.0 434.0 1590.2816173748529
0.0 1458.0 80.0 479.0 1754.3052117646243
17.0 1497.0 54.0 420.0 1346.930798009172
21.0 1516.0 55.0 288.0 1194.5097514004976
0.0 1456.0 80.0 488.0 1770.476217316865
0.0 1458.0 80.0 479.0 1754.3052117646243
0.0 1458.0 80.0 479.0 1754.3052117646243
28.0 1507.0 43.0 422.0 1244.1195892322226
0.0 1458.0 80.0 479.0 1754.3052117646243
28.0 1507.0 43.0 422.0 1244.1195892322226
1.0 1378.0 111.0 709.0 2544.5505348622655
0.0 1410.0 99.0 612.0 2213.5479775558297
12.0 1435.0 106.0 391.0 1957.8509422431807
0.0 1410.0 99.0 612.0 2213.5479775558297
4.0 1477.0 71.0 425.0 1578.3297831475327
21.0 1517.0 56.0 270.0 1178.3634881986345
31.0 1386.0 143.0 407.0 2478.2206930186494
0.0 1354.0 124.0 789.0 2778.623667684619
46.0 1548.0 40.0 177.0 853.2690073191823
3.0 1470.0 72.0 455.0 1632.608846548771
9.0 1316.0 166.0 674.0 3186.7145261779174
0.0 1410.0 99.0 612.0 2213.5479775558297
60.0 1559.0 31.0 163.0 762.1893417810633
0.0 1298.0 161.0 831.0 3370.3361179229255
29.0 1385.0 143.0 412.0 2488.9362738554073
29.0 1385.0 143.0 412.0 2488.9362738554073
17.0 1500.0 67.0 304.0 1360.2365998664409
24.0 1523.0 56.0 241.0 1107.927641320719
17.0 1456.0 97.0 320.0 1747.5242006277908
37.0 1539.0 45.0 196.0 945.6779911741346
29.0 1385.0 143.0 412.0 2488.9362738554073
21.0 1517.0 56.0 270.0 1178.3634881986345
28.0 1507.0 43.0 422.0 1244.1195892322226
17.0 1500.0 67.0 304.0 1360.2365998664409
20.0 1461.0 95.0 298.0 1697.665206378982
17.0 1500.0 67.0 304.0 1360.2365998664409
0.0 1374.0 119.0 680.0 2580.710065806003
17.0 1500.0 67.0 304.0 1360.2365998664409
28.0 1507.0 43.0 422.0 1244.1195892322226
0.0 1291.0 156.0 931.0 3463.8837155776446
0.0 1451.0 82.0 499.0 1844.2486574704076
0.0 1404.0 109.0 579.0 2259.5237880695986
24.0 1523.0 56.0 241.0 1107.927641320719
4.0 1424.0 107.0 469.0 2080.101034704187
4.0 1424.0 107.0 469.0 2080.101034704187
15.0 1448.0 101.0 345.0 1838.0959603171484
8.0 1488.0 66.0 396.0 1492.209862821856
0.0 1298.0 161.0 831.0 3370.3361179229255
14.0 1494.0 65.0 351.0 1421.2766227837265
0.0 1427.0 90.0 572.0 2086.489056234347
21.0 1517.0 56.0 270.0 1178.3634881986345
14.0 1494.0 65.0 351.0 1421.2766227837265
8.0 1347.0 140.0 656.0 2886.415757178369
21.0 1517.0 56.0 270.0 1178.3634881986345
36.0 1538.0 46.0 195.0 959.1705472302646
51.0 1550.0 36.0 171.0 838.8174123689039
8.0 1486.0 71.0 374.0 1496.5369195183655
0.0 1376.0 112.0 715.0 2574.2028646981034
11.0 1445.0 100.0 380.0 1859.2999725719342
49.0 1549.0 38.0 172.0 842.1331271792776
0.0 1354.0 124.0 789.0 2778.623667684619
19.0 1499.0 52.0 420.0 1325.8284467574313
0.0 1354.0 124.0 789.0 2778.623667684619
33.0 1535.0 48.0 203.0 995.1259628545941
0.0 1319.0 148.0 786.0 3168.648778819496
42.0 1544.0 42.0 185.0 889.6094269121403
49.0 1549.0 38.0 172.0 842.1331271792776
0.0 1404.0 109.0 579.0 2259.5237880695986
60.0 1559.0 31.0 163.0 762.1893417810633
32.0 1534.0 47.0 221.0 994.9142400335375
60.0 1559.0 31.0 163.0 762.1893417810633
55.0 1556.0 33.0 167.0 790.9124683664894
40.0 1541.0 42.0 196.0 920.5875385382255
10.0 1349.0 140.0 638.0 2872.2735633688208
21.0 1517.0 56.0 270.0 1178.3634881986345
3.0 1301.0 169.0 756.0 3327.412071634742
3.0 1301.0 169.0 756.0 3327.412071634742
20.0 1365.0 150.0 494.0 2705.4778896674457
27.0 1526.0 55.0 215.0 1100.8532480985898
3.0 1301.0 169.0 756.0 3327.412071634742
42.0 1544.0 42.0 185.0 889.6094269121403
32.0 1534.0 47.0 221.0 994.9142400335375
9.0 1316.0 166.0 674.0 3186.7145261779174
9.0 1316.0 166.0 674.0 3186.7145261779174
0.0 1319.0 148.0 786.0 3168.648778819496
0.0 1319.0 148.0 786.0 3168.648778819496
40.0 1541.0 42.0 196.0 920.5875385382255
17.0 1500.0 67.0 304.0 1360.2365998664409
0.0 1414.0 102.0 556.0 2178.5757942569467
42.0 1544.0 42.0 185.0 889.6094269121403
0.0 1291.0 156.0 931.0 3463.8837155776446
33.0 1535.0 48.0 203.0 995.1259628545941
0.0 1414.0 102.0 556.0 2178.5757942569467
0.0 1291.0 156.0 931.0 3463.8837155776446
9.0 1487.0 71.0 365.0 1484.8429545708855
0.0 1427.0 90.0 572.0 2086.489056234347
22.0 1369.0 148.0 476.0 2662.0972545671707
49.0 1549.0 38.0 172.0 842.1331271792776
26.0 1505.0 45.0 422.0 1262.6880160332657
1.0 1378.0 111.0 709.0 2544.5505348622655
22.0 1369.0 148.0 476.0 2662.0972545671707
15.0 1448.0 101.0 345.0 1838.0959603171484
0.0 1286.0 167.0 861.0 3494.11847734572
0.0 1336.0 135.0 819.0 2978.660119023692
0.0 1414.0 102.0 556.0 2178.5757942569467
49.0 1549.0 38.0 172.0 842.1331271792776
0.0 1414.0 102.0 556.0 2178.5757942569467
0.0 1456.0 80.0 488.0 1770.476217316865
0.0 1440.0 86.0 523.0 1917.1451067933456
52.0 1551.0 35.0 171.0 830.8023734227588
6.0 1484.0 67.0 414.0 1528.144811318479
0.0 1293.0 156.0 911.0 3444.2414533179563
0.0 1456.0 80.0 488.0 1770.476217316865
9.0 1316.0 166.0 674.0 3186.7145261779174
52.0 1551.0 35.0 171.0 830.8023734227588
16.0 1498.0 67.0 315.0 1382.298204973185
0.0 1412.0 100.0 591.0 2179.4231360135427
0.0 1404.0 109.0 579.0 2259.5237880695986
8.0 1488.0 66.0 396.0 1492.209862821856
9.0 1316.0 166.0 674.0 3186.7145261779174
0.0 1440.0 86.0 523.0 1917.1451067933456
17.0 1456.0 97.0 320.0 1747.5242006277908
30.0 1530.0 55.0 192.0 1054.4619592738543
0.0 1334.0 142.0 743.0 3027.296376354204
8.0 1486.0 71.0 374.0 1496.5369195183655
12.0 1435.0 106.0 391.0 1957.8509422431807
13.0 1491.0 71.0 331.0 1445.0880432334554
0.0 1404.0 109.0 579.0 2259.5237880695986
6.0 1426.0 107.0 451.0 2056.6860776307462
40.0 1541.0 42.0 196.0 920.5875385382255
0.0 1334.0 142.0 743.0 3027.296376354204
3.0 1473.0 72.0 442.0 1605.299156592567
3.0 1472.0 71.0 451.0 1612.4247601879206
0.0 1325.0 137.0 875.0 3126.209084362365
0.0 1376.0 112.0 715.0 2574.2028646981034
0.0 1325.0 137.0 875.0 3126.209084362365
0.0 1439.0 86.0 527.0 1928.2837911973088
22.0 1466.0 92.0 286.0 1650.9240785729532
0.0 1439.0 86.0 527.0 1928.2837911973088
0.0 1428.0 90.0 562.0 2077.75274934634
0.0 1428.0 90.0 562.0 2077.75274934634
0.0 1439.0 86.0 527.0 1928.2837911973088
52.0 1551.0 35.0 171.0 830.8023734227588
6.0 1426.0 107.0 451.0 2056.6860776307462
0.0 1440.0 86.0 523.0 1917.1451067933456
17.0 1497.0 54.0 420.0 1346.930798009172
12.0 1435.0 106.0 391.0 1957.8509422431807
0.0 1390.0 114.0 620.0 2456.1907289742903
12.0 1435.0 106.0 391.0 1957.8509422431807
0.0 1390.0 114.0 620.0 2456.1907289742903
0.0 1278.0 168.0 933.0 3581.1399352114368
0.0 1278.0 168.0 933.0 3581.1399352114368
1.0 1378.0 111.0 709.0 2544.5505348622655
29.0 1384.0 144.0 412.0 2502.833651844145
16.0 1498.0 67.0 315.0 1382.298204973185
9.0 1487.0 71.0 365.0 1484.8429545708855
0.0 1361.0 123.0 732.0 2700.514624436859
0.0 1437.0 87.0 533.0 1948.4214785111276
41.0 1543.0 43.0 185.0 900.9245789053482
0.0 1361.0 123.0 732.0 2700.514624436859
56.0 1557.0 33.0 163.0 782.0882945801883
0.0 1372.0 121.0 680.0 2600.6082846513577
45.0 1547.0 40.0 182.0 863.9837573059343
12.0 1488.0 60.0 437.0 1429.5512478392502
0.0 1361.0 123.0 732.0 2700.514624436859
22.0 1466.0 92.0 286.0 1650.9240785729532
3.0 1472.0 71.0 451.0 1612.4247601879206
11.0 1445.0 100.0 380.0 1859.2999725719342
22.0 1466.0 92.0 286.0 1650.9240785729532
35.0 1537.0 46.0 203.0 966.8986196985763
22.0 1466.0 92.0 286.0 1650.9240785729532
11.0 1445.0 100.0 380.0 1859.2999725719342
9.0 1429.0 107.0 425.0 2027.3117022077759
0.0 1437.0 87.0 533.0 1948.4214785111276
28.0 1507.0 43.0 422.0 1244.1195892322226
22.0 1369.0 148.0 476.0 2662.0972545671707
3.0 1470.0 72.0 455.0 1632.608846548771
6.0 1484.0 67.0 414.0 1528.144811318479
0.0 1373.0 120.0 680.0 2588.394904133988
0.0 1392.0 112.0 620.0 2431.726908375086
0.0 1440.0 86.0 523.0 1917.1451067933456
27.0 1526.0 55.0 215.0 1100.8532480985898
18.0 1457.0 97.0 312.0 1739.796128159479
30.0 1530.0 55.0 192.0 1054.4619592738543
37.0 1539.0 45.0 196.0 945.6779911741346
20.0 1461.0 95.0 298.0 1697.665206378982
30.0 1530.0 55.0 192.0 1054.4619592738543
30.0 1530.0 55.0 192.0 1054.4619592738543
24.0 1523.0 56.0 241.0 1107.927641320719
0.0 1358.0 127.0 720.0 2733.8510748227786
0.0 1358.0 127.0 720.0 2733.8510748227786
10.0 1486.0 62.0 437.0 1458.3214634520155
0.0 1456.0 80.0 488.0 1770.476217316865
0.0 1456.0 80.0 488.0 1770.476217316865
20.0 1462.0 94.0 298.0 1691.148088229057
36.0 1538.0 46.0 195.0 959.1705472302646
13.0 1491.0 71.0 331.0 1445.0880432334554
13.0 1491.0 71.0 331.0 1445.0880432334554
11.0 1489.0 71.0 347.0 1466.9434211940913
11.0 1489.0 71.0 347.0 1466.9434211940913
27.0 1526.0 55.0 215.0 1100.8532480985898
36.0 1538.0 46.0 195.0 959.1705472302646
20.0 1461.0 95.0 298.0 1697.665206378982
3.0 1470.0 72.0 455.0 1632.608846548771
