28.0 1527.0 56.0 203.0 1079.1940113679498
29.0 1441.0 108.0 302.0 1893.467431724254
0.0 1428.0 89.0 570.0 2029.1742684627234
0.0 1374.0 119.0 682.0 2577.0936675397
57.0 1559.0 34.0 167.0 758.7169075265185
40.0 1540.0 40.0 237.0 916.106067975537
22.0 1450.0 100.0 317.0 1798.7283016455442
0.0 1394.0 111.0 616.0 2412.903385643137
27.0 1382.0 142.0 418.0 2516.3642245316255
1.0 1308.0 149.0 858.0 3245.60422476266
14.0 1509.0 62.0 287.0 1272.786426057931
16.0 1511.0 62.0 268.0 1250.0901832798556
27.0 1382.0 142.0 418.0 2516.3642245316255
7.0 1486.0 67.0 407.0 1492.4997671075907
8.0 1425.0 106.0 444.0 2045.0370604954635
19.0 1514.0 62.0 241.0 1220.4696577771008
58.0 1560.0 34.0 166.0 749.8871043517868
16.0 1511.0 62.0 268.0 1250.0901832798556
0.0 1379.0 115.0 676.0 2524.8073212986906
31.0 1530.0 45.0 274.0 1018.210604932956
19.0 1371.0 146.0 474.0 2647.397260173226
0.0 1328.0 143.0 765.0 3072.9849000922654
11.0 1464.0 88.0 365.0 1694.0091491956407
44.0 1545.0 42.0 189.0 875.7450610067328
0.0 1304.0 151.0 874.0 3291.3008906500813
23.0 1388.0 135.0 435.0 2468.1075536728167
0.0 1392.0 112.0 620.0 2431.726908375086
22.0 1450.0 100.0 317.0 1798.7283016455442
7.0 1486.0 67.0 407.0 1492.4997671075907
19.0 1371.0 146.0 474.0 2647.397260173226
27.0 1382.0 142.0 418.0 2516.3642245316255
22.0 1450.0 100.0 317.0 1798.7283016455442
3.0 1420.0 106.0 491.0 2096.432752628121
19.0 1514.0 62.0 241.0 1220.4696577771008
23.0 1388.0 135.0 435.0 2468.1075536728167
27.0 1382.0 142.0 418.0 2516.3642245316255
3.0 1420.0 106.0 491.0 2096.432752628121
50.0 1551.0 38.0 178.0 821.8910756182956
21.0 1497.0 51.0 435.0 1329.6376953702368
22.0 1498.0 50.0 435.0 1320.732237415165
22.0 1498.0 50.0 435.0 1320.732237415165
22.0 1498.0 50.0 435.0 1320.732237415165
7.0 1486.0 67.0 407.0 1492.4997671075907
40.0 1540.0 40.0 237.0 916.106067975537
16.0 1367.0 147.0 498.0 2687.8759732254534
0.0 1328.0 143.0 765.0 3072.9849000922654
27.0 1382.0 142.0 418.0 2516.3642245316255
21.0 1497.0 51.0 435.0 1329.6376953702368
22.0 1451.0 99.0 317.0 1791.7904694043125
3.0 1473.0 71.0 446.0 1607.2266519512543
12.0 1465.0 88.0 357.0 1683.4675617395778
27.0 1526.0 57.0 203.0 1093.5785353052545
11.0 1491.0 69.0 357.0 1444.249230207686
57.0 1559.0 34.0 167.0 758.7169075265185
27.0 1441.0 107.0 308.0 1887.2625001087692
7.0 1335.0 158.0 643.0 3013.683900263131
0.0 1303.0 151.0 884.0 3302.206846021763
11.0 1491.0 69.0 357.0 1444.249230207686
0.0 1278.0 168.0 933.0 3581.1399352114368
10.0 1358.0 149.0 556.0 2774.20745972987
17.0 1514.0 58.0 281.0 1223.395459990288
14.0 1509.0 62.0 287.0 1272.786426057931
0.0 1391.0 113.0 620.0 2443.940288892455
23.0 1388.0 135.0 435.0 2468.1075536728167
8.0 1487.0 67.0 397.0 1481.5148934664935
28.0 1442.0 107.0 302.0 1882.229846740437
0.0 1278.0 168.0 933.0 3581.1399352114368
11.0 1464.0 88.0 365.0 1694.0091491956407
0.0 1416.0 95.0 594.0 2194.654204565348
18.0 1443.0 102.0 349.0 1862.6709532256266
36.0 1536.0 50.0 189.0 974.7725618916153
5.0 1476.0 71.0 423.0 1573.1512596788734
21.0 1517.0 60.0 232.0 1191.8132682397747
9.0 1488.0 67.0 388.0 1469.563059239173
4.0 1475.0 71.0 432.0 1585.1030939061936
49.0 1550.0 36.0 194.0 834.6169489915741
0.0 1415.0 95.0 604.0 2203.390511453355
8.0 1487.0 67.0 397.0 1481.5148934664935
3.0 1420.0 106.0 491.0 2096.432752628121
14.0 1509.0 62.0 287.0 1272.786426057931
21.0 1517.0 60.0 232.0 1191.8132682397747
3.0 1474.0 71.0 442.0 1596.087967547291
33.0 1533.0 52.0 194.0 1009.6238538647369
3.0 1472.0 72.0 446.0 1614.1612159040822
18.0 1460.0 95.0 320.0 1721.681651096064
0.0 1455.0 80.0 492.0 1781.6149017208284
29.0 1528.0 47.0 274.0 1041.14937261042
0.0 1328.0 143.0 765.0 3072.9849000922654
0.0 1458.0 80.0 479.0 1754.3052117646243
0.0 1283.0 163.0 924.0 3522.1020102781813
0.0 1288.0 165.0 859.0 3459.3331711336696
21.0 1517.0 60.0 232.0 1191.8132682397747
0.0 1429.0 88.0 570.0 2023.8028044316143
49.0 1550.0 36.0 194.0 834.6169489915741
0.0 1429.0 88.0 570.0 2023.8028044316143
0.0 1458.0 80.0 479.0 1754.3052117646243
29.0 1528.0 47.0 274.0 1041.14937261042
11.0 1359.0 149.0 547.0 2762.4960905928924
27.0 1526.0 57.0 203.0 1093.5785353052545
0.0 1283.0 163.0 924.0 3522.1020102781813
3.0 1474.0 71.0 442.0 1596.087967547291
3.0 1474.0 71.0 442.0 1596.087967547291
5.0 1476.0 71.0 423.0 1573.1512596788734
0.0 1427.0 88.0 590.0 2043.4450666913033
10.0 1358.0 149.0 556.0 2774.20745972987
6.0 1334.0 158.0 651.0 3021.139812416993
15.0 1435.0 105.0 380.0 1941.2313023832787
6.0 1334.0 158.0 651.0 3021.139812416993
38.0 1538.0 48.0 189.0 948.0550648236767
54.0 1557.0 35.0 172.0 777.3517738367881
20.0 1497.0 52.0 431.0 1331.9377165344836
0.0 1429.0 88.0 570.0 2023.8028044316143
10.0 1358.0 149.0 556.0 2774.20745972987
31.0 1531.0 54.0 194.0 1038.0862153143564
13.0 1433.0 105.0 395.0 1959.4964371271005
0.0 1278.0 168.0 933.0 3581.1399352114368
54.0 1557.0 35.0 172.0 777.3517738367881
34.0 1534.0 51.0 194.0 996.4741452211492
54.0 1557.0 35.0 172.0 777.3517738367881
0.0 1412.0 102.0 567.0 2183.4379350392587
27.0 1526.0 57.0 203.0 1093.5785353052545
0.0 1283.0 163.0 924.0 3522.1020102781813
58.0 1560.0 34.0 166.0 749.8871043517868
0.0 1429.0 88.0 570.0 2023.8028044316143
0.0 1299.0 170.0 780.0 3357.9846900626258
13.0 1433.0 105.0 395.0 1959.4964371271005
6.0 1334.0 158.0 651.0 3021.139812416993
11.0 1359.0 149.0 547.0 2762.4960905928924
25.0 1523.0 59.0 204.0 1135.9911215597924
47.0 1548.0 37.0 202.0 847.9119376508129
13.0 1466.0 88.0 349.0 1676.0116495857153
0.0 1288.0 165.0 859.0 3459.3331711336696
14.0 1506.0 63.0 296.0 1295.8919955629995
34.0 1534.0 51.0 194.0 996.4741452211492
2.0 1409.0 110.0 538.0 2225.7383609160365
23.0 1520.0 58.0 226.0 1163.445228335157
24.0 1522.0 52.0 275.0 1113.2816090116714
0.0 1427.0 88.0 590.0 2043.4450666913033
17.0 1514.0 58.0 281.0 1223.395459990288
0.0 1447.0 83.0 509.0 1860.3005492155814
42.0 1542.0 39.0 228.0 897.7091574627307
36.0 1535.0 43.0 246.0 968.0779930918214
42.0 1542.0 39.0 228.0 897.7091574627307
14.0 1506.0 63.0 296.0 1295.8919955629995
14.0 1505.0 66.0 287.0 1311.869648937949
0.0 1351.0 129.0 747.0 2831.6942443551343
22.0 1519.0 59.0 226.0 1177.8297522724617
14.0 1505.0 66.0 287.0 1311.869648937949
27.0 1441.0 107.0 308.0 1887.2625001087692
0.0 1351.0 129.0 747.0 2831.6942443551343
57.0 1559.0 34.0 167.0 758.7169075265185
5.0 1476.0 71.0 423.0 1573.1512596788734
0.0 1351.0 129.0 747.0 2831.6942443551343
18.0 1513.0 62.0 250.0 1228.3385253673298
3.0 1474.0 71.0 442.0 1596.087967547291
0.0 1404.0 101.0 637.0 2292.3729762127878
14.0 1506.0 63.0 296.0 1295.8919955629995
10.0 1489.0 67.0 379.0 1457.8420671132126
57.0 1559.0 34.0 167.0 758.7169075265185
0.0 1288.0 165.0 859.0 3459.3331711336696
27.0 1441.0 107.0 308.0 1887.2625001087692
51.0 1552.0 37.0 178.0 812.9856176632238
19.0 1514.0 62.0 241.0 1220.4696577771008
18.0 1460.0 95.0 320.0 1721.681651096064
22.0 1451.0 99.0 317.0 1791.7904694043125
0.0 1360.0 125.0 720.0 2720.794772463684
39.0 1539.0 47.0 189.0 934.905356180089
39.0 1539.0 47.0 189.0 934.905356180089
18.0 1460.0 95.0 320.0 1721.681651096064
10.0 1489.0 67.0 379.0 1457.8420671132126
14.0 1509.0 62.0 287.0 1272.786426057931
22.0 1498.0 50.0 435.0 1320.732237415165
0.0 1376.0 117.0 682.0 2552.629846940495
0.0 1428.0 89.0 570.0 2029.1742684627234
0.0 1438.0 86.0 538.0 1947.2751205205925
0.0 1376.0 117.0 682.0 2552.629846940495
0.0 1361.0 125.0 714.0 2706.028549180974
0.0 1438.0 86.0 538.0 1947.2751205205925
0.0 1361.0 125.0 714.0 2706.028549180974
2.0 1409.0 110.0 538.0 2225.7383609160365
16.0 1511.0 62.0 268.0 1250.0901832798556
47.0 1548.0 37.0 202.0 847.9119376508129
8.0 1487.0 67.0 397.0 1481.5148934664935
47.0 1548.0 37.0 202.0 847.9119376508129
0.0 1303.0 151.0 884.0 3302.206846021763
14.0 1509.0 62.0 287.0 1272.786426057931
0.0 1455.0 80.0 492.0 1781.6149017208284
18.0 1460.0 95.0 320.0 1721.681651096064
14.0 1509.0 62.0 287.0 1272.786426057931
0.0 1360.0 125.0 720.0 2720.794772463684
0.0 1392.0 112.0 620.0 2431.726908375086
0.0 1458.0 80.0 479.0 1754.3052117646243
31.0 1530.0 45.0 274.0 1018.210604932956
38.0 1538.0 48.0 189.0 948.0550648236767
23.0 1388.0 135.0 435.0 2468.1075536728167
0.0 1458.0 80.0 479.0 1754.3052117646243
18.0 1513.0 62.0 250.0 1228.3385253673298
20.0 1497.0 52.0 431.0 1331.9377165344836
23.0 1388.0 135.0 435.0 2468.1075536728167
0.0 1458.0 80.0 479.0 1754.3052117646243
3.0 1472.0 72.0 446.0 1614.1612159040822
23.0 1388.0 135.0 435.0 2468.1075536728167
0.0 1458.0 80.0 479.0 1754.3052117646243
31.0 1530.0 45.0 274.0 1018.210604932956
0.0 1361.0 125.0 714.0 2706.028549180974
0.0 1458.0 80.0 479.0 1754.3052117646243
0.0 1374.0 119.0 682.0 2577.0936675397
0.0 1379.0 115.0 676.0 2524.8073212986906
0.0 1361.0 125.0 714.0 2706.028549180974
40.0 1540.0 40.0 237.0 916.106067975537
0.0 1379.0 115.0 676.0 2524.8073212986906
0.0 1379.0 115.0 676.0 2524.8073212986906
33.0 1533.0 52.0 194.0 1009.6238538647369
0.0 1412.0 102.0 567.0 2183.4379350392587
0.0 1416.0 95.0 594.0 2194.654204565348
0.0 1300.0 169.0 780.0 3345.7342499807905
7.0 1486.0 67.0 407.0 1492.4997671075907
0.0 1456.0 80.0 488.0 1770.476217316865
14.0 1506.0 63.0 296.0 1295.8919955629995
24.0 1522.0 52.0 275.0 1113.2816090116714
17.0 1368.0 147.0 490.0 2674.7946253127698
17.0 1514.0 58.0 281.0 1223.395459990288
0.0 1300.0 169.0 780.0 3345.7342499807905
4.0 1421.0 106.0 482.0 2084.721383491143
0.0 1300.0 169.0 780.0 3345.7342499807905
22.0 1498.0 50.0 435.0 1320.732237415165
0.0 1300.0 169.0 780.0 3345.7342499807905
3.0 1472.0 72.0 446.0 1614.1612159040822
0.0 1287.0 166.0 859.0 3471.583611215505
54.0 1557.0 35.0 172.0 777.3517738367881
3.0 1473.0 71.0 446.0 1607.2266519512543
22.0 1519.0 59.0 226.0 1177.8297522724617
54.0 1557.0 35.0 172.0 777.3517738367881
8.0 1425.0 106.0 444.0 2045.0370604954635
44.0 1545.0 42.0 189.0 875.7450610067328
0.0 1412.0 102.0 567.0 2183.4379350392587
16.0 1367.0 147.0 498.0 2687.8759732254534
0.0 1447.0 83.0 509.0 1860.3005492155814
42.0 1542.0 39.0 228.0 897.7091574627307
14.0 1506.0 63.0 296.0 1295.8919955629995
0.0 1447.0 83.0 509.0 1860.3005492155814
0.0 1447.0 83.0 509.0 1860.3005492155814
0.0 1335.0 136.0 809.0 2992.112115832832
51.0 1552.0 37.0 178.0 812.9856176632238
51.0 1552.0 37.0 178.0 812.9856176632238
0.0 1335.0 136.0 809.0 2992.112115832832
16.0 1367.0 147.0 498.0 2687.8759732254534
0.0 1404.0 101.0 637.0 2292.3729762127878
3.0 1474.0 71.0 442.0 1596.087967547291
11.0 1431.0 104.0 414.0 1986.6243662999716
0.0 1328.0 143.0 765.0 3072.9849000922654
0.0 1328.0 143.0 765.0 3072.9849000922654
0.0 1328.0 143.0 765.0 3072.9849000922654
9.0 1488.0 67.0 388.0 1469.563059239173
31.0 1530.0 45.0 274.0 1018.210604932956
12.0 1493.0 69.0 345.0 1422.9141205968224
22.0 1519.0 59.0 226.0 1177.8297522724617
4.0 1475.0 71.0 432.0 1585.1030939061936
22.0 1450.0 100.0 317.0 1798.7283016455442
0.0 1404.0 101.0 637.0 2292.3729762127878
1.0 1308.0 149.0 858.0 3245.60422476266
25.0 1523.0 59.0 204.0 1135.9911215597924
12.0 1493.0 69.0 345.0 1422.9141205968224
32.0 1532.0 53.0 194.0 1023.5812465875858
6.0 1477.0 71.0 414.0 1561.430267552913
0.0 1438.0 86.0 538.0 1947.2751205205925
0.0 1412.0 102.0 567.0 2183.4379350392587
37.0 1537.0 49.0 189.0 961.1423771292722
15.0 1435.0 105.0 380.0 1941.2313023832787
0.0 1455.0 80.0 492.0 1781.6149017208284
6.0 1477.0 71.0 414.0 1561.430267552913
28.0 1527.0 56.0 203.0 1079.1940113679498
44.0 1545.0 42.0 189.0 875.7450610067328
0.0 1350.0 130.0 747.0 2837.0657083862434
12.0 1465.0 88.0 357.0 1683.4675617395778
0.0 1380.0 115.0 672.0 2513.6686368947276
45.0 1546.0 41.0 189.0 865.84829800269
0.0 1438.0 86.0 538.0 1947.2751205205925
36.0 1535.0 43.0 246.0 968.0779930918214
29.0 1528.0 47.0 274.0 1041.14937261042
25.0 1523.0 59.0 204.0 1135.9911215597924
0.0 1415.0 95.0 604.0 2203.390511453355
57.0 1559.0 34.0 167.0 758.7169075265185
0.0 1447.0 83.0 509.0 1860.3005492155814
25.0 1523.0 59.0 204.0 1135.9911215597924
18.0 1443.0 102.0 349.0 1862.6709532256266
11.0 1464.0 88.0 365.0 1694.0091491956407
57.0 1559.0 34.0 167.0 758.7169075265185
0.0 1304.0 151.0 874.0 3291.3008906500813
0.0 1447.0 83.0 509.0 1860.3005492155814
0.0 1394.0 111.0 616.0 2412.903385643137
0.0 1455.0 80.0 492.0 1781.6149017208284
31.0 1531.0 54.0 194.0 1038.0862153143564
11.0 1431.0 104.0 414.0 1986.6243662999716
0.0 1335.0 136.0 809.0 2992.112115832832
7.0 1424.0 106.0 453.0 2056.7310254429435
7.0 1424.0 106.0 453.0 2056.7310254429435
0.0 1382.0 115.0 663.0 2497.497631342487
25.0 1523.0 59.0 204.0 1135.9911215597924
57.0 1559.0 34.0 167.0 758.7169075265185
