55.0 1559.0 34.0 170.0 758.6964967004338
9.0 1486.0 69.0 379.0 1493.3931609502933
57.0 1560.0 34.0 165.0 747.3865717899671
10.0 1488.0 69.0 368.0 1473.292105666364
7.0 1478.0 71.0 405.0 1549.7459255944154
19.0 1387.0 133.0 445.0 2444.8869111561153
55.0 1559.0 34.0 170.0 758.6964967004338
50.0 1552.0 35.0 185.0 820.094351846519
23.0 1468.0 88.0 319.0 1647.6571794701947
0.0 1372.0 111.0 773.0 2664.3547184651993
0.0 1450.0 81.0 503.0 1832.3090203425747
0.0 1338.0 131.0 842.0 2976.164085818668
13.0 1492.0 59.0 423.0 1410.367756698556
57.0 1560.0 34.0 165.0 747.3865717899671
0.0 1435.0 87.0 537.0 1963.723433690522
14.0 1458.0 93.0 345.0 1744.4223633368424
10.0 1488.0 69.0 368.0 1473.292105666364
23.0 1521.0 58.0 218.0 1157.758133862303
13.0 1507.0 61.0 303.0 1291.7409548062287
22.0 1469.0 87.0 319.0 1635.1837494558463
16.0 1463.0 90.0 331.0 1694.3344429139106
10.0 1318.0 165.0 656.0 3157.2104074078356
9.0 1441.0 100.0 406.0 1917.2061710174924
30.0 1417.0 120.0 337.0 2161.88355649175
16.0 1463.0 90.0 331.0 1694.3344429139106
9.0 1316.0 166.0 665.0 3175.859495570255
10.0 1488.0 69.0 368.0 1473.292105666364
57.0 1560.0 34.0 165.0 747.3865717899671
0.0 1372.0 111.0 773.0 2664.3547184651993
0.0 1332.0 142.0 761.0 3057.653895029778
50.0 1552.0 35.0 185.0 820.094351846519
0.0 1450.0 81.0 503.0 1832.3090203425747
54.0 1556.0 34.0 176.0 783.1726824956352
12.0 1491.0 60.0 423.0 1421.682908691764
14.0 1352.0 151.0 564.0 2786.132694590464
22.0 1519.0 51.0 292.0 1146.966395509231
0.0 1392.0 112.0 620.0 2431.726908375086
0.0 1443.0 83.0 529.0 1898.108457896723
1.0 1402.0 100.0 654.0 2320.7059028436893
0.0 1372.0 111.0 773.0 2664.3547184651993
55.0 1559.0 34.0 170.0 758.6964967004338
9.0 1486.0 69.0 379.0 1493.3931609502933
0.0 1372.0 111.0 773.0 2664.3547184651993
16.0 1463.0 90.0 331.0 1694.3344429139106
30.0 1417.0 120.0 337.0 2161.88355649175
13.0 1502.0 65.0 308.0 1339.9617308164002
0.0 1308.0 148.0 878.0 3286.641372959417
14.0 1352.0 151.0 564.0 2786.132694590464
9.0 1441.0 100.0 406.0 1917.2061710174924
10.0 1488.0 69.0 368.0 1473.292105666364
7.0 1478.0 71.0 405.0 1549.7459255944154
58.0 1559.0 34.0 166.0 755.1877115824439
25.0 1399.0 130.0 381.0 2333.313329276368
17.0 1464.0 89.0 331.0 1679.9499189766059
10.0 1318.0 165.0 656.0 3157.2104074078356
0.0 1371.0 111.0 783.0 2673.091025353206
2.0 1403.0 99.0 654.0 2306.748510120841
0.0 1371.0 111.0 783.0 2673.091025353206
13.0 1503.0 64.0 308.0 1326.4973331424458
17.0 1511.0 55.0 315.0 1240.6406583868045
44.0 1546.0 41.0 185.0 864.4116118575571
58.0 1559.0 34.0 166.0 755.1877115824439
44.0 1546.0 41.0 185.0 864.4116118575571
0.0 1298.0 153.0 906.0 3368.2117383904306
47.0 1549.0 37.0 189.0 843.945004471108
17.0 1511.0 55.0 315.0 1240.6406583868045
27.0 1528.0 57.0 194.0 1080.8167284464025
13.0 1492.0 59.0 423.0 1410.367756698556
22.0 1469.0 87.0 319.0 1635.1837494558463
57.0 1560.0 34.0 165.0 747.3865717899671
10.0 1318.0 165.0 656.0 3157.2104074078356
30.0 1417.0 120.0 337.0 2161.88355649175
30.0 1417.0 120.0 337.0 2161.88355649175
30.0 1417.0 120.0 337.0 2161.88355649175
1.0 1406.0 105.0 576.0 2269.0468166024184
12.0 1455.0 94.0 361.0 1774.6332434641374
13.0 1502.0 65.0 308.0 1339.9617308164002
17.0 1464.0 89.0 331.0 1679.9499189766059
17.0 1511.0 55.0 315.0 1240.6406583868045
0.0 1298.0 153.0 906.0 3368.2117383904306
0.0 1338.0 138.0 764.0 2954.317234988276
0.0 1332.0 142.0 761.0 3057.653895029778
0.0 1361.0 127.0 698.0 2707.0536091868858
13.0 1502.0 65.0 308.0 1339.9617308164002
0.0 1338.0 138.0 764.0 2954.317234988276
29.0 1530.0 52.0 212.0 1039.8157052976776
6.0 1438.0 100.0 433.0 1948.795979905499
13.0 1503.0 64.0 308.0 1326.4973331424458
29.0 1417.0 119.0 346.0 2155.6268345485532
23.0 1521.0 58.0 218.0 1157.758133862303
1.0 1406.0 105.0 576.0 2269.0468166024184
3.0 1465.0 73.0 466.0 1683.3029651705176
30.0 1417.0 120.0 337.0 2161.88355649175
17.0 1464.0 89.0 331.0 1679.9499189766059
9.0 1316.0 166.0 665.0 3175.859495570255
17.0 1464.0 89.0 331.0 1679.9499189766059
0.0 1457.0 80.0 483.0 1765.4438961685873
19.0 1387.0 133.0 445.0 2444.8869111561153
14.0 1352.0 151.0 564.0 2786.132694590464
19.0 1387.0 133.0 445.0 2444.8869111561153
0.0 1371.0 111.0 783.0 2673.091025353206
25.0 1400.0 129.0 381.0 2325.628490948383
9.0 1451.0 95.0 387.0 1812.4649897213587
30.0 1417.0 120.0 337.0 2161.88355649175
30.0 1417.0 120.0 337.0 2161.88355649175
16.0 1462.0 91.0 331.0 1702.0192812418961
13.0 1508.0 61.0 299.0 1280.6022704022657
2.0 1279.0 164.0 940.0 3546.1364164783035
39.0 1539.0 37.0 262.0 932.6364326181903
39.0 1539.0 37.0 262.0 932.6364326181903
13.0 1502.0 65.0 308.0 1339.9617308164002
23.0 1521.0 58.0 218.0 1157.758133862303
57.0 1560.0 34.0 165.0 747.3865717899671
9.0 1451.0 95.0 387.0 1812.4649897213587
0.0 1308.0 148.0 878.0 3286.641372959417
11.0 1347.0 152.0 597.0 2833.3429579344274
3.0 1465.0 73.0 466.0 1683.3029651705176
3.0 1465.0 73.0 466.0 1683.3029651705176
31.0 1531.0 47.0 235.0 1013.1598620061054
7.0 1478.0 71.0 405.0 1549.7459255944154
41.0 1541.0 36.0 253.0 915.3071423297811
29.0 1417.0 119.0 346.0 2155.6268345485532
11.0 1347.0 152.0 597.0 2833.3429579344274
12.0 1491.0 60.0 423.0 1421.682908691764
11.0 1347.0 152.0 597.0 2833.3429579344274
12.0 1491.0 60.0 423.0 1421.682908691764
0.0 1443.0 83.0 529.0 1898.108457896723
57.0 1560.0 34.0 165.0 747.3865717899671
41.0 1541.0 36.0 253.0 915.3071423297811
16.0 1462.0 91.0 331.0 1702.0192812418961
9.0 1441.0 100.0 406.0 1917.2061710174924
0.0 1411.0 103.0 567.0 2195.688375121094
39.0 1539.0 37.0 262.0 932.6364326181903
14.0 1351.0 152.0 564.0 2794.0438656321126
33.0 1535.0 49.0 201.0 984.4631958698211
25.0 1409.0 125.0 361.0 2241.1774136623103
13.0 1507.0 61.0 303.0 1291.7409548062287
17.0 1512.0 61.0 262.0 1236.3201568000532
17.0 1512.0 61.0 262.0 1236.3201568000532
3.0 1474.0 71.0 442.0 1596.087967547291
35.0 1536.0 47.0 203.0 961.610712713534
54.0 1557.0 34.0 174.0 776.9690015792206
0.0 1285.0 161.0 933.0 3487.675052484423
15.0 1460.0 92.0 337.0 1729.009452540545
25.0 1399.0 130.0 381.0 2333.313329276368
9.0 1441.0 100.0 406.0 1917.2061710174924
14.0 1351.0 152.0 564.0 2794.0438656321126
0.0 1443.0 83.0 529.0 1898.108457896723
0.0 1382.0 114.0 686.0 2499.8959606571566
30.0 1417.0 120.0 337.0 2161.88355649175
25.0 1399.0 130.0 381.0 2333.313329276368
7.0 1313.0 166.0 686.0 3205.564946796478
5.0 1311.0 166.0 704.0 3228.997308059417
20.0 1404.0 123.0 417.0 2282.8090437663486
0.0 1395.0 110.0 614.0 2403.9043827332807
41.0 1541.0 36.0 253.0 915.3071423297811
0.0 1360.0 128.0 698.0 2719.304049268721
39.0 1539.0 37.0 262.0 932.6364326181903
4.0 1475.0 71.0 432.0 1585.1030939061936
0.0 1318.0 149.0 779.0 3170.3278764246825
0.0 1285.0 161.0 933.0 3487.675052484423
0.0 1285.0 161.0 933.0 3487.675052484423
0.0 1426.0 92.0 553.0 2072.2993978575882
6.0 1438.0 100.0 433.0 1948.795979905499
43.0 1545.0 42.0 185.0 873.6644915806639
39.0 1539.0 37.0 262.0 932.6364326181903
10.0 1318.0 165.0 656.0 3157.2104074078356
15.0 1381.0 135.0 483.0 2510.106847876344
3.0 1473.0 71.0 446.0 1607.2266519512543
28.0 1416.0 120.0 346.0 2170.5129411016815
13.0 1503.0 64.0 308.0 1326.4973331424458
10.0 1318.0 165.0 656.0 3157.2104074078356
0.0 1422.0 90.0 596.0 2146.0563247838477
28.0 1416.0 120.0 346.0 2170.5129411016815
7.0 1478.0 71.0 405.0 1549.7459255944154
15.0 1381.0 135.0 483.0 2510.106847876344
1.0 1284.0 168.0 867.0 3506.1386387090115
26.0 1527.0 58.0 194.0 1095.2012523837075
12.0 1491.0 60.0 423.0 1421.682908691764
0.0 1362.0 125.0 710.0 2694.8898647770116
47.0 1549.0 37.0 189.0 843.945004471108
1.0 1284.0 168.0 867.0 3506.1386387090115
12.0 1491.0 60.0 423.0 1421.682908691764
54.0 1557.0 34.0 174.0 776.9690015792206
33.0 1535.0 49.0 201.0 984.4631958698211
22.0 1519.0 51.0 292.0 1146.966395509231
0.0 1458.0 80.0 479.0 1754.3052117646243
15.0 1381.0 135.0 483.0 2510.106847876344
0.0 1458.0 80.0 479.0 1754.3052117646243
3.0 1474.0 71.0 442.0 1596.087967547291
3.0 1474.0 71.0 442.0 1596.087967547291
0.0 1421.0 90.0 606.0 2156.9622801555292
0.0 1426.0 92.0 553.0 2072.2993978575882
19.0 1515.0 61.0 244.0 1209.1361157507974
22.0 1519.0 51.0 292.0 1146.966395509231
13.0 1506.0 62.0 303.0 1299.4257931342142
43.0 1545.0 42.0 185.0 873.6644915806639
17.0 1384.0 134.0 463.0 2475.2873634095968
1.0 1284.0 168.0 867.0 3506.1386387090115
35.0 1536.0 47.0 203.0 961.610712713534
0.0 1433.0 88.0 543.0 1990.7030374906017
0.0 1362.0 125.0 710.0 2694.8898647770116
17.0 1384.0 134.0 463.0 2475.2873634095968
43.0 1545.0 42.0 185.0 873.6644915806639
0.0 1318.0 149.0 779.0 3170.3278764246825
0.0 1318.0 149.0 779.0 3170.3278764246825
0.0 1318.0 149.0 779.0 3170.3278764246825
50.0 1552.0 35.0 185.0 820.094351846519
15.0 1381.0 135.0 483.0 2510.106847876344
0.0 1426.0 92.0 553.0 2072.2993978575882
8.0 1485.0 69.0 388.0 1505.1045300872715
50.0 1552.0 35.0 185.0 820.094351846519
47.0 1549.0 37.0 189.0 843.945004471108
0.0 1457.0 80.0 483.0 1765.4438961685873
2.0 1279.0 164.0 940.0 3546.1364164783035
2.0 1279.0 164.0 940.0 3546.1364164783035
25.0 1525.0 58.0 200.0 1124.1059632680158
14.0 1458.0 93.0 345.0 1744.4223633368424
7.0 1484.0 69.0 397.0 1516.825522213232
3.0 1473.0 71.0 446.0 1607.2266519512543
55.0 1559.0 34.0 170.0 758.6964967004338
50.0 1552.0 35.0 185.0 820.094351846519
19.0 1387.0 133.0 445.0 2444.8869111561153
3.0 1473.0 71.0 446.0 1607.2266519512543
38.0 1540.0 45.0 194.0 926.6182876173416
44.0 1546.0 41.0 185.0 864.4116118575571
30.0 1530.0 48.0 235.0 1026.3095706496931
0.0 1382.0 114.0 686.0 2499.8959606571566
15.0 1509.0 62.0 280.0 1263.4657987849334
4.0 1475.0 71.0 432.0 1585.1030939061936
0.0 1435.0 87.0 537.0 1963.723433690522
0.0 1362.0 126.0 698.0 2701.6821451557767
3.0 1465.0 73.0 466.0 1683.3029651705176
0.0 1414.0 101.0 561.0 2163.3002477254395
22.0 1519.0 51.0 292.0 1146.966395509231
54.0 1557.0 34.0 174.0 776.9690015792206
3.0 1465.0 73.0 466.0 1683.3029651705176
26.0 1527.0 58.0 194.0 1095.2012523837075
46.0 1548.0 38.0 189.0 852.8504624261798
26.0 1527.0 58.0 194.0 1095.2012523837075
26.0 1527.0 58.0 194.0 1095.2012523837075
12.0 1455.0 94.0 361.0 1774.6332434641374
12.0 1455.0 94.0 361.0 1774.6332434641374
0.0 1437.0 87.0 528.0 1938.588339107258
0.0 1297.0 169.0 791.0 3385.2993872898646
39.0 1541.0 44.0 194.0 916.0564718322494
21.0 1518.0 52.0 292.0 1160.1161041528185
23.0 1521.0 58.0 218.0 1157.758133862303
17.0 1512.0 61.0 262.0 1236.3201568000532
15.0 1509.0 62.0 280.0 1263.4657987849334
0.0 1435.0 87.0 537.0 1963.723433690522
0.0 1411.0 103.0 567.0 2195.688375121094
19.0 1514.0 60.0 252.0 1212.435184160504
19.0 1514.0 60.0 252.0 1212.435184160504
0.0 1338.0 131.0 842.0 2976.164085818668
27.0 1528.0 57.0 194.0 1080.8167284464025
15.0 1509.0 62.0 280.0 1263.4657987849334
0.0 1362.0 126.0 698.0 2701.6821451557767
0.0 1437.0 87.0 528.0 1938.588339107258
0.0 1435.0 87.0 537.0 1963.723433690522
19.0 1515.0 61.0 244.0 1209.1361157507974
25.0 1525.0 58.0 200.0 1124.1059632680158
32.0 1533.0 47.0 229.0 984.2551511217973
0.0 1395.0 110.0 614.0 2403.9043827332807
23.0 1521.0 58.0 218.0 1157.758133862303
31.0 1531.0 47.0 235.0 1013.1598620061054
31.0 1531.0 47.0 235.0 1013.1598620061054
0.0 1450.0 81.0 503.0 1832.3090203425747
0.0 1450.0 81.0 503.0 1832.3090203425747
0.0 1450.0 81.0 503.0 1832.3090203425747
0.0 1338.0 131.0 842.0 2976.164085818668
29.0 1530.0 52.0 212.0 1039.8157052976776
0.0 1338.0 131.0 842.0 2976.164085818668
25.0 1399.0 130.0 381.0 2333.313329276368
0.0 1421.0 90.0 606.0 2156.9622801555292
19.0 1515.0 61.0 244.0 1209.1361157507974
3.0 1465.0 73.0 466.0 1683.3029651705176
0.0 1362.0 126.0 698.0 2701.6821451557767
0.0 1415.0 100.0 561.0 2155.6154093974537
0.0 1415.0 100.0 561.0 2155.6154093974537
25.0 1409.0 125.0 361.0 2241.1774136623103
0.0 1395.0 110.0 614.0 2403.9043827332807
0.0 1414.0 101.0 561.0 2163.3002477254395
25.0 1409.0 125.0 361.0 2241.1774136623103
0.0 1450.0 81.0 503.0 1832.3090203425747
6.0 1477.0 71.0 414.0 1561.4398905418952
27.0 1528.0 57.0 194.0 1080.8167284464025
38.0 1540.0 45.0 194.0 926.6182876173416
0.0 1422.0 90.0 596.0 2146.0563247838477
25.0 1409.0 125.0 361.0 2241.1774136623103
14.0 1351.0 152.0 564.0 2794.0438656321126
30.0 1530.0 48.0 235.0 1026.3095706496931
36.0 1537.0 46.0 203.0 949.4444109915265
0.0 1380.0 114.0 704.0 2512.1613615669958
36.0 1537.0 46.0 203.0 949.4444109915265
1.0 1402.0 100.0 654.0 2320.7059028436893
1.0 1402.0 100.0 654.0 2320.7059028436893
22.0 1519.0 51.0 292.0 1146.966395509231
17.0 1511.0 55.0 315.0 1240.6406583868045
0.0 1392.0 112.0 620.0 2431.726908375086
