8.0 1346.0 152.0 616.0 2878.7423903149997
10.0 1482.0 63.0 442.0 1490.1471838320188
28.0 1505.0 45.0 423.0 1253.3078556697194
38.0 1540.0 53.0 175.0 951.0925854012771
10.0 1432.0 102.0 422.0 1991.1875565887317
2.0 1327.0 133.0 881.0 3090.6667399741586
10.0 1482.0 63.0 442.0 1490.1471838320188
43.0 1548.0 47.0 174.0 887.2395688790574
43.0 1548.0 47.0 174.0 887.2395688790574
28.0 1464.0 90.0 289.0 1688.6695790869544
38.0 1540.0 53.0 175.0 951.0925854012771
65.0 1568.0 32.0 155.0 679.5103116292664
1.0 1438.0 84.0 539.0 1955.212062198023
12.0 1488.0 71.0 348.0 1460.772098461994
31.0 1387.0 143.0 387.0 2464.9685420234464
38.0 1540.0 53.0 175.0 951.0925854012771
37.0 1539.0 54.0 175.0 964.9353442416799
32.0 1468.0 90.0 278.0 1654.236668360383
17.0 1453.0 93.0 347.0 1786.4356329296133
33.0 1523.0 50.0 292.0 1093.4754407863504
64.0 1567.0 32.0 156.0 685.5484492023106
40.0 1544.0 50.0 175.0 921.9210818260228
52.0 1556.0 34.0 211.0 790.6879536627331
64.0 1567.0 32.0 156.0 685.5484492023106
31.0 1387.0 143.0 387.0 2464.9685420234464
13.0 1318.0 166.0 654.0 3168.343983085392
52.0 1556.0 34.0 211.0 790.6879536627331
24.0 1391.0 132.0 433.0 2437.9470064186553
39.0 1518.0 38.0 385.0 1126.4796861639365
52.0 1556.0 34.0 211.0 790.6879536627331
31.0 1387.0 143.0 387.0 2464.9685420234464
9.0 1431.0 102.0 430.0 1998.6434687425942
43.0 1548.0 47.0 174.0 887.2395688790574
26.0 1503.0 47.0 423.0 1274.9490185783043
24.0 1504.0 60.0 321.0 1270.6380771871163
49.0 1553.0 36.0 220.0 822.2782842109798
38.0 1540.0 53.0 175.0 951.0925854012771
0.0 1357.0 121.0 785.0 2759.270853547941
45.0 1550.0 44.0 183.0 859.5699099165968
0.0 1394.0 110.0 620.0 2418.6706060159913
33.0 1523.0 50.0 292.0 1093.4754407863504
45.0 1550.0 41.0 207.0 860.2633167746147
30.0 1507.0 43.0 423.0 1236.8452767193069
17.0 1453.0 93.0 347.0 1786.4356329296133
17.0 1453.0 93.0 347.0 1786.4356329296133
31.0 1387.0 143.0 387.0 2464.9685420234464
0.0 1428.0 87.0 595.0 2038.3063290874334
13.0 1447.0 95.0 377.0 1840.0646092899935
0.0 1376.0 117.0 690.0 2563.5635552447607
39.0 1518.0 38.0 385.0 1126.4796861639365
39.0 1518.0 38.0 385.0 1126.4796861639365
33.0 1522.0 64.0 187.0 1135.8875567563196
11.0 1486.0 72.0 356.0 1476.0864516745482
32.0 1532.0 56.0 204.0 1043.3060042007758
21.0 1371.0 147.0 467.0 2613.306559337303
0.0 1357.0 121.0 785.0 2759.270853547941
39.0 1518.0 38.0 385.0 1126.4796861639365
64.0 1567.0 32.0 156.0 685.5484492023106
31.0 1387.0 143.0 387.0 2464.9685420234464
0.0 1456.0 80.0 488.0 1770.476217316865
27.0 1513.0 65.0 238.0 1220.785389048215
65.0 1568.0 32.0 155.0 679.5103116292664
32.0 1521.0 65.0 187.0 1149.9208664787116
24.0 1391.0 132.0 433.0 2437.9470064186553
26.0 1463.0 91.0 289.0 1697.3529036347807
51.0 1555.0 34.0 220.0 802.4089457886936
0.0 1455.0 80.0 492.0 1781.6149017208284
0.0 1373.0 115.0 717.0 2598.1302837461076
34.0 1536.0 56.0 183.0 1000.0452503751878
2.0 1327.0 133.0 881.0 3090.6667399741586
58.0 1562.0 36.0 158.0 739.1834429219924
32.0 1521.0 65.0 187.0 1149.9208664787116
33.0 1523.0 50.0 292.0 1093.4754407863504
11.0 1350.0 152.0 586.0 2830.0378403035606
39.0 1518.0 38.0 385.0 1126.4796861639365
21.0 1371.0 147.0 467.0 2613.306559337303
26.0 1463.0 91.0 289.0 1697.3529036347807
0.0 1455.0 80.0 492.0 1781.6149017208284
4.0 1475.0 71.0 432.0 1585.1030939061936
0.0 1419.0 99.0 539.0 2116.6045632441915
1.0 1297.0 170.0 790.0 3376.7227522274593
34.0 1536.0 56.0 183.0 1000.0452503751878
0.0 1458.0 80.0 479.0 1754.3052117646243
15.0 1451.0 93.0 361.0 1804.9824058224642
13.0 1318.0 166.0 654.0 3168.343983085392
1.0 1362.0 125.0 705.0 2694.0767149536537
30.0 1467.0 90.0 284.0 1661.5938810294635
20.0 1499.0 69.0 289.0 1347.0152973484537
24.0 1391.0 132.0 433.0 2437.9470064186553
0.0 1357.0 121.0 785.0 2759.270853547941
13.0 1318.0 166.0 654.0 3168.343983085392
26.0 1463.0 91.0 289.0 1697.3529036347807
24.0 1391.0 132.0 433.0 2437.9470064186553
51.0 1555.0 34.0 220.0 802.4089457886936
40.0 1544.0 50.0 175.0 921.9210818260228
39.0 1518.0 38.0 385.0 1126.4796861639365
3.0 1466.0 75.0 456.0 1665.0007450399255
39.0 1518.0 38.0 385.0 1126.4796861639365
64.0 1567.0 32.0 156.0 685.5484492023106
18.0 1497.0 69.0 304.0 1365.552592406725
0.0 1371.0 115.0 733.0 2621.6328139168245
0.0 1278.0 168.0 931.0 3570.818449598591
39.0 1518.0 38.0 385.0 1126.4796861639365
9.0 1347.0 152.0 607.0 2867.0310211780215
64.0 1567.0 32.0 156.0 685.5484492023106
39.0 1518.0 38.0 385.0 1126.4796861639365
31.0 1387.0 143.0 387.0 2464.9685420234464
0.0 1278.0 168.0 931.0 3570.818449598591
26.0 1463.0 91.0 289.0 1697.3529036347807
30.0 1507.0 43.0 423.0 1236.8452767193069
64.0 1567.0 32.0 156.0 685.5484492023106
0.0 1376.0 117.0 690.0 2563.5635552447607
26.0 1463.0 91.0 289.0 1697.3529036347807
26.0 1463.0 91.0 289.0 1697.3529036347807
0.0 1300.0 160.0 825.0 3350.1984306091063
57.0 1561.0 37.0 158.0 754.0695494751204
26.0 1463.0 91.0 289.0 1697.3529036347807
35.0 1514.0 40.0 404.0 1163.012640204036
15.0 1494.0 69.0 329.0 1389.9487400972341
1.0 1297.0 170.0 790.0 3376.7227522274593
50.0 1554.0 35.0 220.0 810.7378142727866
26.0 1463.0 91.0 289.0 1697.3529036347807
46.0 1551.0 43.0 183.0 849.5970533935847
15.0 1494.0 69.0 329.0 1389.9487400972341
12.0 1316.0 167.0 663.0 3189.144204950644
23.0 1500.0 53.0 396.0 1293.5835130021935
0.0 1278.0 168.0 931.0 3570.818449598591
24.0 1504.0 60.0 321.0 1270.6380771871163
12.0 1316.0 167.0 663.0 3189.144204950644
0.0 1278.0 168.0 931.0 3570.818449598591
62.0 1566.0 33.0 156.0 699.0128468762649
0.0 1392.0 112.0 620.0 2431.726908375086
0.0 1300.0 160.0 825.0 3350.1984306091063
28.0 1517.0 65.0 222.0 1183.512124882532
0.0 1290.0 164.0 864.0 3419.138992967056
0.0 1436.0 85.0 543.0 1975.1255863365006
27.0 1513.0 65.0 238.0 1220.785389048215
0.0 1300.0 160.0 825.0 3350.1984306091063
31.0 1387.0 143.0 387.0 2464.9685420234464
0.0 1300.0 160.0 825.0 3350.1984306091063
21.0 1498.0 53.0 414.0 1317.246716366492
8.0 1479.0 71.0 395.0 1544.9405217054923
0.0 1436.0 85.0 543.0 1975.1255863365006
32.0 1521.0 65.0 187.0 1149.9208664787116
9.0 1431.0 102.0 430.0 1998.6434687425942
26.0 1512.0 65.0 247.0 1228.5289347771793
5.0 1427.0 101.0 469.0 2041.5984926990823
3.0 1471.0 71.0 455.0 1623.397657503495
9.0 1431.0 102.0 430.0 1998.6434687425942
8.0 1478.0 65.0 451.0 1535.2175345199303
0.0 1290.0 164.0 864.0 3419.138992967056
9.0 1431.0 102.0 430.0 1998.6434687425942
14.0 1449.0 94.0 369.0 1820.3953166187614
23.0 1390.0 132.0 441.0 2445.4029185725176
8.0 1479.0 71.0 395.0 1544.9405217054923
26.0 1512.0 65.0 247.0 1228.5289347771793
0.0 1402.0 101.0 655.0 2323.8791820225842
36.0 1515.0 40.0 394.0 1152.0277665629383
11.0 1445.0 95.0 393.0 1861.9199872506297
3.0 1466.0 75.0 456.0 1665.0007450399255
0.0 1358.0 121.0 775.0 2748.36489817626
0.0 1407.0 107.0 575.0 2223.92128306643
0.0 1373.0 115.0 717.0 2598.1302837461076
0.0 1436.0 85.0 543.0 1975.1255863365006
58.0 1562.0 36.0 158.0 739.1834429219924
32.0 1522.0 50.0 300.0 1106.5567886990343
0.0 1436.0 85.0 543.0 1975.1255863365006
16.0 1493.0 56.0 433.0 1375.6601562231526
58.0 1562.0 36.0 158.0 739.1834429219924
24.0 1391.0 132.0 433.0 2437.9470064186553
62.0 1566.0 33.0 156.0 699.0128468762649
58.0 1562.0 36.0 158.0 739.1834429219924
0.0 1337.0 139.0 764.0 2966.530615505646
0.0 1423.0 100.0 516.0 2076.2152025605196
17.0 1453.0 93.0 347.0 1786.4356329296133
3.0 1471.0 71.0 455.0 1623.397657503495
62.0 1566.0 33.0 156.0 699.0128468762649
58.0 1562.0 36.0 158.0 739.1834429219924
13.0 1318.0 166.0 654.0 3168.343983085392
13.0 1318.0 166.0 654.0 3168.343983085392
0.0 1428.0 87.0 595.0 2038.3063290874334
0.0 1428.0 87.0 595.0 2038.3063290874334
0.0 1405.0 109.0 575.0 2248.3851036656356
0.0 1405.0 109.0 575.0 2248.3851036656356
6.0 1477.0 71.0 413.0 1566.6651524395375
0.0 1405.0 109.0 575.0 2248.3851036656356
64.0 1567.0 32.0 156.0 685.5484492023106
1.0 1362.0 125.0 705.0 2694.0767149536537
32.0 1521.0 65.0 187.0 1149.9208664787116
64.0 1567.0 32.0 156.0 685.5484492023106
6.0 1477.0 71.0 413.0 1566.6651524395375
0.0 1456.0 80.0 488.0 1770.476217316865
0.0 1455.0 80.0 492.0 1781.6149017208284
64.0 1567.0 32.0 156.0 685.5484492023106
11.0 1445.0 95.0 393.0 1861.9199872506297
32.0 1521.0 65.0 187.0 1149.9208664787116
10.0 1482.0 63.0 442.0 1490.1471838320188
0.0 1423.0 100.0 516.0 2076.2152025605196
14.0 1491.0 58.0 433.0 1402.2118662027028
20.0 1499.0 69.0 289.0 1347.0152973484537
0.0 1458.0 80.0 479.0 1754.3052117646243
0.0 1458.0 80.0 479.0 1754.3052117646243
24.0 1391.0 132.0 433.0 2437.9470064186553
29.0 1385.0 144.0 397.0 2477.3825903595766
35.0 1537.0 56.0 175.0 992.5893382213254
31.0 1387.0 143.0 387.0 2464.9685420234464
0.0 1428.0 87.0 595.0 2038.3063290874334
3.0 1471.0 71.0 455.0 1623.397657503495
0.0 1332.0 146.0 747.0 3007.4771689677086
0.0 1357.0 121.0 785.0 2759.270853547941
0.0 1361.0 125.0 714.0 2706.028549180974
0.0 1414.0 103.0 545.0 2168.890909485201
18.0 1366.0 149.0 494.0 2665.0941623926797
36.0 1538.0 55.0 175.0 977.7032316681974
0.0 1402.0 101.0 655.0 2323.8791820225842
0.0 1402.0 101.0 655.0 2323.8791820225842
28.0 1505.0 45.0 423.0 1253.3078556697194
3.0 1471.0 71.0 455.0 1623.397657503495
2.0 1327.0 133.0 881.0 3090.6667399741586
2.0 1327.0 133.0 881.0 3090.6667399741586
28.0 1505.0 45.0 423.0 1253.3078556697194
13.0 1489.0 71.0 339.0 1450.7414326754288
13.0 1489.0 71.0 339.0 1450.7414326754288
45.0 1550.0 44.0 183.0 859.5699099165968
11.0 1486.0 72.0 356.0 1476.0864516745482
20.0 1499.0 69.0 289.0 1347.0152973484537
19.0 1498.0 69.0 296.0 1357.8245199384132
0.0 1376.0 117.0 690.0 2563.5635552447607
2.0 1327.0 133.0 881.0 3090.6667399741586
0.0 1337.0 139.0 764.0 2966.530615505646
0.0 1337.0 139.0 764.0 2966.530615505646
32.0 1531.0 57.0 204.0 1048.99211444738
0.0 1449.0 82.0 508.0 1860.4196630226484
0.0 1449.0 82.0 508.0 1860.4196630226484
14.0 1449.0 94.0 369.0 1820.3953166187614
0.0 1314.0 141.0 901.0 3217.8269937450477
0.0 1424.0 99.0 516.0 2068.5303642325343
36.0 1538.0 55.0 175.0 977.7032316681974
0.0 1314.0 141.0 901.0 3217.8269937450477
23.0 1500.0 52.0 405.0 1295.2401302152603
0.0 1419.0 99.0 539.0 2116.6045632441915
52.0 1556.0 34.0 211.0 790.6879536627331
0.0 1429.0 87.0 585.0 2027.400373715752
14.0 1491.0 58.0 433.0 1402.2118662027028
3.0 1474.0 71.0 442.0 1596.087967547291
0.0 1373.0 115.0 717.0 2598.1302837461076
5.0 1427.0 101.0 469.0 2041.5984926990823
20.0 1499.0 69.0 289.0 1347.0152973484537
16.0 1493.0 56.0 433.0 1375.6601562231526
17.0 1496.0 69.0 312.0 1373.0085045605874
32.0 1521.0 65.0 187.0 1149.9208664787116
11.0 1486.0 72.0 356.0 1476.0864516745482
16.0 1493.0 56.0 433.0 1375.6601562231526
8.0 1479.0 71.0 395.0 1544.9405217054923
9.0 1481.0 64.0 442.0 1504.4171342651878
35.0 1514.0 40.0 404.0 1163.012640204036
20.0 1499.0 69.0 289.0 1347.0152973484537
0.0 1314.0 141.0 901.0 3217.8269937450477
0.0 1392.0 112.0 620.0 2431.726908375086
29.0 1518.0 65.0 213.0 1171.7911327565714
29.0 1518.0 65.0 213.0 1171.7911327565714
18.0 1366.0 149.0 494.0 2665.0941623926797
18.0 1366.0 149.0 494.0 2665.0941623926797
48.0 1553.0 40.0 189.0 826.9096260561811
43.0 1548.0 47.0 174.0 887.2395688790574
11.0 1350.0 152.0 586.0 2830.0378403035606
30.0 1507.0 43.0 423.0 1236.8452767193069
51.0 1555.0 34.0 220.0 802.4089457886936
12.0 1446.0 95.0 385.0 1850.6061967460564
50.0 1554.0 35.0 220.0 810.7378142727866
8.0 1478.0 65.0 451.0 1535.2175345199303
3.0 1466.0 75.0 456.0 1665.0007450399255
23.0 1390.0 132.0 441.0 2445.4029185725176
0.0 1284.0 162.0 937.0 3491.9961304046683
24.0 1504.0 60.0 321.0 1270.6380771871163
35.0 1537.0 56.0 175.0 992.5893382213254
35.0 1537.0 56.0 175.0 992.5893382213254
0.0 1373.0 115.0 717.0 2598.1302837461076
21.0 1498.0 53.0 414.0 1317.246716366492
0.0 1394.0 110.0 620.0 2418.6706060159913
60.0 1564.0 34.0 160.0 717.6322997935828
40.0 1545.0 50.0 174.0 916.5484085640172
32.0 1532.0 56.0 204.0 1043.3060042007758
0.0 1392.0 112.0 620.0 2431.726908375086
48.0 1553.0 40.0 189.0 826.9096260561811
32.0 1532.0 56.0 204.0 1043.3060042007758
0.0 1414.0 103.0 545.0 2168.890909485201
0.0 1414.0 103.0 545.0 2168.890909485201
0.0 1437.0 85.0 539.0 1963.9869019325376
0.0 1437.0 85.0 539.0 1963.9869019325376
25.0 1510.0 65.0 259.0 1243.9331014770435
27.0 1382.0 145.0 409.0 2515.5804962241655
32.0 1532.0 56.0 204.0 1043.3060042007758
11.0 1487.0 71.0 356.0 1469.1518877217204
17.0 1496.0 69.0 312.0 1373.0085045605874
30.0 1507.0 43.0 423.0 1236.8452767193069
26.0 1463.0 91.0 289.0 1697.3529036347807
2.0 1363.0 126.0 693.0 2677.755058692658
11.0 1350.0 152.0 586.0 2830.0378403035606
25.0 1510.0 65.0 259.0 1243.9331014770435
