23.0 1371.0 135.0 500.0 2648.6828089233377
22.0 1530.0 60.0 180.0 1030.3716118184327
55.0 1566.0 31.0 155.0 687.4915582037974
3.0 1456.0 72.0 520.0 1786.010305858799
32.0 1542.0 52.0 166.0 917.4386429510673
14.0 1456.0 90.0 353.0 1733.1069102225279
0.0 1458.0 80.0 479.0 1754.3052117646243
31.0 1498.0 44.0 457.0 1340.6349159122394
12.0 1517.0 61.0 256.0 1155.954360856914
45.0 1552.0 34.0 201.0 797.6384737674447
22.0 1530.0 60.0 180.0 1030.3716118184327
17.0 1522.0 54.0 274.0 1089.7920011697556
29.0 1372.0 140.0 467.0 2616.4076929833545
0.0 1290.0 164.0 855.0 3440.5096484017204
13.0 1518.0 61.0 247.0 1148.085493266685
0.0 1392.0 112.0 620.0 2431.726908375086
26.0 1533.0 54.0 194.0 980.8538506158475
0.0 1290.0 164.0 855.0 3440.5096484017204
21.0 1462.0 90.0 312.0 1675.1273726327988
0.0 1290.0 164.0 855.0 3440.5096484017204
19.0 1463.0 89.0 312.0 1667.7529069551138
32.0 1542.0 52.0 166.0 917.4386429510673
7.0 1495.0 68.0 334.0 1402.847327929012
42.0 1549.0 39.0 188.0 806.3559789403936
12.0 1517.0 61.0 256.0 1155.954360856914
3.0 1418.0 104.0 512.0 2131.6501879855314
0.0 1322.0 138.0 896.0 3168.609224397868
19.0 1463.0 89.0 312.0 1667.7529069551138
48.0 1559.0 36.0 163.0 741.1208094218753
3.0 1418.0 104.0 512.0 2131.6501879855314
29.0 1536.0 44.0 251.0 932.9818126948156
0.0 1291.0 163.0 864.0 3411.45415463907
7.0 1489.0 72.0 347.0 1464.2224936211023
13.0 1518.0 61.0 247.0 1148.085493266685
16.0 1521.0 55.0 274.0 1101.8587800498135
39.0 1546.0 38.0 215.0 842.2565144944815
22.0 1530.0 60.0 180.0 1030.3716118184327
18.0 1458.0 93.0 317.0 1721.631514620463
0.0 1424.0 93.0 560.0 2063.3047424093793
22.0 1463.0 92.0 293.0 1678.351368019838
23.0 1371.0 135.0 500.0 2648.6828089233377
5.0 1478.0 71.0 414.0 1572.4140073046708
26.0 1533.0 54.0 194.0 980.8538506158475
7.0 1495.0 69.0 329.0 1397.8657022967714
9.0 1507.0 64.0 303.0 1252.0594276953832
59.0 1570.0 29.0 153.0 660.9341437029941
23.0 1460.0 92.0 301.0 1706.5330001898242
13.0 1455.0 90.0 361.0 1740.8349826908395
9.0 1509.0 63.0 297.0 1236.866289751817
57.0 1568.0 30.0 155.0 684.8771329559245
13.0 1518.0 61.0 247.0 1148.085493266685
1.0 1470.0 74.0 451.0 1636.2308184350788
1.0 1470.0 74.0 451.0 1636.2308184350788
1.0 1470.0 74.0 451.0 1636.2308184350788
4.0 1444.0 92.0 442.0 1858.8726032851866
5.0 1478.0 71.0 414.0 1572.4140073046708
29.0 1372.0 140.0 467.0 2616.4076929833545
31.0 1496.0 47.0 449.0 1347.5872429620176
0.0 1330.0 141.0 776.0 3081.9963711143105
33.0 1540.0 41.0 242.0 895.0938807544345
12.0 1451.0 93.0 369.0 1787.1109471103541
23.0 1531.0 59.0 180.0 1016.2951504186318
1.0 1469.0 74.0 455.0 1647.3695028390418
0.0 1404.0 109.0 579.0 2259.5237880695986
1.0 1454.0 74.0 520.0 1807.463862890636
14.0 1456.0 90.0 353.0 1733.1069102225279
19.0 1359.0 142.0 531.0 2769.370845473412
0.0 1373.0 116.0 712.0 2596.5985944921576
0.0 1394.0 111.0 616.0 2412.903385643137
45.0 1552.0 34.0 201.0 797.6384737674447
24.0 1531.0 48.0 260.0 989.9778161411982
0.0 1355.0 124.0 779.0 2767.7177123129372
4.0 1444.0 92.0 442.0 1858.8726032851866
3.0 1418.0 104.0 512.0 2131.6501879855314
7.0 1495.0 69.0 329.0 1397.8657022967714
0.0 1335.0 135.0 819.0 2995.47695868973
41.0 1548.0 36.0 215.0 829.9180579109888
4.0 1444.0 92.0 442.0 1858.8726032851866
0.0 1359.0 126.0 723.0 2720.351314236887
29.0 1372.0 140.0 467.0 2616.4076929833545
7.0 1495.0 68.0 334.0 1402.847327929012
17.0 1522.0 54.0 274.0 1089.7920011697556
1.0 1470.0 74.0 451.0 1636.2308184350788
0.0 1335.0 135.0 819.0 2995.47695868973
0.0 1424.0 93.0 560.0 2063.3047424093793
1.0 1470.0 74.0 451.0 1636.2308184350788
7.0 1495.0 68.0 334.0 1402.847327929012
1.0 1470.0 74.0 451.0 1636.2308184350788
0.0 1404.0 109.0 579.0 2259.5237880695986
23.0 1371.0 135.0 500.0 2648.6828089233377
24.0 1531.0 48.0 260.0 989.9778161411982
21.0 1462.0 92.0 295.0 1683.8310387997133
0.0 1355.0 124.0 779.0 2767.7177123129372
12.0 1451.0 93.0 369.0 1787.1109471103541
48.0 1559.0 36.0 163.0 741.1208094218753
54.0 1565.0 31.0 159.0 696.3157319900985
2.0 1304.0 169.0 754.0 3289.9434329436185
0.0 1322.0 138.0 896.0 3168.609224397868
9.0 1342.0 146.0 637.0 2931.7322464145022
42.0 1549.0 39.0 188.0 806.3559789403936
9.0 1514.0 61.0 284.0 1190.3715957609502
0.0 1393.0 111.0 620.0 2424.0420700471004
0.0 1390.0 114.0 620.0 2456.1907289742903
2.0 1304.0 169.0 754.0 3289.9434329436185
5.0 1420.0 104.0 494.0 2109.898530073006
5.0 1478.0 71.0 414.0 1572.4140073046708
7.0 1494.0 70.0 329.0 1404.8002662495992
9.0 1512.0 62.0 288.0 1208.0273983148384
23.0 1371.0 135.0 500.0 2648.6828089233377
45.0 1556.0 40.0 159.0 766.0186734403754
0.0 1442.0 80.0 548.0 1925.5382562201814
0.0 1372.0 116.0 716.0 2607.737278896121
0.0 1415.0 101.0 554.0 2156.2244111333166
14.0 1348.0 148.0 574.0 2880.5772003033253
23.0 1371.0 135.0 500.0 2648.6828089233377
42.0 1549.0 39.0 188.0 806.3559789403936
23.0 1371.0 135.0 500.0 2648.6828089233377
19.0 1463.0 89.0 312.0 1667.7529069551138
35.0 1549.0 47.0 165.0 866.0281561246219
3.0 1474.0 74.0 424.0 1607.3219733058338
18.0 1353.0 147.0 539.0 2833.5580235245516
3.0 1474.0 74.0 424.0 1607.3219733058338
23.0 1531.0 59.0 180.0 1016.2951504186318
0.0 1458.0 80.0 479.0 1754.3052117646243
29.0 1372.0 140.0 467.0 2616.4076929833545
7.0 1494.0 70.0 329.0 1404.8002662495992
29.0 1536.0 44.0 251.0 932.9818126948156
0.0 1458.0 80.0 479.0 1754.3052117646243
0.0 1373.0 116.0 712.0 2596.5985944921576
3.0 1474.0 74.0 424.0 1607.3219733058338
52.0 1562.0 32.0 163.0 721.8305559595782
10.0 1439.0 98.0 407.0 1905.00452124235
35.0 1549.0 47.0 165.0 866.0281561246219
10.0 1439.0 98.0 407.0 1905.00452124235
4.0 1444.0 92.0 442.0 1858.8726032851866
7.0 1495.0 69.0 329.0 1397.8657022967714
0.0 1442.0 80.0 548.0 1925.5382562201814
0.0 1309.0 152.0 816.0 3267.160337741926
0.0 1373.0 116.0 712.0 2596.5985944921576
0.0 1442.0 80.0 548.0 1925.5382562201814
18.0 1524.0 60.0 209.0 1090.6888277837375
11.0 1516.0 61.0 265.0 1167.6753529828745
0.0 1312.0 150.0 810.0 3239.3378121001215
28.0 1535.0 51.0 202.0 952.6613878909355
5.0 1335.0 149.0 674.0 3012.4827683744475
33.0 1540.0 41.0 242.0 895.0938807544345
18.0 1524.0 60.0 209.0 1090.6888277837375
26.0 1533.0 54.0 194.0 980.8538506158475
18.0 1458.0 93.0 317.0 1721.631514620463
28.0 1535.0 51.0 202.0 952.6613878909355
23.0 1531.0 59.0 180.0 1016.2951504186318
7.0 1493.0 69.0 338.0 1420.5031304829004
1.0 1454.0 74.0 520.0 1807.463862890636
11.0 1516.0 61.0 265.0 1167.6753529828745
18.0 1524.0 60.0 209.0 1090.6888277837375
33.0 1540.0 41.0 242.0 895.0938807544345
1.0 1454.0 74.0 520.0 1807.463862890636
37.0 1552.0 45.0 163.0 832.3128898405325
39.0 1546.0 38.0 215.0 842.2565144944815
1.0 1454.0 74.0 520.0 1807.463862890636
1.0 1454.0 74.0 520.0 1807.463862890636
1.0 1454.0 74.0 520.0 1807.463862890636
0.0 1402.0 101.0 655.0 2323.8791820225842
21.0 1528.0 60.0 187.0 1050.5488886274115
17.0 1523.0 60.0 217.0 1098.1447399376
0.0 1435.0 83.0 579.0 1990.7887190237473
28.0 1498.0 45.0 449.0 1332.797803361532
28.0 1535.0 45.0 251.0 943.5436284799079
45.0 1556.0 40.0 159.0 766.0186734403754
0.0 1291.0 156.0 933.0 3474.2052011904907
0.0 1279.0 167.0 930.0 3562.2984009271186
0.0 1322.0 138.0 896.0 3168.609224397868
5.0 1478.0 71.0 414.0 1572.4140073046708
0.0 1370.0 117.0 722.0 2627.8749662099403
45.0 1556.0 40.0 159.0 766.0186734403754
0.0 1279.0 167.0 930.0 3562.2984009271186
0.0 1291.0 156.0 933.0 3474.2052011904907
17.0 1523.0 60.0 217.0 1098.1447399376
17.0 1523.0 60.0 217.0 1098.1447399376
0.0 1372.0 116.0 716.0 2607.737278896121
19.0 1358.0 143.0 531.0 2779.791232886135
0.0 1312.0 150.0 810.0 3239.3378121001215
5.0 1478.0 71.0 414.0 1572.4140073046708
5.0 1478.0 71.0 414.0 1572.4140073046708
21.0 1528.0 60.0 187.0 1050.5488886274115
0.0 1402.0 101.0 655.0 2323.8791820225842
11.0 1440.0 98.0 398.0 1893.2835291163894
51.0 1561.0 33.0 163.0 730.1968006858194
11.0 1440.0 98.0 398.0 1893.2835291163894
14.0 1348.0 148.0 574.0 2880.5772003033253
11.0 1440.0 98.0 398.0 1893.2835291163894
32.0 1542.0 52.0 166.0 917.4386429510673
39.0 1546.0 38.0 215.0 842.2565144944815
35.0 1542.0 40.0 233.0 878.3195552091337
0.0 1359.0 126.0 723.0 2720.351314236887
13.0 1455.0 90.0 361.0 1740.8349826908395
14.0 1348.0 148.0 574.0 2880.5772003033253
39.0 1546.0 38.0 215.0 842.2565144944815
6.0 1339.0 146.0 665.0 2958.3295333747924
6.0 1339.0 146.0 665.0 2958.3295333747924
9.0 1507.0 64.0 303.0 1252.0594276953832
5.0 1335.0 149.0 674.0 3012.4827683744475
9.0 1514.0 61.0 284.0 1190.3715957609502
0.0 1359.0 126.0 723.0 2720.351314236887
9.0 1507.0 64.0 303.0 1252.0594276953832
0.0 1435.0 83.0 579.0 1990.7887190237473
9.0 1514.0 61.0 284.0 1190.3715957609502
2.0 1455.0 73.0 520.0 1794.3765505850404
9.0 1514.0 61.0 284.0 1190.3715957609502
9.0 1509.0 63.0 297.0 1236.866289751817
9.0 1514.0 61.0 284.0 1190.3715957609502
0.0 1390.0 114.0 620.0 2456.1907289742903
21.0 1528.0 60.0 187.0 1050.5488886274115
21.0 1528.0 60.0 187.0 1050.5488886274115
0.0 1402.0 101.0 655.0 2323.8791820225842
9.0 1509.0 63.0 297.0 1236.866289751817
0.0 1414.0 102.0 554.0 2168.474851215152
52.0 1562.0 32.0 163.0 721.8305559595782
0.0 1424.0 93.0 560.0 2063.3047424093793
0.0 1442.0 80.0 548.0 1925.5382562201814
19.0 1358.0 143.0 531.0 2779.791232886135
48.0 1559.0 36.0 163.0 741.1208094218753
7.0 1495.0 68.0 334.0 1402.847327929012
21.0 1489.0 52.0 468.0 1438.2982413352763
57.0 1569.0 30.0 153.0 670.5966779521507
18.0 1458.0 93.0 317.0 1721.631514620463
21.0 1461.0 92.0 300.0 1693.0923675653662
33.0 1540.0 41.0 242.0 895.0938807544345
0.0 1442.0 80.0 548.0 1925.5382562201814
37.0 1552.0 45.0 163.0 832.3128898405325
37.0 1552.0 45.0 163.0 832.3128898405325
37.0 1552.0 45.0 163.0 832.3128898405325
0.0 1442.0 80.0 548.0 1925.5382562201814
2.0 1365.0 124.0 689.0 2678.5041093558802
55.0 1566.0 31.0 155.0 687.4915582037974
7.0 1493.0 69.0 338.0 1420.5031304829004
7.0 1495.0 69.0 329.0 1397.8657022967714
55.0 1566.0 31.0 155.0 687.4915582037974
28.0 1498.0 45.0 449.0 1332.797803361532
0.0 1405.0 108.0 579.0 2247.2733479877634
48.0 1559.0 36.0 163.0 741.1208094218753
19.0 1525.0 58.0 217.0 1070.3445883743482
0.0 1405.0 108.0 579.0 2247.2733479877634
0.0 1355.0 124.0 779.0 2767.7177123129372
59.0 1570.0 29.0 153.0 660.9341437029941
23.0 1531.0 59.0 180.0 1016.2951504186318
0.0 1330.0 141.0 776.0 3081.9963711143105
9.0 1507.0 64.0 303.0 1252.0594276953832
48.0 1559.0 36.0 163.0 741.1208094218753
2.0 1365.0 124.0 689.0 2678.5041093558802
1.0 1469.0 74.0 455.0 1647.3695028390418
25.0 1493.0 48.0 468.0 1388.3172428792793
1.0 1469.0 74.0 455.0 1647.3695028390418
13.0 1518.0 61.0 247.0 1148.085493266685
0.0 1279.0 167.0 930.0 3562.2984009271186
0.0 1279.0 167.0 930.0 3562.2984009271186
0.0 1372.0 116.0 716.0 2607.737278896121
0.0 1355.0 124.0 779.0 2767.7177123129372
18.0 1353.0 147.0 539.0 2833.5580235245516
54.0 1565.0 31.0 159.0 696.3157319900985
2.0 1304.0 169.0 754.0 3289.9434329436185
2.0 1304.0 169.0 754.0 3289.9434329436185
2.0 1304.0 169.0 754.0 3289.9434329436185
0.0 1285.0 166.0 877.0 3503.0898170253017
2.0 1304.0 169.0 754.0 3289.9434329436185
54.0 1565.0 31.0 159.0 696.3157319900985
9.0 1342.0 146.0 637.0 2931.7322464145022
29.0 1499.0 44.0 449.0 1326.2984232834153
0.0 1415.0 101.0 554.0 2156.2244111333166
7.0 1490.0 72.0 338.0 1458.4313487560596
0.0 1423.0 94.0 560.0 2068.6762064404884
29.0 1499.0 44.0 449.0 1326.2984232834153
0.0 1435.0 83.0 579.0 1990.7887190237473
0.0 1435.0 83.0 579.0 1990.7887190237473
59.0 1570.0 29.0 153.0 660.9341437029941
3.0 1418.0 104.0 512.0 2131.6501879855314
59.0 1570.0 29.0 153.0 660.9341437029941
59.0 1570.0 29.0 153.0 660.9341437029941
19.0 1463.0 89.0 312.0 1667.7529069551138
0.0 1424.0 93.0 560.0 2063.3047424093793
0.0 1312.0 150.0 810.0 3239.3378121001215
12.0 1451.0 93.0 369.0 1787.1109471103541
9.0 1513.0 61.0 288.0 1201.5102801649134
31.0 1538.0 43.0 242.0 912.9041988315963
0.0 1404.0 109.0 579.0 2259.5237880695986
29.0 1536.0 44.0 251.0 932.9818126948156
41.0 1548.0 36.0 215.0 829.9180579109888
55.0 1566.0 31.0 155.0 687.4915582037974
0.0 1392.0 112.0 620.0 2431.726908375086
0.0 1392.0 112.0 620.0 2431.726908375086
0.0 1416.0 100.0 554.0 2150.8529471022075
9.0 1511.0 63.0 288.0 1215.7122366428239
0.0 1290.0 164.0 855.0 3440.5096484017204
0.0 1390.0 114.0 620.0 2456.1907289742903
15.0 1520.0 56.0 274.0 1114.9499120033665
24.0 1531.0 48.0 260.0 989.9778161411982
32.0 1542.0 52.0 166.0 917.4386429510673
7.0 1490.0 72.0 338.0 1458.4313487560596
6.0 1421.0 104.0 485.0 2098.204565125526
