41.0 1555.0 42.0 158.0 792.4529870989226
0.0 1283.0 163.0 938.0 3493.6742625898805
10.0 1457.0 93.0 369.0 1759.9276532056504
15.0 1519.0 60.0 246.0 1156.2070082553741
15.0 1519.0 60.0 246.0 1156.2070082553741
30.0 1538.0 53.0 165.0 961.5821299536027
0.0 1442.0 84.0 533.0 1906.7091691464232
0.0 1442.0 84.0 533.0 1906.7091691464232
33.0 1540.0 38.0 271.0 923.2838980150856
13.0 1434.0 106.0 388.0 1978.7874861923274
9.0 1510.0 60.0 315.0 1241.548626867539
8.0 1501.0 67.0 329.0 1329.5703595315226
34.0 1541.0 38.0 261.0 912.2990243739881
45.0 1557.0 36.0 167.0 766.6732946821161
9.0 1510.0 60.0 315.0 1241.548626867539
8.0 1503.0 66.0 319.0 1307.3696549695615
25.0 1467.0 94.0 275.0 1669.5591810614571
14.0 1465.0 90.0 333.0 1684.4275426721647
25.0 1467.0 94.0 275.0 1669.5591810614571
26.0 1371.0 141.0 483.0 2614.578745585992
33.0 1540.0 38.0 271.0 923.2838980150856
5.0 1476.0 71.0 423.0 1575.2382152080172
8.0 1310.0 168.0 697.0 3253.6210473449105
13.0 1434.0 106.0 388.0 1978.7874861923274
14.0 1465.0 90.0 333.0 1684.4275426721647
6.0 1428.0 104.0 452.0 2028.74073977015
33.0 1542.0 51.0 161.0 920.1177869221001
18.0 1522.0 60.0 224.0 1120.1372550230333
17.0 1437.0 106.0 364.0 1948.914927328604
9.0 1511.0 60.0 309.0 1232.872607073898
0.0 1458.0 80.0 479.0 1754.3052117646243
25.0 1467.0 94.0 275.0 1669.5591810614571
0.0 1283.0 163.0 938.0 3493.6742625898805
25.0 1467.0 94.0 275.0 1669.5591810614571
0.0 1384.0 108.0 727.0 2497.0881077465283
25.0 1372.0 140.0 490.0 2606.8354024116575
25.0 1467.0 94.0 275.0 1669.5591810614571
0.0 1458.0 80.0 479.0 1754.3052117646243
9.0 1511.0 60.0 309.0 1232.872607073898
8.0 1503.0 66.0 319.0 1307.3696549695615
26.0 1371.0 141.0 483.0 2614.578745585992
29.0 1535.0 42.0 272.0 971.7380606895882
27.0 1466.0 94.0 276.0 1674.931854323463
26.0 1371.0 141.0 483.0 2614.578745585992
0.0 1455.0 80.0 492.0 1781.6149017208284
0.0 1420.0 92.0 597.0 2116.841110929493
1.0 1327.0 136.0 850.0 3083.456036001951
0.0 1458.0 80.0 479.0 1754.3052117646243
17.0 1437.0 106.0 364.0 1948.914927328604
0.0 1440.0 84.0 543.0 1932.6140768330965
0.0 1458.0 80.0 479.0 1754.3052117646243
26.0 1469.0 92.0 275.0 1647.3640704609822
45.0 1557.0 36.0 167.0 766.6732946821161
10.0 1512.0 60.0 299.0 1221.8877334328006
26.0 1371.0 141.0 483.0 2614.578745585992
5.0 1476.0 71.0 423.0 1575.2382152080172
0.0 1404.0 100.0 644.0 2304.45317797943
25.0 1467.0 94.0 275.0 1669.5591810614571
17.0 1437.0 106.0 364.0 1948.914927328604
54.0 1568.0 32.0 153.0 679.6366061808387
25.0 1467.0 94.0 275.0 1669.5591810614571
7.0 1483.0 67.0 412.0 1509.4582811440187
47.0 1559.0 34.0 167.0 754.9088413631137
18.0 1352.0 148.0 557.0 2823.922198718261
11.0 1513.0 59.0 299.0 1207.8544237104086
18.0 1352.0 148.0 557.0 2823.922198718261
41.0 1555.0 42.0 158.0 792.4529870989226
18.0 1352.0 148.0 557.0 2823.922198718261
47.0 1559.0 34.0 167.0 754.9088413631137
46.0 1558.0 35.0 167.0 760.7479178684899
3.0 1470.0 72.0 455.0 1630.4980085447116
19.0 1525.0 58.0 216.0 1101.7315268052398
0.0 1377.0 120.0 660.0 2561.4004928042937
28.0 1535.0 55.0 167.0 993.134272585617
9.0 1510.0 60.0 315.0 1241.548626867539
19.0 1525.0 58.0 216.0 1101.7315268052398
0.0 1284.0 167.0 879.0 3520.92962418845
3.0 1470.0 72.0 455.0 1630.4980085447116
11.0 1513.0 59.0 299.0 1207.8544237104086
19.0 1525.0 58.0 216.0 1101.7315268052398
36.0 1549.0 43.0 181.0 841.4203452619643
0.0 1324.0 137.0 872.0 3120.025422089886
0.0 1289.0 162.0 885.0 3447.892370478234
0.0 1384.0 108.0 727.0 2497.0881077465283
33.0 1542.0 51.0 161.0 920.1177869221001
22.0 1356.0 148.0 525.0 2785.105278403224
0.0 1324.0 137.0 872.0 3120.025422089886
10.0 1312.0 168.0 680.0 3234.1410513516425
43.0 1555.0 37.0 175.0 781.3242072934423
28.0 1535.0 55.0 167.0 993.134272585617
15.0 1519.0 60.0 246.0 1156.2070082553741
54.0 1568.0 32.0 153.0 679.6366061808387
54.0 1568.0 32.0 153.0 679.6366061808387
54.0 1568.0 32.0 153.0 679.6366061808387
0.0 1345.0 129.0 797.0 2908.5434408533492
26.0 1371.0 141.0 483.0 2614.578745585992
6.0 1428.0 104.0 452.0 2028.74073977015
0.0 1378.0 120.0 656.0 2550.26180840033
1.0 1327.0 136.0 850.0 3083.456036001951
1.0 1327.0 136.0 850.0 3083.456036001951
24.0 1370.0 140.0 496.0 2623.9626926657843
7.0 1483.0 67.0 412.0 1509.4582811440187
24.0 1531.0 58.0 174.0 1043.5713329819719
30.0 1538.0 53.0 165.0 961.5821299536027
30.0 1538.0 53.0 165.0 961.5821299536027
0.0 1449.0 83.0 506.0 1833.7012728783277
11.0 1513.0 59.0 299.0 1207.8544237104086
24.0 1370.0 140.0 496.0 2623.9626926657843
26.0 1371.0 141.0 483.0 2614.578745585992
26.0 1371.0 141.0 483.0 2614.578745585992
0.0 1283.0 163.0 938.0 3493.6742625898805
3.0 1474.0 71.0 442.0 1596.2537546356798
31.0 1538.0 40.0 271.0 940.2043949163025
3.0 1474.0 71.0 442.0 1596.2537546356798
0.0 1278.0 170.0 931.0 3582.840234794521
0.0 1278.0 170.0 931.0 3582.840234794521
24.0 1370.0 140.0 496.0 2623.9626926657843
0.0 1378.0 120.0 656.0 2550.26180840033
54.0 1568.0 32.0 153.0 679.6366061808387
54.0 1568.0 32.0 153.0 679.6366061808387
0.0 1431.0 91.0 539.0 2000.548430127957
24.0 1370.0 140.0 496.0 2623.9626926657843
33.0 1546.0 45.0 189.0 871.2483653204512
8.0 1310.0 168.0 697.0 3253.6210473449105
7.0 1483.0 67.0 412.0 1509.4582811440187
25.0 1467.0 94.0 275.0 1669.5591810614571
54.0 1568.0 32.0 153.0 679.6366061808387
54.0 1568.0 32.0 153.0 679.6366061808387
34.0 1541.0 38.0 261.0 912.2990243739881
25.0 1467.0 94.0 275.0 1669.5591810614571
8.0 1310.0 168.0 697.0 3253.6210473449105
7.0 1483.0 67.0 412.0 1509.4582811440187
0.0 1283.0 163.0 938.0 3493.6742625898805
54.0 1568.0 32.0 153.0 679.6366061808387
12.0 1341.0 150.0 625.0 2944.226202001546
26.0 1532.0 45.0 275.0 999.1056396306229
19.0 1463.0 95.0 302.0 1709.3759774656871
19.0 1463.0 95.0 302.0 1709.3759774656871
51.0 1565.0 33.0 157.0 703.5038649962745
8.0 1503.0 66.0 319.0 1307.3696549695615
22.0 1528.0 49.0 275.0 1039.6624161940356
0.0 1404.0 110.0 572.0 2273.4851700192353
33.0 1546.0 45.0 189.0 871.2483653204512
15.0 1519.0 60.0 246.0 1156.2070082553741
17.0 1437.0 106.0 364.0 1948.914927328604
22.0 1528.0 49.0 275.0 1039.6624161940356
54.0 1568.0 32.0 153.0 679.6366061808387
33.0 1542.0 51.0 161.0 920.1177869221001
22.0 1528.0 49.0 275.0 1039.6624161940356
54.0 1568.0 32.0 153.0 679.6366061808387
28.0 1535.0 55.0 167.0 993.134272585617
0.0 1404.0 110.0 572.0 2273.4851700192353
7.0 1483.0 67.0 412.0 1509.4582811440187
7.0 1483.0 67.0 412.0 1509.4582811440187
45.0 1557.0 36.0 167.0 766.6732946821161
0.0 1415.0 100.0 560.0 2155.536386784686
0.0 1368.0 114.0 780.0 2677.8928775170407
43.0 1555.0 37.0 175.0 781.3242072934423
33.0 1540.0 38.0 271.0 923.2838980150856
33.0 1546.0 45.0 189.0 871.2483653204512
0.0 1420.0 92.0 597.0 2116.841110929493
33.0 1540.0 38.0 271.0 923.2838980150856
17.0 1437.0 106.0 364.0 1948.914927328604
17.0 1437.0 106.0 364.0 1948.914927328604
7.0 1483.0 67.0 412.0 1509.4582811440187
17.0 1437.0 106.0 364.0 1948.914927328604
6.0 1428.0 104.0 452.0 2028.74073977015
8.0 1446.0 97.0 406.0 1870.5654712019766
0.0 1392.0 112.0 620.0 2431.726908375086
24.0 1531.0 58.0 174.0 1043.5713329819719
2.0 1413.0 108.0 525.0 2175.3973706052775
29.0 1537.0 54.0 165.0 972.8972819468106
0.0 1360.0 127.0 707.0 2714.322389244822
0.0 1392.0 112.0 620.0 2431.726908375086
12.0 1433.0 106.0 396.0 1986.5155586606393
0.0 1361.0 126.0 707.0 2708.9509252137136
0.0 1420.0 92.0 597.0 2116.841110929493
0.0 1384.0 108.0 727.0 2497.0881077465283
0.0 1391.0 114.0 616.0 2445.052044570328
0.0 1377.0 120.0 660.0 2561.4004928042937
0.0 1431.0 91.0 539.0 2000.548430127957
23.0 1530.0 58.0 180.0 1055.990622145976
0.0 1392.0 112.0 620.0 2431.726908375086
3.0 1471.0 71.0 455.0 1623.5634445918838
0.0 1391.0 114.0 616.0 2445.052044570328
38.0 1551.0 38.0 207.0 817.6044082942537
0.0 1440.0 84.0 543.0 1932.6140768330965
0.0 1422.0 92.0 581.0 2091.1689322751013
0.0 1456.0 80.0 488.0 1770.476217316865
10.0 1512.0 60.0 299.0 1221.8877334328006
0.0 1415.0 100.0 560.0 2155.536386784686
4.0 1475.0 71.0 432.0 1585.2688809945823
4.0 1475.0 71.0 432.0 1585.2688809945823
3.0 1471.0 71.0 455.0 1623.5634445918838
24.0 1531.0 58.0 174.0 1043.5713329819719
23.0 1530.0 58.0 180.0 1055.990622145976
10.0 1512.0 60.0 299.0 1221.8877334328006
38.0 1551.0 38.0 207.0 817.6044082942537
8.0 1502.0 67.0 319.0 1320.8340526435156
8.0 1502.0 67.0 319.0 1320.8340526435156
8.0 1502.0 67.0 319.0 1320.8340526435156
8.0 1502.0 67.0 319.0 1320.8340526435156
8.0 1502.0 67.0 319.0 1320.8340526435156
0.0 1441.0 84.0 537.0 1917.8478535503862
23.0 1530.0 58.0 180.0 1055.990622145976
0.0 1441.0 84.0 537.0 1917.8478535503862
3.0 1472.0 71.0 451.0 1612.4247601879206
29.0 1535.0 42.0 272.0 971.7380606895882
0.0 1422.0 92.0 581.0 2091.1689322751013
29.0 1537.0 54.0 165.0 972.8972819468106
3.0 1328.0 146.0 737.0 3071.084802851035
31.0 1538.0 40.0 271.0 940.2043949163025
6.0 1427.0 105.0 452.0 2040.9541202875198
0.0 1358.0 124.0 748.0 2735.6034961699165
0.0 1403.0 100.0 654.0 2315.3591333511117
3.0 1471.0 71.0 455.0 1623.5634445918838
0.0 1358.0 124.0 748.0 2735.6034961699165
0.0 1345.0 129.0 797.0 2908.5434408533492
0.0 1345.0 129.0 797.0 2908.5434408533492
25.0 1531.0 46.0 275.0 1008.3585193537298
0.0 1368.0 114.0 780.0 2677.8928775170407
28.0 1535.0 55.0 167.0 993.134272585617
22.0 1356.0 148.0 525.0 2785.105278403224
0.0 1384.0 108.0 727.0 2497.0881077465283
3.0 1474.0 71.0 442.0 1596.2537546356798
4.0 1329.0 146.0 727.0 3064.061739350187
0.0 1368.0 114.0 780.0 2677.8928775170407
0.0 1455.0 80.0 492.0 1781.6149017208284
0.0 1323.0 147.0 770.0 3126.3552385045423
21.0 1464.0 95.0 293.0 1701.1888084397235
0.0 1374.0 122.0 666.0 2589.223018446098
43.0 1555.0 37.0 175.0 781.3242072934423
0.0 1404.0 100.0 644.0 2304.45317797943
10.0 1312.0 168.0 680.0 3234.1410513516425
22.0 1356.0 148.0 525.0 2785.105278403224
0.0 1284.0 167.0 879.0 3520.92962418845
10.0 1312.0 168.0 680.0 3234.1410513516425
0.0 1403.0 100.0 654.0 2315.3591333511117
22.0 1530.0 57.0 195.0 1041.9689926017093
0.0 1440.0 84.0 543.0 1932.6140768330965
47.0 1559.0 34.0 167.0 754.9088413631137
19.0 1525.0 58.0 216.0 1101.7315268052398
10.0 1457.0 93.0 369.0 1759.9276532056504
39.0 1552.0 39.0 189.0 807.8136365718025
49.0 1563.0 34.0 157.0 724.2658521222719
26.0 1371.0 141.0 483.0 2614.578745585992
26.0 1371.0 141.0 483.0 2614.578745585992
2.0 1413.0 108.0 525.0 2175.3973706052775
12.0 1433.0 106.0 396.0 1986.5155586606393
12.0 1433.0 106.0 396.0 1986.5155586606393
0.0 1449.0 83.0 506.0 1833.7012728783277
0.0 1300.0 160.0 824.0 3361.7677089923222
14.0 1465.0 90.0 333.0 1684.4275426721647
16.0 1521.0 54.0 284.0 1124.762164673216
0.0 1323.0 147.0 770.0 3126.3552385045423
0.0 1304.0 147.0 908.0 3344.7333612686866
18.0 1522.0 60.0 224.0 1120.1372550230333
16.0 1521.0 54.0 284.0 1124.762164673216
14.0 1465.0 90.0 333.0 1684.4275426721647
0.0 1449.0 83.0 506.0 1833.7012728783277
51.0 1565.0 33.0 157.0 703.5038649962745
0.0 1415.0 100.0 560.0 2155.536386784686
18.0 1522.0 60.0 224.0 1120.1372550230333
8.0 1502.0 67.0 319.0 1320.8340526435156
15.0 1518.0 60.0 250.0 1167.3456926593374
0.0 1304.0 147.0 908.0 3344.7333612686866
2.0 1413.0 108.0 525.0 2175.3973706052775
19.0 1463.0 95.0 302.0 1709.3759774656871
49.0 1563.0 34.0 157.0 724.2658521222719
0.0 1301.0 159.0 824.0 3354.0828706643365
15.0 1518.0 60.0 250.0 1167.3456926593374
47.0 1559.0 34.0 167.0 754.9088413631137
0.0 1361.0 126.0 707.0 2708.9509252137136
38.0 1551.0 39.0 198.0 814.2122846523864
0.0 1360.0 127.0 707.0 2714.322389244822
5.0 1476.0 71.0 423.0 1575.2382152080172
7.0 1483.0 67.0 412.0 1509.4582811440187
0.0 1301.0 159.0 824.0 3354.0828706643365
49.0 1563.0 34.0 157.0 724.2658521222719
12.0 1341.0 150.0 625.0 2944.226202001546
36.0 1549.0 43.0 181.0 841.4203452619643
36.0 1549.0 43.0 181.0 841.4203452619643
51.0 1565.0 33.0 157.0 703.5038649962745
16.0 1521.0 54.0 284.0 1124.762164673216
9.0 1511.0 60.0 309.0 1232.872607073898
0.0 1421.0 92.0 587.0 2105.9351555578114
0.0 1422.0 92.0 581.0 2091.1689322751013
24.0 1531.0 58.0 174.0 1043.5713329819719
9.0 1311.0 168.0 688.0 3247.222399264326
0.0 1414.0 101.0 560.0 2163.2212251126716
14.0 1465.0 90.0 333.0 1684.4275426721647
14.0 1465.0 90.0 333.0 1684.4275426721647
10.0 1312.0 168.0 680.0 3234.1410513516425
7.0 1483.0 67.0 412.0 1509.4582811440187
0.0 1455.0 80.0 492.0 1781.6149017208284
0.0 1455.0 80.0 492.0 1781.6149017208284
7.0 1483.0 67.0 412.0 1509.4582811440187
14.0 1345.0 149.0 602.0 2903.7043585740657
37.0 1550.0 39.0 207.0 825.9332767783469
