1.0 1460.0 76.0 470.0 1721.034327880863
0.0 1435.0 89.0 530.0 1948.9087186677589
13.0 1502.0 59.0 331.0 1309.9833364586768
3.0 1476.0 71.0 434.0 1590.1158302864642
9.0 1496.0 69.0 311.0 1382.4605296397747
32.0 1527.0 44.0 277.0 1028.2376543175696
0.0 1327.0 137.0 838.0 3108.440962604481
0.0 1445.0 82.0 511.0 1866.4184111666123
5.0 1425.0 106.0 461.0 2061.991922284963
7.0 1427.0 106.0 443.0 2037.0316035789
0.0 1400.0 109.0 598.0 2351.303030155944
0.0 1426.0 89.0 584.0 2093.757636212931
23.0 1442.0 103.0 342.0 1886.365466804116
0.0 1317.0 150.0 780.0 3208.6834520638645
6.0 1308.0 168.0 710.0 3270.677601983323
0.0 1392.0 112.0 620.0 2431.726908375086
19.0 1379.0 129.0 508.0 2586.242721281398
1.0 1470.0 74.0 451.0 1636.2308184350788
16.0 1510.0 60.0 271.0 1242.58880471943
0.0 1412.0 103.0 563.0 2184.5126311526656
0.0 1292.0 162.0 862.0 3402.455151729214
12.0 1366.0 133.0 573.0 2710.2066563468507
0.0 1412.0 103.0 563.0 2184.5126311526656
0.0 1435.0 89.0 530.0 1948.9087186677589
13.0 1457.0 92.0 361.0 1748.4150252035195
0.0 1284.0 166.0 886.0 3515.5194557592054
12.0 1456.0 93.0 361.0 1757.6679049266263
0.0 1390.0 114.0 620.0 2456.1907289742903
25.0 1521.0 61.0 191.0 1125.8854500204193
20.0 1444.0 102.0 342.0 1866.9644846009712
20.0 1444.0 102.0 342.0 1866.9644846009712
18.0 1511.0 54.0 312.0 1204.20274124953
0.0 1426.0 89.0 584.0 2093.757636212931
0.0 1371.0 121.0 690.0 2614.483772529951
0.0 1444.0 82.0 517.0 1881.1846344493224
4.0 1477.0 70.0 434.0 1577.889709912077
45.0 1546.0 37.0 203.0 869.0158098160796
46.0 1548.0 41.0 169.0 853.4418076467887
20.0 1515.0 60.0 235.0 1189.5384438964504
0.0 1445.0 82.0 511.0 1866.4184111666123
0.0 1371.0 121.0 690.0 2614.483772529951
0.0 1332.0 140.0 769.0 3029.7487852324152
24.0 1520.0 61.0 196.0 1139.8590459129832
0.0 1447.0 82.0 502.0 1850.2474056143717
10.0 1430.0 106.0 416.0 2011.0527187711093
21.0 1516.0 60.0 227.0 1182.0825317425881
24.0 1520.0 61.0 196.0 1139.8590459129832
30.0 1526.0 56.0 191.0 1058.0365954733177
30.0 1526.0 56.0 191.0 1058.0365954733177
24.0 1520.0 61.0 196.0 1139.8590459129832
34.0 1531.0 42.0 273.0 996.2089292367872
7.0 1338.0 154.0 652.0 2958.3721916234085
0.0 1412.0 103.0 563.0 2184.5126311526656
24.0 1520.0 61.0 196.0 1139.8590459129832
7.0 1338.0 154.0 652.0 2958.3721916234085
24.0 1520.0 61.0 196.0 1139.8590459129832
16.0 1370.0 133.0 539.0 2676.586743093616
0.0 1325.0 137.0 858.0 3128.0832248641696
0.0 1291.0 162.0 868.0 3417.2213750119245
20.0 1444.0 102.0 342.0 1866.9644846009712
24.0 1520.0 61.0 196.0 1139.8590459129832
0.0 1412.0 103.0 563.0 2184.5126311526656
1.0 1457.0 76.0 483.0 1748.3440178370668
39.0 1539.0 40.0 231.0 930.9516036773978
6.0 1308.0 168.0 710.0 3270.677601983323
2.0 1461.0 75.0 470.0 1707.1976738585852
15.0 1503.0 68.0 257.0 1316.9513444474503
0.0 1427.0 89.0 574.0 2085.0213293249244
19.0 1380.0 128.0 508.0 2575.8223338686753
19.0 1380.0 128.0 508.0 2575.8223338686753
0.0 1400.0 109.0 598.0 2351.303030155944
9.0 1346.0 148.0 637.0 2872.689999833324
16.0 1370.0 133.0 539.0 2676.586743093616
0.0 1412.0 103.0 563.0 2184.5126311526656
55.0 1557.0 34.0 163.0 789.4503349968438
11.0 1432.0 105.0 408.0 1988.2977507976766
48.0 1549.0 39.0 169.0 843.6667556727697
55.0 1558.0 34.0 163.0 781.6062625215147
19.0 1380.0 128.0 508.0 2575.8223338686753
32.0 1529.0 55.0 183.0 1036.2017375083726
31.0 1527.0 55.0 191.0 1046.2125014863043
15.0 1503.0 68.0 257.0 1316.9513444474503
0.0 1444.0 82.0 517.0 1881.1846344493224
21.0 1516.0 60.0 227.0 1182.0825317425881
0.0 1325.0 137.0 858.0 3128.0832248641696
18.0 1511.0 54.0 312.0 1204.20274124953
0.0 1427.0 89.0 574.0 2085.0213293249244
5.0 1425.0 106.0 461.0 2061.991922284963
55.0 1558.0 34.0 163.0 781.6062625215147
0.0 1412.0 103.0 563.0 2184.5126311526656
19.0 1380.0 128.0 508.0 2575.8223338686753
5.0 1425.0 106.0 461.0 2061.991922284963
12.0 1456.0 93.0 361.0 1757.6679049266263
8.0 1488.0 75.0 324.0 1452.714478348509
0.0 1426.0 89.0 584.0 2093.757636212931
55.0 1558.0 34.0 163.0 781.6062625215147
19.0 1513.0 60.0 244.0 1209.1257776699265
5.0 1478.0 71.0 415.0 1567.1791224180463
51.0 1552.0 37.0 165.0 822.3114435810052
27.0 1523.0 61.0 179.0 1110.5326093177412
0.0 1408.0 99.0 633.0 2236.3388244558823
45.0 1546.0 37.0 203.0 869.0158098160796
9.0 1346.0 148.0 637.0 2872.689999833324
3.0 1476.0 71.0 434.0 1590.1158302864642
27.0 1523.0 61.0 179.0 1110.5326093177412
38.0 1538.0 48.0 173.0 950.5039987819661
27.0 1523.0 61.0 179.0 1110.5326093177412
45.0 1546.0 37.0 203.0 869.0158098160796
29.0 1524.0 45.0 296.0 1056.782596590004
16.0 1370.0 133.0 539.0 2676.586743093616
9.0 1496.0 69.0 311.0 1382.4605296397747
20.0 1444.0 102.0 342.0 1866.9644846009712
52.0 1553.0 36.0 165.0 816.3860667673791
9.0 1496.0 69.0 311.0 1382.4605296397747
20.0 1444.0 102.0 342.0 1866.9644846009712
16.0 1510.0 60.0 271.0 1242.58880471943
12.0 1366.0 133.0 573.0 2710.2066563468507
23.0 1517.0 50.0 306.0 1126.9051703573978
9.0 1496.0 69.0 311.0 1382.4605296397747
0.0 1358.0 124.0 751.0 2727.475199615133
0.0 1392.0 112.0 620.0 2431.726908375086
43.0 1544.0 39.0 203.0 884.8441079141661
36.0 1536.0 49.0 178.0 977.8362448348411
0.0 1358.0 124.0 751.0 2727.475199615133
34.0 1531.0 42.0 273.0 996.2089292367872
0.0 1408.0 99.0 633.0 2236.3388244558823
0.0 1392.0 112.0 620.0 2431.726908375086
0.0 1408.0 99.0 633.0 2236.3388244558823
3.0 1476.0 71.0 434.0 1590.1158302864642
8.0 1453.0 92.0 395.0 1789.034533103938
32.0 1529.0 55.0 183.0 1036.2017375083726
3.0 1476.0 71.0 434.0 1590.1158302864642
8.0 1488.0 75.0 324.0 1452.714478348509
26.0 1522.0 61.0 184.0 1121.2473593044933
0.0 1443.0 83.0 517.0 1893.4350745311576
0.0 1358.0 124.0 751.0 2727.475199615133
1.0 1457.0 76.0 483.0 1748.3440178370668
0.0 1411.0 99.0 607.0 2201.9303389134834
36.0 1536.0 49.0 178.0 977.8362448348411
36.0 1536.0 49.0 178.0 977.8362448348411
1.0 1457.0 76.0 483.0 1748.3440178370668
11.0 1455.0 93.0 369.0 1768.2094923826892
15.0 1503.0 68.0 257.0 1316.9513444474503
36.0 1536.0 49.0 178.0 977.8362448348411
55.0 1558.0 34.0 163.0 781.6062625215147
8.0 1488.0 75.0 324.0 1452.714478348509
52.0 1553.0 36.0 165.0 816.3860667673791
55.0 1558.0 34.0 163.0 781.6062625215147
18.0 1511.0 54.0 312.0 1204.20274124953
36.0 1536.0 49.0 178.0 977.8362448348411
4.0 1477.0 71.0 424.0 1579.1309566453667
9.0 1454.0 92.0 386.0 1777.340568156458
14.0 1505.0 58.0 321.0 1275.3508119128771
0.0 1446.0 82.0 507.0 1855.279726762649
17.0 1510.0 55.0 312.0 1218.236050971922
5.0 1334.0 156.0 668.0 3002.490450063558
9.0 1454.0 92.0 386.0 1777.340568156458
0.0 1292.0 162.0 862.0 3402.455151729214
1.0 1460.0 76.0 470.0 1721.034327880863
0.0 1433.0 90.0 536.0 1971.3597802784545
15.0 1503.0 68.0 257.0 1316.9513444474503
1.0 1458.0 76.0 479.0 1737.2053334331035
1.0 1470.0 74.0 451.0 1636.2308184350788
52.0 1553.0 36.0 165.0 816.3860667673791
52.0 1553.0 36.0 165.0 816.3860667673791
0.0 1290.0 157.0 932.0 3472.4037642491176
0.0 1392.0 112.0 620.0 2431.726908375086
7.0 1427.0 106.0 443.0 2037.0316035789
0.0 1290.0 157.0 932.0 3472.4037642491176
18.0 1441.0 102.0 359.0 1889.5625536733473
1.0 1470.0 74.0 451.0 1636.2308184350788
19.0 1380.0 128.0 508.0 2575.8223338686753
5.0 1478.0 71.0 415.0 1567.1791224180463
0.0 1332.0 140.0 769.0 3029.7487852324152
5.0 1478.0 71.0 415.0 1567.1791224180463
0.0 1446.0 82.0 507.0 1855.279726762649
8.0 1488.0 75.0 324.0 1452.714478348509
39.0 1539.0 47.0 173.0 936.6673447596881
40.0 1540.0 46.0 173.0 926.3721277454345
0.0 1382.0 110.0 716.0 2515.9851750982198
0.0 1353.0 125.0 786.0 2794.436802567387
10.0 1430.0 106.0 416.0 2011.0527187711093
45.0 1546.0 37.0 203.0 869.0158098160796
1.0 1456.0 77.0 483.0 1755.2785817898946
0.0 1280.0 167.0 915.0 3551.864762505163
9.0 1346.0 148.0 637.0 2872.689999833324
13.0 1502.0 59.0 331.0 1309.9833364586768
0.0 1382.0 110.0 716.0 2515.9851750982198
0.0 1327.0 137.0 838.0 3108.440962604481
5.0 1478.0 71.0 415.0 1567.1791224180463
4.0 1305.0 168.0 732.0 3298.2456002544345
19.0 1380.0 128.0 508.0 2575.8223338686753
19.0 1513.0 60.0 244.0 1209.1257776699265
0.0 1400.0 109.0 598.0 2351.303030155944
29.0 1524.0 45.0 296.0 1056.782596590004
12.0 1500.0 68.0 283.0 1341.108730782911
15.0 1503.0 68.0 257.0 1316.9513444474503
0.0 1291.0 162.0 868.0 3417.2213750119245
0.0 1353.0 125.0 786.0 2794.436802567387
0.0 1280.0 167.0 915.0 3551.864762505163
4.0 1305.0 168.0 732.0 3298.2456002544345
0.0 1284.0 166.0 886.0 3515.5194557592054
28.0 1523.0 46.0 296.0 1064.7976355361488
0.0 1280.0 167.0 915.0 3551.864762505163
12.0 1456.0 93.0 361.0 1757.6679049266263
0.0 1358.0 124.0 751.0 2727.475199615133
55.0 1558.0 34.0 163.0 781.6062625215147
55.0 1558.0 34.0 163.0 781.6062625215147
14.0 1505.0 58.0 321.0 1275.3508119128771
44.0 1545.0 38.0 203.0 875.9386499590943
44.0 1545.0 38.0 203.0 875.9386499590943
20.0 1444.0 102.0 342.0 1866.9644846009712
20.0 1444.0 102.0 342.0 1866.9644846009712
0.0 1371.0 121.0 690.0 2614.483772529951
0.0 1280.0 167.0 915.0 3551.864762505163
0.0 1374.0 114.0 724.0 2591.11211498384
8.0 1488.0 75.0 324.0 1452.714478348509
0.0 1433.0 90.0 536.0 1971.3597802784545
12.0 1500.0 68.0 283.0 1341.108730782911
8.0 1490.0 73.0 324.0 1433.9469201167485
12.0 1366.0 133.0 573.0 2710.2066563468507
8.0 1488.0 75.0 324.0 1452.714478348509
0.0 1374.0 114.0 724.0 2591.11211498384
3.0 1476.0 71.0 434.0 1590.1158302864642
0.0 1332.0 140.0 769.0 3029.7487852324152
0.0 1382.0 110.0 716.0 2515.9851750982198
39.0 1539.0 40.0 231.0 930.9516036773978
0.0 1371.0 121.0 690.0 2614.483772529951
13.0 1502.0 59.0 331.0 1309.9833364586768
55.0 1558.0 34.0 163.0 781.6062625215147
55.0 1558.0 34.0 163.0 781.6062625215147
0.0 1290.0 157.0 932.0 3472.4037642491176
55.0 1558.0 34.0 163.0 781.6062625215147
0.0 1332.0 140.0 769.0 3029.7487852324152
0.0 1411.0 99.0 607.0 2201.9303389134834
0.0 1332.0 140.0 769.0 3029.7487852324152
11.0 1499.0 68.0 292.0 1348.97759837314
13.0 1436.0 105.0 388.0 1941.7778334683235
13.0 1502.0 59.0 331.0 1309.9833364586768
39.0 1539.0 40.0 231.0 930.9516036773978
20.0 1515.0 60.0 235.0 1189.5384438964504
29.0 1524.0 45.0 296.0 1056.782596590004
0.0 1327.0 137.0 838.0 3108.440962604481
14.0 1368.0 133.0 555.0 2696.0644625373025
1.0 1460.0 76.0 470.0 1721.034327880863
1.0 1460.0 76.0 470.0 1721.034327880863
34.0 1531.0 42.0 273.0 996.2089292367872
0.0 1317.0 150.0 780.0 3208.6834520638645
1.0 1460.0 76.0 470.0 1721.034327880863
32.0 1527.0 44.0 277.0 1028.2376543175696
18.0 1441.0 102.0 359.0 1889.5625536733473
23.0 1517.0 50.0 306.0 1126.9051703573978
23.0 1517.0 50.0 306.0 1126.9051703573978
40.0 1540.0 46.0 173.0 926.3721277454345
14.0 1505.0 58.0 321.0 1275.3508119128771
0.0 1317.0 150.0 780.0 3208.6834520638645
0.0 1374.0 114.0 724.0 2591.11211498384
0.0 1408.0 99.0 633.0 2236.3388244558823
19.0 1380.0 128.0 508.0 2575.8223338686753
19.0 1513.0 60.0 244.0 1209.1257776699265
19.0 1380.0 128.0 508.0 2575.8223338686753
6.0 1308.0 168.0 710.0 3270.677601983323
10.0 1498.0 68.0 301.0 1360.688967510118
6.0 1308.0 168.0 710.0 3270.677601983323
4.0 1477.0 71.0 424.0 1579.1309566453667
11.0 1499.0 68.0 292.0 1348.97759837314
18.0 1512.0 60.0 253.0 1219.1564434564916
5.0 1334.0 156.0 668.0 3002.490450063558
6.0 1308.0 168.0 710.0 3270.677601983323
10.0 1498.0 68.0 301.0 1360.688967510118
1.0 1470.0 74.0 451.0 1636.2308184350788
1.0 1470.0 74.0 451.0 1636.2308184350788
0.0 1435.0 89.0 530.0 1948.9087186677589
31.0 1527.0 55.0 191.0 1046.2125014863043
1.0 1470.0 74.0 451.0 1636.2308184350788
13.0 1502.0 59.0 331.0 1309.9833364586768
11.0 1455.0 93.0 369.0 1768.2094923826892
7.0 1338.0 154.0 652.0 2958.3721916234085
0.0 1447.0 82.0 502.0 1850.2474056143717
48.0 1549.0 39.0 169.0 843.6667556727697
0.0 1390.0 114.0 620.0 2456.1907289742903
40.0 1540.0 40.0 222.0 920.9209378908326
8.0 1490.0 73.0 324.0 1433.9469201167485
8.0 1490.0 73.0 324.0 1433.9469201167485
38.0 1538.0 48.0 173.0 950.5039987819661
8.0 1490.0 73.0 324.0 1433.9469201167485
51.0 1552.0 37.0 165.0 822.3114435810052
38.0 1538.0 48.0 173.0 950.5039987819661
16.0 1509.0 56.0 312.0 1231.3857596155096
28.0 1523.0 46.0 296.0 1064.7976355361488
27.0 1523.0 61.0 179.0 1110.5326093177412
19.0 1513.0 60.0 244.0 1209.1257776699265
40.0 1540.0 46.0 173.0 926.3721277454345
10.0 1430.0 106.0 416.0 2011.0527187711093
34.0 1531.0 42.0 273.0 996.2089292367872
23.0 1517.0 50.0 306.0 1126.9051703573978
11.0 1432.0 105.0 408.0 1988.2977507976766
0.0 1445.0 82.0 511.0 1866.4184111666123
8.0 1488.0 75.0 324.0 1452.714478348509
48.0 1549.0 39.0 169.0 843.6667556727697
