19.0 1453.0 95.0 334.0 1785.9717681325556
0.0 1458.0 80.0 479.0 1754.3052117646243
28.0 1398.0 127.0 393.0 2365.4460202370697
21.0 1374.0 138.0 470.0 2620.1808382389886
19.0 1453.0 95.0 334.0 1785.9717681325556
0.0 1435.0 91.0 512.0 1963.4317570280675
9.0 1492.0 66.0 355.0 1412.758982891975
59.0 1557.0 34.0 158.0 780.7687051502143
43.0 1541.0 37.0 239.0 912.1152705506273
9.0 1491.0 67.0 355.0 1419.6935468448028
0.0 1455.0 80.0 492.0 1781.6149017208284
1.0 1470.0 74.0 451.0 1636.2308184350788
19.0 1511.0 62.0 249.0 1239.562427434093
16.0 1509.0 56.0 320.0 1244.162382140517
0.0 1455.0 80.0 492.0 1781.6149017208284
0.0 1357.0 128.0 720.0 2746.0644553401485
59.0 1557.0 34.0 158.0 780.7687051502143
1.0 1281.0 165.0 934.0 3522.806183846678
4.0 1478.0 70.0 427.0 1564.069282842541
0.0 1442.0 84.0 531.0 1924.0296690760579
21.0 1374.0 138.0 470.0 2620.1808382389886
0.0 1435.0 91.0 512.0 1963.4317570280675
20.0 1513.0 60.0 249.0 1216.4888959049479
28.0 1398.0 127.0 393.0 2365.4460202370697
0.0 1360.0 126.0 716.0 2715.0275520908303
9.0 1491.0 67.0 355.0 1419.6935468448028
18.0 1451.0 95.0 343.0 1810.243780601722
1.0 1470.0 74.0 451.0 1636.2308184350788
0.0 1435.0 91.0 512.0 1963.4317570280675
25.0 1521.0 59.0 212.0 1141.484292387386
7.0 1310.0 167.0 712.0 3224.643113666943
29.0 1525.0 58.0 182.0 1118.3209775236758
18.0 1451.0 95.0 343.0 1810.243780601722
49.0 1548.0 34.0 212.0 862.8410887328748
4.0 1478.0 70.0 427.0 1564.069282842541
22.0 1515.0 51.0 311.0 1167.3730016432523
0.0 1405.0 106.0 585.0 2284.303428801203
1.0 1467.0 74.0 464.0 1663.5405083912829
1.0 1470.0 74.0 451.0 1636.2308184350788
15.0 1445.0 98.0 367.0 1868.1180116071496
1.0 1470.0 74.0 451.0 1636.2308184350788
17.0 1507.0 62.0 270.0 1277.9213921037706
0.0 1330.0 144.0 752.0 3052.0316467885673
1.0 1467.0 74.0 464.0 1663.5405083912829
0.0 1415.0 100.0 561.0 2155.6154093974537
4.0 1478.0 70.0 427.0 1564.069282842541
0.0 1329.0 144.0 756.0 3063.1703311925303
0.0 1371.0 119.0 701.0 2617.8265207778254
16.0 1446.0 98.0 359.0 1857.5764241510867
0.0 1303.0 158.0 818.0 3321.3904224155335
0.0 1386.0 111.0 666.0 2465.2123649676855
15.0 1503.0 64.0 285.0 1304.414718635024
1.0 1418.0 103.0 522.0 2130.596345887899
0.0 1442.0 84.0 531.0 1924.0296690760579
0.0 1394.0 111.0 620.0 2409.538604677939
49.0 1548.0 34.0 212.0 862.8410887328748
24.0 1519.0 59.0 218.0 1170.389003271694
0.0 1435.0 91.0 512.0 1963.4317570280675
1.0 1418.0 103.0 522.0 2130.596345887899
0.0 1458.0 80.0 479.0 1754.3052117646243
1.0 1466.0 76.0 455.0 1678.9268912713976
25.0 1521.0 59.0 212.0 1141.484292387386
20.0 1513.0 60.0 249.0 1216.4888959049479
42.0 1539.0 47.0 171.0 940.0393703479432
12.0 1502.0 61.0 327.0 1314.470545001585
0.0 1456.0 80.0 488.0 1770.476217316865
0.0 1330.0 144.0 752.0 3052.0316467885673
19.0 1512.0 53.0 320.0 1205.7401287808725
28.0 1399.0 126.0 393.0 2353.184010433682
30.0 1525.0 42.0 315.0 1073.9626125516786
12.0 1502.0 61.0 327.0 1314.470545001585
0.0 1329.0 144.0 756.0 3063.1703311925303
28.0 1399.0 126.0 393.0 2353.184010433682
0.0 1280.0 166.0 934.0 3533.715224114195
3.0 1420.0 103.0 504.0 2106.933142523601
32.0 1529.0 54.0 189.0 1061.4800572043418
28.0 1399.0 126.0 393.0 2353.184010433682
47.0 1545.0 42.0 171.0 884.910937014907
16.0 1509.0 56.0 320.0 1244.162382140517
40.0 1537.0 49.0 171.0 963.1786163281647
0.0 1295.0 153.0 921.0 3426.9142035079526
42.0 1540.0 37.0 248.0 924.1058242839389
28.0 1399.0 126.0 393.0 2353.184010433682
40.0 1537.0 49.0 171.0 963.1786163281647
0.0 1415.0 100.0 561.0 2155.6154093974537
14.0 1507.0 58.0 320.0 1271.6342183834174
0.0 1442.0 84.0 531.0 1924.0296690760579
0.0 1280.0 166.0 934.0 3533.715224114195
32.0 1529.0 54.0 189.0 1061.4800572043418
10.0 1498.0 64.0 333.0 1354.1229874065493
10.0 1498.0 64.0 333.0 1354.1229874065493
0.0 1329.0 144.0 756.0 3063.1703311925303
0.0 1385.0 111.0 670.0 2476.3510493716485
10.0 1498.0 64.0 333.0 1354.1229874065493
37.0 1533.0 41.0 254.0 992.8504052537047
37.0 1533.0 41.0 254.0 992.8504052537047
1.0 1470.0 74.0 451.0 1636.2308184350788
0.0 1303.0 158.0 818.0 3321.3904224155335
37.0 1533.0 41.0 254.0 992.8504052537047
0.0 1385.0 111.0 670.0 2476.3510493716485
9.0 1492.0 66.0 355.0 1412.758982891975
10.0 1498.0 64.0 333.0 1354.1229874065493
10.0 1498.0 64.0 333.0 1354.1229874065493
0.0 1429.0 88.0 591.0 2046.033210789663
5.0 1479.0 70.0 417.0 1553.0844092014438
4.0 1478.0 70.0 427.0 1564.069282842541
5.0 1479.0 70.0 417.0 1553.0844092014438
0.0 1360.0 126.0 716.0 2715.0275520908303
0.0 1385.0 111.0 670.0 2476.3510493716485
0.0 1327.0 135.0 853.0 3115.4529376555224
14.0 1507.0 58.0 320.0 1271.6342183834174
28.0 1398.0 127.0 393.0 2365.4460202370697
32.0 1529.0 54.0 189.0 1061.4800572043418
1.0 1470.0 74.0 451.0 1636.2308184350788
0.0 1328.0 135.0 843.0 3106.716630767515
0.0 1371.0 119.0 701.0 2617.8265207778254
6.0 1480.0 70.0 408.0 1541.1325749741234
6.0 1480.0 70.0 408.0 1541.1325749741234
13.0 1351.0 142.0 605.0 2826.098177082279
1.0 1470.0 74.0 451.0 1636.2308184350788
22.0 1516.0 60.0 231.0 1195.101230366359
0.0 1386.0 111.0 666.0 2465.2123649676855
35.0 1530.0 39.0 296.0 1027.8709787964747
19.0 1511.0 62.0 249.0 1239.562427434093
17.0 1507.0 62.0 270.0 1277.9213921037706
38.0 1535.0 51.0 171.0 985.27856391834
41.0 1538.0 48.0 171.0 951.3545223411511
5.0 1479.0 70.0 417.0 1553.0844092014438
4.0 1478.0 70.0 427.0 1564.069282842541
4.0 1478.0 70.0 427.0 1564.069282842541
35.0 1530.0 39.0 296.0 1027.8709787964747
0.0 1279.0 167.0 927.0 3573.0922034896903
4.0 1478.0 70.0 427.0 1564.069282842541
4.0 1478.0 70.0 427.0 1564.069282842541
8.0 1311.0 167.0 703.0 3214.612447880378
45.0 1543.0 35.0 239.0 897.0957472887225
43.0 1541.0 37.0 239.0 912.1152705506273
2.0 1471.0 74.0 441.0 1625.2459447939812
0.0 1415.0 100.0 561.0 2155.6154093974537
29.0 1525.0 58.0 182.0 1118.3209775236758
2.0 1471.0 74.0 441.0 1625.2459447939812
29.0 1525.0 58.0 182.0 1118.3209775236758
29.0 1524.0 43.0 315.0 1083.3895416136843
44.0 1542.0 36.0 239.0 904.0185874317372
9.0 1492.0 66.0 355.0 1412.758982891975
4.0 1478.0 70.0 427.0 1564.069282842541
14.0 1507.0 58.0 320.0 1271.6342183834174
1.0 1418.0 103.0 522.0 2130.596345887899
0.0 1435.0 91.0 512.0 1963.4317570280675
0.0 1371.0 119.0 701.0 2617.8265207778254
25.0 1521.0 59.0 212.0 1141.484292387386
21.0 1374.0 138.0 470.0 2620.1808382389886
1.0 1418.0 103.0 522.0 2130.596345887899
19.0 1512.0 53.0 320.0 1205.7401287808725
1.0 1470.0 74.0 451.0 1636.2308184350788
12.0 1500.0 64.0 313.0 1332.8833258882455
1.0 1470.0 74.0 451.0 1636.2308184350788
14.0 1507.0 58.0 320.0 1271.6342183834174
1.0 1447.0 86.0 480.0 1841.1532432473869
1.0 1447.0 86.0 480.0 1841.1532432473869
24.0 1517.0 50.0 301.0 1142.2524148425546
15.0 1503.0 64.0 285.0 1304.414718635024
19.0 1511.0 62.0 249.0 1239.562427434093
15.0 1503.0 64.0 285.0 1304.414718635024
10.0 1440.0 97.0 414.0 1910.872640672535
50.0 1549.0 34.0 205.0 854.7077725140288
0.0 1409.0 98.0 632.0 2227.8187757844094
37.0 1534.0 51.0 176.0 995.993313905092
0.0 1409.0 98.0 632.0 2227.8187757844094
17.0 1507.0 62.0 270.0 1277.9213921037706
0.0 1371.0 119.0 701.0 2617.8265207778254
0.0 1303.0 158.0 818.0 3321.3904224155335
0.0 1458.0 80.0 479.0 1754.3052117646243
29.0 1525.0 58.0 182.0 1118.3209775236758
0.0 1371.0 119.0 701.0 2617.8265207778254
15.0 1445.0 98.0 367.0 1868.1180116071496
0.0 1455.0 80.0 492.0 1781.6149017208284
15.0 1445.0 98.0 367.0 1868.1180116071496
9.0 1491.0 67.0 355.0 1419.6935468448028
9.0 1491.0 67.0 355.0 1419.6935468448028
0.0 1412.0 102.0 567.0 2183.4379350392587
0.0 1409.0 98.0 632.0 2227.8187757844094
0.0 1383.0 112.0 676.0 2496.4887366854678
0.0 1412.0 102.0 567.0 2183.4379350392587
0.0 1371.0 119.0 701.0 2617.8265207778254
0.0 1327.0 135.0 853.0 3115.4529376555224
43.0 1540.0 46.0 171.0 930.2440912169264
0.0 1435.0 91.0 512.0 1963.4317570280675
0.0 1435.0 91.0 512.0 1963.4317570280675
29.0 1525.0 58.0 182.0 1118.3209775236758
25.0 1518.0 49.0 301.0 1131.223403312481
0.0 1327.0 135.0 853.0 3115.4529376555224
29.0 1525.0 58.0 182.0 1118.3209775236758
0.0 1279.0 167.0 927.0 3573.0922034896903
13.0 1351.0 142.0 605.0 2826.098177082279
1.0 1317.0 150.0 786.0 3162.056678016046
0.0 1328.0 135.0 843.0 3106.716630767515
0.0 1435.0 91.0 512.0 1963.4317570280675
13.0 1351.0 142.0 605.0 2826.098177082279
11.0 1315.0 166.0 677.0 3180.7639018351324
24.0 1519.0 59.0 218.0 1170.389003271694
0.0 1435.0 91.0 512.0 1963.4317570280675
48.0 1546.0 41.0 171.0 874.6157200006534
22.0 1515.0 51.0 311.0 1167.3730016432523
50.0 1549.0 34.0 205.0 854.7077725140288
11.0 1315.0 166.0 677.0 3180.7639018351324
29.0 1525.0 58.0 182.0 1118.3209775236758
0.0 1303.0 158.0 818.0 3321.3904224155335
0.0 1303.0 148.0 900.0 3363.546341308308
34.0 1531.0 54.0 176.0 1040.9274518214918
0.0 1303.0 158.0 818.0 3321.3904224155335
1.0 1317.0 150.0 786.0 3162.056678016046
15.0 1503.0 64.0 285.0 1304.414718635024
12.0 1500.0 64.0 313.0 1332.8833258882455
0.0 1415.0 100.0 561.0 2155.6154093974537
15.0 1503.0 64.0 285.0 1304.414718635024
1.0 1467.0 74.0 464.0 1663.5405083912829
9.0 1491.0 67.0 355.0 1419.6935468448028
10.0 1498.0 64.0 333.0 1354.1229874065493
10.0 1498.0 64.0 333.0 1354.1229874065493
0.0 1383.0 112.0 676.0 2496.4887366854678
0.0 1436.0 86.0 540.0 2007.6450417761487
0.0 1383.0 112.0 676.0 2496.4887366854678
10.0 1498.0 64.0 333.0 1354.1229874065493
0.0 1415.0 100.0 561.0 2155.6154093974537
0.0 1360.0 124.0 731.0 2729.014706319298
22.0 1380.0 132.0 468.0 2546.3293465486086
0.0 1394.0 111.0 620.0 2409.538604677939
0.0 1394.0 111.0 620.0 2409.538604677939
1.0 1447.0 86.0 480.0 1841.1532432473869
1.0 1447.0 86.0 480.0 1841.1532432473869
0.0 1357.0 128.0 720.0 2746.0644553401485
0.0 1386.0 111.0 666.0 2465.2123649676855
54.0 1553.0 37.0 162.0 817.0227827570576
0.0 1394.0 111.0 620.0 2409.538604677939
24.0 1519.0 59.0 218.0 1170.389003271694
20.0 1373.0 138.0 479.0 2626.5794863195724
13.0 1444.0 96.0 388.0 1873.0408944153137
20.0 1373.0 138.0 479.0 2626.5794863195724
54.0 1553.0 37.0 162.0 817.0227827570576
16.0 1509.0 56.0 320.0 1244.162382140517
55.0 1554.0 36.0 162.0 811.1837062516813
0.0 1295.0 153.0 921.0 3426.9142035079526
19.0 1511.0 62.0 249.0 1239.562427434093
34.0 1531.0 54.0 176.0 1040.9274518214918
0.0 1290.0 163.0 872.0 3414.700536445909
54.0 1553.0 37.0 162.0 817.0227827570576
34.0 1531.0 54.0 176.0 1040.9274518214918
0.0 1405.0 106.0 585.0 2284.303428801203
0.0 1290.0 163.0 872.0 3414.700536445909
0.0 1405.0 106.0 585.0 2284.303428801203
0.0 1405.0 106.0 585.0 2284.303428801203
0.0 1330.0 144.0 752.0 3052.0316467885673
55.0 1554.0 36.0 162.0 811.1837062516813
0.0 1295.0 153.0 921.0 3426.9142035079526
0.0 1290.0 163.0 872.0 3414.700536445909
6.0 1337.0 143.0 696.0 2975.328449727829
21.0 1514.0 60.0 241.0 1209.0329837510853
0.0 1357.0 128.0 720.0 2746.0644553401485
0.0 1347.0 130.0 774.0 2870.0479231584163
0.0 1347.0 130.0 774.0 2870.0479231584163
0.0 1347.0 130.0 774.0 2870.0479231584163
8.0 1427.0 101.0 458.0 2038.9664243228503
7.0 1310.0 167.0 712.0 3224.643113666943
0.0 1429.0 88.0 591.0 2046.033210789663
26.0 1519.0 49.0 291.0 1123.6313822391076
0.0 1279.0 167.0 927.0 3573.0922034896903
0.0 1279.0 167.0 927.0 3573.0922034896903
31.0 1526.0 42.0 305.0 1062.9777389105814
0.0 1279.0 167.0 927.0 3573.0922034896903
1.0 1466.0 76.0 455.0 1678.9268912713976
0.0 1360.0 124.0 731.0 2729.014706319298
0.0 1330.0 144.0 752.0 3052.0316467885673
0.0 1429.0 88.0 591.0 2046.033210789663
0.0 1360.0 126.0 716.0 2715.0275520908303
20.0 1373.0 138.0 479.0 2626.5794863195724
20.0 1513.0 60.0 249.0 1216.4888959049479
0.0 1415.0 100.0 561.0 2155.6154093974537
20.0 1373.0 138.0 479.0 2626.5794863195724
1.0 1470.0 74.0 451.0 1636.2308184350788
12.0 1502.0 61.0 327.0 1314.470545001585
30.0 1525.0 42.0 315.0 1073.9626125516786
0.0 1455.0 80.0 492.0 1781.6149017208284
28.0 1523.0 44.0 315.0 1097.3469343365334
45.0 1543.0 35.0 239.0 897.0957472887225
38.0 1535.0 51.0 171.0 985.27856391834
0.0 1458.0 80.0 479.0 1754.3052117646243
10.0 1440.0 97.0 414.0 1910.872640672535
49.0 1548.0 34.0 212.0 862.8410887328748
0.0 1456.0 80.0 488.0 1770.476217316865
59.0 1557.0 34.0 158.0 780.7687051502143
37.0 1534.0 51.0 176.0 995.993313905092
22.0 1516.0 60.0 231.0 1195.101230366359
12.0 1350.0 142.0 615.0 2837.0830507233763
9.0 1491.0 67.0 355.0 1419.6935468448028
9.0 1491.0 67.0 355.0 1419.6935468448028
9.0 1491.0 67.0 355.0 1419.6935468448028
25.0 1521.0 59.0 212.0 1141.484292387386
9.0 1491.0 67.0 355.0 1419.6935468448028
1.0 1466.0 76.0 455.0 1678.9268912713976
