6.0 1483.0 70.0 403.0 1527.727332418374
3.0 1472.0 74.0 432.0 1613.5345756570032
23.0 1463.0 93.0 295.0 1677.0505698770341
33.0 1544.0 38.0 252.0 886.387706563555
33.0 1544.0 38.0 252.0 886.387706563555
45.0 1558.0 36.0 165.0 761.4891965909636
23.0 1463.0 93.0 295.0 1677.0505698770341
3.0 1472.0 74.0 432.0 1613.5345756570032
0.0 1458.0 80.0 479.0 1754.3052117646243
31.0 1468.0 91.0 274.0 1625.9026276786637
16.0 1527.0 59.0 225.0 1080.9990315518264
0.0 1455.0 80.0 492.0 1782.2399352431019
0.0 1284.0 162.0 934.0 3496.1951011558954
34.0 1547.0 47.0 165.0 858.0293583248846
6.0 1483.0 70.0 403.0 1527.727332418374
55.0 1567.0 32.0 155.0 684.071840913369
34.0 1547.0 47.0 165.0 858.0293583248846
16.0 1527.0 59.0 225.0 1080.9990315518264
16.0 1527.0 59.0 225.0 1080.9990315518264
9.0 1334.0 149.0 652.0 3024.9342753370684
13.0 1520.0 56.0 296.0 1153.8700467625688
0.0 1455.0 80.0 492.0 1782.2399352431019
20.0 1532.0 57.0 197.0 1030.02240704115
30.0 1467.0 92.0 274.0 1632.404067336848
0.0 1456.0 80.0 488.0 1771.1012508391384
29.0 1539.0 43.0 249.0 933.0615999569412
28.0 1394.0 130.0 452.0 2375.125362684967
27.0 1466.0 92.0 283.0 1639.9895293326836
47.0 1561.0 34.0 164.0 743.778066745465
10.0 1365.0 146.0 550.0 2676.907689063274
28.0 1541.0 53.0 165.0 933.4692848850681
55.0 1567.0 32.0 155.0 684.071840913369
0.0 1344.0 129.0 810.0 2924.7043735748407
55.0 1567.0 32.0 155.0 684.071840913369
34.0 1547.0 47.0 165.0 858.0293583248846
0.0 1455.0 80.0 492.0 1782.2399352431019
22.0 1534.0 57.0 180.0 1013.3741844631843
25.0 1464.0 93.0 286.0 1668.8634008510708
1.0 1298.0 170.0 784.0 3364.7402270827674
4.0 1481.0 70.0 422.0 1550.664040286792
22.0 1534.0 57.0 180.0 1013.3741844631843
10.0 1493.0 65.0 351.0 1401.1321839837176
30.0 1467.0 92.0 274.0 1632.404067336848
55.0 1567.0 32.0 155.0 684.071840913369
15.0 1437.0 106.0 368.0 1925.6606250753903
29.0 1468.0 91.0 280.0 1617.7745252172158
0.0 1432.0 90.0 535.0 1996.8393349676894
37.0 1548.0 35.0 242.0 849.4318339253192
12.0 1500.0 63.0 319.0 1335.1462853397227
0.0 1359.0 126.0 720.0 2726.166236494793
40.0 1553.0 41.0 165.0 799.5781136915157
37.0 1548.0 35.0 242.0 849.4318339253192
11.0 1499.0 63.0 328.0 1346.8576544767009
25.0 1537.0 54.0 180.0 970.8785132911731
40.0 1553.0 41.0 165.0 799.5781136915157
12.0 1500.0 63.0 319.0 1335.1462853397227
37.0 1548.0 35.0 242.0 849.4318339253192
0.0 1376.0 114.0 699.0 2564.621343901112
0.0 1355.0 125.0 768.0 2760.617222460714
19.0 1531.0 57.0 206.0 1037.891274631379
12.0 1500.0 63.0 319.0 1335.1462853397227
22.0 1534.0 57.0 180.0 1013.3741844631843
24.0 1536.0 56.0 174.0 986.9215855767883
18.0 1444.0 103.0 348.0 1840.020897237284
1.0 1378.0 114.0 686.0 2541.5308252698283
28.0 1538.0 44.0 249.0 947.5665686837117
7.0 1422.0 110.0 452.0 2087.209710369966
10.0 1498.0 63.0 338.0 1357.8425281177983
0.0 1290.0 164.0 855.0 3440.5096484017204
16.0 1527.0 59.0 225.0 1080.9990315518264
22.0 1534.0 57.0 180.0 1013.3741844631843
0.0 1290.0 164.0 855.0 3440.5096484017204
30.0 1542.0 50.0 174.0 906.7504876342462
0.0 1392.0 112.0 620.0 2436.2925101289356
10.0 1365.0 146.0 550.0 2676.907689063274
11.0 1426.0 110.0 416.0 2039.0641644091952
1.0 1470.0 74.0 451.0 1636.2308184350788
47.0 1561.0 34.0 164.0 743.778066745465
1.0 1470.0 74.0 451.0 1636.2308184350788
20.0 1445.0 104.0 332.0 1831.3540307650348
0.0 1458.0 80.0 479.0 1754.3052117646243
0.0 1413.0 99.0 584.0 2193.367789818488
18.0 1529.0 57.0 216.0 1059.7812017231083
10.0 1498.0 63.0 338.0 1357.8425281177983
2.0 1477.0 71.0 442.0 1591.3808548933844
18.0 1444.0 103.0 348.0 1840.020897237284
25.0 1537.0 54.0 180.0 970.8785132911731
0.0 1413.0 99.0 584.0 2193.367789818488
0.0 1377.0 114.0 695.0 2553.4826594971487
0.0 1393.0 111.0 620.0 2424.0420700471004
0.0 1420.0 96.0 558.0 2138.8194857981525
38.0 1550.0 34.0 241.0 837.5750476308658
55.0 1567.0 32.0 155.0 684.071840913369
15.0 1437.0 106.0 368.0 1925.6606250753903
0.0 1373.0 117.0 699.0 2589.891026777576
0.0 1283.0 167.0 889.0 3517.248676453138
0.0 1432.0 90.0 535.0 1996.8393349676894
0.0 1318.0 154.0 748.0 3197.1414238611355
18.0 1529.0 57.0 216.0 1059.7812017231083
16.0 1527.0 59.0 225.0 1080.9990315518264
20.0 1445.0 104.0 332.0 1831.3540307650348
20.0 1383.0 140.0 460.0 2477.9723398035903
20.0 1532.0 57.0 197.0 1030.02240704115
11.0 1426.0 110.0 416.0 2039.0641644091952
26.0 1539.0 55.0 165.0 961.3453534478627
38.0 1550.0 34.0 241.0 837.5750476308658
0.0 1402.0 101.0 654.0 2320.730597382221
0.0 1358.0 127.0 720.0 2733.8510748227786
22.0 1459.0 96.0 303.0 1714.8734276763269
0.0 1402.0 101.0 654.0 2320.730597382221
42.0 1555.0 40.0 161.0 779.5829720270029
22.0 1459.0 96.0 303.0 1714.8734276763269
22.0 1459.0 96.0 303.0 1714.8734276763269
26.0 1539.0 55.0 165.0 961.3453534478627
0.0 1393.0 111.0 620.0 2424.0420700471004
0.0 1420.0 96.0 558.0 2138.8194857981525
22.0 1534.0 57.0 180.0 1013.3741844631843
15.0 1524.0 60.0 235.0 1116.8297250647863
0.0 1413.0 99.0 584.0 2193.367789818488
48.0 1562.0 34.0 160.0 734.9538929591639
11.0 1426.0 110.0 416.0 2039.0641644091952
19.0 1531.0 57.0 206.0 1037.891274631379
0.0 1297.0 170.0 793.0 3377.5133756405817
11.0 1499.0 63.0 328.0 1346.8576544767009
18.0 1382.0 140.0 469.0 2492.1347030133
10.0 1495.0 63.0 351.0 1385.1522180740026
18.0 1382.0 140.0 469.0 2492.1347030133
47.0 1561.0 34.0 164.0 743.778066745465
7.0 1422.0 110.0 452.0 2087.209710369966
0.0 1324.0 138.0 855.0 3120.4126505272593
18.0 1382.0 140.0 469.0 2492.1347030133
0.0 1324.0 138.0 855.0 3120.4126505272593
7.0 1422.0 110.0 452.0 2087.209710369966
10.0 1495.0 63.0 351.0 1385.1522180740026
18.0 1382.0 140.0 469.0 2492.1347030133
33.0 1544.0 38.0 252.0 886.387706563555
23.0 1462.0 94.0 295.0 1686.0959718339216
0.0 1324.0 138.0 855.0 3120.4126505272593
7.0 1328.0 152.0 674.0 3086.908260285889
45.0 1558.0 36.0 165.0 761.4891965909636
30.0 1543.0 50.0 172.0 900.5468067178317
10.0 1498.0 63.0 338.0 1357.8425281177983
39.0 1552.0 41.0 172.0 807.7114299103617
15.0 1524.0 60.0 235.0 1116.8297250647863
1.0 1298.0 170.0 784.0 3364.7402270827674
15.0 1524.0 60.0 235.0 1116.8297250647863
1.0 1470.0 74.0 451.0 1636.2308184350788
15.0 1524.0 60.0 235.0 1116.8297250647863
1.0 1470.0 74.0 451.0 1636.2308184350788
10.0 1493.0 65.0 351.0 1401.1321839837176
39.0 1552.0 41.0 172.0 807.7114299103617
13.0 1521.0 56.0 292.0 1142.7313623586056
5.0 1482.0 70.0 412.0 1539.6791666456945
1.0 1278.0 167.0 926.0 3580.9244817548138
10.0 1498.0 63.0 338.0 1357.8425281177983
15.0 1524.0 60.0 235.0 1116.8297250647863
15.0 1524.0 60.0 235.0 1116.8297250647863
15.0 1437.0 106.0 368.0 1925.6606250753903
5.0 1482.0 70.0 412.0 1539.6791666456945
0.0 1374.0 116.0 699.0 2577.677646260206
45.0 1558.0 36.0 165.0 761.4891965909636
1.0 1470.0 74.0 451.0 1636.2308184350788
10.0 1492.0 65.0 357.0 1409.8082037773586
20.0 1383.0 140.0 460.0 2477.9723398035903
15.0 1436.0 107.0 368.0 1933.3454634033756
18.0 1529.0 57.0 216.0 1059.7812017231083
30.0 1542.0 50.0 174.0 906.7504876342462
0.0 1449.0 82.0 501.0 1864.2095029269342
7.0 1327.0 153.0 674.0 3099.158700367724
11.0 1499.0 63.0 328.0 1346.8576544767009
2.0 1477.0 71.0 442.0 1591.3808548933844
13.0 1434.0 107.0 385.0 1956.3706230449268
10.0 1365.0 146.0 550.0 2676.907689063274
0.0 1359.0 126.0 720.0 2726.166236494793
10.0 1492.0 65.0 357.0 1409.8082037773586
0.0 1359.0 126.0 720.0 2726.166236494793
20.0 1383.0 140.0 460.0 2477.9723398035903
16.0 1376.0 142.0 490.0 2558.783306063545
0.0 1393.0 111.0 620.0 2424.0420700471004
44.0 1556.0 38.0 162.0 768.6801849148634
0.0 1431.0 90.0 539.0 2007.9780193716526
0.0 1284.0 162.0 934.0 3496.1951011558954
13.0 1520.0 56.0 296.0 1153.8700467625688
0.0 1284.0 162.0 934.0 3496.1951011558954
38.0 1550.0 34.0 241.0 837.5750476308658
27.0 1466.0 92.0 283.0 1639.9895293326836
23.0 1462.0 94.0 295.0 1686.0959718339216
0.0 1431.0 90.0 539.0 2007.9780193716526
0.0 1356.0 125.0 758.0 2749.711267089033
8.0 1423.0 110.0 443.0 2075.498341232988
20.0 1532.0 57.0 197.0 1030.02240704115
25.0 1464.0 93.0 286.0 1668.8634008510708
0.0 1284.0 162.0 934.0 3496.1951011558954
6.0 1481.0 73.0 394.0 1544.2894391443326
25.0 1464.0 93.0 286.0 1668.8634008510708
0.0 1355.0 125.0 768.0 2760.617222460714
0.0 1342.0 129.0 826.0 2950.3765522292324
48.0 1562.0 34.0 160.0 734.9538929591639
0.0 1393.0 111.0 620.0 2424.0420700471004
13.0 1521.0 56.0 292.0 1142.7313623586056
25.0 1464.0 93.0 286.0 1668.8634008510708
13.0 1434.0 107.0 385.0 1956.3706230449268
13.0 1521.0 56.0 292.0 1142.7313623586056
0.0 1458.0 80.0 479.0 1754.3052117646243
44.0 1556.0 38.0 162.0 768.6801849148634
6.0 1481.0 73.0 394.0 1544.2894391443326
0.0 1402.0 101.0 654.0 2320.730597382221
7.0 1327.0 153.0 674.0 3099.158700367724
1.0 1466.0 75.0 464.0 1671.8503802415416
0.0 1344.0 129.0 810.0 2924.7043735748407
0.0 1407.0 101.0 606.0 2280.908147385191
4.0 1481.0 70.0 422.0 1550.664040286792
1.0 1466.0 75.0 464.0 1671.8503802415416
24.0 1536.0 56.0 174.0 986.9215855767883
0.0 1297.0 170.0 793.0 3377.5133756405817
0.0 1297.0 170.0 793.0 3377.5133756405817
6.0 1483.0 70.0 403.0 1527.727332418374
4.0 1481.0 70.0 422.0 1550.664040286792
0.0 1297.0 170.0 793.0 3377.5133756405817
9.0 1334.0 149.0 652.0 3024.9342753370684
29.0 1539.0 43.0 249.0 933.0615999569412
29.0 1539.0 43.0 249.0 933.0615999569412
0.0 1392.0 112.0 620.0 2436.2925101289356
9.0 1334.0 149.0 652.0 3024.9342753370684
15.0 1436.0 107.0 368.0 1933.3454634033756
0.0 1456.0 80.0 488.0 1771.1012508391384
0.0 1449.0 82.0 501.0 1864.2095029269342
9.0 1334.0 149.0 652.0 3024.9342753370684
9.0 1334.0 149.0 652.0 3024.9342753370684
0.0 1449.0 82.0 501.0 1864.2095029269342
0.0 1449.0 82.0 501.0 1864.2095029269342
0.0 1441.0 88.0 511.0 1918.4647622561483
2.0 1477.0 71.0 442.0 1591.3808548933844
2.0 1477.0 71.0 442.0 1591.3808548933844
0.0 1431.0 90.0 539.0 2007.9780193716526
1.0 1467.0 74.0 464.0 1664.1655419135564
0.0 1431.0 90.0 539.0 2007.9780193716526
33.0 1546.0 48.0 165.0 871.9867510477335
16.0 1375.0 143.0 490.0 2570.996686580914
16.0 1375.0 143.0 490.0 2570.996686580914
13.0 1521.0 56.0 292.0 1142.7313623586056
28.0 1538.0 44.0 249.0 947.5665686837117
0.0 1318.0 154.0 748.0 3197.1414238611355
10.0 1492.0 65.0 357.0 1409.8082037773586
0.0 1342.0 129.0 826.0 2950.3765522292324
16.0 1375.0 143.0 490.0 2570.996686580914
42.0 1555.0 40.0 161.0 779.5829720270029
0.0 1449.0 82.0 501.0 1864.2095029269342
28.0 1541.0 53.0 165.0 933.4692848850681
35.0 1548.0 46.0 165.0 847.734141310631
35.0 1548.0 46.0 165.0 847.734141310631
0.0 1403.0 101.0 644.0 2311.9942904942136
51.0 1566.0 33.0 155.0 697.7020256757121
51.0 1566.0 33.0 155.0 697.7020256757121
51.0 1566.0 33.0 155.0 697.7020256757121
51.0 1566.0 33.0 155.0 697.7020256757121
13.0 1520.0 56.0 296.0 1153.8700467625688
51.0 1566.0 33.0 155.0 697.7020256757121
51.0 1566.0 33.0 155.0 697.7020256757121
13.0 1520.0 56.0 296.0 1153.8700467625688
51.0 1566.0 33.0 155.0 697.7020256757121
13.0 1520.0 56.0 296.0 1153.8700467625688
13.0 1520.0 56.0 296.0 1153.8700467625688
0.0 1283.0 167.0 889.0 3517.248676453138
12.0 1500.0 63.0 319.0 1335.1462853397227
1.0 1278.0 167.0 926.0 3580.9244817548138
12.0 1500.0 63.0 319.0 1335.1462853397227
35.0 1546.0 37.0 242.0 865.6075537914408
1.0 1278.0 167.0 926.0 3580.9244817548138
0.0 1318.0 154.0 748.0 3197.1414238611355
0.0 1407.0 101.0 606.0 2280.908147385191
0.0 1373.0 117.0 699.0 2589.891026777576
10.0 1365.0 146.0 550.0 2676.907689063274
29.0 1542.0 52.0 165.0 921.3029831630608
12.0 1500.0 63.0 319.0 1335.1462853397227
0.0 1420.0 96.0 558.0 2138.8194857981525
0.0 1420.0 96.0 558.0 2138.8194857981525
0.0 1413.0 99.0 584.0 2193.367789818488
0.0 1413.0 99.0 584.0 2193.367789818488
0.0 1325.0 138.0 845.0 3111.6763436392525
0.0 1318.0 154.0 748.0 3197.1414238611355
0.0 1376.0 114.0 699.0 2564.621343901112
10.0 1495.0 63.0 351.0 1385.1522180740026
10.0 1495.0 63.0 351.0 1385.1522180740026
0.0 1377.0 114.0 695.0 2553.4826594971487
0.0 1375.0 115.0 699.0 2569.9928079322212
0.0 1356.0 125.0 758.0 2749.711267089033
0.0 1432.0 90.0 535.0 1996.8393349676894
0.0 1432.0 90.0 535.0 1996.8393349676894
1.0 1468.0 74.0 460.0 1653.026857509593
0.0 1358.0 127.0 720.0 2733.8510748227786
0.0 1441.0 88.0 511.0 1918.4647622561483
20.0 1445.0 104.0 332.0 1831.3540307650348
20.0 1445.0 104.0 332.0 1831.3540307650348
10.0 1498.0 63.0 338.0 1357.8425281177983
0.0 1431.0 90.0 539.0 2007.9780193716526
3.0 1472.0 74.0 432.0 1613.5345756570032
13.0 1434.0 107.0 385.0 1956.3706230449268
1.0 1467.0 74.0 464.0 1664.1655419135564
