0.0 1721.0 78.0 133.0 1242.077492843245
0.0 1699.0 87.0 187.0 1426.3117529843018
0.0 1753.0 44.0 143.0 909.6159675279492
0.0 1769.0 30.0 157.0 747.2175505600193
0.0 1617.0 146.0 277.0 2222.260195099683
0.0 1237.0 318.0 1480.0 5939.119161142561
0.0 1667.0 72.0 419.0 1761.5983371623367
0.0 1473.0 222.0 627.0 3598.438780450839
0.0 1747.0 43.0 172.0 955.6361261887362
0.0 1657.0 117.0 228.0 1813.650187332809
0.0 1399.0 210.0 1148.0 4365.131369538847
0.0 1747.0 43.0 172.0 955.6361261887362
0.0 1709.0 83.0 158.0 1358.0261478800494
0.0 1699.0 87.0 187.0 1426.3117529843018
0.0 1347.0 243.0 1259.0 4845.116699771592
0.0 1659.0 74.0 453.0 1844.292742276258
0.0 1563.0 125.0 678.0 2752.0642122993063
0.0 1687.0 97.0 198.0 1539.3558126108887
0.0 1747.0 43.0 172.0 955.6361261887362
0.0 1611.0 99.0 569.0 2299.249283430641
0.0 1543.0 133.0 759.0 2954.617250003224
0.0 1699.0 87.0 187.0 1426.3117529843018
0.0 1515.0 144.0 861.0 3237.673078834446
0.0 1507.0 147.0 892.0 3315.379543817349
0.0 1617.0 146.0 277.0 2222.260195099683
0.0 1473.0 222.0 627.0 3598.438780450839
0.0 1603.0 102.0 604.0 2373.6118122381936
0.0 1829.0 6.0 45.0 196.98892616431797
0.0 1507.0 147.0 892.0 3315.379543817349
0.0 1617.0 146.0 277.0 2222.260195099683
0.0 1485.0 161.0 963.0 3509.881886841788
0.0 1721.0 78.0 133.0 1242.077492843245
0.0 1325.0 284.0 1117.0 5061.4929689289365
0.0 1627.0 141.0 261.0 2119.6222114037046
0.0 1629.0 131.0 285.0 2079.377552088205
0.0 1537.0 131.0 825.0 3042.8224223299153
0.0 1507.0 147.0 892.0 3315.379543817349
0.0 1399.0 210.0 1148.0 4365.131369538847
0.0 1769.0 30.0 157.0 747.2175505600193
0.0 1429.0 240.0 763.0 4025.779205235962
0.0 1499.0 208.0 554.0 3342.924583289327
0.0 1307.0 292.0 1183.0 5249.645026248897
0.0 1537.0 131.0 825.0 3042.8224223299153
0.0 1515.0 144.0 861.0 3237.673078834446
0.0 1835.0 5.0 34.0 140.65672881970477
0.0 1641.0 128.0 258.0 1964.9692895958601
0.0 1399.0 210.0 1148.0 4365.131369538847
0.0 1759.0 58.0 83.0 860.657645109087
0.0 1325.0 284.0 1117.0 5061.4929689289365
0.0 1673.0 110.0 197.0 1679.838787117827
0.0 1629.0 131.0 285.0 2079.377552088205
0.0 1627.0 141.0 261.0 2119.6222114037046
0.0 1307.0 292.0 1183.0 5249.645026248897
0.0 1733.0 50.0 197.0 1112.2459543262937
0.0 1447.0 180.0 1076.0 3876.2826494749975
0.0 1363.0 268.0 981.0 4673.861934714048
0.0 1801.0 25.0 56.0 456.58861023766485
0.0 1363.0 268.0 981.0 4673.861934714048
0.0 1485.0 161.0 963.0 3509.881886841788
0.0 1683.0 62.0 383.0 1627.9839555931349
0.0 1571.0 172.0 372.0 2667.009924051123
0.0 1843.0 3.0 26.0 63.58086699041833
0.0 1843.0 3.0 26.0 63.58086699041833
0.0 1363.0 268.0 981.0 4673.861934714048
0.0 1659.0 74.0 453.0 1844.292742276258
0.0 1843.0 3.0 26.0 63.58086699041833
0.0 1363.0 268.0 981.0 4673.861934714048
0.0 1249.0 313.0 1434.0 5797.623058186957
0.0 1785.0 28.0 93.0 614.8127382772838
0.0 1843.0 3.0 26.0 63.58086699041833
0.0 1715.0 48.0 319.0 1288.9354711468025
0.0 1379.0 267.0 917.0 4523.553028595893
0.0 1249.0 313.0 1434.0 5797.623058186957
0.0 1843.0 3.0 26.0 63.58086699041833
0.0 1843.0 3.0 26.0 63.58086699041833
0.0 1843.0 3.0 26.0 63.58086699041833
0.0 1843.0 3.0 26.0 63.58086699041833
0.0 1715.0 48.0 319.0 1288.9354711468025
0.0 1843.0 3.0 26.0 63.58086699041833
0.0 1843.0 3.0 26.0 63.58086699041833
0.0 1843.0 3.0 26.0 63.58086699041833
0.0 1511.0 209.0 501.0 3237.52876274064
0.0 1465.0 170.0 1026.0 3705.113249877965
0.0 1743.0 62.0 117.0 1008.9844769840574
0.0 1443.0 233.0 724.0 3897.9029514703675
0.0 1443.0 233.0 724.0 3897.9029514703675
0.0 1635.0 88.0 495.0 2082.814495221667
0.0 1677.0 101.0 216.0 1616.8110063353377
0.0 1485.0 217.0 586.0 3488.374110515801
0.0 1457.0 227.0 683.0 3733.8687910757185
0.0 1583.0 109.0 684.0 2591.1093830895393
0.0 1617.0 146.0 277.0 2222.260195099683
0.0 1583.0 109.0 684.0 2591.1093830895393
0.0 1531.0 134.0 842.0 3094.0544473345253
0.0 1591.0 157.0 342.0 2465.3025617079925
0.0 1785.0 28.0 93.0 614.8127382772838
0.0 1617.0 96.0 552.0 2248.017258426031
0.0 1571.0 172.0 372.0 2667.009924051123
0.0 1707.0 52.0 327.0 1379.3735383245871
0.0 1583.0 109.0 684.0 2591.1093830895393
0.0 1277.0 304.0 1306.0 5530.901141706527
0.0 1831.0 6.0 39.0 175.24399830907626
0.0 1729.0 45.0 261.0 1139.2974794794968
0.0 1729.0 45.0 261.0 1139.2974794794968
0.0 1641.0 128.0 258.0 1964.9692895958601
0.0 1829.0 7.0 39.0 199.63285176230036
0.0 1823.0 12.0 41.0 252.49235601215534
0.0 1691.0 58.0 367.0 1544.8770992137506
0.0 1773.0 36.0 104.0 719.4268886184122
0.0 1729.0 45.0 261.0 1139.2974794794968
0.0 1677.0 101.0 216.0 1616.8110063353377
0.0 1691.0 58.0 367.0 1544.8770992137506
0.0 1531.0 134.0 842.0 3094.0544473345253
0.0 1583.0 109.0 684.0 2591.1093830895393
0.0 1691.0 58.0 367.0 1544.8770992137506
0.0 1821.0 10.0 60.0 258.8233905711428
0.0 1781.0 42.0 65.0 644.6760360582612
0.0 1659.0 74.0 453.0 1844.292742276258
0.0 1347.0 243.0 1259.0 4845.116699771592
0.0 1485.0 217.0 586.0 3488.374110515801
0.0 1831.0 6.0 39.0 175.24399830907626
0.0 1429.0 240.0 763.0 4025.779205235962
0.0 1485.0 217.0 586.0 3488.374110515801
0.0 1511.0 209.0 501.0 3237.52876274064
0.0 1673.0 110.0 197.0 1679.838787117827
0.0 1347.0 243.0 1259.0 4845.116699771592
0.0 1499.0 208.0 554.0 3342.924583289327
0.0 1277.0 302.0 1320.0 5509.695870748314
0.0 1551.0 177.0 441.0 2861.825148560355
0.0 1821.0 10.0 60.0 258.8233905711428
0.0 1511.0 209.0 501.0 3237.52876274064
0.0 1543.0 191.0 423.0 2930.0900917605018
0.0 1507.0 204.0 533.0 3284.091585015705
0.0 1347.0 243.0 1259.0 4845.116699771592
0.0 1605.0 153.0 303.0 2336.4470594683585
0.0 1629.0 129.0 296.0 2078.7748959038126
0.0 1831.0 6.0 39.0 175.24399830907626
0.0 1731.0 51.0 197.0 1142.640507089656
0.0 1565.0 118.0 726.0 2767.6727223371195
0.0 1565.0 118.0 726.0 2767.6727223371195
0.0 1589.0 158.0 345.0 2487.3849036706865
0.0 1467.0 170.0 1013.0 3680.5815891229186
0.0 1421.0 246.0 777.0 4102.185476970463
0.0 1683.0 62.0 383.0 1627.9839555931349
0.0 1237.0 318.0 1480.0 5939.119161142561
0.0 1421.0 246.0 777.0 4102.185476970463
0.0 1641.0 79.0 538.0 2042.4502211621468
0.0 1465.0 170.0 1026.0 3705.113249877965
0.0 1611.0 99.0 569.0 2299.249283430641
0.0 1455.0 175.0 1057.0 3799.4595650747983
0.0 1353.0 273.0 1018.0 4752.004812350937
0.0 1237.0 318.0 1480.0 5939.119161142561
0.0 1237.0 318.0 1480.0 5939.119161142561
0.0 1611.0 99.0 569.0 2299.249283430641
0.0 1801.0 25.0 56.0 456.58861023766485
0.0 1603.0 102.0 604.0 2373.6118122381936
0.0 1669.0 113.0 200.0 1715.8693413499475
0.0 1669.0 113.0 200.0 1715.8693413499475
0.0 1237.0 318.0 1480.0 5939.119161142561
0.0 1237.0 318.0 1480.0 5939.119161142561
0.0 1237.0 318.0 1480.0 5939.119161142561
0.0 1571.0 172.0 372.0 2667.009924051123
0.0 1421.0 246.0 777.0 4102.185476970463
0.0 1577.0 118.0 645.0 2617.725330915314
0.0 1627.0 131.0 296.0 2097.3700918380987
0.0 1669.0 113.0 200.0 1715.8693413499475
0.0 1721.0 78.0 133.0 1242.077492843245
0.0 1241.0 317.0 1457.0 5892.837385196768
0.0 1237.0 318.0 1480.0 5939.119161142561
0.0 1677.0 101.0 216.0 1616.8110063353377
0.0 1759.0 58.0 83.0 860.657645109087
0.0 1421.0 246.0 777.0 4102.185476970463
0.0 1795.0 26.0 70.0 522.2659201314818
0.0 1801.0 25.0 56.0 456.58861023766485
0.0 1801.0 25.0 56.0 456.58861023766485
0.0 1277.0 302.0 1320.0 5509.695870748314
0.0 1429.0 240.0 763.0 4025.779205235962
0.0 1465.0 170.0 1026.0 3705.113249877965
0.0 1517.0 197.0 516.0 3186.963263268259
0.0 1713.0 81.0 149.0 1316.7190728311928
0.0 1691.0 58.0 367.0 1544.8770992137506
0.0 1249.0 317.0 1412.0 5812.20464088052
0.0 1807.0 14.0 84.0 403.75023705058493
0.0 1807.0 14.0 84.0 403.75023705058493
0.0 1447.0 180.0 1076.0 3876.2826494749975
0.0 1565.0 118.0 726.0 2767.6727223371195
0.0 1447.0 180.0 1076.0 3876.2826494749975
0.0 1559.0 181.0 394.0 2773.657564194655
0.0 1807.0 14.0 84.0 403.75023705058493
0.0 1559.0 181.0 394.0 2773.657564194655
0.0 1399.0 259.0 837.0 4320.44124121825
0.0 1399.0 259.0 837.0 4320.44124121825
0.0 1559.0 181.0 394.0 2773.657564194655
0.0 1307.0 292.0 1183.0 5249.645026248897
0.0 1713.0 81.0 149.0 1316.7190728311928
0.0 1641.0 79.0 538.0 2042.4502211621468
0.0 1307.0 292.0 1183.0 5249.645026248897
0.0 1691.0 58.0 367.0 1544.8770992137506
0.0 1455.0 175.0 1057.0 3799.4595650747983
0.0 1743.0 62.0 117.0 1008.9844769840574
0.0 1603.0 102.0 604.0 2373.6118122381936
0.0 1743.0 62.0 117.0 1008.9844769840574
0.0 1619.0 144.0 277.0 2200.703507563635
0.0 1759.0 58.0 83.0 860.657645109087
0.0 1241.0 317.0 1457.0 5892.837385196768
0.0 1795.0 26.0 70.0 522.2659201314818
0.0 1267.0 307.0 1351.0 5631.569781321023
0.0 1659.0 74.0 453.0 1844.292742276258
0.0 1267.0 307.0 1351.0 5631.569781321023
0.0 1713.0 81.0 149.0 1316.7190728311928
0.0 1543.0 191.0 423.0 2930.0900917605018
0.0 1775.0 33.0 109.0 692.0768863912459
0.0 1785.0 21.0 143.0 603.5159336717802
0.0 1807.0 14.0 84.0 403.75023705058493
0.0 1775.0 33.0 109.0 692.0768863912459
0.0 1807.0 14.0 84.0 403.75023705058493
0.0 1837.0 4.0 33.0 126.02882406294208
0.0 1335.0 279.0 1084.0 4944.52852672838
0.0 1457.0 227.0 683.0 3733.8687910757185
0.0 1335.0 279.0 1084.0 4944.52852672838
0.0 1837.0 4.0 33.0 126.02882406294208
0.0 1583.0 165.0 345.0 2546.166799275375
0.0 1657.0 117.0 228.0 1813.650187332809
0.0 1683.0 61.0 397.0 1620.640784973407
0.0 1399.0 210.0 1148.0 4365.131369538847
0.0 1739.0 47.0 188.0 1038.7429825681204
0.0 1657.0 117.0 228.0 1813.650187332809
0.0 1657.0 117.0 228.0 1813.650187332809
0.0 1645.0 81.0 486.0 1984.3670779729912
0.0 1645.0 81.0 486.0 1984.3670779729912
0.0 1399.0 210.0 1148.0 4365.131369538847
0.0 1775.0 33.0 109.0 692.0768863912459
0.0 1759.0 58.0 83.0 860.657645109087
0.0 1759.0 58.0 83.0 860.657645109087
0.0 1721.0 78.0 133.0 1242.077492843245
0.0 1725.0 46.0 274.0 1186.3737816267608
0.0 1629.0 91.0 512.0 2134.046520226277
0.0 1725.0 46.0 274.0 1186.3737816267608
0.0 1775.0 33.0 109.0 692.0768863912459
0.0 1707.0 52.0 327.0 1379.3735383245871
0.0 1763.0 31.0 180.0 821.6414892406862
0.0 1569.0 122.0 661.0 2700.8321872946963
0.0 1569.0 122.0 661.0 2700.8321872946963
0.0 1583.0 165.0 345.0 2546.166799275375
0.0 1507.0 147.0 892.0 3315.379543817349
0.0 1583.0 165.0 345.0 2546.166799275375
0.0 1773.0 36.0 104.0 719.4268886184122
0.0 1525.0 192.0 503.0 3097.8542600482183
0.0 1643.0 126.0 258.0 1943.4126020598117
0.0 1543.0 191.0 423.0 2930.0900917605018
0.0 1815.0 14.0 55.0 333.9138765527821
0.0 1457.0 227.0 683.0 3733.8687910757185
0.0 1605.0 153.0 303.0 2336.4470594683585
0.0 1543.0 191.0 423.0 2930.0900917605018
0.0 1543.0 191.0 423.0 2930.0900917605018
0.0 1739.0 47.0 188.0 1038.7429825681204
0.0 1605.0 153.0 303.0 2336.4470594683585
0.0 1785.0 21.0 143.0 603.5159336717802
0.0 1527.0 143.0 789.0 3101.8551633952925
0.0 1585.0 161.0 352.0 2516.553832015184
0.0 1785.0 21.0 143.0 603.5159336717802
0.0 1815.0 14.0 55.0 333.9138765527821
0.0 1543.0 191.0 423.0 2930.0900917605018
0.0 1499.0 208.0 554.0 3342.924583289327
0.0 1829.0 7.0 39.0 199.63285176230036
0.0 1829.0 7.0 39.0 199.63285176230036
0.0 1379.0 267.0 917.0 4523.553028595893
0.0 1705.0 53.0 330.0 1401.4558802872814
0.0 1763.0 31.0 180.0 821.6414892406862
0.0 1667.0 72.0 419.0 1761.5983371623367
0.0 1705.0 53.0 330.0 1401.4558802872814
0.0 1401.0 258.0 832.0 4297.045662796303
0.0 1401.0 258.0 832.0 4297.045662796303
0.0 1543.0 133.0 759.0 2954.617250003224
0.0 1543.0 133.0 759.0 2954.617250003224
0.0 1841.0 4.0 27.0 78.20877174718103
0.0 1591.0 157.0 342.0 2465.3025617079925
0.0 1517.0 197.0 516.0 3186.963263268259
0.0 1645.0 81.0 486.0 1984.3670779729912
0.0 1617.0 96.0 552.0 2248.017258426031
0.0 1629.0 91.0 512.0 2134.046520226277
0.0 1507.0 147.0 892.0 3315.379543817349
0.0 1785.0 21.0 143.0 603.5159336717802
0.0 1843.0 3.0 26.0 63.58086699041833
0.0 1843.0 3.0 26.0 63.58086699041833
0.0 1747.0 43.0 172.0 955.6361261887362
0.0 1843.0 3.0 26.0 63.58086699041833
0.0 1843.0 3.0 26.0 63.58086699041833
0.0 1843.0 3.0 26.0 63.58086699041833
0.0 1843.0 3.0 26.0 63.58086699041833
0.0 1815.0 14.0 55.0 333.9138765527821
0.0 1675.0 103.0 216.0 1637.1496473187822
0.0 1277.0 304.0 1306.0 5530.901141706527
0.0 1843.0 3.0 26.0 63.58086699041833
0.0 1843.0 3.0 26.0 63.58086699041833
0.0 1683.0 61.0 397.0 1620.640784973407
0.0 1657.0 117.0 228.0 1813.650187332809
0.0 1473.0 222.0 627.0 3598.438780450839
0.0 1747.0 43.0 172.0 955.6361261887362
0.0 1721.0 78.0 133.0 1242.077492843245
