0.0 1403.0 207.0 1135.0 4291.6670496813385
0.0 1417.0 236.0 839.0 4118.950736459719
0.0 1579.0 157.0 385.0 2541.830518051227
0.0 1687.0 90.0 210.0 1476.8484269952805
0.0 1403.0 207.0 1135.0 4291.6670496813385
0.0 1609.0 142.0 321.0 2252.361671634332
0.0 1687.0 90.0 210.0 1476.8484269952805
0.0 1621.0 95.0 557.0 2157.913187267689
0.0 1355.0 265.0 1036.0 4747.126493237033
0.0 1275.0 304.0 1308.0 5530.559217329413
0.0 1305.0 286.0 1225.0 5216.893969055983
0.0 1275.0 304.0 1308.0 5530.559217329413
0.0 1403.0 207.0 1135.0 4291.6670496813385
0.0 1639.0 119.0 289.0 1963.7477067028044
0.0 1643.0 123.0 265.0 1927.8356557587479
0.0 1403.0 207.0 1135.0 4291.6670496813385
0.0 1691.0 73.0 291.0 1423.0377193497723
0.0 1247.0 315.0 1425.0 5833.381235754
0.0 1403.0 207.0 1135.0 4291.6670496813385
0.0 1467.0 173.0 963.0 3667.774929226071
0.0 1529.0 179.0 527.0 3028.9492924557276
0.0 1609.0 142.0 321.0 2252.361671634332
0.0 1579.0 157.0 385.0 2541.830518051227
0.0 1697.0 60.0 382.0 1427.2347302414703
0.0 1291.0 295.0 1264.0 5348.7759223997
0.0 1435.0 191.0 1057.0 3992.250838480424
0.0 1567.0 117.0 737.0 2686.723237478197
0.0 1665.0 79.0 402.0 1698.2130767020997
0.0 1669.0 100.0 250.0 1672.2327698485865
0.0 1245.0 315.0 1438.0 5848.967881776309
0.0 1433.0 231.0 780.0 3981.043805397052
0.0 1595.0 107.0 633.0 2394.656538511578
0.0 1789.0 28.0 75.0 545.2368540733287
0.0 1417.0 236.0 839.0 4118.950736459719
0.0 1379.0 253.0 960.0 4472.954949863073
0.0 1665.0 107.0 238.0 1702.3718950059397
0.0 1245.0 315.0 1438.0 5848.967881776309
0.0 1519.0 145.0 809.0 3159.8209701666856
0.0 1545.0 177.0 476.0 2856.852124847516
0.0 1843.0 3.0 26.0 63.58086699041833
0.0 1417.0 236.0 839.0 4118.950736459719
0.0 1811.0 16.0 67.0 332.24218344196623
0.0 1513.0 190.0 554.0 3185.4898127736637
0.0 1665.0 107.0 238.0 1702.3718950059397
0.0 1665.0 107.0 238.0 1702.3718950059397
0.0 1665.0 107.0 238.0 1702.3718950059397
0.0 1833.0 6.0 37.0 155.66120857589115
0.0 1721.0 50.0 305.0 1208.1473564597952
0.0 1665.0 107.0 238.0 1702.3718950059397
0.0 1467.0 173.0 963.0 3667.774929226071
0.0 1393.0 245.0 926.0 4339.623557013308
0.0 1393.0 245.0 926.0 4339.623557013308
0.0 1829.0 8.0 44.0 182.39447483291846
0.0 1377.0 254.0 965.0 4503.0398579319535
0.0 1631.0 131.0 281.0 2033.5947777109236
0.0 1719.0 73.0 156.0 1193.974022257604
0.0 1609.0 142.0 321.0 2252.361671634332
0.0 1839.0 4.0 29.0 104.78853667324111
0.0 1469.0 215.0 677.0 3606.992195597984
0.0 1665.0 107.0 238.0 1702.3718950059397
0.0 1687.0 90.0 210.0 1476.8484269952805
0.0 1513.0 190.0 554.0 3185.4898127736637
0.0 1669.0 100.0 250.0 1672.2327698485865
0.0 1443.0 225.0 753.0 3875.2181130174167
0.0 1755.0 48.0 115.0 867.2411045562143
0.0 1469.0 215.0 677.0 3606.992195597984
0.0 1563.0 168.0 412.0 2698.371038369163
0.0 1731.0 67.0 135.0 1091.5563669249539
0.0 1563.0 168.0 412.0 2698.371038369163
0.0 1755.0 48.0 115.0 867.2411045562143
0.0 1813.0 15.0 63.0 314.56930116270644
0.0 1843.0 3.0 26.0 63.58086699041833
0.0 1843.0 3.0 26.0 63.58086699041833
0.0 1843.0 3.0 26.0 63.58086699041833
0.0 1843.0 3.0 26.0 63.58086699041833
0.0 1843.0 3.0 26.0 63.58086699041833
0.0 1469.0 215.0 677.0 3606.992195597984
0.0 1843.0 3.0 26.0 63.58086699041833
0.0 1843.0 3.0 26.0 63.58086699041833
0.0 1519.0 145.0 809.0 3159.8209701666856
0.0 1519.0 145.0 809.0 3159.8209701666856
0.0 1735.0 56.0 159.0 1048.7320663894868
0.0 1519.0 145.0 809.0 3159.8209701666856
0.0 1603.0 144.0 332.0 2310.0899470964164
0.0 1407.0 242.0 866.0 4224.776428839356
0.0 1555.0 120.0 776.0 2797.6767327877315
0.0 1843.0 3.0 26.0 63.58086699041833
0.0 1713.0 55.0 313.0 1269.4524571403638
0.0 1843.0 3.0 26.0 63.58086699041833
0.0 1579.0 157.0 385.0 2541.830518051227
0.0 1799.0 23.0 61.0 468.7377966158959
0.0 1657.0 77.0 483.0 1813.683838700809
0.0 1237.0 318.0 1480.0 5939.119161142561
0.0 1237.0 318.0 1480.0 5939.119161142561
0.0 1367.0 259.0 995.0 4608.764677040415
0.0 1367.0 259.0 995.0 4608.764677040415
0.0 1287.0 298.0 1273.0 5394.7494901520695
0.0 1237.0 318.0 1480.0 5939.119161142561
0.0 1825.0 11.0 40.0 222.3384113375508
0.0 1843.0 3.0 26.0 63.58086699041833
0.0 1655.0 82.0 443.0 1801.3428186965887
0.0 1777.0 34.0 101.0 644.8523833978501
0.0 1755.0 48.0 115.0 867.2411045562143
0.0 1331.0 278.0 1114.0 4960.571073600055
0.0 1705.0 81.0 176.0 1326.580956749227
0.0 1755.0 48.0 115.0 867.2411045562143
0.0 1659.0 80.0 426.0 1770.4687679731571
0.0 1799.0 23.0 61.0 468.7377966158959
0.0 1603.0 144.0 332.0 2310.0899470964164
0.0 1603.0 144.0 332.0 2310.0899470964164
0.0 1567.0 166.0 404.0 2660.5820748323604
0.0 1603.0 144.0 332.0 2310.0899470964164
0.0 1331.0 278.0 1114.0 4960.571073600055
0.0 1623.0 134.0 302.0 2119.1260942189974
0.0 1755.0 48.0 115.0 867.2411045562143
0.0 1605.0 144.0 325.0 2296.148163535947
0.0 1799.0 23.0 61.0 468.7377966158959
0.0 1379.0 253.0 960.0 4472.954949863073
0.0 1789.0 28.0 75.0 545.2368540733287
0.0 1655.0 82.0 443.0 1801.3428186965887
0.0 1789.0 28.0 75.0 545.2368540733287
0.0 1595.0 107.0 633.0 2394.656538511578
0.0 1603.0 144.0 332.0 2310.0899470964164
0.0 1789.0 28.0 75.0 545.2368540733287
0.0 1813.0 15.0 63.0 314.56930116270644
0.0 1621.0 94.0 569.0 2148.9650521405397
0.0 1567.0 166.0 404.0 2660.5820748323604
0.0 1789.0 28.0 75.0 545.2368540733287
0.0 1741.0 45.0 210.0 972.4902888832232
0.0 1705.0 81.0 176.0 1326.580956749227
0.0 1621.0 94.0 569.0 2148.9650521405397
0.0 1653.0 118.0 249.0 1826.6075480995419
0.0 1621.0 94.0 569.0 2148.9650521405397
0.0 1511.0 191.0 561.0 3204.1952677640597
0.0 1237.0 318.0 1480.0 5939.119161142561
0.0 1361.0 263.0 1013.0 4660.158890533858
0.0 1361.0 263.0 1013.0 4660.158890533858
0.0 1237.0 318.0 1480.0 5939.119161142561
0.0 1237.0 318.0 1480.0 5939.119161142561
0.0 1513.0 190.0 554.0 3185.4898127736637
0.0 1781.0 33.0 86.0 630.0546266848047
0.0 1497.0 154.0 889.0 3363.058890188172
0.0 1237.0 318.0 1480.0 5939.119161142561
0.0 1643.0 118.0 276.0 1934.5807531022942
0.0 1823.0 11.0 47.0 236.28019489802054
0.0 1631.0 131.0 281.0 2033.5947777109236
0.0 1467.0 173.0 963.0 3667.774929226071
0.0 1631.0 131.0 281.0 2033.5947777109236
0.0 1631.0 131.0 281.0 2033.5947777109236
0.0 1665.0 79.0 402.0 1698.2130767020997
0.0 1657.0 77.0 483.0 1813.683838700809
0.0 1497.0 154.0 889.0 3363.058890188172
0.0 1765.0 39.0 122.0 767.9278711699603
0.0 1379.0 253.0 960.0 4472.954949863073
0.0 1765.0 39.0 122.0 767.9278711699603
0.0 1417.0 236.0 839.0 4118.950736459719
0.0 1407.0 242.0 866.0 4224.776428839356
0.0 1581.0 157.0 378.0 2527.888734490758
0.0 1497.0 154.0 889.0 3363.058890188172
0.0 1261.0 310.0 1367.0 5677.97827496184
0.0 1497.0 154.0 889.0 3363.058890188172
0.0 1799.0 23.0 61.0 468.7377966158959
0.0 1687.0 90.0 210.0 1476.8484269952805
0.0 1497.0 154.0 889.0 3363.058890188172
0.0 1581.0 157.0 378.0 2527.888734490758
0.0 1545.0 177.0 476.0 2856.852124847516
0.0 1403.0 207.0 1135.0 4291.6670496813385
0.0 1341.0 273.0 1083.0 4873.191449567229
0.0 1837.0 5.0 30.0 121.03727151818836
0.0 1799.0 23.0 61.0 468.7377966158959
0.0 1659.0 80.0 426.0 1770.4687679731571
0.0 1579.0 157.0 385.0 2541.830518051227
0.0 1799.0 23.0 61.0 468.7377966158959
0.0 1477.0 205.0 670.0 3546.027752440632
0.0 1817.0 14.0 52.0 286.3796346789951
0.0 1719.0 73.0 156.0 1193.974022257604
0.0 1823.0 11.0 47.0 236.28019489802054
0.0 1719.0 73.0 156.0 1193.974022257604
0.0 1503.0 190.0 600.0 3282.995794555695
0.0 1527.0 189.0 508.0 3033.283640874478
0.0 1817.0 14.0 52.0 286.3796346789951
0.0 1469.0 215.0 677.0 3606.992195597984
0.0 1825.0 11.0 40.0 222.3384113375508
0.0 1687.0 68.0 357.0 1511.9125427874592
0.0 1687.0 68.0 357.0 1511.9125427874592
0.0 1503.0 190.0 600.0 3282.995794555695
0.0 1503.0 190.0 600.0 3282.995794555695
0.0 1691.0 73.0 291.0 1423.0377193497723
0.0 1687.0 90.0 210.0 1476.8484269952805
0.0 1527.0 189.0 508.0 3033.283640874478
0.0 1527.0 189.0 508.0 3033.283640874478
0.0 1305.0 286.0 1225.0 5216.893969055983
0.0 1583.0 114.0 649.0 2527.5396469315797
0.0 1813.0 19.0 40.0 348.59324838584774
0.0 1835.0 6.0 30.0 141.71942501542148
0.0 1531.0 178.0 523.0 3009.989686317413
0.0 1545.0 177.0 476.0 2856.852124847516
0.0 1435.0 191.0 1057.0 3992.250838480424
0.0 1331.0 278.0 1114.0 4960.571073600055
0.0 1835.0 6.0 30.0 141.71942501542148
0.0 1759.0 38.0 164.0 820.8635114442098
0.0 1563.0 169.0 409.0 2702.1021370879535
0.0 1621.0 95.0 557.0 2157.913187267689
0.0 1765.0 39.0 122.0 767.9278711699603
0.0 1621.0 95.0 557.0 2157.913187267689
0.0 1731.0 67.0 135.0 1091.5563669249539
0.0 1445.0 224.0 748.0 3845.1332049485363
0.0 1445.0 224.0 748.0 3845.1332049485363
0.0 1529.0 179.0 527.0 3028.9492924557276
0.0 1445.0 224.0 748.0 3845.1332049485363
0.0 1739.0 55.0 142.0 1018.995396517173
0.0 1759.0 38.0 164.0 820.8635114442098
0.0 1697.0 60.0 382.0 1427.2347302414703
0.0 1659.0 80.0 426.0 1770.4687679731571
0.0 1595.0 107.0 633.0 2394.656538511578
0.0 1595.0 107.0 633.0 2394.656538511578
0.0 1595.0 107.0 633.0 2394.656538511578
0.0 1621.0 94.0 569.0 2148.9650521405397
0.0 1595.0 107.0 633.0 2394.656538511578
0.0 1567.0 117.0 737.0 2686.723237478197
0.0 1621.0 94.0 569.0 2148.9650521405397
0.0 1341.0 273.0 1083.0 4873.191449567229
0.0 1299.0 290.0 1238.0 5285.436201089013
0.0 1275.0 304.0 1308.0 5530.559217329413
0.0 1843.0 3.0 26.0 63.58086699041833
0.0 1563.0 168.0 412.0 2698.371038369163
0.0 1843.0 3.0 26.0 63.58086699041833
0.0 1843.0 3.0 26.0 63.58086699041833
0.0 1275.0 304.0 1308.0 5530.559217329413
0.0 1843.0 3.0 26.0 63.58086699041833
0.0 1793.0 25.0 75.0 509.41284643339276
0.0 1843.0 3.0 26.0 63.58086699041833
0.0 1291.0 295.0 1264.0 5348.7759223997
0.0 1843.0 3.0 26.0 63.58086699041833
0.0 1843.0 3.0 26.0 63.58086699041833
0.0 1793.0 25.0 75.0 509.41284643339276
0.0 1563.0 168.0 412.0 2698.371038369163
0.0 1583.0 114.0 649.0 2527.5396469315797
0.0 1435.0 230.0 775.0 3950.9588973281725
0.0 1247.0 315.0 1425.0 5833.381235754
0.0 1445.0 224.0 748.0 3845.1332049485363
0.0 1691.0 73.0 291.0 1423.0377193497723
0.0 1555.0 120.0 776.0 2797.6767327877315
0.0 1555.0 120.0 776.0 2797.6767327877315
0.0 1739.0 55.0 142.0 1018.995396517173
0.0 1793.0 25.0 75.0 509.41284643339276
0.0 1817.0 14.0 52.0 286.3796346789951
0.0 1777.0 34.0 101.0 644.8523833978501
0.0 1661.0 76.0 462.0 1767.8150759252287
0.0 1541.0 132.0 779.0 2937.8672621779997
0.0 1749.0 51.0 127.0 922.7029503722757
0.0 1773.0 37.0 101.0 680.6763910377861
0.0 1315.0 281.0 1194.0 5103.652906159299
0.0 1477.0 205.0 670.0 3546.027752440632
0.0 1477.0 205.0 670.0 3546.027752440632
0.0 1477.0 205.0 670.0 3546.027752440632
0.0 1719.0 64.0 194.0 1194.0023517271616
0.0 1453.0 181.0 1006.0 3815.1408850869097
0.0 1697.0 60.0 382.0 1427.2347302414703
0.0 1555.0 120.0 776.0 2797.6767327877315
0.0 1555.0 120.0 776.0 2797.6767327877315
0.0 1555.0 120.0 776.0 2797.6767327877315
0.0 1555.0 120.0 776.0 2797.6767327877315
0.0 1773.0 37.0 101.0 680.6763910377861
0.0 1643.0 123.0 265.0 1927.8356557587479
0.0 1741.0 45.0 210.0 972.4902888832232
0.0 1603.0 144.0 332.0 2310.0899470964164
0.0 1717.0 66.0 194.0 1205.4375059138736
0.0 1731.0 67.0 135.0 1091.5563669249539
0.0 1567.0 117.0 737.0 2686.723237478197
0.0 1721.0 50.0 305.0 1208.1473564597952
0.0 1841.0 4.0 26.0 80.61545927227463
0.0 1641.0 118.0 283.0 1948.5225366627642
0.0 1717.0 66.0 194.0 1205.4375059138736
0.0 1315.0 281.0 1194.0 5103.652906159299
0.0 1713.0 55.0 313.0 1269.4524571403638
0.0 1315.0 281.0 1194.0 5103.652906159299
0.0 1579.0 157.0 385.0 2541.830518051227
0.0 1833.0 6.0 37.0 155.66120857589115
0.0 1641.0 118.0 283.0 1948.5225366627642
0.0 1839.0 4.0 29.0 104.78853667324111
0.0 1261.0 310.0 1367.0 5677.97827496184
0.0 1739.0 55.0 142.0 1018.995396517173
0.0 1813.0 15.0 63.0 314.56930116270644
0.0 1687.0 90.0 210.0 1476.8484269952805
0.0 1641.0 118.0 283.0 1948.5225366627642
0.0 1687.0 90.0 210.0 1476.8484269952805
0.0 1773.0 37.0 101.0 680.6763910377861
0.0 1773.0 35.0 108.0 690.8871535844917
0.0 1773.0 35.0 108.0 690.8871535844917
0.0 1741.0 45.0 210.0 972.4902888832232
0.0 1741.0 45.0 210.0 972.4902888832232
0.0 1739.0 55.0 142.0 1018.995396517173
0.0 1705.0 81.0 176.0 1326.580956749227
0.0 1705.0 81.0 176.0 1326.580956749227
0.0 1705.0 81.0 176.0 1326.580956749227
0.0 1705.0 81.0 176.0 1326.580956749227
0.0 1739.0 55.0 142.0 1018.995396517173
0.0 1741.0 45.0 210.0 972.4902888832232
0.0 1489.0 160.0 903.0 3443.38018696998
