0.0 1237.0 318.0 1480.0 5939.119161142561
0.0 1771.0 32.0 151.0 714.394746671821
0.0 1795.0 23.0 92.0 501.1197130188951
0.0 1539.0 176.0 509.0 2956.902524903085
0.0 1563.0 120.0 731.0 2744.8723667160048
0.0 1563.0 120.0 731.0 2744.8723667160048
0.0 1437.0 236.0 740.0 3938.5781276927723
0.0 1447.0 184.0 1014.0 3864.9528353005344
0.0 1563.0 120.0 731.0 2744.8723667160048
0.0 1783.0 32.0 99.0 586.3938912219671
0.0 1437.0 236.0 740.0 3938.5781276927723
0.0 1563.0 120.0 731.0 2744.8723667160048
0.0 1391.0 255.0 877.0 4393.760571887279
0.0 1783.0 32.0 99.0 586.3938912219671
0.0 1457.0 226.0 687.0 3740.9692547762606
0.0 1553.0 169.0 476.0 2823.9203895546007
0.0 1719.0 58.0 231.0 1214.8702553517453
0.0 1447.0 184.0 1014.0 3864.9528353005344
0.0 1457.0 226.0 687.0 3740.9692547762606
0.0 1771.0 32.0 151.0 714.394746671821
0.0 1553.0 169.0 476.0 2823.9203895546007
0.0 1585.0 153.0 393.0 2505.436789923375
0.0 1621.0 97.0 541.0 2147.1583933138336
0.0 1457.0 226.0 687.0 3740.9692547762606
0.0 1391.0 255.0 877.0 4393.760571887279
0.0 1763.0 41.0 121.0 797.6351605309031
0.0 1843.0 3.0 26.0 63.58086699041833
0.0 1763.0 41.0 121.0 797.6351605309031
0.0 1757.0 46.0 124.0 856.3514550556944
0.0 1843.0 3.0 26.0 63.58086699041833
0.0 1765.0 40.0 121.0 773.2463070776789
0.0 1745.0 54.0 138.0 958.9086587553747
0.0 1763.0 41.0 121.0 797.6351605309031
0.0 1527.0 141.0 799.0 3090.8031866594392
0.0 1789.0 28.0 93.0 533.8158555323882
0.0 1843.0 3.0 26.0 63.58086699041833
0.0 1529.0 137.0 821.0 3089.03946253124
0.0 1629.0 126.0 319.0 2079.2310576100526
0.0 1269.0 306.0 1337.0 5597.607050672379
0.0 1629.0 126.0 319.0 2079.2310576100526
0.0 1269.0 306.0 1337.0 5597.607050672379
0.0 1665.0 76.0 432.0 1727.0295762987676
0.0 1659.0 79.0 429.0 1818.2961668421729
0.0 1579.0 157.0 406.0 2562.319533122423
0.0 1815.0 16.0 55.0 306.6728401585493
0.0 1821.0 8.0 71.0 268.2877245638858
0.0 1565.0 166.0 431.0 2694.958002620432
0.0 1523.0 187.0 543.0 3095.356834075068
0.0 1565.0 166.0 431.0 2694.958002620432
0.0 1501.0 199.0 594.0 3290.500757297039
0.0 1665.0 76.0 432.0 1727.0295762987676
0.0 1685.0 87.0 234.0 1549.517803119792
0.0 1237.0 318.0 1480.0 5939.119161142561
0.0 1529.0 137.0 821.0 3089.03946253124
0.0 1665.0 76.0 432.0 1727.0295762987676
0.0 1497.0 202.0 600.0 3322.511331441071
0.0 1365.0 237.0 1183.0 4672.868542905962
0.0 1597.0 147.0 369.0 2381.7025375103526
0.0 1365.0 237.0 1183.0 4672.868542905962
0.0 1719.0 53.0 308.0 1186.1734223903695
0.0 1707.0 72.0 212.0 1327.4364239127676
0.0 1815.0 16.0 55.0 306.6728401585493
0.0 1815.0 16.0 55.0 306.6728401585493
0.0 1659.0 79.0 429.0 1818.2961668421729
0.0 1477.0 213.0 647.0 3539.2033957308317
0.0 1665.0 76.0 432.0 1727.0295762987676
0.0 1497.0 202.0 600.0 3322.511331441071
0.0 1497.0 199.0 604.0 3358.2222464284887
0.0 1425.0 242.0 770.0 4059.4528544074865
0.0 1501.0 199.0 594.0 3290.500757297039
0.0 1425.0 242.0 770.0 4059.4528544074865
0.0 1843.0 3.0 26.0 63.58086699041833
0.0 1597.0 147.0 369.0 2381.7025375103526
0.0 1529.0 137.0 821.0 3089.03946253124
0.0 1661.0 105.0 262.0 1773.9835323709428
0.0 1623.0 131.0 322.0 2137.9473521348436
0.0 1375.0 260.0 951.0 4551.59897042212
0.0 1727.0 65.0 162.0 1139.480582233793
0.0 1613.0 136.0 344.0 2237.4324239322996
0.0 1735.0 48.0 232.0 1044.1511048757518
0.0 1735.0 62.0 145.0 1061.3978680710998
0.0 1613.0 136.0 344.0 2237.4324239322996
0.0 1707.0 78.0 191.0 1341.4548633469742
0.0 1417.0 202.0 1098.0 4174.11348984207
0.0 1751.0 49.0 137.0 894.719165348323
0.0 1417.0 202.0 1098.0 4174.11348984207
0.0 1727.0 65.0 162.0 1139.480582233793
0.0 1565.0 166.0 431.0 2694.958002620432
0.0 1837.0 5.0 28.0 117.7128654211508
0.0 1589.0 107.0 656.0 2506.88190602386
0.0 1447.0 184.0 1014.0 3864.9528353005344
0.0 1447.0 184.0 1014.0 3864.9528353005344
0.0 1839.0 4.0 28.0 96.45428236497277
0.0 1661.0 105.0 262.0 1773.9835323709428
0.0 1751.0 49.0 137.0 894.719165348323
0.0 1839.0 4.0 28.0 96.45428236497277
0.0 1447.0 184.0 1014.0 3864.9528353005344
0.0 1365.0 237.0 1183.0 4672.868542905962
0.0 1839.0 4.0 28.0 96.45428236497277
0.0 1787.0 28.0 103.0 545.4198128576475
0.0 1391.0 255.0 877.0 4393.760571887279
0.0 1395.0 219.0 1099.0 4363.707888364427
0.0 1805.0 19.0 78.0 395.5763411102074
0.0 1339.0 279.0 1056.0 4921.753538317528
0.0 1773.0 36.0 117.0 685.1859751031245
0.0 1735.0 48.0 232.0 1044.1511048757518
0.0 1843.0 3.0 26.0 63.58086699041833
0.0 1709.0 71.0 208.0 1313.1885409895262
0.0 1843.0 3.0 26.0 63.58086699041833
0.0 1735.0 48.0 232.0 1044.1511048757518
0.0 1395.0 219.0 1099.0 4363.707888364427
0.0 1843.0 3.0 26.0 63.58086699041833
0.0 1827.0 10.0 40.0 203.87650532531782
0.0 1821.0 8.0 71.0 268.2877245638858
0.0 1261.0 313.0 1355.0 5678.9217008597525
0.0 1843.0 3.0 26.0 63.58086699041833
0.0 1799.0 23.0 80.0 454.5030672836753
0.0 1709.0 71.0 208.0 1313.1885409895262
0.0 1843.0 3.0 26.0 63.58086699041833
0.0 1339.0 279.0 1056.0 4921.753538317528
0.0 1843.0 3.0 26.0 63.58086699041833
0.0 1623.0 131.0 322.0 2137.9473521348436
0.0 1799.0 23.0 80.0 454.5030672836753
0.0 1843.0 3.0 26.0 63.58086699041833
0.0 1759.0 41.0 136.0 840.3687402635845
0.0 1843.0 3.0 26.0 63.58086699041833
0.0 1843.0 3.0 26.0 63.58086699041833
0.0 1843.0 3.0 26.0 63.58086699041833
0.0 1843.0 3.0 26.0 63.58086699041833
0.0 1589.0 107.0 656.0 2506.88190602386
0.0 1637.0 93.0 459.0 2010.7356859987417
0.0 1843.0 3.0 26.0 63.58086699041833
0.0 1843.0 3.0 26.0 63.58086699041833
0.0 1623.0 131.0 322.0 2137.9473521348436
0.0 1843.0 3.0 26.0 63.58086699041833
0.0 1565.0 166.0 431.0 2694.958002620432
0.0 1805.0 19.0 78.0 395.5763411102074
0.0 1685.0 87.0 234.0 1549.517803119792
0.0 1685.0 87.0 234.0 1549.517803119792
0.0 1685.0 87.0 234.0 1549.517803119792
0.0 1565.0 166.0 431.0 2694.958002620432
0.0 1799.0 23.0 80.0 454.5030672836753
0.0 1745.0 54.0 138.0 958.9086587553747
0.0 1745.0 54.0 138.0 958.9086587553747
0.0 1693.0 82.0 229.0 1461.7713324437034
0.0 1685.0 87.0 234.0 1549.517803119792
0.0 1745.0 54.0 138.0 958.9086587553747
0.0 1237.0 318.0 1480.0 5939.119161142561
0.0 1539.0 176.0 509.0 2956.902524903085
0.0 1611.0 100.0 571.0 2259.7491101903443
0.0 1751.0 49.0 137.0 894.719165348323
0.0 1611.0 100.0 571.0 2259.7491101903443
0.0 1323.0 286.0 1110.0 5078.045748810531
0.0 1539.0 176.0 509.0 2956.902524903085
0.0 1707.0 78.0 191.0 1341.4548633469742
0.0 1529.0 137.0 821.0 3089.03946253124
0.0 1237.0 318.0 1480.0 5939.119161142561
0.0 1539.0 176.0 509.0 2956.902524903085
0.0 1323.0 286.0 1110.0 5078.045748810531
0.0 1249.0 315.0 1422.0 5801.106707141126
0.0 1569.0 118.0 710.0 2685.865210304711
0.0 1375.0 260.0 951.0 4551.59897042212
0.0 1623.0 131.0 322.0 2137.9473521348436
0.0 1611.0 100.0 571.0 2259.7491101903443
0.0 1681.0 72.0 357.0 1578.7275445470023
0.0 1649.0 81.0 497.0 1911.111367049091
0.0 1597.0 147.0 369.0 2381.7025375103526
0.0 1597.0 147.0 369.0 2381.7025375103526
0.0 1249.0 315.0 1422.0 5801.106707141126
0.0 1397.0 253.0 854.0 4335.898557769918
0.0 1343.0 275.0 1057.0 4875.558523116238
0.0 1237.0 318.0 1480.0 5939.119161142561
0.0 1467.0 221.0 668.0 3629.693537912697
0.0 1661.0 105.0 262.0 1773.9835323709428
0.0 1755.0 41.0 160.0 870.6526382644367
0.0 1763.0 41.0 121.0 797.6351605309031
0.0 1783.0 32.0 99.0 586.3938912219671
0.0 1611.0 100.0 571.0 2259.7491101903443
0.0 1779.0 33.0 111.0 626.9882094811088
0.0 1707.0 72.0 212.0 1327.4364239127676
0.0 1523.0 187.0 543.0 3095.356834075068
0.0 1457.0 226.0 687.0 3740.9692547762606
0.0 1719.0 58.0 231.0 1214.8702553517453
0.0 1275.0 306.0 1300.0 5538.801630630276
0.0 1661.0 105.0 262.0 1773.9835323709428
0.0 1719.0 58.0 231.0 1214.8702553517453
0.0 1569.0 118.0 710.0 2685.865210304711
0.0 1681.0 72.0 357.0 1578.7275445470023
0.0 1447.0 184.0 1014.0 3864.9528353005344
0.0 1497.0 199.0 604.0 3358.2222464284887
0.0 1475.0 169.0 932.0 3605.4124936681474
0.0 1645.0 115.0 287.0 1932.1848986931902
0.0 1773.0 36.0 117.0 685.1859751031245
0.0 1765.0 40.0 121.0 773.2463070776789
0.0 1475.0 169.0 932.0 3605.4124936681474
0.0 1589.0 107.0 656.0 2506.88190602386
0.0 1417.0 202.0 1098.0 4174.11348984207
0.0 1457.0 226.0 687.0 3740.9692547762606
0.0 1645.0 115.0 287.0 1932.1848986931902
0.0 1645.0 115.0 287.0 1932.1848986931902
0.0 1645.0 115.0 287.0 1932.1848986931902
0.0 1637.0 93.0 459.0 2010.7356859987417
0.0 1261.0 313.0 1355.0 5678.9217008597525
0.0 1529.0 137.0 821.0 3089.03946253124
0.0 1645.0 115.0 287.0 1932.1848986931902
0.0 1475.0 169.0 932.0 3605.4124936681474
0.0 1813.0 17.0 59.0 320.920723081791
0.0 1475.0 169.0 932.0 3605.4124936681474
0.0 1323.0 286.0 1110.0 5078.045748810531
0.0 1589.0 107.0 656.0 2506.88190602386
0.0 1589.0 107.0 656.0 2506.88190602386
0.0 1837.0 5.0 28.0 117.7128654211508
0.0 1475.0 169.0 932.0 3605.4124936681474
0.0 1837.0 5.0 28.0 117.7128654211508
0.0 1661.0 105.0 262.0 1773.9835323709428
0.0 1671.0 96.0 257.0 1689.3886525547744
0.0 1343.0 275.0 1057.0 4875.558523116238
0.0 1275.0 306.0 1300.0 5538.801630630276
0.0 1643.0 84.0 501.0 1980.656136930161
0.0 1621.0 97.0 541.0 2147.1583933138336
0.0 1513.0 148.0 834.0 3213.586876551325
0.0 1585.0 153.0 393.0 2505.436789923375
0.0 1513.0 148.0 834.0 3213.586876551325
0.0 1513.0 148.0 834.0 3213.586876551325
0.0 1397.0 253.0 854.0 4335.898557769918
0.0 1643.0 84.0 501.0 1980.656136930161
0.0 1585.0 153.0 393.0 2505.436789923375
0.0 1513.0 148.0 834.0 3213.586876551325
0.0 1437.0 236.0 740.0 3938.5781276927723
0.0 1625.0 129.0 322.0 2117.706204242943
0.0 1339.0 279.0 1056.0 4921.753538317528
0.0 1697.0 65.0 324.0 1429.1262328854657
0.0 1339.0 279.0 1056.0 4921.753538317528
0.0 1295.0 296.0 1228.0 5341.841395867422
0.0 1597.0 147.0 369.0 2381.7025375103526
0.0 1289.0 296.0 1265.0 5400.646815909525
0.0 1693.0 82.0 229.0 1461.7713324437034
0.0 1661.0 105.0 262.0 1773.9835323709428
0.0 1603.0 102.0 614.0 2360.549678015791
0.0 1813.0 17.0 59.0 320.920723081791
0.0 1613.0 136.0 344.0 2237.4324239322996
0.0 1579.0 157.0 406.0 2562.319533122423
0.0 1827.0 10.0 40.0 203.87650532531782
0.0 1685.0 87.0 234.0 1549.517803119792
0.0 1837.0 5.0 28.0 117.7128654211508
0.0 1523.0 187.0 543.0 3095.356834075068
0.0 1557.0 125.0 727.0 2830.9532114797166
0.0 1789.0 28.0 93.0 533.8158555323882
0.0 1723.0 68.0 166.0 1183.2534970247264
0.0 1723.0 68.0 166.0 1183.2534970247264
0.0 1823.0 12.0 46.0 236.418889326553
0.0 1301.0 294.0 1205.0 5283.97938175006
0.0 1737.0 58.0 153.0 1032.4753463223935
0.0 1289.0 296.0 1265.0 5400.646815909525
0.0 1301.0 294.0 1205.0 5283.97938175006
0.0 1727.0 65.0 162.0 1139.480582233793
0.0 1697.0 65.0 324.0 1429.1262328854657
0.0 1707.0 78.0 191.0 1341.4548633469742
0.0 1805.0 19.0 78.0 395.5763411102074
0.0 1697.0 65.0 324.0 1429.1262328854657
0.0 1805.0 19.0 78.0 395.5763411102074
0.0 1579.0 157.0 406.0 2562.319533122423
0.0 1617.0 97.0 549.0 2243.7671160881414
0.0 1239.0 318.0 1467.0 5914.587500387514
0.0 1237.0 318.0 1480.0 5939.119161142561
0.0 1839.0 4.0 28.0 96.45428236497277
0.0 1477.0 213.0 647.0 3539.2033957308317
0.0 1239.0 318.0 1467.0 5914.587500387514
0.0 1645.0 115.0 287.0 1932.1848986931902
0.0 1673.0 94.0 257.0 1669.1475046628734
0.0 1523.0 187.0 543.0 3095.356834075068
0.0 1425.0 242.0 770.0 4059.4528544074865
0.0 1425.0 242.0 770.0 4059.4528544074865
0.0 1737.0 58.0 153.0 1032.4753463223935
0.0 1681.0 72.0 357.0 1578.7275445470023
0.0 1477.0 213.0 647.0 3539.2033957308317
0.0 1237.0 318.0 1480.0 5939.119161142561
0.0 1397.0 253.0 854.0 4335.898557769918
0.0 1673.0 94.0 257.0 1669.1475046628734
0.0 1237.0 318.0 1480.0 5939.119161142561
0.0 1789.0 28.0 93.0 533.8158555323882
0.0 1397.0 253.0 854.0 4335.898557769918
0.0 1719.0 53.0 308.0 1186.1734223903695
0.0 1789.0 28.0 93.0 533.8158555323882
0.0 1755.0 41.0 160.0 870.6526382644367
0.0 1375.0 260.0 951.0 4551.59897042212
0.0 1831.0 7.0 43.0 162.04521642525796
0.0 1841.0 3.0 28.0 85.1636927910501
0.0 1827.0 10.0 40.0 203.87650532531782
0.0 1719.0 53.0 308.0 1186.1734223903695
0.0 1827.0 10.0 40.0 203.87650532531782
0.0 1791.0 27.0 91.0 518.045025183982
0.0 1821.0 8.0 71.0 268.2877245638858
0.0 1535.0 180.0 514.0 2999.0023423612165
0.0 1295.0 296.0 1228.0 5341.841395867422
0.0 1317.0 287.0 1141.0 5149.380686263853
0.0 1595.0 109.0 594.0 2448.890833145107
0.0 1497.0 202.0 600.0 3322.511331441071
0.0 1511.0 192.0 579.0 3199.011049794683
0.0 1477.0 213.0 647.0 3539.2033957308317
