0.0 1493.0 194.0 638.0 3427.627580606089
0.0 1237.0 318.0 1480.0 5939.119161142561
0.0 1519.0 180.0 572.0 3190.805917205453
0.0 1519.0 180.0 572.0 3190.805917205453
0.0 1237.0 318.0 1480.0 5939.119161142561
0.0 1237.0 318.0 1480.0 5939.119161142561
0.0 1461.0 172.0 1080.0 3730.8458513432574
0.0 1425.0 229.0 820.0 4105.857200874491
0.0 1237.0 318.0 1480.0 5939.119161142561
0.0 1477.0 164.0 1036.0 3581.7065416086116
0.0 1237.0 318.0 1480.0 5939.119161142561
0.0 1563.0 114.0 813.0 2717.105869045323
0.0 1761.0 47.0 104.0 832.6883219565271
0.0 1843.0 3.0 26.0 63.58086699041833
0.0 1237.0 318.0 1480.0 5939.119161142561
0.0 1515.0 187.0 564.0 3244.017263618222
0.0 1237.0 318.0 1480.0 5939.119161142561
0.0 1519.0 180.0 572.0 3190.805917205453
0.0 1389.0 249.0 939.0 4434.093220302156
0.0 1445.0 221.0 761.0 3903.049108628015
0.0 1461.0 172.0 1080.0 3730.8458513432574
0.0 1515.0 187.0 564.0 3244.017263618222
0.0 1445.0 221.0 761.0 3903.049108628015
0.0 1649.0 121.0 240.0 1955.2799034850943
0.0 1425.0 229.0 820.0 4105.857200874491
0.0 1457.0 214.0 726.0 3782.0892385690036
0.0 1713.0 50.0 351.0 1267.4291713468326
0.0 1777.0 21.0 219.0 654.0652924260417
0.0 1559.0 163.0 458.0 2821.837221211305
0.0 1841.0 3.0 28.0 79.48999805420569
0.0 1635.0 131.0 258.0 2091.4540197797546
0.0 1691.0 57.0 435.0 1479.3119200984802
0.0 1657.0 117.0 231.0 1864.0179073302554
0.0 1741.0 35.0 310.0 1018.4573956491236
0.0 1809.0 14.0 79.0 358.99161742502247
0.0 1741.0 35.0 310.0 1018.4573956491236
0.0 1311.0 278.0 1218.0 5213.473355365977
0.0 1567.0 162.0 426.0 2753.485538524463
0.0 1237.0 318.0 1480.0 5939.119161142561
0.0 1843.0 3.0 26.0 63.58086699041833
0.0 1809.0 14.0 79.0 358.99161742502247
0.0 1635.0 131.0 258.0 2091.4540197797546
0.0 1685.0 91.0 217.0 1550.9664255380796
0.0 1649.0 121.0 240.0 1955.2799034850943
0.0 1337.0 267.0 1129.0 4951.671192034231
0.0 1635.0 131.0 258.0 2091.4540197797546
0.0 1725.0 62.0 179.0 1168.8167980673668
0.0 1657.0 117.0 231.0 1864.0179073302554
0.0 1555.0 170.0 450.0 2875.0485676240746
0.0 1577.0 158.0 399.0 2662.6868332021854
0.0 1649.0 121.0 240.0 1955.2799034850943
0.0 1809.0 14.0 79.0 358.99161742502247
0.0 1809.0 14.0 79.0 358.99161742502247
0.0 1635.0 131.0 258.0 2091.4540197797546
0.0 1577.0 158.0 399.0 2662.6868332021854
0.0 1351.0 261.0 1083.0 4810.607018316813
0.0 1751.0 49.0 130.0 929.065303012089
0.0 1625.0 136.0 283.0 2183.163155605597
0.0 1643.0 77.0 571.0 1933.5068110383104
0.0 1259.0 309.0 1380.0 5731.636699399806
0.0 1579.0 121.0 615.0 2536.4961500385257
0.0 1597.0 146.0 361.0 2444.8516487736965
0.0 1259.0 309.0 1380.0 5731.636699399806
0.0 1837.0 3.0 37.0 115.70749947586945
0.0 1643.0 77.0 571.0 1933.5068110383104
0.0 1593.0 99.0 728.0 2435.4334917757233
0.0 1241.0 317.0 1456.0 5896.4162050143805
0.0 1369.0 255.0 1016.0 4632.6518827308355
0.0 1663.0 69.0 490.0 1758.514649025882
0.0 1259.0 309.0 1380.0 5731.636699399806
0.0 1577.0 107.0 773.0 2577.0973194649237
0.0 1843.0 3.0 26.0 63.58086699041833
0.0 1461.0 172.0 1080.0 3730.8458513432574
0.0 1337.0 267.0 1129.0 4951.671192034231
0.0 1311.0 278.0 1218.0 5213.473355365977
0.0 1841.0 3.0 28.0 79.48999805420569
0.0 1249.0 313.0 1424.0 5816.104895503538
0.0 1803.0 13.0 116.0 423.75291595830623
0.0 1829.0 9.0 33.0 185.25601453441791
0.0 1593.0 99.0 728.0 2435.4334917757233
0.0 1827.0 9.0 40.0 199.1977980948876
0.0 1679.0 65.0 407.0 1614.9259631333268
0.0 1555.0 119.0 825.0 2796.4156275316386
0.0 1273.0 298.0 1354.0 5576.428769537636
0.0 1839.0 3.0 30.0 101.7657159153998
0.0 1425.0 229.0 820.0 4105.857200874491
0.0 1679.0 65.0 407.0 1614.9259631333268
0.0 1311.0 278.0 1218.0 5213.473355365977
0.0 1837.0 3.0 37.0 115.70749947586945
0.0 1397.0 214.0 1160.0 4367.3777593932955
0.0 1489.0 201.0 630.0 3480.8389270188577
0.0 1723.0 75.0 139.0 1230.8347424601875
0.0 1751.0 49.0 130.0 929.065303012089
0.0 1383.0 249.0 966.0 4497.964602362969
0.0 1289.0 290.0 1296.0 5426.822055126702
0.0 1751.0 49.0 130.0 929.065303012089
0.0 1489.0 201.0 630.0 3480.8389270188577
0.0 1457.0 214.0 726.0 3782.0892385690036
0.0 1723.0 75.0 139.0 1230.8347424601875
0.0 1273.0 298.0 1354.0 5576.428769537636
0.0 1621.0 86.0 653.0 2163.983353442019
0.0 1289.0 290.0 1296.0 5426.822055126702
0.0 1457.0 214.0 726.0 3782.0892385690036
0.0 1403.0 241.0 900.0 4309.421671785713
0.0 1611.0 90.0 684.0 2266.4375174227994
0.0 1713.0 50.0 351.0 1267.4291713468326
0.0 1723.0 75.0 139.0 1230.8347424601875
0.0 1625.0 136.0 283.0 2183.163155605597
0.0 1731.0 63.0 155.0 1106.01124095326
0.0 1837.0 3.0 37.0 115.70749947586945
0.0 1457.0 214.0 726.0 3782.0892385690036
0.0 1715.0 45.0 403.0 1249.7499036197714
0.0 1457.0 214.0 726.0 3782.0892385690036
0.0 1771.0 32.0 147.0 712.1095739567
0.0 1249.0 313.0 1424.0 5816.104895503538
0.0 1403.0 241.0 900.0 4309.421671785713
0.0 1841.0 3.0 28.0 79.48999805420569
0.0 1457.0 214.0 726.0 3782.0892385690036
0.0 1841.0 3.0 28.0 79.48999805420569
0.0 1649.0 77.0 510.0 1882.7002719436853
0.0 1429.0 227.0 808.0 4068.3331994548116
0.0 1839.0 3.0 30.0 101.7657159153998
0.0 1751.0 49.0 130.0 929.065303012089
0.0 1429.0 227.0 808.0 4068.3331994548116
0.0 1301.0 284.0 1249.0 5323.40477329284
0.0 1715.0 45.0 403.0 1249.7499036197714
0.0 1351.0 261.0 1083.0 4810.607018316813
0.0 1791.0 27.0 83.0 533.831434905653
0.0 1839.0 3.0 30.0 101.7657159153998
0.0 1715.0 45.0 403.0 1249.7499036197714
0.0 1555.0 170.0 450.0 2875.0485676240746
0.0 1829.0 9.0 33.0 185.25601453441791
0.0 1621.0 86.0 653.0 2163.983353442019
0.0 1301.0 284.0 1249.0 5323.40477329284
0.0 1323.0 272.0 1184.0 5090.2599262921285
0.0 1351.0 261.0 1083.0 4810.607018316813
0.0 1815.0 19.0 38.0 305.9640100038048
0.0 1689.0 97.0 178.0 1576.8586288707304
0.0 1815.0 19.0 38.0 305.9640100038048
0.0 1429.0 227.0 808.0 4068.3331994548116
0.0 1829.0 9.0 33.0 185.25601453441791
0.0 1663.0 69.0 490.0 1758.514649025882
0.0 1599.0 96.0 718.0 2375.791745128387
0.0 1663.0 69.0 490.0 1758.514649025882
0.0 1311.0 278.0 1218.0 5213.473355365977
0.0 1529.0 132.0 912.0 3053.5520708550416
0.0 1843.0 3.0 26.0 63.58086699041833
0.0 1339.0 267.0 1121.0 4925.317382684142
0.0 1843.0 3.0 26.0 63.58086699041833
0.0 1555.0 170.0 450.0 2875.0485676240746
0.0 1617.0 106.0 488.0 2206.322401831521
0.0 1529.0 132.0 912.0 3053.5520708550416
0.0 1791.0 27.0 83.0 533.831434905653
0.0 1583.0 155.0 388.0 2588.0076347424438
0.0 1783.0 20.0 190.0 590.3922721336288
0.0 1555.0 170.0 450.0 2875.0485676240746
0.0 1771.0 32.0 147.0 712.1095739567
0.0 1387.0 247.0 954.0 4460.440600943288
0.0 1793.0 31.0 59.0 516.9145745304107
0.0 1783.0 20.0 190.0 590.3922721336288
0.0 1611.0 90.0 684.0 2266.4375174227994
0.0 1725.0 62.0 179.0 1168.8167980673668
0.0 1793.0 31.0 59.0 516.9145745304107
0.0 1593.0 150.0 360.0 2503.717099862068
0.0 1387.0 247.0 954.0 4460.440600943288
0.0 1533.0 176.0 525.0 3058.8151414060753
0.0 1793.0 31.0 59.0 516.9145745304107
0.0 1825.0 11.0 36.0 224.84420021280593
0.0 1695.0 95.0 164.0 1513.4235345524664
0.0 1695.0 95.0 164.0 1513.4235345524664
0.0 1591.0 114.0 591.0 2429.8391481253766
0.0 1615.0 141.0 310.0 2276.787425335132
0.0 1703.0 66.0 266.0 1368.5063353077237
0.0 1501.0 152.0 937.0 3332.931995136572
0.0 1533.0 176.0 525.0 3058.8151414060753
0.0 1743.0 59.0 125.0 1008.731240813415
0.0 1803.0 13.0 116.0 423.75291595830623
0.0 1803.0 13.0 116.0 423.75291595830623
0.0 1567.0 162.0 426.0 2753.485538524463
0.0 1533.0 176.0 525.0 3058.8151414060753
0.0 1765.0 43.0 104.0 803.8531515274825
0.0 1777.0 21.0 219.0 654.0652924260417
0.0 1777.0 21.0 219.0 654.0652924260417
0.0 1533.0 176.0 525.0 3058.8151414060753
0.0 1567.0 162.0 426.0 2753.485538524463
0.0 1765.0 43.0 104.0 803.8531515274825
0.0 1605.0 110.0 537.0 2285.58715017628
0.0 1777.0 21.0 219.0 654.0652924260417
0.0 1733.0 54.0 183.0 1094.6170430261852
0.0 1327.0 272.0 1164.0 5040.330327791785
0.0 1767.0 42.0 101.0 791.3677681936969
0.0 1695.0 95.0 164.0 1513.4235345524664
0.0 1453.0 177.0 1087.0 3806.6761089764505
0.0 1365.0 256.0 1029.0 4683.127870110308
0.0 1577.0 107.0 773.0 2577.0973194649237
0.0 1529.0 132.0 912.0 3053.5520708550416
0.0 1657.0 117.0 231.0 1864.0179073302554
0.0 1801.0 25.0 55.0 444.4031947660259
0.0 1793.0 31.0 59.0 516.9145745304107
0.0 1801.0 25.0 55.0 444.4031947660259
0.0 1687.0 90.0 213.0 1532.0068193997647
0.0 1695.0 95.0 164.0 1513.4235345524664
0.0 1579.0 106.0 774.0 2543.3035080506193
0.0 1529.0 132.0 912.0 3053.5520708550416
0.0 1505.0 147.0 977.0 3297.76307910161
0.0 1687.0 90.0 213.0 1532.0068193997647
0.0 1413.0 233.0 878.0 4224.2664567147
0.0 1733.0 54.0 183.0 1094.6170430261852
0.0 1763.0 45.0 104.0 817.801363796909
0.0 1439.0 191.0 1034.0 3938.2278905515823
0.0 1625.0 136.0 283.0 2183.163155605597
0.0 1625.0 136.0 283.0 2183.163155605597
0.0 1505.0 147.0 977.0 3297.76307910161
0.0 1489.0 201.0 630.0 3480.8389270188577
0.0 1657.0 107.0 274.0 1825.2080636821227
0.0 1595.0 147.0 365.0 2467.198219272749
0.0 1489.0 201.0 630.0 3480.8389270188577
0.0 1493.0 194.0 638.0 3427.627580606089
0.0 1733.0 54.0 183.0 1094.6170430261852
0.0 1647.0 122.0 244.0 1974.2395096234088
0.0 1369.0 255.0 1016.0 4632.6518827308355
0.0 1779.0 41.0 76.0 649.3523398320676
0.0 1493.0 194.0 638.0 3427.627580606089
0.0 1771.0 32.0 147.0 712.1095739567
0.0 1647.0 122.0 244.0 1974.2395096234088
0.0 1779.0 41.0 76.0 649.3523398320676
0.0 1677.0 68.0 406.0 1595.8193979126263
0.0 1607.0 142.0 334.0 2354.0529434514187
0.0 1817.0 12.0 57.0 293.7118080921321
0.0 1627.0 86.0 607.0 2090.1493116718702
0.0 1817.0 12.0 57.0 293.7118080921321
0.0 1817.0 12.0 57.0 293.7118080921321
0.0 1493.0 194.0 638.0 3427.627580606089
0.0 1607.0 142.0 334.0 2354.0529434514187
0.0 1639.0 82.0 545.0 1974.7106115542683
0.0 1703.0 66.0 266.0 1368.5063353077237
0.0 1639.0 82.0 545.0 1974.7106115542683
0.0 1695.0 60.0 358.0 1451.8193095861589
0.0 1607.0 142.0 334.0 2354.0529434514187
0.0 1695.0 60.0 358.0 1451.8193095861589
0.0 1281.0 295.0 1321.0 5496.576397957697
0.0 1827.0 9.0 40.0 199.1977980948876
0.0 1281.0 295.0 1321.0 5496.576397957697
0.0 1795.0 29.0 59.0 502.0276163707923
0.0 1725.0 62.0 179.0 1168.8167980673668
0.0 1241.0 317.0 1456.0 5896.4162050143805
0.0 1843.0 3.0 26.0 63.58086699041833
0.0 1843.0 3.0 26.0 63.58086699041833
0.0 1843.0 3.0 26.0 63.58086699041833
0.0 1843.0 3.0 26.0 63.58086699041833
0.0 1843.0 3.0 26.0 63.58086699041833
0.0 1843.0 3.0 26.0 63.58086699041833
0.0 1843.0 3.0 26.0 63.58086699041833
0.0 1843.0 3.0 26.0 63.58086699041833
0.0 1843.0 3.0 26.0 63.58086699041833
0.0 1843.0 3.0 26.0 63.58086699041833
0.0 1843.0 3.0 26.0 63.58086699041833
0.0 1649.0 77.0 510.0 1882.7002719436853
0.0 1731.0 63.0 155.0 1106.01124095326
0.0 1397.0 214.0 1160.0 4367.3777593932955
0.0 1649.0 77.0 510.0 1882.7002719436853
0.0 1545.0 124.0 868.0 2904.4127611203958
0.0 1667.0 102.0 249.0 1733.498927856281
0.0 1583.0 155.0 388.0 2588.0076347424438
0.0 1425.0 229.0 820.0 4105.857200874491
0.0 1667.0 102.0 249.0 1733.498927856281
0.0 1701.0 80.0 202.0 1381.6177031336263
0.0 1761.0 47.0 104.0 832.6883219565271
0.0 1563.0 114.0 813.0 2717.105869045323
0.0 1507.0 190.0 589.0 3325.300903776507
0.0 1529.0 183.0 519.0 3116.8730666114557
0.0 1669.0 69.0 451.0 1694.7239764980504
0.0 1383.0 249.0 966.0 4497.964602362969
0.0 1679.0 65.0 407.0 1614.9259631333268
0.0 1555.0 119.0 825.0 2796.4156275316386
0.0 1667.0 102.0 249.0 1733.498927856281
0.0 1571.0 161.0 414.0 2715.7596777814806
0.0 1613.0 90.0 670.0 2237.486999368908
0.0 1475.0 207.0 674.0 3632.1856326742877
0.0 1475.0 207.0 674.0 3632.1856326742877
0.0 1657.0 73.0 493.0 1809.196626016797
0.0 1685.0 91.0 217.0 1550.9664255380796
0.0 1553.0 134.0 686.0 2796.08127823638
0.0 1569.0 111.0 797.0 2653.2566868084145
0.0 1711.0 80.0 166.0 1314.21770102686
0.0 1705.0 78.0 198.0 1338.0125495783955
0.0 1365.0 256.0 1029.0 4683.127870110308
0.0 1593.0 150.0 360.0 2503.717099862068
0.0 1741.0 35.0 310.0 1018.4573956491236
0.0 1751.0 49.0 130.0 929.065303012089
0.0 1743.0 59.0 125.0 1008.731240813415
0.0 1741.0 35.0 310.0 1018.4573956491236
0.0 1741.0 35.0 310.0 1018.4573956491236
0.0 1701.0 80.0 202.0 1381.6177031336263
0.0 1701.0 80.0 202.0 1381.6177031336263
0.0 1761.0 47.0 104.0 832.6883219565271
0.0 1605.0 110.0 537.0 2285.58715017628
0.0 1839.0 3.0 30.0 101.7657159153998
0.0 1685.0 91.0 217.0 1550.9664255380796
0.0 1593.0 150.0 360.0 2503.717099862068
