0.0 1441.0 218.0 790.0 3887.6239581968
0.0 1423.0 226.0 848.0 4078.819692249756
0.0 1753.0 55.0 121.0 873.9574642058891
0.0 1751.0 32.0 265.0 920.657162877372
0.0 1739.0 62.0 147.0 992.766880742753
0.0 1441.0 218.0 790.0 3887.6239581968
0.0 1319.0 275.0 1193.0 5095.610163385787
0.0 1843.0 3.0 26.0 63.58086699041833
0.0 1587.0 145.0 435.0 2430.427154459903
0.0 1459.0 208.0 757.0 3668.3846200942676
0.0 1665.0 108.0 266.0 1671.0842278025236
0.0 1735.0 37.0 329.0 1077.4542311870225
0.0 1489.0 201.0 636.0 3411.4679801613606
0.0 1601.0 140.0 390.0 2339.5453440072965
0.0 1601.0 140.0 390.0 2339.5453440072965
0.0 1825.0 9.0 58.0 209.06490198006728
0.0 1245.0 314.0 1448.0 5851.510179880775
0.0 1739.0 62.0 147.0 992.766880742753
0.0 1445.0 188.0 971.0 3839.9628990154793
0.0 1375.0 230.0 1129.0 4503.178389905739
0.0 1683.0 96.0 229.0 1533.6729664005002
0.0 1539.0 137.0 740.0 2923.755961768539
0.0 1237.0 318.0 1480.0 5939.119161142561
0.0 1815.0 12.0 79.0 302.0572550804211
0.0 1261.0 310.0 1369.0 5687.4125016126245
0.0 1579.0 114.0 683.0 2533.2140419455027
0.0 1603.0 101.0 624.0 2293.218967867086
0.0 1683.0 96.0 229.0 1533.6729664005002
0.0 1773.0 46.0 86.0 691.2411731911051
0.0 1587.0 145.0 435.0 2430.427154459903
0.0 1237.0 318.0 1480.0 5939.119161142561
0.0 1843.0 3.0 26.0 63.58086699041833
0.0 1579.0 114.0 683.0 2533.2140419455027
0.0 1709.0 73.0 221.0 1280.4027939797177
0.0 1843.0 3.0 26.0 63.58086699041833
0.0 1341.0 267.0 1104.0 4898.0526254646775
0.0 1259.0 304.0 1411.0 5710.974744010227
0.0 1341.0 267.0 1104.0 4898.0526254646775
0.0 1599.0 103.0 627.0 2343.7978250411625
0.0 1717.0 80.0 166.0 1223.769757609391
0.0 1599.0 103.0 627.0 2343.7978250411625
0.0 1843.0 3.0 26.0 63.58086699041833
0.0 1511.0 191.0 584.0 3188.0128074032805
0.0 1441.0 218.0 790.0 3887.6239581968
0.0 1843.0 3.0 26.0 63.58086699041833
0.0 1365.0 251.0 1040.0 4654.805120051916
0.0 1701.0 56.0 381.0 1380.2371851183045
0.0 1365.0 251.0 1040.0 4654.805120051916
0.0 1511.0 191.0 584.0 3188.0128074032805
0.0 1771.0 27.0 195.0 723.8497297934971
0.0 1557.0 162.0 497.0 2720.8766277228056
0.0 1557.0 162.0 497.0 2720.8766277228056
0.0 1511.0 191.0 584.0 3188.0128074032805
0.0 1843.0 3.0 26.0 63.58086699041833
0.0 1843.0 3.0 26.0 63.58086699041833
0.0 1825.0 9.0 58.0 209.06490198006728
0.0 1511.0 191.0 584.0 3188.0128074032805
0.0 1643.0 116.0 303.0 1931.5573241337177
0.0 1489.0 201.0 636.0 3411.4679801613606
0.0 1593.0 147.0 409.0 2359.444288393722
0.0 1623.0 127.0 347.0 2133.674136761021
0.0 1391.0 241.0 952.0 4400.260168880277
0.0 1391.0 241.0 952.0 4400.260168880277
0.0 1557.0 162.0 497.0 2720.8766277228056
0.0 1613.0 133.0 365.0 2222.006797396621
0.0 1275.0 294.0 1364.0 5548.927532129709
0.0 1525.0 180.0 572.0 3009.9794879562
0.0 1489.0 201.0 636.0 3411.4679801613606
0.0 1319.0 275.0 1193.0 5095.610163385787
0.0 1783.0 22.0 179.0 615.5082042931418
0.0 1319.0 275.0 1193.0 5095.610163385787
0.0 1617.0 135.0 353.0 2141.637590876642
0.0 1517.0 148.0 804.0 3143.142065886309
0.0 1613.0 133.0 365.0 2222.006797396621
0.0 1619.0 130.0 351.0 2170.0399753096094
0.0 1617.0 135.0 353.0 2141.637590876642
0.0 1543.0 169.0 529.0 2860.010370870668
0.0 1657.0 117.0 266.0 1749.3966559274897
0.0 1657.0 117.0 266.0 1749.3966559274897
0.0 1541.0 170.0 537.0 2865.0522001940285
0.0 1811.0 24.0 49.0 330.42238204769916
0.0 1371.0 231.0 1151.0 4544.091008985158
0.0 1619.0 130.0 351.0 2170.0399753096094
0.0 1689.0 95.0 208.0 1484.9060560434953
0.0 1629.0 92.0 524.0 2049.103790442687
0.0 1739.0 62.0 147.0 992.766880742753
0.0 1799.0 17.0 115.0 467.12769570882335
0.0 1593.0 147.0 409.0 2359.444288393722
0.0 1327.0 257.0 1270.0 5011.217009682785
0.0 1517.0 148.0 804.0 3143.142065886309
0.0 1531.0 140.0 767.0 3015.190835891645
0.0 1737.0 36.0 327.0 1053.2668411132847
0.0 1633.0 126.0 328.0 1970.9285441196118
0.0 1543.0 136.0 719.0 2886.196248897057
0.0 1763.0 29.0 220.0 805.9605785818225
0.0 1565.0 162.0 471.0 2628.3370741205763
0.0 1565.0 162.0 471.0 2628.3370741205763
0.0 1767.0 49.0 97.0 741.5487953001631
0.0 1753.0 55.0 121.0 873.9574642058891
0.0 1753.0 55.0 121.0 873.9574642058891
0.0 1237.0 318.0 1480.0 5939.119161142561
0.0 1441.0 218.0 790.0 3887.6239581968
0.0 1593.0 147.0 409.0 2359.444288393722
0.0 1691.0 86.0 237.0 1434.5466755779871
0.0 1393.0 237.0 955.0 4367.650088005094
0.0 1237.0 318.0 1480.0 5939.119161142561
0.0 1543.0 169.0 529.0 2860.010370870668
0.0 1643.0 116.0 303.0 1931.5573241337177
0.0 1237.0 318.0 1480.0 5939.119161142561
0.0 1237.0 318.0 1480.0 5939.119161142561
0.0 1237.0 318.0 1480.0 5939.119161142561
0.0 1689.0 95.0 208.0 1484.9060560434953
0.0 1831.0 9.0 40.0 147.05627864962707
0.0 1751.0 32.0 265.0 920.657162877372
0.0 1835.0 8.0 30.0 120.62911175537175
0.0 1331.0 273.0 1130.0 4992.420693967573
0.0 1801.0 17.0 103.0 448.07339926069454
0.0 1807.0 29.0 46.0 363.4391232247459
0.0 1427.0 197.0 1026.0 3995.9117137324824
0.0 1801.0 17.0 103.0 448.07339926069454
0.0 1695.0 85.0 223.0 1399.721548781452
0.0 1767.0 49.0 97.0 741.5487953001631
0.0 1733.0 38.0 334.0 1096.9114896343008
0.0 1239.0 317.0 1471.0 5916.082273821735
0.0 1459.0 208.0 757.0 3668.3846200942676
0.0 1331.0 273.0 1130.0 4992.420693967573
0.0 1771.0 27.0 195.0 723.8497297934971
0.0 1697.0 56.0 401.0 1430.7150303493938
0.0 1799.0 17.0 115.0 467.12769570882335
0.0 1729.0 75.0 136.0 1114.3172265533851
0.0 1451.0 188.0 934.0 3758.3083767365315
0.0 1843.0 3.0 26.0 63.58086699041833
0.0 1843.0 3.0 26.0 63.58086699041833
0.0 1801.0 17.0 103.0 448.07339926069454
0.0 1237.0 318.0 1480.0 5939.119161142561
0.0 1689.0 95.0 208.0 1484.9060560434953
0.0 1729.0 75.0 136.0 1114.3172265533851
0.0 1843.0 3.0 26.0 63.58086699041833
0.0 1479.0 205.0 668.0 3511.2235278615767
0.0 1489.0 165.0 865.0 3442.556183493293
0.0 1709.0 85.0 175.0 1301.5854097269687
0.0 1297.0 277.0 1323.0 5316.451929381526
0.0 1305.0 284.0 1234.0 5243.177746992648
0.0 1757.0 60.0 94.0 853.1809281192802
0.0 1479.0 205.0 668.0 3511.2235278615767
0.0 1657.0 76.0 483.0 1775.2185952849302
0.0 1479.0 205.0 668.0 3511.2235278615767
0.0 1757.0 60.0 94.0 853.1809281192802
0.0 1789.0 39.0 61.0 541.5410650375438
0.0 1843.0 3.0 26.0 63.58086699041833
0.0 1451.0 188.0 934.0 3758.3083767365315
0.0 1815.0 12.0 79.0 302.0572550804211
0.0 1575.0 151.0 464.0 2547.478555645071
0.0 1843.0 3.0 26.0 63.58086699041833
0.0 1353.0 258.0 1074.0 4767.378043206001
0.0 1285.0 297.0 1290.0 5446.177964685571
0.0 1695.0 85.0 223.0 1399.721548781452
0.0 1695.0 85.0 223.0 1399.721548781452
0.0 1371.0 231.0 1151.0 4544.091008985158
0.0 1471.0 200.0 726.0 3576.5429646223233
0.0 1575.0 151.0 464.0 2547.478555645071
0.0 1831.0 9.0 40.0 147.05627864962707
0.0 1285.0 297.0 1290.0 5446.177964685571
0.0 1697.0 56.0 401.0 1430.7150303493938
0.0 1489.0 165.0 865.0 3442.556183493293
0.0 1687.0 95.0 215.0 1498.8478396039645
0.0 1667.0 70.0 470.0 1681.6754878425193
0.0 1629.0 92.0 524.0 2049.103790442687
0.0 1763.0 29.0 220.0 805.9605785818225
0.0 1489.0 165.0 865.0 3442.556183493293
0.0 1353.0 258.0 1074.0 4767.378043206001
0.0 1733.0 38.0 334.0 1096.9114896343008
0.0 1609.0 100.0 581.0 2255.8851608394966
0.0 1667.0 70.0 470.0 1681.6754878425193
0.0 1695.0 57.0 403.0 1454.902420423132
0.0 1415.0 225.0 905.0 4110.903958203374
0.0 1735.0 65.0 151.0 1029.1327192913413
0.0 1735.0 65.0 151.0 1029.1327192913413
0.0 1801.0 17.0 103.0 448.07339926069454
0.0 1751.0 32.0 265.0 920.657162877372
0.0 1801.0 17.0 103.0 448.07339926069454
0.0 1465.0 181.0 900.0 3646.643738380962
0.0 1729.0 75.0 136.0 1114.3172265533851
0.0 1393.0 237.0 955.0 4367.650088005094
0.0 1465.0 181.0 900.0 3646.643738380962
0.0 1559.0 163.0 492.0 2677.103984477581
0.0 1771.0 27.0 195.0 723.8497297934971
0.0 1415.0 225.0 905.0 4110.903958203374
0.0 1657.0 76.0 483.0 1775.2185952849302
0.0 1549.0 134.0 691.0 2840.5734291933322
0.0 1751.0 32.0 265.0 920.657162877372
0.0 1667.0 70.0 470.0 1681.6754878425193
0.0 1729.0 75.0 136.0 1114.3172265533851
0.0 1667.0 70.0 470.0 1681.6754878425193
0.0 1531.0 140.0 767.0 3015.190835891645
0.0 1445.0 188.0 971.0 3839.9628990154793
0.0 1609.0 100.0 581.0 2255.8851608394966
0.0 1531.0 140.0 767.0 3015.190835891645
0.0 1675.0 66.0 444.0 1660.9623527956585
0.0 1815.0 12.0 79.0 302.0572550804211
0.0 1815.0 12.0 79.0 302.0572550804211
0.0 1839.0 4.0 36.0 90.00803388467364
0.0 1635.0 84.0 572.0 1967.0240274242753
0.0 1557.0 132.0 657.0 2753.586570661145
0.0 1301.0 286.0 1244.0 5289.903313245143
0.0 1837.0 7.0 28.0 104.85828140696546
0.0 1763.0 29.0 220.0 805.9605785818225
0.0 1503.0 194.0 610.0 3255.290671774244
0.0 1603.0 101.0 624.0 2293.218967867086
0.0 1353.0 258.0 1074.0 4767.378043206001
0.0 1635.0 84.0 572.0 1967.0240274242753
0.0 1503.0 194.0 610.0 3255.290671774244
0.0 1635.0 84.0 572.0 1967.0240274242753
0.0 1565.0 162.0 471.0 2628.3370741205763
0.0 1843.0 3.0 26.0 63.58086699041833
0.0 1525.0 180.0 572.0 3009.9794879562
0.0 1775.0 44.0 86.0 678.4975909475304
0.0 1791.0 21.0 130.0 544.0339925691061
0.0 1843.0 3.0 26.0 63.58086699041833
0.0 1591.0 107.0 654.0 2402.993578944594
0.0 1751.0 32.0 265.0 920.657162877372
0.0 1647.0 115.0 289.0 1902.2762423393772
0.0 1697.0 56.0 401.0 1430.7150303493938
0.0 1517.0 148.0 804.0 3143.142065886309
0.0 1687.0 95.0 215.0 1498.8478396039645
0.0 1517.0 148.0 804.0 3143.142065886309
0.0 1843.0 3.0 26.0 63.58086699041833
0.0 1371.0 231.0 1151.0 4544.091008985158
0.0 1843.0 3.0 26.0 63.58086699041833
0.0 1837.0 7.0 28.0 104.85828140696546
0.0 1843.0 3.0 26.0 63.58086699041833
0.0 1399.0 216.0 1068.0 4271.309036032027
0.0 1843.0 3.0 26.0 63.58086699041833
0.0 1843.0 3.0 26.0 63.58086699041833
0.0 1823.0 10.0 60.0 224.8357323284736
0.0 1843.0 3.0 26.0 63.58086699041833
0.0 1823.0 10.0 60.0 224.8357323284736
0.0 1843.0 3.0 26.0 63.58086699041833
0.0 1789.0 39.0 61.0 541.5410650375438
0.0 1789.0 39.0 61.0 541.5410650375438
0.0 1823.0 10.0 60.0 224.8357323284736
0.0 1789.0 39.0 61.0 541.5410650375438
0.0 1753.0 55.0 121.0 873.9574642058891
0.0 1789.0 39.0 61.0 541.5410650375438
0.0 1773.0 46.0 86.0 691.2411731911051
0.0 1791.0 21.0 130.0 544.0339925691061
0.0 1365.0 251.0 1040.0 4654.805120051916
0.0 1643.0 116.0 303.0 1931.5573241337177
0.0 1247.0 314.0 1436.0 5830.934629075356
0.0 1647.0 115.0 289.0 1902.2762423393772
0.0 1737.0 36.0 327.0 1053.2668411132847
0.0 1651.0 112.0 285.0 1859.1007929005825
0.0 1441.0 218.0 790.0 3887.6239581968
0.0 1441.0 218.0 790.0 3887.6239581968
0.0 1651.0 112.0 285.0 1859.1007929005825
0.0 1297.0 277.0 1323.0 5316.451929381526
0.0 1261.0 310.0 1369.0 5687.4125016126245
0.0 1651.0 112.0 285.0 1859.1007929005825
0.0 1261.0 310.0 1369.0 5687.4125016126245
0.0 1651.0 112.0 285.0 1859.1007929005825
0.0 1489.0 201.0 636.0 3411.4679801613606
0.0 1301.0 286.0 1244.0 5289.903313245143
0.0 1539.0 137.0 740.0 2923.755961768539
0.0 1525.0 180.0 572.0 3009.9794879562
0.0 1525.0 180.0 572.0 3009.9794879562
0.0 1709.0 85.0 175.0 1301.5854097269687
0.0 1643.0 80.0 545.0 1907.8282735208425
0.0 1717.0 80.0 166.0 1223.769757609391
0.0 1427.0 197.0 1026.0 3995.9117137324824
0.0 1393.0 237.0 955.0 4367.650088005094
0.0 1643.0 80.0 545.0 1907.8282735208425
0.0 1709.0 85.0 175.0 1301.5854097269687
0.0 1427.0 197.0 1026.0 3995.9117137324824
0.0 1393.0 237.0 955.0 4367.650088005094
0.0 1543.0 169.0 529.0 2860.010370870668
0.0 1737.0 36.0 327.0 1053.2668411132847
0.0 1703.0 54.0 379.0 1393.9387536607649
0.0 1709.0 73.0 221.0 1280.4027939797177
0.0 1729.0 75.0 136.0 1114.3172265533851
0.0 1701.0 56.0 381.0 1380.2371851183045
0.0 1675.0 66.0 444.0 1660.9623527956585
0.0 1623.0 127.0 347.0 2133.674136761021
0.0 1579.0 114.0 683.0 2533.2140419455027
0.0 1643.0 80.0 545.0 1907.8282735208425
0.0 1671.0 69.0 456.0 1646.850361045984
0.0 1275.0 294.0 1364.0 5548.927532129709
0.0 1841.0 3.0 33.0 77.52265055088799
0.0 1807.0 29.0 46.0 363.4391232247459
0.0 1807.0 29.0 46.0 363.4391232247459
0.0 1773.0 46.0 86.0 691.2411731911051
0.0 1773.0 46.0 86.0 691.2411731911051
0.0 1831.0 9.0 40.0 147.05627864962707
0.0 1719.0 52.0 314.0 1179.4375737151038
0.0 1719.0 52.0 314.0 1179.4375737151038
0.0 1591.0 107.0 654.0 2402.993578944594
0.0 1591.0 107.0 654.0 2402.993578944594
0.0 1665.0 108.0 266.0 1671.0842278025236
0.0 1587.0 145.0 435.0 2430.427154459903
0.0 1665.0 108.0 266.0 1671.0842278025236
0.0 1783.0 22.0 179.0 615.5082042931418
