0.0 1721.0 67.0 178.0 1162.638521482674
0.0 1525.0 193.0 511.0 3049.9966472349593
0.0 1721.0 67.0 178.0 1162.638521482674
0.0 1625.0 132.0 312.0 2061.4975299100593
0.0 1519.0 143.0 837.0 3153.5065102833414
0.0 1383.0 225.0 1128.0 4476.925330982167
0.0 1525.0 193.0 511.0 3049.9966472349593
0.0 1525.0 193.0 511.0 3049.9966472349593
0.0 1625.0 132.0 312.0 2061.4975299100593
0.0 1237.0 318.0 1480.0 5939.119161142561
0.0 1383.0 225.0 1128.0 4476.925330982167
0.0 1525.0 193.0 511.0 3049.9966472349593
0.0 1525.0 193.0 511.0 3049.9966472349593
0.0 1625.0 132.0 312.0 2061.4975299100593
0.0 1237.0 318.0 1480.0 5939.119161142561
0.0 1695.0 63.0 360.0 1435.0988456815949
0.0 1759.0 39.0 161.0 820.5503760017245
0.0 1625.0 132.0 312.0 2061.4975299100593
0.0 1625.0 132.0 312.0 2061.4975299100593
0.0 1419.0 237.0 823.0 4113.749105255535
0.0 1625.0 132.0 312.0 2061.4975299100593
0.0 1679.0 97.0 230.0 1558.117328239922
0.0 1289.0 302.0 1254.0 5417.540580263155
0.0 1239.0 318.0 1463.0 5914.432151772602
0.0 1777.0 39.0 89.0 657.566766444553
0.0 1551.0 178.0 450.0 2797.7865240947062
0.0 1505.0 152.0 857.0 3294.3064677477028
0.0 1481.0 212.0 634.0 3515.9740565873135
0.0 1843.0 3.0 26.0 63.58086699041833
0.0 1715.0 53.0 338.0 1222.223329949318
0.0 1715.0 53.0 338.0 1222.223329949318
0.0 1475.0 214.0 650.0 3580.418539939228
0.0 1475.0 214.0 650.0 3580.418539939228
0.0 1319.0 278.0 1182.0 5133.484798597472
0.0 1475.0 214.0 650.0 3580.418539939228
0.0 1755.0 43.0 153.0 862.2751868679064
0.0 1531.0 133.0 845.0 2994.371754660996
0.0 1827.0 8.0 55.0 201.47434742100333
0.0 1645.0 84.0 507.0 1905.274082986869
0.0 1827.0 8.0 55.0 201.47434742100333
0.0 1355.0 245.0 1166.0 4760.270374391866
0.0 1563.0 119.0 738.0 2731.2075794256893
0.0 1777.0 39.0 89.0 657.566766444553
0.0 1569.0 118.0 710.0 2639.9722027000103
0.0 1387.0 250.0 940.0 4434.167154686104
0.0 1767.0 31.0 186.0 737.8547095385499
0.0 1669.0 73.0 448.0 1688.062666349492
0.0 1563.0 119.0 738.0 2731.2075794256893
0.0 1531.0 133.0 845.0 2994.371754660996
0.0 1275.0 286.0 1438.0 5547.724327404934
0.0 1277.0 297.0 1344.0 5514.786380219154
0.0 1669.0 73.0 448.0 1688.062666349492
0.0 1733.0 68.0 133.0 1051.0600587211532
0.0 1645.0 84.0 510.0 1897.7370047847937
0.0 1243.0 316.0 1445.0 5871.883016790424
0.0 1577.0 163.0 396.0 2528.7958538396547
0.0 1817.0 17.0 46.0 293.45811885311446
0.0 1843.0 3.0 26.0 63.58086699041833
0.0 1449.0 223.0 737.0 3813.72759451207
0.0 1815.0 9.0 96.0 329.0332126588302
0.0 1449.0 223.0 737.0 3813.72759451207
0.0 1239.0 318.0 1463.0 5914.432151772602
0.0 1717.0 52.0 333.0 1208.0299468438236
0.0 1843.0 3.0 26.0 63.58086699041833
0.0 1767.0 43.0 107.0 752.0043508086617
0.0 1449.0 223.0 737.0 3813.72759451207
0.0 1843.0 3.0 26.0 63.58086699041833
0.0 1843.0 3.0 26.0 63.58086699041833
0.0 1843.0 3.0 26.0 63.58086699041833
0.0 1253.0 311.0 1412.0 5766.078591934373
0.0 1449.0 223.0 737.0 3813.72759451207
0.0 1609.0 143.0 348.0 2223.0666814337364
0.0 1491.0 156.0 935.0 3401.6774222923323
0.0 1449.0 223.0 737.0 3813.72759451207
0.0 1755.0 43.0 153.0 862.2751868679064
0.0 1253.0 311.0 1412.0 5766.078591934373
0.0 1843.0 3.0 26.0 63.58086699041833
0.0 1431.0 188.0 1094.0 4018.3421546712857
0.0 1843.0 3.0 26.0 63.58086699041833
0.0 1325.0 258.0 1291.0 5032.006325851207
0.0 1325.0 258.0 1291.0 5032.006325851207
0.0 1419.0 237.0 823.0 4113.749105255535
0.0 1649.0 117.0 275.0 1851.1088236246076
0.0 1243.0 316.0 1445.0 5871.883016790424
0.0 1431.0 188.0 1094.0 4018.3421546712857
0.0 1637.0 123.0 303.0 1947.0845974823403
0.0 1431.0 188.0 1094.0 4018.3421546712857
0.0 1551.0 178.0 450.0 2797.7865240947062
0.0 1551.0 178.0 450.0 2797.7865240947062
0.0 1579.0 161.0 396.0 2509.498141321964
0.0 1345.0 270.0 1075.0 4872.23758106898
0.0 1717.0 52.0 333.0 1208.0299468438236
0.0 1345.0 270.0 1075.0 4872.23758106898
0.0 1841.0 4.0 26.0 74.07502408781437
0.0 1645.0 84.0 507.0 1905.274082986869
0.0 1803.0 23.0 67.0 410.3413951997696
0.0 1635.0 88.0 536.0 2015.2073948911302
0.0 1803.0 23.0 67.0 410.3413951997696
0.0 1551.0 178.0 450.0 2797.7865240947062
0.0 1749.0 57.0 122.0 918.2105241547089
0.0 1519.0 143.0 837.0 3153.5065102833414
0.0 1369.0 263.0 972.0 4634.214789159271
0.0 1571.0 165.0 413.0 2589.463203652619
0.0 1785.0 25.0 131.0 584.6901328059325
0.0 1781.0 33.0 97.0 611.9593069076057
0.0 1807.0 12.0 112.0 405.77681993013107
0.0 1841.0 4.0 26.0 74.07502408781437
0.0 1491.0 156.0 935.0 3401.6774222923323
0.0 1551.0 178.0 450.0 2797.7865240947062
0.0 1781.0 33.0 97.0 611.9593069076057
0.0 1843.0 3.0 26.0 63.58086699041833
0.0 1733.0 68.0 133.0 1051.0600587211532
0.0 1841.0 4.0 26.0 74.07502408781437
0.0 1843.0 3.0 26.0 63.58086699041833
0.0 1781.0 33.0 97.0 611.9593069076057
0.0 1781.0 33.0 97.0 611.9593069076057
0.0 1843.0 3.0 26.0 63.58086699041833
0.0 1843.0 3.0 26.0 63.58086699041833
0.0 1755.0 54.0 114.0 853.523532406404
0.0 1773.0 37.0 108.0 692.4551077112448
0.0 1669.0 73.0 448.0 1688.062666349492
0.0 1781.0 33.0 97.0 611.9593069076057
0.0 1419.0 237.0 823.0 4113.749105255535
0.0 1843.0 3.0 26.0 63.58086699041833
0.0 1843.0 3.0 26.0 63.58086699041833
0.0 1265.0 302.0 1387.0 5649.309490277326
0.0 1453.0 175.0 1029.0 3786.0045845299496
0.0 1843.0 3.0 26.0 63.58086699041833
0.0 1843.0 3.0 26.0 63.58086699041833
0.0 1577.0 163.0 396.0 2528.7958538396547
0.0 1679.0 97.0 230.0 1558.117328239922
0.0 1519.0 192.0 540.0 3105.9502915661606
0.0 1701.0 83.0 193.0 1350.4853594736167
0.0 1657.0 115.0 252.0 1769.2361110906174
0.0 1237.0 318.0 1480.0 5939.119161142561
0.0 1679.0 97.0 230.0 1558.117328239922
0.0 1613.0 98.0 598.0 2237.5168206249346
0.0 1695.0 63.0 360.0 1435.0988456815949
0.0 1755.0 54.0 114.0 853.523532406404
0.0 1599.0 152.0 345.0 2324.0543207492374
0.0 1667.0 101.0 262.0 1660.3016231696163
0.0 1739.0 47.0 215.0 993.0038224394111
0.0 1579.0 161.0 396.0 2509.498141321964
0.0 1485.0 203.0 644.0 3477.719940928865
0.0 1613.0 98.0 598.0 2237.5168206249346
0.0 1363.0 264.0 1001.0 4696.294606587481
0.0 1773.0 37.0 108.0 692.4551077112448
0.0 1325.0 274.0 1162.0 5071.167483228649
0.0 1599.0 152.0 345.0 2324.0543207492374
0.0 1621.0 99.0 532.0 2110.863657582982
0.0 1687.0 85.0 247.0 1472.4547851786735
0.0 1599.0 152.0 345.0 2324.0543207492374
0.0 1369.0 263.0 972.0 4634.214789159271
0.0 1553.0 125.0 754.0 2810.530610503337
0.0 1369.0 263.0 972.0 4634.214789159271
0.0 1663.0 105.0 261.0 1706.9246253071449
0.0 1621.0 99.0 532.0 2110.863657582982
0.0 1553.0 125.0 754.0 2810.530610503337
0.0 1687.0 85.0 247.0 1472.4547851786735
0.0 1369.0 263.0 972.0 4634.214789159271
0.0 1369.0 263.0 972.0 4634.214789159271
0.0 1295.0 291.0 1262.0 5366.496053375498
0.0 1295.0 291.0 1262.0 5366.496053375498
0.0 1531.0 133.0 845.0 2994.371754660996
0.0 1387.0 250.0 940.0 4434.167154686104
0.0 1325.0 258.0 1291.0 5032.006325851207
0.0 1721.0 67.0 178.0 1162.638521482674
0.0 1679.0 97.0 230.0 1558.117328239922
0.0 1309.0 282.0 1227.0 5232.725709395497
0.0 1593.0 106.0 650.0 2411.4502251214108
0.0 1593.0 106.0 650.0 2411.4502251214108
0.0 1593.0 106.0 650.0 2411.4502251214108
0.0 1593.0 106.0 650.0 2411.4502251214108
0.0 1531.0 133.0 845.0 2994.371754660996
0.0 1679.0 70.0 411.0 1573.0588983113682
0.0 1593.0 106.0 650.0 2411.4502251214108
0.0 1715.0 53.0 338.0 1222.223329949318
0.0 1807.0 12.0 112.0 405.77681993013107
0.0 1551.0 178.0 450.0 2797.7865240947062
0.0 1669.0 73.0 448.0 1688.062666349492
0.0 1551.0 178.0 450.0 2797.7865240947062
0.0 1553.0 125.0 754.0 2810.530610503337
0.0 1593.0 106.0 650.0 2411.4502251214108
0.0 1531.0 133.0 845.0 2994.371754660996
0.0 1843.0 3.0 26.0 63.58086699041833
0.0 1827.0 8.0 55.0 201.47434742100333
0.0 1803.0 23.0 67.0 410.3413951997696
0.0 1453.0 175.0 1029.0 3786.0045845299496
0.0 1733.0 68.0 133.0 1051.0600587211532
0.0 1621.0 99.0 532.0 2110.863657582982
0.0 1253.0 311.0 1412.0 5766.078591934373
0.0 1733.0 68.0 133.0 1051.0600587211532
0.0 1701.0 83.0 193.0 1350.4853594736167
0.0 1681.0 98.0 223.0 1532.292956154934
0.0 1657.0 115.0 252.0 1769.2361110906174
0.0 1787.0 25.0 121.0 567.5378882886573
0.0 1491.0 156.0 935.0 3401.6774222923323
0.0 1491.0 156.0 935.0 3401.6774222923323
0.0 1703.0 78.0 206.0 1337.2147107591006
0.0 1703.0 81.0 193.0 1337.7417772300416
0.0 1491.0 156.0 935.0 3401.6774222923323
0.0 1649.0 117.0 275.0 1851.1088236246076
0.0 1325.0 274.0 1162.0 5071.167483228649
0.0 1657.0 115.0 252.0 1769.2361110906174
0.0 1799.0 23.0 84.0 445.3653481969764
0.0 1593.0 154.0 362.0 2384.7216705622013
0.0 1289.0 302.0 1254.0 5417.540580263155
0.0 1701.0 83.0 193.0 1350.4853594736167
0.0 1503.0 205.0 576.0 3252.308535061026
0.0 1593.0 154.0 362.0 2384.7216705622013
0.0 1767.0 31.0 186.0 737.8547095385499
0.0 1703.0 78.0 206.0 1337.2147107591006
0.0 1767.0 31.0 186.0 737.8547095385499
0.0 1481.0 212.0 634.0 3515.9740565873135
0.0 1237.0 318.0 1480.0 5939.119161142561
0.0 1701.0 83.0 193.0 1350.4853594736167
0.0 1485.0 203.0 644.0 3477.719940928865
0.0 1767.0 31.0 186.0 737.8547095385499
0.0 1841.0 4.0 26.0 74.07502408781437
0.0 1413.0 242.0 833.0 4172.919937157612
0.0 1637.0 123.0 303.0 1947.0845974823403
0.0 1319.0 278.0 1182.0 5133.484798597472
0.0 1577.0 163.0 396.0 2528.7958538396547
0.0 1679.0 70.0 411.0 1573.0588983113682
0.0 1833.0 7.0 35.0 157.89493600947273
0.0 1519.0 192.0 540.0 3105.9502915661606
0.0 1701.0 83.0 193.0 1350.4853594736167
0.0 1413.0 242.0 833.0 4172.919937157612
0.0 1413.0 242.0 833.0 4172.919937157612
0.0 1427.0 233.0 806.0 4027.062907943282
0.0 1819.0 15.0 46.0 284.59843286639807
0.0 1819.0 15.0 46.0 284.59843286639807
0.0 1841.0 4.0 26.0 74.07502408781437
0.0 1841.0 4.0 26.0 74.07502408781437
0.0 1571.0 165.0 413.0 2589.463203652619
0.0 1663.0 105.0 261.0 1706.9246253071449
0.0 1663.0 105.0 261.0 1706.9246253071449
0.0 1639.0 124.0 288.0 1958.133155733424
0.0 1841.0 4.0 26.0 74.07502408781437
0.0 1485.0 203.0 644.0 3477.719940928865
0.0 1289.0 302.0 1254.0 5417.540580263155
0.0 1539.0 131.0 798.0 2959.729557004289
0.0 1453.0 175.0 1029.0 3786.0045845299496
0.0 1453.0 175.0 1029.0 3786.0045845299496
0.0 1539.0 131.0 798.0 2959.729557004289
0.0 1453.0 175.0 1029.0 3786.0045845299496
0.0 1427.0 233.0 806.0 4027.062907943282
0.0 1503.0 205.0 576.0 3252.308535061026
0.0 1803.0 23.0 67.0 410.3413951997696
0.0 1635.0 88.0 536.0 2015.2073948911302
0.0 1453.0 175.0 1029.0 3786.0045845299496
0.0 1833.0 7.0 35.0 157.89493600947273
0.0 1833.0 7.0 35.0 157.89493600947273
0.0 1833.0 7.0 35.0 157.89493600947273
0.0 1799.0 23.0 84.0 445.3653481969764
0.0 1749.0 57.0 122.0 918.2105241547089
0.0 1817.0 17.0 46.0 293.45811885311446
0.0 1739.0 47.0 215.0 993.0038224394111
0.0 1667.0 101.0 262.0 1660.3016231696163
0.0 1571.0 117.0 703.0 2625.0747367548715
0.0 1571.0 117.0 703.0 2625.0747367548715
0.0 1571.0 165.0 413.0 2589.463203652619
0.0 1571.0 117.0 703.0 2625.0747367548715
0.0 1413.0 242.0 833.0 4172.919937157612
0.0 1519.0 192.0 540.0 3105.9502915661606
0.0 1739.0 47.0 215.0 993.0038224394111
0.0 1787.0 25.0 121.0 567.5378882886573
0.0 1631.0 89.0 560.0 2059.6287307070447
0.0 1451.0 176.0 1038.0 3801.743800099832
0.0 1733.0 68.0 133.0 1051.0600587211532
0.0 1729.0 63.0 167.0 1091.039803080356
0.0 1599.0 152.0 345.0 2324.0543207492374
0.0 1759.0 39.0 161.0 820.5503760017245
0.0 1721.0 67.0 178.0 1162.638521482674
0.0 1599.0 152.0 345.0 2324.0543207492374
0.0 1679.0 70.0 411.0 1573.0588983113682
0.0 1811.0 20.0 52.0 353.04948160713985
0.0 1613.0 98.0 598.0 2237.5168206249346
0.0 1599.0 152.0 345.0 2324.0543207492374
0.0 1237.0 318.0 1480.0 5939.119161142561
0.0 1815.0 9.0 96.0 329.0332126588302
0.0 1811.0 20.0 52.0 353.04948160713985
0.0 1237.0 318.0 1480.0 5939.119161142561
0.0 1383.0 225.0 1128.0 4476.925330982167
0.0 1645.0 84.0 510.0 1897.7370047847937
0.0 1657.0 115.0 252.0 1769.2361110906174
0.0 1739.0 47.0 215.0 993.0038224394111
0.0 1739.0 47.0 215.0 993.0038224394111
0.0 1715.0 53.0 338.0 1222.223329949318
0.0 1277.0 297.0 1344.0 5514.786380219154
0.0 1687.0 85.0 247.0 1472.4547851786735
0.0 1733.0 68.0 133.0 1051.0600587211532
0.0 1733.0 68.0 133.0 1051.0600587211532
0.0 1503.0 205.0 576.0 3252.308535061026
0.0 1755.0 43.0 153.0 862.2751868679064
0.0 1629.0 129.0 308.0 2025.131691361471
0.0 1803.0 23.0 67.0 410.3413951997696
0.0 1629.0 129.0 308.0 2025.131691361471
0.0 1773.0 37.0 108.0 692.4551077112448
0.0 1695.0 63.0 360.0 1435.0988456815949
