0.0 1723.0 71.0 153.0 1156.7915903325436
0.0 1715.0 77.0 160.0 1232.608548988965
0.0 1679.0 65.0 456.0 1553.1219710053826
0.0 1531.0 185.0 486.0 3024.0535052383975
0.0 1237.0 318.0 1480.0 5939.119161142561
0.0 1345.0 279.0 1037.0 4864.381619607498
0.0 1605.0 93.0 708.0 2324.560581343679
0.0 1555.0 168.0 446.0 2786.1235563738865
0.0 1239.0 318.0 1467.0 5910.633795184599
0.0 1247.0 313.0 1440.0 5828.153727721053
0.0 1803.0 15.0 96.0 424.6281322825907
0.0 1841.0 4.0 27.0 79.82960183536558
0.0 1679.0 95.0 220.0 1568.0797136205094
0.0 1531.0 185.0 486.0 3024.0535052383975
0.0 1277.0 305.0 1304.0 5519.719266644454
0.0 1277.0 305.0 1304.0 5519.719266644454
0.0 1721.0 45.0 339.0 1166.945425702075
0.0 1237.0 318.0 1480.0 5939.119161142561
0.0 1571.0 159.0 419.0 2603.6496619383724
0.0 1345.0 279.0 1037.0 4864.381619607498
0.0 1721.0 45.0 339.0 1166.945425702075
0.0 1345.0 279.0 1037.0 4864.381619607498
0.0 1723.0 71.0 153.0 1156.7915903325436
0.0 1727.0 60.0 180.0 1117.035102484343
0.0 1823.0 9.0 55.0 247.58079133541443
0.0 1699.0 78.0 213.0 1364.74684730385
0.0 1799.0 24.0 76.0 440.81062779448865
0.0 1601.0 144.0 347.0 2341.1820752131275
0.0 1789.0 20.0 142.0 536.8858908460016
0.0 1803.0 15.0 96.0 424.6281322825907
0.0 1505.0 140.0 1016.0 3281.4744105002997
0.0 1641.0 122.0 262.0 1926.2383960508248
0.0 1699.0 78.0 213.0 1364.74684730385
0.0 1579.0 106.0 789.0 2543.2337741232045
0.0 1789.0 20.0 142.0 536.8858908460016
0.0 1711.0 70.0 201.0 1259.9112102378529
0.0 1735.0 57.0 164.0 1013.8658928260551
0.0 1603.0 143.0 343.0 2323.5091929338682
0.0 1375.0 263.0 940.0 4575.4062370361235
0.0 1449.0 223.0 729.0 3840.459155191171
0.0 1365.0 227.0 1272.0 4694.485220680979
0.0 1779.0 34.0 100.0 639.826218137366
0.0 1529.0 128.0 936.0 3037.3220315294507
0.0 1399.0 251.0 868.0 4323.063911128387
0.0 1431.0 235.0 764.0 4004.0820600765674
0.0 1779.0 34.0 100.0 639.826218137366
0.0 1785.0 27.0 108.0 575.4985024353848
0.0 1803.0 15.0 96.0 424.6281322825907
0.0 1593.0 100.0 724.0 2440.6363210788422
0.0 1831.0 5.0 48.0 172.2833049331028
0.0 1645.0 80.0 537.0 1874.6628159862653
0.0 1837.0 3.0 38.0 126.37583559602558
0.0 1645.0 80.0 537.0 1874.6628159862653
0.0 1593.0 100.0 724.0 2440.6363210788422
0.0 1603.0 143.0 343.0 2323.5091929338682
0.0 1455.0 170.0 1120.0 3771.1738002362217
0.0 1657.0 110.0 247.0 1778.7629454974506
0.0 1455.0 170.0 1120.0 3771.1738002362217
0.0 1653.0 103.0 293.0 1832.8488943848472
0.0 1627.0 130.0 293.0 2064.990838667468
0.0 1705.0 71.0 220.0 1309.1837201096196
0.0 1549.0 174.0 447.0 2840.5557878818227
0.0 1815.0 11.0 74.0 309.10733063077174
0.0 1683.0 91.0 221.0 1528.5852200003908
0.0 1399.0 205.0 1217.0 4334.253778426883
0.0 1627.0 130.0 293.0 2064.990838667468
0.0 1593.0 100.0 724.0 2440.6363210788422
0.0 1481.0 155.0 1052.0 3505.529176102835
0.0 1473.0 158.0 1081.0 3590.2437877888638
0.0 1641.0 122.0 262.0 1926.2383960508248
0.0 1699.0 78.0 213.0 1364.74684730385
0.0 1695.0 69.0 297.0 1388.6036266074589
0.0 1715.0 77.0 160.0 1232.608548988965
0.0 1835.0 4.0 39.0 142.62457044097283
0.0 1475.0 212.0 648.0 3586.2919108879214
0.0 1695.0 69.0 297.0 1388.6036266074589
0.0 1475.0 212.0 648.0 3586.2919108879214
0.0 1723.0 44.0 335.0 1149.2725434228148
0.0 1815.0 11.0 74.0 309.10733063077174
0.0 1769.0 26.0 218.0 721.4342086117898
0.0 1677.0 96.0 223.0 1585.5597274434601
0.0 1431.0 235.0 764.0 4004.0820600765674
0.0 1785.0 27.0 108.0 575.4985024353848
0.0 1411.0 245.0 830.0 4200.225453195855
0.0 1517.0 194.0 520.0 3161.1289162420817
0.0 1615.0 134.0 331.0 2179.8267457677575
0.0 1399.0 205.0 1217.0 4334.253778426883
0.0 1683.0 91.0 221.0 1528.5852200003908
0.0 1757.0 46.0 127.0 813.8393184430071
0.0 1671.0 68.0 480.0 1629.1541134263364
0.0 1615.0 134.0 331.0 2179.8267457677575
0.0 1757.0 46.0 127.0 813.8393184430071
0.0 1695.0 58.0 419.0 1399.87587677911
0.0 1399.0 251.0 868.0 4323.063911128387
0.0 1411.0 245.0 830.0 4200.225453195855
0.0 1411.0 245.0 830.0 4200.225453195855
0.0 1239.0 318.0 1467.0 5910.633795184599
0.0 1421.0 191.0 1186.0 4125.53190460914
0.0 1623.0 89.0 615.0 2108.728632419536
0.0 1723.0 44.0 335.0 1149.2725434228148
0.0 1785.0 27.0 108.0 575.4985024353848
0.0 1365.0 227.0 1272.0 4694.485220680979
0.0 1497.0 201.0 576.0 3377.6169229759253
0.0 1427.0 187.0 1175.0 4074.268600115413
0.0 1475.0 212.0 648.0 3586.2919108879214
0.0 1785.0 27.0 108.0 575.4985024353848
0.0 1823.0 9.0 55.0 247.58079133541443
0.0 1319.0 288.0 1133.0 5131.093389082546
0.0 1497.0 201.0 576.0 3377.6169229759253
0.0 1497.0 201.0 576.0 3377.6169229759253
0.0 1757.0 46.0 127.0 813.8393184430071
0.0 1291.0 298.0 1260.0 5364.655289622424
0.0 1449.0 223.0 729.0 3840.459155191171
0.0 1665.0 104.0 244.0 1700.3609314701664
0.0 1319.0 288.0 1133.0 5131.093389082546
0.0 1743.0 38.0 261.0 955.0343413959399
0.0 1509.0 196.0 545.0 3246.1987609605694
0.0 1757.0 46.0 127.0 813.8393184430071
0.0 1605.0 93.0 708.0 2324.560581343679
0.0 1707.0 84.0 165.0 1306.981546691716
0.0 1263.0 307.0 1372.0 5667.103307455079
0.0 1237.0 318.0 1480.0 5939.119161142561
0.0 1695.0 58.0 419.0 1399.87587677911
0.0 1767.0 39.0 117.0 729.9612151067669
0.0 1695.0 58.0 419.0 1399.87587677911
0.0 1767.0 39.0 117.0 729.9612151067669
0.0 1319.0 288.0 1133.0 5131.093389082546
0.0 1291.0 298.0 1260.0 5364.655289622424
0.0 1399.0 205.0 1217.0 4334.253778426883
0.0 1571.0 159.0 419.0 2603.6496619383724
0.0 1463.0 217.0 682.0 3713.1009459446386
0.0 1547.0 123.0 851.0 2822.408445556413
0.0 1237.0 318.0 1480.0 5939.119161142561
0.0 1615.0 134.0 331.0 2179.8267457677575
0.0 1365.0 264.0 983.0 4655.7897541904
0.0 1843.0 3.0 26.0 63.58086699041833
0.0 1843.0 3.0 26.0 63.58086699041833
0.0 1843.0 3.0 26.0 63.58086699041833
0.0 1365.0 264.0 983.0 4655.7897541904
0.0 1837.0 3.0 38.0 126.37583559602558
0.0 1843.0 3.0 26.0 63.58086699041833
0.0 1843.0 3.0 26.0 63.58086699041833
0.0 1365.0 227.0 1272.0 4694.485220680979
0.0 1809.0 18.0 66.0 358.3642727848488
0.0 1843.0 3.0 26.0 63.58086699041833
0.0 1749.0 52.0 131.0 892.9654484981152
0.0 1279.0 304.0 1295.0 5504.1366282184745
0.0 1843.0 3.0 26.0 63.58086699041833
0.0 1843.0 3.0 26.0 63.58086699041833
0.0 1237.0 318.0 1480.0 5939.119161142561
0.0 1843.0 3.0 26.0 63.58086699041833
0.0 1365.0 264.0 983.0 4655.7897541904
0.0 1843.0 3.0 26.0 63.58086699041833
0.0 1767.0 39.0 117.0 729.9612151067669
0.0 1843.0 3.0 26.0 63.58086699041833
0.0 1843.0 3.0 26.0 63.58086699041833
0.0 1237.0 318.0 1480.0 5939.119161142561
0.0 1843.0 3.0 26.0 63.58086699041833
0.0 1743.0 38.0 261.0 955.0343413959399
0.0 1799.0 24.0 76.0 440.81062779448865
0.0 1843.0 3.0 26.0 63.58086699041833
0.0 1767.0 39.0 117.0 729.9612151067669
0.0 1749.0 52.0 131.0 892.9654484981152
0.0 1441.0 231.0 738.0 3898.7947518884175
0.0 1505.0 140.0 1016.0 3281.4744105002997
0.0 1767.0 39.0 117.0 729.9612151067669
0.0 1237.0 318.0 1480.0 5939.119161142561
0.0 1625.0 131.0 297.0 2082.6637209467276
0.0 1625.0 131.0 297.0 2082.6637209467276
0.0 1427.0 187.0 1175.0 4074.268600115413
0.0 1441.0 231.0 738.0 3898.7947518884175
0.0 1677.0 96.0 223.0 1585.5597274434601
0.0 1547.0 123.0 851.0 2822.408445556413
0.0 1601.0 144.0 347.0 2341.1820752131275
0.0 1543.0 176.0 469.0 2900.5949213812064
0.0 1677.0 96.0 223.0 1585.5597274434601
0.0 1677.0 96.0 223.0 1585.5597274434601
0.0 1601.0 144.0 347.0 2341.1820752131275
0.0 1657.0 110.0 247.0 1778.7629454974506
0.0 1519.0 189.0 529.0 3142.9576405730404
0.0 1769.0 26.0 218.0 721.4342086117898
0.0 1617.0 92.0 625.0 2166.234898337574
0.0 1657.0 110.0 247.0 1778.7629454974506
0.0 1431.0 235.0 764.0 4004.0820600765674
0.0 1547.0 123.0 851.0 2822.408445556413
0.0 1247.0 313.0 1440.0 5828.153727721053
0.0 1723.0 44.0 335.0 1149.2725434228148
0.0 1657.0 110.0 247.0 1778.7629454974506
0.0 1653.0 103.0 293.0 1832.8488943848472
0.0 1587.0 150.0 384.0 2447.22433704247
0.0 1625.0 131.0 297.0 2082.6637209467276
0.0 1387.0 259.0 893.0 4460.622131182969
0.0 1571.0 159.0 413.0 2635.10209386199
0.0 1831.0 6.0 43.0 172.87476615321012
0.0 1821.0 10.0 55.0 271.0433703242432
0.0 1279.0 304.0 1295.0 5504.1366282184745
0.0 1571.0 159.0 413.0 2635.10209386199
0.0 1831.0 6.0 43.0 172.87476615321012
0.0 1571.0 159.0 413.0 2635.10209386199
0.0 1599.0 126.0 449.0 2350.4963017248774
0.0 1821.0 10.0 55.0 271.0433703242432
0.0 1831.0 6.0 43.0 172.87476615321012
0.0 1835.0 4.0 39.0 142.62457044097283
0.0 1561.0 117.0 807.0 2707.2498829846913
0.0 1749.0 52.0 131.0 892.9654484981152
0.0 1605.0 93.0 708.0 2324.560581343679
0.0 1727.0 60.0 180.0 1117.035102484343
0.0 1735.0 57.0 164.0 1013.8658928260551
0.0 1529.0 128.0 936.0 3037.3220315294507
0.0 1529.0 128.0 936.0 3037.3220315294507
0.0 1345.0 279.0 1037.0 4864.381619607498
0.0 1463.0 217.0 682.0 3713.1009459446386
0.0 1263.0 308.0 1369.0 5660.408286835281
0.0 1735.0 57.0 164.0 1013.8658928260551
0.0 1529.0 128.0 936.0 3037.3220315294507
0.0 1547.0 123.0 851.0 2822.408445556413
0.0 1431.0 235.0 764.0 4004.0820600765674
0.0 1735.0 57.0 164.0 1013.8658928260551
0.0 1735.0 57.0 164.0 1013.8658928260551
0.0 1529.0 128.0 936.0 3037.3220315294507
0.0 1529.0 128.0 936.0 3037.3220315294507
0.0 1799.0 24.0 76.0 440.81062779448865
0.0 1505.0 140.0 1016.0 3281.4744105002997
0.0 1715.0 77.0 160.0 1232.608548988965
0.0 1505.0 140.0 1016.0 3281.4744105002997
0.0 1387.0 259.0 893.0 4460.622131182969
0.0 1749.0 52.0 131.0 892.9654484981152
0.0 1641.0 122.0 262.0 1926.2383960508248
0.0 1803.0 15.0 96.0 424.6281322825907
0.0 1779.0 34.0 100.0 639.826218137366
0.0 1387.0 259.0 893.0 4460.622131182969
0.0 1809.0 18.0 66.0 358.3642727848488
0.0 1517.0 194.0 520.0 3161.1289162420817
0.0 1561.0 117.0 807.0 2707.2498829846913
0.0 1583.0 152.0 387.0 2518.523785219837
0.0 1583.0 152.0 387.0 2518.523785219837
0.0 1743.0 38.0 261.0 955.0343413959399
0.0 1707.0 84.0 165.0 1306.981546691716
0.0 1583.0 152.0 387.0 2518.523785219837
0.0 1707.0 84.0 165.0 1306.981546691716
0.0 1617.0 92.0 625.0 2166.234898337574
0.0 1645.0 80.0 537.0 1874.6628159862653
0.0 1645.0 80.0 537.0 1874.6628159862653
0.0 1645.0 80.0 537.0 1874.6628159862653
0.0 1549.0 174.0 447.0 2840.5557878818227
0.0 1645.0 80.0 537.0 1874.6628159862653
0.0 1641.0 122.0 262.0 1926.2383960508248
0.0 1641.0 122.0 262.0 1926.2383960508248
0.0 1843.0 3.0 26.0 63.58086699041833
0.0 1843.0 3.0 26.0 63.58086699041833
0.0 1843.0 3.0 26.0 63.58086699041833
0.0 1843.0 3.0 26.0 63.58086699041833
0.0 1843.0 3.0 26.0 63.58086699041833
0.0 1623.0 89.0 615.0 2108.728632419536
0.0 1623.0 89.0 615.0 2108.728632419536
0.0 1641.0 122.0 262.0 1926.2383960508248
0.0 1519.0 189.0 529.0 3142.9576405730404
0.0 1815.0 11.0 74.0 309.10733063077174
0.0 1641.0 122.0 262.0 1926.2383960508248
0.0 1319.0 288.0 1133.0 5131.093389082546
0.0 1319.0 288.0 1133.0 5131.093389082546
0.0 1555.0 168.0 446.0 2786.1235563738865
0.0 1587.0 150.0 384.0 2447.22433704247
0.0 1587.0 150.0 384.0 2447.22433704247
0.0 1555.0 168.0 446.0 2786.1235563738865
0.0 1815.0 11.0 74.0 309.10733063077174
0.0 1481.0 155.0 1052.0 3505.529176102835
0.0 1679.0 65.0 456.0 1553.1219710053826
0.0 1721.0 45.0 339.0 1166.945425702075
0.0 1743.0 38.0 261.0 955.0343413959399
0.0 1769.0 26.0 218.0 721.4342086117898
0.0 1509.0 196.0 545.0 3246.1987609605694
0.0 1261.0 308.0 1381.0 5682.685945881059
0.0 1793.0 23.0 98.0 505.75287923989487
0.0 1809.0 18.0 66.0 358.3642727848488
0.0 1675.0 64.0 498.0 1601.4974477441285
0.0 1655.0 111.0 251.0 1796.4358277767108
0.0 1475.0 212.0 648.0 3586.2919108879214
0.0 1561.0 117.0 807.0 2707.2498829846913
0.0 1463.0 217.0 682.0 3713.1009459446386
0.0 1463.0 217.0 682.0 3713.1009459446386
0.0 1675.0 64.0 498.0 1601.4974477441285
0.0 1431.0 235.0 764.0 4004.0820600765674
0.0 1473.0 158.0 1081.0 3590.2437877888638
0.0 1683.0 91.0 221.0 1528.5852200003908
0.0 1579.0 106.0 789.0 2543.2337741232045
0.0 1579.0 106.0 789.0 2543.2337741232045
0.0 1473.0 158.0 1081.0 3590.2437877888638
0.0 1543.0 176.0 469.0 2900.5949213812064
0.0 1617.0 92.0 625.0 2166.234898337574
0.0 1473.0 158.0 1081.0 3590.2437877888638
0.0 1497.0 201.0 576.0 3377.6169229759253
0.0 1549.0 174.0 447.0 2840.5557878818227
0.0 1747.0 54.0 131.0 916.0264918422984
0.0 1671.0 68.0 480.0 1629.1541134263364
0.0 1671.0 68.0 480.0 1629.1541134263364
0.0 1531.0 185.0 486.0 3024.0535052383975
0.0 1531.0 185.0 486.0 3024.0535052383975
0.0 1497.0 201.0 576.0 3377.6169229759253
0.0 1497.0 201.0 576.0 3377.6169229759253
