0.0 1623.0 120.0 365.0 2116.791305726785
0.0 1705.0 57.0 349.0 1312.4708557381489
0.0 1343.0 268.0 1082.0 4897.114442851568
0.0 1511.0 146.0 916.0 3143.225247986318
0.0 1633.0 82.0 587.0 2005.8160176715276
0.0 1537.0 174.0 530.0 2920.7747273930045
0.0 1745.0 47.0 171.0 922.4533660150051
0.0 1795.0 25.0 81.0 472.49865587234086
0.0 1367.0 259.0 997.0 4645.238880217185
0.0 1311.0 279.0 1221.0 5177.867976455061
0.0 1745.0 47.0 171.0 922.4533660150051
0.0 1303.0 284.0 1244.0 5256.459338445557
0.0 1795.0 25.0 81.0 472.49865587234086
0.0 1767.0 38.0 125.0 725.2945578023886
0.0 1609.0 91.0 686.0 2219.1788151393307
0.0 1693.0 60.0 426.0 1397.0541685003304
0.0 1511.0 146.0 916.0 3143.225247986318
0.0 1751.0 49.0 137.0 870.5630220060116
0.0 1585.0 106.0 733.0 2459.9895035194163
0.0 1549.0 168.0 487.0 2848.605928253093
0.0 1775.0 34.0 109.0 666.2068888447417
0.0 1669.0 67.0 481.0 1664.703765839795
0.0 1737.0 61.0 143.0 1004.8062827909428
0.0 1831.0 7.0 38.0 162.997089577323
0.0 1483.0 207.0 645.0 3486.988067353517
0.0 1311.0 279.0 1221.0 5177.867976455061
0.0 1775.0 34.0 109.0 666.2068888447417
0.0 1745.0 47.0 171.0 922.4533660150051
0.0 1831.0 7.0 38.0 162.997089577323
0.0 1343.0 268.0 1082.0 4897.114442851568
0.0 1693.0 60.0 426.0 1397.0541685003304
0.0 1645.0 75.0 570.0 1899.843634211568
0.0 1669.0 67.0 481.0 1664.703765839795
0.0 1603.0 140.0 377.0 2297.6052138437108
0.0 1775.0 34.0 109.0 666.2068888447417
0.0 1473.0 210.0 679.0 3587.5992474361888
0.0 1321.0 273.0 1195.0 5068.0334230714025
0.0 1303.0 284.0 1244.0 5256.459338445557
0.0 1703.0 81.0 192.0 1349.4441698237194
0.0 1727.0 55.0 209.0 1091.745948758836
0.0 1831.0 7.0 38.0 162.997089577323
0.0 1743.0 56.0 141.0 935.5679090246767
0.0 1751.0 49.0 137.0 870.5630220060116
0.0 1789.0 26.0 90.0 546.8162149269928
0.0 1789.0 26.0 90.0 546.8162149269928
0.0 1435.0 191.0 1076.0 3906.322985497942
0.0 1807.0 18.0 69.0 371.05695446088373
0.0 1589.0 148.0 398.0 2434.206740929652
0.0 1775.0 34.0 109.0 666.2068888447417
0.0 1541.0 133.0 798.0 2876.509367613756
0.0 1733.0 43.0 309.0 1031.5536122525978
0.0 1705.0 57.0 349.0 1312.4708557381489
0.0 1789.0 26.0 90.0 546.8162149269928
0.0 1811.0 16.0 62.0 344.3236882038564
0.0 1789.0 26.0 90.0 546.8162149269928
0.0 1421.0 236.0 822.0 4112.599519870022
0.0 1831.0 7.0 38.0 162.997089577323
0.0 1835.0 5.0 31.0 136.26382332029567
0.0 1707.0 71.0 218.0 1280.9937921219564
0.0 1789.0 26.0 90.0 546.8162149269928
0.0 1421.0 236.0 822.0 4112.599519870022
0.0 1811.0 16.0 62.0 344.3236882038564
0.0 1421.0 236.0 822.0 4112.599519870022
0.0 1689.0 84.0 242.0 1455.5554221647897
0.0 1719.0 70.0 171.0 1182.1417140252945
0.0 1835.0 5.0 31.0 136.26382332029567
0.0 1835.0 5.0 31.0 136.26382332029567
0.0 1511.0 146.0 916.0 3143.225247986318
0.0 1781.0 31.0 99.0 614.0521225963894
0.0 1511.0 146.0 916.0 3143.225247986318
0.0 1487.0 206.0 629.0 3451.605138958735
0.0 1499.0 202.0 588.0 3332.914298334622
0.0 1435.0 191.0 1076.0 3906.322985497942
0.0 1653.0 106.0 291.0 1813.62984470489
0.0 1499.0 202.0 588.0 3332.914298334622
0.0 1499.0 202.0 588.0 3332.914298334622
0.0 1653.0 72.0 542.0 1806.4807131372984
0.0 1427.0 233.0 805.0 4054.8240620160395
0.0 1451.0 224.0 724.0 3837.8814584760303
0.0 1473.0 210.0 679.0 3587.5992474361888
0.0 1473.0 210.0 679.0 3587.5992474361888
0.0 1577.0 152.0 445.0 2521.9821556814745
0.0 1451.0 224.0 724.0 3837.8814584760303
0.0 1589.0 148.0 398.0 2434.206740929652
0.0 1451.0 224.0 724.0 3837.8814584760303
0.0 1427.0 233.0 805.0 4054.8240620160395
0.0 1647.0 111.0 300.0 1861.314218815052
0.0 1549.0 168.0 487.0 2848.605928253093
0.0 1401.0 240.0 898.0 4330.060722398855
0.0 1687.0 87.0 232.0 1496.8715676460072
0.0 1843.0 3.0 26.0 63.58086699041833
0.0 1367.0 259.0 997.0 4645.238880217185
0.0 1843.0 3.0 26.0 63.58086699041833
0.0 1237.0 318.0 1480.0 5939.119161142561
0.0 1843.0 3.0 26.0 63.58086699041833
0.0 1623.0 120.0 365.0 2116.791305726785
0.0 1237.0 318.0 1480.0 5939.119161142561
0.0 1635.0 124.0 301.0 1994.206670371743
0.0 1237.0 318.0 1480.0 5939.119161142561
0.0 1237.0 318.0 1480.0 5939.119161142561
0.0 1459.0 177.0 1027.0 3659.102391492443
0.0 1491.0 157.0 956.0 3352.8826192903607
0.0 1237.0 318.0 1480.0 5939.119161142561
0.0 1751.0 49.0 137.0 870.5630220060116
0.0 1733.0 43.0 309.0 1031.5536122525978
0.0 1367.0 237.0 1170.0 4569.309120529458
0.0 1499.0 202.0 588.0 3332.914298334622
0.0 1333.0 274.0 1112.0 4990.603270787203
0.0 1751.0 49.0 137.0 870.5630220060116
0.0 1737.0 61.0 143.0 1004.8062827909428
0.0 1565.0 160.0 451.0 2671.9018663065026
0.0 1275.0 302.0 1322.0 5544.859655556611
0.0 1645.0 75.0 570.0 1899.843634211568
0.0 1727.0 55.0 209.0 1091.745948758836
0.0 1487.0 206.0 629.0 3451.605138958735
0.0 1733.0 43.0 309.0 1031.5536122525978
0.0 1595.0 141.0 401.0 2363.116785140155
0.0 1781.0 31.0 99.0 614.0521225963894
0.0 1707.0 71.0 218.0 1280.9937921219564
0.0 1367.0 259.0 997.0 4645.238880217185
0.0 1589.0 148.0 398.0 2434.206740929652
0.0 1709.0 77.0 182.0 1293.2306059951813
0.0 1843.0 3.0 26.0 63.58086699041833
0.0 1635.0 124.0 301.0 1994.206670371743
0.0 1671.0 65.0 496.0 1643.712291089612
0.0 1733.0 43.0 309.0 1031.5536122525978
0.0 1725.0 56.0 209.0 1116.1348022120599
0.0 1671.0 65.0 496.0 1643.712291089612
0.0 1635.0 124.0 301.0 1994.206670371743
0.0 1367.0 259.0 997.0 4645.238880217185
0.0 1843.0 3.0 26.0 63.58086699041833
0.0 1491.0 157.0 956.0 3352.8826192903607
0.0 1843.0 3.0 26.0 63.58086699041833
0.0 1491.0 157.0 956.0 3352.8826192903607
0.0 1781.0 31.0 99.0 614.0521225963894
0.0 1521.0 182.0 566.0 3097.478789339596
0.0 1781.0 31.0 99.0 614.0521225963894
0.0 1245.0 315.0 1440.0 5840.343938576699
0.0 1473.0 210.0 679.0 3587.5992474361888
0.0 1843.0 3.0 26.0 63.58086699041833
0.0 1675.0 97.0 259.0 1574.3972265438276
0.0 1843.0 3.0 26.0 63.58086699041833
0.0 1843.0 3.0 26.0 63.58086699041833
0.0 1821.0 11.0 53.0 258.7467377044024
0.0 1821.0 11.0 53.0 258.7467377044024
0.0 1439.0 188.0 1067.0 3868.7597627964856
0.0 1843.0 3.0 26.0 63.58086699041833
0.0 1609.0 131.0 392.0 2218.166397047015
0.0 1635.0 124.0 301.0 1994.206670371743
0.0 1843.0 3.0 26.0 63.58086699041833
0.0 1635.0 124.0 301.0 1994.206670371743
0.0 1549.0 168.0 487.0 2848.605928253093
0.0 1653.0 72.0 542.0 1806.4807131372984
0.0 1521.0 182.0 566.0 3097.478789339596
0.0 1237.0 318.0 1480.0 5939.119161142561
0.0 1549.0 168.0 487.0 2848.605928253093
0.0 1843.0 3.0 26.0 63.58086699041833
0.0 1549.0 168.0 487.0 2848.605928253093
0.0 1237.0 318.0 1480.0 5939.119161142561
0.0 1287.0 291.0 1305.0 5414.404959336396
0.0 1287.0 291.0 1305.0 5414.404959336396
0.0 1653.0 72.0 542.0 1806.4807131372984
0.0 1261.0 309.0 1370.0 5678.273615692403
0.0 1511.0 188.0 590.0 3185.4637176430565
0.0 1627.0 82.0 653.0 2044.0368373087538
0.0 1843.0 3.0 26.0 63.58086699041833
0.0 1633.0 82.0 587.0 2005.8160176715276
0.0 1541.0 133.0 798.0 2876.509367613756
0.0 1759.0 40.0 145.0 803.0076985995207
0.0 1511.0 188.0 590.0 3185.4637176430565
0.0 1439.0 188.0 1067.0 3868.7597627964856
0.0 1511.0 188.0 590.0 3185.4637176430565
0.0 1237.0 318.0 1480.0 5939.119161142561
0.0 1465.0 173.0 1018.0 3613.109703966499
0.0 1509.0 196.0 570.0 3239.572281492908
0.0 1289.0 296.0 1267.0 5420.07898514706
0.0 1603.0 140.0 377.0 2297.6052138437108
0.0 1647.0 111.0 300.0 1861.314218815052
0.0 1761.0 40.0 137.0 781.9535360625101
0.0 1821.0 11.0 53.0 258.7467377044024
0.0 1609.0 91.0 686.0 2219.1788151393307
0.0 1609.0 91.0 686.0 2219.1788151393307
0.0 1653.0 106.0 291.0 1813.62984470489
0.0 1653.0 106.0 291.0 1813.62984470489
0.0 1653.0 106.0 291.0 1813.62984470489
0.0 1703.0 81.0 192.0 1349.4441698237194
0.0 1575.0 113.0 736.0 2580.2885179854834
0.0 1609.0 91.0 686.0 2219.1788151393307
0.0 1609.0 91.0 686.0 2219.1788151393307
0.0 1821.0 11.0 53.0 258.7467377044024
0.0 1609.0 91.0 686.0 2219.1788151393307
0.0 1703.0 81.0 192.0 1349.4441698237194
0.0 1653.0 106.0 291.0 1813.62984470489
0.0 1541.0 133.0 798.0 2876.509367613756
0.0 1541.0 133.0 798.0 2876.509367613756
0.0 1653.0 106.0 291.0 1813.62984470489
0.0 1555.0 121.0 828.0 2725.550474954985
0.0 1647.0 111.0 300.0 1861.314218815052
0.0 1595.0 141.0 401.0 2363.116785140155
0.0 1843.0 3.0 26.0 63.58086699041833
0.0 1245.0 315.0 1440.0 5840.343938576699
0.0 1245.0 315.0 1440.0 5840.343938576699
0.0 1367.0 237.0 1170.0 4569.309120529458
0.0 1661.0 94.0 312.0 1740.962421141054
0.0 1367.0 237.0 1170.0 4569.309120529458
0.0 1443.0 222.0 770.0 3912.6392958973474
0.0 1661.0 94.0 312.0 1740.962421141054
0.0 1329.0 276.0 1125.0 5029.992050430741
0.0 1811.0 16.0 62.0 344.3236882038564
0.0 1367.0 259.0 997.0 4645.238880217185
0.0 1395.0 247.0 915.0 4337.201174902437
0.0 1811.0 16.0 62.0 344.3236882038564
0.0 1585.0 106.0 733.0 2459.9895035194163
0.0 1675.0 97.0 259.0 1574.3972265438276
0.0 1803.0 20.0 72.0 405.2627482029443
0.0 1275.0 302.0 1322.0 5544.859655556611
0.0 1439.0 188.0 1067.0 3868.7597627964856
0.0 1725.0 56.0 209.0 1116.1348022120599
0.0 1741.0 50.0 175.0 954.0744605636912
0.0 1803.0 20.0 72.0 405.2627482029443
0.0 1447.0 225.0 736.0 3879.440937980231
0.0 1803.0 20.0 72.0 405.2627482029443
0.0 1261.0 309.0 1370.0 5678.273615692403
0.0 1261.0 309.0 1370.0 5678.273615692403
0.0 1595.0 141.0 401.0 2363.116785140155
0.0 1287.0 291.0 1305.0 5414.404959336396
0.0 1595.0 141.0 401.0 2363.116785140155
0.0 1343.0 268.0 1082.0 4897.114442851568
0.0 1447.0 225.0 736.0 3879.440937980231
0.0 1585.0 106.0 733.0 2459.9895035194163
0.0 1679.0 92.0 261.0 1527.7397582491674
0.0 1585.0 106.0 733.0 2459.9895035194163
0.0 1715.0 74.0 171.0 1227.4083612028055
0.0 1811.0 16.0 62.0 344.3236882038564
0.0 1555.0 121.0 828.0 2725.550474954985
0.0 1565.0 160.0 451.0 2671.9018663065026
0.0 1565.0 160.0 451.0 2671.9018663065026
0.0 1565.0 160.0 451.0 2671.9018663065026
0.0 1565.0 160.0 451.0 2671.9018663065026
0.0 1565.0 160.0 451.0 2671.9018663065026
0.0 1555.0 121.0 828.0 2725.550474954985
0.0 1329.0 276.0 1125.0 5029.992050430741
0.0 1555.0 121.0 828.0 2725.550474954985
0.0 1803.0 20.0 72.0 405.2627482029443
0.0 1803.0 20.0 72.0 405.2627482029443
0.0 1723.0 67.0 167.0 1150.520619476608
0.0 1737.0 61.0 143.0 1004.8062827909428
0.0 1719.0 70.0 171.0 1182.1417140252945
0.0 1555.0 121.0 828.0 2725.550474954985
0.0 1671.0 65.0 496.0 1643.712291089612
0.0 1389.0 247.0 939.0 4438.857202895717
0.0 1759.0 40.0 145.0 803.0076985995207
0.0 1715.0 74.0 171.0 1227.4083612028055
0.0 1715.0 74.0 171.0 1227.4083612028055
0.0 1759.0 40.0 145.0 803.0076985995207
0.0 1843.0 3.0 26.0 63.58086699041833
0.0 1843.0 3.0 26.0 63.58086699041833
0.0 1843.0 3.0 26.0 63.58086699041833
0.0 1843.0 3.0 26.0 63.58086699041833
0.0 1843.0 3.0 26.0 63.58086699041833
0.0 1725.0 56.0 209.0 1116.1348022120599
0.0 1623.0 120.0 365.0 2116.791305726785
0.0 1623.0 120.0 365.0 2116.791305726785
0.0 1491.0 157.0 956.0 3352.8826192903607
0.0 1401.0 240.0 898.0 4330.060722398855
0.0 1629.0 125.0 328.0 2028.530133210926
0.0 1693.0 60.0 426.0 1397.0541685003304
0.0 1693.0 60.0 426.0 1397.0541685003304
0.0 1633.0 82.0 587.0 2005.8160176715276
0.0 1401.0 240.0 898.0 4330.060722398855
0.0 1661.0 94.0 312.0 1740.962421141054
0.0 1401.0 240.0 898.0 4330.060722398855
0.0 1569.0 158.0 456.0 2588.818439595493
0.0 1603.0 140.0 377.0 2297.6052138437108
0.0 1521.0 182.0 566.0 3097.478789339596
0.0 1725.0 56.0 209.0 1116.1348022120599
0.0 1487.0 206.0 629.0 3451.605138958735
0.0 1589.0 148.0 398.0 2434.206740929652
0.0 1589.0 148.0 398.0 2434.206740929652
0.0 1627.0 82.0 653.0 2044.0368373087538
0.0 1687.0 87.0 232.0 1496.8715676460072
0.0 1687.0 87.0 232.0 1496.8715676460072
0.0 1687.0 87.0 232.0 1496.8715676460072
0.0 1459.0 177.0 1027.0 3659.102391492443
0.0 1687.0 87.0 232.0 1496.8715676460072
0.0 1689.0 84.0 242.0 1455.5554221647897
0.0 1447.0 225.0 736.0 3879.440937980231
0.0 1669.0 67.0 481.0 1664.703765839795
0.0 1669.0 67.0 481.0 1664.703765839795
0.0 1767.0 38.0 125.0 725.2945578023886
0.0 1321.0 273.0 1195.0 5068.0334230714025
0.0 1537.0 174.0 530.0 2920.7747273930045
0.0 1767.0 38.0 125.0 725.2945578023886
0.0 1537.0 174.0 530.0 2920.7747273930045
0.0 1835.0 5.0 31.0 136.26382332029567
0.0 1835.0 5.0 31.0 136.26382332029567
0.0 1511.0 146.0 916.0 3143.225247986318
0.0 1521.0 182.0 566.0 3097.478789339596
0.0 1761.0 40.0 137.0 781.9535360625101
0.0 1835.0 5.0 31.0 136.26382332029567
