0.0 1843.0 3.0 26.0 63.58086699041833
0.0 1757.0 35.0 207.0 857.3842414337704
0.0 1555.0 118.0 820.0 2794.6842500266316
0.0 1435.0 231.0 781.0 3962.1655680155923
0.0 1491.0 205.0 613.0 3383.242455001852
0.0 1843.0 3.0 26.0 63.58086699041833
0.0 1523.0 136.0 862.0 3105.819302322579
0.0 1491.0 205.0 613.0 3383.242455001852
0.0 1843.0 3.0 26.0 63.58086699041833
0.0 1791.0 27.0 76.0 525.9392232493544
0.0 1663.0 105.0 261.0 1734.0701667932904
0.0 1523.0 136.0 862.0 3105.819302322579
0.0 1659.0 108.0 263.0 1775.3992521575042
0.0 1509.0 143.0 908.0 3252.393791806634
0.0 1791.0 27.0 76.0 525.9392232493544
0.0 1453.0 181.0 976.0 3803.4643952891383
0.0 1607.0 94.0 632.0 2311.9135941232526
0.0 1843.0 3.0 26.0 63.58086699041833
0.0 1791.0 27.0 76.0 525.9392232493544
0.0 1591.0 102.0 674.0 2460.991230677156
0.0 1435.0 231.0 781.0 3962.1655680155923
0.0 1383.0 255.0 956.0 4450.796149609899
0.0 1573.0 111.0 725.0 2624.829544382368
0.0 1515.0 192.0 557.0 3165.430877932364
0.0 1509.0 143.0 908.0 3252.393791806634
0.0 1607.0 94.0 632.0 2311.9135941232526
0.0 1247.0 313.0 1437.0 5828.4716752328
0.0 1371.0 227.0 1217.0 4658.383439264117
0.0 1741.0 57.0 147.0 972.8626299399527
0.0 1277.0 297.0 1334.0 5520.692400410011
0.0 1463.0 171.0 1014.0 3701.774891518483
0.0 1491.0 205.0 613.0 3383.242455001852
0.0 1523.0 136.0 862.0 3105.819302322579
0.0 1319.0 279.0 1186.0 5104.907712325755
0.0 1675.0 64.0 467.0 1645.696503298597
0.0 1633.0 91.0 505.0 2039.0271150779188
0.0 1419.0 199.0 1072.0 4150.26738328538
0.0 1469.0 215.0 674.0 3614.7084488824344
0.0 1691.0 57.0 437.0 1483.273256393348
0.0 1361.0 262.0 1022.0 4731.976592108339
0.0 1515.0 192.0 557.0 3165.430877932364
0.0 1607.0 94.0 632.0 2311.9135941232526
0.0 1409.0 202.0 1153.0 4268.275435719908
0.0 1649.0 71.0 574.0 1911.8718684495518
0.0 1435.0 231.0 781.0 3962.1655680155923
0.0 1435.0 231.0 781.0 3962.1655680155923
0.0 1419.0 199.0 1072.0 4150.26738328538
0.0 1693.0 84.0 222.0 1447.0724925946863
0.0 1509.0 143.0 908.0 3252.393791806634
0.0 1371.0 227.0 1217.0 4658.383439264117
0.0 1491.0 205.0 613.0 3383.242455001852
0.0 1575.0 108.0 737.0 2622.455344158894
0.0 1611.0 140.0 336.0 2228.9711100499094
0.0 1371.0 227.0 1217.0 4658.383439264117
0.0 1617.0 138.0 326.0 2159.1669794337436
0.0 1343.0 271.0 1082.0 4897.207381812236
0.0 1301.0 285.0 1252.0 5276.079828963192
0.0 1701.0 53.0 401.0 1401.9937952316654
0.0 1557.0 168.0 469.0 2743.8409587529122
0.0 1541.0 125.0 849.0 2942.352682541184
0.0 1825.0 8.0 56.0 226.71953797418516
0.0 1757.0 35.0 207.0 857.3842414337704
0.0 1809.0 19.0 48.0 366.85479456621573
0.0 1809.0 19.0 48.0 366.85479456621573
0.0 1691.0 57.0 437.0 1483.273256393348
0.0 1557.0 168.0 469.0 2743.8409587529122
0.0 1683.0 99.0 218.0 1506.1691186209941
0.0 1343.0 271.0 1082.0 4897.207381812236
0.0 1697.0 89.0 197.0 1389.6559219790656
0.0 1649.0 117.0 276.0 1843.3507346735755
0.0 1659.0 112.0 260.0 1736.9323335891495
0.0 1617.0 138.0 326.0 2159.1669794337436
0.0 1685.0 98.0 215.0 1484.1437536835854
0.0 1569.0 162.0 438.0 2631.6257222214836
0.0 1727.0 72.0 148.0 1100.46520287646
0.0 1843.0 3.0 26.0 63.58086699041833
0.0 1727.0 72.0 148.0 1100.46520287646
0.0 1843.0 3.0 26.0 63.58086699041833
0.0 1649.0 71.0 574.0 1911.8718684495518
0.0 1255.0 309.0 1404.0 5751.569879749671
0.0 1573.0 111.0 725.0 2624.829544382368
0.0 1659.0 108.0 263.0 1775.3992521575042
0.0 1237.0 318.0 1480.0 5939.119161142561
0.0 1709.0 51.0 373.0 1331.3128143896506
0.0 1741.0 57.0 147.0 972.8626299399527
0.0 1779.0 26.0 138.0 638.2773843975909
0.0 1843.0 3.0 26.0 63.58086699041833
0.0 1255.0 309.0 1404.0 5751.569879749671
0.0 1779.0 26.0 138.0 638.2773843975909
0.0 1663.0 105.0 261.0 1734.0701667932904
0.0 1573.0 111.0 725.0 2624.829544382368
0.0 1661.0 66.0 550.0 1795.055047938434
0.0 1709.0 51.0 373.0 1331.3128143896506
0.0 1579.0 156.0 418.0 2528.5539637214138
0.0 1545.0 178.0 479.0 2880.9805272757562
0.0 1709.0 51.0 373.0 1331.3128143896506
0.0 1717.0 81.0 159.0 1179.8845915093457
0.0 1661.0 66.0 550.0 1795.055047938434
0.0 1461.0 219.0 695.0 3702.5492731958034
0.0 1303.0 283.0 1252.0 5254.28715688041
0.0 1745.0 57.0 136.0 928.3306556709059
0.0 1745.0 57.0 136.0 928.3306556709059
0.0 1587.0 152.0 401.0 2443.330998760436
0.0 1461.0 219.0 695.0 3702.5492731958034
0.0 1733.0 63.0 162.0 1037.0066403467156
0.0 1591.0 102.0 674.0 2460.991230677156
0.0 1745.0 37.0 270.0 971.0944074751138
0.0 1591.0 102.0 674.0 2460.991230677156
0.0 1587.0 152.0 401.0 2443.330998760436
0.0 1735.0 43.0 261.0 1085.0577242650786
0.0 1617.0 138.0 326.0 2159.1669794337436
0.0 1481.0 209.0 648.0 3491.6479342480984
0.0 1769.0 42.0 97.0 718.4597296776172
0.0 1735.0 43.0 261.0 1085.0577242650786
0.0 1553.0 122.0 777.0 2828.769597239565
0.0 1469.0 215.0 674.0 3614.7084488824344
0.0 1631.0 127.0 311.0 2027.7920627394383
0.0 1843.0 3.0 26.0 63.58086699041833
0.0 1745.0 37.0 270.0 971.0944074751138
0.0 1381.0 253.0 962.0 4516.339249067725
0.0 1381.0 253.0 962.0 4516.339249067725
0.0 1671.0 88.0 305.0 1672.312134966098
0.0 1843.0 3.0 26.0 63.58086699041833
0.0 1631.0 127.0 311.0 2027.7920627394383
0.0 1633.0 78.0 628.0 2062.584261107788
0.0 1821.0 14.0 38.0 261.09645177782716
0.0 1721.0 69.0 178.0 1174.6061747560802
0.0 1735.0 43.0 261.0 1085.0577242650786
0.0 1735.0 43.0 261.0 1085.0577242650786
0.0 1237.0 318.0 1480.0 5939.119161142561
0.0 1331.0 275.0 1131.0 4990.677251771796
0.0 1553.0 122.0 777.0 2828.769597239565
0.0 1633.0 91.0 505.0 2039.0271150779188
0.0 1237.0 318.0 1480.0 5939.119161142561
0.0 1495.0 153.0 927.0 3391.0082155262494
0.0 1237.0 318.0 1480.0 5939.119161142561
0.0 1587.0 152.0 401.0 2443.330998760436
0.0 1821.0 14.0 38.0 261.09645177782716
0.0 1331.0 275.0 1131.0 4990.677251771796
0.0 1765.0 43.0 108.0 755.8747432483036
0.0 1289.0 293.0 1280.0 5400.730382662008
0.0 1495.0 153.0 927.0 3391.0082155262494
0.0 1793.0 27.0 71.0 507.0255670942028
0.0 1659.0 108.0 263.0 1775.3992521575042
0.0 1553.0 122.0 777.0 2828.769597239565
0.0 1765.0 43.0 108.0 755.8747432483036
0.0 1713.0 82.0 168.0 1219.1404246547174
0.0 1825.0 8.0 56.0 226.71953797418516
0.0 1779.0 26.0 138.0 638.2773843975909
0.0 1649.0 71.0 574.0 1911.8718684495518
0.0 1793.0 27.0 71.0 507.0255670942028
0.0 1545.0 178.0 479.0 2880.9805272757562
0.0 1645.0 119.0 281.0 1889.5634896847223
0.0 1435.0 231.0 781.0 3962.1655680155923
0.0 1649.0 71.0 574.0 1911.8718684495518
0.0 1495.0 153.0 927.0 3391.0082155262494
0.0 1619.0 85.0 654.0 2184.9742518069393
0.0 1619.0 85.0 654.0 2184.9742518069393
0.0 1501.0 199.0 595.0 3272.7129141531004
0.0 1635.0 125.0 301.0 1992.7699383060487
0.0 1619.0 85.0 654.0 2184.9742518069393
0.0 1713.0 82.0 168.0 1219.1404246547174
0.0 1289.0 293.0 1280.0 5400.730382662008
0.0 1829.0 7.0 45.0 187.14082253539274
0.0 1713.0 82.0 168.0 1219.1404246547174
0.0 1829.0 7.0 45.0 187.14082253539274
0.0 1463.0 171.0 1014.0 3701.774891518483
0.0 1607.0 94.0 632.0 2311.9135941232526
0.0 1775.0 29.0 138.0 673.5552355033046
0.0 1237.0 318.0 1480.0 5939.119161142561
0.0 1281.0 296.0 1311.0 5486.315473126677
0.0 1775.0 29.0 138.0 673.5552355033046
0.0 1607.0 144.0 344.0 2269.696520282496
0.0 1501.0 199.0 595.0 3272.7129141531004
0.0 1279.0 297.0 1320.0 5501.354124291787
0.0 1607.0 144.0 344.0 2269.696520282496
0.0 1633.0 91.0 505.0 2039.0271150779188
0.0 1301.0 285.0 1252.0 5276.079828963192
0.0 1613.0 140.0 331.0 2205.3797344448903
0.0 1613.0 140.0 331.0 2205.3797344448903
0.0 1361.0 262.0 1022.0 4731.976592108339
0.0 1501.0 199.0 595.0 3272.7129141531004
0.0 1613.0 140.0 331.0 2205.3797344448903
0.0 1355.0 264.0 1047.0 4776.01201682583
0.0 1607.0 144.0 344.0 2269.696520282496
0.0 1721.0 69.0 178.0 1174.6061747560802
0.0 1683.0 99.0 218.0 1506.1691186209941
0.0 1573.0 160.0 428.0 2591.787737411536
0.0 1729.0 72.0 141.0 1085.3967598048262
0.0 1729.0 72.0 141.0 1085.3967598048262
0.0 1697.0 89.0 197.0 1389.6559219790656
0.0 1331.0 275.0 1131.0 4990.677251771796
0.0 1453.0 181.0 976.0 3803.4643952891383
0.0 1237.0 318.0 1480.0 5939.119161142561
0.0 1745.0 37.0 270.0 971.0944074751138
0.0 1469.0 215.0 674.0 3614.7084488824344
0.0 1701.0 53.0 401.0 1401.9937952316654
0.0 1675.0 64.0 467.0 1645.696503298597
0.0 1713.0 82.0 168.0 1219.1404246547174
0.0 1701.0 53.0 401.0 1401.9937952316654
0.0 1765.0 43.0 108.0 755.8747432483036
0.0 1679.0 93.0 246.0 1576.7283557635021
0.0 1429.0 191.0 1084.0 4054.3382534949524
0.0 1701.0 53.0 401.0 1401.9937952316654
0.0 1645.0 119.0 281.0 1889.5634896847223
0.0 1411.0 243.0 853.0 4209.219105930856
0.0 1429.0 191.0 1084.0 4054.3382534949524
0.0 1683.0 99.0 218.0 1506.1691186209941
0.0 1645.0 120.0 279.0 1885.9855149605721
0.0 1649.0 71.0 574.0 1911.8718684495518
0.0 1453.0 181.0 976.0 3803.4643952891383
0.0 1679.0 93.0 246.0 1576.7283557635021
0.0 1693.0 84.0 222.0 1447.0724925946863
0.0 1661.0 66.0 550.0 1795.055047938434
0.0 1463.0 171.0 1014.0 3701.774891518483
0.0 1409.0 202.0 1153.0 4268.275435719908
0.0 1645.0 119.0 281.0 1889.5634896847223
0.0 1515.0 192.0 557.0 3165.430877932364
0.0 1461.0 219.0 695.0 3702.5492731958034
0.0 1809.0 19.0 48.0 366.85479456621573
0.0 1809.0 19.0 48.0 366.85479456621573
0.0 1809.0 19.0 48.0 366.85479456621573
0.0 1809.0 19.0 48.0 366.85479456621573
0.0 1523.0 136.0 862.0 3105.819302322579
0.0 1649.0 117.0 276.0 1843.3507346735755
0.0 1355.0 264.0 1047.0 4776.01201682583
0.0 1515.0 192.0 557.0 3165.430877932364
0.0 1411.0 243.0 853.0 4209.219105930856
0.0 1721.0 69.0 178.0 1174.6061747560802
0.0 1257.0 307.0 1404.0 5726.6418735556035
0.0 1411.0 243.0 853.0 4209.219105930856
0.0 1257.0 307.0 1404.0 5726.6418735556035
0.0 1671.0 88.0 305.0 1672.312134966098
0.0 1841.0 3.0 28.0 85.85658485161244
0.0 1523.0 136.0 862.0 3105.819302322579
0.0 1841.0 3.0 28.0 85.85658485161244
0.0 1469.0 215.0 674.0 3614.7084488824344
0.0 1757.0 35.0 207.0 857.3842414337704
0.0 1841.0 3.0 28.0 85.85658485161244
0.0 1841.0 3.0 28.0 85.85658485161244
0.0 1809.0 19.0 48.0 366.85479456621573
0.0 1533.0 182.0 526.0 2949.4064057979904
0.0 1809.0 19.0 48.0 366.85479456621573
0.0 1769.0 42.0 97.0 718.4597296776172
0.0 1769.0 42.0 97.0 718.4597296776172
0.0 1533.0 182.0 526.0 2949.4064057979904
0.0 1779.0 26.0 138.0 638.2773843975909
0.0 1769.0 42.0 97.0 718.4597296776172
0.0 1769.0 42.0 97.0 718.4597296776172
0.0 1569.0 162.0 438.0 2631.6257222214836
0.0 1697.0 89.0 197.0 1389.6559219790656
0.0 1709.0 51.0 373.0 1331.3128143896506
0.0 1547.0 172.0 492.0 2830.314549750515
0.0 1547.0 172.0 492.0 2830.314549750515
0.0 1741.0 57.0 147.0 972.8626299399527
0.0 1591.0 102.0 674.0 2460.991230677156
0.0 1829.0 7.0 45.0 187.14082253539274
0.0 1247.0 313.0 1437.0 5828.4716752328
0.0 1835.0 5.0 37.0 138.2431566533497
0.0 1789.0 28.0 82.0 542.6830589870444
0.0 1675.0 64.0 467.0 1645.696503298597
0.0 1835.0 5.0 37.0 138.2431566533497
0.0 1675.0 64.0 467.0 1645.696503298597
0.0 1781.0 32.0 94.0 625.9507130345379
0.0 1239.0 317.0 1471.0 5916.082273821735
0.0 1675.0 64.0 467.0 1645.696503298597
0.0 1383.0 255.0 956.0 4450.796149609899
0.0 1695.0 83.0 217.0 1432.879109489192
0.0 1755.0 48.0 130.0 842.2041574250603
0.0 1755.0 48.0 130.0 842.2041574250603
0.0 1843.0 3.0 26.0 63.58086699041833
0.0 1843.0 3.0 26.0 63.58086699041833
0.0 1843.0 3.0 26.0 63.58086699041833
0.0 1541.0 125.0 849.0 2942.352682541184
0.0 1635.0 125.0 301.0 1992.7699383060487
0.0 1691.0 56.0 443.0 1500.092679665534
0.0 1823.0 15.0 29.0 243.29483902124113
0.0 1823.0 15.0 29.0 243.29483902124113
0.0 1755.0 48.0 130.0 842.2041574250603
0.0 1843.0 3.0 26.0 63.58086699041833
0.0 1301.0 285.0 1252.0 5276.079828963192
0.0 1843.0 3.0 26.0 63.58086699041833
0.0 1843.0 3.0 26.0 63.58086699041833
0.0 1579.0 156.0 418.0 2528.5539637214138
0.0 1791.0 27.0 76.0 525.9392232493544
0.0 1573.0 160.0 428.0 2591.787737411536
0.0 1791.0 27.0 76.0 525.9392232493544
0.0 1587.0 152.0 401.0 2443.330998760436
0.0 1587.0 152.0 401.0 2443.330998760436
0.0 1633.0 78.0 628.0 2062.584261107788
0.0 1829.0 7.0 45.0 187.14082253539274
0.0 1463.0 171.0 1014.0 3701.774891518483
0.0 1547.0 172.0 492.0 2830.314549750515
0.0 1547.0 172.0 492.0 2830.314549750515
0.0 1525.0 184.0 549.0 3039.9437171489644
0.0 1525.0 184.0 549.0 3039.9437171489644
0.0 1419.0 239.0 829.0 4129.699989071269
0.0 1419.0 239.0 829.0 4129.699989071269
0.0 1575.0 108.0 737.0 2622.455344158894
0.0 1575.0 108.0 737.0 2622.455344158894
