0.0 1581.0 153.0 404.0 2582.4307482877707
0.0 1499.0 188.0 639.0 3395.2104187397204
0.0 1545.0 131.0 747.0 2908.512844008483
0.0 1427.0 242.0 790.0 4055.765738160881
0.0 1651.0 124.0 242.0 1897.3345169782588
0.0 1713.0 50.0 322.0 1257.3882683242389
0.0 1555.0 167.0 460.0 2819.4589642949845
0.0 1675.0 65.0 427.0 1661.2946156742858
0.0 1443.0 233.0 750.0 3883.519450347881
0.0 1347.0 249.0 1183.0 4865.088374859372
0.0 1693.0 58.0 376.0 1463.2000588745484
0.0 1607.0 103.0 550.0 2298.0231478003666
0.0 1369.0 263.0 990.0 4645.273416679852
0.0 1631.0 85.0 563.0 2045.6158501491166
0.0 1433.0 194.0 1013.0 4028.56614967219
0.0 1585.0 107.0 676.0 2521.0388530452005
0.0 1763.0 35.0 160.0 771.541152575529
0.0 1297.0 291.0 1235.0 5352.688425161843
0.0 1647.0 80.0 494.0 1889.1032939432225
0.0 1631.0 85.0 563.0 2045.6158501491166
0.0 1585.0 107.0 676.0 2521.0388530452005
0.0 1365.0 237.0 1138.0 4685.670215978085
0.0 1781.0 27.0 121.0 638.6628081307639
0.0 1247.0 313.0 1438.0 5838.572090667259
0.0 1247.0 313.0 1438.0 5838.572090667259
0.0 1365.0 237.0 1138.0 4685.670215978085
0.0 1567.0 161.0 434.0 2701.2783525895493
0.0 1237.0 318.0 1480.0 5939.119161142561
0.0 1443.0 233.0 750.0 3883.519450347881
0.0 1841.0 4.0 26.0 74.07502408781437
0.0 1667.0 67.0 458.0 1741.9562508108136
0.0 1581.0 153.0 404.0 2582.4307482877707
0.0 1631.0 85.0 563.0 2045.6158501491166
0.0 1567.0 161.0 434.0 2701.2783525895493
0.0 1301.0 287.0 1235.0 5311.183521545359
0.0 1667.0 67.0 458.0 1741.9562508108136
0.0 1701.0 56.0 340.0 1395.339364251481
0.0 1733.0 70.0 136.0 1080.911332780599
0.0 1581.0 153.0 404.0 2582.4307482877707
0.0 1795.0 22.0 95.0 504.3059416938341
0.0 1585.0 107.0 676.0 2521.0388530452005
0.0 1405.0 254.0 853.0 4272.533741393996
0.0 1843.0 3.0 26.0 63.58086699041833
0.0 1641.0 83.0 503.0 1963.0499850129438
0.0 1843.0 3.0 26.0 63.58086699041833
0.0 1703.0 89.0 175.0 1378.9041433354698
0.0 1331.0 262.0 1199.0 5031.326700181161
0.0 1647.0 80.0 494.0 1889.1032939432225
0.0 1841.0 4.0 26.0 74.07502408781437
0.0 1843.0 3.0 26.0 63.58086699041833
0.0 1365.0 237.0 1138.0 4685.670215978085
0.0 1843.0 3.0 26.0 63.58086699041833
0.0 1841.0 4.0 26.0 74.07502408781437
0.0 1681.0 102.0 208.0 1596.3259608235453
0.0 1591.0 105.0 659.0 2438.3151941534884
0.0 1365.0 237.0 1138.0 4685.670215978085
0.0 1841.0 4.0 26.0 74.07502408781437
0.0 1843.0 3.0 26.0 63.58086699041833
0.0 1843.0 3.0 26.0 63.58086699041833
0.0 1843.0 3.0 26.0 63.58086699041833
0.0 1843.0 3.0 26.0 63.58086699041833
0.0 1819.0 13.0 51.0 283.95971680252933
0.0 1467.0 217.0 690.0 3667.4569757327713
0.0 1339.0 278.0 1076.0 4925.816253120746
0.0 1831.0 9.0 34.0 164.49490900564027
0.0 1667.0 67.0 458.0 1741.9562508108136
0.0 1433.0 194.0 1013.0 4028.56614967219
0.0 1647.0 80.0 494.0 1889.1032939432225
0.0 1767.0 54.0 82.0 773.9792956734847
0.0 1789.0 23.0 112.0 557.6238109913867
0.0 1755.0 39.0 169.0 859.0081364218789
0.0 1407.0 211.0 1058.0 4253.2571842590005
0.0 1843.0 3.0 26.0 63.58086699041833
0.0 1767.0 54.0 82.0 773.9792956734847
0.0 1407.0 254.0 845.0 4251.479578856986
0.0 1843.0 3.0 26.0 63.58086699041833
0.0 1591.0 105.0 659.0 2438.3151941534884
0.0 1843.0 3.0 26.0 63.58086699041833
0.0 1237.0 318.0 1480.0 5939.119161142561
0.0 1811.0 15.0 70.0 348.22614222504444
0.0 1339.0 278.0 1076.0 4925.816253120746
0.0 1701.0 86.0 188.0 1404.6792310527314
0.0 1467.0 217.0 690.0 3667.4569757327713
0.0 1617.0 91.0 601.0 2191.5434480679482
0.0 1739.0 45.0 210.0 1004.7594303479966
0.0 1519.0 142.0 841.0 3152.89619143123
0.0 1651.0 124.0 242.0 1897.3345169782588
0.0 1491.0 159.0 873.0 3437.522719312063
0.0 1625.0 120.0 345.0 2154.641154778537
0.0 1651.0 124.0 242.0 1897.3345169782588
0.0 1789.0 23.0 112.0 557.6238109913867
0.0 1717.0 82.0 150.0 1245.1359408450012
0.0 1491.0 159.0 873.0 3437.522719312063
0.0 1407.0 211.0 1058.0 4253.2571842590005
0.0 1743.0 65.0 120.0 1001.7207775929088
0.0 1519.0 142.0 841.0 3152.89619143123
0.0 1717.0 82.0 150.0 1245.1359408450012
0.0 1723.0 48.0 272.0 1177.4035210572706
0.0 1443.0 233.0 750.0 3883.519450347881
0.0 1619.0 141.0 316.0 2210.3270830524725
0.0 1467.0 217.0 690.0 3667.4569757327713
0.0 1443.0 233.0 750.0 3883.519450347881
0.0 1665.0 112.0 227.0 1776.0953346041817
0.0 1407.0 211.0 1058.0 4253.2571842590005
0.0 1297.0 291.0 1235.0 5352.688425161843
0.0 1651.0 124.0 242.0 1897.3345169782588
0.0 1681.0 102.0 208.0 1596.3259608235453
0.0 1483.0 163.0 897.0 3518.430891324249
0.0 1265.0 303.0 1378.0 5659.186722219914
0.0 1339.0 278.0 1076.0 4925.816253120746
0.0 1783.0 45.0 66.0 615.3372861149932
0.0 1605.0 134.0 377.0 2349.3403795709833
0.0 1523.0 183.0 541.0 3145.1810420139236
0.0 1651.0 124.0 242.0 1897.3345169782588
0.0 1825.0 11.0 48.0 205.16995882313725
0.0 1519.0 142.0 841.0 3152.89619143123
0.0 1779.0 29.0 121.0 654.777225434513
0.0 1835.0 6.0 40.0 114.75007390531135
0.0 1695.0 95.0 183.0 1462.557758333077
0.0 1781.0 27.0 121.0 638.6628081307639
0.0 1519.0 142.0 841.0 3152.89619143123
0.0 1491.0 159.0 873.0 3437.522719312063
0.0 1239.0 317.0 1470.0 5918.182835773329
0.0 1781.0 27.0 121.0 638.6628081307639
0.0 1519.0 142.0 841.0 3152.89619143123
0.0 1605.0 134.0 377.0 2349.3403795709833
0.0 1711.0 51.0 312.0 1307.9801653199122
0.0 1711.0 51.0 312.0 1307.9801653199122
0.0 1665.0 112.0 227.0 1776.0953346041817
0.0 1781.0 27.0 121.0 638.6628081307639
0.0 1829.0 9.0 39.0 183.40856516079188
0.0 1651.0 124.0 242.0 1897.3345169782588
0.0 1557.0 166.0 454.0 2803.2484526402027
0.0 1695.0 95.0 183.0 1462.557758333077
0.0 1567.0 118.0 709.0 2688.343150941395
0.0 1457.0 181.0 937.0 3766.1319968545354
0.0 1723.0 48.0 272.0 1177.4035210572706
0.0 1551.0 125.0 773.0 2838.4081943876395
0.0 1829.0 9.0 39.0 183.40856516079188
0.0 1567.0 118.0 709.0 2688.343150941395
0.0 1711.0 51.0 312.0 1307.9801653199122
0.0 1423.0 244.0 803.0 4089.6158919264603
0.0 1551.0 125.0 773.0 2838.4081943876395
0.0 1457.0 181.0 937.0 3766.1319968545354
0.0 1457.0 181.0 937.0 3766.1319968545354
0.0 1763.0 35.0 160.0 771.541152575529
0.0 1457.0 181.0 937.0 3766.1319968545354
0.0 1551.0 125.0 773.0 2838.4081943876395
0.0 1777.0 27.0 135.0 697.3736104408639
0.0 1657.0 76.0 463.0 1790.561230651997
0.0 1693.0 58.0 376.0 1463.2000588745484
0.0 1743.0 65.0 120.0 1001.7207775929088
0.0 1599.0 146.0 361.0 2405.442527227529
0.0 1237.0 318.0 1480.0 5939.119161142561
0.0 1811.0 15.0 70.0 348.22614222504444
0.0 1483.0 163.0 897.0 3518.430891324249
0.0 1237.0 318.0 1480.0 5939.119161142561
0.0 1813.0 17.0 58.0 322.12813724626864
0.0 1339.0 278.0 1076.0 4925.816253120746
0.0 1533.0 179.0 507.0 3046.6904402684986
0.0 1599.0 146.0 361.0 2405.442527227529
0.0 1237.0 318.0 1480.0 5939.119161142561
0.0 1533.0 179.0 507.0 3046.6904402684986
0.0 1599.0 146.0 361.0 2405.442527227529
0.0 1599.0 146.0 361.0 2405.442527227529
0.0 1533.0 179.0 507.0 3046.6904402684986
0.0 1707.0 53.0 331.0 1321.3926731817596
0.0 1763.0 35.0 160.0 771.541152575529
0.0 1537.0 178.0 494.0 3009.57192946216
0.0 1523.0 183.0 541.0 3145.1810420139236
0.0 1793.0 22.0 98.0 533.983353455746
0.0 1575.0 157.0 413.0 2646.206364372806
0.0 1499.0 188.0 639.0 3395.2104187397204
0.0 1763.0 35.0 160.0 771.541152575529
0.0 1575.0 157.0 413.0 2646.206364372806
0.0 1829.0 9.0 39.0 183.40856516079188
0.0 1405.0 254.0 853.0 4272.533741393996
0.0 1695.0 95.0 183.0 1462.557758333077
0.0 1731.0 44.0 247.0 1105.46535164883
0.0 1811.0 15.0 70.0 348.22614222504444
0.0 1273.0 302.0 1329.0 5588.138998966598
0.0 1661.0 114.0 234.0 1815.8505588461358
0.0 1253.0 309.0 1425.0 5768.633557392901
0.0 1721.0 81.0 141.0 1211.654222178802
0.0 1675.0 69.0 395.0 1646.205170333346
0.0 1789.0 23.0 112.0 557.6238109913867
0.0 1675.0 65.0 427.0 1661.2946156742858
0.0 1819.0 13.0 51.0 283.95971680252933
0.0 1801.0 19.0 86.0 463.23862496978563
0.0 1741.0 40.0 230.0 995.2977874752455
0.0 1835.0 6.0 40.0 114.75007390531135
0.0 1627.0 92.0 508.0 2110.050117565987
0.0 1735.0 68.0 136.0 1060.670184888698
0.0 1619.0 141.0 316.0 2210.3270830524725
0.0 1615.0 92.0 606.0 2211.371414903108
0.0 1721.0 81.0 141.0 1211.654222178802
0.0 1265.0 303.0 1378.0 5659.186722219914
0.0 1807.0 17.0 77.0 387.98136646699817
0.0 1579.0 114.0 650.0 2561.391470843007
0.0 1741.0 40.0 230.0 995.2977874752455
0.0 1347.0 249.0 1183.0 4865.088374859372
0.0 1617.0 91.0 601.0 2191.5434480679482
0.0 1741.0 40.0 230.0 995.2977874752455
0.0 1627.0 92.0 508.0 2110.050117565987
0.0 1237.0 318.0 1480.0 5939.119161142561
0.0 1693.0 58.0 376.0 1463.2000588745484
0.0 1483.0 208.0 636.0 3513.918490750957
0.0 1431.0 198.0 992.0 4026.161409997067
0.0 1301.0 287.0 1235.0 5311.183521545359
0.0 1483.0 208.0 636.0 3513.918490750957
0.0 1819.0 13.0 51.0 283.95971680252933
0.0 1693.0 58.0 376.0 1463.2000588745484
0.0 1431.0 198.0 992.0 4026.161409997067
0.0 1607.0 96.0 632.0 2284.4976486623013
0.0 1483.0 208.0 636.0 3513.918490750957
0.0 1309.0 278.0 1240.0 5224.813676190212
0.0 1483.0 208.0 636.0 3513.918490750957
0.0 1369.0 263.0 990.0 4645.273416679852
0.0 1843.0 3.0 26.0 63.58086699041833
0.0 1843.0 3.0 26.0 63.58086699041833
0.0 1843.0 3.0 26.0 63.58086699041833
0.0 1541.0 174.0 494.0 2963.6085589412783
0.0 1843.0 3.0 26.0 63.58086699041833
0.0 1733.0 43.0 244.0 1082.8935679377848
0.0 1843.0 3.0 26.0 63.58086699041833
0.0 1843.0 3.0 26.0 63.58086699041833
0.0 1843.0 3.0 26.0 63.58086699041833
0.0 1383.0 257.0 945.0 4496.900095784267
0.0 1425.0 243.0 796.0 4071.976249815663
0.0 1819.0 13.0 51.0 283.95971680252933
0.0 1841.0 4.0 26.0 74.07502408781437
0.0 1383.0 257.0 945.0 4496.900095784267
0.0 1615.0 96.0 553.0 2228.3113000003245
0.0 1425.0 243.0 796.0 4071.976249815663
0.0 1703.0 89.0 175.0 1378.9041433354698
0.0 1523.0 183.0 541.0 3145.1810420139236
0.0 1763.0 35.0 160.0 771.541152575529
0.0 1237.0 318.0 1480.0 5939.119161142561
0.0 1483.0 208.0 636.0 3513.918490750957
0.0 1733.0 43.0 244.0 1082.8935679377848
0.0 1483.0 208.0 636.0 3513.918490750957
0.0 1763.0 35.0 160.0 771.541152575529
0.0 1237.0 318.0 1480.0 5939.119161142561
0.0 1483.0 208.0 636.0 3513.918490750957
0.0 1733.0 70.0 136.0 1080.911332780599
0.0 1757.0 58.0 99.0 872.258299261595
0.0 1731.0 44.0 247.0 1105.46535164883
0.0 1717.0 82.0 150.0 1245.1359408450012
0.0 1537.0 178.0 494.0 3009.57192946216
0.0 1537.0 178.0 494.0 3009.57192946216
0.0 1289.0 293.0 1277.0 5421.325765800597
0.0 1331.0 262.0 1199.0 5031.326700181161
0.0 1289.0 293.0 1277.0 5421.325765800597
0.0 1309.0 282.0 1217.0 5237.769289163732
0.0 1755.0 39.0 169.0 859.0081364218789
0.0 1667.0 67.0 458.0 1741.9562508108136
0.0 1733.0 70.0 136.0 1080.911332780599
0.0 1637.0 126.0 295.0 2018.6439839733705
0.0 1753.0 38.0 187.0 875.2944539024905
0.0 1753.0 38.0 187.0 875.2944539024905
0.0 1811.0 15.0 70.0 348.22614222504444
0.0 1393.0 219.0 1087.0 4413.919913988296
0.0 1753.0 38.0 187.0 875.2944539024905
0.0 1393.0 219.0 1087.0 4413.919913988296
0.0 1393.0 219.0 1087.0 4413.919913988296
0.0 1625.0 120.0 345.0 2154.641154778537
0.0 1491.0 159.0 873.0 3437.522719312063
0.0 1811.0 15.0 70.0 348.22614222504444
0.0 1605.0 134.0 377.0 2349.3403795709833
0.0 1625.0 120.0 345.0 2154.641154778537
0.0 1625.0 120.0 345.0 2154.641154778537
0.0 1793.0 22.0 98.0 533.983353455746
0.0 1625.0 120.0 345.0 2154.641154778537
0.0 1793.0 22.0 98.0 533.983353455746
0.0 1793.0 22.0 98.0 533.983353455746
0.0 1657.0 76.0 463.0 1790.561230651997
0.0 1805.0 18.0 79.0 412.2305470825655
0.0 1273.0 299.0 1348.0 5579.276009236099
0.0 1557.0 166.0 454.0 2803.2484526402027
0.0 1841.0 4.0 26.0 74.07502408781437
0.0 1557.0 166.0 454.0 2803.2484526402027
0.0 1545.0 131.0 747.0 2908.512844008483
0.0 1841.0 4.0 26.0 74.07502408781437
0.0 1665.0 112.0 227.0 1776.0953346041817
0.0 1545.0 131.0 747.0 2908.512844008483
0.0 1681.0 102.0 208.0 1596.3259608235453
0.0 1767.0 54.0 82.0 773.9792956734847
0.0 1273.0 302.0 1329.0 5588.138998966598
0.0 1681.0 102.0 208.0 1596.3259608235453
0.0 1661.0 114.0 234.0 1815.8505588461358
0.0 1685.0 61.0 395.0 1564.4943864776728
0.0 1707.0 53.0 331.0 1321.3926731817596
0.0 1579.0 114.0 650.0 2561.391470843007
0.0 1239.0 317.0 1470.0 5918.182835773329
0.0 1567.0 161.0 434.0 2701.2783525895493
0.0 1685.0 61.0 395.0 1564.4943864776728
0.0 1681.0 102.0 208.0 1596.3259608235453
0.0 1731.0 44.0 247.0 1105.46535164883
0.0 1523.0 183.0 541.0 3145.1810420139236
0.0 1829.0 9.0 39.0 183.40856516079188
