0.0 1393.0 247.0 920.0 4399.557873921455
0.0 1723.0 45.0 334.0 1210.717249116565
0.0 1237.0 318.0 1480.0 5939.119161142561
0.0 1661.0 119.0 238.0 1804.443763268137
0.0 1565.0 171.0 427.0 2747.6687028697547
0.0 1611.0 145.0 346.0 2269.3626766669363
0.0 1763.0 29.0 230.0 815.7034844844451
0.0 1735.0 49.0 244.0 1044.6617534956374
0.0 1237.0 318.0 1480.0 5939.119161142561
0.0 1723.0 45.0 334.0 1210.717249116565
0.0 1565.0 171.0 427.0 2747.6687028697547
0.0 1449.0 186.0 1013.0 3840.9254141127885
0.0 1429.0 234.0 805.0 4044.003230424388
0.0 1637.0 87.0 517.0 2011.4998841870827
0.0 1547.0 132.0 742.0 2903.9878493041647
0.0 1335.0 276.0 1099.0 4941.071489126974
0.0 1507.0 156.0 814.0 3318.361441392254
0.0 1719.0 47.0 347.0 1241.432251372278
0.0 1473.0 175.0 924.0 3586.4588152230226
0.0 1637.0 87.0 517.0 2011.4998841870827
0.0 1637.0 87.0 517.0 2011.4998841870827
0.0 1547.0 132.0 742.0 2903.9878493041647
0.0 1305.0 287.0 1222.0 5226.920112083674
0.0 1743.0 60.0 145.0 978.8215001234561
0.0 1641.0 132.0 272.0 2001.0854143540946
0.0 1397.0 245.0 910.0 4352.832307668961
0.0 1565.0 171.0 427.0 2747.6687028697547
0.0 1589.0 110.0 639.0 2490.913890636683
0.0 1733.0 42.0 305.0 1105.038515097791
0.0 1565.0 171.0 427.0 2747.6687028697547
0.0 1807.0 16.0 86.0 394.58543886853676
0.0 1335.0 276.0 1099.0 4941.071489126974
0.0 1589.0 110.0 639.0 2490.913890636683
0.0 1393.0 222.0 1103.0 4402.174337760091
0.0 1589.0 110.0 639.0 2490.913890636683
0.0 1641.0 132.0 272.0 2001.0854143540946
0.0 1707.0 88.0 169.0 1369.710449070477
0.0 1563.0 122.0 713.0 2754.4660693649535
0.0 1597.0 154.0 373.0 2413.4870321949998
0.0 1547.0 132.0 742.0 2903.9878493041647
0.0 1275.0 302.0 1323.0 5544.321338183185
0.0 1265.0 304.0 1372.0 5639.557482118973
0.0 1563.0 122.0 713.0 2754.4660693649535
0.0 1675.0 68.0 435.0 1648.4893820594045
0.0 1253.0 313.0 1404.0 5779.282233133358
0.0 1695.0 59.0 391.0 1443.9207300552027
0.0 1791.0 32.0 75.0 541.4703192976789
0.0 1723.0 82.0 132.0 1196.7566366877672
0.0 1627.0 137.0 313.0 2104.5599009265297
0.0 1763.0 29.0 230.0 815.7034844844451
0.0 1275.0 302.0 1323.0 5544.321338183185
0.0 1763.0 29.0 230.0 815.7034844844451
0.0 1473.0 175.0 924.0 3586.4588152230226
0.0 1795.0 18.0 131.0 506.4276387863869
0.0 1455.0 183.0 990.0 3787.6612947992517
0.0 1349.0 270.0 1054.0 4834.301473291148
0.0 1617.0 97.0 557.0 2223.3924570689346
0.0 1429.0 234.0 805.0 4044.003230424388
0.0 1265.0 304.0 1372.0 5639.557482118973
0.0 1311.0 283.0 1203.0 5178.769468216608
0.0 1763.0 29.0 230.0 815.7034844844451
0.0 1683.0 68.0 387.0 1568.9349131649894
0.0 1379.0 230.0 1140.0 4531.335874452183
0.0 1791.0 32.0 75.0 541.4703192976789
0.0 1791.0 32.0 75.0 541.4703192976789
0.0 1815.0 14.0 56.0 337.8243074141437
0.0 1777.0 38.0 97.0 688.2263421419611
0.0 1769.0 45.0 98.0 760.5294754123332
0.0 1769.0 45.0 98.0 760.5294754123332
0.0 1485.0 167.0 910.0 3480.4280154399084
0.0 1265.0 304.0 1372.0 5639.557482118973
0.0 1335.0 276.0 1099.0 4941.071489126974
0.0 1683.0 68.0 387.0 1568.9349131649894
0.0 1701.0 56.0 380.0 1381.7480499037945
0.0 1507.0 156.0 814.0 3318.361441392254
0.0 1701.0 56.0 380.0 1381.7480499037945
0.0 1379.0 256.0 963.0 4522.53002087526
0.0 1485.0 167.0 910.0 3480.4280154399084
0.0 1735.0 49.0 244.0 1044.6617534956374
0.0 1701.0 56.0 380.0 1381.7480499037945
0.0 1735.0 72.0 123.0 1086.840257578507
0.0 1379.0 256.0 963.0 4522.53002087526
0.0 1695.0 59.0 391.0 1443.9207300552027
0.0 1795.0 18.0 131.0 506.4276387863869
0.0 1843.0 3.0 26.0 63.58086699041833
0.0 1695.0 59.0 391.0 1443.9207300552027
0.0 1663.0 78.0 427.0 1759.3119149613888
0.0 1541.0 181.0 488.0 2961.440353535581
0.0 1749.0 55.0 141.0 924.5146652820987
0.0 1843.0 3.0 26.0 63.58086699041833
0.0 1771.0 26.0 209.0 736.3785598157609
0.0 1611.0 145.0 346.0 2269.3626766669363
0.0 1543.0 179.0 488.0 2941.19920564368
0.0 1795.0 18.0 131.0 506.4276387863869
0.0 1607.0 101.0 589.0 2325.196664280369
0.0 1607.0 101.0 589.0 2325.196664280369
0.0 1843.0 3.0 26.0 63.58086699041833
0.0 1453.0 222.0 735.0 3827.7874860299307
0.0 1743.0 60.0 145.0 978.8215001234561
0.0 1379.0 230.0 1140.0 4531.335874452183
0.0 1529.0 144.0 762.0 3087.5525350659186
0.0 1611.0 145.0 346.0 2269.3626766669363
0.0 1607.0 101.0 589.0 2325.196664280369
0.0 1843.0 3.0 26.0 63.58086699041833
0.0 1611.0 145.0 346.0 2269.3626766669363
0.0 1791.0 32.0 75.0 541.4703192976789
0.0 1843.0 3.0 26.0 63.58086699041833
0.0 1797.0 26.0 76.0 482.5184059561633
0.0 1807.0 16.0 86.0 394.58543886853676
0.0 1611.0 145.0 346.0 2269.3626766669363
0.0 1749.0 55.0 141.0 924.5146652820987
0.0 1363.0 261.0 1016.0 4686.313725066065
0.0 1743.0 60.0 145.0 978.8215001234561
0.0 1303.0 290.0 1217.0 5257.2787595879645
0.0 1735.0 72.0 123.0 1086.840257578507
0.0 1363.0 261.0 1016.0 4686.313725066065
0.0 1529.0 144.0 762.0 3087.5525350659186
0.0 1367.0 259.0 1006.0 4639.588158813572
0.0 1349.0 270.0 1054.0 4834.301473291148
0.0 1843.0 3.0 26.0 63.58086699041833
0.0 1529.0 144.0 762.0 3087.5525350659186
0.0 1807.0 16.0 86.0 394.58543886853676
0.0 1675.0 110.0 218.0 1643.844267045236
0.0 1627.0 137.0 313.0 2104.5599009265297
0.0 1237.0 318.0 1480.0 5939.119161142561
0.0 1319.0 281.0 1166.0 5100.02908770623
0.0 1319.0 281.0 1166.0 5100.02908770623
0.0 1243.0 316.0 1448.0 5873.415272466476
0.0 1417.0 239.0 841.0 4143.1399882746955
0.0 1701.0 93.0 173.0 1423.7227746327535
0.0 1769.0 45.0 98.0 760.5294754123332
0.0 1627.0 137.0 313.0 2104.5599009265297
0.0 1635.0 135.0 285.0 2055.5910260011115
0.0 1485.0 208.0 646.0 3512.8891136272237
0.0 1675.0 110.0 218.0 1643.844267045236
0.0 1675.0 110.0 218.0 1643.844267045236
0.0 1301.0 288.0 1241.0 5267.1092439217755
0.0 1719.0 47.0 347.0 1241.432251372278
0.0 1501.0 201.0 597.0 3344.64376899074
0.0 1797.0 26.0 76.0 482.5184059561633
0.0 1731.0 76.0 125.0 1126.293491205005
0.0 1243.0 316.0 1448.0 5873.415272466476
0.0 1681.0 104.0 216.0 1600.8150071471816
0.0 1393.0 247.0 920.0 4399.557873921455
0.0 1797.0 26.0 76.0 482.5184059561633
0.0 1777.0 38.0 97.0 688.2263421419611
0.0 1827.0 9.0 43.0 216.09880752525456
0.0 1735.0 72.0 123.0 1086.840257578507
0.0 1417.0 239.0 841.0 4143.1399882746955
0.0 1501.0 201.0 597.0 3344.64376899074
0.0 1475.0 210.0 675.0 3611.443675338808
0.0 1651.0 127.0 252.0 1890.7882502607044
0.0 1759.0 51.0 114.0 856.1012838183268
0.0 1311.0 283.0 1203.0 5178.769468216608
0.0 1777.0 38.0 97.0 688.2263421419611
0.0 1735.0 72.0 123.0 1086.840257578507
0.0 1701.0 93.0 173.0 1423.7227746327535
0.0 1649.0 84.0 468.0 1895.052826890609
0.0 1651.0 127.0 252.0 1890.7882502607044
0.0 1839.0 4.0 29.0 104.78853667324111
0.0 1769.0 26.0 219.0 753.5308043330363
0.0 1651.0 127.0 252.0 1890.7882502607044
0.0 1769.0 26.0 219.0 753.5308043330363
0.0 1651.0 127.0 252.0 1890.7882502607044
0.0 1777.0 38.0 97.0 688.2263421419611
0.0 1649.0 84.0 468.0 1895.052826890609
0.0 1839.0 4.0 29.0 104.78853667324111
0.0 1237.0 318.0 1480.0 5939.119161142561
0.0 1669.0 113.0 232.0 1708.2427155769906
0.0 1685.0 64.0 416.0 1547.1336690206879
0.0 1769.0 26.0 219.0 753.5308043330363
0.0 1497.0 161.0 866.0 3369.7643280502825
0.0 1701.0 93.0 173.0 1423.7227746327535
0.0 1607.0 101.0 589.0 2325.196664280369
0.0 1497.0 161.0 866.0 3369.7643280502825
0.0 1677.0 109.0 214.0 1634.542223399772
0.0 1675.0 68.0 435.0 1648.4893820594045
0.0 1509.0 153.0 845.0 3279.825506301615
0.0 1803.0 16.0 104.0 438.0914927359018
0.0 1635.0 135.0 285.0 2055.5910260011115
0.0 1839.0 4.0 29.0 104.78853667324111
0.0 1443.0 228.0 760.0 3916.227465481023
0.0 1843.0 3.0 26.0 63.58086699041833
0.0 1843.0 3.0 26.0 63.58086699041833
0.0 1563.0 122.0 713.0 2754.4660693649535
0.0 1663.0 78.0 427.0 1759.3119149613888
0.0 1843.0 3.0 26.0 63.58086699041833
0.0 1443.0 228.0 760.0 3916.227465481023
0.0 1661.0 119.0 238.0 1804.443763268137
0.0 1663.0 78.0 427.0 1759.3119149613888
0.0 1443.0 228.0 760.0 3916.227465481023
0.0 1839.0 4.0 29.0 104.78853667324111
0.0 1541.0 181.0 488.0 2961.440353535581
0.0 1593.0 150.0 393.0 2464.0907670921883
0.0 1593.0 150.0 393.0 2464.0907670921883
0.0 1827.0 9.0 43.0 216.09880752525456
0.0 1815.0 14.0 56.0 337.8243074141437
0.0 1237.0 318.0 1480.0 5939.119161142561
0.0 1815.0 14.0 56.0 337.8243074141437
0.0 1237.0 318.0 1480.0 5939.119161142561
0.0 1449.0 186.0 1013.0 3840.9254141127885
0.0 1815.0 14.0 56.0 337.8243074141437
0.0 1541.0 181.0 488.0 2961.440353535581
0.0 1237.0 318.0 1480.0 5939.119161142561
0.0 1541.0 181.0 488.0 2961.440353535581
0.0 1843.0 3.0 26.0 63.58086699041833
0.0 1843.0 3.0 26.0 63.58086699041833
0.0 1843.0 3.0 26.0 63.58086699041833
0.0 1843.0 3.0 26.0 63.58086699041833
0.0 1425.0 202.0 1060.0 4074.0290868993534
0.0 1843.0 3.0 26.0 63.58086699041833
0.0 1827.0 9.0 43.0 216.09880752525456
0.0 1733.0 42.0 305.0 1105.038515097791
0.0 1843.0 3.0 26.0 63.58086699041833
0.0 1843.0 3.0 26.0 63.58086699041833
0.0 1843.0 3.0 26.0 63.58086699041833
0.0 1237.0 318.0 1480.0 5939.119161142561
0.0 1417.0 239.0 841.0 4143.1399882746955
0.0 1843.0 3.0 26.0 63.58086699041833
0.0 1827.0 9.0 43.0 216.09880752525456
0.0 1843.0 3.0 26.0 63.58086699041833
0.0 1843.0 3.0 26.0 63.58086699041833
0.0 1449.0 186.0 1013.0 3840.9254141127885
0.0 1733.0 42.0 305.0 1105.038515097791
0.0 1417.0 239.0 841.0 4143.1399882746955
0.0 1541.0 181.0 488.0 2961.440353535581
0.0 1827.0 9.0 43.0 216.09880752525456
0.0 1295.0 293.0 1247.0 5350.914118413524
0.0 1723.0 82.0 132.0 1196.7566366877672
0.0 1565.0 171.0 427.0 2747.6687028697547
0.0 1565.0 171.0 427.0 2747.6687028697547
0.0 1759.0 51.0 114.0 856.1012838183268
0.0 1723.0 82.0 132.0 1196.7566366877672
0.0 1723.0 82.0 132.0 1196.7566366877672
0.0 1759.0 51.0 114.0 856.1012838183268
0.0 1789.0 21.0 142.0 568.6003189377956
0.0 1393.0 222.0 1103.0 4402.174337760091
0.0 1453.0 222.0 735.0 3827.7874860299307
0.0 1769.0 39.0 124.0 745.4014341465364
0.0 1681.0 104.0 216.0 1600.8150071471816
0.0 1547.0 132.0 742.0 2903.9878493041647
0.0 1833.0 7.0 35.0 162.38336682130975
0.0 1617.0 97.0 557.0 2223.3924570689346
0.0 1337.0 275.0 1095.0 4918.502824846316
0.0 1295.0 293.0 1247.0 5350.914118413524
0.0 1617.0 97.0 557.0 2223.3924570689346
0.0 1575.0 117.0 668.0 2617.7689717704457
0.0 1675.0 110.0 218.0 1643.844267045236
0.0 1637.0 87.0 517.0 2011.4998841870827
0.0 1637.0 87.0 517.0 2011.4998841870827
0.0 1453.0 222.0 735.0 3827.7874860299307
0.0 1637.0 87.0 517.0 2011.4998841870827
0.0 1675.0 68.0 435.0 1648.4893820594045
0.0 1675.0 68.0 435.0 1648.4893820594045
0.0 1525.0 188.0 541.0 3117.2984239341554
0.0 1815.0 14.0 56.0 337.8243074141437
0.0 1397.0 245.0 910.0 4352.832307668961
0.0 1597.0 154.0 373.0 2413.4870321949998
0.0 1649.0 84.0 468.0 1895.052826890609
0.0 1509.0 153.0 845.0 3279.825506301615
0.0 1789.0 21.0 142.0 568.6003189377956
0.0 1833.0 7.0 35.0 162.38336682130975
0.0 1815.0 14.0 56.0 337.8243074141437
0.0 1815.0 14.0 56.0 337.8243074141437
0.0 1661.0 119.0 238.0 1804.443763268137
0.0 1661.0 119.0 238.0 1804.443763268137
0.0 1753.0 44.0 188.0 870.6468734263782
0.0 1501.0 201.0 597.0 3344.64376899074
0.0 1709.0 60.0 299.0 1321.83174761834
0.0 1709.0 60.0 299.0 1321.83174761834
0.0 1707.0 88.0 169.0 1369.710449070477
0.0 1425.0 202.0 1060.0 4074.0290868993534
0.0 1541.0 181.0 488.0 2961.440353535581
0.0 1455.0 183.0 990.0 3787.6612947992517
0.0 1583.0 157.0 407.0 2565.1231681860395
0.0 1575.0 117.0 668.0 2617.7689717704457
0.0 1575.0 117.0 668.0 2617.7689717704457
0.0 1723.0 45.0 334.0 1210.717249116565
0.0 1575.0 117.0 668.0 2617.7689717704457
0.0 1575.0 117.0 668.0 2617.7689717704457
0.0 1583.0 157.0 407.0 2565.1231681860395
0.0 1583.0 157.0 407.0 2565.1231681860395
0.0 1839.0 4.0 29.0 104.78853667324111
0.0 1247.0 315.0 1429.0 5833.226140628375
0.0 1525.0 188.0 541.0 3117.2984239341554
0.0 1701.0 93.0 173.0 1423.7227746327535
0.0 1723.0 82.0 132.0 1196.7566366877672
0.0 1723.0 82.0 132.0 1196.7566366877672
0.0 1701.0 93.0 173.0 1423.7227746327535
0.0 1525.0 188.0 541.0 3117.2984239341554
0.0 1275.0 302.0 1323.0 5544.321338183185
0.0 1617.0 97.0 557.0 2223.3924570689346
0.0 1475.0 210.0 675.0 3611.443675338808
0.0 1503.0 200.0 593.0 3326.970886711481
0.0 1475.0 210.0 675.0 3611.443675338808
0.0 1475.0 210.0 675.0 3611.443675338808
0.0 1475.0 210.0 675.0 3611.443675338808
0.0 1501.0 201.0 597.0 3344.64376899074
0.0 1617.0 97.0 557.0 2223.3924570689346
0.0 1501.0 201.0 597.0 3344.64376899074
