45.0 6586.0 155.0 673.0 3057.1888134258043
1242.0 5716.0 592.0 2854.0 11800.602059521576
208.0 6543.0 177.0 770.0 3500.088587805582
6.0 2858.0 2062.0 9758.0 40563.14805663599
1366.0 6278.0 313.0 1475.0 6099.660997098982
51.0 3488.0 1733.0 7974.0 34034.9911178461
795.0 3191.0 1864.0 8887.0 37109.22765390586
1269.0 5711.0 596.0 2872.0 11851.93429956149
458.0 6489.0 207.0 871.0 3983.8381139097596
5.0 4141.0 1409.0 6540.0 27495.080675968733
1407.0 6266.0 320.0 1509.0 6234.648516558826
58.0 2960.0 2013.0 9418.0 39438.9260437537
1257.0 5724.0 586.0 2856.0 11713.378623722907
0.0 4583.0 1176.0 5593.0 23147.778237767525
6.0 6767.0 67.0 250.0 1213.1072367113018
765.0 3195.0 1866.0 8890.0 37051.17390236544
1026.0 5336.0 786.0 3777.0 15654.563208390518
1242.0 5722.0 589.0 2860.0 11726.71074630492
1264.0 5713.0 593.0 2868.0 11834.316500001252
10.0 4714.0 1084.0 5365.0 21822.834711922165
2.0 3857.0 1534.0 7194.0 30338.82798007895
2.0 649.0 3161.0 15101.0 62626.51781435413
1374.0 6276.0 315.0 1475.0 6119.987533409303
51.0 3488.0 1734.0 7965.0 34040.48695551463
440.0 6493.0 205.0 874.0 3963.952158627339
13.0 4712.0 1085.0 5355.0 21837.333215400624
4.0 1320.0 2855.0 13221.0 55962.77984528328
24.0 6764.0 65.0 251.0 1208.123317958178
1265.0 5714.0 591.0 2886.0 11806.982856739562
3.0 6605.0 144.0 643.0 2859.8763342029765
4.0 1755.0 2605.0 12343.0 51541.802870443884
141.0 6559.0 167.0 753.0 3323.509900153276
1460.0 6255.0 326.0 1527.0 6347.462139816568
2.0 4199.0 1359.0 6434.0 27022.429885833426
37.0 3905.0 1547.0 6842.0 29996.983310823838
2385.0 5919.0 493.0 2308.0 9664.77223422305
0.0 6703.0 90.0 431.0 1797.9099548376578
1280.0 5713.0 591.0 2874.0 11817.33720217805
1015.0 5345.0 784.0 3736.0 15556.47402003162
1384.0 6274.0 311.0 1496.0 6138.005112695198
21.0 4713.0 1083.0 5354.0 21830.227718128262
2266.0 5887.0 510.0 2379.0 10012.845385638491
540.0 6477.0 212.0 916.0 4135.791492380579
440.0 6493.0 208.0 853.0 3945.1983767433962
8.0 4714.0 1087.0 5339.0 21836.654964159123
474.0 6485.0 206.0 897.0 4070.888467665204
3.0 2429.0 2283.0 10638.0 44821.283189403825
1266.0 5711.0 592.0 2881.0 11847.089769095253
16.0 2947.0 2022.0 9435.0 39568.95921594415
1.0 6745.0 80.0 275.0 1458.962479282875
1258.0 5712.0 593.0 2865.0 11840.859463528079
692.0 5009.0 926.0 4645.0 18861.516497458837
2.0 1069.0 2947.0 14046.0 58428.9584885567
546.0 6475.0 214.0 910.0 4152.815343856081
9.0 6629.0 139.0 535.0 2590.106234860542
7.0 4715.0 1084.0 5353.0 21815.925546881197
1051.0 5348.0 780.0 3750.0 15520.81958930093
2310.0 5891.0 506.0 2371.0 9957.111639469982
1395.0 6269.0 318.0 1501.0 6194.005640676436
12.0 2544.0 2217.0 10483.0 43694.891848912586
1.0 649.0 3159.0 15110.0 62626.268459511484
1252.0 5714.0 595.0 2843.0 11808.121286898424
13.0 6762.0 65.0 277.0 1223.4626893579168
22.0 2956.0 2018.0 9412.0 39476.73375374216
5.0 4712.0 1088.0 5351.0 21855.05514167762
23.0 732.0 3109.0 14913.0 61783.676145677586
7.0 6767.0 65.0 258.0 1189.97946895636
628.0 4987.0 938.0 4690.0 19118.34130756762
1053.0 5347.0 778.0 3747.0 15517.394670171385
15.0 4712.0 1084.0 5341.0 21894.18914593304
995.0 5221.0 841.0 4046.0 16864.961062078444
8.0 3861.0 1531.0 7180.0 30305.64660334126
9.0 2948.0 2020.0 9444.0 39564.733470828665
8.0 4439.0 1255.0 5809.0 24483.62739287676
0.0 2300.0 2335.0 11111.0 46144.53971277815
626.0 4987.0 936.0 4704.0 19126.709035643296
0.0 4153.0 1404.0 6493.0 27387.988010192825
4.0 2862.0 2057.0 9750.0 40530.14323785578
1053.0 5351.0 778.0 3742.0 15494.934416225073
621.0 4978.0 942.0 4702.0 19199.800112492678
1431.0 5590.0 655.0 3085.0 12987.489431130363
97.0 1974.0 2515.0 11701.0 49267.32776012485
520.0 6482.0 209.0 897.0 4075.958489103407
1256.0 5719.0 589.0 2861.0 11768.552905012219
12.0 2957.0 2017.0 9414.0 39459.228784187086
14.0 6599.0 147.0 661.0 2908.0101236783003
5.0 2147.0 2429.0 11399.0 47620.11883143938
3.0 1749.0 2607.0 12353.0 51606.1476401257
624.0 4987.0 937.0 4686.0 19133.206530682284
1019.0 5344.0 784.0 3743.0 15568.1225614175
1422.0 5583.0 657.0 3110.0 13052.393805131023
6.0 4390.0 1252.0 6055.0 25095.92993165853
16.0 726.0 3113.0 14928.0 61839.07278693788
1247.0 5718.0 591.0 2849.0 11777.786155768763
26.0 2953.0 2017.0 9436.0 39505.270177834995
1416.0 5586.0 661.0 3088.0 13009.38191499014
3.0 1559.0 2701.0 12903.0 53629.40117904187
1256.0 5718.0 592.0 2842.0 11783.930384823832
17.0 1908.0 2532.0 11970.0 50040.29756130995
994.0 5227.0 837.0 4047.0 16805.298446096855
9.0 4703.0 1093.0 5347.0 21955.668442657145
691.0 5008.0 925.0 4649.0 18884.51156678237
7.0 2855.0 2065.0 9769.0 40608.46668641712
50.0 6584.0 155.0 689.0 3081.8058684396938
13.0 2864.0 2058.0 9730.0 40503.56137265341
619.0 4979.0 944.0 4709.0 19184.792843465224
3.0 4299.0 1306.0 6217.0 26146.635718320147
2313.0 5887.0 508.0 2372.0 9997.963568316582
7.0 3862.0 1532.0 7174.0 30288.078080535335
1417.0 5588.0 656.0 3105.0 13005.76514367912
226.0 6542.0 177.0 769.0 3502.1451045269146
1457.0 6257.0 323.0 1521.0 6329.425257194348
0.0 2953.0 2018.0 9432.0 39504.879238848116
1436.0 6259.0 321.0 1529.0 6308.803626684324
0.0 6762.0 61.0 309.0 1247.8649805778211
15.0 3533.0 1710.0 7831.0 33577.409609943505
5.0 4715.0 1085.0 5348.0 21823.27835765444
11.0 6628.0 138.0 546.0 2592.1295058056785
1383.0 6275.0 310.0 1496.0 6132.258853337069
4.0 4709.0 1088.0 5358.0 21880.92640042647
3.0 4195.0 1361.0 6443.0 27056.344787666174
9.0 4196.0 1360.0 6430.0 27030.29739207823
1239.0 5726.0 587.0 2836.0 11695.373642703078
108.0 6571.0 159.0 714.0 3215.3083304760607
620.0 4985.0 941.0 4688.0 19128.436488721756
7.0 1004.0 2970.0 14220.0 59145.06812032209
1418.0 5589.0 656.0 3085.0 12997.733935279935
8.0 2538.0 2218.0 10519.0 43745.18771628707
49.0 3490.0 1733.0 7962.0 34014.66309136678
1417.0 5587.0 657.0 3096.0 13022.099684229823
623.0 4978.0 941.0 4708.0 19206.242284256743
11.0 3539.0 1705.0 7839.0 33524.59094669833
4.0 2858.0 2063.0 9755.0 40570.223815975056
688.0 5017.0 919.0 4642.0 18805.661469443305
33.0 6589.0 153.0 672.0 3025.949762208513
6.0 4708.0 1089.0 5345.0 21901.567178877773
0.0 6769.0 60.0 285.0 1187.2596338316955
1380.0 6275.0 316.0 1475.0 6133.717881460465
17.0 4712.0 1083.0 5353.0 21871.371934509752
0.0 3727.0 1591.0 7646.0 31713.739481436474
2.0 2864.0 2056.0 9757.0 40518.03096607487
10.0 4434.0 1261.0 5807.0 24517.414706992262
1059.0 5345.0 781.0 3730.0 15560.146568480348
126.0 6564.0 164.0 742.0 3286.977385411476
4.0 4197.0 1360.0 6435.0 27023.672069611246
10.0 1078.0 2946.0 13997.0 58336.405821429194
4.0 2861.0 2059.0 9754.0 40535.54811907302
10.0 6602.0 145.0 654.0 2878.838963960897
12.0 6766.0 60.0 279.0 1209.1067683467104
3.0 2427.0 2285.0 10632.0 44841.08504385789
993.0 5231.0 837.0 4033.0 16765.528760157158
990.0 5230.0 837.0 4037.0 16791.66109609196
4.0 3538.0 1709.0 7824.0 33535.90157728409
347.0 6511.0 196.0 842.0 3791.5064962085103
28.0 1342.0 2840.0 13174.0 55713.62231416889
11.0 1611.0 2674.0 12733.0 52984.99976727436
0.0 2423.0 2288.0 10642.0 44891.59530068096
15.0 4713.0 1085.0 5339.0 21870.295638544292
1056.0 5348.0 780.0 3735.0 15520.910063725116
0.0 4197.0 1360.0 6436.0 27033.086673467504
16.0 4712.0 1087.0 5331.0 21834.558768697905
2.0 3673.0 1648.0 7646.0 32022.940075956598
1.0 4709.0 1087.0 5363.0 21880.253846335694
3.0 2862.0 2059.0 9746.0 40520.90397114549
621.0 4980.0 939.0 4709.0 19184.683580511395
11.0 1617.0 2670.0 12722.0 52929.92108390459
5.0 1900.0 2530.0 12033.0 50140.87798087984
10.0 4714.0 1085.0 5343.0 21826.21066829086
1411.0 5588.0 660.0 3079.0 12999.625106655485
4.0 2417.0 2290.0 10652.0 44954.59188279787
9.0 4443.0 1254.0 5802.0 24435.837307827565
6.0 4715.0 1084.0 5353.0 21817.252219335234
4.0 2607.0 2187.0 10459.0 43027.56031784882
43.0 3494.0 1729.0 7956.0 33963.738282964616
26.0 3899.0 1549.0 6867.0 30051.8069561737
622.0 4984.0 940.0 4694.0 19158.78394397613
1411.0 5593.0 654.0 3082.0 12960.85483709534
54.0 6586.0 150.0 690.0 3058.465088062335
0.0 2861.0 2059.0 9757.0 40539.56934320365
623.0 4986.0 938.0 4698.0 19127.783730452145
13.0 3546.0 1706.0 7798.0 33457.152631205485
5.0 4443.0 1254.0 5803.0 24438.997970519387
0.0 1044.0 2957.0 14104.0 58741.908061806695
3.0 4646.0 1151.0 5433.0 22374.003937808786
51.0 3492.0 1732.0 7951.0 33974.41756733845
0.0 2135.0 2435.0 11423.0 47737.30538027616
2.0 2140.0 2433.0 11406.0 47685.83912238202
0.0 6770.0 58.0 272.0 1161.3592572928949
0.0 2604.0 2189.0 10468.0 43060.62718693722
45.0 3493.0 1731.0 7952.0 33992.15150934958
1363.0 6280.0 311.0 1475.0 6082.278250575086
92.0 1971.0 2518.0 11699.0 49308.01561158316
13.0 6764.0 64.0 256.0 1211.741675942637
0.0 3672.0 1648.0 7656.0 32024.823033198852
26.0 3900.0 1549.0 6863.0 30034.70928014802
0.0 999.0 2973.0 14235.0 59204.22905882708
12.0 4711.0 1085.0 5348.0 21854.824328993378
13.0 3905.0 1549.0 6859.0 30001.84108086082
0.0 1067.0 2949.0 14046.0 58451.697328004084
1045.0 5340.0 786.0 3750.0 15590.883628689377
7.0 4436.0 1259.0 5811.0 24506.821689746295
329.0 6518.0 192.0 827.0 3721.677018402182
1.0 1748.0 2610.0 12350.0 51612.11191845545
0.0 6633.0 136.0 531.0 2541.388872633896
1.0 4392.0 1251.0 6045.0 25086.771044549896
988.0 5229.0 836.0 4056.0 16791.786129997457
2.0 649.0 3162.0 15093.0 62621.01880509727
1054.0 5345.0 782.0 3738.0 15555.085769588446
8.0 4711.0 1086.0 5357.0 21855.483502546773
628.0 4988.0 936.0 4696.0 19118.98648482866
1058.0 5348.0 784.0 3724.0 15503.50692646297
16.0 3907.0 1547.0 6861.0 29972.028633088707
3.0 3861.0 1533.0 7178.0 30304.924555787562
0.0 4394.0 1250.0 6037.0 25068.826322083296
1055.0 5346.0 782.0 3737.0 15538.477987857521
632.0 4986.0 942.0 4670.0 19121.88900583278
6.0 3854.0 1536.0 7197.0 30366.71332415197
0.0 2321.0 2322.0 11071.0 45912.47094714827
1050.0 5350.0 780.0 3738.0 15496.333300085063
0.0 6766.0 67.0 249.0 1215.2913365143306
0.0 6652.0 119.0 526.0 2358.7888773946033
42.0 3494.0 1729.0 7961.0 33966.23903966939
620.0 4986.0 940.0 4686.0 19129.20802869216
3.0 6766.0 62.0 272.0 1190.0411054180984
1.0 1553.0 2703.0 12929.0 53678.72891211894
620.0 4985.0 940.0 4697.0 19134.00939307724
17.0 6596.0 147.0 671.0 2946.4607503082434
5.0 3543.0 1706.0 7818.0 33477.86420463628
0.0 713.0 3122.0 14960.0 62018.3896574237
6.0 6769.0 69.0 240.0 1163.157295866949
4.0 4302.0 1305.0 6194.0 26106.648736598854
1054.0 5350.0 781.0 3733.0 15501.729579289226
622.0 4986.0 939.0 4692.0 19128.506821871768
7.0 6771.0 67.0 240.0 1143.6092998023275
6.0 6690.0 96.0 447.0 1945.5113399484853
5.0 4711.0 1086.0 5354.0 21860.55926282477
6.0 6605.0 143.0 647.0 2861.916293240772
0.0 3540.0 1709.0 7817.0 33509.34333878638
2.0 4711.0 1087.0 5360.0 21860.529461592847
1.0 4648.0 1150.0 5429.0 22356.64291763039
1053.0 5351.0 780.0 3733.0 15489.563427429503
0.0 3804.0 1607.0 7128.0 31081.1721132218
0.0 6633.0 136.0 531.0 2541.388872633896
6.0 2537.0 2219.0 10523.0 43760.63811812518
4.0 4142.0 1407.0 6541.0 27496.134882674225
0.0 4443.0 1255.0 5810.0 24435.27576433098
0.0 6762.0 69.0 257.0 1214.7795762380276
0.0 3541.0 1708.0 7820.0 33503.56062362529
1.0 2532.0 2221.0 10544.0 43806.35549084581
1.0 1752.0 2606.0 12348.0 51581.84259101356
0.0 4712.0 1086.0 5361.0 21854.50501711411
0.0 6775.0 63.0 250.0 1126.1752215657257
0.0 6769.0 66.0 245.0 1191.8671371429978
1.0 1316.0 2857.0 13228.0 55989.13700547209
2310.0 5890.0 507.0 2369.0 9968.461277813354
0.0 6770.0 63.0 252.0 1159.514429258619
5.0 4590.0 1167.0 5578.0 23108.943823698435
0.0 2135.0 2435.0 11426.0 47735.05901793711
1.0 2422.0 2290.0 10637.0 44897.35644097677
0.0 6770.0 63.0 252.0 1159.514429258619
0.0 6772.0 66.0 240.0 1137.0025839835112
0.0 1313.0 2858.0 13241.0 56011.97482576862
0.0 6607.0 143.0 641.0 2846.2401434651924
0.0 1749.0 2608.0 12352.0 51604.544274153326
0.0 4596.0 1164.0 5573.0 23045.71013220242
0.0 6770.0 64.0 252.0 1152.5083808973395
0.0 3858.0 1534.0 7184.0 30331.28188279034
0.0 896.0 3051.0 14451.0 60261.85456597562
1.0 653.0 3160.0 15081.0 62585.39518622895
4.0 6770.0 67.0 241.0 1161.5595349246275
0.0 650.0 3150.0 15175.0 62683.86255481549
17.0 6766.0 63.0 251.0 1188.8486442881194
0.0 6767.0 62.0 266.0 1175.6545550936617
0.0 1312.0 2858.0 13250.0 56021.58396409911
0.0 6746.0 79.0 275.0 1453.7523229890787
6.0 1614.0 2671.0 12738.0 52962.15888982789
0.0 1312.0 2858.0 13250.0 56021.58396409911
0.0 2299.0 2327.0 11176.0 46098.965134962426
0.0 650.0 3150.0 15175.0 62683.86255481549
3.0 6700.0 93.0 431.0 1831.624584528471
0.0 3752.0 1566.0 7649.0 31465.800474569034
0.0 2420.0 2290.0 10649.0 44921.719526227724
0.0 646.0 3162.0 15110.0 62655.59744507296
0.0 6772.0 66.0 240.0 1137.0025839835112
0.0 1894.0 2532.0 12061.0 50192.39404698939
4.0 4301.0 1304.0 6216.0 26120.027476098905
0.0 6768.0 63.0 250.0 1172.9909647014074
0.0 6772.0 61.0 282.0 1159.5386877430037
0.0 6765.0 66.0 258.0 1212.9036367571298
0.0 2136.0 2434.0 11426.0 47726.77245413592
0.0 4150.0 1404.0 6520.0 27419.43400142102
0.0 6703.0 90.0 431.0 1797.9099548376578
1.0 648.0 3160.0 15110.0 62641.21292227133
0.0 4300.0 1305.0 6217.0 26136.186554136766
0.0 646.0 3162.0 15110.0 62655.59744507296
0.0 646.0 3162.0 15110.0 62655.59744507296
