1569.0 6385.0 266.0 1167.0 5078.89690725985
1279.0 5508.0 707.0 3274.0 13857.394634033139
9.0 4584.0 1183.0 5442.0 23299.76237524293
9.0 780.0 3088.0 14741.0 61358.39217396648
32.0 4716.0 1099.0 5252.0 21683.283784840456
1210.0 5132.0 896.0 4125.0 17653.699943947482
13.0 1762.0 2599.0 12457.0 51496.14685231282
1262.0 5498.0 708.0 3319.0 13950.66041369107
9.0 4720.0 1093.0 5282.0 21637.143235546497
58.0 2950.0 2014.0 9448.0 39540.485807186895
35.0 1766.0 2601.0 12411.0 51412.30193534043
1258.0 5500.0 708.0 3310.0 13926.232643150353
80.0 4343.0 1300.0 5973.0 25408.206345929946
14.0 2920.0 2030.0 9527.0 39851.47679310514
1.0 2474.0 2245.0 10659.0 44347.718382524145
2539.0 6059.0 443.0 1865.0 8302.719270998252
85.0 4346.0 1296.0 5975.0 25369.32558076744
2682.0 6057.0 431.0 1916.0 8457.292663500817
304.0 6523.0 182.0 879.0 3671.1116141853695
997.0 3226.0 1818.0 8860.0 36710.69243730991
127.0 6575.0 161.0 719.0 3193.8062510683126
2618.0 6084.0 413.0 1861.0 8120.491147808593
1509.0 6401.0 259.0 1119.0 4913.9933601160965
1281.0 5341.0 775.0 3745.0 15538.052854418727
57.0 2948.0 2014.0 9459.0 39545.00194733652
320.0 6519.0 188.0 823.0 3749.1262618749365
9.0 2622.0 2185.0 10250.0 42834.84458590342
1536.0 6394.0 262.0 1138.0 5000.99255709058
315.0 3043.0 1965.0 9254.0 38643.73053891134
4.0 1008.0 2971.0 14193.0 59087.872788718756
2411.0 6222.0 336.0 1574.0 6683.617818455199
686.0 3280.0 1831.0 8736.0 36198.22865140847
32.0 6609.0 142.0 627.0 2853.1994703836076
13.0 2619.0 2185.0 10251.0 42852.48670327063
2559.0 6060.0 426.0 1933.0 8424.182665077236
5.0 6629.0 137.0 560.0 2597.5344326560366
80.0 4342.0 1298.0 5989.0 25403.762351108624
6.0 2280.0 2345.0 11210.0 46315.55080323249
2682.0 6057.0 433.0 1912.0 8454.71248273188
4.0 2192.0 2387.0 11370.0 47125.68523509907
2.0 2476.0 2245.0 10650.0 44317.11939893516
244.0 1920.0 2525.0 12050.0 49912.61407729728
6.0 2922.0 2028.0 9537.0 39849.28900832314
1341.0 5508.0 708.0 3252.0 13853.53733879793
1549.0 6390.0 258.0 1195.0 5022.847926069554
1596.0 6386.0 265.0 1178.0 5085.51090132482
320.0 3441.0 1783.0 8082.0 34684.51501814761
554.0 6498.0 206.0 862.0 3971.0601938716773
338.0 6514.0 187.0 896.0 3767.7915547780603
4.0 3961.0 1527.0 6875.0 29195.043257794656
2653.0 6063.0 423.0 1927.0 8382.490138380472
1270.0 5352.0 776.0 3697.0 15437.532158601744
8.0 2929.0 2023.0 9529.0 39765.94546047575
1259.0 5499.0 710.0 3304.0 13949.411009054715
9.0 4173.0 1393.0 6524.0 27265.288135089257
21.0 4720.0 1093.0 5299.0 21626.864542619496
1212.0 5150.0 888.0 4100.0 17482.446263335114
16.0 6773.0 59.0 264.0 1126.3151613050657
2380.0 6225.0 329.0 1589.0 6650.429298154387
1257.0 5496.0 710.0 3316.0 13975.41547705002
32.0 2628.0 2183.0 10220.0 42754.274984532516
62.0 2950.0 2015.0 9440.0 39534.31514884202
1524.0 6394.0 261.0 1150.0 5006.3366048369
0.0 4413.0 1260.0 5869.0 24707.404078984317
1206.0 5132.0 898.0 4125.0 17663.187801853346
57.0 2949.0 2017.0 9440.0 39531.17629239129
1270.0 5354.0 773.0 3710.0 15423.952784007295
3.0 1642.0 2668.0 12689.0 52600.2949606142
17.0 4051.0 1479.0 6541.0 28653.132552565454
29.0 3488.0 1736.0 8131.0 34170.19798454517
233.0 3012.0 1984.0 9286.0 38980.19289744062
36.0 3693.0 1657.0 7373.0 31997.485707329593
304.0 6524.0 187.0 814.0 3692.924892706642
10.0 2623.0 2183.0 10251.0 42841.06242233522
286.0 6529.0 185.0 785.0 3646.258899458537
266.0 6533.0 182.0 787.0 3598.395428705197
1202.0 5153.0 886.0 4100.0 17439.59579634877
4.0 3913.0 1506.0 7108.0 29797.642404550177
17.0 3568.0 1725.0 7735.0 33437.430720838274
322.0 6520.0 183.0 886.0 3697.3499265247874
2587.0 6089.0 410.0 1886.0 8077.203610913515
11.0 4401.0 1271.0 5850.0 24843.236135616924
4.0 4580.0 1185.0 5451.0 23346.840868952517
226.0 3013.0 1981.0 9303.0 38971.60374337669
8.0 1367.0 2837.0 13097.0 55607.55815343131
19.0 3630.0 1597.0 7957.0 32772.369081184566
37.0 4715.0 1098.0 5252.0 21690.989968217495
2618.0 6084.0 412.0 1863.0 8120.985171547397
14.0 6756.0 75.0 226.0 1325.656902623953
1284.0 5506.0 707.0 3279.0 13881.63935897452
1317.0 5510.0 705.0 3273.0 13837.472930572101
1203.0 5153.0 888.0 4095.0 17454.402855826105
999.0 3229.0 1818.0 8845.0 36687.67404510375
1256.0 5498.0 708.0 3316.0 13957.687060916642
8.0 6767.0 61.0 268.0 1173.807327334792
27.0 4711.0 1102.0 5263.0 21719.586924191615
6.0 6615.0 139.0 607.0 2791.448376824016
2390.0 6228.0 329.0 1568.0 6622.580687949361
27.0 3488.0 1736.0 8131.0 34174.611002087666
2615.0 6076.0 420.0 1883.0 8214.972486508825
16.0 6772.0 59.0 261.0 1147.851230799343
0.0 6768.0 62.0 271.0 1175.8352414918897
1526.0 6396.0 256.0 1168.0 4970.39206737614
34.0 3690.0 1655.0 7393.0 32016.23799889706
1109.0 4952.0 972.0 4637.0 19400.09029441174
2.0 4718.0 1095.0 5277.0 21652.427785277832
24.0 4175.0 1393.0 6487.0 27242.07728002539
8.0 4714.0 1098.0 5274.0 21709.92161982326
299.0 6526.0 180.0 869.0 3635.49926155978
15.0 4578.0 1185.0 5447.0 23361.49559093046
980.0 4920.0 1005.0 4695.0 19858.466025145182
6.0 2284.0 2342.0 11201.0 46278.60798101046
686.0 3284.0 1829.0 8722.0 36165.03072739074
18.0 4717.0 1093.0 5279.0 21653.31008590008
1.0 4472.0 1212.0 5868.0 24319.9957659925
2680.0 6056.0 434.0 1917.0 8485.55273714294
19.0 6754.0 79.0 225.0 1349.8584077721287
1285.0 5505.0 706.0 3296.0 13878.355453850309
2603.0 6081.0 417.0 1884.0 8134.647298314026
1326.0 5510.0 707.0 3250.0 13830.265116408205
1274.0 5501.0 711.0 3293.0 13926.838264519265
1203.0 5140.0 892.0 4111.0 17582.63862479088
1278.0 5346.0 772.0 3740.0 15495.38907319126
7.0 2618.0 2185.0 10269.0 42879.00698112551
2610.0 6082.0 415.0 1876.0 8153.275685382187
4.0 2925.0 2028.0 9531.0 39819.42583762659
19.0 1029.0 2961.0 14124.0 58854.64339527066
11.0 4577.0 1186.0 5455.0 23380.128555511084
23.0 1064.0 2945.0 14053.0 58594.27347567729
17.0 4713.0 1100.0 5266.0 21712.965722300443
1210.0 5156.0 885.0 4097.0 17427.377699639386
1490.0 6406.0 251.0 1139.0 4869.151630708538
14.0 2619.0 2183.0 10270.0 42852.30505560368
2527.0 6061.0 441.0 1865.0 8288.8460152631
1259.0 5499.0 713.0 3297.0 13931.557899995563
1270.0 5353.0 773.0 3710.0 15431.60095277165
197.0 1181.0 2890.0 13719.0 57321.95639149755
75.0 4350.0 1295.0 5970.0 25328.316819446685
0.0 6618.0 138.0 598.0 2770.1939326339434
23.0 6623.0 145.0 551.0 2635.571374005053
3323.0 5991.0 459.0 2135.0 9026.944098637568
0.0 2282.0 2342.0 11220.0 46283.57375345682
1286.0 5497.0 713.0 3282.0 13966.950709812803
1112.0 4948.0 975.0 4631.0 19448.935723039947
143.0 6570.0 165.0 718.0 3239.0399077261486
8.0 4050.0 1477.0 6562.0 28647.707367935735
12.0 4049.0 1477.0 6564.0 28668.80725997445
1278.0 5509.0 706.0 3274.0 13844.391198628451
2.0 1754.0 2607.0 12445.0 51571.851474049676
1202.0 5152.0 890.0 4083.0 17460.586605762495
7.0 4720.0 1093.0 5288.0 21636.893977108408
251.0 6537.0 180.0 777.0 3560.065031918834
6.0 6773.0 60.0 259.0 1138.3804393553582
0.0 6768.0 61.0 275.0 1174.4927319429337
1252.0 5502.0 708.0 3303.0 13910.325692736411
14.0 6773.0 59.0 260.0 1133.7851332326616
10.0 2921.0 2027.0 9541.0 39847.052051671475
8.0 6758.0 75.0 225.0 1309.7355347171726
3.0 4581.0 1184.0 5451.0 23341.082742339306
13.0 6768.0 60.0 259.0 1176.2378400312246
0.0 2191.0 2388.0 11370.0 47133.54102514782
1324.0 5510.0 706.0 3263.0 13831.489957621568
1.0 2473.0 2248.0 10647.0 44361.706793604935
1314.0 5508.0 705.0 3265.0 13858.211989305624
34.0 1380.0 2826.0 13070.0 55474.55199301019
2615.0 6086.0 412.0 1854.0 8101.260224303479
1271.0 5354.0 775.0 3691.0 15426.936711700646
1204.0 5143.0 893.0 4110.0 17559.05516757838
237.0 1917.0 2525.0 12066.0 49950.05388009738
13.0 4051.0 1476.0 6560.0 28643.238219139927
29.0 4718.0 1097.0 5252.0 21659.77830039564
4.0 3911.0 1508.0 7114.0 29828.74472295913
27.0 3694.0 1655.0 7382.0 31979.84189402216
1284.0 5506.0 709.0 3276.0 13872.113061109645
1288.0 5507.0 708.0 3275.0 13863.987778755494
1248.0 5508.0 706.0 3277.0 13848.93404933999
20.0 4177.0 1390.0 6489.0 27237.28312944363
8.0 779.0 3089.0 14743.0 61363.9107651049
4.0 4717.0 1093.0 5295.0 21659.857317404876
5.0 3807.0 1591.0 7192.0 30814.47484524686
11.0 1650.0 2664.0 12654.0 52503.06340856308
5.0 6759.0 73.0 229.0 1318.749825767969
225.0 3012.0 1981.0 9313.0 38977.803304816414
25.0 3486.0 1737.0 8143.0 34206.49632452932
0.0 3912.0 1507.0 7123.0 29808.526771583718
244.0 6542.0 178.0 767.0 3510.2537755539856
16.0 2204.0 2379.0 11328.0 47003.78492825872
3.0 6759.0 74.0 225.0 1300.8643909087689
0.0 6633.0 135.0 551.0 2554.6056111180214
14.0 6626.0 139.0 565.0 2610.2055311083277
5.0 3566.0 1725.0 7756.0 33470.453125115826
5.0 3635.0 1598.0 7940.0 32725.910605641893
9.0 4717.0 1095.0 5276.0 21663.42554040095
0.0 4581.0 1184.0 5451.0 23343.12489664213
2600.0 6092.0 411.0 1841.0 8043.780321478236
4.0 3500.0 1732.0 8100.0 34094.48946987279
15.0 3637.0 1591.0 7960.0 32706.825146967225
8.0 2921.0 2028.0 9546.0 39848.21528311156
206.0 3011.0 1979.0 9339.0 38985.64486198086
17.0 3484.0 1737.0 8173.0 34219.15680581539
12.0 3635.0 1593.0 7958.0 32717.885510381664
20.0 3490.0 1731.0 8149.0 34181.83964715584
0.0 643.0 3165.0 15097.0 62675.961165609195
12.0 3634.0 1594.0 7954.0 32748.218519352555
0.0 645.0 3163.0 15098.0 62643.24220665423
1276.0 5507.0 707.0 3278.0 13865.424957315863
29.0 3716.0 1639.0 7345.0 31774.9738494825
1.0 4719.0 1094.0 5278.0 21652.918013399496
0.0 1753.0 2607.0 12448.0 51585.13514075642
1.0 647.0 3144.0 15206.0 62709.511631104215
1319.0 5510.0 706.0 3263.0 13837.116722240158
25.0 6772.0 60.0 256.0 1128.9123758377725
0.0 2473.0 2245.0 10669.0 44358.52324637645
1111.0 4952.0 973.0 4632.0 19414.55232351046
3.0 1362.0 2843.0 13099.0 55662.66766324776
16.0 4054.0 1477.0 6541.0 28620.48763420355
0.0 2619.0 2186.0 10259.0 42865.44389373358
0.0 3912.0 1507.0 7123.0 29808.526771583718
1.0 2195.0 2383.0 11376.0 47096.42725687064
5.0 2926.0 2025.0 9535.0 39805.585895224765
2.0 1360.0 2840.0 13129.0 55683.774844675725
13.0 1018.0 2967.0 14144.0 58962.019804324045
4.0 776.0 3090.0 14759.0 61395.34872423777
7.0 3811.0 1588.0 7191.0 30768.259263174732
1273.0 5353.0 773.0 3704.0 15437.473773801445
5.0 4714.0 1097.0 5282.0 21694.700296836938
1205.0 5154.0 886.0 4091.0 17444.802665336618
0.0 6767.0 64.0 263.0 1191.022437342678
14.0 4176.0 1392.0 6493.0 27241.31802155616
0.0 2473.0 2245.0 10669.0 44358.52324637645
3.0 4716.0 1096.0 5280.0 21680.23649412949
1265.0 5356.0 772.0 3697.0 15409.361317941373
1318.0 5511.0 705.0 3263.0 13825.74466462988
0.0 3958.0 1529.0 6887.0 29228.265665367016
6.0 4718.0 1094.0 5281.0 21648.913848883156
3.0 1361.0 2839.0 13127.0 55677.370915746105
145.0 6574.0 157.0 725.0 3202.78221030493
977.0 4923.0 1005.0 4683.0 19831.42694290882
977.0 4921.0 1007.0 4683.0 19847.519608826162
0.0 2177.0 2389.0 11444.0 47305.77995722294
0.0 4051.0 1477.0 6555.0 28642.201461512308
1207.0 5155.0 887.0 4083.0 17433.78206179124
3.0 1673.0 2610.0 12771.0 52367.360694933384
15.0 4716.0 1093.0 5286.0 21675.17177597888
1112.0 4956.0 970.0 4629.0 19382.335652184614
12.0 4717.0 1095.0 5273.0 21662.251399705
0.0 2472.0 2246.0 10669.0 44364.397003707934
3.0 4411.0 1259.0 5871.0 24729.020108813907
3.0 650.0 3163.0 15069.0 62591.95029574335
79.0 1446.0 2751.0 13272.0 54614.38427938321
202.0 1885.0 2543.0 12145.0 50274.618586526776
4.0 1010.0 2972.0 14168.0 59048.80745776559
8.0 4405.0 1268.0 5854.0 24787.43078486315
112.0 6579.0 158.0 713.0 3156.2139880863806
8.0 633.0 3166.0 15151.0 62828.5155496995
1.0 1672.0 2611.0 12771.0 52378.967849136054
8.0 4717.0 1095.0 5277.0 21660.10630295739
0.0 6775.0 60.0 265.0 1115.350551856699
0.0 1674.0 2609.0 12775.0 52359.76105815686
6.0 6629.0 136.0 567.0 2601.4315504624965
0.0 3810.0 1589.0 7199.0 30787.100941296874
22.0 4719.0 1092.0 5290.0 21625.334281293326
0.0 6765.0 70.0 223.0 1246.0523963751918
2.0 4179.0 1389.0 6512.0 27210.72657656404
0.0 4412.0 1262.0 5863.0 24718.316155298337
0.0 6714.0 89.0 394.0 1689.9865330050002
0.0 1356.0 2843.0 13130.0 55726.67682073959
12.0 6774.0 59.0 260.0 1120.7918911177762
5.0 6770.0 59.0 264.0 1147.1372820645029
0.0 6678.0 111.0 426.0 2175.876982153514
2.0 4414.0 1259.0 5867.0 24695.218472673274
0.0 631.0 3166.0 15153.0 62859.165315646416
12.0 6774.0 59.0 260.0 1120.7918911177762
0.0 6633.0 135.0 551.0 2554.6056111180214
0.0 6678.0 111.0 426.0 2175.876982153514
1.0 3638.0 1595.0 7944.0 32701.916787405742
0.0 6771.0 59.0 262.0 1138.8174196416699
5.0 4719.0 1094.0 5282.0 21641.358029154606
0.0 642.0 3148.0 15209.0 62758.259067865474
0.0 4718.0 1094.0 5287.0 21654.965738108393
0.0 1004.0 2974.0 14203.0 59118.201017632826
6.0 6773.0 60.0 268.0 1121.8889198113518
0.0 4718.0 1094.0 5287.0 21654.965738108393
0.0 4413.0 1260.0 5869.0 24707.404078984317
0.0 6768.0 62.0 275.0 1166.4887959175796
0.0 762.0 3101.0 14783.0 61538.48623183486
11.0 6773.0 60.0 257.0 1134.0789240553293
0.0 4179.0 1389.0 6516.0 27211.50720290992
0.0 2193.0 2386.0 11373.0 47120.34411865103
0.0 6712.0 88.0 401.0 1724.465056466172
0.0 2924.0 2028.0 9544.0 39826.55106523931
7.0 3711.0 1642.0 7368.0 31826.721885586663
0.0 6777.0 58.0 254.0 1090.04062418527
0.0 6692.0 105.0 397.0 2007.020867663569
0.0 1637.0 2670.0 12701.0 52633.34126377261
0.0 642.0 3165.0 15107.0 62683.74955789022
0.0 642.0 3165.0 15107.0 62683.74955789022
