10.0 2022.0 2480.0 11677.0 48985.37366063419
1663.0 6182.0 378.0 1601.0 7000.9765772773335
1258.0 5097.0 900.0 4427.0 17926.50294240627
1265.0 5097.0 898.0 4434.0 17921.261391727116
2145.0 5384.0 788.0 3496.0 15064.084608382815
558.0 2945.0 2008.0 9589.0 39588.114986022876
28.0 4880.0 1013.0 4885.0 20087.31396838287
489.0 6517.0 195.0 816.0 3739.3467822187154
594.0 6502.0 206.0 797.0 3921.215777708196
6.0 4271.0 1338.0 6208.0 26293.914225277786
0.0 6771.0 59.0 270.0 1181.9838023684076
12.0 623.0 3170.0 15203.0 62943.471016774005
2140.0 5387.0 789.0 3469.0 15018.755409924697
1.0 3890.0 1492.0 7374.0 29858.936177401538
1650.0 6184.0 379.0 1593.0 6993.639310515268
15.0 1321.0 2851.0 13336.0 55981.71112205075
11.0 4884.0 1019.0 4842.0 20057.400671748004
14.0 3887.0 1492.0 7372.0 29902.34538906562
8.0 4877.0 1022.0 4858.0 20128.60607777105
2.0 4606.0 1149.0 5539.0 22990.326921591768
0.0 6650.0 118.0 561.0 2389.0756851507003
1610.0 6203.0 366.0 1556.0 6793.58578751942
1.0 4645.0 1163.0 5244.0 22427.82644191639
2191.0 5379.0 795.0 3479.0 15122.244715893745
7.0 2641.0 2175.0 10237.0 42597.58252686967
3.0 3510.0 1689.0 8237.0 33859.744483752045
46.0 4885.0 1012.0 4868.0 20045.32963717674
19.0 4884.0 1022.0 4830.0 20067.46936664932
1379.0 5112.0 891.0 4376.0 17790.201550752354
1262.0 5100.0 898.0 4409.0 17885.864707295328
1.0 4270.0 1338.0 6222.0 26307.411264041028
0.0 6688.0 104.0 457.0 1999.5557419970355
2183.0 5389.0 787.0 3466.0 15011.632671197332
0.0 2497.0 2233.0 10695.0 44069.94301709041
6.0 4484.0 1226.0 5745.0 24080.218293982954
0.0 719.0 3115.0 14985.0 61976.10664497101
2.0 1045.0 2958.0 14043.0 58710.529176148324
19.0 2645.0 2179.0 10171.0 42510.745660390654
7.0 4065.0 1458.0 6838.0 28372.067466502445
1605.0 6194.0 374.0 1575.0 6876.61275054216
194.0 6561.0 172.0 700.0 3339.877792722184
286.0 3357.0 1819.0 8407.0 35506.58864791118
19.0 6618.0 140.0 588.0 2770.9187626812827
1649.0 6183.0 375.0 1625.0 6991.694194055463
1278.0 5089.0 902.0 4468.0 18018.304810162674
158.0 2712.0 2141.0 10034.0 41895.590466557274
158.0 2715.0 2138.0 10037.0 41869.285143835084
3.0 4493.0 1221.0 5736.0 23956.961182470815
1276.0 5094.0 901.0 4443.0 17975.53146924578
149.0 6567.0 172.0 656.0 3272.0982078773895
24.0 4883.0 1013.0 4874.0 20080.823296008297
17.0 4871.0 1024.0 4867.0 20184.797887765784
335.0 5028.0 945.0 4482.0 18644.32718199256
6.0 3514.0 1710.0 8137.0 33695.9206292887
8.0 4637.0 1169.0 5240.0 22504.458343226805
1633.0 6187.0 373.0 1621.0 6944.017305031847
1530.0 6207.0 366.0 1546.0 6738.257895812036
277.0 3360.0 1817.0 8411.0 35464.95434441121
3.0 2225.0 2358.0 11410.0 46913.871679866184
389.0 6532.0 193.0 733.0 3599.7056739561117
3.0 3688.0 1609.0 7706.0 32068.128086367185
3.0 1575.0 2710.0 12810.0 53348.820130848624
180.0 6563.0 175.0 678.0 3313.03144155219
558.0 2940.0 2013.0 9584.0 39643.677656638465
1.0 4410.0 1257.0 5995.0 24773.17997530501
617.0 6502.0 207.0 789.0 3920.3895931931565
33.0 4885.0 1016.0 4833.0 20050.25435070916
2175.0 5372.0 793.0 3535.0 15185.75883148777
10.0 4880.0 1019.0 4866.0 20116.145002267578
1381.0 5111.0 894.0 4377.0 17785.996772374183
2183.0 5383.0 790.0 3475.0 15086.977872204021
1610.0 6200.0 369.0 1565.0 6829.184040034666
1289.0 5091.0 899.0 4463.0 17990.97375741763
2.0 3512.0 1710.0 8141.0 33712.53423365888
1612.0 6199.0 370.0 1561.0 6845.871491126791
40.0 2682.0 2153.0 10207.0 42202.999467390975
1254.0 5096.0 899.0 4449.0 17931.38432679751
1277.0 5088.0 902.0 4459.0 18031.660779388647
7.0 4883.0 1021.0 4838.0 20082.280035903936
0.0 2310.0 2327.0 11150.0 45894.92581822855
11.0 4886.0 1019.0 4839.0 20048.120777216496
1272.0 5095.0 899.0 4446.0 17964.78486441776
2172.0 5383.0 793.0 3467.0 15055.45981923822
11.0 4882.0 1022.0 4839.0 20093.66909579816
13.0 6764.0 68.0 245.0 1210.1048284372584
0.0 3511.0 1712.0 8141.0 33723.01866273407
13.0 4877.0 1021.0 4856.0 20132.563661391287
4.0 4882.0 1019.0 4851.0 20082.378462765206
1627.0 6191.0 373.0 1597.0 6902.523151537543
5.0 4643.0 1165.0 5232.0 22448.727433462125
14.0 4884.0 1018.0 4838.0 20047.976559059767
2142.0 5387.0 787.0 3481.0 15033.41239772795
4.0 3508.0 1690.0 8228.0 33889.83019988535
8.0 4880.0 1019.0 4868.0 20113.936858015488
37.0 2679.0 2154.0 10219.0 42240.538917526275
152.0 2716.0 2138.0 10028.0 41857.18943619735
3.0 4411.0 1255.0 6004.0 24753.78316989991
0.0 6646.0 121.0 556.0 2427.023703414129
4.0 4270.0 1337.0 6231.0 26299.591714941278
10.0 1318.0 2854.0 13337.0 56001.72691299731
1.0 622.0 3170.0 15203.0 62956.94777593788
334.0 2791.0 2090.0 9907.0 41129.6813460507
5.0 2451.0 2245.0 10800.0 44534.29410423479
7.0 4638.0 1166.0 5246.0 22490.61872924894
12.0 2642.0 2179.0 10191.0 42563.94971403779
11.0 622.0 3170.0 15205.0 62951.0870203859
1589.0 6199.0 370.0 1573.0 6826.701644131816
1380.0 5109.0 892.0 4396.0 17807.79630047595
1258.0 5100.0 897.0 4427.0 17888.492706500456
1.0 1044.0 2959.0 14043.0 58724.272302166835
336.0 2792.0 2089.0 9907.0 41121.11441767849
6.0 2450.0 2242.0 10819.0 44536.04430308262
1628.0 6190.0 376.0 1576.0 6940.90090988679
1250.0 5101.0 897.0 4421.0 17881.43154895461
17.0 6764.0 68.0 245.0 1201.782538671691
2170.0 5375.0 791.0 3529.0 15167.289434440983
12.0 6635.0 129.0 555.0 2518.9221388527453
132.0 6574.0 168.0 650.0 3188.6545832658853
136.0 6572.0 170.0 662.0 3207.839763168988
13.0 6619.0 138.0 599.0 2740.3756638746236
25.0 4885.0 1016.0 4841.0 20046.477198419958
6.0 6769.0 66.0 248.0 1200.9532115356928
1607.0 6201.0 371.0 1547.0 6824.782895629061
3.0 4494.0 1219.0 5739.0 23967.970701174603
503.0 6512.0 198.0 822.0 3809.602439151759
554.0 2941.0 2012.0 9583.0 39620.92800258528
563.0 6508.0 202.0 791.0 3845.0542384078385
14.0 4883.0 1015.0 4866.0 20069.373590402716
289.0 3352.0 1827.0 8415.0 35550.351905170435
2.0 4642.0 1166.0 5243.0 22456.327231675405
2763.0 5823.0 526.0 2742.0 10631.732562954217
0.0 6642.0 128.0 528.0 2454.7312278318873
0.0 1576.0 2711.0 12805.0 53345.98530776706
11.0 4882.0 1020.0 4840.0 20090.159530786972
27.0 4887.0 1017.0 4847.0 20016.93672482829
0.0 635.0 3160.0 15204.0 62765.59312396165
287.0 3356.0 1821.0 8406.0 35520.71937258913
0.0 6773.0 58.0 281.0 1151.4206996492617
1253.0 5102.0 896.0 4425.0 17870.70888526588
2138.0 5388.0 787.0 3471.0 15018.365716097878
10.0 4877.0 1022.0 4857.0 20128.774984395124
2.0 3508.0 1691.0 8239.0 33885.249609358034
2.0 1840.0 2570.0 12183.0 50789.92982760583
0.0 3976.0 1475.0 7113.0 29298.772059028117
0.0 620.0 3172.0 15203.0 62974.736124958436
4.0 4883.0 1018.0 4848.0 20070.23297847506
1.0 4409.0 1259.0 5989.0 24776.168531415737
30.0 2656.0 2174.0 10151.0 42433.04928058523
0.0 2448.0 2244.0 10822.0 44560.72703608058
20.0 6615.0 142.0 586.0 2809.561965798367
4.0 1777.0 2604.0 12327.0 51292.00119354069
1605.0 6207.0 365.0 1546.0 6751.282576134176
4.0 4271.0 1335.0 6232.0 26293.85542563359
0.0 3730.0 1652.0 7287.0 31821.639222326838
5.0 4643.0 1161.0 5264.0 22439.00512793716
1.0 2307.0 2328.0 11158.0 45926.776152309896
531.0 2919.0 2025.0 9641.0 39844.659646633794
0.0 3685.0 1611.0 7721.0 32100.79912924128
48.0 4888.0 1013.0 4853.0 20020.653807008184
1601.0 6206.0 367.0 1547.0 6768.444250265232
15.0 2650.0 2177.0 10174.0 42483.05151726616
12.0 6765.0 67.0 245.0 1197.9782349803045
4.0 2523.0 2222.0 10574.0 43862.944873303524
4.0 4488.0 1223.0 5739.0 24030.66244411942
5.0 4885.0 1018.0 4842.0 20055.111233657757
7.0 2027.0 2476.0 11679.0 48936.750420380595
119.0 6575.0 168.0 649.0 3184.271209043154
9.0 2642.0 2177.0 10206.0 42566.06523178827
3.0 1578.0 2710.0 12796.0 53316.654452324095
9.0 4882.0 1019.0 4866.0 20071.59437979396
3.0 3890.0 1492.0 7376.0 29855.068109879296
6.0 748.0 3120.0 14805.0 61629.68451687921
2178.0 5388.0 788.0 3467.0 15027.28049031781
14.0 2647.0 2178.0 10178.0 42519.37050458865
10.0 4886.0 1014.0 4855.0 20041.862302036254
4.0 2642.0 2177.0 10217.0 42577.660971529855
0.0 4410.0 1257.0 5996.0 24770.397100939674
1604.0 6207.0 364.0 1550.0 6745.700430003406
0.0 3524.0 1702.0 8095.0 33836.248643345105
16.0 1328.0 2845.0 13339.0 55902.108954260955
0.0 1039.0 2963.0 14048.0 58772.91398288907
360.0 6540.0 190.0 707.0 3514.232678265702
109.0 6580.0 165.0 639.0 3132.298992737696
3.0 4290.0 1353.0 6079.0 26149.615675043493
101.0 6583.0 165.0 626.0 3103.772038612719
6.0 2645.0 2173.0 10219.0 42547.46931189058
2.0 3780.0 1565.0 7454.0 31288.429471179934
5.0 3729.0 1653.0 7287.0 31825.244562695687
12.0 3618.0 1640.0 7858.0 32900.46501086262
5.0 3735.0 1650.0 7273.0 31770.0763072496
0.0 6646.0 119.0 569.0 2424.187048187787
3.0 4113.0 1379.0 6969.0 27930.684776310263
0.0 6760.0 66.0 276.0 1258.6134755421947
1.0 2023.0 2475.0 11716.0 48970.189700915216
2.0 1046.0 2959.0 14037.0 58691.06438575555
5.0 4881.0 1019.0 4858.0 20087.52943190327
10.0 2644.0 2179.0 10186.0 42551.740203154885
1605.0 6214.0 362.0 1529.0 6680.319346507073
37.0 2679.0 2154.0 10226.0 42237.382780104344
6.0 1313.0 2855.0 13363.0 56046.954276290744
6.0 2025.0 2478.0 11679.0 48956.70334526445
1.0 4271.0 1338.0 6214.0 26292.016994026453
16.0 4883.0 1016.0 4866.0 20059.281918928475
696.0 3106.0 1930.0 9204.0 38006.41127963726
3.0 2526.0 2219.0 10571.0 43824.778217653206
0.0 3730.0 1652.0 7287.0 31821.639222326838
1.0 2221.0 2359.0 11421.0 46933.2656094703
4.0 4267.0 1339.0 6240.0 26332.795645505452
0.0 2526.0 2219.0 10576.0 43837.818573092176
1.0 4069.0 1454.0 6838.0 28335.495373119542
0.0 1772.0 2604.0 12353.0 51355.73691063858
9.0 6763.0 69.0 248.0 1210.1228078315467
1.0 1578.0 2709.0 12805.0 53320.06262346332
5.0 2642.0 2177.0 10215.0 42573.873072759365
3.0 4641.0 1164.0 5258.0 22459.052502983028
7.0 1310.0 2853.0 13389.0 56081.687488726435
0.0 4270.0 1337.0 6229.0 26303.347425927626
2.0 1764.0 2645.0 12160.0 51476.01790579285
0.0 4885.0 1017.0 4851.0 20048.89606516329
7.0 3501.0 1695.0 8256.0 33958.88771642392
5.0 3572.0 1671.0 8038.0 33102.1533074185
6.0 4287.0 1352.0 6086.0 26177.828779985037
9.0 6623.0 136.0 583.0 2701.29264733043
0.0 4070.0 1454.0 6834.0 28329.03242370471
12.0 3783.0 1565.0 7422.0 31247.609477431408
7.0 3889.0 1493.0 7368.0 29878.910986092826
86.0 6589.0 160.0 616.0 3049.924907148953
0.0 2642.0 2176.0 10227.0 42581.817832744266
2.0 6769.0 68.0 247.0 1182.7751193055794
68.0 6596.0 155.0 610.0 2988.3678056478443
0.0 3888.0 1493.0 7383.0 29877.273013914015
0.0 4293.0 1351.0 6072.0 26114.285156074875
5.0 6769.0 66.0 251.0 1193.7027252917003
0.0 3685.0 1611.0 7729.0 32097.90790205683
0.0 1308.0 2855.0 13389.0 56101.219142862436
0.0 4609.0 1147.0 5536.0 22957.144544406117
14.0 6765.0 65.0 256.0 1201.7757985455403
3.0 4114.0 1381.0 6953.0 27927.545394757537
0.0 733.0 3124.0 14863.0 61802.13528262431
4.0 687.0 3143.0 14939.0 62276.22424501589
2.0 1041.0 2960.0 14053.0 58748.60828099792
0.0 6768.0 62.0 274.0 1192.5737057867336
0.0 4494.0 1220.0 5737.0 23960.673376640632
0.0 2197.0 2380.0 11451.0 47150.474927659256
9.0 793.0 3064.0 14884.0 61190.57331467126
26.0 6760.0 68.0 245.0 1237.0158752969342
0.0 3740.0 1584.0 7611.0 31529.154474288585
20.0 6763.0 67.0 249.0 1211.87333703127
276.0 3362.0 1818.0 8397.0 35442.926219981666
3.0 2027.0 2475.0 11689.0 48935.12375508944
4.0 3508.0 1691.0 8234.0 33885.757038735996
2.0 1041.0 2960.0 14053.0 58748.60828099792
0.0 4644.0 1163.0 5245.0 22435.023872180278
0.0 4611.0 1146.0 5533.0 22941.178309089722
0.0 3617.0 1642.0 7876.0 32918.3833330971
0.0 6645.0 122.0 550.0 2456.0031462499164
0.0 2222.0 2358.0 11421.0 46928.20898722169
0.0 3508.0 1691.0 8239.0 33885.26679204507
0.0 3778.0 1567.0 7454.0 31300.508306779637
0.0 1039.0 2963.0 14048.0 58772.91398288907
0.0 6681.0 108.0 436.0 2116.924658201839
1.0 4114.0 1380.0 6959.0 27929.6817258138
22.0 6761.0 68.0 243.0 1233.6266175046248
1.0 1576.0 2710.0 12805.0 53352.96933626915
0.0 652.0 3162.0 15031.0 62636.677048232756
5.0 6624.0 136.0 580.0 2703.7391927873255
3.0 1763.0 2645.0 12158.0 51486.52751975306
0.0 2022.0 2475.0 11718.0 48987.64331506798
0.0 6627.0 134.0 575.0 2666.62153407164
0.0 6767.0 66.0 267.0 1189.2510195918858
0.0 1760.0 2648.0 12164.0 51518.93969352632
0.0 2308.0 2327.0 11158.0 45915.86290920246
13.0 6765.0 64.0 261.0 1193.6944219337277
0.0 6770.0 63.0 243.0 1146.3041762854136
0.0 6742.0 79.0 295.0 1491.233334477339
0.0 645.0 3160.0 15079.0 62748.62760413133
0.0 6697.0 101.0 403.0 1929.0065758162698
0.0 6703.0 91.0 432.0 1848.8015706166195
0.0 643.0 3158.0 15119.0 62719.34360322691
0.0 1837.0 2572.0 12199.0 50812.36273660532
0.0 6767.0 66.0 267.0 1189.2510195918858
0.0 6683.0 98.0 488.0 2075.1892483606402
0.0 3976.0 1475.0 7113.0 29298.772059028117
0.0 6767.0 66.0 267.0 1189.2510195918858
0.0 1576.0 2711.0 12805.0 53345.98530776706
0.0 646.0 3163.0 15105.0 62657.404846070705
0.0 646.0 3163.0 15105.0 62657.404846070705
