21.0 2106.0 2417.0 11577.0 47921.24360125755
1155.0 6358.0 281.0 1119.0 5301.71705646675
3.0 3640.0 1682.0 7565.0 32554.465098703462
3.0 3969.0 1484.0 7040.0 29267.064521942848
2.0 3642.0 1681.0 7562.0 32531.63606342398
9.0 4301.0 1324.0 6275.0 25800.105203425865
12.0 6763.0 62.0 286.0 1224.178998868426
18.0 4408.0 1244.0 5984.0 24763.850183911127
2007.0 5607.0 675.0 2899.0 12839.15330548883
7.0 4412.0 1241.0 5986.0 24723.622576924612
24.0 4418.0 1235.0 5973.0 24667.141732093958
32.0 3423.0 1774.0 8204.0 34714.60593485049
24.0 4137.0 1362.0 6736.0 27537.738877751286
2636.0 5642.0 615.0 3025.0 12601.216062365842
1311.0 5605.0 659.0 3048.0 12849.548320073107
2059.0 5808.0 552.0 2597.0 10770.071471184514
25.0 4040.0 1461.0 6762.0 28503.506601920246
38.0 3810.0 1570.0 7197.0 30989.879826320113
0.0 1017.0 2969.0 14184.0 58991.56957418478
10.0 2810.0 2077.0 9869.0 41007.955494416994
2.0 4152.0 1352.0 6746.0 27411.659713900433
1407.0 6223.0 349.0 1432.0 6668.47224777398
2226.0 5504.0 725.0 3177.0 13821.713655120346
637.0 5184.0 860.0 4150.0 17067.365118597325
840.0 2953.0 2001.0 9315.0 39619.172305750464
46.0 728.0 3111.0 14850.0 61874.647807359295
2879.0 5852.0 541.0 2467.0 10390.280028422218
49.0 1426.0 2792.0 13093.0 54915.42502194956
32.0 3419.0 1779.0 8194.0 34763.51957202146
2347.0 5807.0 562.0 2594.0 10871.3936403614
1256.0 5444.0 752.0 3366.0 14482.818919142645
0.0 989.0 2983.0 14283.0 59303.81155660561
9.0 3808.0 1564.0 7261.0 31002.200288527227
7.0 4211.0 1361.0 6391.0 26938.24896016873
29.0 3808.0 1569.0 7214.0 31002.16403532321
776.0 3059.0 1953.0 9260.0 38497.15198416314
0.0 1062.0 2957.0 13964.0 58552.4090565029
1269.0 5440.0 755.0 3376.0 14505.251217215247
0.0 6743.0 78.0 295.0 1482.0360173381785
648.0 5196.0 851.0 4136.0 16972.702319529162
18.0 2809.0 2075.0 9877.0 41027.36546599813
7.0 4807.0 1046.0 5075.0 20759.0274691525
436.0 6514.0 172.0 889.0 3744.079411994585
646.0 5187.0 856.0 4141.0 17047.971898891356
2359.0 5807.0 564.0 2587.0 10864.483490436141
11.0 6768.0 60.0 282.0 1196.320562484036
38.0 3422.0 1779.0 8172.0 34734.26571941428
6.0 1333.0 2850.0 13181.0 55845.396821933275
9.0 4668.0 1117.0 5272.0 22355.123121363704
1275.0 5441.0 754.0 3374.0 14491.667818025644
643.0 5197.0 852.0 4124.0 16947.162714837417
612.0 5104.0 896.0 4387.0 17840.75038527931
0.0 6758.0 74.0 257.0 1273.1940507259055
2421.0 5799.0 569.0 2571.0 10968.823614854817
1773.0 6197.0 368.0 1454.0 6983.759197473313
0.0 6769.0 63.0 270.0 1164.18059778474
258.0 4916.0 990.0 4799.0 19723.950222319127
2231.0 5505.0 727.0 3153.0 13810.49137518181
3.0 3846.0 1532.0 7445.0 30301.13612606779
706.0 3321.0 1828.0 8501.0 35879.63337798266
1259.0 5443.0 753.0 3367.0 14489.252438246518
20.0 6756.0 72.0 253.0 1301.3436010652463
0.0 6646.0 120.0 563.0 2428.160728706371
2392.0 5815.0 560.0 2552.0 10790.625189126598
1335.0 6224.0 353.0 1409.0 6674.352921326181
4.0 2466.0 2253.0 10612.0 44520.64220666731
854.0 2947.0 2004.0 9313.0 39674.03235082715
1.0 2468.0 2251.0 10623.0 44500.03936023516
964.0 5233.0 848.0 4008.0 16501.06771226055
1218.0 6314.0 309.0 1173.0 5822.544470669204
1222.0 6313.0 310.0 1163.0 5838.632619675206
2309.0 5817.0 559.0 2551.0 10772.194739421473
1313.0 5603.0 662.0 3041.0 12866.969377871921
412.0 6513.0 181.0 886.0 3716.1290897379613
1322.0 5599.0 665.0 3045.0 12917.709090995048
11.0 4807.0 1048.0 5059.0 20762.192361846315
30.0 6758.0 69.0 247.0 1272.2428512191607
1779.0 6200.0 368.0 1448.0 6925.978747525723
1412.0 6228.0 348.0 1430.0 6639.739862550916
971.0 5406.0 742.0 3605.0 14898.205309973864
1194.0 6318.0 307.0 1182.0 5806.576128598633
832.0 2953.0 2000.0 9309.0 39636.488337677125
4.0 4413.0 1241.0 5984.0 24723.054061583825
4.0 2805.0 2081.0 9875.0 41063.749564320766
2355.0 5803.0 569.0 2581.0 10912.262180569598
14.0 1055.0 2947.0 14085.0 58621.00744683609
18.0 6767.0 59.0 297.0 1202.1370110793393
398.0 6523.0 169.0 863.0 3648.54549740351
2402.0 5814.0 559.0 2554.0 10804.00134104506
2052.0 5810.0 553.0 2586.0 10738.337956700707
241.0 4914.0 990.0 4809.0 19754.0940681736
75.0 1548.0 2713.0 12943.0 53759.925354089006
772.0 3056.0 1954.0 9278.0 38525.16023563575
5.0 4667.0 1115.0 5298.0 22372.18696900744
28.0 717.0 3118.0 14882.0 61993.71562885266
379.0 6527.0 169.0 843.0 3614.466201642936
14.0 2806.0 2077.0 9886.0 41047.46728878933
652.0 5193.0 853.0 4131.0 16973.52229760421
239.0 4913.0 994.0 4788.0 19764.85604247931
609.0 5107.0 893.0 4384.0 17829.37736702095
444.0 6506.0 187.0 900.0 3835.740770987094
4.0 2333.0 2340.0 10861.0 45785.1045394545
479.0 6505.0 187.0 908.0 3844.5887969528
633.0 5182.0 858.0 4169.0 17081.6149526853
0.0 6764.0 67.0 241.0 1219.3681077422502
3.0 6765.0 67.0 269.0 1201.140242359292
84.0 6595.0 156.0 629.0 2980.079769313065
241.0 4912.0 995.0 4783.0 19770.46091288035
2630.0 5644.0 615.0 3021.0 12581.694347547838
0.0 2466.0 2253.0 10618.0 44519.138400826254
1381.0 6237.0 344.0 1396.0 6541.977610740344
4.0 4804.0 1049.0 5073.0 20796.620292726242
49.0 1071.0 2940.0 14036.0 58461.83914193015
2337.0 5811.0 561.0 2577.0 10836.41509950278
2390.0 5815.0 560.0 2555.0 10787.96448354511
634.0 5188.0 858.0 4149.0 17020.753816269622
1417.0 6231.0 350.0 1390.0 6607.812884418757
1413.0 6226.0 352.0 1430.0 6659.789725389026
1398.0 6230.0 346.0 1416.0 6612.246254415322
16.0 4412.0 1243.0 5968.0 24710.380205700632
36.0 3423.0 1778.0 8172.0 34718.367584321124
640.0 5192.0 855.0 4122.0 16994.984724990645
245.0 4913.0 997.0 4762.0 19761.99066612529
0.0 6767.0 61.0 273.0 1186.562809627181
1202.0 6322.0 304.0 1158.0 5746.401527434211
24.0 2488.0 2240.0 10586.0 44288.30168365012
1744.0 6206.0 362.0 1441.0 6888.691758177568
1392.0 6235.0 348.0 1386.0 6567.45107227017
2229.0 5507.0 725.0 3153.0 13801.150158685186
4.0 3810.0 1565.0 7248.0 30990.91108054483
380.0 6523.0 177.0 852.0 3660.136747293978
0.0 1332.0 2851.0 13185.0 55867.00639814139
771.0 3054.0 1955.0 9282.0 38541.36245660881
964.0 5237.0 845.0 4007.0 16466.467877532563
436.0 6511.0 183.0 890.0 3785.5708007105436
1382.0 6238.0 343.0 1394.0 6535.320915693142
636.0 5189.0 858.0 4137.0 17012.78611981645
247.0 4912.0 995.0 4781.0 19765.805645031654
9.0 4413.0 1240.0 5987.0 24708.920092978275
2399.0 5815.0 559.0 2551.0 10793.67192543064
251.0 4915.0 992.0 4791.0 19733.885969429663
7.0 1923.0 2513.0 11997.0 49887.520311352215
37.0 1421.0 2795.0 13099.0 54960.79850170131
28.0 3812.0 1569.0 7195.0 30968.58119573182
1138.0 6365.0 277.0 1096.0 5240.1324741233375
14.0 4209.0 1363.0 6378.0 26955.322889544594
647.0 5197.0 851.0 4139.0 16950.988316548737
4.0 6768.0 60.0 289.0 1185.3868285326307
961.0 5235.0 847.0 4009.0 16512.523002410235
10.0 4673.0 1114.0 5263.0 22317.810695806296
2193.0 5505.0 729.0 3149.0 13823.3965652187
13.0 4415.0 1236.0 5993.0 24702.469741404744
1254.0 5448.0 750.0 3362.0 14433.10139752262
9.0 4034.0 1465.0 6793.0 28561.113817752444
4.0 2735.0 2130.0 9959.0 41723.679593509754
27.0 6768.0 60.0 284.0 1193.3498742799557
1125.0 6371.0 276.0 1078.0 5192.567724039389
763.0 3050.0 1959.0 9282.0 38581.50039448788
81.0 6596.0 150.0 663.0 2955.9786727583873
1.0 2803.0 2081.0 9885.0 41074.35241151803
2350.0 5812.0 563.0 2569.0 10826.071335538869
8.0 2041.0 2485.0 11549.0 48672.3456502864
2.0 6689.0 114.0 371.0 2060.2021818991807
652.0 5192.0 857.0 4115.0 17000.23926588309
335.0 6541.0 163.0 809.0 3482.339952699569
1137.0 6362.0 276.0 1122.0 5272.036394330512
3.0 6623.0 140.0 571.0 2706.545333318328
1.0 2804.0 2081.0 9880.0 41069.36391978432
28.0 3424.0 1773.0 8201.0 34705.3711756655
0.0 6767.0 66.0 269.0 1184.8926388579491
18.0 6617.0 143.0 589.0 2750.80865278095
6.0 2803.0 2080.0 9886.0 41076.5080570965
647.0 5199.0 851.0 4122.0 16924.87831664923
645.0 5193.0 853.0 4136.0 16980.13214757854
1375.0 6239.0 344.0 1386.0 6521.521063688707
3.0 4414.0 1240.0 5982.0 24704.39990838494
3.0 6760.0 67.0 275.0 1260.7425476709682
1189.0 6323.0 303.0 1171.0 5752.675929052695
65.0 6601.0 152.0 617.0 2916.3212044943866
18.0 3437.0 1771.0 8137.0 34592.34612448581
2326.0 5813.0 561.0 2560.0 10813.309073835875
6.0 2806.0 2080.0 9874.0 41048.48075636314
953.0 5238.0 845.0 4004.0 16472.229998373212
10.0 3563.0 1703.0 7877.0 33245.72526663364
334.0 6539.0 161.0 825.0 3500.545828381551
3.0 2480.0 2243.0 10623.0 44353.82467519717
0.0 4415.0 1239.0 5980.0 24692.522189923842
5.0 2737.0 2125.0 9977.0 41690.49279977364
44.0 6607.0 148.0 607.0 2862.03258474932
12.0 4588.0 1185.0 5363.0 23177.928407887222
1182.0 6327.0 301.0 1157.0 5709.767542126758
0.0 630.0 3159.0 15248.0 62924.30115276609
5.0 4036.0 1463.0 6794.0 28546.326926802427
13.0 1742.0 2625.0 12346.0 51669.163997075506
2233.0 5509.0 724.0 3152.0 13768.36537481899
646.0 5193.0 854.0 4133.0 16973.7749874871
0.0 2733.0 2130.0 9980.0 41753.31737074249
13.0 4588.0 1186.0 5352.0 23190.070505864034
1.0 2036.0 2488.0 11562.0 48719.379683769665
9.0 1742.0 2626.0 12347.0 51671.539739253894
3.0 6760.0 68.0 272.0 1255.9763098742749
1.0 4669.0 1114.0 5292.0 22368.988955389264
7.0 3643.0 1677.0 7562.0 32524.133827701713
16.0 3441.0 1768.0 8135.0 34553.56659486911
3.0 4803.0 1047.0 5096.0 20809.221706480268
0.0 6767.0 62.0 271.0 1191.2993560775456
2878.0 5853.0 541.0 2462.0 10384.383726820963
1.0 4601.0 1180.0 5331.0 23069.725917365202
24.0 3427.0 1772.0 8192.0 34668.09871856766
2233.0 5508.0 726.0 3154.0 13781.572037774911
0.0 2803.0 2082.0 9880.0 41075.35844457544
831.0 2945.0 2006.0 9320.0 39702.68709929073
14.0 4040.0 1463.0 6763.0 28509.279778672586
642.0 5196.0 853.0 4122.0 16954.658810428336
10.0 3440.0 1767.0 8151.0 34567.239285102994
4.0 3642.0 1678.0 7565.0 32532.50995549718
8.0 2736.0 2128.0 9956.0 41715.31505124856
0.0 1732.0 2632.0 12374.0 51772.74350109831
240.0 4913.0 994.0 4783.0 19760.57871085634
6.0 4675.0 1113.0 5262.0 22303.81784240273
1.0 3970.0 1482.0 7047.0 29251.63252109774
10.0 3562.0 1704.0 7876.0 33261.69612756284
3.0 1735.0 2632.0 12351.0 51745.9226892123
1.0 6643.0 129.0 522.0 2485.1850955622854
4.0 4218.0 1358.0 6377.0 26866.836154424964
24.0 1409.0 2804.0 13121.0 55087.18140844311
7.0 6769.0 60.0 288.0 1179.74246345754
7.0 698.0 3135.0 14894.0 62224.678639949016
6.0 4809.0 1046.0 5070.0 20750.97442162854
1.0 3644.0 1678.0 7565.0 32511.62599864819
2.0 4152.0 1354.0 6732.0 27423.4168276099
1.0 2329.0 2342.0 10877.0 45824.99872990488
248.0 4915.0 992.0 4793.0 19730.203191037595
69.0 1547.0 2714.0 12941.0 53763.29366150829
0.0 2033.0 2488.0 11580.0 48744.45530143069
0.0 1337.0 2838.0 13325.0 55813.67724887935
0.0 6625.0 139.0 571.0 2681.1051076532644
5.0 4212.0 1361.0 6383.0 26938.162483756598
0.0 1335.0 2839.0 13328.0 55837.44298964646
617.0 5097.0 897.0 4406.0 17900.340868034313
9.0 4807.0 1048.0 5059.0 20766.814752764756
1.0 4672.0 1115.0 5279.0 22335.247701596236
12.0 1048.0 2949.0 14114.0 58675.01197614877
0.0 1732.0 2632.0 12374.0 51772.74350109831
15.0 6764.0 60.0 300.0 1237.1076965924926
0.0 6756.0 72.0 274.0 1293.9036769293277
0.0 955.0 3028.0 14250.0 59711.17750277055
2.0 4597.0 1179.0 5352.0 23100.29702168209
15.0 2105.0 2417.0 11587.0 47937.55013748919
1.0 2652.0 2163.0 10259.0 42651.60223046119
236.0 4914.0 993.0 4788.0 19748.640781954207
6.0 632.0 3169.0 15105.0 62851.029752775066
1.0 632.0 3163.0 15146.0 62846.74278459554
0.0 3439.0 1768.0 8164.0 34582.190778147226
0.0 3970.0 1483.0 7042.0 29252.707767537275
0.0 6763.0 65.0 272.0 1226.526652160479
0.0 1692.0 2635.0 12627.0 52221.14577466735
0.0 4672.0 1114.0 5283.0 22334.624409680073
606.0 5104.0 900.0 4379.0 17846.57209262198
4.0 4805.0 1048.0 5073.0 20790.49120501796
0.0 6771.0 59.0 279.0 1158.169089866037
3.0 4806.0 1049.0 5067.0 20778.81793463932
0.0 2650.0 2162.0 10279.0 42665.65060211764
1.0 2295.0 2333.0 11136.0 46194.38974874555
1.0 631.0 3164.0 15142.0 62863.59490450092
0.0 632.0 3167.0 15118.0 62846.55097313448
0.0 6645.0 127.0 522.0 2465.6847569212514
5.0 4807.0 1049.0 5063.0 20765.74947053331
0.0 1012.0 2970.0 14208.0 59053.88469893636
4.0 3819.0 1563.0 7219.0 30914.88307133503
0.0 689.0 3139.0 14927.0 62307.80520544809
0.0 3643.0 1677.0 7575.0 32519.216319667277
0.0 4154.0 1352.0 6741.0 27398.34807402942
0.0 4808.0 1047.0 5070.0 20761.759568520152
0.0 3813.0 1565.0 7239.0 30970.420793897545
0.0 2328.0 2343.0 10877.0 45839.32929681359
0.0 2474.0 2244.0 10660.0 44416.203219563205
0.0 6645.0 127.0 522.0 2465.6847569212514
1.0 4216.0 1359.0 6387.0 26893.473338533302
0.0 628.0 3166.0 15150.0 62893.020144598486
0.0 3843.0 1532.0 7455.0 30343.220193677018
0.0 3565.0 1700.0 7890.0 33255.67923488025
4.0 1919.0 2517.0 12004.0 49917.443620718586
8.0 2099.0 2420.0 11605.0 48005.90890863822
0.0 1918.0 2518.0 12003.0 49934.40948694006
0.0 6694.0 107.0 398.0 1985.2562050230815
0.0 4600.0 1180.0 5335.0 23073.902636534407
0.0 6756.0 72.0 274.0 1293.9036769293277
0.0 6691.0 112.0 371.0 2034.0725919425515
0.0 2093.0 2424.0 11623.0 48081.42435420071
0.0 4303.0 1322.0 6283.0 25779.347269893387
0.0 644.0 3162.0 15126.0 62690.44694646315
0.0 644.0 3162.0 15126.0 62690.44694646315
