426.0 6533.0 173.0 881.0 3552.119351373515
1122.0 3038.0 1965.0 9138.0 38868.28539297909
1108.0 3043.0 1962.0 9133.0 38818.753753743316
15.0 4827.0 1047.0 4951.0 20690.764947261265
21.0 4944.0 977.0 4769.0 19526.87700987969
1267.0 6191.0 342.0 1690.0 6970.610356345843
1260.0 6174.0 350.0 1706.0 7141.499257493083
869.0 5529.0 664.0 3364.0 13761.14402264749
1031.0 5868.0 511.0 2479.0 10353.883843524152
37.0 1415.0 2813.0 12964.0 54910.71119688361
423.0 6531.0 176.0 895.0 3584.520141245733
12.0 3465.0 1772.0 7952.0 34304.73093377533
72.0 1179.0 2898.0 13678.0 57348.67389464326
1275.0 6192.0 339.0 1701.0 6954.965666247995
1273.0 6069.0 413.0 1956.0 8253.117032243732
168.0 2248.0 2360.0 11297.0 46637.973612854206
580.0 3206.0 1875.0 8864.0 36950.278318738
14.0 2539.0 2211.0 10559.0 43655.858702347956
1243.0 6174.0 346.0 1742.0 7137.664068633265
526.0 2870.0 2020.0 9811.0 40461.88327501442
41.0 2748.0 2107.0 10038.0 41644.954268251175
13.0 4173.0 1397.0 6333.0 27183.29956520518
0.0 6766.0 60.0 292.0 1218.9772774743556
209.0 6565.0 160.0 761.0 3277.9523533270794
0.0 3835.0 1571.0 7268.0 30655.104799960875
1276.0 6189.0 341.0 1696.0 6990.273899268271
1037.0 5702.0 591.0 2982.0 11988.330849708622
420.0 6531.0 173.0 903.0 3573.6952156268685
18.0 4946.0 974.0 4774.0 19509.083669330666
107.0 6600.0 145.0 645.0 2931.6511158461176
22.0 2005.0 2502.0 11673.0 49017.33536167584
3.0 6682.0 104.0 457.0 2059.238239376658
1251.0 6179.0 347.0 1704.0 7080.46952967176
1216.0 6076.0 405.0 1969.0 8208.83642794042
794.0 5384.0 736.0 3815.0 15177.434535058426
868.0 5533.0 663.0 3355.0 13712.54447277709
796.0 5362.0 745.0 3889.0 15419.54504870455
173.0 2248.0 2361.0 11287.0 46628.32215392031
10.0 4179.0 1395.0 6304.0 27123.439419866983
47.0 6614.0 137.0 610.0 2801.8546775643067
62.0 6758.0 74.0 244.0 1286.942884485431
34.0 2745.0 2109.0 10043.0 41657.80465434346
16.0 4170.0 1398.0 6337.0 27222.211962761026
7.0 649.0 3149.0 15143.0 62693.86449092465
165.0 2247.0 2363.0 11289.0 46649.347828320926
14.0 2544.0 2209.0 10545.0 43605.54824518397
223.0 6565.0 163.0 729.0 3293.1792775322883
619.0 3186.0 1887.0 8903.0 37153.50240177441
847.0 5540.0 664.0 3328.0 13620.309610446462
0.0 6771.0 57.0 272.0 1153.117748634307
1302.0 6051.0 419.0 2029.0 8426.241039216828
1046.0 5869.0 509.0 2476.0 10342.710844159543
578.0 3205.0 1878.0 8851.0 36963.35326175925
794.0 5373.0 745.0 3827.0 15276.247212755372
443.0 6529.0 181.0 852.0 3607.4254128402736
863.0 5534.0 667.0 3330.0 13698.415179221476
443.0 6533.0 181.0 833.0 3538.5019112061696
0.0 4725.0 1109.0 5178.0 21830.56047323899
23.0 2739.0 2104.0 10096.0 41711.01387697592
5.0 1672.0 2657.0 12564.0 52403.0695982239
1273.0 6068.0 410.0 1978.0 8263.996894946871
0.0 6761.0 62.0 305.0 1248.6368106033071
22.0 6761.0 69.0 251.0 1245.841015685946
4.0 2535.0 2213.0 10577.0 43694.038190446096
20.0 4246.0 1329.0 6199.0 26511.664150764947
1173.0 6085.0 399.0 1973.0 8102.798488897759
449.0 6530.0 181.0 848.0 3591.781612022458
2.0 649.0 3166.0 15023.0 62642.215404091665
0.0 2940.0 2017.0 9566.0 39626.70041707785
864.0 5535.0 664.0 3330.0 13692.186659324256
25.0 3465.0 1763.0 7998.0 34327.7723278356
2224.0 5951.0 478.0 2183.0 9318.029049993569
14.0 2537.0 2212.0 10564.0 43677.74031098262
1289.0 6049.0 420.0 2045.0 8438.295854648479
15.0 6765.0 68.0 244.0 1212.9344184838515
863.0 5536.0 665.0 3328.0 13680.513503510549
160.0 6578.0 156.0 707.0 3152.633427005615
1308.0 6159.0 355.0 1762.0 7288.245748254572
626.0 3212.0 1870.0 8840.0 36901.60982635249
169.0 2253.0 2357.0 11292.0 46577.821757327874
1043.0 5865.0 512.0 2477.0 10379.118734028101
30.0 1998.0 2507.0 11656.0 49105.89890156472
31.0 1411.0 2817.0 12966.0 54961.22234267435
17.0 2734.0 2117.0 10056.0 41763.22420076178
25.0 840.0 3072.0 14547.0 60731.70236340637
15.0 2729.0 2111.0 10111.0 41823.71110225022
623.0 3183.0 1887.0 8917.0 37185.57528825709
0.0 6717.0 92.0 354.0 1701.034186694392
0.0 996.0 2974.0 14245.0 59198.02548298098
9.0 6767.0 66.0 244.0 1199.36253941366
415.0 5110.0 899.0 4282.0 17897.538676653832
7.0 4046.0 1446.0 6816.0 28624.89198669652
5.0 649.0 3151.0 15132.0 62699.157278134895
415.0 6530.0 171.0 936.0 3581.8849764735996
43.0 1173.0 2899.0 13703.0 57434.520989684395
224.0 6568.0 159.0 741.0 3247.59461005515
790.0 5378.0 740.0 3819.0 15267.883341931501
845.0 5542.0 663.0 3323.0 13616.348243552207
616.0 3207.0 1881.0 8819.0 36942.26138546099
952.0 5404.0 728.0 3690.0 15024.722968494554
5.0 2439.0 2257.0 10906.0 44683.77627696982
1194.0 6083.0 402.0 1955.0 8126.2666719514
30.0 1415.0 2814.0 12960.0 54920.255476234655
13.0 6767.0 69.0 238.0 1193.0424846585577
10.0 3467.0 1767.0 7948.0 34312.87160855649
954.0 5408.0 728.0 3674.0 14981.001793475854
2210.0 5953.0 478.0 2173.0 9296.741584137066
5.0 3475.0 1761.0 7964.0 34214.799258084604
1041.0 5713.0 581.0 2971.0 11889.592231961788
792.0 5364.0 745.0 3882.0 15391.760245065505
8.0 4943.0 976.0 4786.0 19544.663521219376
1051.0 5719.0 574.0 2992.0 11801.519559640203
1183.0 6081.0 403.0 1964.0 8127.384084301043
411.0 6532.0 171.0 927.0 3563.8420447801745
3.0 4353.0 1312.0 5861.0 25519.939304471507
10.0 716.0 3130.0 14883.0 61989.9398388059
1255.0 6178.0 347.0 1713.0 7093.016146669215
1034.0 5708.0 590.0 2959.0 11946.233941643732
20.0 4267.0 1320.0 6163.0 26312.190407544396
15.0 4826.0 1049.0 4948.0 20694.322238829936
416.0 5097.0 906.0 4305.0 18036.097071827106
3.0 6769.0 66.0 243.0 1175.3562613637878
0.0 4259.0 1323.0 6189.0 26383.066902146307
16.0 4587.0 1205.0 5336.0 22964.62371326072
23.0 4249.0 1326.0 6206.0 26453.26657383698
12.0 4778.0 1088.0 5024.0 21184.509761549278
5.0 647.0 3166.0 15032.0 62664.854552022894
850.0 5542.0 663.0 3310.0 13626.001575749768
13.0 4944.0 977.0 4774.0 19534.018540134533
3.0 4472.0 1248.0 5763.0 24250.84368882766
29.0 6760.0 72.0 244.0 1263.6476440014694
6.0 4039.0 1447.0 6849.0 28698.87424867572
48.0 1174.0 2900.0 13690.0 57420.25731079779
578.0 3211.0 1872.0 8844.0 36911.06755735709
7.0 3793.0 1539.0 7647.0 31031.777803297635
416.0 5109.0 895.0 4316.0 17900.540448280677
405.0 5105.0 900.0 4299.0 17931.665095069515
1029.0 5872.0 508.0 2471.0 10314.982523612365
9.0 4354.0 1310.0 5866.0 25502.872815051272
11.0 3466.0 1764.0 7989.0 34318.7371787397
6.0 1758.0 2615.0 12351.0 51487.323456309176
791.0 5377.0 743.0 3818.0 15238.877015464273
1108.0 3041.0 1963.0 9131.0 38833.5805859998
8.0 3608.0 1680.0 7736.0 33028.503778632636
422.0 6537.0 177.0 833.0 3523.1901247944566
413.0 5102.0 905.0 4286.0 17952.124273803012
10.0 2437.0 2257.0 10924.0 44679.218615139514
6.0 655.0 3162.0 15006.0 62581.03842891974
9.0 4597.0 1200.0 5302.0 22856.750298756633
14.0 1996.0 2508.0 11647.0 49119.17858737979
4.0 2533.0 2213.0 10589.0 43722.6182848606
618.0 3184.0 1888.0 8914.0 37175.5157974443
1029.0 5705.0 589.0 2972.0 11962.950343868619
1276.0 6054.0 418.0 2025.0 8404.572489768982
1042.0 5726.0 571.0 2976.0 11734.950142164344
30.0 2741.0 2113.0 10043.0 41697.501850371475
9.0 3749.0 1600.0 7381.0 31355.75001555265
856.0 5546.0 657.0 3342.0 13587.970699533156
25.0 2740.0 2109.0 10064.0 41685.77793258094
7.0 3473.0 1768.0 7930.0 34244.159118095
783.0 5369.0 741.0 3868.0 15339.496412592021
847.0 5540.0 665.0 3324.0 13632.81297124338
1172.0 6087.0 399.0 1954.0 8081.767551527071
1245.0 6177.0 347.0 1713.0 7104.395980220541
0.0 4605.0 1170.0 5487.0 22757.963462586777
1029.0 5715.0 580.0 2973.0 11877.623150685698
12.0 6625.0 132.0 585.0 2668.5589661768745
791.0 5381.0 737.0 3822.0 15229.760331772117
16.0 3751.0 1597.0 7384.0 31336.300505454084
1235.0 6180.0 345.0 1714.0 7076.063434300537
3.0 839.0 3077.0 14535.0 60762.26562377925
845.0 5544.0 661.0 3314.0 13595.350953093723
9.0 6768.0 66.0 250.0 1179.5878335410123
10.0 1764.0 2613.0 12336.0 51417.32274997493
4.0 3607.0 1680.0 7741.0 33039.43763100097
7.0 1052.0 2956.0 14049.0 58659.21994929952
6.0 6769.0 67.0 238.0 1175.8731228679767
7.0 4748.0 1099.0 5112.0 21565.63947290018
16.0 2737.0 2107.0 10093.0 41738.84098260668
4.0 3468.0 1765.0 7973.0 34292.21027837347
14.0 3753.0 1599.0 7361.0 31309.616901791316
788.0 5382.0 742.0 3801.0 15197.425184729947
525.0 2871.0 2019.0 9819.0 40451.197723651494
575.0 3208.0 1876.0 8848.0 36935.425890467486
5.0 3751.0 1598.0 7386.0 31328.238836748325
2.0 1051.0 2954.0 14070.0 58654.81833941249
8.0 4828.0 1048.0 4954.0 20680.19389111004
2.0 4354.0 1311.0 5864.0 25509.459624019237
2.0 4076.0 1427.0 6789.0 28187.66987736631
164.0 2246.0 2362.0 11300.0 46652.20909705601
842.0 5546.0 660.0 3322.0 13576.542824939255
11.0 4930.0 985.0 4801.0 19649.34410341302
24.0 1995.0 2509.0 11654.0 49141.28654513156
5.0 3604.0 1680.0 7756.0 33079.716328270224
20.0 3464.0 1773.0 7943.0 34340.166503813176
3.0 1758.0 2614.0 12360.0 51493.53996941328
1031.0 5716.0 584.0 2952.0 11874.69609209654
15.0 2003.0 2500.0 11690.0 49046.52085190106
1185.0 6095.0 395.0 1934.0 8007.773759194594
0.0 6765.0 60.0 294.0 1212.2702653129923
0.0 1336.0 2849.0 13191.0 55829.77608349659
0.0 647.0 3150.0 15153.0 62718.187836752244
11.0 4250.0 1326.0 6205.0 26463.634371185406
24.0 1412.0 2815.0 12971.0 54947.57505615101
7.0 3467.0 1768.0 7957.0 34312.61537578111
9.0 6768.0 66.0 243.0 1179.5928257318549
1254.0 6195.0 340.0 1686.0 6934.27479601998
4.0 6763.0 64.0 286.0 1207.8632094970046
16.0 6622.0 133.0 594.0 2714.471120210182
9.0 4592.0 1202.0 5312.0 22916.373894518
9.0 3749.0 1599.0 7382.0 31349.340942149236
14.0 4253.0 1324.0 6198.0 26423.963312466174
9.0 4247.0 1327.0 6219.0 26508.472180147
0.0 6770.0 60.0 290.0 1186.0845569658643
0.0 3835.0 1571.0 7268.0 30655.104799960875
14.0 1994.0 2509.0 11663.0 49137.574889285956
7.0 6768.0 67.0 246.0 1174.2651445858646
410.0 5111.0 896.0 4298.0 17882.568427785125
0.0 4752.0 1096.0 5107.0 21523.547408759623
5.0 2721.0 2120.0 10122.0 41889.77400919732
0.0 1754.0 2617.0 12369.0 51527.38090896889
410.0 5108.0 901.0 4284.0 17912.727079225788
1.0 4830.0 1048.0 4943.0 20661.873239883324
1042.0 5724.0 572.0 2987.0 11754.32389209819
6.0 1992.0 2510.0 11677.0 49159.211420220636
1261.0 6192.0 339.0 1702.0 6957.112359054657
1044.0 5726.0 570.0 2989.0 11729.368580318625
14.0 2733.0 2115.0 10071.0 41772.91008405926
407.0 5105.0 899.0 4305.0 17950.110350672247
6.0 4045.0 1445.0 6826.0 28634.92690249032
7.0 4936.0 985.0 4775.0 19610.360474524034
14.0 1411.0 2816.0 12978.0 54964.83491541455
1229.0 6185.0 344.0 1698.0 7031.127531240141
17.0 3740.0 1607.0 7381.0 31442.205278926096
0.0 6691.0 103.0 426.0 1944.8435285357884
415.0 5107.0 901.0 4283.0 17929.018477650738
0.0 6770.0 65.0 250.0 1193.8915947671246
9.0 1630.0 2689.0 12614.0 52815.299392782515
11.0 4587.0 1205.0 5337.0 22955.68787282936
6.0 6764.0 62.0 291.0 1214.6556269128
15.0 6623.0 133.0 593.0 2697.281524253008
1251.0 6195.0 338.0 1699.0 6930.891080670627
6.0 4946.0 977.0 4774.0 19507.856328726903
18.0 6768.0 62.0 273.0 1202.3246565913946
5.0 4944.0 976.0 4785.0 19538.75231510742
0.0 4354.0 1310.0 5868.0 25513.06086193715
11.0 4174.0 1396.0 6332.0 27174.268306113
0.0 6771.0 65.0 238.0 1154.2153201879853
2.0 1669.0 2659.0 12570.0 52430.10140524125
6.0 652.0 3164.0 15012.0 62611.95784194152
13.0 3738.0 1604.0 7405.0 31473.726755429976
0.0 4827.0 1051.0 4948.0 20691.790914362675
1040.0 5730.0 569.0 2974.0 11701.542203923414
6.0 4598.0 1200.0 5300.0 22843.23371584318
1252.0 6196.0 339.0 1686.0 6919.454954929622
410.0 5104.0 902.0 4296.0 17933.997971305114
0.0 6629.0 130.0 577.0 2639.6114408250914
0.0 6766.0 69.0 247.0 1211.4648750705844
412.0 5108.0 896.0 4308.0 17914.22201025579
5.0 4041.0 1446.0 6847.0 28676.945657798748
2.0 3473.0 1764.0 7954.0 34241.20772050944
413.0 5110.0 899.0 4282.0 17904.72340394871
3.0 4605.0 1195.0 5300.0 22766.266346698852
0.0 6766.0 62.0 281.0 1190.2318436685605
10.0 6768.0 62.0 279.0 1200.4440187633984
0.0 3789.0 1543.0 7638.0 31074.955362953566
1.0 2483.0 2237.0 10763.0 44286.820983394355
1.0 2438.0 2257.0 10921.0 44695.51961137809
2.0 4600.0 1199.0 5304.0 22823.213783411986
2.0 4607.0 1194.0 5295.0 22766.148142230228
4.0 4783.0 1086.0 5014.0 21131.8267568982
0.0 4658.0 1129.0 5419.0 22555.916464043465
413.0 5110.0 896.0 4307.0 17885.474083002988
0.0 1334.0 2850.0 13199.0 55843.03136038098
5.0 4043.0 1446.0 6835.0 28658.68369124243
1048.0 5727.0 573.0 2962.0 11754.522458913449
3.0 1994.0 2509.0 11687.0 49138.12223790776
12.0 3742.0 1602.0 7391.0 31428.180513225565
0.0 3749.0 1599.0 7391.0 31355.41220464241
7.0 4936.0 979.0 4800.0 19623.426126620125
0.0 6748.0 76.0 269.0 1429.8864210078239
0.0 828.0 3080.0 14587.0 60876.67970964302
0.0 4470.0 1249.0 5769.0 24279.834658476957
0.0 1990.0 2510.0 11709.0 49181.86307028459
3.0 648.0 3166.0 15034.0 62651.46650646214
1.0 4940.0 981.0 4781.0 19571.875145644877
0.0 6766.0 69.0 247.0 1211.4648750705844
4.0 1628.0 2689.0 12639.0 52841.44432187424
0.0 6654.0 116.0 552.0 2319.825506537778
0.0 4073.0 1428.0 6805.0 28220.34578661889
0.0 4356.0 1310.0 5861.0 25488.645223054165
0.0 6673.0 114.0 455.0 2155.0745770218737
0.0 646.0 3166.0 15041.0 62673.35265078905
0.0 6684.0 104.0 444.0 2038.8411069377362
0.0 1046.0 2958.0 14080.0 58709.31469366134
0.0 4425.0 1259.0 5870.0 24855.245428540784
0.0 644.0 3167.0 15097.0 62681.5942711201
0.0 644.0 3167.0 15097.0 62681.5942711201
