13.0 1741.0 2608.0 12360.0 51767.398840752925
13.0 5017.0 960.0 4511.0 18773.609041858632
499.0 5208.0 854.0 4098.0 16860.387547338338
1843.0 6222.0 343.0 1562.0 6643.9370741252615
29.0 5021.0 952.0 4522.0 18716.883987285742
1750.0 5542.0 676.0 3334.0 13619.85111082916
3.0 3929.0 1525.0 6886.0 29734.407068205823
10.0 4121.0 1420.0 6427.0 27920.012086928346
5.0 4484.0 1207.0 5836.0 23980.8028519311
1772.0 6219.0 344.0 1575.0 6674.5520485225525
6.0 4782.0 1061.0 5111.0 21189.62680075403
2004.0 5813.0 561.0 2541.0 10701.7078296325
16.0 6640.0 121.0 578.0 2486.098631336337
24.0 5020.0 955.0 4514.0 18711.068055491818
21.0 5017.0 962.0 4497.0 18764.845659251358
2003.0 5817.0 556.0 2544.0 10661.53186868165
35.0 5025.0 954.0 4488.0 18692.30855457114
12.0 3479.0 1734.0 8339.0 34183.21989858877
45.0 1772.0 2599.0 12216.0 51428.131418814664
28.0 5024.0 957.0 4493.0 18696.106718493073
15.0 5019.0 958.0 4513.0 18749.245442151205
85.0 6594.0 154.0 678.0 2935.7803351828725
1755.0 5546.0 677.0 3313.0 13567.526954752388
5.0 3485.0 1732.0 8329.0 34114.09815030726
1749.0 5545.0 675.0 3333.0 13573.964275840224
1854.0 6213.0 348.0 1577.0 6734.570721811865
107.0 3458.0 1746.0 8313.0 34521.695946497406
1890.0 5998.0 474.0 1998.0 8931.60314528536
489.0 5205.0 857.0 4092.0 16929.714034681034
7.0 4774.0 1066.0 5122.0 21276.75029515371
628.0 5152.0 885.0 4223.0 17481.81688114816
1896.0 5995.0 476.0 2013.0 8945.59607479392
1997.0 5820.0 556.0 2529.0 10632.716467997645
356.0 6535.0 181.0 832.0 3514.8182055368547
1898.0 5997.0 475.0 2001.0 8934.932378665755
631.0 5154.0 886.0 4223.0 17465.60979376469
4.0 1178.0 2893.0 13811.0 57386.501183702174
4.0 4195.0 1403.0 6297.0 27038.436918740113
220.0 5054.0 942.0 4423.0 18390.82257221425
489.0 5203.0 855.0 4114.0 16935.9518166632
3.0 4391.0 1273.0 5893.0 25111.146704538627
376.0 6526.0 184.0 869.0 3612.847500088523
755.0 2979.0 1978.0 9517.0 39336.5182079022
31.0 5025.0 955.0 4489.0 18673.013062525843
808.0 3241.0 1837.0 8667.0 36570.2089916811
2.0 2538.0 2206.0 10635.0 43672.61379776664
715.0 6508.0 203.0 829.0 3733.4369136448577
0.0 628.0 3165.0 15130.0 62861.76286847875
1846.0 6218.0 347.0 1567.0 6674.679303257254
6.0 4579.0 1185.0 5443.0 23185.162860919947
10.0 5025.0 954.0 4491.0 18674.15794541987
22.0 4377.0 1283.0 5908.0 25244.651702514537
0.0 3950.0 1476.0 7037.0 29526.31736673992
11.0 3484.0 1731.0 8324.0 34126.363211129945
501.0 5204.0 856.0 4093.0 16926.562726559383
1753.0 5538.0 675.0 3356.0 13651.775585898551
5.0 2168.0 2403.0 11428.0 47359.91408063175
44.0 5022.0 961.0 4474.0 18694.463315281566
1998.0 5817.0 559.0 2539.0 10662.543537794858
45.0 2664.0 2146.0 10273.0 42538.52389780177
479.0 5208.0 854.0 4094.0 16879.21468985242
4.0 2631.0 2163.0 10357.0 42888.50835578769
17.0 6638.0 128.0 555.0 2519.3960863553457
12.0 1868.0 2526.0 12336.0 50492.32703866148
1.0 3930.0 1524.0 6872.0 29726.45937790378
4.0 1605.0 2675.0 12883.0 53201.66141640848
2.0 4393.0 1274.0 5890.0 25078.61067706937
1760.0 5539.0 680.0 3332.0 13621.181930901063
65.0 2659.0 2147.0 10277.0 42616.16865190855
813.0 2934.0 2045.0 9352.0 39712.686299996
141.0 1324.0 2823.0 13352.0 55888.31973014151
1989.0 5819.0 556.0 2548.0 10651.632209153082
25.0 5024.0 958.0 4489.0 18698.47278744091
1830.0 6226.0 344.0 1534.0 6602.844469307056
3.0 4573.0 1189.0 5446.0 23218.55228214396
8.0 5019.0 956.0 4516.0 18724.54275460812
0.0 837.0 3070.0 14600.0 60733.61367926444
4.0 2171.0 2404.0 11396.0 47329.03872020325
10.0 1199.0 2886.0 13741.0 57167.9375042393
8.0 2642.0 2158.0 10333.0 42788.69169984274
49.0 2663.0 2148.0 10271.0 42556.7032439675
3.0 4391.0 1274.0 5891.0 25106.925120098673
1885.0 6002.0 472.0 1991.0 8880.575001283114
23.0 3563.0 1712.0 7795.0 33320.843055899415
741.0 2978.0 1980.0 9519.0 39348.258127132925
13.0 2642.0 2159.0 10317.0 42783.99863997735
1995.0 5821.0 556.0 2527.0 10625.347562771409
0.0 837.0 3070.0 14600.0 60733.61367926444
790.0 3086.0 1952.0 8983.0 38238.38026320428
112.0 5057.0 940.0 4419.0 18361.619657073945
0.0 3516.0 1705.0 8251.0 33955.915840487265
1.0 3484.0 1733.0 8318.0 34124.65022147131
7.0 2637.0 2161.0 10332.0 42819.20014376269
1773.0 5554.0 666.0 3306.0 13481.28874616089
10.0 3596.0 1660.0 7851.0 33083.84153375487
7.0 4780.0 1064.0 5102.0 21213.85935776844
343.0 6538.0 180.0 831.0 3484.4019810072714
0.0 3793.0 1551.0 7536.0 30842.53000838084
46.0 2662.0 2148.0 10284.0 42562.586491766335
3.0 2360.0 2284.0 11083.0 45625.03113751562
21.0 6607.0 148.0 645.0 2811.404548680376
1832.0 6224.0 343.0 1545.0 6617.042940280147
5.0 3742.0 1582.0 7528.0 31550.479651345144
4.0 4192.0 1405.0 6304.0 27077.036414281123
42.0 2661.0 2151.0 10266.0 42569.83442366022
54.0 1769.0 2600.0 12202.0 51449.69358440576
0.0 625.0 3166.0 15145.0 62892.94934537726
1834.0 6225.0 344.0 1541.0 6607.579830811878
3.0 4780.0 1061.0 5118.0 21221.999580656604
23.0 5020.0 956.0 4509.0 18721.193643041017
9.0 4119.0 1422.0 6431.0 27935.82713821011
4.0 1051.0 2946.0 14112.0 58677.630234000455
612.0 5150.0 888.0 4235.0 17498.26728627692
69.0 2663.0 2144.0 10279.0 42559.49281539742
7.0 2640.0 2160.0 10333.0 42806.77187656733
4.0 5023.0 955.0 4501.0 18688.401905379582
17.0 5018.0 957.0 4524.0 18744.38624017009
2004.0 5826.0 554.0 2515.0 10578.71249725529
1415.0 5713.0 590.0 2886.0 11748.967233685797
336.0 6541.0 178.0 828.0 3449.129333682767
625.0 5154.0 884.0 4229.0 17457.16815604821
333.0 6540.0 182.0 820.0 3485.38763481728
10.0 4117.0 1418.0 6460.0 27948.209421226537
22.0 5015.0 962.0 4504.0 18766.732264686576
0.0 6701.0 102.0 375.0 1888.5564044831683
21.0 6768.0 67.0 240.0 1195.393618941504
17.0 5026.0 956.0 4483.0 18673.16929161053
625.0 5154.0 886.0 4218.0 17470.149118006808
9.0 3480.0 1734.0 8331.0 34165.89062071654
36.0 5022.0 960.0 4481.0 18702.04051780486
457.0 5211.0 854.0 4078.0 16835.83725768732
36.0 6597.0 151.0 687.0 2926.841771458411
628.0 5154.0 883.0 4240.0 17466.760445056407
19.0 5022.0 957.0 4488.0 18719.620058053835
494.0 6529.0 182.0 837.0 3583.8149749027207
5.0 5021.0 957.0 4511.0 18722.52555433563
2.0 2361.0 2284.0 11075.0 45620.8774972928
14.0 5016.0 960.0 4522.0 18763.57509077578
3.0 2167.0 2403.0 11430.0 47367.85328690957
14.0 5019.0 959.0 4503.0 18737.565101617325
28.0 6601.0 149.0 672.0 2848.736216061657
3.0 4123.0 1417.0 6443.0 27904.203911893466
0.0 6738.0 76.0 324.0 1540.5059389569662
6.0 1194.0 2887.0 13761.0 57218.32536748881
220.0 6560.0 172.0 738.0 3272.4685482405066
0.0 3484.0 1734.0 8315.0 34122.813334204366
3.0 2177.0 2400.0 11391.0 47270.1610263929
46.0 6598.0 151.0 675.0 2895.023963476269
7.0 4390.0 1274.0 5905.0 25116.22347752705
9.0 3932.0 1524.0 6858.0 29701.252803763382
21.0 5026.0 954.0 4505.0 18659.0109547568
1.0 6775.0 63.0 234.0 1122.7710076470623
179.0 6570.0 164.0 744.0 3135.3576827212137
6.0 4783.0 1063.0 5092.0 21186.44601977102
5.0 4117.0 1419.0 6459.0 27948.793435428648
17.0 5017.0 959.0 4515.0 18756.317101900957
11.0 6758.0 67.0 271.0 1302.2317369095072
0.0 2558.0 2201.0 10563.0 43540.681438856765
2.0 999.0 2975.0 14219.0 59187.60196707954
4.0 4627.0 1133.0 5586.0 22673.51370511888
1767.0 5552.0 669.0 3314.0 13490.210952051637
6.0 6773.0 63.0 246.0 1145.3988793437893
16.0 6773.0 62.0 255.0 1136.2117381433193
1744.0 5548.0 674.0 3318.0 13543.548201532152
23.0 1756.0 2605.0 12274.0 51587.29358898316
7.0 4541.0 1216.0 5482.0 23532.96790587404
0.0 6701.0 102.0 375.0 1888.5564044831683
622.0 5153.0 885.0 4235.0 17479.612629912255
17.0 6641.0 128.0 531.0 2485.464956218036
5.0 4388.0 1277.0 5895.0 25132.841056303158
1759.0 5552.0 669.0 3318.0 13502.148431017606
1829.0 6228.0 343.0 1536.0 6572.57459014391
7.0 3739.0 1585.0 7521.0 31576.647607177565
12.0 3594.0 1659.0 7852.0 33112.96202894268
1768.0 5554.0 667.0 3305.0 13479.802441095371
0.0 3793.0 1551.0 7536.0 30842.53000838084
3.0 1187.0 2890.0 13778.0 57292.015768485246
1746.0 5545.0 673.0 3334.0 13584.66390138138
210.0 6563.0 169.0 738.0 3238.8826807709625
19.0 1751.0 2605.0 12298.0 51644.167882499176
16.0 5020.0 957.0 4507.0 18718.51946635559
125.0 1304.0 2838.0 13389.0 56064.37893622625
1.0 3624.0 1697.0 7578.0 32721.259632954017
1766.0 5556.0 668.0 3296.0 13485.526608464648
7.0 2535.0 2205.0 10650.0 43706.54779662331
37.0 2660.0 2150.0 10277.0 42584.500037556114
3.0 2175.0 2401.0 11395.0 47292.92935743574
7.0 1742.0 2609.0 12347.0 51774.68677480447
2.0 3622.0 1697.0 7584.0 32740.251476706424
1989.0 5827.0 553.0 2511.0 10569.687646967985
901.0 3076.0 1938.0 9048.0 38156.057007796895
0.0 4393.0 1274.0 5885.0 25085.098048818407
15.0 6605.0 147.0 658.0 2835.50764938129
3.0 2595.0 2199.0 10388.0 43118.41646771986
5.0 4124.0 1418.0 6429.0 27888.467667480978
899.0 3077.0 1939.0 9039.0 38143.20525520217
4.0 4783.0 1062.0 5102.0 21190.71031520458
0.0 6673.0 105.0 498.0 2169.7953533678715
35.0 2659.0 2150.0 10278.0 42593.61059673067
622.0 5155.0 884.0 4226.0 17452.750190046456
4.0 4777.0 1064.0 5121.0 21249.638823372443
7.0 1865.0 2527.0 12342.0 50513.52022139443
2.0 1183.0 2891.0 13802.0 57313.480460459505
8.0 5020.0 958.0 4506.0 18724.37554084093
1823.0 6229.0 342.0 1533.0 6568.869527157438
9.0 6770.0 62.0 257.0 1180.6057924206686
7.0 3738.0 1586.0 7521.0 31588.7795675575
189.0 6569.0 169.0 704.0 3168.883980043166
7.0 3666.0 1672.0 7475.0 32328.043307429853
0.0 4123.0 1418.0 6437.0 27899.1457667328
18.0 6605.0 148.0 664.0 2835.386036784677
1766.0 5555.0 668.0 3299.0 13468.286031882963
2.0 4194.0 1402.0 6313.0 27054.351301148894
0.0 5026.0 954.0 4493.0 18661.714854461352
0.0 6673.0 105.0 498.0 2169.7953533678715
1.0 6764.0 66.0 265.0 1211.7796657950892
10.0 6772.0 65.0 236.0 1144.7575566031214
0.0 997.0 2978.0 14211.0 59211.0089106569
6.0 4573.0 1190.0 5437.0 23239.148613694586
1762.0 5557.0 667.0 3296.0 13460.072916268957
0.0 6611.0 146.0 642.0 2766.41086663004
6.0 6760.0 66.0 265.0 1285.8694757985143
53.0 6615.0 139.0 602.0 2726.815208819833
3.0 4780.0 1062.0 5115.0 21221.55107474171
3.0 2172.0 2403.0 11400.0 47327.10985675225
7.0 4776.0 1064.0 5112.0 21275.31526591509
24.0 3586.0 1657.0 7907.0 33195.02377720806
11.0 2639.0 2161.0 10323.0 42807.21296676394
2.0 3929.0 1527.0 6863.0 29737.554793223386
6.0 4483.0 1208.0 5828.0 23984.023012962978
7.0 3668.0 1670.0 7475.0 32307.502450270982
9.0 6770.0 62.0 255.0 1183.8788999756162
5.0 3927.0 1527.0 6873.0 29744.693406953505
1.0 4572.0 1190.0 5445.0 23251.72469002927
2.0 6774.0 60.0 249.0 1138.371370297485
0.0 4784.0 1060.0 5111.0 21183.260220013377
0.0 6769.0 62.0 270.0 1182.3303719488833
0.0 6774.0 63.0 262.0 1151.7910499695865
1.0 4698.0 1136.0 5197.0 22052.86000274834
0.0 3931.0 1524.0 6871.0 29713.17740644557
0.0 6767.0 64.0 261.0 1175.5095128830458
0.0 6737.0 74.0 352.0 1481.3888412890035
2.0 4482.0 1208.0 5836.0 23997.48050164311
2.0 1575.0 2689.0 12990.0 53516.24254752922
0.0 837.0 3070.0 14600.0 60733.61367926444
0.0 6768.0 67.0 241.0 1198.2694310581664
0.0 1603.0 2678.0 12889.0 53215.069499522375
0.0 3742.0 1584.0 7526.0 31553.74506870556
0.0 4700.0 1135.0 5197.0 22028.872981773427
2.0 2595.0 2199.0 10395.0 43117.1957237318
0.0 3522.0 1711.0 8168.0 33878.52429731448
2.0 627.0 3164.0 15145.0 62867.02502709905
0.0 1047.0 2946.0 14139.0 58720.83892200717
5.0 4543.0 1214.0 5482.0 23510.152593446008
20.0 1753.0 2607.0 12280.0 51623.313148592664
0.0 4486.0 1206.0 5829.0 23963.774263283954
2.0 1861.0 2531.0 12342.0 50561.3877468694
0.0 632.0 3168.0 15101.0 62845.814813658486
0.0 3793.0 1551.0 7536.0 30842.53000838084
13.0 6773.0 64.0 243.0 1133.6569166515253
6.0 2638.0 2159.0 10342.0 42818.08081575955
0.0 2448.0 2249.0 10864.0 44752.9214441691
0.0 4576.0 1188.0 5442.0 23200.92541654724
0.0 6758.0 70.0 271.0 1291.7549378387243
0.0 2360.0 2284.0 11085.0 45632.0458592369
0.0 6776.0 62.0 234.0 1109.4141436417733
0.0 624.0 3166.0 15154.0 62906.738613151596
0.0 635.0 3166.0 15092.0 62821.3403622228
3.0 2635.0 2162.0 10344.0 42851.75272703603
22.0 6770.0 63.0 249.0 1176.43124187492
4.0 6645.0 121.0 556.0 2443.8925943692925
1.0 2168.0 2403.0 11425.0 47365.34400264502
0.0 2538.0 2206.0 10635.0 43677.44923498828
0.0 2361.0 2284.0 11082.0 45615.0661247344
8.0 3594.0 1660.0 7853.0 33101.7131405082
0.0 6764.0 64.0 260.0 1239.565768376303
0.0 2169.0 2403.0 11425.0 47354.68836122972
0.0 6648.0 124.0 523.0 2423.234590085657
8.0 6771.0 64.0 248.0 1179.8728696727612
0.0 630.0 3158.0 15226.0 62850.9512552334
0.0 6647.0 121.0 544.0 2430.8523068207946
0.0 6694.0 100.0 434.0 1927.5000844118517
0.0 4049.0 1438.0 6837.0 28521.527317268385
0.0 1603.0 2678.0 12889.0 53215.069499522375
0.0 1179.0 2894.0 13805.0 57369.3581056892
0.0 6774.0 66.0 249.0 1122.238867953169
8.0 6771.0 64.0 248.0 1179.8728696727612
0.0 6774.0 63.0 262.0 1151.7910499695865
0.0 630.0 3158.0 15226.0 62850.9512552334
0.0 744.0 3112.0 14854.0 61697.0096440831
0.0 6776.0 61.0 254.0 1113.6779439993988
0.0 632.0 3168.0 15101.0 62845.814813658486
0.0 6775.0 60.0 248.0 1132.4345680493525
0.0 1738.0 2610.0 12367.0 51819.98282248927
0.0 4193.0 1403.0 6313.0 27070.141685992396
0.0 644.0 3163.0 15121.0 62676.908919684276
0.0 644.0 3163.0 15121.0 62676.908919684276
