485.0 6513.0 177.0 923.0 3759.07595214133
1939.0 6261.0 329.0 1434.0 6256.082118240447
592.0 6498.0 196.0 921.0 3952.540411188343
2323.0 6175.0 349.0 1715.0 7174.8605424138705
185.0 2269.0 2365.0 11076.0 46379.31113459549
1849.0 5911.0 474.0 2448.0 9793.468221925434
1846.0 5619.0 639.0 3066.0 12748.587894752827
18.0 3446.0 1748.0 8223.0 34575.87602232216
5.0 620.0 3167.0 15238.0 62947.94108426328
19.0 3445.0 1750.0 8215.0 34582.87626562131
198.0 2148.0 2449.0 11222.0 47595.12976658642
1831.0 5916.0 472.0 2448.0 9735.536784881531
1845.0 5915.0 472.0 2445.0 9736.749846468296
27.0 1132.0 2925.0 13798.0 57844.89654127341
12.0 3700.0 1616.0 7557.0 31950.893184251556
22.0 1123.0 2931.0 13806.0 57937.07087337069
269.0 6559.0 166.0 731.0 3270.9336258433773
16.0 6763.0 61.0 294.0 1267.3755112693136
1841.0 5915.0 474.0 2432.0 9741.8230648785
31.0 789.0 3086.0 14745.0 61332.85743590231
8.0 2520.0 2221.0 10659.0 43864.2751080642
9.0 626.0 3165.0 15203.0 62889.18220925216
954.0 5174.0 867.0 4145.0 17248.867898823573
0.0 2433.0 2276.0 10770.0 44807.04804940752
9.0 3449.0 1750.0 8190.0 34539.99000441258
14.0 1108.0 2936.0 13850.0 58084.17749202502
1080.0 5394.0 769.0 3555.0 15055.7745135192
505.0 3214.0 1885.0 8821.0 36843.77341494612
0.0 2496.0 2231.0 10727.0 44156.10188163859
667.0 6494.0 196.0 932.0 3992.695895802897
30.0 3449.0 1749.0 8193.0 34532.704722315524
64.0 1972.0 2482.0 11866.0 49345.201122512095
3.0 4359.0 1279.0 6087.0 25304.020431242996
27.0 6762.0 67.0 262.0 1254.5746073787086
20.0 4140.0 1425.0 6361.0 27258.135246518177
13.0 6768.0 66.0 258.0 1193.5833384537925
144.0 4318.0 1307.0 5981.0 25656.21461483286
2.0 2496.0 2245.0 10602.0 44241.960129969026
56.0 1971.0 2483.0 11876.0 49341.78941722377
1085.0 5397.0 764.0 3556.0 15006.836688344833
1.0 1104.0 2937.0 13885.0 58119.455800163516
82.0 1985.0 2479.0 11819.0 49215.96427952632
8.0 2521.0 2224.0 10635.0 43859.64675867871
2004.0 5850.0 531.0 2419.0 10420.29553897055
599.0 6495.0 195.0 939.0 3987.646229488821
2040.0 6271.0 326.0 1398.0 6161.035523408683
1691.0 5797.0 559.0 2558.0 10915.189141791521
0.0 6697.0 98.0 442.0 1878.9598564294092
1673.0 5791.0 561.0 2569.0 10986.764482409528
1079.0 5399.0 765.0 3559.0 14996.47190904995
1740.0 6299.0 309.0 1350.0 5878.6483559938115
24.0 1123.0 2930.0 13810.0 57945.775810662424
1082.0 5392.0 767.0 3563.0 15068.862107186433
1672.0 5790.0 563.0 2557.0 10984.97473301575
522.0 6504.0 183.0 925.0 3860.15688805084
4.0 2526.0 2220.0 10610.0 43813.22168438562
5.0 4463.0 1236.0 5830.0 24217.374725007092
4.0 4230.0 1352.0 6224.0 26550.063787679028
2322.0 6181.0 347.0 1692.0 7110.338659065208
1879.0 6305.0 303.0 1350.0 5830.022113311281
1860.0 5608.0 645.0 3079.0 12860.181991304293
4.0 2531.0 2216.0 10597.0 43774.09293004362
21.0 1514.0 2756.0 12793.0 53973.74123643752
2980.0 6047.0 416.0 2079.0 8421.502192697664
1081.0 5399.0 765.0 3559.0 14990.410655173198
2.0 1735.0 2625.0 12415.0 51785.68502877064
27.0 6766.0 69.0 254.0 1205.5220117999631
50.0 2971.0 2023.0 9297.0 39310.66754563502
1822.0 5619.0 637.0 3077.0 12759.102198948385
2335.0 6177.0 349.0 1702.0 7159.931557018327
8.0 618.0 3169.0 15230.0 62971.440411117044
20.0 3447.0 1750.0 8199.0 34556.236410027974
1918.0 6300.0 303.0 1361.0 5884.703634866221
10.0 1115.0 2931.0 13850.0 58016.436007130724
7.0 3705.0 1616.0 7546.0 31873.154539088275
1663.0 5791.0 564.0 2568.0 10947.492618388314
16.0 779.0 3089.0 14782.0 61416.567254851856
8.0 6765.0 63.0 283.0 1208.874960158943
1871.0 5613.0 642.0 3067.0 12805.972343787726
17.0 6765.0 61.0 290.0 1213.2282587299724
16.0 6760.0 65.0 287.0 1262.4607254113957
21.0 3443.0 1751.0 8218.0 34604.83038349158
2321.0 6180.0 350.0 1684.0 7120.403821011396
541.0 6504.0 179.0 954.0 3872.923461118386
1664.0 5788.0 567.0 2558.0 10980.911920769697
1078.0 5400.0 764.0 3553.0 14981.523810818206
251.0 6566.0 162.0 719.0 3202.3883212005517
1837.0 5918.0 471.0 2442.0 9713.938873781746
11.0 3701.0 1617.0 7538.0 31943.633687617654
0.0 6771.0 65.0 247.0 1146.933625471875
781.0 4837.0 1055.0 4926.0 20689.542955874913
241.0 6567.0 162.0 715.0 3184.3060016359973
2031.0 6274.0 324.0 1389.0 6127.850093802873
183.0 2267.0 2365.0 11086.0 46399.5031588239
1086.0 5389.0 766.0 3582.0 15100.146862694486
0.0 2524.0 2220.0 10617.0 43848.35118616813
0.0 4467.0 1231.0 5832.0 24191.798963569938
368.0 4673.0 1140.0 5266.0 22259.161036995283
1823.0 5919.0 470.0 2443.0 9705.16068224814
30.0 4595.0 1181.0 5420.0 23020.116635115843
0.0 6762.0 73.0 250.0 1260.7890674761934
1080.0 5395.0 766.0 3562.0 15035.019185298148
11.0 4587.0 1179.0 5465.0 23087.97330546485
17.0 3445.0 1749.0 8219.0 34584.133987895395
1637.0 5797.0 560.0 2549.0 10913.746869496044
9.0 4586.0 1179.0 5461.0 23088.572580321557
376.0 4671.0 1141.0 5262.0 22285.47895728747
231.0 6573.0 159.0 692.0 3158.0278855764245
2306.0 6183.0 347.0 1684.0 7100.962421866041
961.0 5192.0 867.0 4063.0 17042.825914206063
8.0 2522.0 2223.0 10635.0 43841.98480759805
7.0 2519.0 2222.0 10659.0 43881.28904311421
1649.0 5796.0 561.0 2552.0 10903.806334723897
20.0 4146.0 1423.0 6331.0 27190.627221157523
793.0 4839.0 1057.0 4900.0 20666.163698027693
10.0 3913.0 1535.0 6899.0 29979.42502312656
1084.0 5387.0 769.0 3578.0 15115.650086597148
1079.0 5389.0 769.0 3580.0 15082.317934482251
5.0 1102.0 2939.0 13875.0 58147.84834367525
1937.0 6295.0 312.0 1334.0 5939.002094261985
595.0 6500.0 190.0 915.0 3921.7867875697825
1829.0 5916.0 472.0 2451.0 9740.656097758807
1669.0 5793.0 562.0 2556.0 10957.169418164161
504.0 6509.0 179.0 926.0 3807.522666098314
947.0 5176.0 866.0 4148.0 17233.629142953712
1858.0 5616.0 640.0 3072.0 12779.989230003788
0.0 2495.0 2244.0 10606.0 44254.267648974426
18.0 1512.0 2756.0 12797.0 53990.526584342624
310.0 3115.0 1929.0 9052.0 37869.42786737301
10.0 3520.0 1728.0 8032.0 33859.663678149365
793.0 4840.0 1055.0 4910.0 20640.3803720325
1835.0 5920.0 471.0 2431.0 9694.010450290974
3.0 4586.0 1180.0 5478.0 23089.932020069355
3.0 6641.0 124.0 573.0 2468.54978241019
1827.0 5918.0 471.0 2441.0 9715.30996865869
952.0 5183.0 865.0 4128.0 17159.055348857175
1079.0 5396.0 767.0 3555.0 15020.97540587205
0.0 3942.0 1507.0 6898.0 29813.581819678126
1071.0 5398.0 762.0 3576.0 15016.373433231538
488.0 3204.0 1890.0 8842.0 36971.179913526525
1070.0 5392.0 767.0 3575.0 15056.526037496844
951.0 5184.0 864.0 4134.0 17155.67813024248
1078.0 5395.0 765.0 3570.0 15030.361582003508
148.0 6596.0 153.0 616.0 2907.5024633882254
37.0 6630.0 133.0 568.0 2567.012611896097
19.0 6770.0 56.0 284.0 1183.8214152534667
780.0 4832.0 1051.0 4963.0 20764.439585782373
952.0 5204.0 854.0 4084.0 16927.823927197456
1625.0 5802.0 558.0 2530.0 10859.502356779161
3.0 3700.0 1616.0 7576.0 31927.604600691837
6.0 619.0 3167.0 15240.0 62965.27645729168
0.0 3445.0 1752.0 8204.0 34585.27152727513
6.0 3701.0 1616.0 7560.0 31939.868840328843
223.0 6573.0 160.0 696.0 3137.2858698584705
952.0 5183.0 866.0 4125.0 17156.790425685802
459.0 6515.0 178.0 919.0 3767.0875529940345
12.0 4144.0 1424.0 6344.0 27219.718977555785
11.0 2943.0 2030.0 9436.0 39577.95774548964
1077.0 5397.0 765.0 3561.0 15003.19242067072
14.0 3616.0 1716.0 7593.0 32736.610787913996
317.0 3119.0 1927.0 9041.0 37835.85722504159
1085.0 5393.0 766.0 3565.0 15062.598461063848
0.0 6643.0 123.0 563.0 2449.107464071988
945.0 5205.0 852.0 4106.0 16933.856251536017
783.0 4836.0 1055.0 4926.0 20695.46719923821
15.0 776.0 3091.0 14792.0 61455.539865881474
0.0 4362.0 1277.0 6084.0 25276.622669223194
380.0 4671.0 1139.0 5275.0 22258.262209935983
2.0 3977.0 1473.0 6961.0 29114.83265891844
0.0 2518.0 2223.0 10662.0 43894.88021016063
807.0 4837.0 1060.0 4879.0 20649.931841890506
789.0 4840.0 1056.0 4907.0 20644.177157755305
7.0 3977.0 1471.0 6964.0 29125.484337394184
20.0 4563.0 1189.0 5505.0 23302.29207476953
1843.0 5622.0 636.0 3068.0 12724.58428698502
474.0 6515.0 177.0 908.0 3740.382625268784
782.0 4836.0 1049.0 4955.0 20725.547184384614
950.0 5186.0 863.0 4125.0 17129.14198558813
3.0 1737.0 2625.0 12400.0 51762.08559118545
12.0 1510.0 2756.0 12813.0 54004.16982950523
4.0 4580.0 1182.0 5483.0 23156.44971796697
1076.0 5400.0 763.0 3554.0 14984.863911913082
0.0 6769.0 60.0 280.0 1161.9398871245296
371.0 4669.0 1142.0 5271.0 22292.908431237804
306.0 3113.0 1934.0 9039.0 37897.80864505787
0.0 4467.0 1231.0 5832.0 24191.798963569938
0.0 3702.0 1615.0 7568.0 31911.677878980718
1835.0 5920.0 471.0 2431.0 9694.010450290974
46.0 2980.0 2017.0 9313.0 39214.63629087094
54.0 1968.0 2484.0 11885.0 49380.825691923266
1812.0 5923.0 468.0 2431.0 9661.656297366917
0.0 6730.0 78.0 357.0 1594.4514156748346
955.0 5204.0 857.0 4068.0 16935.262975875663
305.0 3113.0 1932.0 9044.0 37893.31630447949
187.0 2148.0 2447.0 11228.0 47583.10336251425
11.0 2941.0 2032.0 9437.0 39597.4286044262
41.0 2968.0 2022.0 9318.0 39332.1594563323
8.0 1507.0 2757.0 12832.0 54041.881287480755
330.0 3121.0 1921.0 9062.0 37811.52240988878
4.0 4420.0 1254.0 5950.0 24643.39692372058
950.0 5206.0 853.0 4081.0 16913.73336341515
13.0 2215.0 2391.0 11306.0 47062.89120689708
785.0 4838.0 1047.0 4963.0 20707.578928749797
1912.0 6306.0 306.0 1317.0 5821.862793252274
0.0 6769.0 59.0 273.0 1206.7107596066853
0.0 761.0 3097.0 14843.0 61603.73851309624
947.0 5205.0 852.0 4100.0 16935.758042849502
4.0 621.0 3167.0 15227.0 62950.00736388538
1.0 4232.0 1353.0 6212.0 26531.157960854605
5.0 3980.0 1470.0 6950.0 29092.58626551504
949.0 5199.0 858.0 4087.0 17000.264995179674
0.0 4420.0 1256.0 5949.0 24636.738590621648
0.0 1496.0 2765.0 12863.0 54157.64948042139
41.0 6627.0 130.0 588.0 2608.4549235628306
3.0 621.0 3167.0 15230.0 62952.548974614125
38.0 2965.0 2024.0 9325.0 39361.910871256005
0.0 4587.0 1179.0 5474.0 23088.817405700964
25.0 4591.0 1181.0 5439.0 23061.3913656789
13.0 4571.0 1186.0 5499.0 23226.405405457437
0.0 6767.0 62.0 275.0 1194.2560711928656
0.0 6706.0 98.0 370.0 1887.4422786914445
140.0 6600.0 148.0 623.0 2870.545795770889
10.0 1939.0 2503.0 11944.0 49726.469166107905
2.0 4584.0 1180.0 5477.0 23110.43544972643
0.0 3979.0 1472.0 6955.0 29093.274368817853
2960.0 6050.0 414.0 2077.0 8389.58566869714
5.0 2957.0 2021.0 9418.0 39430.679155141785
18.0 6761.0 67.0 256.0 1260.588991476475
947.0 5206.0 854.0 4077.0 16917.954031057743
7.0 3911.0 1535.0 6914.0 29990.31596915372
19.0 4592.0 1178.0 5449.0 23033.803596209404
34.0 6629.0 129.0 585.0 2588.865703852084
24.0 2965.0 2024.0 9339.0 39382.43888841113
1.0 1102.0 2938.0 13885.0 58145.86695456592
8.0 2217.0 2390.0 11310.0 47025.52565249546
20.0 4582.0 1188.0 5442.0 23140.36100865473
0.0 1854.0 2543.0 12174.0 50612.03663233874
0.0 1736.0 2625.0 12406.0 51771.956483274356
1.0 2951.0 2024.0 9441.0 39515.50168539932
10.0 4138.0 1434.0 6344.0 27284.36947652083
0.0 1100.0 2940.0 13886.0 58173.66470426177
3.0 4585.0 1181.0 5474.0 23112.166018688076
6.0 2943.0 2030.0 9436.0 39583.83683448329
3.0 3794.0 1571.0 7386.0 31051.160731031072
4.0 619.0 3166.0 15240.0 62967.486524003994
1.0 1493.0 2768.0 12866.0 54172.26264766304
0.0 6771.0 64.0 254.0 1167.422522555419
2.0 1856.0 2542.0 12163.0 50596.64165769657
0.0 3581.0 1689.0 7924.0 33148.02714877453
2.0 4583.0 1182.0 5474.0 23127.541791680218
7.0 1936.0 2505.0 11946.0 49762.05802416028
9.0 6770.0 58.0 276.0 1166.8045788395882
177.0 2266.0 2365.0 11094.0 46416.17373274484
12.0 6763.0 66.0 257.0 1243.7899226859663
4.0 622.0 3167.0 15214.0 62933.79098073683
23.0 4590.0 1178.0 5459.0 23045.151536069105
7.0 2954.0 2024.0 9410.0 39480.9591586448
0.0 6738.0 76.0 327.0 1537.577554379615
785.0 4838.0 1055.0 4924.0 20671.448589202675
19.0 6636.0 127.0 568.0 2516.9243999998343
14.0 6767.0 60.0 277.0 1187.5138662893364
8.0 4145.0 1424.0 6344.0 27210.627806369346
0.0 4587.0 1179.0 5474.0 23088.817405700964
4.0 3911.0 1533.0 6932.0 29990.927267190742
1.0 2949.0 2027.0 9433.0 39535.31738771539
5.0 4234.0 1353.0 6197.0 26505.92375508772
16.0 4231.0 1354.0 6183.0 26527.77968473907
0.0 3911.0 1534.0 6932.0 29990.391899186976
0.0 6773.0 58.0 267.0 1143.9076967097294
0.0 4234.0 1352.0 6206.0 26506.264454143962
0.0 6772.0 68.0 254.0 1139.334792371528
5.0 1932.0 2505.0 11971.0 49791.4968920538
3.0 4149.0 1425.0 6333.0 27166.223637904055
0.0 1492.0 2768.0 12872.0 54186.19842355813
0.0 6771.0 64.0 254.0 1167.422522555419
0.0 6770.0 62.0 276.0 1162.4448470699865
0.0 6690.0 106.0 433.0 1979.9306683454843
6.0 3621.0 1711.0 7600.0 32695.205281300714
0.0 6767.0 63.0 255.0 1204.6799638918421
10.0 4234.0 1354.0 6183.0 26500.122713739413
0.0 6643.0 123.0 563.0 2449.107464071988
0.0 682.0 3136.0 15039.0 62378.769442307894
0.0 6757.0 72.0 260.0 1303.820015589204
9.0 6767.0 59.0 280.0 1189.9372883239703
8.0 6768.0 60.0 277.0 1184.7969834016742
0.0 6771.0 64.0 254.0 1167.422522555419
0.0 6771.0 58.0 269.0 1154.9349094512206
0.0 615.0 3169.0 15247.0 63007.535490040435
0.0 6643.0 123.0 563.0 2449.107464071988
0.0 4234.0 1352.0 6204.0 26511.84952314801
0.0 6770.0 64.0 260.0 1169.6846012382653
0.0 1854.0 2543.0 12174.0 50612.03663233874
2.0 643.0 3168.0 15091.0 62685.87456045286
0.0 3643.0 1666.0 7687.0 32528.05064134482
0.0 3793.0 1571.0 7389.0 31069.30381724992
0.0 638.0 3168.0 15123.0 62732.17163636542
0.0 638.0 3168.0 15123.0 62732.17163636542
