1215.0 5336.0 802.0 3646.0 15670.837014119847
8.0 4754.0 1091.0 5080.0 21321.236034602563
1517.0 5616.0 651.0 3041.0 12780.495150842717
1010.0 5801.0 554.0 2632.0 11082.276129373682
7.0 4906.0 983.0 4925.0 19885.59122407305
517.0 6514.0 175.0 953.0 3734.4161187348523
179.0 2880.0 2050.0 9692.0 40281.90190250531
565.0 5143.0 869.0 4267.0 17438.74139932306
538.0 2996.0 1998.0 9306.0 39163.460246964234
47.0 6604.0 143.0 631.0 2890.4490446334557
0.0 649.0 3162.0 15089.0 62621.23204723308
3.0 4239.0 1376.0 6153.0 26720.757622228848
18.0 3810.0 1555.0 7315.0 30664.694818123502
946.0 5587.0 646.0 3161.0 13016.135151970238
986.0 5816.0 538.0 2619.0 10927.539794523325
16.0 6762.0 69.0 250.0 1258.6384164490319
1.0 6773.0 62.0 263.0 1146.4913113663265
149.0 1351.0 2822.0 13233.0 55648.286568543066
940.0 5803.0 546.0 2642.0 11052.577464345912
41.0 3431.0 1727.0 8465.0 34750.184392842624
10.0 4234.0 1378.0 6168.0 26769.93505891978
2279.0 6173.0 349.0 1741.0 7135.117394963609
1089.0 5333.0 787.0 3793.0 15701.835602921035
580.0 5139.0 872.0 4273.0 17474.436139347286
1163.0 6402.0 233.0 1199.0 4942.791259969461
921.0 5806.0 546.0 2631.0 11026.264240489974
2.0 1850.0 2555.0 12119.0 50587.2995288803
2.0 4639.0 1132.0 5363.0 22593.618291081333
14.0 3441.0 1738.0 8318.0 34717.20321194045
1761.0 6264.0 304.0 1502.0 6240.853626363977
988.0 5816.0 540.0 2610.0 10923.835764399697
184.0 2885.0 2049.0 9668.0 40232.71257287297
7.0 2753.0 2114.0 9960.0 41537.01084729745
14.0 649.0 3163.0 15091.0 62618.68918309616
591.0 5144.0 866.0 4259.0 17432.25388981702
186.0 2882.0 2050.0 9680.0 40260.871898448204
791.0 6470.0 192.0 1107.0 4178.711831055973
570.0 3097.0 1939.0 9067.0 37855.69148975812
610.0 5133.0 877.0 4268.0 17534.67829110717
27.0 6771.0 63.0 252.0 1160.4677277055016
1237.0 6239.0 324.0 1569.0 6596.332320136812
1574.0 6296.0 287.0 1425.0 5939.956802975658
2290.0 6171.0 354.0 1730.0 7149.764537425921
178.0 2882.0 2048.0 9693.0 40270.88170112813
1007.0 5817.0 534.0 2620.0 10915.914012427618
1595.0 6295.0 288.0 1424.0 5941.517297969652
577.0 5143.0 868.0 4270.0 17453.610077361514
12.0 6770.0 64.0 263.0 1175.6383373924298
184.0 2882.0 2047.0 9702.0 40264.90007717521
1020.0 5816.0 542.0 2588.0 10901.955925284456
1520.0 5609.0 656.0 3047.0 12846.364992512983
13.0 6618.0 136.0 607.0 2749.2288465899005
8.0 4907.0 985.0 4910.0 19855.94781443872
27.0 4911.0 981.0 4902.0 19829.17040235641
934.0 5803.0 548.0 2645.0 11071.599798449368
4.0 2755.0 2110.0 9994.0 41505.41853369626
604.0 5143.0 868.0 4288.0 17448.7267116349
12.0 2442.0 2259.0 10741.0 44662.8486772357
1511.0 5615.0 650.0 3047.0 12806.86099562575
7.0 2758.0 2109.0 9973.0 41463.13567461401
1003.0 5804.0 545.0 2646.0 11048.224473454871
590.0 5143.0 869.0 4253.0 17438.42091285564
1788.0 6255.0 309.0 1519.0 6347.563783389368
8.0 2444.0 2259.0 10738.0 44628.459958678344
1539.0 5611.0 651.0 3051.0 12861.315567413234
1162.0 6404.0 231.0 1188.0 4922.998784898881
1000.0 5821.0 537.0 2604.0 10873.696076016899
5.0 4640.0 1133.0 5360.0 22584.713835948798
992.0 5811.0 540.0 2633.0 10972.64368310873
0.0 4253.0 1348.0 6228.0 26598.222986667926
584.0 5141.0 869.0 4274.0 17464.524167458047
6.0 2756.0 2116.0 9940.0 41513.110471531916
2.0 2221.0 2370.0 11353.0 46921.26036040937
600.0 5143.0 870.0 4262.0 17433.866008381
7.0 4637.0 1132.0 5380.0 22613.617654585214
0.0 6766.0 61.0 290.0 1228.8948282424694
1213.0 5339.0 800.0 3626.0 15641.734254042743
788.0 6471.0 193.0 1097.0 4167.6915483902085
8.0 2050.0 2467.0 11525.0 48582.011543664616
8.0 4751.0 1092.0 5095.0 21352.669570796123
3.0 2754.0 2115.0 9956.0 41525.453453348826
2.0 4749.0 1095.0 5095.0 21373.790780180054
576.0 5146.0 867.0 4256.0 17407.35371164306
16.0 4047.0 1468.0 6484.0 28574.829058535608
1877.0 5532.0 684.0 3265.0 13575.2254283304
82.0 6601.0 138.0 674.0 2906.6243446352087
11.0 1660.0 2612.0 12819.0 52445.97633945828
916.0 6454.0 199.0 1100.0 4406.256819641207
1589.0 6299.0 289.0 1388.0 5915.818183207119
0.0 2222.0 2370.0 11351.0 46906.31641880959
904.0 5810.0 544.0 2619.0 10992.901154118674
1.0 4638.0 1135.0 5357.0 22599.533983108257
7.0 2443.0 2260.0 10737.0 44648.51228168631
5.0 6773.0 62.0 259.0 1154.008182619702
11.0 4902.0 986.0 4933.0 19922.928915927976
176.0 2880.0 2050.0 9693.0 40285.29042206139
0.0 6758.0 68.0 269.0 1273.683382825605
0.0 4241.0 1374.0 6151.0 26701.957640168617
1506.0 5618.0 650.0 3034.0 12766.324812580158
537.0 2997.0 1997.0 9316.0 39162.35870418442
9.0 4904.0 983.0 4933.0 19909.469718170658
588.0 5140.0 872.0 4251.0 17478.2904589456
275.0 6558.0 154.0 792.0 3314.166050281221
983.0 5816.0 539.0 2617.0 10920.644264503999
19.0 2057.0 2462.0 11509.0 48496.29464160435
515.0 6510.0 177.0 960.0 3783.4277248328845
145.0 1353.0 2822.0 13226.0 55629.09817571874
30.0 6610.0 140.0 629.0 2833.3208272593356
8.0 4903.0 986.0 4926.0 19914.772432555394
6.0 4445.0 1263.0 5856.0 24379.84486986394
10.0 3445.0 1735.0 8317.0 34688.11719814071
0.0 2574.0 2201.0 10470.0 43351.107988887205
212.0 4972.0 945.0 4792.0 19250.97170865162
286.0 6554.0 157.0 811.0 3322.103270862801
6.0 1648.0 2622.0 12834.0 52575.05517192644
4.0 6756.0 68.0 288.0 1285.228001972195
996.0 5822.0 536.0 2609.0 10859.853341244918
10.0 4640.0 1131.0 5365.0 22582.57577979102
990.0 5819.0 538.0 2614.0 10890.107056116054
28.0 1109.0 2936.0 13889.0 58058.911958378936
1150.0 6408.0 231.0 1174.0 4885.221124794449
229.0 6570.0 151.0 749.0 3179.2244213338518
12.0 4903.0 987.0 4923.0 19916.65167694579
3.0 6620.0 134.0 607.0 2722.9385742944696
571.0 5146.0 867.0 4257.0 17418.258680953844
3.0 2444.0 2256.0 10750.0 44630.17609682492
594.0 5138.0 872.0 4257.0 17492.59703331129
39.0 6609.0 139.0 630.0 2846.3567428194324
11.0 4057.0 1457.0 6505.0 28482.86149061379
16.0 4909.0 979.0 4930.0 19851.791199445583
4.0 2753.0 2115.0 9959.0 41533.16318619827
4.0 4752.0 1093.0 5087.0 21343.234367945573
3.0 2048.0 2467.0 11536.0 48613.50472314306
16.0 4905.0 983.0 4927.0 19882.31931831229
1211.0 5340.0 802.0 3614.0 15631.724587007231
11.0 6773.0 63.0 251.0 1145.8634457707624
3.0 6773.0 63.0 254.0 1144.907617626886
590.0 5139.0 872.0 4264.0 17487.271047118822
0.0 4585.0 1178.0 5468.0 23142.767601926273
10.0 3451.0 1731.0 8301.0 34624.39519242904
0.0 627.0 3157.0 15259.0 62915.42027972227
20.0 4062.0 1456.0 6476.0 28467.749565941675
0.0 6751.0 73.0 275.0 1414.1717739935632
0.0 6638.0 128.0 572.0 2499.6576721513693
587.0 5145.0 867.0 4253.0 17418.935196274517
246.0 6565.0 151.0 783.0 3237.115110806196
1001.0 5822.0 536.0 2606.0 10866.67571105509
152.0 1353.0 2825.0 13206.0 55617.90717101588
3.0 4752.0 1093.0 5090.0 21340.268119435434
3.0 2755.0 2112.0 9980.0 41504.97096978281
168.0 1398.0 2767.0 13307.0 55138.30097627686
4.0 1084.0 2944.0 13986.0 58300.21047719224
24.0 2060.0 2458.0 11516.0 48480.44425617382
891.0 5814.0 540.0 2614.0 10951.676017117808
23.0 6613.0 136.0 632.0 2803.6701904367987
11.0 2448.0 2254.0 10749.0 44571.72552134284
3.0 624.0 3175.0 15102.0 62935.98833421036
504.0 6516.0 174.0 952.0 3718.943517909427
7.0 3443.0 1736.0 8317.0 34704.15149860938
880.0 3287.0 1818.0 8607.0 36103.99869513146
4.0 868.0 3049.0 14586.0 60523.87047789952
0.0 4639.0 1133.0 5359.0 22594.95906488286
3.0 4904.0 984.0 4928.0 19903.79645949164
990.0 5819.0 539.0 2607.0 10894.682840468498
0.0 4587.0 1177.0 5463.0 23119.68304603392
1566.0 6307.0 284.0 1384.0 5836.462097523183
6.0 2618.0 2168.0 10395.0 42903.195702133795
228.0 6572.0 150.0 745.0 3158.270299977499
2.0 3622.0 1671.0 7717.0 32980.281071772675
569.0 5146.0 868.0 4251.0 17412.86046661854
15.0 6615.0 137.0 618.0 2781.344473257012
3.0 1692.0 2629.0 12584.0 52285.505987195036
1510.0 5620.0 648.0 3034.0 12747.381249087137
2211.0 6189.0 341.0 1696.0 6972.344743734775
891.0 5213.0 840.0 4133.0 16884.594884314676
3.0 4294.0 1304.0 6325.0 26042.342200477324
536.0 2992.0 2000.0 9321.0 39199.57894833975
31.0 3709.0 1598.0 7612.0 31961.162035714817
986.0 5819.0 539.0 2608.0 10894.721557220277
46.0 3817.0 1555.0 7259.0 30605.837938513523
9.0 2221.0 2377.0 11328.0 46939.3424864662
0.0 2442.0 2258.0 10755.0 44646.872164408756
144.0 1346.0 2825.0 13242.0 55697.54520761965
2448.0 6003.0 460.0 2032.0 9016.290643696666
30.0 4913.0 980.0 4908.0 19830.13357206547
10.0 3449.0 1733.0 8302.0 34640.15551273743
24.0 3805.0 1560.0 7303.0 30703.03637945764
0.0 4752.0 1093.0 5093.0 21340.139008329334
992.0 5813.0 541.0 2622.0 10952.470915562264
0.0 4294.0 1303.0 6326.0 26053.677011190597
16.0 4048.0 1462.0 6515.0 28608.813321464208
1.0 2753.0 2115.0 9965.0 41534.39438624551
0.0 1971.0 2491.0 11840.0 49485.37807963082
4.0 3812.0 1554.0 7328.0 30640.95843811292
992.0 5822.0 536.0 2607.0 10865.473264258839
0.0 2213.0 2380.0 11355.0 47025.12509163484
18.0 4051.0 1465.0 6482.0 28550.882551333834
7.0 2622.0 2163.0 10391.0 42850.53764366732
23.0 1104.0 2935.0 13922.0 58106.29326636738
0.0 6765.0 66.0 249.0 1230.3262938512494
12.0 3459.0 1714.0 8364.0 34465.38597724108
17.0 3705.0 1598.0 7644.0 31992.24250227063
997.0 5823.0 536.0 2599.0 10858.512246783366
559.0 5145.0 868.0 4262.0 17410.100883796928
8.0 6772.0 64.0 251.0 1157.0905998875578
0.0 3448.0 1733.0 8308.0 34652.62369320977
0.0 4448.0 1262.0 5843.0 24349.24562241644
11.0 3808.0 1558.0 7312.0 30684.799577642767
5.0 6666.0 115.0 479.0 2239.153152890054
985.0 5819.0 539.0 2609.0 10893.65034783446
8.0 4052.0 1463.0 6488.0 28544.27264505838
14.0 4903.0 985.0 4920.0 19908.234953876003
0.0 6775.0 62.0 246.0 1119.7505285216748
1556.0 6313.0 280.0 1370.0 5778.824547498891
9.0 4905.0 983.0 4929.0 19896.973923080484
5.0 3458.0 1716.0 8359.0 34471.20075355903
0.0 1688.0 2629.0 12610.0 52322.17766307232
0.0 863.0 3052.0 14592.0 60578.6306556777
9.0 3704.0 1599.0 7656.0 32007.47265520392
2.0 4908.0 981.0 4924.0 19861.60302031608
5.0 1647.0 2621.0 12850.0 52588.142043686596
26.0 4910.0 981.0 4907.0 19850.10866341857
11.0 4057.0 1457.0 6500.0 28492.196855805676
1001.0 5821.0 536.0 2601.0 10871.298766521559
0.0 6703.0 94.0 415.0 1840.8190322252126
0.0 1088.0 2929.0 14039.0 58293.88745297025
3.0 6620.0 133.0 615.0 2730.964244432168
0.0 2752.0 2114.0 9985.0 41546.181167386814
15.0 3806.0 1559.0 7313.0 30703.828057994753
0.0 2617.0 2166.0 10405.0 42908.9196527416
12.0 4905.0 984.0 4922.0 19883.189182749466
3.0 6774.0 63.0 250.0 1136.8295993206425
0.0 6622.0 132.0 607.0 2705.8690009803086
514.0 3003.0 1991.0 9360.0 39103.0825682927
14.0 763.0 3092.0 14812.0 61531.43652423563
0.0 6772.0 62.0 274.0 1156.1906636505453
0.0 4531.0 1212.0 5652.0 23511.49988102051
36.0 3815.0 1555.0 7278.0 30630.26641744206
12.0 6771.0 62.0 260.0 1174.7415725684061
0.0 1081.0 2946.0 13988.0 58335.530530960605
0.0 4461.0 1260.0 5754.0 24382.241250432755
9.0 3449.0 1719.0 8391.0 34587.97573581667
11.0 4063.0 1453.0 6494.0 28461.998282393004
993.0 5825.0 534.0 2599.0 10834.939683818951
8.0 2049.0 2463.0 11549.0 48584.75471505373
5.0 4054.0 1461.0 6497.0 28531.07881212633
6.0 621.0 3176.0 15124.0 62969.00828351734
5.0 3502.0 1724.0 8229.0 33735.71801159422
18.0 6773.0 64.0 250.0 1137.7028831772548
0.0 4561.0 1199.0 5518.0 23422.820773156225
0.0 2045.0 2467.0 11552.0 48632.715289962885
18.0 4489.0 1212.0 5807.0 24042.084022437844
6.0 4906.0 985.0 4921.0 19882.226295098586
3.0 756.0 3096.0 14834.0 61606.58486715403
3.0 1854.0 2553.0 12117.0 50520.89909202285
14.0 3805.0 1561.0 7313.0 30714.479104526297
9.0 3807.0 1558.0 7315.0 30697.499044394648
21.0 4912.0 980.0 4908.0 19834.027980320978
0.0 4907.0 983.0 4922.0 19871.169863966577
3.0 4361.0 1254.0 6206.0 25510.57366150248
3.0 3627.0 1670.0 7697.0 32922.75402422454
2.0 4358.0 1254.0 6228.0 25545.065486200114
0.0 6716.0 91.0 375.0 1728.7206798133725
0.0 6766.0 61.0 290.0 1228.8948282424694
0.0 4907.0 983.0 4922.0 19871.169863966577
11.0 4363.0 1252.0 6194.0 25496.97017012566
2.0 1856.0 2552.0 12107.0 50531.08013724377
0.0 6646.0 122.0 541.0 2416.348517084489
0.0 1081.0 2946.0 13988.0 58335.530530960605
4.0 622.0 3175.0 15123.0 62964.28063904977
2.0 1852.0 2553.0 12128.0 50540.679201900566
3.0 622.0 3174.0 15131.0 62965.44931487465
1.0 3624.0 1671.0 7707.0 32957.67752551604
2.0 621.0 3175.0 15132.0 62966.66283367628
4.0 6667.0 113.0 481.0 2233.687099014188
0.0 1055.0 2941.0 14175.0 58686.22260782421
0.0 4177.0 1376.0 6511.0 27133.244079637443
0.0 3627.0 1668.0 7710.0 32932.79402810851
0.0 618.0 3177.0 15134.0 63001.42841625969
0.0 6758.0 68.0 278.0 1271.0758315809514
0.0 1849.0 2555.0 12129.0 50590.072641254024
2.0 751.0 3100.0 14841.0 61659.52566340475
0.0 1643.0 2624.0 12866.0 52624.93976848918
0.0 4132.0 1386.0 6732.0 27527.414901138836
0.0 6668.0 113.0 479.0 2219.0838396326435
0.0 4135.0 1384.0 6731.0 27493.21663574726
0.0 3607.0 1697.0 7755.0 32875.58189852698
0.0 6766.0 66.0 249.0 1224.1591486099442
0.0 645.0 3164.0 15101.0 62662.48426734616
0.0 645.0 3164.0 15101.0 62662.48426734616
