1646.0 5295.0 814.0 3763.0 15878.318762766157
971.0 2887.0 2016.0 9748.0 40070.27797173462
1641.0 5301.0 813.0 3762.0 15827.659235430145
1637.0 5303.0 811.0 3760.0 15787.308876253082
1042.0 4868.0 1064.0 4647.0 20378.10475375412
9.0 6771.0 61.0 255.0 1152.3868286514805
17.0 2737.0 2131.0 9939.0 41680.306946465884
966.0 2894.0 2009.0 9762.0 40035.85130310986
11.0 6628.0 130.0 587.0 2611.089987099711
1054.0 4862.0 1067.0 4662.0 20434.723924700018
491.0 4626.0 1165.0 5273.0 22710.005970436734
1122.0 5037.0 950.0 4318.0 18530.922135831
1950.0 6075.0 422.0 1878.0 8155.64505039067
56.0 6610.0 137.0 641.0 2795.8874819240764
209.0 3440.0 1743.0 8167.0 34651.53588605836
1121.0 5034.0 956.0 4311.0 18572.039577755793
2836.0 5867.0 514.0 2437.0 10295.863005802352
3.0 4520.0 1247.0 5464.0 23888.43840459174
858.0 6462.0 221.0 951.0 4217.129820182062
15.0 1057.0 2953.0 14044.0 58583.67295870352
8.0 4375.0 1293.0 5851.0 25214.086140150317
2.0 632.0 3160.0 15157.0 62862.4644575129
13.0 2741.0 2130.0 9935.0 41636.24516618717
135.0 6586.0 150.0 701.0 3030.1486661540216
12.0 1064.0 2952.0 14003.0 58526.548090420205
713.0 6470.0 218.0 938.0 4152.0696256804895
2816.0 5878.0 511.0 2399.0 10172.48099596295
684.0 6470.0 217.0 942.0 4164.822970124267
12.0 6764.0 67.0 265.0 1205.6751116634125
20.0 4510.0 1222.0 5716.0 23903.961240625184
595.0 6492.0 203.0 908.0 3932.0266137535905
139.0 6587.0 151.0 694.0 3025.456260737399
1713.0 5367.0 777.0 3540.0 15232.691379283615
31.0 2430.0 2270.0 10859.0 44841.73026627116
1891.0 6120.0 397.0 1797.0 7726.896853302945
606.0 6489.0 205.0 913.0 3949.537284030332
0.0 6692.0 105.0 422.0 1979.9553768444616
149.0 6584.0 153.0 697.0 3049.8437116925843
212.0 3442.0 1742.0 8164.0 34619.4639418505
549.0 6501.0 199.0 883.0 3861.7158815423736
6.0 2738.0 2131.0 9936.0 41656.43353545546
11.0 4512.0 1223.0 5700.0 23875.053996306997
10.0 4520.0 1251.0 5440.0 23890.01842981026
5.0 4523.0 1247.0 5441.0 23862.869831698714
959.0 2891.0 2013.0 9748.0 40053.86312067224
15.0 4517.0 1251.0 5441.0 23905.596726625085
1664.0 5310.0 807.0 3725.0 15720.946709403654
19.0 3665.0 1642.0 7513.0 32370.834256750757
46.0 2736.0 2133.0 9946.0 41676.6029315215
0.0 2687.0 2142.0 10251.0 42238.23924938142
798.0 6466.0 215.0 963.0 4178.752596528501
487.0 4627.0 1167.0 5272.0 22693.523599885717
1956.0 6073.0 423.0 1891.0 8167.998408835205
1725.0 5373.0 775.0 3523.0 15156.844614926356
0.0 6654.0 120.0 524.0 2324.403664739498
24.0 4526.0 1246.0 5432.0 23822.144453097844
3.0 3576.0 1661.0 7887.0 33264.5758312596
15.0 2737.0 2129.0 9950.0 41676.47323301854
5.0 3595.0 1680.0 7751.0 32800.940177058124
4.0 2201.0 2385.0 11357.0 47094.84607962742
1926.0 6080.0 422.0 1874.0 8109.333306307767
10.0 6771.0 62.0 259.0 1150.901511931053
74.0 6606.0 136.0 663.0 2840.254549372196
496.0 6514.0 194.0 852.0 3737.106546612268
303.0 3227.0 1834.0 8799.0 36786.49713899767
964.0 2889.0 2013.0 9762.0 40060.89781304238
0.0 6774.0 59.0 256.0 1143.602631745518
480.0 4625.0 1164.0 5300.0 22711.86281992263
1004.0 2900.0 2014.0 9716.0 39941.28659872064
226.0 6576.0 157.0 707.0 3136.179682614268
47.0 2431.0 2260.0 10908.0 44796.312780297034
1126.0 5026.0 958.0 4324.0 18637.979192078597
29.0 2429.0 2262.0 10907.0 44828.72174658433
1042.0 4864.0 1066.0 4646.0 20410.68040871506
17.0 4520.0 1246.0 5441.0 23884.895332206288
716.0 6474.0 217.0 926.0 4116.406688599628
4.0 4299.0 1292.0 6276.0 26019.649137198914
0.0 6774.0 60.0 250.0 1123.831910626507
4.0 3837.0 1533.0 7275.0 30529.47576216457
2817.0 5874.0 512.0 2405.0 10231.457180182528
1707.0 5373.0 776.0 3517.0 15172.55544581189
1706.0 5370.0 776.0 3528.0 15206.626089380457
1035.0 4868.0 1062.0 4653.0 20357.002885651564
1639.0 5304.0 811.0 3757.0 15803.387532117782
30.0 2432.0 2258.0 10922.0 44841.574128946464
1642.0 5297.0 812.0 3770.0 15861.023369225615
1953.0 6074.0 422.0 1890.0 8152.96300781114
0.0 3682.0 1629.0 7539.0 32167.91194904118
1705.0 5375.0 774.0 3517.0 15148.956705103054
1705.0 5372.0 775.0 3532.0 15188.624808533394
1122.0 5040.0 949.0 4311.0 18516.50761777876
10.0 4363.0 1332.0 5753.0 25323.01826902966
8.0 1059.0 2954.0 14032.0 58567.63390022143
5.0 1659.0 2685.0 12426.0 52513.044174687864
0.0 2203.0 2383.0 11351.0 47100.13972432637
663.0 6475.0 216.0 918.0 4101.27370593726
1034.0 4867.0 1065.0 4645.0 20384.27089560403
2061.0 6053.0 427.0 1956.0 8440.710608916184
957.0 2889.0 2012.0 9764.0 40075.95681873067
2081.0 6049.0 432.0 1952.0 8493.212529528557
1123.0 5040.0 950.0 4308.0 18514.5441330275
0.0 3749.0 1596.0 7456.0 31409.874634336094
1123.0 5040.0 949.0 4311.0 18508.648836358996
18.0 4526.0 1248.0 5429.0 23835.519169405172
4.0 2079.0 2457.0 11628.0 48287.497545765305
13.0 4519.0 1248.0 5450.0 23886.734760208135
198.0 3448.0 1739.0 8160.0 34567.032654741255
0.0 2736.0 2131.0 9947.0 41683.44571461577
2850.0 5867.0 512.0 2441.0 10276.071613254087
1885.0 6122.0 394.0 1813.0 7697.135263476672
1129.0 5038.0 953.0 4298.0 18528.0800135516
2.0 3832.0 1536.0 7295.0 30572.094370929106
1877.0 6135.0 385.0 1800.0 7599.075212713928
2087.0 6048.0 433.0 1955.0 8485.141542208561
1644.0 5300.0 812.0 3752.0 15839.801860151569
207.0 3441.0 1742.0 8172.0 34642.9882773147
1123.0 5041.0 948.0 4324.0 18497.51783410712
1632.0 5310.0 807.0 3732.0 15719.191389419188
1127.0 5038.0 954.0 4300.0 18506.73847068179
2.0 4526.0 1245.0 5434.0 23832.645582887686
5.0 782.0 3096.0 14762.0 61311.78584520553
30.0 2427.0 2272.0 10867.0 44874.15245436509
1638.0 5302.0 809.0 3760.0 15801.799508780507
1127.0 5032.0 955.0 4314.0 18579.850791245335
1122.0 5037.0 951.0 4312.0 18540.424980674798
1634.0 5306.0 809.0 3751.0 15758.389242583782
6.0 4176.0 1372.0 6474.0 27267.851859996405
1.0 4523.0 1246.0 5450.0 23858.48987984551
2.0 2076.0 2458.0 11651.0 48318.85505586953
19.0 4524.0 1244.0 5454.0 23840.988849807032
3.0 2333.0 2306.0 11146.0 45799.62288349865
12.0 1437.0 2802.0 12907.0 54753.25858012008
5.0 4510.0 1225.0 5701.0 23894.474493771522
1125.0 5035.0 947.0 4350.0 18568.34032641821
4.0 3837.0 1534.0 7273.0 30528.010105404846
1122.0 5039.0 953.0 4302.0 18511.22339280471
1127.0 5044.0 949.0 4304.0 18458.999026590656
1650.0 5304.0 809.0 3751.0 15796.044504457926
7.0 3576.0 1663.0 7871.0 33268.771196344554
597.0 6492.0 205.0 896.0 3921.791661871602
0.0 6769.0 66.0 252.0 1164.9828429520483
4.0 2204.0 2384.0 11344.0 47078.70104019896
1917.0 6084.0 417.0 1876.0 8053.570593042502
1125.0 5041.0 951.0 4293.0 18483.16000427157
1645.0 5303.0 809.0 3767.0 15787.07019029805
24.0 2428.0 2261.0 10932.0 44870.64154105863
204.0 3443.0 1742.0 8167.0 34627.15740875747
7.0 4372.0 1293.0 5858.0 25230.839925591015
0.0 4511.0 1223.0 5708.0 23882.821115351657
1120.0 5041.0 949.0 4308.0 18492.324865323124
1123.0 5039.0 950.0 4311.0 18520.004003046684
0.0 1665.0 2675.0 12446.0 52457.878352251566
122.0 6592.0 148.0 680.0 2972.481991185705
2824.0 5874.0 511.0 2413.0 10218.02084301694
46.0 6615.0 134.0 626.0 2733.733829675098
1695.0 5378.0 772.0 3518.0 15126.789012277679
1934.0 6081.0 418.0 1873.0 8089.315622510982
2819.0 5872.0 512.0 2419.0 10251.16286493194
25.0 2423.0 2272.0 10888.0 44920.290209679224
7.0 4173.0 1372.0 6484.0 27295.786751255815
8.0 1788.0 2578.0 12377.0 51135.63791747756
4.0 3574.0 1661.0 7890.0 33296.90429369877
14.0 6769.0 61.0 268.0 1181.5209626900066
992.0 2894.0 2015.0 9732.0 39991.8225464979
8.0 4523.0 1247.0 5442.0 23858.649430261183
1629.0 5311.0 807.0 3725.0 15714.884070886148
960.0 2882.0 2017.0 9772.0 40138.06627181156
1940.0 6079.0 419.0 1892.0 8089.00070169978
1121.0 5040.0 946.0 4333.0 18515.73385600505
24.0 6771.0 60.0 257.0 1158.5606129201587
192.0 3445.0 1742.0 8160.0 34601.82546645511
8.0 2339.0 2303.0 11120.0 45726.524735945815
2.0 1355.0 2830.0 13186.0 55588.69284915064
1118.0 5033.0 950.0 4351.0 18584.505656325357
28.0 2429.0 2262.0 10911.0 44822.01738931929
1632.0 5310.0 807.0 3732.0 15719.191389419188
1.0 626.0 3165.0 15179.0 62928.10634283428
8.0 4523.0 1247.0 5443.0 23856.603911390437
45.0 2437.0 2260.0 10894.0 44771.41317878157
13.0 6768.0 63.0 262.0 1193.2669341330443
11.0 4002.0 1461.0 6897.0 29018.80537433206
485.0 4624.0 1165.0 5271.0 22734.53832704427
1877.0 6134.0 386.0 1803.0 7603.390588104917
2818.0 5878.0 509.0 2401.0 10180.471806724057
1636.0 5305.0 811.0 3743.0 15791.986266000897
0.0 4005.0 1460.0 6904.0 28990.98626024718
1930.0 6087.0 415.0 1861.0 8033.180091056465
485.0 4629.0 1163.0 5285.0 22683.303421715944
7.0 1434.0 2803.0 12921.0 54781.55224511998
7.0 1786.0 2580.0 12379.0 51148.538596542436
19.0 6685.0 106.0 413.0 2006.6177081158366
23.0 4526.0 1245.0 5434.0 23821.018957673543
478.0 4625.0 1165.0 5281.0 22726.60086922174
201.0 3444.0 1742.0 8160.0 34612.523801466545
3.0 4375.0 1293.0 5860.0 25207.189240890795
61.0 6615.0 134.0 620.0 2722.353593118642
478.0 4629.0 1163.0 5281.0 22685.08649685572
0.0 3576.0 1661.0 7887.0 33266.42780704928
6.0 6772.0 62.0 250.0 1145.928731367303
7.0 1432.0 2804.0 12930.0 54800.124495971744
483.0 4624.0 1166.0 5279.0 22737.365971352792
2.0 2336.0 2305.0 11123.0 45762.31314252266
960.0 2885.0 2016.0 9767.0 40103.9247127626
5.0 1981.0 2501.0 11908.0 49295.42448791887
480.0 6518.0 193.0 833.0 3694.463082110528
2.0 3832.0 1537.0 7287.0 30578.003516537658
481.0 4628.0 1165.0 5276.0 22670.27300476295
1120.0 5044.0 948.0 4305.0 18462.028079132648
194.0 3451.0 1739.0 8138.0 34543.488007876025
0.0 4525.0 1246.0 5434.0 23841.838193011215
1637.0 5307.0 809.0 3748.0 15767.871130907375
89.0 6601.0 144.0 652.0 2883.6351886911934
0.0 627.0 3162.0 15177.0 62911.14372621133
24.0 2425.0 2265.0 10919.0 44865.22564638682
11.0 6687.0 105.0 409.0 1991.0959837907994
0.0 1656.0 2686.0 12441.0 52541.72862458724
11.0 1054.0 2955.0 14052.0 58618.693847151735
1882.0 6130.0 388.0 1802.0 7621.809220545503
14.0 2422.0 2271.0 10903.0 44925.68492555757
10.0 4356.0 1334.0 5782.0 25387.886203291127
0.0 2334.0 2305.0 11140.0 45789.43451618854
19.0 2420.0 2272.0 10903.0 44944.99708497998
10.0 4005.0 1460.0 6872.0 28997.951190540636
0.0 1430.0 2804.0 12941.0 54830.2148746381
0.0 3600.0 1679.0 7753.0 32746.65950921788
13.0 3664.0 1639.0 7539.0 32395.921124287466
2.0 1361.0 2827.0 13165.0 55533.98957274934
1.0 1790.0 2576.0 12390.0 51125.50383257534
5.0 1661.0 2683.0 12418.0 52496.69492681807
8.0 681.0 3140.0 15019.0 62296.19711198256
1120.0 5043.0 948.0 4309.0 18470.62598043157
4.0 905.0 3040.0 14414.0 60120.99215868289
0.0 3577.0 1660.0 7887.0 33260.29871934099
12.0 6771.0 62.0 256.0 1145.6971728551584
1890.0 6128.0 392.0 1774.0 7655.863981063919
477.0 4627.0 1163.0 5289.0 22703.77124772384
15.0 6773.0 60.0 252.0 1135.365599206501
0.0 1356.0 2830.0 13182.0 55582.588114669634
7.0 3660.0 1641.0 7552.0 32429.69075344804
5.0 6631.0 129.0 576.0 2580.099390647092
2.0 4298.0 1291.0 6284.0 26030.629180897402
0.0 2075.0 2458.0 11652.0 48327.63043919223
29.0 6621.0 131.0 604.0 2658.7248712623696
1.0 4111.0 1418.0 6663.0 27752.354114675032
4.0 4003.0 1461.0 6897.0 29014.493454238785
0.0 3600.0 1678.0 7758.0 32744.945606891804
0.0 2202.0 2383.0 11360.0 47106.008384261084
24.0 6770.0 61.0 261.0 1156.120373924166
1885.0 6139.0 385.0 1774.0 7549.359783282141
8.0 1051.0 2957.0 14062.0 58652.4684454099
12.0 6769.0 62.0 263.0 1174.6293318259588
475.0 6522.0 190.0 829.0 3648.3582582765985
18.0 6629.0 128.0 590.0 2586.79767706507
6.0 4365.0 1329.0 5759.0 25311.878122255905
7.0 626.0 3164.0 15184.0 62926.26802303685
1.0 6692.0 101.0 416.0 1951.604784845218
8.0 4169.0 1373.0 6493.0 27343.913328108007
6.0 6772.0 61.0 254.0 1150.083721953816
1882.0 6126.0 392.0 1795.0 7674.070600645405
17.0 6748.0 79.0 252.0 1460.4887571046231
0.0 3837.0 1533.0 7284.0 30531.15284587257
11.0 3994.0 1465.0 6915.0 29107.697429160096
1878.0 6129.0 391.0 1791.0 7644.530273737407
1.0 1937.0 2510.0 12105.0 49711.62228842185
9.0 6770.0 61.0 268.0 1158.9318881424667
13.0 6769.0 63.0 254.0 1169.9501096448678
473.0 4628.0 1163.0 5285.0 22692.235178092265
0.0 1780.0 2582.0 12412.0 51217.36755192831
3.0 4297.0 1292.0 6288.0 26041.628586684117
0.0 6634.0 127.0 574.0 2547.094745478398
14.0 6773.0 60.0 259.0 1141.185528276495
0.0 4299.0 1291.0 6286.0 26022.550391732013
1875.0 6133.0 388.0 1790.0 7597.302941984828
0.0 6774.0 60.0 250.0 1123.831910626507
0.0 3836.0 1533.0 7287.0 30536.594104270644
0.0 4378.0 1293.0 5858.0 25189.85785749495
1.0 896.0 3045.0 14441.0 60226.55856979965
0.0 1980.0 2500.0 11924.0 49316.374458070575
0.0 636.0 3152.0 15209.0 62826.07702440044
0.0 6774.0 60.0 250.0 1123.831910626507
0.0 1289.0 2850.0 13535.0 56260.22877980448
1883.0 6140.0 385.0 1770.0 7540.592045371169
1.0 629.0 3161.0 15172.0 62896.8957677211
2.0 4112.0 1416.0 6662.0 27746.302152399625
0.0 6753.0 76.0 246.0 1404.708202297805
4.0 4182.0 1369.0 6470.0 27189.360802048774
1.0 780.0 3096.0 14781.0 61329.20560318446
0.0 625.0 3165.0 15175.0 62944.55242268126
0.0 627.0 3162.0 15177.0 62911.14372621133
4.0 4174.0 1372.0 6483.0 27281.949152673
0.0 3836.0 1533.0 7287.0 30536.594104270644
0.0 3749.0 1596.0 7456.0 31409.874634336094
0.0 6693.0 100.0 416.0 1937.2519584026138
0.0 6757.0 74.0 258.0 1312.0037331523993
0.0 650.0 3162.0 15094.0 62622.88409353799
0.0 650.0 3162.0 15094.0 62622.88409353799
