17.0 3707.0 1563.0 7917.0 31857.358829429566
1554.0 5141.0 867.0 4290.0 17524.26576737139
5.0 4853.0 1007.0 5003.0 20327.854554049434
5.0 2085.0 2442.0 11570.0 48218.428488432946
565.0 6511.0 190.0 851.0 3767.5954251914827
941.0 6428.0 238.0 1045.0 4617.342282197
281.0 3223.0 1837.0 8934.0 36803.762757261626
3022.0 5882.0 500.0 2461.0 9981.909220385745
263.0 6543.0 179.0 757.0 3509.4998308670274
296.0 3213.0 1840.0 8963.0 36909.261731869665
150.0 6576.0 164.0 660.0 3147.267403552278
1303.0 6352.0 275.0 1203.0 5349.293614015532
6.0 3938.0 1502.0 7020.0 29648.328007006625
2923.0 5887.0 497.0 2460.0 9897.205239721874
16.0 4226.0 1369.0 6266.0 26687.5498397254
48.0 4445.0 1227.0 5669.0 24604.66532875658
1304.0 6352.0 278.0 1201.0 5348.790983837159
291.0 3213.0 1839.0 8979.0 36901.12719150636
3.0 3601.0 1703.0 7680.0 33039.86007892398
41.0 3792.0 1579.0 7346.0 30931.14083942972
1405.0 6097.0 425.0 1752.0 7900.29057370032
1268.0 6353.0 273.0 1218.0 5333.2606330518165
11.0 4114.0 1421.0 6518.0 28004.571535940122
1282.0 6350.0 273.0 1213.0 5370.813066897802
1.0 2309.0 2317.0 11190.0 46042.677225164225
819.0 5620.0 637.0 3034.0 12802.855966110781
18.0 1749.0 2598.0 12544.0 51718.44574213501
2888.0 5894.0 496.0 2429.0 9847.804638547146
1288.0 6353.0 277.0 1195.0 5345.020541426586
516.0 5048.0 910.0 4465.0 18387.157725068864
13.0 2785.0 2091.0 9934.0 41243.89606970368
346.0 6524.0 187.0 819.0 3697.927156275761
9.0 3941.0 1498.0 7024.0 29619.02450521414
909.0 6429.0 240.0 1030.0 4603.6740944287785
345.0 6529.0 185.0 812.0 3640.9167410937753
153.0 6577.0 163.0 654.0 3126.5394342952636
322.0 3409.0 1750.0 8417.0 34878.32262971248
2886.0 5895.0 496.0 2427.0 9834.307423168588
12.0 4473.0 1210.0 5593.0 24339.72591740583
23.0 2785.0 2088.0 9960.0 41269.9299479596
0.0 2292.0 2326.0 11252.0 46222.49700771424
839.0 5613.0 637.0 3052.0 12876.20034902106
8.0 620.0 3169.0 15216.0 63040.4208408394
4.0 3938.0 1500.0 7027.0 29668.889191105558
16.0 2089.0 2439.0 11557.0 48173.30683779359
1121.0 6376.0 262.0 1161.0 5120.9404650376055
1563.0 5140.0 867.0 4291.0 17496.66105279921
903.0 5708.0 580.0 2906.0 11885.417472766807
7.0 2410.0 2264.0 10996.0 44947.327057397306
33.0 4451.0 1224.0 5659.0 24562.86401949595
0.0 6769.0 60.0 252.0 1161.8077998756473
9.0 2781.0 2091.0 9962.0 41297.79869125254
173.0 6568.0 165.0 690.0 3225.065443186484
1267.0 6356.0 272.0 1209.0 5302.779362347255
1119.0 6391.0 256.0 1126.0 4975.739304595083
2890.0 5892.0 499.0 2427.0 9873.697875480124
174.0 6565.0 168.0 690.0 3264.6102388505224
854.0 5607.0 644.0 3072.0 12939.892810125308
8.0 1604.0 2673.0 12797.0 53118.615518727966
232.0 1870.0 2537.0 12175.0 50469.36998406493
8.0 2740.0 2118.0 10000.0 41697.033627039
1286.0 6354.0 276.0 1195.0 5316.675444946921
11.0 2638.0 2159.0 10320.0 42714.60393842372
3041.0 5881.0 497.0 2468.0 9980.704846852284
12.0 2637.0 2159.0 10320.0 42718.03779606466
912.0 6428.0 238.0 1053.0 4624.889601992483
10.0 3932.0 1503.0 7048.0 29714.261757294196
0.0 2033.0 2462.0 11808.0 48803.48963661297
3427.0 6095.0 426.0 1759.0 7926.4937058007645
7.0 6770.0 65.0 239.0 1191.3152839573831
1525.0 5135.0 876.0 4275.0 17599.57259006448
7.0 2086.0 2441.0 11556.0 48219.959943220354
319.0 3214.0 1842.0 8946.0 36879.25960055359
21.0 1387.0 2826.0 13011.0 55240.92015239204
265.0 6542.0 180.0 768.0 3520.4001784757056
327.0 6529.0 184.0 829.0 3639.1676455540546
9.0 6768.0 64.0 261.0 1199.9041878166734
10.0 678.0 3147.0 14977.0 62331.826250958344
1629.0 6320.0 289.0 1297.0 5787.160845628469
27.0 840.0 3074.0 14502.0 60697.91433267143
298.0 6535.0 181.0 792.0 3573.8863404051194
6.0 2082.0 2443.0 11563.0 48249.28907175796
848.0 5612.0 640.0 3065.0 12886.8268815932
806.0 5618.0 637.0 3024.0 12826.562658123423
317.0 3213.0 1842.0 8951.0 36887.63684196081
0.0 619.0 3169.0 15220.0 63034.69856747653
306.0 3221.0 1832.0 8969.0 36808.96565697032
10.0 2082.0 2444.0 11560.0 48259.8988121713
922.0 5704.0 580.0 2911.0 11901.725098252951
896.0 5708.0 583.0 2892.0 11891.556942649844
823.0 5623.0 631.0 3028.0 12770.816823146275
6.0 3602.0 1705.0 7659.0 33035.89440295821
0.0 4330.0 1274.0 6375.0 25654.63349915221
0.0 6771.0 64.0 246.0 1171.5709710886636
4.0 3787.0 1580.0 7390.0 30970.861139622677
890.0 5698.0 590.0 2899.0 11980.276662477592
37.0 6623.0 140.0 557.0 2695.9575669988
1247.0 6359.0 271.0 1198.0 5278.387525566379
38.0 4861.0 1008.0 4942.0 20268.343311357767
1041.0 6410.0 249.0 1066.0 4797.632696062656
5.0 1598.0 2675.0 12819.0 53175.10718703776
7.0 3708.0 1564.0 7915.0 31848.151999397214
3.0 1179.0 2884.0 13865.0 57386.0913955856
233.0 1873.0 2539.0 12149.0 50458.31622945747
26.0 4843.0 1012.0 5007.0 20426.13294465664
2884.0 5897.0 494.0 2427.0 9820.30130977851
1525.0 5137.0 872.0 4289.0 17574.83673244332
813.0 5629.0 631.0 3023.0 12705.699570110304
181.0 6565.0 165.0 710.0 3243.4860294899872
820.0 5623.0 636.0 3022.0 12767.644233970077
6.0 3596.0 1707.0 7683.0 33098.56200067733
21.0 3790.0 1579.0 7350.0 30954.958110159463
804.0 5627.0 632.0 3022.0 12732.517737551108
7.0 3934.0 1502.0 7040.0 29693.57851635212
898.0 6435.0 236.0 1020.0 4548.640932930647
1555.0 5139.0 871.0 4280.0 17542.81834988102
2.0 2079.0 2446.0 11566.0 48292.84609445039
3529.0 6063.0 423.0 1896.0 8239.790721329735
13.0 4860.0 1003.0 4990.0 20263.49396500403
3004.0 5887.0 496.0 2459.0 9928.729567445807
7.0 4107.0 1427.0 6534.0 28060.041794150475
305.0 3409.0 1750.0 8420.0 34886.46039785193
12.0 6766.0 70.0 234.0 1227.8980733640778
805.0 5629.0 632.0 3010.0 12712.532333024927
1526.0 5137.0 873.0 4280.0 17589.840535520587
2617.0 6180.0 353.0 1710.0 7159.516563319488
513.0 5050.0 908.0 4467.0 18364.067435986188
817.0 5618.0 633.0 3051.0 12826.285093613964
0.0 3655.0 1615.0 7808.0 32709.40208936089
16.0 6766.0 69.0 235.0 1242.5319923666164
8.0 627.0 3164.0 15171.0 62946.825604207064
823.0 5621.0 637.0 3029.0 12797.052965634515
8.0 4857.0 1005.0 4983.0 20306.412110430658
9.0 3790.0 1578.0 7375.0 30949.945934058065
16.0 3485.0 1718.0 8238.0 34145.50929089514
8.0 1082.0 2938.0 13995.0 58280.860967496585
9.0 2778.0 2091.0 9973.0 41325.544369358795
2.0 4658.0 1121.0 5452.0 22411.583134242104
2.0 2781.0 2089.0 9969.0 41295.95773530742
891.0 5711.0 582.0 2876.0 11843.620587575015
803.0 5629.0 631.0 3018.0 12713.991100026657
10.0 3788.0 1579.0 7379.0 30962.437216558923
19.0 2746.0 2116.0 9969.0 41639.852072714115
7.0 2783.0 2091.0 9955.0 41277.51632059476
809.0 5627.0 633.0 3018.0 12738.658537340838
914.0 5706.0 580.0 2906.0 11893.459884081441
6.0 4111.0 1424.0 6524.0 28010.17564550107
813.0 5624.0 631.0 3033.0 12765.06343016218
6.0 1728.0 2612.0 12567.0 51919.07932548906
0.0 3659.0 1614.0 7797.0 32664.694164824472
1.0 2739.0 2119.0 10003.0 41719.13925293375
1403.0 6100.0 424.0 1739.0 7881.206887933357
5.0 627.0 3166.0 15163.0 62952.32641123034
0.0 1176.0 2886.0 13869.0 57421.575087671226
22.0 836.0 3074.0 14524.0 60735.1446251712
10.0 2637.0 2159.0 10320.0 42725.37228878496
15.0 1382.0 2830.0 13023.0 55302.453488595515
20.0 4859.0 1003.0 4985.0 20274.9587194756
24.0 2783.0 2089.0 9955.0 41282.146193267836
23.0 4855.0 1011.0 4965.0 20334.890912516534
230.0 1871.0 2537.0 12162.0 50466.4948975387
35.0 4861.0 1001.0 4997.0 20233.393045132598
6.0 3600.0 1706.0 7666.0 33058.75825868823
16.0 3481.0 1720.0 8258.0 34191.85834487067
23.0 6627.0 136.0 558.0 2677.2729539893335
0.0 3937.0 1501.0 7028.0 29665.01194686159
5.0 1364.0 2836.0 13100.0 55495.67018967925
2.0 1021.0 2964.0 14142.0 58972.871187546116
290.0 3218.0 1837.0 8959.0 36852.21877571094
4.0 4859.0 1004.0 4981.0 20282.621373330974
4.0 628.0 3166.0 15158.0 62944.24000375583
804.0 5628.0 632.0 3018.0 12722.084870795581
11.0 2314.0 2314.0 11162.0 45985.80011552789
12.0 6767.0 68.0 236.0 1217.9826598488658
38.0 6765.0 66.0 247.0 1230.9690139914485
11.0 6764.0 62.0 297.0 1234.8295884743197
0.0 3600.0 1704.0 7682.0 33056.0892639859
0.0 2079.0 2446.0 11568.0 48287.131663452936
897.0 5706.0 583.0 2897.0 11897.745965492175
44.0 4861.0 1003.0 4970.0 20236.51683378941
9.0 4473.0 1210.0 5599.0 24339.295547480342
0.0 3789.0 1580.0 7373.0 30954.418908376494
0.0 4312.0 1327.0 6130.0 25847.543856766726
313.0 3213.0 1841.0 8953.0 36884.89343980801
1562.0 5143.0 867.0 4279.0 17475.928727897586
0.0 6746.0 75.0 286.0 1437.274599311275
0.0 6755.0 72.0 267.0 1311.3025828328023
0.0 1078.0 2941.0 13992.0 58319.60468284856
1525.0 5138.0 873.0 4276.0 17566.322125445797
0.0 6644.0 123.0 559.0 2445.8162204458467
4.0 2409.0 2263.0 11008.0 44957.08374606305
12.0 2786.0 2090.0 9931.0 41236.72189815311
1552.0 5141.0 866.0 4299.0 17509.183723709568
10.0 4860.0 1004.0 4979.0 20258.81191248517
905.0 5706.0 586.0 2878.0 11906.031599887023
1.0 2312.0 2315.0 11184.0 46011.83379648934
22.0 3485.0 1717.0 8234.0 34151.69106478016
900.0 5710.0 580.0 2889.0 11866.387527649584
16.0 6767.0 67.0 249.0 1214.0439843750623
281.0 3220.0 1837.0 8950.0 36828.31016686598
0.0 6639.0 129.0 546.0 2538.6703045621484
897.0 5708.0 584.0 2882.0 11884.668598829448
33.0 4864.0 1000.0 4990.0 20210.7212907707
20.0 4861.0 1002.0 4987.0 20248.115731895712
303.0 3222.0 1831.0 8972.0 36792.74593962671
35.0 4860.0 1003.0 4973.0 20250.523813471205
0.0 6683.0 104.0 456.0 2055.663744725488
0.0 2780.0 2091.0 9962.0 41307.0433658972
299.0 3212.0 1839.0 8979.0 36914.233406879386
905.0 5708.0 584.0 2880.0 11898.861298052876
890.0 5702.0 588.0 2888.0 11937.646406654507
892.0 5702.0 586.0 2896.0 11959.867701653764
1.0 2310.0 2316.0 11190.0 46033.898283782255
14.0 4473.0 1212.0 5587.0 24336.350086297578
18.0 4851.0 1005.0 5013.0 20349.21106394957
914.0 5704.0 586.0 2882.0 11914.175864961651
0.0 626.0 3167.0 15166.0 62964.090869873246
3.0 1025.0 2965.0 14116.0 58932.86462872502
0.0 6767.0 62.0 283.0 1201.3377351184533
4.0 3709.0 1564.0 7913.0 31837.13197611318
122.0 6589.0 156.0 638.0 3032.4404475924644
5.0 4862.0 1002.0 4981.0 20241.405801367106
29.0 4452.0 1224.0 5655.0 24554.86659350893
16.0 3483.0 1718.0 8244.0 34168.299289084316
28.0 4472.0 1210.0 5585.0 24344.00558009949
34.0 4862.0 1003.0 4981.0 20232.889794264644
9.0 4858.0 1008.0 4966.0 20302.53796059935
0.0 4684.0 1125.0 5348.0 22215.003455857743
1553.0 5140.0 867.0 4295.0 17516.57387845314
899.0 5707.0 584.0 2887.0 11888.793772976367
15.0 4242.0 1366.0 6194.0 26528.704875942694
1549.0 5141.0 870.0 4277.0 17522.354146693677
11.0 1379.0 2831.0 13038.0 55333.813631041965
6.0 4857.0 1007.0 4987.0 20301.508355856844
5.0 4236.0 1367.0 6230.0 26582.600213097943
6.0 1375.0 2832.0 13063.0 55371.661968761684
4.0 4857.0 1006.0 4989.0 20302.74299236552
3.0 1588.0 2682.0 12844.0 53274.160794010364
1551.0 5143.0 866.0 4282.0 17496.25516387005
17.0 3487.0 1715.0 8240.0 34137.810875257135
3.0 669.0 3152.0 15004.0 62422.51500885407
896.0 5709.0 582.0 2897.0 11867.473761629075
4.0 4240.0 1365.0 6221.0 26549.966962980423
1548.0 5141.0 868.0 4286.0 17529.17153450796
4.0 6761.0 67.0 260.0 1277.0444489118838
19.0 828.0 3079.0 14547.0 60818.499227979046
2.0 2520.0 2222.0 10672.0 43850.281637858825
2886.0 5896.0 492.0 2444.0 9827.077181868737
11.0 4856.0 1004.0 4996.0 20314.30718977914
6.0 2516.0 2222.0 10682.0 43889.72868957906
0.0 1586.0 2682.0 12863.0 53294.55011863746
7.0 4474.0 1209.0 5599.0 24327.201816290108
0.0 4314.0 1326.0 6122.0 25830.64968882995
0.0 2405.0 2264.0 11034.0 44997.47162907203
0.0 2519.0 2221.0 10684.0 43865.026086089274
5.0 4654.0 1122.0 5471.0 22435.359631439045
11.0 6758.0 68.0 263.0 1309.3007171967192
6.0 1727.0 2613.0 12567.0 51931.738902446654
0.0 4090.0 1410.0 6763.0 28227.73112952262
0.0 2738.0 2119.0 10013.0 41733.78683425433
19.0 4479.0 1209.0 5576.0 24276.74387257134
3.0 4656.0 1122.0 5464.0 22418.019828811746
0.0 1362.0 2837.0 13119.0 55520.01703738286
0.0 6765.0 66.0 265.0 1211.5402609977496
3.0 4475.0 1207.0 5616.0 24326.353092556026
0.0 6768.0 61.0 290.0 1193.8565419667077
0.0 2630.0 2163.0 10369.0 42806.03447138808
2.0 1682.0 2637.0 12672.0 52327.23608427757
0.0 6767.0 70.0 246.0 1194.0808534363375
4.0 6762.0 66.0 260.0 1267.39064028792
0.0 4858.0 1004.0 4991.0 20289.403612526676
3.0 4683.0 1126.0 5343.0 22215.33133564426
2.0 4476.0 1208.0 5606.0 24314.231217421893
0.0 6656.0 118.0 520.0 2321.058474591455
0.0 6763.0 66.0 256.0 1254.2303070094376
3.0 4655.0 1123.0 5463.0 22434.309834997493
4.0 4109.0 1426.0 6533.0 28044.27638044481
0.0 6656.0 118.0 520.0 2321.058474591455
0.0 810.0 3085.0 14629.0 61031.502399299075
7.0 4245.0 1365.0 6194.0 26502.42062512561
0.0 4657.0 1121.0 5463.0 22418.288660821523
0.0 3989.0 1437.0 7223.0 29104.821454836085
0.0 4240.0 1366.0 6221.0 26551.93149098026
0.0 6771.0 65.0 234.0 1180.7763118163975
0.0 6737.0 83.0 313.0 1476.890101788998
0.0 6697.0 98.0 427.0 1901.3842569740727
0.0 1018.0 2967.0 14148.0 59005.2770226124
0.0 6755.0 72.0 267.0 1311.3025828328023
0.0 4113.0 1424.0 6528.0 28015.31655376567
0.0 4475.0 1211.0 5603.0 24331.001778531427
0.0 6766.0 66.0 258.0 1212.4599483104107
0.0 6639.0 129.0 546.0 2538.6703045621484
0.0 6686.0 109.0 423.0 2036.096012620599
0.0 6765.0 65.0 267.0 1247.13372468586
0.0 6765.0 66.0 265.0 1211.5402609977496
0.0 646.0 3161.0 15111.0 62657.88770571963
0.0 646.0 3161.0 15111.0 62657.88770571963
