2286.0 5640.0 602.0 3192.0 12475.415107794872
1747.0 5168.0 837.0 4431.0 17272.683009230695
14.0 1784.0 2577.0 12446.0 51206.99947287041
217.0 6569.0 165.0 724.0 3191.6263672925775
905.0 6424.0 234.0 1050.0 4615.263696985808
9.0 1342.0 2847.0 13163.0 55714.30268912573
1325.0 5075.0 915.0 4454.0 18139.630001700076
2855.0 6157.0 376.0 1704.0 7234.844829666321
2238.0 5555.0 669.0 3272.0 13315.245460163113
410.0 6524.0 186.0 847.0 3644.8328047407617
416.0 2979.0 1991.0 9394.0 39244.90329577223
4268.0 6018.0 457.0 2054.0 8703.153305618578
2769.0 5732.0 557.0 2901.0 11539.09326191874
8.0 4633.0 1130.0 5507.0 22600.95373487924
2306.0 6289.0 296.0 1376.0 5998.079731674326
2381.0 5645.0 595.0 3210.0 12440.364056097576
137.0 1824.0 2570.0 12285.0 50740.27495313984
210.0 3395.0 1771.0 8452.0 34932.53245725646
7.0 3947.0 1505.0 6981.0 29637.268049958693
1746.0 5173.0 833.0 4418.0 17209.702587952168
21.0 6651.0 121.0 519.0 2331.2014164330044
910.0 6421.0 234.0 1087.0 4619.056056996339
926.0 6409.0 242.0 1119.0 4740.363580348856
11.0 1039.0 2951.0 14189.0 58826.83239629761
304.0 6543.0 181.0 756.0 3452.61417354338
2502.0 6270.0 306.0 1447.0 6162.0283691464
2304.0 6288.0 298.0 1393.0 5997.836890692169
1304.0 5032.0 940.0 4565.0 18641.49726268582
12.0 3683.0 1598.0 7665.0 32079.27676301278
427.0 2981.0 1989.0 9390.0 39240.09538935862
7.0 1782.0 2577.0 12460.0 51236.55748457009
2372.0 5643.0 598.0 3206.0 12455.60566470541
0.0 1571.0 2696.0 12941.0 53475.96437729347
21.0 3694.0 1593.0 7656.0 31943.112559473702
4278.0 6014.0 461.0 2048.0 8724.692889221604
2764.0 5738.0 551.0 2895.0 11482.320951451737
86.0 6610.0 132.0 669.0 2782.829584798976
61.0 2833.0 2072.0 9790.0 40759.16498585303
3450.0 5828.0 536.0 2569.0 10645.110435419585
448.0 2981.0 1995.0 9364.0 39231.48429228093
73.0 816.0 3071.0 14713.0 60871.7579387793
2292.0 6286.0 298.0 1399.0 6022.0745564792005
213.0 3394.0 1769.0 8468.0 34963.67577607652
1330.0 5077.0 914.0 4451.0 18120.62610880429
4287.0 6010.0 465.0 2050.0 8764.47835930296
66.0 2830.0 2072.0 9791.0 40779.43152513417
2382.0 5642.0 600.0 3195.0 12447.311313997952
432.0 2981.0 1989.0 9400.0 39230.76391376592
9.0 2152.0 2400.0 11460.0 47507.18998018568
0.0 6685.0 100.0 471.0 2003.1043204165971
22.0 4633.0 1133.0 5488.0 22605.86159777239
2312.0 6287.0 300.0 1385.0 6010.748403676183
2227.0 5552.0 670.0 3275.0 13357.596066994302
5.0 4629.0 1134.0 5515.0 22653.03188509565
2492.0 6271.0 307.0 1438.0 6152.6517411270015
213.0 3394.0 1770.0 8466.0 34964.21110512458
29.0 6745.0 76.0 270.0 1393.071045103459
2.0 2330.0 2310.0 11104.0 45747.37523484411
426.0 2974.0 1998.0 9374.0 39308.64992602527
0.0 2018.0 2453.0 11876.0 48905.700030499815
277.0 6550.0 175.0 758.0 3379.3680144768455
1333.0 5074.0 918.0 4449.0 18145.57784542372
3134.0 6083.0 399.0 1941.0 8079.181983106154
1756.0 5166.0 838.0 4439.0 17273.988015202154
2377.0 5645.0 598.0 3196.0 12422.135188290396
60.0 815.0 3074.0 14698.0 60892.56496978577
2749.0 5740.0 553.0 2887.0 11433.338358433826
274.0 6555.0 177.0 710.0 3329.5791596476984
291.0 6544.0 180.0 764.0 3457.8016087638252
68.0 2832.0 2074.0 9779.0 40762.37255280307
1293.0 5033.0 940.0 4559.0 18605.342542963237
4.0 6768.0 64.0 255.0 1178.2047114815784
24.0 2780.0 2089.0 9941.0 41259.444324757664
359.0 6532.0 183.0 825.0 3576.419877510115
1332.0 5079.0 915.0 4433.0 18100.570604078057
12.0 2530.0 2214.0 10565.0 43747.051743415126
104.0 6603.0 142.0 657.0 2863.8402764006264
938.0 6414.0 241.0 1060.0 4707.764713137179
429.0 2981.0 1991.0 9380.0 39239.616710926624
2293.0 6289.0 300.0 1382.0 5987.002283832833
852.0 6436.0 226.0 1024.0 4474.398305943012
8.0 4100.0 1442.0 6517.0 27890.755599340522
28.0 1358.0 2838.0 13120.0 55583.57372678855
1046.0 6407.0 238.0 1143.0 4780.382551011731
7.0 2601.0 2176.0 10488.0 43086.873271010205
2.0 3896.0 1539.0 7070.0 30075.03372087355
22.0 1626.0 2666.0 12752.0 52889.988959364906
956.0 6407.0 245.0 1110.0 4763.87984255908
14.0 2253.0 2339.0 11293.0 46571.644804315336
3.0 3685.0 1600.0 7650.0 32060.429635942342
2.0 2331.0 2309.0 11101.0 45730.665909062634
1291.0 5034.0 942.0 4562.0 18618.843241438284
8.0 2605.0 2175.0 10475.0 43064.56385018657
623.0 4814.0 1039.0 5063.0 20821.0753866182
2726.0 5740.0 553.0 2908.0 11464.00992048892
1933.0 5211.0 817.0 4318.0 16873.971800167874
893.0 6425.0 233.0 1050.0 4601.363763403823
1287.0 5039.0 939.0 4540.0 18550.2352630322
210.0 3392.0 1772.0 8461.0 34976.781864221695
3442.0 5829.0 539.0 2567.0 10624.2792473293
1277.0 5036.0 939.0 4558.0 18589.197349630474
417.0 2981.0 1992.0 9391.0 39218.399706020595
228.0 4718.0 1101.0 5338.0 21793.933247605513
1781.0 5174.0 834.0 4401.0 17243.702516671645
6.0 4602.0 1198.0 5231.0 22904.198237693607
2248.0 5547.0 674.0 3282.0 13405.930524690071
424.0 2978.0 1992.0 9391.0 39265.607429337375
11.0 3579.0 1685.0 7766.0 33178.79426921254
935.0 6409.0 243.0 1105.0 4733.761063984427
12.0 6768.0 63.0 258.0 1174.8397949933112
0.0 623.0 3166.0 15223.0 62971.88221542393
386.0 6530.0 190.0 784.0 3604.709634605382
2254.0 5561.0 667.0 3247.0 13242.869397214265
2739.0 5740.0 551.0 2894.0 11462.212739741895
2377.0 5645.0 598.0 3193.0 12427.355143168135
19.0 3442.0 1786.0 8149.0 34620.3441428786
29.0 6647.0 127.0 515.0 2361.171041549614
2738.0 5740.0 552.0 2901.0 11449.073728739642
2249.0 5559.0 669.0 3249.0 13274.409719179008
13.0 4628.0 1133.0 5504.0 22638.66390370304
2752.0 5742.0 553.0 2884.0 11417.364618075155
25.0 4608.0 1197.0 5203.0 22843.004208987106
2281.0 6292.0 295.0 1387.0 5962.489374583216
16.0 6773.0 61.0 254.0 1153.287467039997
1.0 2515.0 2220.0 10618.0 43916.26172479021
790.0 6454.0 217.0 990.0 4295.569194690393
6.0 4629.0 1135.0 5502.0 22637.42107955726
1775.0 5167.0 835.0 4412.0 17317.88990347389
1481.0 5066.0 920.0 4476.0 18236.58700228232
220.0 4712.0 1103.0 5352.0 21843.301742119547
1322.0 5080.0 914.0 4437.0 18092.000390932153
3.0 1774.0 2582.0 12478.0 51312.23926504676
21.0 2792.0 2074.0 9955.0 41157.99291887199
2845.0 6158.0 374.0 1706.0 7235.751075281475
16.0 3440.0 1784.0 8171.0 34643.91469531644
7.0 4241.0 1303.0 6490.0 26635.734696907693
1781.0 5170.0 837.0 4396.0 17299.50011325308
8.0 2152.0 2400.0 11463.0 47509.57231057556
57.0 810.0 3075.0 14723.0 60942.01013722597
1743.0 5175.0 833.0 4415.0 17191.188362697198
0.0 2329.0 2311.0 11104.0 45757.20328657117
2237.0 5556.0 669.0 3262.0 13310.201808545078
20.0 4606.0 1197.0 5212.0 22827.3802798847
627.0 4813.0 1040.0 5055.0 20833.017626400928
627.0 4819.0 1037.0 5040.0 20749.934584920884
0.0 1034.0 2953.0 14210.0 58868.41182098005
778.0 6456.0 216.0 986.0 4271.62939627443
733.0 4846.0 1040.0 4984.0 20536.776360852786
10.0 756.0 3106.0 14819.0 61569.10872828822
633.0 4815.0 1043.0 5032.0 20791.166309851065
11.0 2132.0 2447.0 11262.0 47782.864165527164
2732.0 5745.0 550.0 2885.0 11398.358537555965
4263.0 6019.0 457.0 2048.0 8693.292043528541
912.0 6417.0 238.0 1092.0 4658.289499224211
13.0 4600.0 1200.0 5228.0 22908.537013200115
13.0 1621.0 2670.0 12769.0 52954.640895167
16.0 1358.0 2838.0 13130.0 55561.342989460805
3.0 4601.0 1199.0 5231.0 22904.991392108408
2370.0 5647.0 597.0 3187.0 12404.559207709484
3455.0 5831.0 536.0 2573.0 10610.011758697707
2238.0 5556.0 669.0 3259.0 13297.604021607985
2252.0 5566.0 664.0 3237.0 13205.259051624182
5.0 4470.0 1232.0 5766.0 24194.265996480473
12.0 6651.0 124.0 509.0 2325.783735950323
0.0 2502.0 2226.0 10664.0 44027.32205013985
0.0 6770.0 63.0 249.0 1161.8669473447505
221.0 4718.0 1100.0 5345.0 21791.66133451433
5.0 4600.0 1203.0 5228.0 22916.674372014444
621.0 4816.0 1039.0 5053.0 20795.08950945394
2249.0 5568.0 666.0 3228.0 13185.758423968104
25.0 2783.0 2088.0 9925.0 41226.83642257195
21.0 2782.0 2089.0 9932.0 41245.59025789661
16.0 4605.0 1198.0 5215.0 22843.6127468368
4262.0 6024.0 454.0 2040.0 8659.292834606964
826.0 6444.0 223.0 1012.0 4386.68496487419
224.0 4717.0 1102.0 5342.0 21800.445066492226
4.0 4104.0 1441.0 6507.0 27849.8182161708
1279.0 5037.0 939.0 4550.0 18579.935806837122
3.0 1776.0 2583.0 12467.0 51305.768271589506
14.0 4606.0 1198.0 5210.0 22853.920420407452
4.0 3488.0 1720.0 8159.0 34231.20886316737
420.0 2970.0 1998.0 9398.0 39331.58508592571
1784.0 5171.0 837.0 4391.0 17286.56966450628
4.0 4631.0 1134.0 5498.0 22618.18870106729
5.0 4475.0 1230.0 5751.0 24134.848901836718
2235.0 5559.0 668.0 3255.0 13279.436803724791
3439.0 5831.0 538.0 2559.0 10612.946620691551
9.0 2119.0 2452.0 11297.0 47920.29186882288
11.0 3489.0 1719.0 8147.0 34208.33789029702
1788.0 5171.0 835.0 4400.0 17291.20262013631
6.0 4262.0 1372.0 6093.0 26170.694125517628
76.0 6612.0 130.0 677.0 2766.9600727107636
70.0 6614.0 132.0 655.0 2753.1961350055985
14.0 6762.0 68.0 245.0 1228.855886745354
2249.0 5574.0 661.0 3222.0 13116.433321427287
7.0 2244.0 2343.0 11325.0 46677.60897554904
2244.0 5574.0 661.0 3222.0 13126.803469497561
16.0 3694.0 1591.0 7666.0 31950.871941053047
0.0 3899.0 1537.0 7068.0 30053.068418859824
624.0 4817.0 1039.0 5054.0 20791.932435519084
0.0 6770.0 59.0 275.0 1158.187115975168
3439.0 5834.0 534.0 2560.0 10575.598936601524
20.0 3695.0 1592.0 7657.0 31942.478965346214
629.0 4817.0 1039.0 5053.0 20774.958979477222
1939.0 5209.0 816.0 4339.0 16890.848300810634
4.0 6769.0 64.0 249.0 1172.3820620182453
0.0 4633.0 1132.0 5498.0 22606.73723686264
0.0 3485.0 1722.0 8160.0 34253.08656757343
5.0 4234.0 1308.0 6495.0 26705.118732046067
14.0 3881.0 1524.0 7244.0 30173.264434703422
630.0 4815.0 1041.0 5046.0 20791.302621792693
6.0 3686.0 1598.0 7662.0 32046.60871577564
3.0 3944.0 1508.0 6973.0 29679.077451098536
6.0 3536.0 1758.0 7693.0 33667.23448265008
0.0 4441.0 1262.0 5804.0 24525.182280219084
6.0 6771.0 65.0 242.0 1174.9959192778192
11.0 3443.0 1783.0 8163.0 34614.09996507208
1779.0 5174.0 833.0 4400.0 17256.535130766293
4.0 2525.0 2216.0 10577.0 43818.222126257475
8.0 2776.0 2085.0 10009.0 41315.05106662221
1.0 4263.0 1370.0 6098.0 26164.428851398447
0.0 1777.0 2581.0 12474.0 51292.01018842744
2.0 749.0 3110.0 14829.0 61648.46311557068
9.0 4604.0 1199.0 5219.0 22870.20651839242
217.0 4719.0 1100.0 5340.0 21772.39686455465
17.0 2781.0 2089.0 9939.0 41253.060635711714
0.0 1121.0 2927.0 13932.0 57917.181142528025
0.0 6767.0 65.0 239.0 1184.5284384521299
0.0 1346.0 2845.0 13155.0 55675.56132255871
0.0 3947.0 1507.0 6970.0 29646.07938358356
724.0 4844.0 1043.0 4982.0 20546.26666103083
20.0 1625.0 2667.0 12754.0 52895.69530571473
4.0 3586.0 1683.0 7750.0 33118.09799504046
0.0 6770.0 63.0 249.0 1161.8669473447505
8.0 6768.0 63.0 259.0 1182.6103118458493
0.0 4605.0 1198.0 5219.0 22864.7560474267
0.0 679.0 3150.0 14952.0 62362.17015467437
0.0 6656.0 120.0 509.0 2278.653376531355
5.0 2126.0 2449.0 11283.0 47851.84038971783
0.0 2516.0 2219.0 10623.0 43901.30324812398
2250.0 5574.0 659.0 3241.0 13109.158208541441
3.0 4473.0 1231.0 5750.0 24153.800875259145
0.0 1344.0 2845.0 13165.0 55695.796558512775
12.0 6759.0 75.0 235.0 1275.0741937765888
0.0 3947.0 1507.0 6970.0 29646.07938358356
619.0 4816.0 1040.0 5049.0 20804.064820306776
0.0 3881.0 1525.0 7257.0 30176.012085778537
0.0 6770.0 63.0 249.0 1161.8669473447505
2248.0 5573.0 660.0 3239.0 13127.760455552916
41.0 2827.0 2074.0 9817.0 40813.88581970773
5.0 4104.0 1440.0 6506.0 27855.85910219604
60.0 6617.0 132.0 640.0 2718.333249576763
17.0 2789.0 2078.0 9962.0 41179.033936486354
3.0 4235.0 1305.0 6523.0 26698.957473986567
0.0 6683.0 105.0 445.0 2081.5114353024683
14.0 1624.0 2668.0 12762.0 52919.08134801083
0.0 6767.0 63.0 270.0 1177.2239633142951
1.0 1212.0 2867.0 13727.0 56969.24151181272
0.0 6678.0 101.0 503.0 2074.760087069069
0.0 4108.0 1439.0 6499.0 27819.85578445486
2.0 2119.0 2452.0 11305.0 47917.984675154905
2.0 636.0 3158.0 15164.0 62857.826396600016
4.0 3587.0 1682.0 7750.0 33108.75678557292
4.0 3688.0 1597.0 7664.0 32023.320687472944
19.0 4468.0 1245.0 5708.0 24115.915814812473
5.0 4267.0 1370.0 6082.0 26116.162907015467
0.0 6764.0 71.0 235.0 1224.9658538505125
5.0 657.0 3156.0 15020.0 62612.4617955513
0.0 3585.0 1685.0 7745.0 33135.47271692791
1.0 4109.0 1439.0 6497.0 27798.63533882661
0.0 3684.0 1599.0 7674.0 32074.16136367684
1.0 636.0 3167.0 15142.0 62819.25418682182
2.0 4262.0 1370.0 6102.0 26173.867634180642
0.0 2461.0 2258.0 10757.0 44460.33637710638
8.0 6757.0 71.0 253.0 1275.915605370106
10.0 6768.0 61.0 272.0 1181.232688656211
0.0 6761.0 71.0 245.0 1245.811118000578
0.0 6775.0 61.0 242.0 1132.656473573217
3.0 3536.0 1757.0 7705.0 33662.2259431656
0.0 1121.0 2927.0 13932.0 57917.181142528025
0.0 2118.0 2453.0 11308.0 47929.093998588956
0.0 6679.0 110.0 433.0 2127.651636470389
0.0 635.0 3167.0 15149.0 62837.57023956852
0.0 634.0 3159.0 15165.0 62872.050479350604
16.0 6771.0 62.0 259.0 1153.847534357902
2.0 4235.0 1306.0 6508.0 26708.182424239054
0.0 4264.0 1370.0 6096.0 26154.13683477486
0.0 1211.0 2867.0 13737.0 56973.0214415752
0.0 4264.0 1370.0 6096.0 26154.13683477486
4.0 6771.0 60.0 265.0 1158.375369430221
14.0 6770.0 62.0 262.0 1159.3970403820715
0.0 6715.0 97.0 347.0 1736.3590245168896
0.0 6773.0 60.0 259.0 1133.0660528667788
0.0 1210.0 2868.0 13737.0 56983.387968493
0.0 4239.0 1304.0 6502.0 26661.75176091857
0.0 645.0 3163.0 15106.0 62656.508905595234
0.0 645.0 3163.0 15106.0 62656.508905595234
