554.0 6505.0 196.0 845.0 3898.4036952861898
854.0 5179.0 868.0 4121.0 17229.889322188013
0.0 2517.0 2225.0 10612.0 43976.44291805732
7.0 2035.0 2459.0 11836.0 48732.615881062025
344.0 4861.0 1029.0 4899.0 20360.38722881762
1008.0 6335.0 289.0 1265.0 5484.565056562216
3.0 4284.0 1335.0 6268.0 26284.779224989845
1569.0 5728.0 598.0 2774.0 11688.67802975899
7.0 4443.0 1272.0 5661.0 24734.399984226908
13.0 2823.0 2079.0 9887.0 40827.54779429815
0.0 677.0 3131.0 15078.0 62395.75861176964
1289.0 6399.0 248.0 1172.0 4883.732828737525
52.0 1643.0 2645.0 12735.0 52699.46088391075
864.0 5175.0 867.0 4133.0 17259.427064650205
853.0 5178.0 870.0 4115.0 17227.656861859057
3.0 619.0 3168.0 15222.0 62954.938856704524
368.0 4862.0 1028.0 4897.0 20357.92203086559
4.0 3770.0 1572.0 7464.0 31454.78058768501
1490.0 5553.0 679.0 3186.0 13472.675965951614
1669.0 6220.0 351.0 1536.0 6664.074595256414
16.0 4708.0 1118.0 5122.0 21930.56839052538
10.0 4716.0 1115.0 5089.0 21860.251816259308
4.0 2033.0 2462.0 11820.0 48756.11985273042
404.0 6518.0 190.0 819.0 3762.7029286341667
14.0 6768.0 66.0 266.0 1175.8302677835109
1236.0 5428.0 737.0 3548.0 14652.023735795668
5.0 4282.0 1337.0 6258.0 26313.69884527058
11.0 2486.0 2239.0 10720.0 44280.506401281746
1541.0 5847.0 536.0 2479.0 10461.980429571233
188.0 4801.0 1059.0 5089.0 20931.0102726443
362.0 4858.0 1027.0 4918.0 20400.257667441405
36.0 4713.0 1111.0 5134.0 21852.71077442117
13.0 4714.0 1114.0 5113.0 21860.78135908558
12.0 6758.0 62.0 308.0 1284.8178798311228
485.0 4884.0 1007.0 4934.0 20130.470642523367
24.0 3491.0 1711.0 8247.0 34065.87299577965
1948.0 6057.0 435.0 1908.0 8231.407817141358
3.0 6766.0 68.0 256.0 1220.0352731877815
386.0 6523.0 185.0 809.0 3696.970947579851
851.0 5178.0 869.0 4120.0 17231.835453435284
851.0 5182.0 868.0 4098.0 17190.7850483837
0.0 4666.0 1136.0 5316.0 22207.813795822447
1661.0 6224.0 350.0 1524.0 6628.489118160867
18.0 6619.0 138.0 588.0 2764.1039363003692
0.0 6752.0 72.0 280.0 1406.9467729240564
844.0 5184.0 869.0 4099.0 17175.25384186614
1490.0 5554.0 679.0 3175.0 13441.849744987441
1675.0 6214.0 353.0 1548.0 6737.936510945743
859.0 5182.0 867.0 4118.0 17205.231178453727
32.0 4708.0 1119.0 5110.0 21916.468829553793
5.0 2032.0 2462.0 11836.0 48763.806859220334
1526.0 5849.0 534.0 2477.0 10436.015070142657
1611.0 5844.0 537.0 2473.0 10483.021162841935
1676.0 6214.0 355.0 1552.0 6727.786911340253
34.0 6618.0 136.0 586.0 2761.251742797166
11.0 4710.0 1118.0 5108.0 21907.13291252128
4.0 4445.0 1270.0 5683.0 24721.76550626191
844.0 5179.0 870.0 4118.0 17230.793288102046
686.0 3182.0 1875.0 8921.0 36993.24000225294
26.0 4706.0 1118.0 5113.0 21946.51125618707
0.0 6765.0 63.0 300.0 1219.5507785342616
85.0 6588.0 149.0 658.0 3039.2096613504445
0.0 3709.0 1609.0 7586.0 31852.057015969225
0.0 6761.0 68.0 286.0 1253.379204073818
504.0 6509.0 195.0 832.0 3837.875903497957
1191.0 6422.0 238.0 1098.0 4658.665316160008
1567.0 5743.0 583.0 2785.0 11523.356818053253
15.0 4712.0 1116.0 5106.0 21870.854121072396
1504.0 5746.0 589.0 2736.0 11508.193960168883
373.0 4858.0 1029.0 4911.0 20393.433480771426
847.0 5178.0 868.0 4149.0 17224.8405161662
130.0 6578.0 157.0 661.0 3121.8573315665626
1510.0 5746.0 585.0 2739.0 11493.050296158104
191.0 4800.0 1060.0 5084.0 20952.724323198483
399.0 6518.0 187.0 842.0 3751.5118150745852
1750.0 5622.0 646.0 2928.0 12706.091039336052
1559.0 5731.0 596.0 2771.0 11651.10284564139
856.0 5183.0 869.0 4103.0 17180.56066046234
0.0 6744.0 77.0 294.0 1455.346032736443
17.0 4714.0 1117.0 5082.0 21871.13398099831
1578.0 5757.0 577.0 2736.0 11397.179448073606
8.0 6768.0 65.0 270.0 1196.1684193274796
844.0 5178.0 871.0 4118.0 17242.229626925575
488.0 4885.0 1006.0 4934.0 20117.171870388538
22.0 4716.0 1113.0 5107.0 21831.592018324955
19.0 1361.0 2838.0 13120.0 55559.05631656763
848.0 5185.0 868.0 4101.0 17163.795165077117
8.0 4465.0 1237.0 5821.0 24350.962459407594
198.0 4803.0 1058.0 5083.0 20915.816516525792
1661.0 6221.0 348.0 1544.0 6669.215450606116
7.0 4715.0 1115.0 5101.0 21857.126661340168
47.0 6605.0 141.0 619.0 2885.997616262924
847.0 5179.0 870.0 4104.0 17222.175684659716
1537.0 5851.0 533.0 2475.0 10424.900901247936
849.0 5182.0 868.0 4103.0 17186.330382335465
8.0 3496.0 1706.0 8234.0 33999.14561949524
850.0 5181.0 869.0 4117.0 17203.60826153202
6.0 4712.0 1117.0 5102.0 21884.50357735936
113.0 6582.0 154.0 661.0 3081.9323797678026
1563.0 5729.0 597.0 2775.0 11676.143702445053
0.0 6769.0 65.0 259.0 1177.4787342061172
2.0 756.0 3107.0 14823.0 61586.23705591878
4.0 2751.0 2102.0 10046.0 41619.798004310156
40.0 3523.0 1734.0 7890.0 33844.23001266605
8.0 4036.0 1468.0 6665.0 28523.134671772354
5.0 3650.0 1689.0 7422.0 32667.56538795576
185.0 4801.0 1058.0 5093.0 20935.905524321908
7.0 6620.0 138.0 580.0 2737.73565061424
5.0 4077.0 1410.0 6817.0 28022.379950157167
434.0 6515.0 189.0 831.0 3787.1957209486786
9.0 1101.0 2934.0 13935.0 58003.58603361951
31.0 2840.0 2071.0 9832.0 40669.59764922789
1.0 613.0 3170.0 15244.0 63067.14628551316
4.0 2549.0 2208.0 10573.0 43670.668478463456
2.0 4662.0 1138.0 5334.0 22248.05566234796
1505.0 5751.0 584.0 2732.0 11453.09414757897
0.0 2450.0 2258.0 10857.0 44641.520401892325
217.0 6554.0 173.0 703.0 3399.2171083255503
206.0 4805.0 1057.0 5077.0 20885.602897365694
1.0 3492.0 1712.0 8224.0 34043.5964239429
342.0 4863.0 1026.0 4900.0 20345.015802862006
850.0 5180.0 870.0 4117.0 17210.947078433896
21.0 4710.0 1117.0 5111.0 21906.06008365579
846.0 5184.0 867.0 4112.0 17177.865117781686
3.0 6764.0 67.0 260.0 1218.2517554146657
3.0 1309.0 2864.0 13265.0 56017.187617498435
1.0 3768.0 1572.0 7473.0 31484.56566868053
1565.0 5730.0 596.0 2783.0 11677.045655801638
1983.0 6062.0 430.0 1905.0 8194.437758567918
510.0 3005.0 1967.0 9393.0 39159.914684884585
123.0 2171.0 2396.0 11537.0 47469.23129743758
77.0 6591.0 146.0 661.0 3003.083937367258
2.0 4285.0 1336.0 6256.0 26278.22743459356
5.0 6657.0 122.0 484.0 2317.4702894793136
6.0 2029.0 2466.0 11824.0 48795.608779935144
1534.0 5855.0 531.0 2463.0 10383.981002177301
3.0 2753.0 2101.0 10051.0 41601.75659819472
24.0 2836.0 2071.0 9864.0 40712.674650794404
0.0 2746.0 2106.0 10066.0 41668.690101037195
347.0 6530.0 182.0 807.0 3640.52056816374
512.0 2997.0 1968.0 9424.0 39229.75208725708
1566.0 5744.0 583.0 2777.0 11514.043634114974
8.0 3649.0 1690.0 7423.0 32687.721913890484
195.0 4803.0 1058.0 5083.0 20917.686982862113
1485.0 5557.0 679.0 3168.0 13422.355785759359
0.0 4472.0 1233.0 5823.0 24285.73562837835
843.0 5180.0 869.0 4118.0 17221.20679753062
8.0 4082.0 1408.0 6812.0 27964.01528558169
17.0 4709.0 1118.0 5113.0 21918.17289583108
51.0 1648.0 2646.0 12717.0 52651.476321077134
1577.0 5760.0 579.0 2725.0 11358.048321908767
1978.0 6065.0 430.0 1895.0 8157.589316806961
509.0 3001.0 1966.0 9407.0 39195.60572138791
4.0 845.0 3062.0 14706.0 60663.48135015604
0.0 6765.0 66.0 271.0 1208.5334366569627
21.0 2836.0 2073.0 9856.0 40713.64371290045
4.0 4031.0 1470.0 6681.0 28569.08588940765
9.0 3651.0 1689.0 7413.0 32671.82751417226
848.0 5181.0 868.0 4123.0 17201.316785454073
107.0 6581.0 153.0 674.0 3117.472629303795
224.0 6553.0 175.0 692.0 3414.9285687383112
188.0 4802.0 1060.0 5084.0 20935.10633651317
543.0 3009.0 1962.0 9366.0 39118.0509651826
6.0 1352.0 2844.0 13143.0 55628.432537997964
9.0 4037.0 1468.0 6661.0 28530.829645532576
43.0 1626.0 2647.0 12818.0 52849.259739519264
182.0 4801.0 1060.0 5088.0 20949.12262139825
12.0 4714.0 1115.0 5106.0 21861.170679387014
0.0 836.0 3051.0 14717.0 60790.2066394859
35.0 3522.0 1735.0 7894.0 33863.944433518554
850.0 5179.0 869.0 4120.0 17224.1506563642
1562.0 5731.0 596.0 2773.0 11650.111506304853
1653.0 6229.0 345.0 1524.0 6580.348971682472
7.0 6766.0 67.0 262.0 1208.0910990397808
43.0 1643.0 2647.0 12732.0 52710.02985520985
6.0 2029.0 2467.0 11822.0 48799.36687616443
13.0 3519.0 1701.0 8125.0 33754.96002885966
0.0 6673.0 106.0 494.0 2131.517944582312
15.0 1358.0 2840.0 13128.0 55587.06936773785
5.0 4081.0 1411.0 6798.0 27983.034526227755
1557.0 5734.0 595.0 2763.0 11619.4954481807
0.0 2454.0 2257.0 10833.0 44613.32327143007
7.0 6696.0 96.0 425.0 1907.6561219016437
846.0 5184.0 868.0 4107.0 17176.66085972518
70.0 6594.0 145.0 647.0 2977.345780475939
72.0 6593.0 147.0 642.0 2997.5901605462614
8.0 4552.0 1165.0 5709.0 23601.59168199441
0.0 3654.0 1688.0 7416.0 32630.717930475097
1.0 1091.0 2937.0 13972.0 58113.82241176243
5.0 6764.0 69.0 257.0 1227.3711222113043
5.0 3533.0 1731.0 7890.0 33741.12810621593
532.0 3005.0 1962.0 9395.0 39158.58533021327
2.0 3496.0 1711.0 8210.0 34018.19825930895
0.0 4663.0 1137.0 5334.0 22239.399857133634
12.0 6762.0 69.0 253.0 1236.6717008972405
1977.0 6070.0 427.0 1885.0 8121.7231326690435
13.0 2041.0 2459.0 11796.0 48675.34998278929
0.0 4716.0 1114.0 5101.0 21846.99016626562
183.0 4801.0 1059.0 5090.0 20943.099608720306
3.0 2522.0 2221.0 10643.0 43887.97656500986
2.0 3678.0 1610.0 7763.0 32086.21819015223
0.0 4034.0 1469.0 6675.0 28548.71969527998
0.0 3493.0 1710.0 8234.0 34040.50413312616
12.0 2825.0 2081.0 9856.0 40811.45101910099
3.0 4444.0 1270.0 5683.0 24728.52989495724
0.0 2550.0 2209.0 10576.0 43661.18045987857
847.0 5183.0 867.0 4117.0 17182.975898109493
8.0 4085.0 1407.0 6799.0 27950.453232354197
221.0 6554.0 174.0 691.0 3423.0278943247904
1.0 2031.0 2461.0 11849.0 48772.205072417506
7.0 6762.0 67.0 260.0 1227.8145908419824
41.0 1639.0 2646.0 12759.0 52747.653747975906
6.0 2826.0 2080.0 9866.0 40795.95495167258
9.0 2033.0 2464.0 11803.0 48755.91918512182
108.0 2160.0 2403.0 11559.0 47598.81037572081
5.0 706.0 3133.0 14904.0 62116.36325932755
13.0 1100.0 2933.0 13929.0 58015.04220796101
8.0 2826.0 2078.0 9869.0 40799.98910014998
0.0 751.0 3108.0 14848.0 61642.39943368523
11.0 3999.0 1489.0 6731.0 29127.485526307002
0.0 4536.0 1196.0 5666.0 23613.49629907318
0.0 1349.0 2844.0 13157.0 55664.307709147346
0.0 2482.0 2239.0 10744.0 44311.586959582826
4.0 6766.0 68.0 257.0 1212.7331447672345
5.0 1099.0 2931.0 13954.0 58041.28391320616
0.0 4608.0 1185.0 5391.0 22828.388201890462
4.0 2031.0 2464.0 11822.0 48785.52692678202
2.0 2751.0 2103.0 10051.0 41622.14014835373
22.0 6645.0 123.0 511.0 2450.044954973221
5.0 609.0 3172.0 15259.0 63095.486472775294
7.0 6768.0 64.0 281.0 1200.3734194974609
5.0 2827.0 2079.0 9864.0 40783.924766569224
0.0 1305.0 2867.0 13275.0 56052.387551454325
1.0 2457.0 2257.0 10812.0 44578.533743253865
0.0 2030.0 2463.0 11844.0 48787.064517958104
1579.0 5761.0 577.0 2727.0 11347.830207803629
2.0 2520.0 2223.0 10644.0 43906.37567761119
0.0 2482.0 2239.0 10744.0 44311.586959582826
0.0 4083.0 1408.0 6807.0 27970.445440458367
36.0 1624.0 2650.0 12818.0 52883.373552902165
3.0 4685.0 1114.0 5338.0 22111.230054299293
1.0 3983.0 1454.0 7019.0 29143.397446445513
0.0 2824.0 2079.0 9888.0 40828.11451064169
0.0 6765.0 63.0 300.0 1219.5507785342616
0.0 4608.0 1185.0 5391.0 22828.388201890462
5.0 3732.0 1584.0 7650.0 31590.827416517095
1.0 3681.0 1609.0 7756.0 32062.400486893308
9.0 6764.0 67.0 253.0 1222.289143585998
0.0 3772.0 1572.0 7467.0 31457.307901360626
0.0 6767.0 66.0 252.0 1189.869058375736
9.0 1287.0 2842.0 13493.0 56265.338935813634
1.0 4285.0 1335.0 6260.0 26284.440658394873
5.0 3525.0 1699.0 8110.0 33701.39723359398
0.0 6653.0 122.0 491.0 2360.910027471087
0.0 2520.0 2223.0 10647.0 43909.73702849064
1.0 1090.0 2938.0 13972.0 58121.532204088864
33.0 6610.0 139.0 611.0 2825.323582795573
0.0 3683.0 1607.0 7756.0 32039.565760177786
0.0 4560.0 1163.0 5696.0 23527.839521773363
0.0 4284.0 1336.0 6260.0 26301.14874918609
5.0 609.0 3172.0 15259.0 63095.486472775294
0.0 4084.0 1408.0 6805.0 27961.524796482034
0.0 6715.0 86.0 397.0 1730.9312319902924
0.0 6762.0 62.0 296.0 1249.7546013426418
6.0 4447.0 1269.0 5676.0 24692.720358162314
0.0 2746.0 2106.0 10066.0 41668.690101037195
0.0 6770.0 64.0 266.0 1174.7898325497995
0.0 6659.0 121.0 477.0 2297.655021841275
0.0 1087.0 2940.0 13977.0 58157.025263787036
1.0 6765.0 67.0 267.0 1218.5490354746958
0.0 6701.0 94.0 414.0 1852.129314959104
0.0 3982.0 1455.0 7019.0 29154.759677713224
2.0 611.0 3171.0 15250.0 63091.62057972412
0.0 2748.0 2105.0 10056.0 41651.2279668264
0.0 4690.0 1112.0 5333.0 22056.5385304278
0.0 615.0 3171.0 15222.0 63005.83716386948
0.0 1597.0 2665.0 12917.0 53186.77657065675
2.0 610.0 3171.0 15260.0 63097.25624327
3.0 4446.0 1269.0 5681.0 24706.9489205244
0.0 6745.0 77.0 288.0 1447.7196345282052
0.0 688.0 3141.0 14965.0 62290.15711568678
0.0 6625.0 135.0 577.0 2698.456858988282
0.0 608.0 3173.0 15260.0 63112.87598074071
0.0 4447.0 1268.0 5685.0 24696.403067811996
0.0 6769.0 65.0 259.0 1177.4787342061172
0.0 1597.0 2665.0 12917.0 53186.77657065675
0.0 6767.0 66.0 252.0 1189.869058375736
0.0 6764.0 62.0 301.0 1242.2253874534695
0.0 6765.0 65.0 274.0 1225.7610999888173
0.0 639.0 3168.0 15106.0 62734.34839190546
0.0 639.0 3168.0 15106.0 62734.34839190546
