0.0 40.0 37965.0 0.31518037287671 268.0 7.0470068E7 534.0 56.0
0.0 40.0 29404.0 0.15430898619887173 246.0 8.0309521E7 390.0 51.0
0.0 22.0 137298.0 2.932711509034581 91.0 2.3186314E7 1733.0 193.0
0.0 24.0 171218.0 1.8891129000312115 97.0 1.8730736E7 1808.0 178.0
0.0 37.0 59373.0 0.3939936143357251 279.0 6.4479772E7 650.0 164.0
0.0 23.0 114442.0 2.0960267613479555 161.0 2.9635699E7 1566.0 236.0
0.0 19.0 179992.0 3.9465785937996554 28.0 1.676145E7 2216.0 195.0
0.0 28.0 98097.0 2.434319128857571 133.0 2.6867608E7 1387.0 169.0
0.0 23.0 114442.0 2.0960267613479555 161.0 2.9635699E7 1566.0 236.0
0.0 8.0 250948.0 3.487076906282232 19.0 1.7782353E7 2580.0 451.0
0.0 29.0 111380.0 1.6841445969204936 105.0 3.6289437E7 1347.0 160.0
0.0 24.0 171218.0 1.8891129000312115 97.0 1.8730736E7 1808.0 178.0
0.0 11.0 274807.0 3.1139137291033254 13.0 9822797.0 2498.0 326.0
0.0 11.0 266330.0 3.9037376871223666 36.0 8847799.0 2623.0 242.0
0.0 16.0 209495.0 3.7514791650983765 25.0 5698493.0 2436.0 230.0
0.0 22.0 195227.0 1.0314510908386791 128.0 5.2956757E7 1542.0 317.0
0.0 39.0 32128.0 1.37741532669377 284.0 6.932385E7 663.0 27.0
0.0 28.0 98097.0 2.434319128857571 133.0 2.6867608E7 1387.0 169.0
0.0 15.0 275314.0 1.8482000790222288 49.0 3.998319E7 2060.0 417.0
0.0 15.0 275314.0 1.8482000790222288 49.0 3.998319E7 2060.0 417.0
0.0 16.0 209495.0 3.7514791650983765 25.0 5698493.0 2436.0 230.0
0.0 15.0 275314.0 1.8482000790222288 49.0 3.998319E7 2060.0 417.0
0.0 18.0 170278.0 1.6039861905556234 124.0 2.7395804E7 2017.0 312.0
0.0 34.0 129149.0 0.3828769909101034 203.0 7.2855184E7 688.0 165.0
0.0 22.0 170742.0 2.7383914400129434 55.0 2.2617609E7 1827.0 176.0
0.0 25.0 118842.0 2.0672061249024622 109.0 2.9998991E7 1452.0 166.0
0.0 8.0 250948.0 3.487076906282232 19.0 1.7782353E7 2580.0 451.0
0.0 22.0 170742.0 2.7383914400129434 55.0 2.2617609E7 1827.0 176.0
0.0 28.0 98097.0 2.434319128857571 133.0 2.6867608E7 1387.0 169.0
0.0 21.0 140118.0 2.8953475727344746 80.0 1.7715217E7 1981.0 165.0
0.0 34.0 64233.0 0.412480261758705 261.0 6.7851028E7 763.0 182.0
0.0 22.0 133724.0 2.826154221283059 93.0 1.859384E7 1826.0 211.0
0.0 38.0 46312.0 0.6649990150686937 245.0 6.9330115E7 622.0 50.0
0.0 21.0 140118.0 2.8953475727344746 80.0 1.7715217E7 1981.0 165.0
0.0 28.0 101727.0 2.5798675644700864 128.0 3.5381497E7 1341.0 134.0
0.0 31.0 71426.0 2.5693019347094106 195.0 4.1934304E7 1219.0 94.0
0.0 34.0 64233.0 0.412480261758705 261.0 6.7851028E7 763.0 182.0
0.0 24.0 171218.0 1.8891129000312115 97.0 1.8730736E7 1808.0 178.0
0.0 17.0 163880.0 1.6586291326786606 94.0 2.7294202E7 2010.0 309.0
0.0 8.0 252145.0 3.5515103445724434 9.0 7656913.0 2731.0 393.0
0.0 22.0 133724.0 2.826154221283059 93.0 1.859384E7 1826.0 211.0
0.0 34.0 64233.0 0.412480261758705 261.0 6.7851028E7 763.0 182.0
0.0 20.0 187136.0 2.8232738588259334 44.0 2.1971652E7 1924.0 191.0
0.0 37.0 44360.0 2.320298554239201 245.0 6.852227E7 685.0 60.0
0.0 27.0 90652.0 1.8497751520843364 196.0 5.0206827E7 1277.0 107.0
0.0 16.0 209495.0 3.7514791650983765 25.0 5698493.0 2436.0 230.0
0.0 29.0 111380.0 1.6841445969204936 105.0 3.6289437E7 1347.0 160.0
0.0 19.0 190132.0 2.875905437773302 41.0 1.6712127E7 2018.0 194.0
0.0 22.0 133724.0 2.826154221283059 93.0 1.859384E7 1826.0 211.0
0.0 35.0 114636.0 0.8420201997165366 200.0 6.3998476E7 761.0 92.0
0.0 22.0 133724.0 2.826154221283059 93.0 1.859384E7 1826.0 211.0
0.0 3.0 279696.0 5.3747734202945345 2.0 1195594.0 3023.0 538.0
0.0 23.0 113544.0 3.0142590988616207 98.0 1.8593521E7 1873.0 163.0
0.0 30.0 85107.0 1.719524566694588 162.0 4.1937771E7 1195.0 120.0
0.0 25.0 118147.0 1.5042822881218523 124.0 3.5093035E7 1387.0 275.0
0.0 11.0 274807.0 3.1139137291033254 13.0 9822797.0 2498.0 326.0
0.0 25.0 118842.0 2.0672061249024622 109.0 2.9998991E7 1452.0 166.0
0.0 29.0 111380.0 1.6841445969204936 105.0 3.6289437E7 1347.0 160.0
0.0 12.0 225242.0 4.235596331674722 10.0 4397376.0 2655.0 279.0
0.0 39.0 47982.0 1.1821062994085756 242.0 7.4466012E7 522.0 66.0
0.0 39.0 24969.0 0.22838475213864143 296.0 7.9562273E7 465.0 43.0
0.0 29.0 126720.0 0.7130030172756991 142.0 4.6874976E7 1146.0 229.0
0.0 37.0 44360.0 2.320298554239201 245.0 6.852227E7 685.0 60.0
0.0 29.0 126720.0 0.7130030172756991 142.0 4.6874976E7 1146.0 229.0
0.0 38.0 37004.0 0.5314150551689445 288.0 7.8850453E7 504.0 95.0
0.0 16.0 209495.0 3.7514791650983765 25.0 5698493.0 2436.0 230.0
0.0 12.0 225242.0 4.235596331674722 10.0 4397376.0 2655.0 279.0
0.0 21.0 140118.0 2.8953475727344746 80.0 1.7715217E7 1981.0 165.0
0.0 32.0 82029.0 2.376834508215056 135.0 4.7088667E7 1091.0 104.0
0.0 28.0 98097.0 2.434319128857571 133.0 2.6867608E7 1387.0 169.0
0.0 22.0 133724.0 2.826154221283059 93.0 1.859384E7 1826.0 211.0
0.0 14.0 215532.0 3.378874986266202 31.0 1.0169003E7 2250.0 362.0
0.0 19.0 190132.0 2.875905437773302 41.0 1.6712127E7 2018.0 194.0
0.0 39.0 24969.0 0.22838475213864143 296.0 7.9562273E7 465.0 43.0
0.0 37.0 63766.0 1.6388362868552044 214.0 6.4057733E7 741.0 96.0
0.0 22.0 137298.0 2.932711509034581 91.0 2.3186314E7 1733.0 193.0
0.0 37.0 65540.0 0.5107486600271032 216.0 6.9100843E7 687.0 138.0
0.0 29.0 73174.0 1.5396548376756982 210.0 5.0957013E7 1126.0 126.0
0.0 30.0 85107.0 1.719524566694588 162.0 4.1937771E7 1195.0 120.0
0.0 37.0 59682.0 0.7979020273162938 212.0 6.905822E7 662.0 141.0
0.0 30.0 127946.0 0.4749510831401556 215.0 4.6862364E7 1079.0 201.0
0.0 34.0 129149.0 0.3828769909101034 203.0 7.2855184E7 688.0 165.0
0.0 12.0 225242.0 4.235596331674722 10.0 4397376.0 2655.0 279.0
0.0 21.0 140118.0 2.8953475727344746 80.0 1.7715217E7 1981.0 165.0
0.0 39.0 47982.0 1.1821062994085756 242.0 7.4466012E7 522.0 66.0
0.0 28.0 101727.0 2.5798675644700864 128.0 3.5381497E7 1341.0 134.0
0.0 17.0 163880.0 1.6586291326786606 94.0 2.7294202E7 2010.0 309.0
0.0 34.0 129149.0 0.3828769909101034 203.0 7.2855184E7 688.0 165.0
0.0 8.0 252145.0 3.5515103445724434 9.0 7656913.0 2731.0 393.0
0.0 35.0 114636.0 0.8420201997165366 200.0 6.3998476E7 761.0 92.0
0.0 28.0 101727.0 2.5798675644700864 128.0 3.5381497E7 1341.0 134.0
0.0 24.0 171218.0 1.8891129000312115 97.0 1.8730736E7 1808.0 178.0
0.0 30.0 84900.0 1.5081628290170608 128.0 4.2262425E7 1211.0 165.0
0.0 29.0 111380.0 1.6841445969204936 105.0 3.6289437E7 1347.0 160.0
0.0 21.0 173738.0 2.791023018960312 52.0 1.7358084E7 1921.0 179.0
0.0 25.0 118842.0 2.0672061249024622 109.0 2.9998991E7 1452.0 166.0
0.0 39.0 47982.0 1.1821062994085756 242.0 7.4466012E7 522.0 66.0
0.0 12.0 225242.0 4.235596331674722 10.0 4397376.0 2655.0 279.0
0.0 31.0 78170.0 1.3699313755054718 193.0 6.663787E7 819.0 146.0
0.0 14.0 215532.0 3.378874986266202 31.0 1.0169003E7 2250.0 362.0
0.0 16.0 209495.0 3.7514791650983765 25.0 5698493.0 2436.0 230.0
0.0 33.0 91525.0 1.284102678641121 141.0 4.3387166E7 1071.0 158.0
0.0 16.0 213726.0 2.246655890395636 52.0 3.0992159E7 2109.0 412.0
0.0 24.0 171218.0 1.8891129000312115 97.0 1.8730736E7 1808.0 178.0
0.0 19.0 190132.0 2.875905437773302 41.0 1.6712127E7 2018.0 194.0
0.0 19.0 190132.0 2.875905437773302 41.0 1.6712127E7 2018.0 194.0
0.0 29.0 73174.0 1.5396548376756982 210.0 5.0957013E7 1126.0 126.0
0.0 7.0 237920.0 5.295290062122653 42.0 1.1990299E7 2741.0 338.0
0.0 25.0 118842.0 2.0672061249024622 109.0 2.9998991E7 1452.0 166.0
0.0 30.0 84900.0 1.5081628290170608 128.0 4.2262425E7 1211.0 165.0
0.0 20.0 142823.0 3.6969872370365153 78.0 2.2264707E7 1899.0 215.0
0.0 24.0 171218.0 1.8891129000312115 97.0 1.8730736E7 1808.0 178.0
0.0 14.0 171332.0 3.2102595869904262 92.0 1.537277E7 2201.0 321.0
0.0 37.0 44360.0 2.320298554239201 245.0 6.852227E7 685.0 60.0
0.0 37.0 65540.0 0.5107486600271032 216.0 6.9100843E7 687.0 138.0
0.0 17.0 192452.0 3.1509120079802684 27.0 1.1780762E7 2326.0 278.0
0.0 35.0 114636.0 0.8420201997165366 200.0 6.3998476E7 761.0 92.0
0.0 15.0 275314.0 1.8482000790222288 49.0 3.998319E7 2060.0 417.0
0.0 34.0 64233.0 0.412480261758705 261.0 6.7851028E7 763.0 182.0
0.0 24.0 171218.0 1.8891129000312115 97.0 1.8730736E7 1808.0 178.0
0.0 8.0 252145.0 3.5515103445724434 9.0 7656913.0 2731.0 393.0
0.0 30.0 84900.0 1.5081628290170608 128.0 4.2262425E7 1211.0 165.0
0.0 34.0 64233.0 0.412480261758705 261.0 6.7851028E7 763.0 182.0
0.0 22.0 170742.0 2.7383914400129434 55.0 2.2617609E7 1827.0 176.0
0.0 37.0 59373.0 0.3939936143357251 279.0 6.4479772E7 650.0 164.0
0.0 12.0 225242.0 4.235596331674722 10.0 4397376.0 2655.0 279.0
0.0 19.0 149766.0 2.2629379893682597 139.0 2.8623874E7 1761.0 339.0
0.0 40.0 28777.0 0.37752923966567536 331.0 8.0376002E7 376.0 118.0
0.0 15.0 275314.0 1.8482000790222288 49.0 3.998319E7 2060.0 417.0
0.0 19.0 149766.0 2.2629379893682597 139.0 2.8623874E7 1761.0 339.0
0.0 19.0 190132.0 2.875905437773302 41.0 1.6712127E7 2018.0 194.0
0.0 17.0 163880.0 1.6586291326786606 94.0 2.7294202E7 2010.0 309.0
0.0 17.0 192452.0 3.1509120079802684 27.0 1.1780762E7 2326.0 278.0
0.0 21.0 140118.0 2.8953475727344746 80.0 1.7715217E7 1981.0 165.0
0.0 17.0 192452.0 3.1509120079802684 27.0 1.1780762E7 2326.0 278.0
0.0 25.0 91336.0 1.8880143047858269 219.0 3.4683576E7 1645.0 231.0
0.0 39.0 47982.0 1.1821062994085756 242.0 7.4466012E7 522.0 66.0
0.0 38.0 50401.0 0.20497946472656284 293.0 6.9580526E7 653.0 131.0
0.0 38.0 37004.0 0.5314150551689445 288.0 7.8850453E7 504.0 95.0
0.0 16.0 213726.0 2.246655890395636 52.0 3.0992159E7 2109.0 412.0
0.0 41.0 15898.0 0.8196718010671498 339.0 8.5123687E7 349.0 98.0
0.0 25.0 118147.0 1.5042822881218523 124.0 3.5093035E7 1387.0 275.0
0.0 23.0 114442.0 2.0960267613479555 161.0 2.9635699E7 1566.0 236.0
0.0 22.0 195227.0 1.0314510908386791 128.0 5.2956757E7 1542.0 317.0
0.0 39.0 24969.0 0.22838475213864143 296.0 7.9562273E7 465.0 43.0
0.0 25.0 118147.0 1.5042822881218523 124.0 3.5093035E7 1387.0 275.0
0.0 22.0 170742.0 2.7383914400129434 55.0 2.2617609E7 1827.0 176.0
0.0 22.0 202120.0 2.204500898238701 44.0 1.8750838E7 1892.0 319.0
0.0 29.0 126720.0 0.7130030172756991 142.0 4.6874976E7 1146.0 229.0
0.0 28.0 98097.0 2.434319128857571 133.0 2.6867608E7 1387.0 169.0
0.0 17.0 192452.0 3.1509120079802684 27.0 1.1780762E7 2326.0 278.0
0.0 34.0 64233.0 0.412480261758705 261.0 6.7851028E7 763.0 182.0
0.0 17.0 192452.0 3.1509120079802684 27.0 1.1780762E7 2326.0 278.0
0.0 16.0 213726.0 2.246655890395636 52.0 3.0992159E7 2109.0 412.0
0.0 8.0 252145.0 3.5515103445724434 9.0 7656913.0 2731.0 393.0
0.0 17.0 192452.0 3.1509120079802684 27.0 1.1780762E7 2326.0 278.0
0.0 29.0 111380.0 1.6841445969204936 105.0 3.6289437E7 1347.0 160.0
0.0 33.0 82184.0 1.1855015245932106 155.0 4.7891208E7 1039.0 109.0
0.0 38.0 50401.0 0.20497946472656284 293.0 6.9580526E7 653.0 131.0
0.0 17.0 192452.0 3.1509120079802684 27.0 1.1780762E7 2326.0 278.0
0.0 33.0 82184.0 1.1855015245932106 155.0 4.7891208E7 1039.0 109.0
0.0 33.0 82184.0 1.1855015245932106 155.0 4.7891208E7 1039.0 109.0
0.0 34.0 64233.0 0.412480261758705 261.0 6.7851028E7 763.0 182.0
0.0 33.0 82184.0 1.1855015245932106 155.0 4.7891208E7 1039.0 109.0
0.0 28.0 138909.0 1.1930203215856918 136.0 4.083277E7 1249.0 160.0
0.0 40.0 66806.0 0.42252314931687296 224.0 7.0553191E7 513.0 200.0
0.0 21.0 140118.0 2.8953475727344746 80.0 1.7715217E7 1981.0 165.0
0.0 30.0 84900.0 1.5081628290170608 128.0 4.2262425E7 1211.0 165.0
0.0 12.0 225242.0 4.235596331674722 10.0 4397376.0 2655.0 279.0
0.0 11.0 274807.0 3.1139137291033254 13.0 9822797.0 2498.0 326.0
0.0 38.0 46312.0 0.6649990150686937 245.0 6.9330115E7 622.0 50.0
0.0 37.0 71742.0 0.603659635549521 215.0 7.4148142E7 530.0 192.0
0.0 33.0 91525.0 1.284102678641121 141.0 4.3387166E7 1071.0 158.0
0.0 29.0 126720.0 0.7130030172756991 142.0 4.6874976E7 1146.0 229.0
0.0 38.0 50401.0 0.20497946472656284 293.0 6.9580526E7 653.0 131.0
0.0 11.0 274807.0 3.1139137291033254 13.0 9822797.0 2498.0 326.0
0.0 34.0 64233.0 0.412480261758705 261.0 6.7851028E7 763.0 182.0
0.0 27.0 90652.0 1.8497751520843364 196.0 5.0206827E7 1277.0 107.0
0.0 25.0 118147.0 1.5042822881218523 124.0 3.5093035E7 1387.0 275.0
0.0 37.0 71742.0 0.603659635549521 215.0 7.4148142E7 530.0 192.0
0.0 30.0 84900.0 1.5081628290170608 128.0 4.2262425E7 1211.0 165.0
0.0 33.0 82184.0 1.1855015245932106 155.0 4.7891208E7 1039.0 109.0
0.0 40.0 28777.0 0.37752923966567536 331.0 8.0376002E7 376.0 118.0
0.0 24.0 171218.0 1.8891129000312115 97.0 1.8730736E7 1808.0 178.0
0.0 28.0 138909.0 1.1930203215856918 136.0 4.083277E7 1249.0 160.0
0.0 28.0 138909.0 1.1930203215856918 136.0 4.083277E7 1249.0 160.0
0.0 29.0 126720.0 0.7130030172756991 142.0 4.6874976E7 1146.0 229.0
0.0 29.0 73174.0 1.5396548376756982 210.0 5.0957013E7 1126.0 126.0
0.0 25.0 121611.0 2.4868896713110353 112.0 2.0699499E7 1684.0 181.0
0.0 29.0 126720.0 0.7130030172756991 142.0 4.6874976E7 1146.0 229.0
0.0 16.0 198317.0 2.3405123628202613 113.0 2.0388233E7 2221.0 318.0
0.0 28.0 138909.0 1.1930203215856918 136.0 4.083277E7 1249.0 160.0
0.0 28.0 138909.0 1.1930203215856918 136.0 4.083277E7 1249.0 160.0
0.0 32.0 82029.0 2.376834508215056 135.0 4.7088667E7 1091.0 104.0
0.0 39.0 47982.0 1.1821062994085756 242.0 7.4466012E7 522.0 66.0
0.0 25.0 118842.0 2.0672061249024622 109.0 2.9998991E7 1452.0 166.0
0.0 33.0 82184.0 1.1855015245932106 155.0 4.7891208E7 1039.0 109.0
0.0 38.0 48443.0 0.6266531504070396 235.0 7.904594E7 472.0 80.0
0.0 14.0 215532.0 3.378874986266202 31.0 1.0169003E7 2250.0 362.0
0.0 28.0 138909.0 1.1930203215856918 136.0 4.083277E7 1249.0 160.0
0.0 22.0 202120.0 2.204500898238701 44.0 1.8750838E7 1892.0 319.0
0.0 25.0 121611.0 2.4868896713110353 112.0 2.0699499E7 1684.0 181.0
0.0 39.0 24969.0 0.22838475213864143 296.0 7.9562273E7 465.0 43.0
0.0 33.0 82184.0 1.1855015245932106 155.0 4.7891208E7 1039.0 109.0
0.0 25.0 118147.0 1.5042822881218523 124.0 3.5093035E7 1387.0 275.0
0.0 25.0 121611.0 2.4868896713110353 112.0 2.0699499E7 1684.0 181.0
0.0 24.0 171218.0 1.8891129000312115 97.0 1.8730736E7 1808.0 178.0
0.0 35.0 71796.0 0.3939936143357251 276.0 6.3877414E7 699.0 245.0
0.0 23.0 114442.0 2.0960267613479555 161.0 2.9635699E7 1566.0 236.0
0.0 39.0 32128.0 1.37741532669377 284.0 6.932385E7 663.0 27.0
0.0 35.0 114636.0 0.8420201997165366 200.0 6.3998476E7 761.0 92.0
0.0 33.0 82184.0 1.1855015245932106 155.0 4.7891208E7 1039.0 109.0
0.0 21.0 141407.0 2.6368393182198657 97.0 2.8625906E7 1640.0 250.0
0.0 16.0 213726.0 2.246655890395636 52.0 3.0992159E7 2109.0 412.0
0.0 25.0 121611.0 2.4868896713110353 112.0 2.0699499E7 1684.0 181.0
0.0 8.0 250948.0 3.487076906282232 19.0 1.7782353E7 2580.0 451.0
0.0 25.0 118147.0 1.5042822881218523 124.0 3.5093035E7 1387.0 275.0
0.0 21.0 141407.0 2.6368393182198657 97.0 2.8625906E7 1640.0 250.0
0.0 29.0 126720.0 0.7130030172756991 142.0 4.6874976E7 1146.0 229.0
0.0 8.0 252145.0 3.5515103445724434 9.0 7656913.0 2731.0 393.0
0.0 19.0 179992.0 3.9465785937996554 28.0 1.676145E7 2216.0 195.0
0.0 30.0 85107.0 1.719524566694588 162.0 4.1937771E7 1195.0 120.0
0.0 16.0 209149.0 3.8393579278114607 12.0 1.0827088E7 2396.0 219.0
0.0 15.0 214261.0 3.346616921750073 32.0 1.0407391E7 2198.0 358.0
0.0 25.0 118147.0 1.5042822881218523 124.0 3.5093035E7 1387.0 275.0
0.0 25.0 121611.0 2.4868896713110353 112.0 2.0699499E7 1684.0 181.0
0.0 25.0 118147.0 1.5042822881218523 124.0 3.5093035E7 1387.0 275.0
0.0 19.0 190132.0 2.875905437773302 41.0 1.6712127E7 2018.0 194.0
0.0 30.0 85107.0 1.719524566694588 162.0 4.1937771E7 1195.0 120.0
0.0 24.0 113829.0 2.6515565753653423 121.0 2.4082078E7 1643.0 201.0
0.0 28.0 98097.0 2.434319128857571 133.0 2.6867608E7 1387.0 169.0
0.0 22.0 202120.0 2.204500898238701 44.0 1.8750838E7 1892.0 319.0
0.0 30.0 85107.0 1.719524566694588 162.0 4.1937771E7 1195.0 120.0
0.0 21.0 140118.0 2.8953475727344746 80.0 1.7715217E7 1981.0 165.0
0.0 19.0 149766.0 2.2629379893682597 139.0 2.8623874E7 1761.0 339.0
0.0 28.0 98097.0 2.434319128857571 133.0 2.6867608E7 1387.0 169.0
0.0 25.0 121611.0 2.4868896713110353 112.0 2.0699499E7 1684.0 181.0
0.0 22.0 202120.0 2.204500898238701 44.0 1.8750838E7 1892.0 319.0
0.0 20.0 187136.0 2.8232738588259334 44.0 2.1971652E7 1924.0 191.0
0.0 14.0 215532.0 3.378874986266202 31.0 1.0169003E7 2250.0 362.0
0.0 25.0 118147.0 1.5042822881218523 124.0 3.5093035E7 1387.0 275.0
0.0 16.0 209495.0 3.7514791650983765 25.0 5698493.0 2436.0 230.0
0.0 23.0 114442.0 2.0960267613479555 161.0 2.9635699E7 1566.0 236.0
0.0 33.0 82184.0 1.1855015245932106 155.0 4.7891208E7 1039.0 109.0
0.0 37.0 71742.0 0.603659635549521 215.0 7.4148142E7 530.0 192.0
0.0 25.0 91336.0 1.8880143047858269 219.0 3.4683576E7 1645.0 231.0
0.0 16.0 209149.0 3.8393579278114607 12.0 1.0827088E7 2396.0 219.0
0.0 12.0 225242.0 4.235596331674722 10.0 4397376.0 2655.0 279.0
0.0 12.0 225242.0 4.235596331674722 10.0 4397376.0 2655.0 279.0
0.0 33.0 82184.0 1.1855015245932106 155.0 4.7891208E7 1039.0 109.0
0.0 38.0 50401.0 0.20497946472656284 293.0 6.9580526E7 653.0 131.0
0.0 33.0 82184.0 1.1855015245932106 155.0 4.7891208E7 1039.0 109.0
0.0 22.0 202120.0 2.204500898238701 44.0 1.8750838E7 1892.0 319.0
0.0 26.0 106585.0 2.809311048402734 108.0 3.0460094E7 1508.0 164.0
0.0 33.0 82184.0 1.1855015245932106 155.0 4.7891208E7 1039.0 109.0
0.0 34.0 64233.0 0.412480261758705 261.0 6.7851028E7 763.0 182.0
0.0 26.0 106585.0 2.809311048402734 108.0 3.0460094E7 1508.0 164.0
0.0 32.0 82029.0 2.376834508215056 135.0 4.7088667E7 1091.0 104.0
0.0 28.0 138909.0 1.1930203215856918 136.0 4.083277E7 1249.0 160.0
0.0 16.0 213726.0 2.246655890395636 52.0 3.0992159E7 2109.0 412.0
0.0 25.0 118147.0 1.5042822881218523 124.0 3.5093035E7 1387.0 275.0
0.0 18.0 170278.0 1.6039861905556234 124.0 2.7395804E7 2017.0 312.0
0.0 30.0 85107.0 1.719524566694588 162.0 4.1937771E7 1195.0 120.0
0.0 29.0 111380.0 1.6841445969204936 105.0 3.6289437E7 1347.0 160.0
0.0 25.0 118147.0 1.5042822881218523 124.0 3.5093035E7 1387.0 275.0
0.0 25.0 132535.0 2.676388465995302 102.0 1.5041446E7 1679.0 260.0
0.0 29.0 126720.0 0.7130030172756991 142.0 4.6874976E7 1146.0 229.0
0.0 22.0 202120.0 2.204500898238701 44.0 1.8750838E7 1892.0 319.0
0.0 33.0 82184.0 1.1855015245932106 155.0 4.7891208E7 1039.0 109.0
0.0 19.0 190132.0 2.875905437773302 41.0 1.6712127E7 2018.0 194.0
0.0 20.0 187136.0 2.8232738588259334 44.0 2.1971652E7 1924.0 191.0
0.0 12.0 225242.0 4.235596331674722 10.0 4397376.0 2655.0 279.0
0.0 24.0 113829.0 2.6515565753653423 121.0 2.4082078E7 1643.0 201.0
0.0 17.0 192452.0 3.1509120079802684 27.0 1.1780762E7 2326.0 278.0
0.0 8.0 250948.0 3.487076906282232 19.0 1.7782353E7 2580.0 451.0
0.0 16.0 209149.0 3.8393579278114607 12.0 1.0827088E7 2396.0 219.0
0.0 21.0 141407.0 2.6368393182198657 97.0 2.8625906E7 1640.0 250.0
0.0 33.0 82184.0 1.1855015245932106 155.0 4.7891208E7 1039.0 109.0
0.0 16.0 209149.0 3.8393579278114607 12.0 1.0827088E7 2396.0 219.0
0.0 25.0 118842.0 2.0672061249024622 109.0 2.9998991E7 1452.0 166.0
0.0 40.0 66806.0 0.42252314931687296 224.0 7.0553191E7 513.0 200.0
0.0 25.0 121611.0 2.4868896713110353 112.0 2.0699499E7 1684.0 181.0
0.0 16.0 209495.0 3.7514791650983765 25.0 5698493.0 2436.0 230.0
0.0 30.0 85107.0 1.719524566694588 162.0 4.1937771E7 1195.0 120.0
0.0 22.0 170742.0 2.7383914400129434 55.0 2.2617609E7 1827.0 176.0
0.0 16.0 209149.0 3.8393579278114607 12.0 1.0827088E7 2396.0 219.0
0.0 33.0 91525.0 1.284102678641121 141.0 4.3387166E7 1071.0 158.0
0.0 26.0 165022.0 1.8012130794202525 83.0 4.4643524E7 1433.0 229.0
0.0 28.0 98097.0 2.434319128857571 133.0 2.6867608E7 1387.0 169.0
0.0 16.0 209149.0 3.8393579278114607 12.0 1.0827088E7 2396.0 219.0
0.0 33.0 91525.0 1.284102678641121 141.0 4.3387166E7 1071.0 158.0
0.0 24.0 171218.0 1.8891129000312115 97.0 1.8730736E7 1808.0 178.0
0.0 17.0 192452.0 3.1509120079802684 27.0 1.1780762E7 2326.0 278.0
0.0 21.0 141407.0 2.6368393182198657 97.0 2.8625906E7 1640.0 250.0
0.0 11.0 274807.0 3.1139137291033254 13.0 9822797.0 2498.0 326.0
0.0 15.0 275314.0 1.8482000790222288 49.0 3.998319E7 2060.0 417.0
0.0 20.0 187136.0 2.8232738588259334 44.0 2.1971652E7 1924.0 191.0
0.0 28.0 138909.0 1.1930203215856918 136.0 4.083277E7 1249.0 160.0
0.0 30.0 85107.0 1.719524566694588 162.0 4.1937771E7 1195.0 120.0
0.0 14.0 215532.0 3.378874986266202 31.0 1.0169003E7 2250.0 362.0
