0.0 20.0 215364.0 1.7438973006671294 75.0 3.3394702E7 1982.0 327.0
0.0 26.0 149561.0 2.5877582822967247 114.0 2.1269387E7 1581.0 104.0
0.0 27.0 75518.0 2.01167620207984 222.0 4.4937605E7 1478.0 114.0
0.0 28.0 143477.0 2.5692397637782065 129.0 2.6936481E7 1442.0 99.0
0.0 32.0 97561.0 1.3368253945217317 139.0 4.2480738E7 1096.0 143.0
0.0 28.0 79447.0 1.3776058954723873 216.0 3.1567043E7 1340.0 244.0
0.0 32.0 97561.0 1.3368253945217317 139.0 4.2480738E7 1096.0 143.0
0.0 32.0 97561.0 1.3368253945217317 139.0 4.2480738E7 1096.0 143.0
0.0 25.0 117969.0 1.5569312146275518 96.0 3.0240739E7 1463.0 214.0
0.0 32.0 112528.0 1.365704223486842 227.0 5.2796683E7 926.0 95.0
0.0 20.0 162966.0 2.0180479362912025 132.0 3.2891917E7 1661.0 368.0
0.0 26.0 149561.0 2.5877582822967247 114.0 2.1269387E7 1581.0 104.0
0.0 30.0 99760.0 1.4485606149256827 139.0 3.702736E7 1258.0 185.0
0.0 30.0 99760.0 1.4485606149256827 139.0 3.702736E7 1258.0 185.0
0.0 20.0 215364.0 1.7438973006671294 75.0 3.3394702E7 1982.0 327.0
0.0 32.0 92129.0 0.7469568551459276 212.0 5.7626372E7 924.0 274.0
0.0 25.0 117969.0 1.5569312146275518 96.0 3.0240739E7 1463.0 214.0
0.0 32.0 92129.0 0.7469568551459276 212.0 5.7626372E7 924.0 274.0
0.0 15.0 209250.0 3.5646023353240084 39.0 1.0427784E7 2268.0 264.0
0.0 26.0 149561.0 2.5877582822967247 114.0 2.1269387E7 1581.0 104.0
0.0 25.0 97888.0 2.9199834468033505 170.0 3.4418555E7 1666.0 133.0
0.0 26.0 149561.0 2.5877582822967247 114.0 2.1269387E7 1581.0 104.0
0.0 36.0 37414.0 1.9659267402614475 266.0 6.86933E7 690.0 71.0
0.0 30.0 99760.0 1.4485606149256827 139.0 3.702736E7 1258.0 185.0
0.0 21.0 177404.0 2.8816262539335966 91.0 1.8968678E7 1795.0 161.0
0.0 13.0 196249.0 4.643273649280021 104.0 1.4271897E7 2490.0 233.0
0.0 32.0 97561.0 1.3368253945217317 139.0 4.2480738E7 1096.0 143.0
0.0 25.0 117969.0 1.5569312146275518 96.0 3.0240739E7 1463.0 214.0
0.0 34.0 60695.0 1.4404094375079788 174.0 5.7724945E7 922.0 80.0
0.0 31.0 81822.0 2.334569755423987 139.0 4.2360256E7 1157.0 131.0
0.0 25.0 117969.0 1.5569312146275518 96.0 3.0240739E7 1463.0 214.0
0.0 25.0 117969.0 1.5569312146275518 96.0 3.0240739E7 1463.0 214.0
0.0 25.0 117969.0 1.5569312146275518 96.0 3.0240739E7 1463.0 214.0
0.0 37.0 49120.0 1.7851540538283837 237.0 6.9165206E7 675.0 61.0
0.0 38.0 45534.0 0.22085952586383992 296.0 8.4375234E7 345.0 219.0
0.0 29.0 89303.0 1.1063853559429135 163.0 5.6065324E7 1073.0 266.0
0.0 31.0 81822.0 2.334569755423987 139.0 4.2360256E7 1157.0 131.0
0.0 39.0 40715.0 0.36470760430862814 290.0 6.9623769E7 587.0 70.0
0.0 37.0 49120.0 1.7851540538283837 237.0 6.9165206E7 675.0 61.0
0.0 24.0 112880.0 1.9835857043742682 144.0 2.0200797E7 1688.0 222.0
0.0 39.0 40715.0 0.36470760430862814 290.0 6.9623769E7 587.0 70.0
0.0 25.0 163870.0 0.5940243573830144 174.0 4.5725929E7 1346.0 214.0
0.0 26.0 111070.0 2.5623378937184413 108.0 3.5246036E7 1413.0 163.0
0.0 39.0 40715.0 0.36470760430862814 290.0 6.9623769E7 587.0 70.0
0.0 12.0 221837.0 3.9417359084822174 28.0 9302410.0 2620.0 252.0
0.0 20.0 215364.0 1.7438973006671294 75.0 3.3394702E7 1982.0 327.0
0.0 36.0 56991.0 1.0665509222809784 219.0 5.8747019E7 831.0 60.0
0.0 15.0 209250.0 3.5646023353240084 39.0 1.0427784E7 2268.0 264.0
0.0 29.0 92517.0 1.5853276986148754 156.0 5.6194643E7 1168.0 105.0
0.0 25.0 117969.0 1.5569312146275518 96.0 3.0240739E7 1463.0 214.0
0.0 27.0 75518.0 2.01167620207984 222.0 4.4937605E7 1478.0 114.0
0.0 21.0 140101.0 2.6879433093879364 90.0 1.8165807E7 1791.0 240.0
0.0 34.0 79706.0 0.7469568551459276 215.0 5.822873E7 875.0 193.0
0.0 26.0 149561.0 2.5877582822967247 114.0 2.1269387E7 1581.0 104.0
0.0 26.0 162989.0 1.015133407994745 110.0 5.8735041E7 1471.0 254.0
0.0 33.0 59291.0 1.4836444228223902 231.0 5.2789293E7 983.0 90.0
0.0 32.0 97561.0 1.3368253945217317 139.0 4.2480738E7 1096.0 143.0
0.0 8.0 249286.0 4.2524641544534845 16.0 8337056.0 2701.0 366.0
0.0 39.0 40715.0 0.36470760430862814 290.0 6.9623769E7 587.0 70.0
0.0 21.0 140101.0 2.6879433093879364 90.0 1.8165807E7 1791.0 240.0
0.0 18.0 249700.0 1.962092909932724 28.0 2.6288851E7 2080.0 468.0
0.0 38.0 34247.0 0.205568735069283 302.0 7.9288574E7 522.0 120.0
0.0 27.0 88833.0 1.8945696871418487 133.0 4.4995771E7 1234.0 176.0
0.0 32.0 112528.0 1.365704223486842 227.0 5.2796683E7 926.0 95.0
0.0 15.0 209250.0 3.5646023353240084 39.0 1.0427784E7 2268.0 264.0
0.0 24.0 132802.0 2.713745065802128 103.0 2.0395214E7 1696.0 184.0
0.0 39.0 59804.0 0.49317760538371985 241.0 6.9789301E7 595.0 124.0
0.0 25.0 189232.0 1.8413968722356244 64.0 2.938052E7 1664.0 225.0
0.0 41.0 40672.0 0.47378692633222397 243.0 8.0516197E7 376.0 57.0
0.0 22.0 132887.0 2.5820634897598267 98.0 2.4330502E7 1651.0 224.0
0.0 29.0 109453.0 1.6362799131712966 125.0 3.6788163E7 1326.0 141.0
0.0 40.0 20313.0 0.9817592112597591 311.0 6.9949115E7 566.0 35.0
0.0 8.0 249286.0 4.2524641544534845 16.0 8337056.0 2701.0 366.0
0.0 24.0 112880.0 1.9835857043742682 144.0 2.0200797E7 1688.0 222.0
0.0 24.0 118967.0 1.5569312146275518 96.0 3.0014444E7 1506.0 214.0
0.0 21.0 140101.0 2.6879433093879364 90.0 1.8165807E7 1791.0 240.0
0.0 18.0 249097.0 3.5465904116396896 25.0 1.1544157E7 2306.0 190.0
0.0 32.0 92129.0 0.7469568551459276 212.0 5.7626372E7 924.0 274.0
0.0 25.0 97888.0 2.9199834468033505 170.0 3.4418555E7 1666.0 133.0
0.0 21.0 177404.0 2.8816262539335966 91.0 1.8968678E7 1795.0 161.0
0.0 26.0 111070.0 2.5623378937184413 108.0 3.5246036E7 1413.0 163.0
0.0 18.0 249097.0 3.5465904116396896 25.0 1.1544157E7 2306.0 190.0
0.0 29.0 92517.0 1.5853276986148754 156.0 5.6194643E7 1168.0 105.0
0.0 21.0 140101.0 2.6879433093879364 90.0 1.8165807E7 1791.0 240.0
0.0 29.0 92517.0 1.5853276986148754 156.0 5.6194643E7 1168.0 105.0
0.0 21.0 140101.0 2.6879433093879364 90.0 1.8165807E7 1791.0 240.0
0.0 32.0 112528.0 1.365704223486842 227.0 5.2796683E7 926.0 95.0
0.0 38.0 42600.0 1.1657042234868418 291.0 5.9836536E7 735.0 85.0
0.0 21.0 140101.0 2.6879433093879364 90.0 1.8165807E7 1791.0 240.0
0.0 15.0 209250.0 3.5646023353240084 39.0 1.0427784E7 2268.0 264.0
0.0 26.0 111070.0 2.5623378937184413 108.0 3.5246036E7 1413.0 163.0
0.0 38.0 45534.0 0.22085952586383992 296.0 8.4375234E7 345.0 219.0
0.0 41.0 40672.0 0.47378692633222397 243.0 8.0516197E7 376.0 57.0
0.0 19.0 232798.0 1.6040342441126993 120.0 3.5985265E7 1932.0 289.0
0.0 25.0 117969.0 1.5569312146275518 96.0 3.0240739E7 1463.0 214.0
0.0 29.0 109453.0 1.6362799131712966 125.0 3.6788163E7 1326.0 141.0
0.0 12.0 217959.0 3.328511679215238 56.0 2.4111047E7 2446.0 276.0
0.0 38.0 31667.0 0.7647076043086282 286.0 6.9266069E7 643.0 41.0
0.0 25.0 189232.0 1.8413968722356244 64.0 2.938052E7 1664.0 225.0
0.0 39.0 40715.0 0.36470760430862814 290.0 6.9623769E7 587.0 70.0
0.0 27.0 75518.0 2.01167620207984 222.0 4.4937605E7 1478.0 114.0
0.0 21.0 163013.0 2.006203407199275 127.0 2.8727569E7 1650.0 319.0
0.0 41.0 40672.0 0.47378692633222397 243.0 8.0516197E7 376.0 57.0
0.0 32.0 90747.0 1.2987301564264935 140.0 4.2961641E7 1138.0 161.0
0.0 39.0 26143.0 0.43048567859087766 310.0 7.4942538E7 482.0 49.0
0.0 8.0 284432.0 3.389785277186999 33.0 1.7903026E7 2579.0 356.0
0.0 29.0 92517.0 1.5853276986148754 156.0 5.6194643E7 1168.0 105.0
0.0 25.0 163870.0 0.5940243573830144 174.0 4.5725929E7 1346.0 214.0
0.0 18.0 249097.0 3.5465904116396896 25.0 1.1544157E7 2306.0 190.0
0.0 41.0 40672.0 0.47378692633222397 243.0 8.0516197E7 376.0 57.0
0.0 35.0 69889.0 0.7549739524120521 178.0 6.7995685E7 750.0 143.0
0.0 29.0 92517.0 1.5853276986148754 156.0 5.6194643E7 1168.0 105.0
0.0 35.0 69889.0 0.7549739524120521 178.0 6.7995685E7 750.0 143.0
0.0 27.0 75518.0 2.01167620207984 222.0 4.4937605E7 1478.0 114.0
0.0 12.0 245217.0 3.4778065082790235 16.0 5419385.0 2432.0 389.0
0.0 29.0 109453.0 1.6362799131712966 125.0 3.6788163E7 1326.0 141.0
0.0 29.0 109453.0 1.6362799131712966 125.0 3.6788163E7 1326.0 141.0
0.0 21.0 140101.0 2.6879433093879364 90.0 1.8165807E7 1791.0 240.0
0.0 20.0 193876.0 3.1992695219455998 58.0 2.234053E7 2060.0 188.0
0.0 39.0 40715.0 0.36470760430862814 290.0 6.9623769E7 587.0 70.0
0.0 31.0 92944.0 1.6625045657117388 141.0 4.6647795E7 1078.0 142.0
0.0 16.0 203999.0 2.4166474257550594 66.0 2.5905493E7 2187.0 266.0
0.0 18.0 249700.0 1.962092909932724 28.0 2.6288851E7 2080.0 468.0
0.0 29.0 109453.0 1.6362799131712966 125.0 3.6788163E7 1326.0 141.0
0.0 38.0 31667.0 0.7647076043086282 286.0 6.9266069E7 643.0 41.0
0.0 18.0 249700.0 1.962092909932724 28.0 2.6288851E7 2080.0 468.0
0.0 31.0 81822.0 2.334569755423987 139.0 4.2360256E7 1157.0 131.0
0.0 18.0 249097.0 3.5465904116396896 25.0 1.1544157E7 2306.0 190.0
0.0 24.0 112880.0 1.9835857043742682 144.0 2.0200797E7 1688.0 222.0
0.0 18.0 249700.0 1.962092909932724 28.0 2.6288851E7 2080.0 468.0
0.0 26.0 149561.0 2.5877582822967247 114.0 2.1269387E7 1581.0 104.0
0.0 15.0 209250.0 3.5646023353240084 39.0 1.0427784E7 2268.0 264.0
0.0 39.0 26143.0 0.43048567859087766 310.0 7.4942538E7 482.0 49.0
0.0 24.0 132802.0 2.713745065802128 103.0 2.0395214E7 1696.0 184.0
0.0 22.0 132887.0 2.5820634897598267 98.0 2.4330502E7 1651.0 224.0
0.0 23.0 232326.0 0.8991064243430898 131.0 5.3006795E7 1678.0 224.0
0.0 7.0 256310.0 5.1703073370536465 20.0 7189034.0 2847.0 357.0
0.0 14.0 216225.0 3.365739953139732 37.0 5827389.0 2376.0 322.0
0.0 24.0 112880.0 1.9835857043742682 144.0 2.0200797E7 1688.0 222.0
0.0 42.0 26853.0 0.10583625787221769 295.0 7.5891842E7 418.0 24.0
0.0 21.0 177404.0 2.8816262539335966 91.0 1.8968678E7 1795.0 161.0
0.0 21.0 177404.0 2.8816262539335966 91.0 1.8968678E7 1795.0 161.0
0.0 21.0 250715.0 2.1823286521775347 34.0 2.7650962E7 2029.0 242.0
0.0 14.0 216225.0 3.365739953139732 37.0 5827389.0 2376.0 322.0
0.0 40.0 20313.0 0.9817592112597591 311.0 6.9949115E7 566.0 35.0
0.0 29.0 92517.0 1.5853276986148754 156.0 5.6194643E7 1168.0 105.0
0.0 23.0 232326.0 0.8991064243430898 131.0 5.3006795E7 1678.0 224.0
0.0 19.0 248671.0 2.810938483612619 39.0 1.698003E7 2046.0 217.0
0.0 25.0 117969.0 1.5569312146275518 96.0 3.0240739E7 1463.0 214.0
0.0 33.0 63027.0 1.1756818935483855 256.0 5.3165903E7 965.0 220.0
0.0 23.0 232326.0 0.8991064243430898 131.0 5.3006795E7 1678.0 224.0
0.0 39.0 26143.0 0.43048567859087766 310.0 7.4942538E7 482.0 49.0
0.0 14.0 216225.0 3.365739953139732 37.0 5827389.0 2376.0 322.0
0.0 7.0 295185.0 3.208653201715301 64.0 1.7548603E7 2662.0 424.0
0.0 24.0 132802.0 2.713745065802128 103.0 2.0395214E7 1696.0 184.0
0.0 29.0 92517.0 1.5853276986148754 156.0 5.6194643E7 1168.0 105.0
0.0 29.0 109453.0 1.6362799131712966 125.0 3.6788163E7 1326.0 141.0
0.0 22.0 132887.0 2.5820634897598267 98.0 2.4330502E7 1651.0 224.0
0.0 27.0 94230.0 2.0654918318568996 197.0 3.0569793E7 1601.0 170.0
0.0 41.0 11903.0 0.8369878183831672 343.0 9.014192E7 289.0 41.0
0.0 22.0 124685.0 2.6868336977520086 110.0 2.3210423E7 1685.0 224.0
0.0 29.0 109453.0 1.6362799131712966 125.0 3.6788163E7 1326.0 141.0
0.0 29.0 92517.0 1.5853276986148754 156.0 5.6194643E7 1168.0 105.0
0.0 37.0 64390.0 0.5629760025770265 226.0 7.3894752E7 615.0 107.0
0.0 35.0 69889.0 0.7549739524120521 178.0 6.7995685E7 750.0 143.0
0.0 24.0 118967.0 1.5569312146275518 96.0 3.0014444E7 1506.0 214.0
0.0 21.0 140101.0 2.6879433093879364 90.0 1.8165807E7 1791.0 240.0
0.0 14.0 216225.0 3.365739953139732 37.0 5827389.0 2376.0 322.0
0.0 35.0 69889.0 0.7549739524120521 178.0 6.7995685E7 750.0 143.0
0.0 27.0 75518.0 2.01167620207984 222.0 4.4937605E7 1478.0 114.0
0.0 17.0 206933.0 2.9698143660578786 28.0 1.1583784E7 2290.0 299.0
0.0 39.0 26143.0 0.43048567859087766 310.0 7.4942538E7 482.0 49.0
0.0 28.0 143477.0 2.5692397637782065 129.0 2.6936481E7 1442.0 99.0
0.0 35.0 69889.0 0.7549739524120521 178.0 6.7995685E7 750.0 143.0
0.0 35.0 69889.0 0.7549739524120521 178.0 6.7995685E7 750.0 143.0
0.0 18.0 249700.0 1.962092909932724 28.0 2.6288851E7 2080.0 468.0
0.0 28.0 143477.0 2.5692397637782065 129.0 2.6936481E7 1442.0 99.0
0.0 32.0 97561.0 1.3368253945217317 139.0 4.2480738E7 1096.0 143.0
0.0 31.0 92944.0 1.6625045657117388 141.0 4.6647795E7 1078.0 142.0
0.0 35.0 69889.0 0.7549739524120521 178.0 6.7995685E7 750.0 143.0
0.0 21.0 140101.0 2.6879433093879364 90.0 1.8165807E7 1791.0 240.0
0.0 35.0 69889.0 0.7549739524120521 178.0 6.7995685E7 750.0 143.0
0.0 12.0 224334.0 3.878921821983921 23.0 9222020.0 2551.0 296.0
0.0 23.0 232326.0 0.8991064243430898 131.0 5.3006795E7 1678.0 224.0
0.0 25.0 117969.0 1.5569312146275518 96.0 3.0240739E7 1463.0 214.0
0.0 35.0 60247.0 0.4819440562787635 261.0 6.8784305E7 689.0 183.0
0.0 26.0 162989.0 1.015133407994745 110.0 5.8735041E7 1471.0 254.0
0.0 39.0 40715.0 0.36470760430862814 290.0 6.9623769E7 587.0 70.0
0.0 18.0 249700.0 1.962092909932724 28.0 2.6288851E7 2080.0 468.0
0.0 29.0 109453.0 1.6362799131712966 125.0 3.6788163E7 1326.0 141.0
0.0 26.0 111070.0 2.5623378937184413 108.0 3.5246036E7 1413.0 163.0
0.0 21.0 140101.0 2.6879433093879364 90.0 1.8165807E7 1791.0 240.0
0.0 38.0 31667.0 0.7647076043086282 286.0 6.9266069E7 643.0 41.0
0.0 18.0 249700.0 1.962092909932724 28.0 2.6288851E7 2080.0 468.0
0.0 35.0 69889.0 0.7549739524120521 178.0 6.7995685E7 750.0 143.0
0.0 8.0 249286.0 4.2524641544534845 16.0 8337056.0 2701.0 366.0
0.0 41.0 40672.0 0.47378692633222397 243.0 8.0516197E7 376.0 57.0
0.0 27.0 92573.0 1.4182295942602048 204.0 4.536746E7 1495.0 143.0
0.0 29.0 109453.0 1.6362799131712966 125.0 3.6788163E7 1326.0 141.0
0.0 25.0 117969.0 1.5569312146275518 96.0 3.0240739E7 1463.0 214.0
0.0 18.0 206382.0 2.7698143660578785 29.0 1.6843309E7 2196.0 299.0
0.0 25.0 117969.0 1.5569312146275518 96.0 3.0240739E7 1463.0 214.0
0.0 25.0 117969.0 1.5569312146275518 96.0 3.0240739E7 1463.0 214.0
0.0 35.0 69889.0 0.7549739524120521 178.0 6.7995685E7 750.0 143.0
0.0 31.0 81822.0 2.334569755423987 139.0 4.2360256E7 1157.0 131.0
0.0 7.0 256310.0 5.1703073370536465 20.0 7189034.0 2847.0 357.0
0.0 30.0 97509.0 1.508483221259118 162.0 4.6344235E7 1158.0 130.0
0.0 26.0 149561.0 2.5877582822967247 114.0 2.1269387E7 1581.0 104.0
0.0 14.0 216225.0 3.365739953139732 37.0 5827389.0 2376.0 322.0
0.0 20.0 230272.0 1.8599090487404852 127.0 2.3439233E7 1965.0 234.0
0.0 39.0 26143.0 0.43048567859087766 310.0 7.4942538E7 482.0 49.0
0.0 21.0 177404.0 2.8816262539335966 91.0 1.8968678E7 1795.0 161.0
0.0 25.0 189232.0 1.8413968722356244 64.0 2.938052E7 1664.0 225.0
0.0 29.0 92517.0 1.5853276986148754 156.0 5.6194643E7 1168.0 105.0
0.0 38.0 31667.0 0.7647076043086282 286.0 6.9266069E7 643.0 41.0
0.0 12.0 224334.0 3.878921821983921 23.0 9222020.0 2551.0 296.0
0.0 21.0 163013.0 2.006203407199275 127.0 2.8727569E7 1650.0 319.0
0.0 30.0 97509.0 1.508483221259118 162.0 4.6344235E7 1158.0 130.0
0.0 18.0 206382.0 2.7698143660578785 29.0 1.6843309E7 2196.0 299.0
0.0 35.0 69889.0 0.7549739524120521 178.0 6.7995685E7 750.0 143.0
0.0 29.0 109453.0 1.6362799131712966 125.0 3.6788163E7 1326.0 141.0
0.0 18.0 198828.0 3.0785238415343765 29.0 1.6274235E7 2167.0 241.0
0.0 39.0 26143.0 0.43048567859087766 310.0 7.4942538E7 482.0 49.0
0.0 12.0 245217.0 3.4778065082790235 16.0 5419385.0 2432.0 389.0
0.0 13.0 196249.0 4.643273649280021 104.0 1.4271897E7 2490.0 233.0
0.0 31.0 81822.0 2.334569755423987 139.0 4.2360256E7 1157.0 131.0
0.0 18.0 198828.0 3.0785238415343765 29.0 1.6274235E7 2167.0 241.0
0.0 32.0 97561.0 1.3368253945217317 139.0 4.2480738E7 1096.0 143.0
0.0 39.0 26143.0 0.43048567859087766 310.0 7.4942538E7 482.0 49.0
0.0 18.0 249700.0 1.962092909932724 28.0 2.6288851E7 2080.0 468.0
0.0 27.0 75518.0 2.01167620207984 222.0 4.4937605E7 1478.0 114.0
0.0 27.0 75518.0 2.01167620207984 222.0 4.4937605E7 1478.0 114.0
0.0 14.0 216225.0 3.365739953139732 37.0 5827389.0 2376.0 322.0
0.0 27.0 92573.0 1.4182295942602048 204.0 4.536746E7 1495.0 143.0
0.0 35.0 69889.0 0.7549739524120521 178.0 6.7995685E7 750.0 143.0
0.0 18.0 198828.0 3.0785238415343765 29.0 1.6274235E7 2167.0 241.0
0.0 37.0 49120.0 1.7851540538283837 237.0 6.9165206E7 675.0 61.0
0.0 20.0 215364.0 1.7438973006671294 75.0 3.3394702E7 1982.0 327.0
0.0 16.0 232797.0 3.9827202106575035 32.0 1.0495078E7 2361.0 211.0
0.0 41.0 40672.0 0.47378692633222397 243.0 8.0516197E7 376.0 57.0
0.0 25.0 117969.0 1.5569312146275518 96.0 3.0240739E7 1463.0 214.0
0.0 29.0 109453.0 1.6362799131712966 125.0 3.6788163E7 1326.0 141.0
0.0 15.0 209250.0 3.5646023353240084 39.0 1.0427784E7 2268.0 264.0
0.0 12.0 245217.0 3.4778065082790235 16.0 5419385.0 2432.0 389.0
0.0 7.0 256310.0 5.1703073370536465 20.0 7189034.0 2847.0 357.0
0.0 20.0 230272.0 1.8599090487404852 127.0 2.3439233E7 1965.0 234.0
0.0 18.0 198828.0 3.0785238415343765 29.0 1.6274235E7 2167.0 241.0
0.0 35.0 69889.0 0.7549739524120521 178.0 6.7995685E7 750.0 143.0
0.0 32.0 92129.0 0.7469568551459276 212.0 5.7626372E7 924.0 274.0
0.0 24.0 112880.0 1.9835857043742682 144.0 2.0200797E7 1688.0 222.0
0.0 39.0 50176.0 0.7164643746700496 225.0 6.9889689E7 562.0 66.0
0.0 18.0 198828.0 3.0785238415343765 29.0 1.6274235E7 2167.0 241.0
0.0 18.0 198828.0 3.0785238415343765 29.0 1.6274235E7 2167.0 241.0
0.0 8.0 307969.0 3.399658212921264 10.0 8304652.0 2637.0 473.0
0.0 26.0 149561.0 2.5877582822967247 114.0 2.1269387E7 1581.0 104.0
0.0 21.0 140101.0 2.6879433093879364 90.0 1.8165807E7 1791.0 240.0
0.0 20.0 215364.0 1.7438973006671294 75.0 3.3394702E7 1982.0 327.0
0.0 12.0 245217.0 3.4778065082790235 16.0 5419385.0 2432.0 389.0
0.0 18.0 198828.0 3.0785238415343765 29.0 1.6274235E7 2167.0 241.0
0.0 12.0 224334.0 3.878921821983921 23.0 9222020.0 2551.0 296.0
0.0 18.0 198828.0 3.0785238415343765 29.0 1.6274235E7 2167.0 241.0
0.0 8.0 307969.0 3.399658212921264 10.0 8304652.0 2637.0 473.0
0.0 8.0 307969.0 3.399658212921264 10.0 8304652.0 2637.0 473.0
0.0 39.0 26143.0 0.43048567859087766 310.0 7.4942538E7 482.0 49.0
0.0 15.0 209250.0 3.5646023353240084 39.0 1.0427784E7 2268.0 264.0
0.0 37.0 49120.0 1.7851540538283837 237.0 6.9165206E7 675.0 61.0
0.0 24.0 132802.0 2.713745065802128 103.0 2.0395214E7 1696.0 184.0
0.0 27.0 82751.0 2.289994811128157 209.0 3.1504559E7 1356.0 261.0
0.0 11.0 241278.0 3.497397790459889 21.0 1.3581038E7 2584.0 316.0
0.0 19.0 195642.0 2.7737728024754937 38.0 1.7124952E7 2021.0 271.0
0.0 8.0 284432.0 3.389785277186999 33.0 1.7903026E7 2579.0 356.0
0.0 18.0 249097.0 3.5465904116396896 25.0 1.1544157E7 2306.0 190.0
0.0 18.0 198828.0 3.0785238415343765 29.0 1.6274235E7 2167.0 241.0
0.0 18.0 198828.0 3.0785238415343765 29.0 1.6274235E7 2167.0 241.0
0.0 31.0 81822.0 2.334569755423987 139.0 4.2360256E7 1157.0 131.0
0.0 26.0 149561.0 2.5877582822967247 114.0 2.1269387E7 1581.0 104.0
0.0 35.0 69889.0 0.7549739524120521 178.0 6.7995685E7 750.0 143.0
0.0 35.0 69889.0 0.7549739524120521 178.0 6.7995685E7 750.0 143.0
0.0 32.0 97561.0 1.3368253945217317 139.0 4.2480738E7 1096.0 143.0
0.0 14.0 216225.0 3.365739953139732 37.0 5827389.0 2376.0 322.0
0.0 32.0 92129.0 0.7469568551459276 212.0 5.7626372E7 924.0 274.0
0.0 25.0 117969.0 1.5569312146275518 96.0 3.0240739E7 1463.0 214.0
0.0 27.0 75518.0 2.01167620207984 222.0 4.4937605E7 1478.0 114.0
0.0 41.0 40672.0 0.47378692633222397 243.0 8.0516197E7 376.0 57.0
0.0 12.0 245217.0 3.4778065082790235 16.0 5419385.0 2432.0 389.0
0.0 18.0 198828.0 3.0785238415343765 29.0 1.6274235E7 2167.0 241.0
0.0 8.0 307969.0 3.399658212921264 10.0 8304652.0 2637.0 473.0
0.0 14.0 216225.0 3.365739953139732 37.0 5827389.0 2376.0 322.0
0.0 30.0 99760.0 1.4485606149256827 139.0 3.702736E7 1258.0 185.0
0.0 26.0 149561.0 2.5877582822967247 114.0 2.1269387E7 1581.0 104.0
0.0 26.0 149296.0 2.5851127796512223 127.0 2.1264632E7 1578.0 106.0
0.0 35.0 69889.0 0.7549739524120521 178.0 6.7995685E7 750.0 143.0
0.0 25.0 167775.0 1.216425627826599 160.0 3.9774946E7 1485.0 192.0
0.0 25.0 117969.0 1.5569312146275518 96.0 3.0240739E7 1463.0 214.0
0.0 8.0 307969.0 3.399658212921264 10.0 8304652.0 2637.0 473.0
0.0 18.0 249700.0 1.962092909932724 28.0 2.6288851E7 2080.0 468.0
0.0 28.0 143477.0 2.5692397637782065 129.0 2.6936481E7 1442.0 99.0
0.0 12.0 224334.0 3.878921821983921 23.0 9222020.0 2551.0 296.0
0.0 32.0 92129.0 0.7469568551459276 212.0 5.7626372E7 924.0 274.0
0.0 18.0 198828.0 3.0785238415343765 29.0 1.6274235E7 2167.0 241.0
