0.0 39.0 48010.0 0.5406474539326882 226.0 7.4401966E7 543.0 65.0
0.0 25.0 118194.0 1.7779396179888964 107.0 2.4916411E7 1595.0 136.0
0.0 11.0 202834.0 3.106545473378064 103.0 2.365876E7 2432.0 275.0
0.0 14.0 205404.0 4.700056354988553 22.0 4442860.0 2575.0 236.0
0.0 25.0 172642.0 1.1144916431663485 154.0 5.4858612E7 1202.0 285.0
0.0 34.0 67495.0 0.7621223218694199 220.0 5.7960436E7 862.0 143.0
0.0 25.0 118194.0 1.7779396179888964 107.0 2.4916411E7 1595.0 136.0
0.0 43.0 8317.0 0.12944623715737547 346.0 8.5683263E7 276.0 14.0
0.0 11.0 202834.0 3.106545473378064 103.0 2.365876E7 2432.0 275.0
0.0 25.0 118194.0 1.7779396179888964 107.0 2.4916411E7 1595.0 136.0
0.0 30.0 89429.0 1.5295572240956663 141.0 3.2458769E7 1279.0 96.0
0.0 24.0 121043.0 1.7943330606118473 105.0 1.9656886E7 1689.0 138.0
0.0 37.0 104186.0 0.5318192915663896 227.0 6.8795288E7 642.0 62.0
0.0 30.0 89429.0 1.5295572240956663 141.0 3.2458769E7 1279.0 96.0
0.0 41.0 19520.0 0.2688025047957136 329.0 8.0698777E7 410.0 35.0
0.0 31.0 81399.0 1.4924431210084912 139.0 3.7159766E7 1268.0 88.0
0.0 6.0 314300.0 3.594928459054225 9.0 7961213.0 2715.0 488.0
0.0 19.0 193735.0 3.1617544590618016 28.0 1.7158346E7 2154.0 203.0
0.0 29.0 72050.0 0.8808889278156588 248.0 6.1198427E7 1056.0 133.0
0.0 17.0 214560.0 3.0251956125853163 32.0 1.1799042E7 2265.0 259.0
0.0 39.0 108026.0 0.4925578341251391 169.0 6.5211668E7 612.0 53.0
0.0 34.0 67495.0 0.7621223218694199 220.0 5.7960436E7 862.0 143.0
0.0 34.0 67495.0 0.7621223218694199 220.0 5.7960436E7 862.0 143.0
0.0 30.0 89429.0 1.5295572240956663 141.0 3.2458769E7 1279.0 96.0
0.0 34.0 67495.0 0.7621223218694199 220.0 5.7960436E7 862.0 143.0
0.0 31.0 163290.0 0.6102271381840306 154.0 6.2766773E7 882.0 280.0
0.0 29.0 100223.0 0.8464312380581464 200.0 4.6992695E7 1233.0 167.0
0.0 24.0 121043.0 1.7943330606118473 105.0 1.9656886E7 1689.0 138.0
0.0 17.0 203161.0 3.215679027712014 30.0 1.2392245E7 2186.0 250.0
0.0 28.0 93223.0 2.4773143900902865 125.0 4.5816184E7 1264.0 134.0
0.0 21.0 144375.0 1.8901816009273498 105.0 2.8133273E7 1823.0 337.0
0.0 24.0 121043.0 1.7943330606118473 105.0 1.9656886E7 1689.0 138.0
0.0 29.0 100223.0 0.8464312380581464 200.0 4.6992695E7 1233.0 167.0
0.0 19.0 147071.0 4.133551746095388 80.0 2.2466039E7 2018.0 219.0
0.0 29.0 100223.0 0.8464312380581464 200.0 4.6992695E7 1233.0 167.0
0.0 30.0 89429.0 1.5295572240956663 141.0 3.2458769E7 1279.0 96.0
0.0 29.0 100223.0 0.8464312380581464 200.0 4.6992695E7 1233.0 167.0
0.0 24.0 121043.0 1.7943330606118473 105.0 1.9656886E7 1689.0 138.0
0.0 14.0 205404.0 4.700056354988553 22.0 4442860.0 2575.0 236.0
0.0 28.0 77825.0 1.6111051905566731 210.0 4.4881946E7 1378.0 153.0
0.0 23.0 217497.0 1.1846568514182978 115.0 4.9296726E7 1513.0 390.0
0.0 30.0 89429.0 1.5295572240956663 141.0 3.2458769E7 1279.0 96.0
0.0 28.0 93223.0 2.4773143900902865 125.0 4.5816184E7 1264.0 134.0
0.0 13.0 265767.0 3.6677982904724256 25.0 4910106.0 2407.0 318.0
0.0 24.0 127846.0 2.6923722762981215 100.0 1.4985512E7 1675.0 229.0
0.0 23.0 138050.0 1.7496035742836524 102.0 2.9347565E7 1608.0 253.0
0.0 18.0 256915.0 2.762975460282803 34.0 2.2370477E7 1996.0 235.0
0.0 29.0 100223.0 0.8464312380581464 200.0 4.6992695E7 1233.0 167.0
0.0 30.0 89429.0 1.5295572240956663 141.0 3.2458769E7 1279.0 96.0
0.0 30.0 89429.0 1.5295572240956663 141.0 3.2458769E7 1279.0 96.0
0.0 23.0 138050.0 1.7496035742836524 102.0 2.9347565E7 1608.0 253.0
0.0 24.0 121043.0 1.7943330606118473 105.0 1.9656886E7 1689.0 138.0
0.0 10.0 215921.0 3.532462725524825 71.0 1.3485011E7 2621.0 324.0
0.0 34.0 67495.0 0.7621223218694199 220.0 5.7960436E7 862.0 143.0
0.0 37.0 84110.0 0.3293124773313952 278.0 6.9274474E7 571.0 51.0
0.0 24.0 121043.0 1.7943330606118473 105.0 1.9656886E7 1689.0 138.0
0.0 43.0 8317.0 0.12944623715737547 346.0 8.5683263E7 276.0 14.0
0.0 10.0 295146.0 3.295070617187477 8.0 1.3858349E7 2542.0 398.0
0.0 39.0 51593.0 0.38580102008122513 239.0 7.9258677E7 497.0 46.0
0.0 34.0 67495.0 0.7621223218694199 220.0 5.7960436E7 862.0 143.0
0.0 10.0 215921.0 3.532462725524825 71.0 1.3485011E7 2621.0 324.0
0.0 41.0 19520.0 0.2688025047957136 329.0 8.0698777E7 410.0 35.0
0.0 25.0 101864.0 1.83166472519651 182.0 3.0298523E7 1535.0 135.0
0.0 40.0 53397.0 0.3639864055537105 187.0 7.0406022E7 555.0 49.0
0.0 37.0 104186.0 0.5318192915663896 227.0 6.8795288E7 642.0 62.0
0.0 34.0 67495.0 0.7621223218694199 220.0 5.7960436E7 862.0 143.0
0.0 39.0 48010.0 0.5406474539326882 226.0 7.4401966E7 543.0 65.0
0.0 38.0 47987.0 0.6405366533988311 245.0 6.4399249E7 724.0 49.0
0.0 38.0 47987.0 0.6405366533988311 245.0 6.4399249E7 724.0 49.0
0.0 12.0 222289.0 3.722457610554983 15.0 1.386895E7 2465.0 396.0
0.0 38.0 47987.0 0.6405366533988311 245.0 6.4399249E7 724.0 49.0
0.0 11.0 202834.0 3.106545473378064 103.0 2.365876E7 2432.0 275.0
0.0 13.0 214196.0 4.015473443809899 23.0 4494088.0 2586.0 226.0
0.0 29.0 100223.0 0.8464312380581464 200.0 4.6992695E7 1233.0 167.0
0.0 34.0 67495.0 0.7621223218694199 220.0 5.7960436E7 862.0 143.0
0.0 27.0 109607.0 1.4538014348258215 134.0 3.5736179E7 1350.0 224.0
0.0 14.0 235399.0 3.255347080480232 18.0 1.066376E7 2280.0 417.0
0.0 30.0 89429.0 1.5295572240956663 141.0 3.2458769E7 1279.0 96.0
0.0 38.0 47987.0 0.6405366533988311 245.0 6.4399249E7 724.0 49.0
0.0 41.0 19520.0 0.2688025047957136 329.0 8.0698777E7 410.0 35.0
0.0 27.0 109607.0 1.4538014348258215 134.0 3.5736179E7 1350.0 224.0
0.0 17.0 214560.0 3.0251956125853163 32.0 1.1799042E7 2265.0 259.0
0.0 25.0 101864.0 1.83166472519651 182.0 3.0298523E7 1535.0 135.0
0.0 18.0 237105.0 3.0149912331676094 40.0 1.6796485E7 2081.0 188.0
0.0 14.0 205404.0 4.700056354988553 22.0 4442860.0 2575.0 236.0
0.0 25.0 118194.0 1.7779396179888964 107.0 2.4916411E7 1595.0 136.0
0.0 23.0 138050.0 1.7496035742836524 102.0 2.9347565E7 1608.0 253.0
0.0 25.0 172642.0 1.1144916431663485 154.0 5.4858612E7 1202.0 285.0
0.0 43.0 8317.0 0.12944623715737547 346.0 8.5683263E7 276.0 14.0
0.0 29.0 100223.0 0.8464312380581464 200.0 4.6992695E7 1233.0 167.0
0.0 34.0 67495.0 0.7621223218694199 220.0 5.7960436E7 862.0 143.0
0.0 43.0 8317.0 0.12944623715737547 346.0 8.5683263E7 276.0 14.0
0.0 25.0 101864.0 1.83166472519651 182.0 3.0298523E7 1535.0 135.0
0.0 38.0 47987.0 0.6405366533988311 245.0 6.4399249E7 724.0 49.0
0.0 34.0 67495.0 0.7621223218694199 220.0 5.7960436E7 862.0 143.0
0.0 27.0 109607.0 1.4538014348258215 134.0 3.5736179E7 1350.0 224.0
0.0 37.0 35886.0 1.1021786603843353 276.0 6.950013E7 642.0 65.0
0.0 27.0 109607.0 1.4538014348258215 134.0 3.5736179E7 1350.0 224.0
0.0 19.0 147071.0 4.133551746095388 80.0 2.2466039E7 2018.0 219.0
0.0 40.0 53397.0 0.3639864055537105 187.0 7.0406022E7 555.0 49.0
0.0 35.0 69482.0 0.49316823234619966 241.0 6.3209292E7 773.0 108.0
0.0 6.0 314300.0 3.594928459054225 9.0 7961213.0 2715.0 488.0
0.0 27.0 109607.0 1.4538014348258215 134.0 3.5736179E7 1350.0 224.0
0.0 27.0 109607.0 1.4538014348258215 134.0 3.5736179E7 1350.0 224.0
0.0 25.0 118194.0 1.7779396179888964 107.0 2.4916411E7 1595.0 136.0
0.0 18.0 237105.0 3.0149912331676094 40.0 1.6796485E7 2081.0 188.0
0.0 40.0 41293.0 0.5076055313594205 247.0 7.984752E7 450.0 46.0
0.0 43.0 8317.0 0.12944623715737547 346.0 8.5683263E7 276.0 14.0
0.0 30.0 89429.0 1.5295572240956663 141.0 3.2458769E7 1279.0 96.0
0.0 34.0 67495.0 0.7621223218694199 220.0 5.7960436E7 862.0 143.0
0.0 30.0 89429.0 1.5295572240956663 141.0 3.2458769E7 1279.0 96.0
0.0 29.0 100223.0 0.8464312380581464 200.0 4.6992695E7 1233.0 167.0
0.0 14.0 275574.0 3.0372698360871984 20.0 1.011683E7 2370.0 336.0
0.0 6.0 314300.0 3.594928459054225 9.0 7961213.0 2715.0 488.0
0.0 10.0 215921.0 3.532462725524825 71.0 1.3485011E7 2621.0 324.0
0.0 27.0 109607.0 1.4538014348258215 134.0 3.5736179E7 1350.0 224.0
0.0 24.0 121043.0 1.7943330606118473 105.0 1.9656886E7 1689.0 138.0
0.0 35.0 69482.0 0.49316823234619966 241.0 6.3209292E7 773.0 108.0
0.0 24.0 121043.0 1.7943330606118473 105.0 1.9656886E7 1689.0 138.0
0.0 34.0 67495.0 0.7621223218694199 220.0 5.7960436E7 862.0 143.0
0.0 30.0 89429.0 1.5295572240956663 141.0 3.2458769E7 1279.0 96.0
0.0 6.0 314300.0 3.594928459054225 9.0 7961213.0 2715.0 488.0
0.0 18.0 237105.0 3.0149912331676094 40.0 1.6796485E7 2081.0 188.0
0.0 18.0 237105.0 3.0149912331676094 40.0 1.6796485E7 2081.0 188.0
0.0 14.0 205404.0 4.700056354988553 22.0 4442860.0 2575.0 236.0
0.0 27.0 109607.0 1.4538014348258215 134.0 3.5736179E7 1350.0 224.0
0.0 11.0 202834.0 3.106545473378064 103.0 2.365876E7 2432.0 275.0
0.0 29.0 100223.0 0.8464312380581464 200.0 4.6992695E7 1233.0 167.0
0.0 24.0 121043.0 1.7943330606118473 105.0 1.9656886E7 1689.0 138.0
0.0 34.0 67495.0 0.7621223218694199 220.0 5.7960436E7 862.0 143.0
0.0 38.0 47987.0 0.6405366533988311 245.0 6.4399249E7 724.0 49.0
0.0 38.0 47987.0 0.6405366533988311 245.0 6.4399249E7 724.0 49.0
0.0 35.0 58495.0 0.8335508932979914 231.0 5.8416715E7 839.0 66.0
0.0 19.0 193735.0 3.1617544590618016 28.0 1.7158346E7 2154.0 203.0
0.0 43.0 8317.0 0.12944623715737547 346.0 8.5683263E7 276.0 14.0
0.0 11.0 202834.0 3.106545473378064 103.0 2.365876E7 2432.0 275.0
0.0 24.0 121043.0 1.7943330606118473 105.0 1.9656886E7 1689.0 138.0
0.0 35.0 41083.0 0.424137884308039 321.0 8.3175396E7 506.0 232.0
0.0 43.0 8317.0 0.12944623715737547 346.0 8.5683263E7 276.0 14.0
0.0 43.0 8317.0 0.12944623715737547 346.0 8.5683263E7 276.0 14.0
0.0 43.0 8317.0 0.12944623715737547 346.0 8.5683263E7 276.0 14.0
0.0 39.0 45233.0 0.5076055313594205 247.0 7.9454815E7 463.0 55.0
0.0 38.0 47987.0 0.6405366533988311 245.0 6.4399249E7 724.0 49.0
0.0 24.0 121043.0 1.7943330606118473 105.0 1.9656886E7 1689.0 138.0
0.0 38.0 47987.0 0.6405366533988311 245.0 6.4399249E7 724.0 49.0
0.0 18.0 237105.0 3.0149912331676094 40.0 1.6796485E7 2081.0 188.0
0.0 43.0 8317.0 0.12944623715737547 346.0 8.5683263E7 276.0 14.0
0.0 27.0 109607.0 1.4538014348258215 134.0 3.5736179E7 1350.0 224.0
0.0 27.0 109607.0 1.4538014348258215 134.0 3.5736179E7 1350.0 224.0
0.0 14.0 205404.0 4.700056354988553 22.0 4442860.0 2575.0 236.0
0.0 19.0 198142.0 3.3044372928908263 28.0 1.7138727E7 2183.0 202.0
0.0 32.0 153184.0 2.3502238639573525 126.0 4.2197375E7 1121.0 115.0
0.0 31.0 163290.0 0.6102271381840306 154.0 6.2766773E7 882.0 280.0
0.0 30.0 89429.0 1.5295572240956663 141.0 3.2458769E7 1279.0 96.0
0.0 20.0 197641.0 2.8891130780985264 86.0 1.8377783E7 1819.0 206.0
0.0 20.0 197641.0 2.8891130780985264 86.0 1.8377783E7 1819.0 206.0
0.0 17.0 203161.0 3.215679027712014 30.0 1.2392245E7 2186.0 250.0
0.0 10.0 215921.0 3.532462725524825 71.0 1.3485011E7 2621.0 324.0
0.0 23.0 180408.0 3.174368189417468 48.0 1.9055312E7 1836.0 202.0
0.0 21.0 173406.0 3.8114198953457405 87.0 1.3506572E7 1812.0 183.0
0.0 18.0 237105.0 3.0149912331676094 40.0 1.6796485E7 2081.0 188.0
0.0 38.0 47987.0 0.6405366533988311 245.0 6.4399249E7 724.0 49.0
0.0 29.0 100223.0 0.8464312380581464 200.0 4.6992695E7 1233.0 167.0
0.0 12.0 254527.0 3.061034154096253 82.0 1.3921295E7 2528.0 240.0
0.0 43.0 8317.0 0.12944623715737547 346.0 8.5683263E7 276.0 14.0
0.0 14.0 205404.0 4.700056354988553 22.0 4442860.0 2575.0 236.0
0.0 25.0 118194.0 1.7779396179888964 107.0 2.4916411E7 1595.0 136.0
0.0 17.0 137835.0 3.803798377805535 119.0 3.1277654E7 2039.0 290.0
0.0 37.0 35886.0 1.1021786603843353 276.0 6.950013E7 642.0 65.0
0.0 23.0 180408.0 3.174368189417468 48.0 1.9055312E7 1836.0 202.0
0.0 43.0 8317.0 0.12944623715737547 346.0 8.5683263E7 276.0 14.0
0.0 20.0 112438.0 3.329615711421258 181.0 4.2729128E7 1531.0 273.0
0.0 37.0 104186.0 0.5318192915663896 227.0 6.8795288E7 642.0 62.0
0.0 10.0 224866.0 5.176386743219333 20.0 1.3401605E7 2503.0 292.0
0.0 39.0 45233.0 0.5076055313594205 247.0 7.9454815E7 463.0 55.0
0.0 25.0 101864.0 1.83166472519651 182.0 3.0298523E7 1535.0 135.0
0.0 6.0 314300.0 3.594928459054225 9.0 7961213.0 2715.0 488.0
0.0 35.0 69482.0 0.49316823234619966 241.0 6.3209292E7 773.0 108.0
0.0 22.0 131108.0 2.9060709976217 92.0 2.3484026E7 1658.0 281.0
0.0 43.0 8317.0 0.12944623715737547 346.0 8.5683263E7 276.0 14.0
0.0 25.0 118194.0 1.7779396179888964 107.0 2.4916411E7 1595.0 136.0
0.0 13.0 265767.0 3.6677982904724256 25.0 4910106.0 2407.0 318.0
0.0 17.0 203161.0 3.215679027712014 30.0 1.2392245E7 2186.0 250.0
0.0 11.0 202834.0 3.106545473378064 103.0 2.365876E7 2432.0 275.0
0.0 17.0 203161.0 3.215679027712014 30.0 1.2392245E7 2186.0 250.0
0.0 30.0 89429.0 1.5295572240956663 141.0 3.2458769E7 1279.0 96.0
0.0 25.0 101864.0 1.83166472519651 182.0 3.0298523E7 1535.0 135.0
0.0 29.0 100223.0 0.8464312380581464 200.0 4.6992695E7 1233.0 167.0
0.0 39.0 45233.0 0.5076055313594205 247.0 7.9454815E7 463.0 55.0
0.0 38.0 47987.0 0.6405366533988311 245.0 6.4399249E7 724.0 49.0
0.0 23.0 126691.0 1.206309810998452 152.0 2.8938172E7 1756.0 279.0
0.0 43.0 8317.0 0.12944623715737547 346.0 8.5683263E7 276.0 14.0
0.0 29.0 100223.0 0.8464312380581464 200.0 4.6992695E7 1233.0 167.0
0.0 12.0 251037.0 3.275567071088186 21.0 9240063.0 2467.0 426.0
0.0 24.0 121043.0 1.7943330606118473 105.0 1.9656886E7 1689.0 138.0
0.0 24.0 121043.0 1.7943330606118473 105.0 1.9656886E7 1689.0 138.0
0.0 43.0 8317.0 0.12944623715737547 346.0 8.5683263E7 276.0 14.0
0.0 25.0 118194.0 1.7779396179888964 107.0 2.4916411E7 1595.0 136.0
0.0 24.0 127846.0 2.6923722762981215 100.0 1.4985512E7 1675.0 229.0
0.0 17.0 203161.0 3.215679027712014 30.0 1.2392245E7 2186.0 250.0
0.0 23.0 180408.0 3.174368189417468 48.0 1.9055312E7 1836.0 202.0
0.0 22.0 131108.0 2.9060709976217 92.0 2.3484026E7 1658.0 281.0
0.0 17.0 203161.0 3.215679027712014 30.0 1.2392245E7 2186.0 250.0
0.0 37.0 84110.0 0.3293124773313952 278.0 6.9274474E7 571.0 51.0
0.0 24.0 121043.0 1.7943330606118473 105.0 1.9656886E7 1689.0 138.0
0.0 22.0 137967.0 3.168517558566837 102.0 2.3848869E7 1694.0 179.0
0.0 24.0 121043.0 1.7943330606118473 105.0 1.9656886E7 1689.0 138.0
0.0 18.0 237105.0 3.0149912331676094 40.0 1.6796485E7 2081.0 188.0
0.0 12.0 222289.0 3.722457610554983 15.0 1.386895E7 2465.0 396.0
0.0 17.0 203161.0 3.215679027712014 30.0 1.2392245E7 2186.0 250.0
0.0 10.0 215921.0 3.532462725524825 71.0 1.3485011E7 2621.0 324.0
0.0 23.0 126691.0 1.206309810998452 152.0 2.8938172E7 1756.0 279.0
0.0 22.0 232652.0 1.8640715398626975 72.0 4.3344836E7 1702.0 194.0
0.0 23.0 126691.0 1.206309810998452 152.0 2.8938172E7 1756.0 279.0
0.0 21.0 173406.0 3.8114198953457405 87.0 1.3506572E7 1812.0 183.0
0.0 21.0 173406.0 3.8114198953457405 87.0 1.3506572E7 1812.0 183.0
0.0 21.0 173406.0 3.8114198953457405 87.0 1.3506572E7 1812.0 183.0
0.0 22.0 232652.0 1.8640715398626975 72.0 4.3344836E7 1702.0 194.0
0.0 38.0 47987.0 0.6405366533988311 245.0 6.4399249E7 724.0 49.0
0.0 29.0 100223.0 0.8464312380581464 200.0 4.6992695E7 1233.0 167.0
0.0 25.0 118194.0 1.7779396179888964 107.0 2.4916411E7 1595.0 136.0
0.0 24.0 172950.0 1.6283155578385204 107.0 2.9523619E7 1532.0 181.0
0.0 22.0 131108.0 2.9060709976217 92.0 2.3484026E7 1658.0 281.0
0.0 38.0 47987.0 0.6405366533988311 245.0 6.4399249E7 724.0 49.0
0.0 20.0 248411.0 1.8882823667714375 72.0 3.3298685E7 1764.0 277.0
0.0 30.0 89429.0 1.5295572240956663 141.0 3.2458769E7 1279.0 96.0
0.0 34.0 67495.0 0.7621223218694199 220.0 5.7960436E7 862.0 143.0
0.0 6.0 314300.0 3.594928459054225 9.0 7961213.0 2715.0 488.0
0.0 17.0 203161.0 3.215679027712014 30.0 1.2392245E7 2186.0 250.0
0.0 34.0 67495.0 0.7621223218694199 220.0 5.7960436E7 862.0 143.0
0.0 13.0 265767.0 3.6677982904724256 25.0 4910106.0 2407.0 318.0
0.0 21.0 173406.0 3.8114198953457405 87.0 1.3506572E7 1812.0 183.0
0.0 6.0 314300.0 3.594928459054225 9.0 7961213.0 2715.0 488.0
0.0 23.0 126691.0 1.206309810998452 152.0 2.8938172E7 1756.0 279.0
0.0 6.0 314300.0 3.594928459054225 9.0 7961213.0 2715.0 488.0
0.0 6.0 314300.0 3.594928459054225 9.0 7961213.0 2715.0 488.0
0.0 19.0 193735.0 3.1617544590618016 28.0 1.7158346E7 2154.0 203.0
0.0 20.0 119390.0 3.0391121375775083 172.0 3.192638E7 1915.0 167.0
0.0 23.0 126691.0 1.206309810998452 152.0 2.8938172E7 1756.0 279.0
0.0 23.0 197104.0 1.8108162332029734 67.0 3.8857343E7 1641.0 308.0
0.0 23.0 180408.0 3.174368189417468 48.0 1.9055312E7 1836.0 202.0
0.0 12.0 254527.0 3.061034154096253 82.0 1.3921295E7 2528.0 240.0
0.0 23.0 126691.0 1.206309810998452 152.0 2.8938172E7 1756.0 279.0
0.0 17.0 203353.0 3.3366953574069553 27.0 1.6507634E7 2248.0 215.0
0.0 23.0 126691.0 1.206309810998452 152.0 2.8938172E7 1756.0 279.0
0.0 7.0 256674.0 4.362141573808324 8.0 1.2753147E7 2720.0 408.0
0.0 24.0 121043.0 1.7943330606118473 105.0 1.9656886E7 1689.0 138.0
0.0 22.0 131108.0 2.9060709976217 92.0 2.3484026E7 1658.0 281.0
0.0 20.0 248411.0 1.8882823667714375 72.0 3.3298685E7 1764.0 277.0
0.0 14.0 205404.0 4.700056354988553 22.0 4442860.0 2575.0 236.0
0.0 20.0 197641.0 2.8891130780985264 86.0 1.8377783E7 1819.0 206.0
0.0 22.0 232652.0 1.8640715398626975 72.0 4.3344836E7 1702.0 194.0
0.0 30.0 89429.0 1.5295572240956663 141.0 3.2458769E7 1279.0 96.0
0.0 20.0 248411.0 1.8882823667714375 72.0 3.3298685E7 1764.0 277.0
0.0 39.0 45233.0 0.5076055313594205 247.0 7.9454815E7 463.0 55.0
0.0 21.0 173406.0 3.8114198953457405 87.0 1.3506572E7 1812.0 183.0
0.0 20.0 248411.0 1.8882823667714375 72.0 3.3298685E7 1764.0 277.0
0.0 14.0 235399.0 3.255347080480232 18.0 1.066376E7 2280.0 417.0
0.0 23.0 197104.0 1.8108162332029734 67.0 3.8857343E7 1641.0 308.0
0.0 39.0 48010.0 0.5406474539326882 226.0 7.4401966E7 543.0 65.0
0.0 28.0 93223.0 2.4773143900902865 125.0 4.5816184E7 1264.0 134.0
0.0 30.0 89429.0 1.5295572240956663 141.0 3.2458769E7 1279.0 96.0
0.0 23.0 180408.0 3.174368189417468 48.0 1.9055312E7 1836.0 202.0
0.0 13.0 265767.0 3.6677982904724256 25.0 4910106.0 2407.0 318.0
0.0 19.0 207314.0 2.961365825351274 32.0 1.2430135E7 2200.0 249.0
0.0 19.0 200947.0 2.952942865332569 86.0 1.8139395E7 1871.0 207.0
0.0 19.0 200947.0 2.952942865332569 86.0 1.8139395E7 1871.0 207.0
0.0 11.0 202834.0 3.106545473378064 103.0 2.365876E7 2432.0 275.0
0.0 21.0 173406.0 3.8114198953457405 87.0 1.3506572E7 1812.0 183.0
0.0 6.0 314300.0 3.594928459054225 9.0 7961213.0 2715.0 488.0
0.0 18.0 256915.0 2.762975460282803 34.0 2.2370477E7 1996.0 235.0
0.0 25.0 118194.0 1.7779396179888964 107.0 2.4916411E7 1595.0 136.0
0.0 17.0 203353.0 3.3366953574069553 27.0 1.6507634E7 2248.0 215.0
0.0 37.0 42390.0 0.9647076043086281 283.0 6.3828292E7 717.0 79.0
0.0 23.0 126691.0 1.206309810998452 152.0 2.8938172E7 1756.0 279.0
0.0 23.0 126691.0 1.206309810998452 152.0 2.8938172E7 1756.0 279.0
0.0 23.0 197104.0 1.8108162332029734 67.0 3.8857343E7 1641.0 308.0
0.0 38.0 47987.0 0.6405366533988311 245.0 6.4399249E7 724.0 49.0
0.0 14.0 219204.0 3.990504920977436 22.0 9783160.0 2460.0 264.0
0.0 29.0 100223.0 0.8464312380581464 200.0 4.6992695E7 1233.0 167.0
0.0 30.0 110087.0 1.3785129467355997 140.0 4.19987E7 1174.0 208.0
0.0 19.0 200947.0 2.952942865332569 86.0 1.8139395E7 1871.0 207.0
0.0 25.0 172642.0 1.1144916431663485 154.0 5.4858612E7 1202.0 285.0
0.0 14.0 235399.0 3.255347080480232 18.0 1.066376E7 2280.0 417.0
0.0 39.0 45233.0 0.5076055313594205 247.0 7.9454815E7 463.0 55.0
0.0 17.0 214560.0 3.0251956125853163 32.0 1.1799042E7 2265.0 259.0
0.0 18.0 256915.0 2.762975460282803 34.0 2.2370477E7 1996.0 235.0
0.0 22.0 232652.0 1.8640715398626975 72.0 4.3344836E7 1702.0 194.0
0.0 30.0 110087.0 1.3785129467355997 140.0 4.19987E7 1174.0 208.0
0.0 23.0 126691.0 1.206309810998452 152.0 2.8938172E7 1756.0 279.0
0.0 17.0 203161.0 3.215679027712014 30.0 1.2392245E7 2186.0 250.0
0.0 18.0 237105.0 3.0149912331676094 40.0 1.6796485E7 2081.0 188.0
0.0 17.0 203353.0 3.3366953574069553 27.0 1.6507634E7 2248.0 215.0
0.0 21.0 144375.0 1.8901816009273498 105.0 2.8133273E7 1823.0 337.0
0.0 24.0 121043.0 1.7943330606118473 105.0 1.9656886E7 1689.0 138.0
0.0 14.0 219204.0 3.990504920977436 22.0 9783160.0 2460.0 264.0
0.0 20.0 197641.0 2.8891130780985264 86.0 1.8377783E7 1819.0 206.0
0.0 10.0 295146.0 3.295070617187477 8.0 1.3858349E7 2542.0 398.0
0.0 14.0 235399.0 3.255347080480232 18.0 1.066376E7 2280.0 417.0
0.0 14.0 275574.0 3.0372698360871984 20.0 1.011683E7 2370.0 336.0
