0.0 33.0 52105.0 1.0857521511596264 252.0 5.7885554E7 926.0 91.0
0.0 37.0 47292.0 1.3390159813745217 236.0 6.4571924E7 713.0 64.0
0.0 27.0 103475.0 1.2392013470905172 202.0 3.6327041E7 1284.0 215.0
0.0 19.0 209387.0 1.9062294285367714 75.0 2.2539703E7 1920.0 223.0
0.0 20.0 213089.0 1.329716857142654 156.0 4.8209299E7 1476.0 323.0
0.0 34.0 67564.0 0.44375180144813864 254.0 6.3338012E7 743.0 189.0
0.0 43.0 14776.0 0.16095095202372023 335.0 9.0655896E7 213.0 28.0
0.0 25.0 105415.0 2.4669349060265917 106.0 2.4714341E7 1561.0 137.0
0.0 43.0 14776.0 0.16095095202372023 335.0 9.0655896E7 213.0 28.0
0.0 44.0 14436.0 0.21639344262295082 319.0 8.6430511E7 201.0 13.0
0.0 29.0 75231.0 2.300379628944999 134.0 3.6053284E7 1286.0 105.0
0.0 18.0 180542.0 2.7720056173001333 78.0 1.6066546E7 2205.0 218.0
0.0 20.0 213089.0 1.329716857142654 156.0 4.8209299E7 1476.0 323.0
0.0 43.0 14776.0 0.16095095202372023 335.0 9.0655896E7 213.0 28.0
0.0 29.0 75231.0 2.300379628944999 134.0 3.6053284E7 1286.0 105.0
0.0 27.0 103475.0 1.2392013470905172 202.0 3.6327041E7 1284.0 215.0
0.0 15.0 222061.0 3.387472475936085 16.0 1.5403943E7 2180.0 299.0
0.0 33.0 61259.0 0.6406169584834503 257.0 6.2695227E7 825.0 171.0
0.0 29.0 75231.0 2.300379628944999 134.0 3.6053284E7 1286.0 105.0
0.0 27.0 103475.0 1.2392013470905172 202.0 3.6327041E7 1284.0 215.0
0.0 21.0 191727.0 2.839623485004282 36.0 2.2751016E7 1900.0 230.0
0.0 39.0 27140.0 0.4758946546694605 338.0 8.4831513E7 322.0 138.0
0.0 27.0 103475.0 1.2392013470905172 202.0 3.6327041E7 1284.0 215.0
0.0 39.0 94812.0 0.4512648993700984 252.0 7.0017102E7 521.0 59.0
0.0 36.0 55693.0 0.51518037287671 263.0 6.4291005E7 742.0 105.0
0.0 19.0 209387.0 1.9062294285367714 75.0 2.2539703E7 1920.0 223.0
0.0 37.0 47292.0 1.3390159813745217 236.0 6.4571924E7 713.0 64.0
0.0 37.0 65721.0 0.5104842496622168 240.0 6.8739539E7 644.0 112.0
0.0 25.0 105415.0 2.4669349060265917 106.0 2.4714341E7 1561.0 137.0
0.0 44.0 14436.0 0.21639344262295082 319.0 8.6430511E7 201.0 13.0
0.0 21.0 239494.0 1.8823015532931067 52.0 3.8287341E7 1678.0 211.0
0.0 23.0 151722.0 1.9882003296447948 92.0 1.9477792E7 1695.0 287.0
0.0 40.0 22043.0 1.711771363893605 324.0 7.4628261E7 500.0 31.0
0.0 26.0 104994.0 1.9563975824772586 149.0 4.9837441E7 1229.0 172.0
0.0 23.0 178792.0 1.3721179388093707 109.0 5.3092666E7 1697.0 210.0
0.0 23.0 143891.0 1.7964089178535452 107.0 3.3663463E7 1538.0 286.0
0.0 29.0 75231.0 2.300379628944999 134.0 3.6053284E7 1286.0 105.0
0.0 27.0 107664.0 1.693550540720562 163.0 3.5958233E7 1330.0 229.0
0.0 25.0 105415.0 2.4669349060265917 106.0 2.4714341E7 1561.0 137.0
0.0 25.0 112899.0 0.9211180241122061 234.0 6.4568422E7 1126.0 229.0
0.0 43.0 14776.0 0.16095095202372023 335.0 9.0655896E7 213.0 28.0
0.0 43.0 14776.0 0.16095095202372023 335.0 9.0655896E7 213.0 28.0
0.0 11.0 248842.0 3.1208311876637778 15.0 1.4116378E7 2493.0 376.0
0.0 18.0 210915.0 1.5194217301694213 152.0 4.7761258E7 1564.0 385.0
0.0 29.0 75231.0 2.300379628944999 134.0 3.6053284E7 1286.0 105.0
0.0 26.0 131796.0 1.7541300941793725 97.0 2.0632106E7 1612.0 174.0
0.0 44.0 14436.0 0.21639344262295082 319.0 8.6430511E7 201.0 13.0
0.0 23.0 143891.0 1.7964089178535452 107.0 3.3663463E7 1538.0 286.0
0.0 25.0 165012.0 1.7534055761659928 69.0 3.3621797E7 1745.0 208.0
0.0 18.0 200818.0 2.8577199030144187 21.0 1.6066546E7 2205.0 234.0
0.0 29.0 75231.0 2.300379628944999 134.0 3.6053284E7 1286.0 105.0
0.0 43.0 14776.0 0.16095095202372023 335.0 9.0655896E7 213.0 28.0
0.0 38.0 45485.0 1.145728879246469 261.0 6.4358271E7 683.0 53.0
0.0 29.0 75231.0 2.300379628944999 134.0 3.6053284E7 1286.0 105.0
0.0 15.0 222061.0 3.387472475936085 16.0 1.5403943E7 2180.0 299.0
0.0 35.0 55105.0 0.5981945474729907 267.0 6.3253719E7 781.0 113.0
0.0 15.0 260033.0 2.8753850110233667 28.0 1.4929861E7 2284.0 245.0
0.0 27.0 103475.0 1.2392013470905172 202.0 3.6327041E7 1284.0 215.0
0.0 43.0 14776.0 0.16095095202372023 335.0 9.0655896E7 213.0 28.0
0.0 33.0 50300.0 1.4218923642509047 243.0 5.3073781E7 942.0 104.0
0.0 33.0 50300.0 1.4218923642509047 243.0 5.3073781E7 942.0 104.0
0.0 33.0 50300.0 1.4218923642509047 243.0 5.3073781E7 942.0 104.0
0.0 41.0 31779.0 0.9686488949646843 285.0 7.5395128E7 396.0 38.0
0.0 12.0 211887.0 4.384781328907257 29.0 4685510.0 2468.0 239.0
0.0 20.0 182621.0 3.557678925273501 45.0 7324172.0 2215.0 223.0
0.0 43.0 14776.0 0.16095095202372023 335.0 9.0655896E7 213.0 28.0
0.0 19.0 209387.0 1.9062294285367714 75.0 2.2539703E7 1920.0 223.0
0.0 20.0 197592.0 1.9100233734769072 81.0 2.2778091E7 1868.0 215.0
0.0 23.0 151722.0 1.9882003296447948 92.0 1.9477792E7 1695.0 287.0
0.0 12.0 211887.0 4.384781328907257 29.0 4685510.0 2468.0 239.0
0.0 43.0 14776.0 0.16095095202372023 335.0 9.0655896E7 213.0 28.0
0.0 14.0 271898.0 3.0620921828037804 14.0 1.541004E7 2320.0 257.0
0.0 25.0 165012.0 1.7534055761659928 69.0 3.3621797E7 1745.0 208.0
0.0 21.0 239494.0 1.8823015532931067 52.0 3.8287341E7 1678.0 211.0
0.0 33.0 50300.0 1.4218923642509047 243.0 5.3073781E7 942.0 104.0
0.0 25.0 105415.0 2.4669349060265917 106.0 2.4714341E7 1561.0 137.0
0.0 23.0 151722.0 1.9882003296447948 92.0 1.9477792E7 1695.0 287.0
0.0 26.0 97435.0 2.663370439304231 132.0 3.0143074E7 1480.0 118.0
0.0 9.0 248735.0 4.035942283939018 24.0 8683717.0 2619.0 399.0
0.0 33.0 50300.0 1.4218923642509047 243.0 5.3073781E7 942.0 104.0
0.0 38.0 55512.0 0.41318344507333066 272.0 7.9438765E7 480.0 145.0
0.0 26.0 97435.0 2.663370439304231 132.0 3.0143074E7 1480.0 118.0
0.0 44.0 14436.0 0.21639344262295082 319.0 8.6430511E7 201.0 13.0
0.0 28.0 141920.0 2.2238723154992237 133.0 4.1572385E7 1235.0 102.0
0.0 25.0 165012.0 1.7534055761659928 69.0 3.3621797E7 1745.0 208.0
0.0 44.0 14436.0 0.21639344262295082 319.0 8.6430511E7 201.0 13.0
0.0 23.0 151722.0 1.9882003296447948 92.0 1.9477792E7 1695.0 287.0
0.0 26.0 97435.0 2.663370439304231 132.0 3.0143074E7 1480.0 118.0
0.0 25.0 130476.0 1.7753562862745977 119.0 3.4478601E7 1448.0 271.0
0.0 28.0 142841.0 1.6294660871624242 117.0 3.6582474E7 1310.0 116.0
0.0 29.0 96294.0 1.1281631231970841 207.0 5.1128762E7 1193.0 170.0
0.0 26.0 97435.0 2.663370439304231 132.0 3.0143074E7 1480.0 118.0
0.0 26.0 97435.0 2.663370439304231 132.0 3.0143074E7 1480.0 118.0
0.0 23.0 151722.0 1.9882003296447948 92.0 1.9477792E7 1695.0 287.0
0.0 29.0 75231.0 2.300379628944999 134.0 3.6053284E7 1286.0 105.0
0.0 39.0 94812.0 0.4512648993700984 252.0 7.0017102E7 521.0 59.0
0.0 15.0 222061.0 3.387472475936085 16.0 1.5403943E7 2180.0 299.0
0.0 23.0 134508.0 2.777112763497625 122.0 1.9575734E7 1665.0 225.0
0.0 25.0 112899.0 0.9211180241122061 234.0 6.4568422E7 1126.0 229.0
0.0 25.0 165012.0 1.7534055761659928 69.0 3.3621797E7 1745.0 208.0
0.0 36.0 83258.0 0.7437518014481385 211.0 5.9099881E7 783.0 136.0
0.0 28.0 121283.0 1.6707604991533067 135.0 3.1595083E7 1404.0 253.0
0.0 15.0 222061.0 3.387472475936085 16.0 1.5403943E7 2180.0 299.0
0.0 29.0 75231.0 2.300379628944999 134.0 3.6053284E7 1286.0 105.0
0.0 29.0 96294.0 1.1281631231970841 207.0 5.1128762E7 1193.0 170.0
0.0 25.0 165012.0 1.7534055761659928 69.0 3.3621797E7 1745.0 208.0
0.0 21.0 136660.0 3.128521249965877 89.0 2.7788496E7 1678.0 244.0
0.0 15.0 222061.0 3.387472475936085 16.0 1.5403943E7 2180.0 299.0
0.0 33.0 50300.0 1.4218923642509047 243.0 5.3073781E7 942.0 104.0
0.0 25.0 165012.0 1.7534055761659928 69.0 3.3621797E7 1745.0 208.0
0.0 39.0 47004.0 0.21122932656712326 298.0 8.0025625E7 441.0 166.0
0.0 25.0 112899.0 0.9211180241122061 234.0 6.4568422E7 1126.0 229.0
0.0 33.0 50300.0 1.4218923642509047 243.0 5.3073781E7 942.0 104.0
0.0 36.0 57654.0 1.0942756520582704 238.0 5.9145989E7 777.0 76.0
0.0 17.0 204180.0 2.9679777952504205 31.0 1.175519E7 2192.0 240.0
0.0 19.0 209387.0 1.9062294285367714 75.0 2.2539703E7 1920.0 223.0
0.0 36.0 55693.0 0.51518037287671 263.0 6.4291005E7 742.0 105.0
0.0 25.0 165012.0 1.7534055761659928 69.0 3.3621797E7 1745.0 208.0
0.0 25.0 165012.0 1.7534055761659928 69.0 3.3621797E7 1745.0 208.0
0.0 21.0 136660.0 3.128521249965877 89.0 2.7788496E7 1678.0 244.0
0.0 34.0 77309.0 0.323050314601017 257.0 6.8084825E7 724.0 273.0
0.0 29.0 75231.0 2.300379628944999 134.0 3.6053284E7 1286.0 105.0
0.0 29.0 96294.0 1.1281631231970841 207.0 5.1128762E7 1193.0 170.0
0.0 44.0 14436.0 0.21639344262295082 319.0 8.6430511E7 201.0 13.0
0.0 21.0 136660.0 3.128521249965877 89.0 2.7788496E7 1678.0 244.0
0.0 12.0 211887.0 4.384781328907257 29.0 4685510.0 2468.0 239.0
0.0 29.0 75231.0 2.300379628944999 134.0 3.6053284E7 1286.0 105.0
0.0 12.0 211887.0 4.384781328907257 29.0 4685510.0 2468.0 239.0
0.0 36.0 57654.0 1.0942756520582704 238.0 5.9145989E7 777.0 76.0
0.0 28.0 121283.0 1.6707604991533067 135.0 3.1595083E7 1404.0 253.0
0.0 37.0 65721.0 0.5104842496622168 240.0 6.8739539E7 644.0 112.0
0.0 21.0 239494.0 1.8823015532931067 52.0 3.8287341E7 1678.0 211.0
0.0 12.0 211887.0 4.384781328907257 29.0 4685510.0 2468.0 239.0
0.0 36.0 83258.0 0.7437518014481385 211.0 5.9099881E7 783.0 136.0
0.0 14.0 271898.0 3.0620921828037804 14.0 1.541004E7 2320.0 257.0
0.0 34.0 77309.0 0.323050314601017 257.0 6.8084825E7 724.0 273.0
0.0 27.0 103475.0 1.2392013470905172 202.0 3.6327041E7 1284.0 215.0
0.0 44.0 14436.0 0.21639344262295082 319.0 8.6430511E7 201.0 13.0
0.0 21.0 239494.0 1.8823015532931067 52.0 3.8287341E7 1678.0 211.0
0.0 35.0 56872.0 2.2896366679884173 195.0 4.3607063E7 1028.0 47.0
0.0 37.0 47292.0 1.3390159813745217 236.0 6.4571924E7 713.0 64.0
0.0 36.0 83258.0 0.7437518014481385 211.0 5.9099881E7 783.0 136.0
0.0 20.0 213089.0 1.329716857142654 156.0 4.8209299E7 1476.0 323.0
0.0 19.0 209387.0 1.9062294285367714 75.0 2.2539703E7 1920.0 223.0
0.0 37.0 35501.0 0.5668980104297949 321.0 7.8700097E7 500.0 150.0
0.0 19.0 195396.0 2.8006822669610534 86.0 1.3450207E7 1906.0 252.0
0.0 32.0 96908.0 1.353596003214005 191.0 5.2390131E7 1008.0 146.0
0.0 33.0 50300.0 1.4218923642509047 243.0 5.3073781E7 942.0 104.0
0.0 15.0 260033.0 2.8753850110233667 28.0 1.4929861E7 2284.0 245.0
0.0 29.0 75231.0 2.300379628944999 134.0 3.6053284E7 1286.0 105.0
0.0 36.0 57654.0 1.0942756520582704 238.0 5.9145989E7 777.0 76.0
0.0 27.0 114845.0 1.0739841609183594 138.0 3.0951354E7 1570.0 209.0
0.0 26.0 104994.0 1.9563975824772586 149.0 4.9837441E7 1229.0 172.0
0.0 29.0 75231.0 2.300379628944999 134.0 3.6053284E7 1286.0 105.0
0.0 19.0 209387.0 1.9062294285367714 75.0 2.2539703E7 1920.0 223.0
0.0 29.0 96294.0 1.1281631231970841 207.0 5.1128762E7 1193.0 170.0
0.0 26.0 97435.0 2.663370439304231 132.0 3.0143074E7 1480.0 118.0
0.0 19.0 209387.0 1.9062294285367714 75.0 2.2539703E7 1920.0 223.0
0.0 36.0 57654.0 1.0942756520582704 238.0 5.9145989E7 777.0 76.0
0.0 35.0 42599.0 1.069623118901562 263.0 6.3433775E7 784.0 77.0
0.0 14.0 271898.0 3.0620921828037804 14.0 1.541004E7 2320.0 257.0
0.0 29.0 75231.0 2.300379628944999 134.0 3.6053284E7 1286.0 105.0
0.0 36.0 83258.0 0.7437518014481385 211.0 5.9099881E7 783.0 136.0
0.0 19.0 199603.0 2.871889943500249 32.0 1.2231966E7 2088.0 235.0
0.0 29.0 96294.0 1.1281631231970841 207.0 5.1128762E7 1193.0 170.0
0.0 39.0 94812.0 0.4512648993700984 252.0 7.0017102E7 521.0 59.0
0.0 12.0 211887.0 4.384781328907257 29.0 4685510.0 2468.0 239.0
0.0 23.0 151722.0 1.9882003296447948 92.0 1.9477792E7 1695.0 287.0
0.0 26.0 97435.0 2.663370439304231 132.0 3.0143074E7 1480.0 118.0
0.0 34.0 77309.0 0.323050314601017 257.0 6.8084825E7 724.0 273.0
0.0 21.0 136660.0 3.128521249965877 89.0 2.7788496E7 1678.0 244.0
0.0 25.0 105415.0 2.4669349060265917 106.0 2.4714341E7 1561.0 137.0
0.0 19.0 199603.0 2.871889943500249 32.0 1.2231966E7 2088.0 235.0
0.0 26.0 97435.0 2.663370439304231 132.0 3.0143074E7 1480.0 118.0
0.0 11.0 248842.0 3.1208311876637778 15.0 1.4116378E7 2493.0 376.0
0.0 21.0 239494.0 1.8823015532931067 52.0 3.8287341E7 1678.0 211.0
0.0 34.0 77309.0 0.323050314601017 257.0 6.8084825E7 724.0 273.0
0.0 12.0 211887.0 4.384781328907257 29.0 4685510.0 2468.0 239.0
0.0 19.0 199603.0 2.871889943500249 32.0 1.2231966E7 2088.0 235.0
0.0 33.0 50300.0 1.4218923642509047 243.0 5.3073781E7 942.0 104.0
0.0 21.0 136660.0 3.128521249965877 89.0 2.7788496E7 1678.0 244.0
0.0 38.0 72829.0 0.43053694521867863 244.0 7.4586498E7 504.0 176.0
0.0 19.0 199603.0 2.871889943500249 32.0 1.2231966E7 2088.0 235.0
0.0 29.0 75231.0 2.300379628944999 134.0 3.6053284E7 1286.0 105.0
0.0 29.0 96294.0 1.1281631231970841 207.0 5.1128762E7 1193.0 170.0
0.0 11.0 282864.0 3.2335043723781793 26.0 1.0392699E7 2304.0 435.0
0.0 27.0 103475.0 1.2392013470905172 202.0 3.6327041E7 1284.0 215.0
0.0 14.0 216256.0 3.233674880615987 14.0 1.5996464E7 2380.0 320.0
0.0 18.0 200818.0 2.8577199030144187 21.0 1.6066546E7 2205.0 234.0
0.0 21.0 120599.0 3.977610958635345 111.0 2.3252976E7 1698.0 276.0
0.0 44.0 14436.0 0.21639344262295082 319.0 8.6430511E7 201.0 13.0
0.0 29.0 75231.0 2.300379628944999 134.0 3.6053284E7 1286.0 105.0
0.0 19.0 199603.0 2.871889943500249 32.0 1.2231966E7 2088.0 235.0
0.0 36.0 83258.0 0.7437518014481385 211.0 5.9099881E7 783.0 136.0
0.0 25.0 130476.0 1.7753562862745977 119.0 3.4478601E7 1448.0 271.0
0.0 23.0 151722.0 1.9882003296447948 92.0 1.9477792E7 1695.0 287.0
0.0 26.0 97435.0 2.663370439304231 132.0 3.0143074E7 1480.0 118.0
0.0 21.0 239494.0 1.8823015532931067 52.0 3.8287341E7 1678.0 211.0
0.0 21.0 136660.0 3.128521249965877 89.0 2.7788496E7 1678.0 244.0
0.0 33.0 50300.0 1.4218923642509047 243.0 5.3073781E7 942.0 104.0
0.0 25.0 165012.0 1.7534055761659928 69.0 3.3621797E7 1745.0 208.0
0.0 19.0 199603.0 2.871889943500249 32.0 1.2231966E7 2088.0 235.0
0.0 36.0 57654.0 1.0942756520582704 238.0 5.9145989E7 777.0 76.0
0.0 19.0 209387.0 1.9062294285367714 75.0 2.2539703E7 1920.0 223.0
0.0 27.0 103475.0 1.2392013470905172 202.0 3.6327041E7 1284.0 215.0
0.0 12.0 211887.0 4.384781328907257 29.0 4685510.0 2468.0 239.0
0.0 14.0 216256.0 3.233674880615987 14.0 1.5996464E7 2380.0 320.0
0.0 19.0 209387.0 1.9062294285367714 75.0 2.2539703E7 1920.0 223.0
0.0 7.0 296315.0 4.995224280575242 11.0 1.2386945E7 2704.0 335.0
0.0 8.0 238289.0 3.282412018255714 77.0 2.29904E7 2539.0 475.0
0.0 14.0 216256.0 3.233674880615987 14.0 1.5996464E7 2380.0 320.0
0.0 26.0 97435.0 2.663370439304231 132.0 3.0143074E7 1480.0 118.0
0.0 27.0 103475.0 1.2392013470905172 202.0 3.6327041E7 1284.0 215.0
0.0 12.0 211887.0 4.384781328907257 29.0 4685510.0 2468.0 239.0
0.0 36.0 83258.0 0.7437518014481385 211.0 5.9099881E7 783.0 136.0
0.0 36.0 83258.0 0.7437518014481385 211.0 5.9099881E7 783.0 136.0
0.0 19.0 199603.0 2.871889943500249 32.0 1.2231966E7 2088.0 235.0
0.0 9.0 250205.0 3.3741492382750047 16.0 1.3557757E7 2566.0 435.0
0.0 12.0 211887.0 4.384781328907257 29.0 4685510.0 2468.0 239.0
0.0 25.0 149570.0 1.635391701584207 108.0 4.4580886E7 1281.0 330.0
0.0 25.0 165012.0 1.7534055761659928 69.0 3.3621797E7 1745.0 208.0
0.0 25.0 149570.0 1.635391701584207 108.0 4.4580886E7 1281.0 330.0
0.0 39.0 94812.0 0.4512648993700984 252.0 7.0017102E7 521.0 59.0
0.0 39.0 94812.0 0.4512648993700984 252.0 7.0017102E7 521.0 59.0
0.0 11.0 219730.0 3.1497787428408417 75.0 1.8841325E7 2534.0 296.0
0.0 19.0 199603.0 2.871889943500249 32.0 1.2231966E7 2088.0 235.0
0.0 25.0 105415.0 2.4669349060265917 106.0 2.4714341E7 1561.0 137.0
0.0 13.0 218706.0 3.4465948299795093 35.0 1.4517508E7 2518.0 256.0
0.0 25.0 149570.0 1.635391701584207 108.0 4.4580886E7 1281.0 330.0
0.0 9.0 314173.0 3.4806427447685113 14.0 9366033.0 2427.0 493.0
0.0 33.0 50300.0 1.4218923642509047 243.0 5.3073781E7 942.0 104.0
0.0 23.0 151722.0 1.9882003296447948 92.0 1.9477792E7 1695.0 287.0
0.0 27.0 103475.0 1.2392013470905172 202.0 3.6327041E7 1284.0 215.0
0.0 19.0 199603.0 2.871889943500249 32.0 1.2231966E7 2088.0 235.0
0.0 29.0 75231.0 2.300379628944999 134.0 3.6053284E7 1286.0 105.0
0.0 29.0 96294.0 1.1281631231970841 207.0 5.1128762E7 1193.0 170.0
0.0 23.0 143891.0 1.7964089178535452 107.0 3.3663463E7 1538.0 286.0
0.0 36.0 57654.0 1.0942756520582704 238.0 5.9145989E7 777.0 76.0
0.0 28.0 121283.0 1.6707604991533067 135.0 3.1595083E7 1404.0 253.0
0.0 11.0 282864.0 3.2335043723781793 26.0 1.0392699E7 2304.0 435.0
0.0 12.0 211887.0 4.384781328907257 29.0 4685510.0 2468.0 239.0
0.0 32.0 96908.0 1.353596003214005 191.0 5.2390131E7 1008.0 146.0
0.0 12.0 211887.0 4.384781328907257 29.0 4685510.0 2468.0 239.0
0.0 37.0 35501.0 0.5668980104297949 321.0 7.8700097E7 500.0 150.0
0.0 28.0 142841.0 1.6294660871624242 117.0 3.6582474E7 1310.0 116.0
0.0 26.0 97435.0 2.663370439304231 132.0 3.0143074E7 1480.0 118.0
0.0 32.0 96908.0 1.353596003214005 191.0 5.2390131E7 1008.0 146.0
0.0 25.0 149570.0 1.635391701584207 108.0 4.4580886E7 1281.0 330.0
0.0 32.0 138149.0 1.4091073305519577 156.0 4.7212611E7 1087.0 171.0
0.0 25.0 149570.0 1.635391701584207 108.0 4.4580886E7 1281.0 330.0
0.0 31.0 100826.0 0.9566342745007663 199.0 5.2614262E7 1029.0 284.0
0.0 41.0 77808.0 0.17811851000839557 291.0 8.5401327E7 268.0 48.0
0.0 23.0 143891.0 1.7964089178535452 107.0 3.3663463E7 1538.0 286.0
0.0 36.0 57654.0 1.0942756520582704 238.0 5.9145989E7 777.0 76.0
0.0 14.0 216256.0 3.233674880615987 14.0 1.5996464E7 2380.0 320.0
0.0 19.0 199603.0 2.871889943500249 32.0 1.2231966E7 2088.0 235.0
0.0 27.0 107664.0 1.693550540720562 163.0 3.5958233E7 1330.0 229.0
0.0 9.0 314173.0 3.4806427447685113 14.0 9366033.0 2427.0 493.0
0.0 32.0 96908.0 1.353596003214005 191.0 5.2390131E7 1008.0 146.0
0.0 23.0 151722.0 1.9882003296447948 92.0 1.9477792E7 1695.0 287.0
0.0 19.0 195396.0 2.8006822669610534 86.0 1.3450207E7 1906.0 252.0
0.0 32.0 138149.0 1.4091073305519577 156.0 4.7212611E7 1087.0 171.0
0.0 14.0 271898.0 3.0620921828037804 14.0 1.541004E7 2320.0 257.0
0.0 19.0 199603.0 2.871889943500249 32.0 1.2231966E7 2088.0 235.0
0.0 23.0 134508.0 2.777112763497625 122.0 1.9575734E7 1665.0 225.0
0.0 11.0 248842.0 3.1208311876637778 15.0 1.4116378E7 2493.0 376.0
0.0 20.0 213089.0 1.329716857142654 156.0 4.8209299E7 1476.0 323.0
0.0 19.0 209387.0 1.9062294285367714 75.0 2.2539703E7 1920.0 223.0
0.0 21.0 239494.0 1.8823015532931067 52.0 3.8287341E7 1678.0 211.0
0.0 32.0 96908.0 1.353596003214005 191.0 5.2390131E7 1008.0 146.0
0.0 39.0 94812.0 0.4512648993700984 252.0 7.0017102E7 521.0 59.0
0.0 29.0 75231.0 2.300379628944999 134.0 3.6053284E7 1286.0 105.0
0.0 25.0 105415.0 2.4669349060265917 106.0 2.4714341E7 1561.0 137.0
0.0 32.0 96908.0 1.353596003214005 191.0 5.2390131E7 1008.0 146.0
0.0 9.0 248735.0 4.035942283939018 24.0 8683717.0 2619.0 399.0
0.0 44.0 14436.0 0.21639344262295082 319.0 8.6430511E7 201.0 13.0
0.0 36.0 83258.0 0.7437518014481385 211.0 5.9099881E7 783.0 136.0
0.0 21.0 136660.0 3.128521249965877 89.0 2.7788496E7 1678.0 244.0
0.0 38.0 35121.0 0.9727535511053003 281.0 6.4755596E7 645.0 53.0
0.0 23.0 143891.0 1.7964089178535452 107.0 3.3663463E7 1538.0 286.0
0.0 12.0 211887.0 4.384781328907257 29.0 4685510.0 2468.0 239.0
0.0 19.0 199603.0 2.871889943500249 32.0 1.2231966E7 2088.0 235.0
0.0 25.0 149570.0 1.635391701584207 108.0 4.4580886E7 1281.0 330.0
0.0 23.0 134508.0 2.777112763497625 122.0 1.9575734E7 1665.0 225.0
0.0 33.0 50300.0 1.4218923642509047 243.0 5.3073781E7 942.0 104.0
0.0 32.0 138149.0 1.4091073305519577 156.0 4.7212611E7 1087.0 171.0
0.0 36.0 57654.0 1.0942756520582704 238.0 5.9145989E7 777.0 76.0
0.0 23.0 151722.0 1.9882003296447948 92.0 1.9477792E7 1695.0 287.0
0.0 32.0 138149.0 1.4091073305519577 156.0 4.7212611E7 1087.0 171.0
0.0 27.0 107664.0 1.693550540720562 163.0 3.5958233E7 1330.0 229.0
0.0 21.0 239494.0 1.8823015532931067 52.0 3.8287341E7 1678.0 211.0
0.0 12.0 211887.0 4.384781328907257 29.0 4685510.0 2468.0 239.0
0.0 9.0 314173.0 3.4806427447685113 14.0 9366033.0 2427.0 493.0
0.0 21.0 120599.0 3.977610958635345 111.0 2.3252976E7 1698.0 276.0
0.0 19.0 199603.0 2.871889943500249 32.0 1.2231966E7 2088.0 235.0
0.0 11.0 282864.0 3.2335043723781793 26.0 1.0392699E7 2304.0 435.0
0.0 25.0 165012.0 1.7534055761659928 69.0 3.3621797E7 1745.0 208.0
0.0 14.0 216256.0 3.233674880615987 14.0 1.5996464E7 2380.0 320.0
0.0 38.0 43014.0 0.5540958424617863 294.0 7.9801429E7 440.0 150.0
0.0 36.0 83258.0 0.7437518014481385 211.0 5.9099881E7 783.0 136.0
