0.0 22.0 126125.0 2.5331216908180276 98.0 2.4209943E7 1625.0 191.0
0.0 31.0 94259.0 1.51518037287671 135.0 4.2300965E7 1181.0 131.0
0.0 29.0 102829.0 1.5720971741741925 143.0 3.6381237E7 1244.0 194.0
0.0 15.0 246339.0 2.8600240279204483 31.0 1.4908346E7 2328.0 199.0
0.0 34.0 118119.0 0.8979301371081042 234.0 5.8183732E7 883.0 110.0
0.0 12.0 272392.0 3.20978179533387 25.0 9667062.0 2344.0 300.0
0.0 25.0 111683.0 1.8545680577752308 118.0 3.9967391E7 1420.0 221.0
0.0 25.0 111683.0 1.8545680577752308 118.0 3.9967391E7 1420.0 221.0
0.0 27.0 103345.0 0.72993681390566 218.0 5.0943528E7 1225.0 275.0
0.0 30.0 86497.0 2.159527498619185 150.0 3.6730393E7 1245.0 117.0
0.0 20.0 205575.0 3.112023119091379 34.0 1.2978265E7 2082.0 226.0
0.0 42.0 23455.0 0.11819597640165143 291.0 7.6077871E7 419.0 20.0
0.0 40.0 35841.0 1.6063138119741893 255.0 7.4857702E7 524.0 49.0
0.0 41.0 16225.0 0.1408271484520055 311.0 8.4985062E7 334.0 27.0
0.0 35.0 62155.0 0.615457084131414 226.0 6.8774144E7 685.0 150.0
0.0 35.0 48825.0 0.49646294574138894 263.0 6.8297618E7 725.0 140.0
0.0 15.0 246339.0 2.8600240279204483 31.0 1.4908346E7 2328.0 199.0
0.0 24.0 173207.0 1.576351197795825 109.0 3.341329E7 1647.0 148.0
0.0 18.0 155975.0 1.697997643011648 119.0 3.7159771E7 1834.0 278.0
0.0 23.0 121174.0 2.496916183096335 113.0 3.3552616E7 1586.0 134.0
0.0 40.0 35841.0 1.6063138119741893 255.0 7.4857702E7 524.0 49.0
0.0 27.0 103345.0 0.72993681390566 218.0 5.0943528E7 1225.0 275.0
0.0 13.0 212011.0 2.766499242172783 91.0 2.9485477E7 2260.0 291.0
0.0 26.0 168943.0 1.6047040350792334 79.0 3.9764649E7 1540.0 223.0
0.0 17.0 201502.0 3.0324764768722856 25.0 2.1214243E7 2174.0 243.0
0.0 34.0 118119.0 0.8979301371081042 234.0 5.8183732E7 883.0 110.0
0.0 39.0 62387.0 0.5533551763178302 219.0 7.4708646E7 572.0 136.0
0.0 35.0 62155.0 0.615457084131414 226.0 6.8774144E7 685.0 150.0
0.0 22.0 126125.0 2.5331216908180276 98.0 2.4209943E7 1625.0 191.0
0.0 35.0 62155.0 0.615457084131414 226.0 6.8774144E7 685.0 150.0
0.0 10.0 210509.0 3.780081773143872 73.0 8332775.0 2628.0 266.0
0.0 8.0 311744.0 3.552617764284514 9.0 8293437.0 2668.0 429.0
0.0 27.0 103345.0 0.72993681390566 218.0 5.0943528E7 1225.0 275.0
0.0 25.0 119846.0 1.8470459841075226 106.0 2.3989614E7 1703.0 221.0
0.0 22.0 174425.0 1.736892986713883 88.0 3.3258792E7 1928.0 260.0
0.0 21.0 175762.0 2.885740687448472 40.0 1.6879521E7 2104.0 184.0
0.0 37.0 111270.0 0.5517946358067625 206.0 6.4637095E7 676.0 71.0
0.0 5.0 289008.0 5.042547506673273 61.0 6890050.0 2813.0 417.0
0.0 13.0 239904.0 3.254097502634909 19.0 4794432.0 2518.0 403.0
0.0 22.0 134895.0 2.8023675737173237 98.0 1.8943866E7 1757.0 216.0
0.0 37.0 51809.0 0.5692050987056466 241.0 6.9226275E7 676.0 133.0
0.0 17.0 201502.0 3.0324764768722856 25.0 2.1214243E7 2174.0 243.0
0.0 14.0 232344.0 3.0420017015289775 33.0 5758480.0 2252.0 336.0
0.0 23.0 95952.0 2.7573596859250555 100.0 1.921926E7 1658.0 127.0
0.0 25.0 119846.0 1.8470459841075226 106.0 2.3989614E7 1703.0 221.0
0.0 31.0 80802.0 2.149411299029301 152.0 5.1348178E7 1085.0 98.0
0.0 41.0 16225.0 0.1408271484520055 311.0 8.4985062E7 334.0 27.0
0.0 24.0 173207.0 1.576351197795825 109.0 3.341329E7 1647.0 148.0
0.0 26.0 112923.0 1.4574603151566523 131.0 4.0400842E7 1301.0 180.0
0.0 40.0 35330.0 0.7288220551378446 280.0 8.008008E7 366.0 64.0
0.0 10.0 210509.0 3.780081773143872 73.0 8332775.0 2628.0 266.0
0.0 22.0 121725.0 2.696916183096335 112.0 2.8293091E7 1680.0 134.0
0.0 23.0 189851.0 1.9692077473286391 50.0 2.4120962E7 1819.0 230.0
0.0 31.0 85801.0 1.551044542595245 154.0 3.7181511E7 1186.0 171.0
0.0 27.0 103345.0 0.72993681390566 218.0 5.0943528E7 1225.0 275.0
0.0 16.0 209510.0 3.124294181362441 34.0 6259175.0 2193.0 254.0
0.0 22.0 126125.0 2.5331216908180276 98.0 2.4209943E7 1625.0 191.0
0.0 31.0 94259.0 1.51518037287671 135.0 4.2300965E7 1181.0 131.0
0.0 20.0 189633.0 2.9828251241039103 36.0 1.24389E7 2016.0 201.0
0.0 23.0 194402.0 1.776886856198225 64.0 3.3885995E7 1719.0 272.0
0.0 25.0 119846.0 1.8470459841075226 106.0 2.3989614E7 1703.0 221.0
0.0 13.0 239904.0 3.254097502634909 19.0 4794432.0 2518.0 403.0
0.0 25.0 119846.0 1.8470459841075226 106.0 2.3989614E7 1703.0 221.0
0.0 35.0 126176.0 0.7419084834757883 205.0 6.8521373E7 669.0 138.0
0.0 25.0 108032.0 1.6686335971989674 122.0 3.0180901E7 1523.0 220.0
0.0 21.0 152515.0 2.3270206539120375 97.0 2.4085531E7 1749.0 235.0
0.0 8.0 311744.0 3.552617764284514 9.0 8293437.0 2668.0 429.0
0.0 34.0 64652.0 0.5553374046158479 261.0 6.8037057E7 764.0 188.0
0.0 27.0 103345.0 0.72993681390566 218.0 5.0943528E7 1225.0 275.0
0.0 39.0 80498.0 0.2496869074695259 296.0 7.5156145E7 488.0 51.0
0.0 15.0 246339.0 2.8600240279204483 31.0 1.4908346E7 2328.0 199.0
0.0 30.0 80707.0 1.230956070047756 148.0 4.1960321E7 1190.0 149.0
0.0 35.0 62155.0 0.615457084131414 226.0 6.8774144E7 685.0 150.0
0.0 22.0 121725.0 2.696916183096335 112.0 2.8293091E7 1680.0 134.0
0.0 27.0 103345.0 0.72993681390566 218.0 5.0943528E7 1225.0 275.0
0.0 25.0 108032.0 1.6686335971989674 122.0 3.0180901E7 1523.0 220.0
0.0 21.0 152515.0 2.3270206539120375 97.0 2.4085531E7 1749.0 235.0
0.0 29.0 102829.0 1.5720971741741925 143.0 3.6381237E7 1244.0 194.0
0.0 38.0 52706.0 0.28025434813744254 270.0 6.9735847E7 564.0 101.0
0.0 23.0 189851.0 1.9692077473286391 50.0 2.4120962E7 1819.0 230.0
0.0 30.0 86497.0 2.159527498619185 150.0 3.6730393E7 1245.0 117.0
0.0 22.0 134895.0 2.8023675737173237 98.0 1.8943866E7 1757.0 216.0
0.0 19.0 210774.0 2.0057069352728987 83.0 2.2844455E7 1826.0 372.0
0.0 28.0 149499.0 1.3251840642757504 128.0 4.0630099E7 1255.0 112.0
0.0 19.0 210774.0 2.0057069352728987 83.0 2.2844455E7 1826.0 372.0
0.0 31.0 85801.0 1.551044542595245 154.0 3.7181511E7 1186.0 171.0
0.0 18.0 187685.0 3.8701183174256597 33.0 1.195407E7 2324.0 215.0
0.0 34.0 70890.0 1.3224235532343187 191.0 4.366019E7 1002.0 146.0
0.0 12.0 272392.0 3.20978179533387 25.0 9667062.0 2344.0 300.0
0.0 30.0 81353.0 2.3494112990293012 151.0 4.6088653E7 1179.0 98.0
0.0 39.0 80498.0 0.2496869074695259 296.0 7.5156145E7 488.0 51.0
0.0 28.0 149499.0 1.3251840642757504 128.0 4.0630099E7 1255.0 112.0
0.0 35.0 85672.0 0.7435355452730048 218.0 6.3321845E7 751.0 205.0
0.0 34.0 70890.0 1.3224235532343187 191.0 4.366019E7 1002.0 146.0
0.0 22.0 121725.0 2.696916183096335 112.0 2.8293091E7 1680.0 134.0
0.0 35.0 48825.0 0.49646294574138894 263.0 6.8297618E7 725.0 140.0
0.0 39.0 80498.0 0.2496869074695259 296.0 7.5156145E7 488.0 51.0
0.0 30.0 81353.0 2.3494112990293012 151.0 4.6088653E7 1179.0 98.0
0.0 30.0 86497.0 2.159527498619185 150.0 3.6730393E7 1245.0 117.0
0.0 12.0 255666.0 3.1075698138972 10.0 9768159.0 2455.0 468.0
0.0 34.0 118119.0 0.8979301371081042 234.0 5.8183732E7 883.0 110.0
0.0 31.0 80802.0 2.149411299029301 152.0 5.1348178E7 1085.0 98.0
0.0 28.0 107726.0 1.3404798795715656 148.0 4.1215853E7 1255.0 238.0
0.0 38.0 52706.0 0.28025434813744254 270.0 6.9735847E7 564.0 101.0
0.0 31.0 94259.0 1.51518037287671 135.0 4.2300965E7 1181.0 131.0
0.0 19.0 210774.0 2.0057069352728987 83.0 2.2844455E7 1826.0 372.0
0.0 38.0 52706.0 0.28025434813744254 270.0 6.9735847E7 564.0 101.0
0.0 38.0 13022.0 1.3958622772576261 334.0 8.3558217E7 453.0 43.0
0.0 18.0 187685.0 3.8701183174256597 33.0 1.195407E7 2324.0 215.0
0.0 38.0 13022.0 1.3958622772576261 334.0 8.3558217E7 453.0 43.0
0.0 30.0 86497.0 2.159527498619185 150.0 3.6730393E7 1245.0 117.0
0.0 23.0 121174.0 2.496916183096335 113.0 3.3552616E7 1586.0 134.0
0.0 21.0 152515.0 2.3270206539120375 97.0 2.4085531E7 1749.0 235.0
0.0 25.0 119846.0 1.8470459841075226 106.0 2.3989614E7 1703.0 221.0
0.0 26.0 112923.0 1.4574603151566523 131.0 4.0400842E7 1301.0 180.0
0.0 29.0 84349.0 2.4020428779766694 148.0 4.0829128E7 1273.0 101.0
0.0 38.0 52706.0 0.28025434813744254 270.0 6.9735847E7 564.0 101.0
0.0 22.0 126125.0 2.5331216908180276 98.0 2.4209943E7 1625.0 191.0
0.0 18.0 187685.0 3.8701183174256597 33.0 1.195407E7 2324.0 215.0
0.0 21.0 152515.0 2.3270206539120375 97.0 2.4085531E7 1749.0 235.0
0.0 15.0 246339.0 2.8600240279204483 31.0 1.4908346E7 2328.0 199.0
0.0 34.0 118119.0 0.8979301371081042 234.0 5.8183732E7 883.0 110.0
0.0 12.0 272392.0 3.20978179533387 25.0 9667062.0 2344.0 300.0
0.0 23.0 95952.0 2.7573596859250555 100.0 1.921926E7 1658.0 127.0
0.0 27.0 103345.0 0.72993681390566 218.0 5.0943528E7 1225.0 275.0
0.0 35.0 62155.0 0.615457084131414 226.0 6.8774144E7 685.0 150.0
0.0 15.0 246339.0 2.8600240279204483 31.0 1.4908346E7 2328.0 199.0
0.0 30.0 80707.0 1.230956070047756 148.0 4.1960321E7 1190.0 149.0
0.0 35.0 62155.0 0.615457084131414 226.0 6.8774144E7 685.0 150.0
0.0 35.0 126176.0 0.7419084834757883 205.0 6.8521373E7 669.0 138.0
0.0 34.0 70890.0 1.3224235532343187 191.0 4.366019E7 1002.0 146.0
0.0 39.0 80498.0 0.2496869074695259 296.0 7.5156145E7 488.0 51.0
0.0 19.0 210774.0 2.0057069352728987 83.0 2.2844455E7 1826.0 372.0
0.0 17.0 270370.0 1.6599175960315236 74.0 2.7272236E7 2012.0 350.0
0.0 25.0 111683.0 1.8545680577752308 118.0 3.9967391E7 1420.0 221.0
0.0 8.0 311744.0 3.552617764284514 9.0 8293437.0 2668.0 429.0
0.0 10.0 210509.0 3.780081773143872 73.0 8332775.0 2628.0 266.0
0.0 25.0 119846.0 1.8470459841075226 106.0 2.3989614E7 1703.0 221.0
0.0 39.0 80498.0 0.2496869074695259 296.0 7.5156145E7 488.0 51.0
0.0 17.0 201502.0 3.0324764768722856 25.0 2.1214243E7 2174.0 243.0
0.0 38.0 52706.0 0.28025434813744254 270.0 6.9735847E7 564.0 101.0
0.0 17.0 197099.0 1.5978993512358066 183.0 4.164381E7 1823.0 369.0
0.0 37.0 51809.0 0.5692050987056466 241.0 6.9226275E7 676.0 133.0
0.0 28.0 125029.0 1.0155498438729726 167.0 4.6511745E7 1182.0 313.0
0.0 17.0 201502.0 3.0324764768722856 25.0 2.1214243E7 2174.0 243.0
0.0 38.0 13022.0 1.3958622772576261 334.0 8.3558217E7 453.0 43.0
0.0 13.0 239904.0 3.254097502634909 19.0 4794432.0 2518.0 403.0
0.0 24.0 173207.0 1.576351197795825 109.0 3.341329E7 1647.0 148.0
0.0 17.0 270370.0 1.6599175960315236 74.0 2.7272236E7 2012.0 350.0
0.0 17.0 270370.0 1.6599175960315236 74.0 2.7272236E7 2012.0 350.0
0.0 42.0 28771.0 0.24918032786885247 315.0 8.573639E7 250.0 112.0
0.0 19.0 210774.0 2.0057069352728987 83.0 2.2844455E7 1826.0 372.0
0.0 36.0 33584.0 1.4961985353765028 291.0 6.8276356E7 757.0 60.0
0.0 31.0 85801.0 1.551044542595245 154.0 3.7181511E7 1186.0 171.0
0.0 17.0 217216.0 3.041241513915649 27.0 1.179433E7 2197.0 310.0
0.0 25.0 92405.0 2.504728106977687 104.0 2.973831E7 1470.0 124.0
0.0 29.0 102829.0 1.5720971741741925 143.0 3.6381237E7 1244.0 194.0
0.0 9.0 244826.0 3.923680035346785 14.0 4020281.0 2721.0 316.0
0.0 20.0 205575.0 3.112023119091379 34.0 1.2978265E7 2082.0 226.0
0.0 25.0 108032.0 1.6686335971989674 122.0 3.0180901E7 1523.0 220.0
0.0 31.0 80802.0 2.149411299029301 152.0 5.1348178E7 1085.0 98.0
0.0 14.0 232344.0 3.0420017015289775 33.0 5758480.0 2252.0 336.0
0.0 17.0 217216.0 3.041241513915649 27.0 1.179433E7 2197.0 310.0
0.0 40.0 35841.0 1.6063138119741893 255.0 7.4857702E7 524.0 49.0
0.0 18.0 177363.0 1.2559501382864768 164.0 3.1659174E7 1865.0 214.0
0.0 23.0 123248.0 1.2245082673211898 199.0 5.3537008E7 1510.0 300.0
0.0 22.0 126125.0 2.5331216908180276 98.0 2.4209943E7 1625.0 191.0
0.0 30.0 86497.0 2.159527498619185 150.0 3.6730393E7 1245.0 117.0
0.0 17.0 270370.0 1.6599175960315236 74.0 2.7272236E7 2012.0 350.0
0.0 26.0 82155.0 3.1747399484075567 215.0 4.4285929E7 1338.0 104.0
0.0 35.0 62155.0 0.615457084131414 226.0 6.8774144E7 685.0 150.0
0.0 35.0 48825.0 0.49646294574138894 263.0 6.8297618E7 725.0 140.0
0.0 23.0 194402.0 1.776886856198225 64.0 3.3885995E7 1719.0 272.0
0.0 28.0 107726.0 1.3404798795715656 148.0 4.1215853E7 1255.0 238.0
0.0 36.0 33584.0 1.4961985353765028 291.0 6.8276356E7 757.0 60.0
0.0 28.0 125029.0 1.0155498438729726 167.0 4.6511745E7 1182.0 313.0
0.0 15.0 246339.0 2.8600240279204483 31.0 1.4908346E7 2328.0 199.0
0.0 4.0 319064.0 5.167903787195393 42.0 6350431.0 2895.0 515.0
0.0 42.0 28771.0 0.24918032786885247 315.0 8.573639E7 250.0 112.0
0.0 22.0 126125.0 2.5331216908180276 98.0 2.4209943E7 1625.0 191.0
0.0 34.0 70890.0 1.3224235532343187 191.0 4.366019E7 1002.0 146.0
0.0 10.0 210509.0 3.780081773143872 73.0 8332775.0 2628.0 266.0
0.0 27.0 103345.0 0.72993681390566 218.0 5.0943528E7 1225.0 275.0
0.0 30.0 80707.0 1.230956070047756 148.0 4.1960321E7 1190.0 149.0
0.0 22.0 134895.0 2.8023675737173237 98.0 1.8943866E7 1757.0 216.0
0.0 38.0 13022.0 1.3958622772576261 334.0 8.3558217E7 453.0 43.0
0.0 22.0 134895.0 2.8023675737173237 98.0 1.8943866E7 1757.0 216.0
0.0 5.0 289008.0 5.042547506673273 61.0 6890050.0 2813.0 417.0
0.0 18.0 187685.0 3.8701183174256597 33.0 1.195407E7 2324.0 215.0
0.0 29.0 101993.0 2.689206346902684 118.0 2.6809282E7 1432.0 139.0
0.0 31.0 85801.0 1.551044542595245 154.0 3.7181511E7 1186.0 171.0
0.0 16.0 203981.0 4.020693690456292 24.0 1.0162334E7 2393.0 201.0
0.0 35.0 126176.0 0.7419084834757883 205.0 6.8521373E7 669.0 138.0
0.0 28.0 107726.0 1.3404798795715656 148.0 4.1215853E7 1255.0 238.0
0.0 35.0 48825.0 0.49646294574138894 263.0 6.8297618E7 725.0 140.0
0.0 38.0 52706.0 0.28025434813744254 270.0 6.9735847E7 564.0 101.0
0.0 30.0 86497.0 2.159527498619185 150.0 3.6730393E7 1245.0 117.0
0.0 25.0 108032.0 1.6686335971989674 122.0 3.0180901E7 1523.0 220.0
0.0 23.0 123248.0 1.2245082673211898 199.0 5.3537008E7 1510.0 300.0
0.0 8.0 311744.0 3.552617764284514 9.0 8293437.0 2668.0 429.0
0.0 17.0 201502.0 3.0324764768722856 25.0 2.1214243E7 2174.0 243.0
0.0 31.0 94259.0 1.51518037287671 135.0 4.2300965E7 1181.0 131.0
0.0 22.0 121725.0 2.696916183096335 112.0 2.8293091E7 1680.0 134.0
0.0 17.0 217216.0 3.041241513915649 27.0 1.179433E7 2197.0 310.0
0.0 12.0 272392.0 3.20978179533387 25.0 9667062.0 2344.0 300.0
0.0 22.0 119694.0 2.7336747461706876 111.0 2.8293091E7 1680.0 134.0
0.0 23.0 121174.0 2.496916183096335 113.0 3.3552616E7 1586.0 134.0
0.0 28.0 125029.0 1.0155498438729726 167.0 4.6511745E7 1182.0 313.0
0.0 13.0 208832.0 4.242572104439969 23.0 9044735.0 2489.0 250.0
0.0 36.0 82883.0 1.0327470167591433 208.0 5.9106362E7 772.0 175.0
0.0 21.0 152515.0 2.3270206539120375 97.0 2.4085531E7 1749.0 235.0
0.0 39.0 80498.0 0.2496869074695259 296.0 7.5156145E7 488.0 51.0
0.0 17.0 270370.0 1.6599175960315236 74.0 2.7272236E7 2012.0 350.0
0.0 25.0 101970.0 2.607810843990996 121.0 3.9050529E7 1440.0 125.0
0.0 23.0 123248.0 1.2245082673211898 199.0 5.3537008E7 1510.0 300.0
0.0 28.0 149499.0 1.3251840642757504 128.0 4.0630099E7 1255.0 112.0
0.0 29.0 101993.0 2.689206346902684 118.0 2.6809282E7 1432.0 139.0
0.0 25.0 101970.0 2.607810843990996 121.0 3.9050529E7 1440.0 125.0
0.0 38.0 13022.0 1.3958622772576261 334.0 8.3558217E7 453.0 43.0
0.0 16.0 203981.0 4.020693690456292 24.0 1.0162334E7 2393.0 201.0
0.0 27.0 117995.0 2.234673697449594 119.0 3.5368873E7 1373.0 146.0
0.0 37.0 52876.0 1.2400232719131574 221.0 6.9378147E7 620.0 77.0
0.0 17.0 270370.0 1.6599175960315236 74.0 2.7272236E7 2012.0 350.0
0.0 35.0 62155.0 0.615457084131414 226.0 6.8774144E7 685.0 150.0
0.0 25.0 92405.0 2.504728106977687 104.0 2.973831E7 1470.0 124.0
0.0 34.0 70341.0 0.6819440562787635 260.0 6.3636566E7 799.0 214.0
0.0 20.0 205575.0 3.112023119091379 34.0 1.2978265E7 2082.0 226.0
0.0 16.0 203981.0 4.020693690456292 24.0 1.0162334E7 2393.0 201.0
0.0 20.0 205575.0 3.112023119091379 34.0 1.2978265E7 2082.0 226.0
0.0 20.0 205575.0 3.112023119091379 34.0 1.2978265E7 2082.0 226.0
0.0 28.0 125029.0 1.0155498438729726 167.0 4.6511745E7 1182.0 313.0
0.0 40.0 35841.0 1.6063138119741893 255.0 7.4857702E7 524.0 49.0
0.0 35.0 48825.0 0.49646294574138894 263.0 6.8297618E7 725.0 140.0
0.0 16.0 203981.0 4.020693690456292 24.0 1.0162334E7 2393.0 201.0
0.0 25.0 101970.0 2.607810843990996 121.0 3.9050529E7 1440.0 125.0
0.0 17.0 197099.0 1.5978993512358066 183.0 4.164381E7 1823.0 369.0
0.0 22.0 134895.0 2.8023675737173237 98.0 1.8943866E7 1757.0 216.0
0.0 31.0 94259.0 1.51518037287671 135.0 4.2300965E7 1181.0 131.0
0.0 25.0 101970.0 2.607810843990996 121.0 3.9050529E7 1440.0 125.0
0.0 27.0 103345.0 0.72993681390566 218.0 5.0943528E7 1225.0 275.0
0.0 13.0 208832.0 4.242572104439969 23.0 9044735.0 2489.0 250.0
0.0 17.0 270370.0 1.6599175960315236 74.0 2.7272236E7 2012.0 350.0
0.0 30.0 86497.0 2.159527498619185 150.0 3.6730393E7 1245.0 117.0
0.0 20.0 205575.0 3.112023119091379 34.0 1.2978265E7 2082.0 226.0
0.0 31.0 85801.0 1.551044542595245 154.0 3.7181511E7 1186.0 171.0
0.0 22.0 121725.0 2.696916183096335 112.0 2.8293091E7 1680.0 134.0
0.0 41.0 16225.0 0.1408271484520055 311.0 8.4985062E7 334.0 27.0
0.0 20.0 205575.0 3.112023119091379 34.0 1.2978265E7 2082.0 226.0
0.0 21.0 152515.0 2.3270206539120375 97.0 2.4085531E7 1749.0 235.0
0.0 27.0 117995.0 2.234673697449594 119.0 3.5368873E7 1373.0 146.0
0.0 29.0 101993.0 2.689206346902684 118.0 2.6809282E7 1432.0 139.0
0.0 24.0 174275.0 2.390079061579953 67.0 3.4405278E7 1684.0 186.0
0.0 29.0 101993.0 2.689206346902684 118.0 2.6809282E7 1432.0 139.0
0.0 23.0 194402.0 1.776886856198225 64.0 3.3885995E7 1719.0 272.0
0.0 13.0 208832.0 4.242572104439969 23.0 9044735.0 2489.0 250.0
0.0 40.0 35330.0 0.7288220551378446 280.0 8.008008E7 366.0 64.0
0.0 16.0 203981.0 4.020693690456292 24.0 1.0162334E7 2393.0 201.0
0.0 17.0 217216.0 3.041241513915649 27.0 1.179433E7 2197.0 310.0
0.0 9.0 244826.0 3.923680035346785 14.0 4020281.0 2721.0 316.0
0.0 15.0 246339.0 2.8600240279204483 31.0 1.4908346E7 2328.0 199.0
0.0 4.0 319064.0 5.167903787195393 42.0 6350431.0 2895.0 515.0
0.0 21.0 190005.0 1.9521519623073158 103.0 2.9211983E7 1590.0 354.0
0.0 23.0 123248.0 1.2245082673211898 199.0 5.3537008E7 1510.0 300.0
0.0 27.0 117995.0 2.234673697449594 119.0 3.5368873E7 1373.0 146.0
0.0 13.0 208832.0 4.242572104439969 23.0 9044735.0 2489.0 250.0
0.0 34.0 118119.0 0.8979301371081042 234.0 5.8183732E7 883.0 110.0
0.0 19.0 210774.0 2.0057069352728987 83.0 2.2844455E7 1826.0 372.0
0.0 12.0 272392.0 3.20978179533387 25.0 9667062.0 2344.0 300.0
0.0 25.0 101970.0 2.607810843990996 121.0 3.9050529E7 1440.0 125.0
0.0 38.0 13022.0 1.3958622772576261 334.0 8.3558217E7 453.0 43.0
0.0 30.0 81353.0 2.3494112990293012 151.0 4.6088653E7 1179.0 98.0
0.0 12.0 255666.0 3.1075698138972 10.0 9768159.0 2455.0 468.0
0.0 18.0 177363.0 1.2559501382864768 164.0 3.1659174E7 1865.0 214.0
0.0 16.0 203981.0 4.020693690456292 24.0 1.0162334E7 2393.0 201.0
0.0 42.0 28771.0 0.24918032786885247 315.0 8.573639E7 250.0 112.0
0.0 38.0 52706.0 0.28025434813744254 270.0 6.9735847E7 564.0 101.0
0.0 21.0 133885.0 3.7054016265588583 90.0 1.7888402E7 1965.0 176.0
0.0 25.0 119846.0 1.8470459841075226 106.0 2.3989614E7 1703.0 221.0
0.0 10.0 210509.0 3.780081773143872 73.0 8332775.0 2628.0 266.0
0.0 42.0 28771.0 0.24918032786885247 315.0 8.573639E7 250.0 112.0
0.0 16.0 203981.0 4.020693690456292 24.0 1.0162334E7 2393.0 201.0
0.0 20.0 205575.0 3.112023119091379 34.0 1.2978265E7 2082.0 226.0
0.0 28.0 137394.0 2.3522593281931194 134.0 3.5921072E7 1348.0 99.0
0.0 28.0 107726.0 1.3404798795715656 148.0 4.1215853E7 1255.0 238.0
0.0 17.0 197099.0 1.5978993512358066 183.0 4.164381E7 1823.0 369.0
0.0 22.0 161803.0 3.8277067136250245 57.0 2.7441347E7 1798.0 182.0
0.0 23.0 189851.0 1.9692077473286391 50.0 2.4120962E7 1819.0 230.0
0.0 14.0 232344.0 3.0420017015289775 33.0 5758480.0 2252.0 336.0
0.0 27.0 117995.0 2.234673697449594 119.0 3.5368873E7 1373.0 146.0
0.0 19.0 210774.0 2.0057069352728987 83.0 2.2844455E7 1826.0 372.0
0.0 25.0 101970.0 2.607810843990996 121.0 3.9050529E7 1440.0 125.0
0.0 13.0 239904.0 3.254097502634909 19.0 4794432.0 2518.0 403.0
0.0 30.0 81353.0 2.3494112990293012 151.0 4.6088653E7 1179.0 98.0
0.0 22.0 174425.0 1.736892986713883 88.0 3.3258792E7 1928.0 260.0
0.0 17.0 270370.0 1.6599175960315236 74.0 2.7272236E7 2012.0 350.0
0.0 18.0 187685.0 3.8701183174256597 33.0 1.195407E7 2324.0 215.0
0.0 12.0 272392.0 3.20978179533387 25.0 9667062.0 2344.0 300.0
0.0 13.0 208832.0 4.242572104439969 23.0 9044735.0 2489.0 250.0
0.0 24.0 174275.0 2.390079061579953 67.0 3.4405278E7 1684.0 186.0
0.0 29.0 101993.0 2.689206346902684 118.0 2.6809282E7 1432.0 139.0
