0.0 32.0 86703.0 0.6760952386575142 222.0 5.2813787E7 978.0 151.0
0.0 29.0 154642.0 0.59892700639312 268.0 7.680373E7 765.0 308.0
0.0 13.0 207278.0 3.979329310168062 12.0 9526935.0 2462.0 320.0
0.0 18.0 149711.0 3.198316875423822 81.0 1.2754091E7 2036.0 223.0
0.0 24.0 90172.0 1.7282067247959283 161.0 3.9433213E7 1411.0 201.0
0.0 18.0 204372.0 3.0218536416162425 30.0 1.672305E7 2066.0 245.0
0.0 33.0 74971.0 1.3948658444838462 154.0 4.2788974E7 1098.0 80.0
0.0 24.0 128798.0 2.6308018142751415 105.0 2.0078661E7 1639.0 199.0
0.0 23.0 141145.0 2.8858165765231085 208.0 3.3572239E7 1587.0 100.0
0.0 20.0 141688.0 3.129812280603438 86.0 2.3273141E7 1848.0 217.0
0.0 31.0 77016.0 0.6882360061024981 253.0 6.206603E7 875.0 225.0
0.0 24.0 90172.0 1.7282067247959283 161.0 3.9433213E7 1411.0 201.0
0.0 8.0 254051.0 4.095474907141657 1.0 8222293.0 2707.0 414.0
0.0 8.0 298679.0 3.4831658552827154 10.0 8130845.0 2598.0 493.0
0.0 40.0 39006.0 0.32020153750381386 297.0 8.4765529E7 373.0 85.0
0.0 30.0 99455.0 1.5924759588410264 136.0 3.2058493E7 1297.0 131.0
0.0 42.0 46343.0 0.4855345911949685 261.0 8.5556442E7 262.0 95.0
0.0 26.0 112494.0 1.7648011563518589 149.0 3.0286973E7 1466.0 203.0
0.0 31.0 77016.0 0.6882360061024981 253.0 6.206603E7 875.0 225.0
0.0 37.0 43852.0 0.8999351496394326 283.0 6.3827074E7 722.0 61.0
0.0 36.0 69775.0 0.7578839059028235 216.0 6.4020586E7 677.0 121.0
0.0 36.0 38999.0 0.5702950670282125 294.0 7.8590373E7 580.0 148.0
0.0 21.0 177853.0 2.0723631768861397 36.0 2.2849978E7 1991.0 267.0
0.0 31.0 77016.0 0.6882360061024981 253.0 6.206603E7 875.0 225.0
0.0 31.0 77016.0 0.6882360061024981 253.0 6.206603E7 875.0 225.0
0.0 27.0 97782.0 1.719524566694588 119.0 3.6133534E7 1330.0 199.0
0.0 30.0 99455.0 1.5924759588410264 136.0 3.2058493E7 1297.0 131.0
0.0 25.0 133446.0 1.3501510473091918 172.0 5.4965723E7 1291.0 278.0
0.0 24.0 90172.0 1.7282067247959283 161.0 3.9433213E7 1411.0 201.0
0.0 21.0 177853.0 2.0723631768861397 36.0 2.2849978E7 1991.0 267.0
0.0 20.0 159893.0 1.9932530242673354 85.0 2.4155821E7 1780.0 303.0
0.0 39.0 23616.0 0.9629331803217378 328.0 7.458964E7 528.0 52.0
0.0 36.0 58032.0 0.7226934707986699 240.0 6.3945125E7 697.0 108.0
0.0 13.0 207278.0 3.979329310168062 12.0 9526935.0 2462.0 320.0
0.0 20.0 141688.0 3.129812280603438 86.0 2.3273141E7 1848.0 217.0
0.0 24.0 128798.0 2.6308018142751415 105.0 2.0078661E7 1639.0 199.0
0.0 37.0 57705.0 0.7226934707986699 241.0 6.4352694E7 652.0 107.0
0.0 16.0 202257.0 3.641679802763792 28.0 9995727.0 2395.0 226.0
0.0 30.0 99455.0 1.5924759588410264 136.0 3.2058493E7 1297.0 131.0
0.0 24.0 128798.0 2.6308018142751415 105.0 2.0078661E7 1639.0 199.0
0.0 24.0 128798.0 2.6308018142751415 105.0 2.0078661E7 1639.0 199.0
0.0 37.0 43904.0 1.2265414341662912 249.0 6.8917791E7 664.0 56.0
0.0 34.0 65026.0 1.3784724018608956 186.0 4.8048499E7 1004.0 76.0
0.0 37.0 57705.0 0.7226934707986699 241.0 6.4352694E7 652.0 107.0
0.0 33.0 74971.0 1.3948658444838462 154.0 4.2788974E7 1098.0 80.0
0.0 40.0 31946.0 0.1421539595425172 338.0 8.4659716E7 355.0 67.0
0.0 31.0 77016.0 0.6882360061024981 253.0 6.206603E7 875.0 225.0
0.0 13.0 207278.0 3.979329310168062 12.0 9526935.0 2462.0 320.0
0.0 20.0 159893.0 1.9932530242673354 85.0 2.4155821E7 1780.0 303.0
0.0 37.0 43904.0 1.2265414341662912 249.0 6.8917791E7 664.0 56.0
0.0 7.0 293681.0 4.019363996297063 23.0 1.2386206E7 2665.0 328.0
0.0 37.0 57705.0 0.7226934707986699 241.0 6.4352694E7 652.0 107.0
0.0 20.0 141688.0 3.129812280603438 86.0 2.3273141E7 1848.0 217.0
0.0 24.0 128798.0 2.6308018142751415 105.0 2.0078661E7 1639.0 199.0
0.0 24.0 90172.0 1.7282067247959283 161.0 3.9433213E7 1411.0 201.0
0.0 21.0 177853.0 2.0723631768861397 36.0 2.2849978E7 1991.0 267.0
0.0 8.0 287284.0 4.597670838593464 13.0 2956203.0 2698.0 388.0
0.0 31.0 77016.0 0.6882360061024981 253.0 6.206603E7 875.0 225.0
0.0 24.0 90172.0 1.7282067247959283 161.0 3.9433213E7 1411.0 201.0
0.0 21.0 177853.0 2.0723631768861397 36.0 2.2849978E7 1991.0 267.0
0.0 13.0 207278.0 3.979329310168062 12.0 9526935.0 2462.0 320.0
0.0 25.0 225523.0 1.4960439635522584 72.0 3.4496584E7 1538.0 247.0
0.0 20.0 141688.0 3.129812280603438 86.0 2.3273141E7 1848.0 217.0
0.0 21.0 177853.0 2.0723631768861397 36.0 2.2849978E7 1991.0 267.0
0.0 23.0 170453.0 2.7488085798228905 92.0 2.0160713E7 1666.0 137.0
0.0 32.0 86703.0 0.6760952386575142 222.0 5.2813787E7 978.0 151.0
0.0 24.0 113835.0 1.1137872073420365 223.0 4.9578427E7 1552.0 331.0
0.0 24.0 128798.0 2.6308018142751415 105.0 2.0078661E7 1639.0 199.0
0.0 38.0 79388.0 0.238943961992897 310.0 7.4303084E7 545.0 48.0
0.0 21.0 177853.0 2.0723631768861397 36.0 2.2849978E7 1991.0 267.0
0.0 37.0 57705.0 0.7226934707986699 241.0 6.4352694E7 652.0 107.0
0.0 36.0 81347.0 0.6651526248997229 227.0 6.8418381E7 671.0 147.0
0.0 23.0 228644.0 1.4234566324196933 69.0 4.8389791E7 1632.0 284.0
0.0 26.0 112494.0 1.7648011563518589 149.0 3.0286973E7 1466.0 203.0
0.0 20.0 130225.0 4.022168435527092 97.0 1.819901E7 1866.0 189.0
0.0 16.0 267331.0 1.7535236392408367 69.0 2.6808348E7 2038.0 337.0
0.0 29.0 106382.0 2.4365747679553156 117.0 3.6414539E7 1261.0 160.0
0.0 25.0 148460.0 1.7137294981508622 210.0 4.0299068E7 1395.0 121.0
0.0 24.0 128798.0 2.6308018142751415 105.0 2.0078661E7 1639.0 199.0
0.0 15.0 217495.0 3.1782384551715217 36.0 2.0047755E7 2389.0 250.0
0.0 14.0 203297.0 2.849528116274426 85.0 2.9492858E7 2274.0 246.0
0.0 31.0 77016.0 0.6882360061024981 253.0 6.206603E7 875.0 225.0
0.0 19.0 190799.0 3.1666430344531737 41.0 1.7007917E7 2079.0 210.0
0.0 17.0 194437.0 2.0475695463583574 102.0 2.655701E7 2177.0 246.0
0.0 19.0 190799.0 3.1666430344531737 41.0 1.7007917E7 2079.0 210.0
0.0 32.0 40200.0 2.596599294123676 290.0 5.6967274E7 1009.0 118.0
0.0 33.0 74971.0 1.3948658444838462 154.0 4.2788974E7 1098.0 80.0
0.0 26.0 143626.0 2.4860939146592846 138.0 3.0075585E7 1477.0 127.0
0.0 11.0 229981.0 3.336651672088914 20.0 9951651.0 2530.0 379.0
0.0 27.0 97782.0 1.719524566694588 119.0 3.6133534E7 1330.0 199.0
0.0 36.0 46007.0 0.8074539466319138 298.0 6.3601997E7 760.0 85.0
0.0 38.0 50675.0 1.7352613671512525 224.0 7.4134693E7 545.0 74.0
0.0 11.0 229981.0 3.336651672088914 20.0 9951651.0 2530.0 379.0
0.0 36.0 63280.0 0.5983323484020271 236.0 7.325882E7 623.0 112.0
0.0 19.0 190799.0 3.1666430344531737 41.0 1.7007917E7 2079.0 210.0
0.0 37.0 57705.0 0.7226934707986699 241.0 6.4352694E7 652.0 107.0
0.0 20.0 141688.0 3.129812280603438 86.0 2.3273141E7 1848.0 217.0
0.0 21.0 177853.0 2.0723631768861397 36.0 2.2849978E7 1991.0 267.0
0.0 28.0 91097.0 2.70257309711154 139.0 3.6238992E7 1378.0 125.0
0.0 21.0 177853.0 2.0723631768861397 36.0 2.2849978E7 1991.0 267.0
0.0 16.0 232766.0 2.852045249798782 36.0 1.6306927E7 2079.0 436.0
0.0 37.0 57705.0 0.7226934707986699 241.0 6.4352694E7 652.0 107.0
0.0 24.0 90172.0 1.7282067247959283 161.0 3.9433213E7 1411.0 201.0
0.0 28.0 91097.0 2.70257309711154 139.0 3.6238992E7 1378.0 125.0
0.0 9.0 274216.0 3.5030017888620875 26.0 1.8447603E7 2510.0 294.0
0.0 24.0 128798.0 2.6308018142751415 105.0 2.0078661E7 1639.0 199.0
0.0 31.0 77016.0 0.6882360061024981 253.0 6.206603E7 875.0 225.0
0.0 19.0 190799.0 3.1666430344531737 41.0 1.7007917E7 2079.0 210.0
0.0 25.0 148460.0 1.7137294981508622 210.0 4.0299068E7 1395.0 121.0
0.0 7.0 293681.0 4.019363996297063 23.0 1.2386206E7 2665.0 328.0
0.0 24.0 128798.0 2.6308018142751415 105.0 2.0078661E7 1639.0 199.0
0.0 24.0 90172.0 1.7282067247959283 161.0 3.9433213E7 1411.0 201.0
0.0 26.0 112494.0 1.7648011563518589 149.0 3.0286973E7 1466.0 203.0
0.0 11.0 229981.0 3.336651672088914 20.0 9951651.0 2530.0 379.0
0.0 27.0 97782.0 1.719524566694588 119.0 3.6133534E7 1330.0 199.0
0.0 25.0 148460.0 1.7137294981508622 210.0 4.0299068E7 1395.0 121.0
0.0 15.0 144683.0 3.8714266054479576 137.0 2.0988377E7 2207.0 272.0
0.0 33.0 74971.0 1.3948658444838462 154.0 4.2788974E7 1098.0 80.0
0.0 24.0 90172.0 1.7282067247959283 161.0 3.9433213E7 1411.0 201.0
0.0 28.0 164900.0 0.7682844415275181 178.0 5.5361951E7 1331.0 358.0
0.0 15.0 144683.0 3.8714266054479576 137.0 2.0988377E7 2207.0 272.0
0.0 15.0 144683.0 3.8714266054479576 137.0 2.0988377E7 2207.0 272.0
0.0 20.0 141688.0 3.129812280603438 86.0 2.3273141E7 1848.0 217.0
0.0 41.0 13612.0 0.23431985816002873 326.0 8.4924465E7 322.0 39.0
0.0 26.0 143626.0 2.4860939146592846 138.0 3.0075585E7 1477.0 127.0
0.0 37.0 57705.0 0.7226934707986699 241.0 6.4352694E7 652.0 107.0
0.0 33.0 74971.0 1.3948658444838462 154.0 4.2788974E7 1098.0 80.0
0.0 8.0 287284.0 4.597670838593464 13.0 2956203.0 2698.0 388.0
0.0 36.0 46007.0 0.8074539466319138 298.0 6.3601997E7 760.0 85.0
0.0 7.0 287926.0 4.846928134329854 39.0 1.2051282E7 2698.0 311.0
0.0 20.0 159893.0 1.9932530242673354 85.0 2.4155821E7 1780.0 303.0
0.0 37.0 57705.0 0.7226934707986699 241.0 6.4352694E7 652.0 107.0
0.0 21.0 177853.0 2.0723631768861397 36.0 2.2849978E7 1991.0 267.0
0.0 16.0 267331.0 1.7535236392408367 69.0 2.6808348E7 2038.0 337.0
0.0 26.0 112494.0 1.7648011563518589 149.0 3.0286973E7 1466.0 203.0
0.0 38.0 41240.0 0.37367612579836684 309.0 7.949265E7 455.0 109.0
0.0 8.0 255413.0 3.984297229818345 14.0 7874807.0 2738.0 406.0
0.0 37.0 43852.0 0.8999351496394326 283.0 6.3827074E7 722.0 61.0
0.0 41.0 28217.0 1.4151605228716613 284.0 7.9656871E7 474.0 30.0
0.0 24.0 127777.0 1.9922253322746106 132.0 3.4730333E7 1492.0 194.0
0.0 37.0 57705.0 0.7226934707986699 241.0 6.4352694E7 652.0 107.0
0.0 38.0 50675.0 1.7352613671512525 224.0 7.4134693E7 545.0 74.0
0.0 11.0 229981.0 3.336651672088914 20.0 9951651.0 2530.0 379.0
0.0 24.0 128798.0 2.6308018142751415 105.0 2.0078661E7 1639.0 199.0
0.0 15.0 144683.0 3.8714266054479576 137.0 2.0988377E7 2207.0 272.0
0.0 30.0 77682.0 2.6815204655325924 151.0 3.705413E7 1288.0 110.0
0.0 19.0 190799.0 3.1666430344531737 41.0 1.7007917E7 2079.0 210.0
0.0 29.0 89515.0 1.9771665328865136 186.0 5.6363435E7 1112.0 145.0
0.0 11.0 229981.0 3.336651672088914 20.0 9951651.0 2530.0 379.0
0.0 21.0 177853.0 2.0723631768861397 36.0 2.2849978E7 1991.0 267.0
0.0 38.0 50675.0 1.7352613671512525 224.0 7.4134693E7 545.0 74.0
0.0 33.0 74971.0 1.3948658444838462 154.0 4.2788974E7 1098.0 80.0
0.0 40.0 36037.0 0.07921894780699645 334.0 8.5105548E7 316.0 150.0
0.0 33.0 74971.0 1.3948658444838462 154.0 4.2788974E7 1098.0 80.0
0.0 31.0 77016.0 0.6882360061024981 253.0 6.206603E7 875.0 225.0
0.0 38.0 41240.0 0.37367612579836684 309.0 7.949265E7 455.0 109.0
0.0 25.0 109564.0 1.7334001647807125 109.0 3.5313641E7 1417.0 215.0
0.0 21.0 177853.0 2.0723631768861397 36.0 2.2849978E7 1991.0 267.0
0.0 30.0 77682.0 2.6815204655325924 151.0 3.705413E7 1288.0 110.0
0.0 30.0 77682.0 2.6815204655325924 151.0 3.705413E7 1288.0 110.0
0.0 14.0 203297.0 2.849528116274426 85.0 2.9492858E7 2274.0 246.0
0.0 28.0 91097.0 2.70257309711154 139.0 3.6238992E7 1378.0 125.0
0.0 11.0 229981.0 3.336651672088914 20.0 9951651.0 2530.0 379.0
0.0 19.0 190799.0 3.1666430344531737 41.0 1.7007917E7 2079.0 210.0
0.0 24.0 90172.0 1.7282067247959283 161.0 3.9433213E7 1411.0 201.0
0.0 33.0 74971.0 1.3948658444838462 154.0 4.2788974E7 1098.0 80.0
0.0 37.0 43904.0 1.2265414341662912 249.0 6.8917791E7 664.0 56.0
0.0 25.0 148460.0 1.7137294981508622 210.0 4.0299068E7 1395.0 121.0
0.0 26.0 141422.0 2.5175271489076967 130.0 4.0121667E7 1332.0 124.0
0.0 31.0 77016.0 0.6882360061024981 253.0 6.206603E7 875.0 225.0
0.0 33.0 74971.0 1.3948658444838462 154.0 4.2788974E7 1098.0 80.0
0.0 33.0 74971.0 1.3948658444838462 154.0 4.2788974E7 1098.0 80.0
0.0 14.0 235358.0 2.458277399723807 87.0 2.1562665E7 2131.0 432.0
0.0 21.0 177853.0 2.0723631768861397 36.0 2.2849978E7 1991.0 267.0
0.0 20.0 130225.0 4.022168435527092 97.0 1.819901E7 1866.0 189.0
0.0 19.0 143394.0 3.255717395766674 69.0 1.2931345E7 2047.0 275.0
0.0 15.0 204930.0 3.7992567250478824 24.0 1.5454629E7 2416.0 254.0
0.0 37.0 36436.0 0.422873165317987 319.0 7.9039298E7 497.0 107.0
0.0 18.0 204372.0 3.0218536416162425 30.0 1.672305E7 2066.0 245.0
0.0 34.0 68685.0 0.5528087282303984 262.0 7.7723361E7 610.0 225.0
0.0 16.0 267331.0 1.7535236392408367 69.0 2.6808348E7 2038.0 337.0
0.0 38.0 38656.0 0.7893601374653365 305.0 6.985783E7 586.0 81.0
0.0 29.0 106382.0 2.4365747679553156 117.0 3.6414539E7 1261.0 160.0
0.0 33.0 74971.0 1.3948658444838462 154.0 4.2788974E7 1098.0 80.0
0.0 23.0 230163.0 1.9194288315665757 59.0 2.9199761E7 1756.0 247.0
0.0 26.0 170751.0 1.1249983068987301 193.0 5.0057963E7 1257.0 216.0
0.0 38.0 50675.0 1.7352613671512525 224.0 7.4134693E7 545.0 74.0
0.0 31.0 77016.0 0.6882360061024981 253.0 6.206603E7 875.0 225.0
0.0 12.0 215787.0 3.445042922767225 51.0 2.3759623E7 2400.0 273.0
0.0 30.0 77682.0 2.6815204655325924 151.0 3.705413E7 1288.0 110.0
0.0 26.0 112494.0 1.7648011563518589 149.0 3.0286973E7 1466.0 203.0
0.0 21.0 177853.0 2.0723631768861397 36.0 2.2849978E7 1991.0 267.0
0.0 33.0 74971.0 1.3948658444838462 154.0 4.2788974E7 1098.0 80.0
0.0 11.0 271284.0 3.2732121400447314 55.0 1.8851858E7 2526.0 269.0
0.0 33.0 74971.0 1.3948658444838462 154.0 4.2788974E7 1098.0 80.0
0.0 40.0 47145.0 1.4879756238825514 243.0 7.9661491E7 449.0 58.0
0.0 37.0 57705.0 0.7226934707986699 241.0 6.4352694E7 652.0 107.0
0.0 30.0 99455.0 1.5924759588410264 136.0 3.2058493E7 1297.0 131.0
0.0 11.0 229981.0 3.336651672088914 20.0 9951651.0 2530.0 379.0
0.0 38.0 50675.0 1.7352613671512525 224.0 7.4134693E7 545.0 74.0
0.0 32.0 86703.0 0.6760952386575142 222.0 5.2813787E7 978.0 151.0
0.0 8.0 255413.0 3.984297229818345 14.0 7874807.0 2738.0 406.0
0.0 21.0 177853.0 2.0723631768861397 36.0 2.2849978E7 1991.0 267.0
0.0 37.0 18268.0 1.5199224276335659 333.0 7.8463298E7 594.0 52.0
0.0 24.0 128798.0 2.6308018142751415 105.0 2.0078661E7 1639.0 199.0
0.0 25.0 133446.0 1.3501510473091918 172.0 5.4965723E7 1291.0 278.0
0.0 25.0 156714.0 2.507146546238232 127.0 2.9668016E7 1522.0 141.0
0.0 30.0 77682.0 2.6815204655325924 151.0 3.705413E7 1288.0 110.0
0.0 21.0 177853.0 2.0723631768861397 36.0 2.2849978E7 1991.0 267.0
0.0 11.0 229981.0 3.336651672088914 20.0 9951651.0 2530.0 379.0
0.0 11.0 229981.0 3.336651672088914 20.0 9951651.0 2530.0 379.0
0.0 29.0 106382.0 2.4365747679553156 117.0 3.6414539E7 1261.0 160.0
0.0 25.0 133803.0 1.8845394509045186 122.0 3.0187621E7 1509.0 243.0
0.0 8.0 298679.0 3.4831658552827154 10.0 8130845.0 2598.0 493.0
0.0 37.0 57705.0 0.7226934707986699 241.0 6.4352694E7 652.0 107.0
0.0 16.0 202257.0 3.641679802763792 28.0 9995727.0 2395.0 226.0
0.0 8.0 254051.0 4.095474907141657 1.0 8222293.0 2707.0 414.0
0.0 24.0 127777.0 1.9922253322746106 132.0 3.4730333E7 1492.0 194.0
0.0 26.0 141422.0 2.5175271489076967 130.0 4.0121667E7 1332.0 124.0
0.0 28.0 91097.0 2.70257309711154 139.0 3.6238992E7 1378.0 125.0
0.0 24.0 128798.0 2.6308018142751415 105.0 2.0078661E7 1639.0 199.0
0.0 19.0 190799.0 3.1666430344531737 41.0 1.7007917E7 2079.0 210.0
0.0 31.0 77016.0 0.6882360061024981 253.0 6.206603E7 875.0 225.0
0.0 27.0 97782.0 1.719524566694588 119.0 3.6133534E7 1330.0 199.0
0.0 26.0 112494.0 1.7648011563518589 149.0 3.0286973E7 1466.0 203.0
0.0 33.0 74971.0 1.3948658444838462 154.0 4.2788974E7 1098.0 80.0
0.0 33.0 74971.0 1.3948658444838462 154.0 4.2788974E7 1098.0 80.0
0.0 18.0 197513.0 2.0793232222407543 93.0 2.2238185E7 1991.0 297.0
0.0 24.0 127777.0 1.9922253322746106 132.0 3.4730333E7 1492.0 194.0
0.0 38.0 41240.0 0.37367612579836684 309.0 7.949265E7 455.0 109.0
0.0 16.0 267331.0 1.7535236392408367 69.0 2.6808348E7 2038.0 337.0
0.0 33.0 74971.0 1.3948658444838462 154.0 4.2788974E7 1098.0 80.0
0.0 24.0 128798.0 2.6308018142751415 105.0 2.0078661E7 1639.0 199.0
0.0 20.0 141688.0 3.129812280603438 86.0 2.3273141E7 1848.0 217.0
0.0 30.0 77682.0 2.6815204655325924 151.0 3.705413E7 1288.0 110.0
0.0 23.0 230163.0 1.9194288315665757 59.0 2.9199761E7 1756.0 247.0
0.0 19.0 146226.0 3.113427231960325 76.0 1.7449537E7 2068.0 216.0
0.0 33.0 74971.0 1.3948658444838462 154.0 4.2788974E7 1098.0 80.0
0.0 25.0 133803.0 1.8845394509045186 122.0 3.0187621E7 1509.0 243.0
0.0 15.0 204930.0 3.7992567250478824 24.0 1.5454629E7 2416.0 254.0
0.0 19.0 190799.0 3.1666430344531737 41.0 1.7007917E7 2079.0 210.0
0.0 42.0 46343.0 0.4855345911949685 261.0 8.5556442E7 262.0 95.0
0.0 11.0 229981.0 3.336651672088914 20.0 9951651.0 2530.0 379.0
0.0 21.0 177853.0 2.0723631768861397 36.0 2.2849978E7 1991.0 267.0
0.0 32.0 40200.0 2.596599294123676 290.0 5.6967274E7 1009.0 118.0
0.0 33.0 74971.0 1.3948658444838462 154.0 4.2788974E7 1098.0 80.0
0.0 25.0 133803.0 1.8845394509045186 122.0 3.0187621E7 1509.0 243.0
0.0 38.0 41240.0 0.37367612579836684 309.0 7.949265E7 455.0 109.0
0.0 32.0 78386.0 1.410418468114805 151.0 4.326488E7 1149.0 144.0
0.0 35.0 113046.0 0.5552955110255672 210.0 6.8423386E7 700.0 144.0
0.0 39.0 80047.0 0.14668268912751087 333.0 8.0028938E7 405.0 71.0
0.0 37.0 57705.0 0.7226934707986699 241.0 6.4352694E7 652.0 107.0
0.0 16.0 267331.0 1.7535236392408367 69.0 2.6808348E7 2038.0 337.0
0.0 15.0 204930.0 3.7992567250478824 24.0 1.5454629E7 2416.0 254.0
0.0 13.0 207278.0 3.979329310168062 12.0 9526935.0 2462.0 320.0
0.0 24.0 90172.0 1.7282067247959283 161.0 3.9433213E7 1411.0 201.0
0.0 16.0 232766.0 2.852045249798782 36.0 1.6306927E7 2079.0 436.0
0.0 20.0 141688.0 3.129812280603438 86.0 2.3273141E7 1848.0 217.0
0.0 24.0 127777.0 1.9922253322746106 132.0 3.4730333E7 1492.0 194.0
0.0 40.0 25879.0 0.3150216125459936 323.0 8.9659541E7 352.0 84.0
0.0 20.0 133730.0 3.014785278238812 99.0 2.3565326E7 1777.0 201.0
0.0 26.0 141422.0 2.5175271489076967 130.0 4.0121667E7 1332.0 124.0
0.0 13.0 207278.0 3.979329310168062 12.0 9526935.0 2462.0 320.0
0.0 30.0 77682.0 2.6815204655325924 151.0 3.705413E7 1288.0 110.0
0.0 23.0 230163.0 1.9194288315665757 59.0 2.9199761E7 1756.0 247.0
0.0 32.0 78386.0 1.410418468114805 151.0 4.326488E7 1149.0 144.0
0.0 25.0 225523.0 1.4960439635522584 72.0 3.4496584E7 1538.0 247.0
0.0 29.0 155052.0 1.538945668468631 136.0 4.641688E7 1202.0 168.0
0.0 24.0 209467.0 1.8605363356694877 53.0 2.3763574E7 1795.0 329.0
0.0 36.0 46007.0 0.8074539466319138 298.0 6.3601997E7 760.0 85.0
0.0 13.0 230797.0 3.0745420765314075 33.0 2.4618657E7 2341.0 300.0
0.0 24.0 118212.0 3.02021552051116 118.0 2.9787026E7 1642.0 164.0
0.0 11.0 229981.0 3.336651672088914 20.0 9951651.0 2530.0 379.0
0.0 33.0 74971.0 1.3948658444838462 154.0 4.2788974E7 1098.0 80.0
0.0 24.0 128798.0 2.6308018142751415 105.0 2.0078661E7 1639.0 199.0
0.0 19.0 190799.0 3.1666430344531737 41.0 1.7007917E7 2079.0 210.0
0.0 33.0 97902.0 1.5132768452477883 140.0 4.7361848E7 1091.0 116.0
0.0 23.0 170453.0 2.7488085798228905 92.0 2.0160713E7 1666.0 137.0
0.0 11.0 229981.0 3.336651672088914 20.0 9951651.0 2530.0 379.0
0.0 20.0 130225.0 4.022168435527092 97.0 1.819901E7 1866.0 189.0
0.0 12.0 237277.0 3.3363498217007823 20.0 1.9588573E7 2459.0 308.0
0.0 24.0 118212.0 3.02021552051116 118.0 2.9787026E7 1642.0 164.0
0.0 24.0 128798.0 2.6308018142751415 105.0 2.0078661E7 1639.0 199.0
0.0 32.0 78386.0 1.410418468114805 151.0 4.326488E7 1149.0 144.0
0.0 25.0 148460.0 1.7137294981508622 210.0 4.0299068E7 1395.0 121.0
0.0 15.0 204930.0 3.7992567250478824 24.0 1.5454629E7 2416.0 254.0
0.0 16.0 267331.0 1.7535236392408367 69.0 2.6808348E7 2038.0 337.0
0.0 25.0 133803.0 1.8845394509045186 122.0 3.0187621E7 1509.0 243.0
0.0 26.0 170751.0 1.1249983068987301 193.0 5.0057963E7 1257.0 216.0
0.0 19.0 143394.0 3.255717395766674 69.0 1.2931345E7 2047.0 275.0
0.0 8.0 255413.0 3.984297229818345 14.0 7874807.0 2738.0 406.0
0.0 29.0 155052.0 1.538945668468631 136.0 4.641688E7 1202.0 168.0
0.0 21.0 177853.0 2.0723631768861397 36.0 2.2849978E7 1991.0 267.0
0.0 33.0 74971.0 1.3948658444838462 154.0 4.2788974E7 1098.0 80.0
0.0 19.0 190799.0 3.1666430344531737 41.0 1.7007917E7 2079.0 210.0
0.0 24.0 209467.0 1.8605363356694877 53.0 2.3763574E7 1795.0 329.0
0.0 20.0 157947.0 2.768929462714515 91.0 1.8264953E7 1899.0 289.0
0.0 26.0 112494.0 1.7648011563518589 149.0 3.0286973E7 1466.0 203.0
0.0 38.0 41240.0 0.37367612579836684 309.0 7.949265E7 455.0 109.0
0.0 26.0 141422.0 2.5175271489076967 130.0 4.0121667E7 1332.0 124.0
