0.0 24.0 172959.0 1.8335573444756559 100.0 2.4516769E7 1659.0 221.0
0.0 25.0 124040.0 1.59890650973854 103.0 2.9452385E7 1725.0 234.0
0.0 25.0 124040.0 1.59890650973854 103.0 2.9452385E7 1725.0 234.0
0.0 31.0 152893.0 1.6359381496716385 136.0 4.6818281E7 1112.0 136.0
0.0 8.0 237963.0 3.3134151064772053 68.0 1.2786932E7 2687.0 352.0
0.0 7.0 231768.0 4.59225975909235 37.0 1.216319E7 2760.0 363.0
0.0 33.0 79784.0 0.7672655037366467 200.0 5.314972E7 895.0 172.0
0.0 7.0 231768.0 4.59225975909235 37.0 1.216319E7 2760.0 363.0
0.0 29.0 89465.0 2.341245535783978 137.0 3.1865171E7 1323.0 92.0
0.0 29.0 89465.0 2.341245535783978 137.0 3.1865171E7 1323.0 92.0
0.0 29.0 82768.0 1.3528357115965088 193.0 5.5732136E7 1083.0 115.0
0.0 24.0 109031.0 3.668800681576578 113.0 2.9441385E7 1579.0 165.0
0.0 18.0 185345.0 2.776277356209556 80.0 2.1907616E7 2066.0 238.0
0.0 20.0 192668.0 2.113643049281406 57.0 2.233496E7 2143.0 214.0
0.0 19.0 211956.0 2.454340792708045 34.0 2.7610153E7 1872.0 294.0
0.0 33.0 83483.0 0.8154096281855244 189.0 5.7216318E7 952.0 89.0
0.0 25.0 124040.0 1.59890650973854 103.0 2.9452385E7 1725.0 234.0
0.0 27.0 89678.0 2.649236572141565 144.0 3.0341955E7 1492.0 136.0
0.0 24.0 172959.0 1.8335573444756559 100.0 2.4516769E7 1659.0 221.0
0.0 19.0 190103.0 3.209967922202023 20.0 1.6372734E7 2165.0 218.0
0.0 17.0 188432.0 3.409967922202023 19.0 1.594426E7 2283.0 232.0
0.0 33.0 109748.0 0.8808366365666926 205.0 5.7823648E7 916.0 83.0
0.0 30.0 113427.0 1.5185400031425251 131.0 4.6440996E7 1220.0 226.0
0.0 23.0 138399.0 1.6522172058336164 91.0 2.8806428E7 1822.0 252.0
0.0 26.0 86283.0 0.8722043378240321 227.0 5.5487015E7 1161.0 191.0
0.0 27.0 89678.0 2.649236572141565 144.0 3.0341955E7 1492.0 136.0
0.0 19.0 211956.0 2.454340792708045 34.0 2.7610153E7 1872.0 294.0
0.0 25.0 124040.0 1.59890650973854 103.0 2.9452385E7 1725.0 234.0
0.0 17.0 188432.0 3.409967922202023 19.0 1.594426E7 2283.0 232.0
0.0 38.0 25941.0 0.9363158702565166 305.0 7.4363345E7 571.0 49.0
0.0 40.0 42180.0 0.21234135143303745 268.0 7.5060373E7 518.0 110.0
0.0 27.0 89678.0 2.649236572141565 144.0 3.0341955E7 1492.0 136.0
0.0 38.0 56948.0 0.673786926332224 246.0 7.4769077E7 513.0 97.0
0.0 29.0 76126.0 1.3833832794502863 214.0 4.7117846E7 1215.0 154.0
0.0 36.0 49547.0 0.5648193205493766 266.0 6.857463E7 697.0 105.0
0.0 33.0 79784.0 0.7672655037366467 200.0 5.314972E7 895.0 172.0
0.0 19.0 149446.0 2.155980423449687 117.0 2.2797256E7 1858.0 291.0
0.0 23.0 138399.0 1.6522172058336164 91.0 2.8806428E7 1822.0 252.0
0.0 21.0 201893.0 2.118548083597362 46.0 2.3566685E7 1877.0 277.0
0.0 27.0 89678.0 2.649236572141565 144.0 3.0341955E7 1492.0 136.0
0.0 36.0 61759.0 1.8612067290898233 211.0 5.8872451E7 820.0 78.0
0.0 29.0 76126.0 1.3833832794502863 214.0 4.7117846E7 1215.0 154.0
0.0 19.0 149446.0 2.155980423449687 117.0 2.2797256E7 1858.0 291.0
0.0 33.0 79784.0 0.7672655037366467 200.0 5.314972E7 895.0 172.0
0.0 23.0 138399.0 1.6522172058336164 91.0 2.8806428E7 1822.0 252.0
0.0 6.0 297414.0 4.865796058858157 14.0 6895766.0 2827.0 325.0
0.0 21.0 201893.0 2.118548083597362 46.0 2.3566685E7 1877.0 277.0
0.0 41.0 30831.0 0.2440422965013129 339.0 9.0307875E7 218.0 158.0
0.0 19.0 237054.0 2.9052766016349474 42.0 1.2026912E7 2044.0 195.0
0.0 21.0 201893.0 2.118548083597362 46.0 2.3566685E7 1877.0 277.0
0.0 24.0 109031.0 3.668800681576578 113.0 2.9441385E7 1579.0 165.0
0.0 17.0 188432.0 3.409967922202023 19.0 1.594426E7 2283.0 232.0
0.0 37.0 104661.0 0.6200392943740016 221.0 5.9329997E7 695.0 56.0
0.0 23.0 115576.0 2.4717146823926948 128.0 2.9283597E7 1744.0 168.0
0.0 33.0 79784.0 0.7672655037366467 200.0 5.314972E7 895.0 172.0
0.0 17.0 188432.0 3.409967922202023 19.0 1.594426E7 2283.0 232.0
0.0 25.0 123312.0 1.4911891225902834 150.0 4.9359098E7 1265.0 297.0
0.0 27.0 89678.0 2.649236572141565 144.0 3.0341955E7 1492.0 136.0
0.0 37.0 15683.0 2.0484938562049946 332.0 7.35555E7 634.0 41.0
0.0 20.0 192668.0 2.113643049281406 57.0 2.233496E7 2143.0 214.0
0.0 21.0 201893.0 2.118548083597362 46.0 2.3566685E7 1877.0 277.0
0.0 39.0 40379.0 1.397525900710659 259.0 7.419067E7 582.0 42.0
0.0 31.0 152893.0 1.6359381496716385 136.0 4.6818281E7 1112.0 136.0
0.0 31.0 65397.0 0.7024388373018028 238.0 5.7560757E7 1057.0 146.0
0.0 27.0 89678.0 2.649236572141565 144.0 3.0341955E7 1492.0 136.0
0.0 23.0 138399.0 1.6522172058336164 91.0 2.8806428E7 1822.0 252.0
0.0 26.0 104139.0 2.792816603734915 115.0 2.5279695E7 1579.0 194.0
0.0 26.0 104139.0 2.792816603734915 115.0 2.5279695E7 1579.0 194.0
0.0 25.0 124040.0 1.59890650973854 103.0 2.9452385E7 1725.0 234.0
0.0 33.0 79784.0 0.7672655037366467 200.0 5.314972E7 895.0 172.0
0.0 24.0 109031.0 3.668800681576578 113.0 2.9441385E7 1579.0 165.0
0.0 13.0 253738.0 3.1851013411057707 22.0 5614361.0 2357.0 394.0
0.0 25.0 124040.0 1.59890650973854 103.0 2.9452385E7 1725.0 234.0
0.0 29.0 76126.0 1.3833832794502863 214.0 4.7117846E7 1215.0 154.0
0.0 18.0 185345.0 2.776277356209556 80.0 2.1907616E7 2066.0 238.0
0.0 13.0 253738.0 3.1851013411057707 22.0 5614361.0 2357.0 394.0
0.0 26.0 104139.0 2.792816603734915 115.0 2.5279695E7 1579.0 194.0
0.0 30.0 113427.0 1.5185400031425251 131.0 4.6440996E7 1220.0 226.0
0.0 29.0 108226.0 0.8452925562987486 174.0 6.1735566E7 960.0 230.0
0.0 5.0 299148.0 5.294367487429586 7.0 1346942.0 2924.0 339.0
0.0 37.0 35351.0 0.8496869074695259 289.0 6.9254519E7 614.0 68.0
0.0 39.0 20955.0 0.935218544895964 321.0 7.9959598E7 427.0 57.0
0.0 13.0 253738.0 3.1851013411057707 22.0 5614361.0 2357.0 394.0
0.0 35.0 114419.0 1.1456746847663708 206.0 6.3207104E7 728.0 87.0
0.0 15.0 253218.0 3.1355442523768433 29.0 1.068664E7 2443.0 226.0
0.0 31.0 152893.0 1.6359381496716385 136.0 4.6818281E7 1112.0 136.0
0.0 26.0 104139.0 2.792816603734915 115.0 2.5279695E7 1579.0 194.0
0.0 20.0 192668.0 2.113643049281406 57.0 2.233496E7 2143.0 214.0
0.0 13.0 270382.0 3.160858223588803 15.0 1.015063E7 2460.0 251.0
0.0 31.0 65397.0 0.7024388373018028 238.0 5.7560757E7 1057.0 146.0
0.0 25.0 124040.0 1.59890650973854 103.0 2.9452385E7 1725.0 234.0
0.0 29.0 82768.0 1.3528357115965088 193.0 5.5732136E7 1083.0 115.0
0.0 23.0 115576.0 2.4717146823926948 128.0 2.9283597E7 1744.0 168.0
0.0 24.0 125125.0 1.1654752464895577 97.0 3.4907117E7 1453.0 191.0
0.0 13.0 253738.0 3.1851013411057707 22.0 5614361.0 2357.0 394.0
0.0 29.0 76126.0 1.3833832794502863 214.0 4.7117846E7 1215.0 154.0
0.0 37.0 35351.0 0.8496869074695259 289.0 6.9254519E7 614.0 68.0
0.0 18.0 185345.0 2.776277356209556 80.0 2.1907616E7 2066.0 238.0
0.0 23.0 117864.0 2.2734730995527754 149.0 3.8798016E7 1502.0 244.0
0.0 8.0 237963.0 3.3134151064772053 68.0 1.2786932E7 2687.0 352.0
0.0 22.0 118430.0 1.7763656650048336 184.0 3.8631582E7 1496.0 327.0
0.0 39.0 34753.0 1.0023322702153645 275.0 6.5271929E7 638.0 39.0
0.0 38.0 63008.0 1.1897362640709712 225.0 6.0018377E7 730.0 80.0
0.0 13.0 253738.0 3.1851013411057707 22.0 5614361.0 2357.0 394.0
0.0 19.0 190103.0 3.209967922202023 20.0 1.6372734E7 2165.0 218.0
0.0 23.0 138399.0 1.6522172058336164 91.0 2.8806428E7 1822.0 252.0
0.0 33.0 79784.0 0.7672655037366467 200.0 5.314972E7 895.0 172.0
0.0 28.0 120552.0 1.6337491581434689 204.0 5.5933381E7 1151.0 103.0
0.0 25.0 123312.0 1.4911891225902834 150.0 4.9359098E7 1265.0 297.0
0.0 36.0 49547.0 0.5648193205493766 266.0 6.857463E7 697.0 105.0
0.0 29.0 88986.0 2.5832660903816094 152.0 4.5712961E7 1255.0 140.0
0.0 33.0 79784.0 0.7672655037366467 200.0 5.314972E7 895.0 172.0
0.0 38.0 50472.0 0.2700712648888217 293.0 8.4304707E7 377.0 179.0
0.0 25.0 163424.0 1.8243776083897347 136.0 3.0893924E7 1479.0 194.0
0.0 23.0 115576.0 2.4717146823926948 128.0 2.9283597E7 1744.0 168.0
0.0 37.0 35351.0 0.8496869074695259 289.0 6.9254519E7 614.0 68.0
0.0 37.0 35351.0 0.8496869074695259 289.0 6.9254519E7 614.0 68.0
0.0 29.0 82768.0 1.3528357115965088 193.0 5.5732136E7 1083.0 115.0
0.0 29.0 108226.0 0.8452925562987486 174.0 6.1735566E7 960.0 230.0
0.0 35.0 51880.0 0.8437518014481384 254.0 6.3785341E7 744.0 142.0
0.0 25.0 180463.0 1.1041315293085916 111.0 4.3913962E7 1525.0 239.0
0.0 29.0 89465.0 2.341245535783978 137.0 3.1865171E7 1323.0 92.0
0.0 19.0 211956.0 2.454340792708045 34.0 2.7610153E7 1872.0 294.0
0.0 20.0 192668.0 2.113643049281406 57.0 2.233496E7 2143.0 214.0
0.0 23.0 138399.0 1.6522172058336164 91.0 2.8806428E7 1822.0 252.0
0.0 31.0 65397.0 0.7024388373018028 238.0 5.7560757E7 1057.0 146.0
0.0 19.0 237054.0 2.9052766016349474 42.0 1.2026912E7 2044.0 195.0
0.0 38.0 25941.0 0.9363158702565166 305.0 7.4363345E7 571.0 49.0
0.0 35.0 51880.0 0.8437518014481384 254.0 6.3785341E7 744.0 142.0
0.0 8.0 237963.0 3.3134151064772053 68.0 1.2786932E7 2687.0 352.0
0.0 25.0 164251.0 3.4180810068144956 50.0 3.3621035E7 1785.0 173.0
0.0 33.0 79784.0 0.7672655037366467 200.0 5.314972E7 895.0 172.0
0.0 19.0 230703.0 3.0132882577804234 31.0 1.6803682E7 2212.0 184.0
0.0 29.0 108226.0 0.8452925562987486 174.0 6.1735566E7 960.0 230.0
0.0 17.0 188432.0 3.409967922202023 19.0 1.594426E7 2283.0 232.0
0.0 29.0 108226.0 0.8452925562987486 174.0 6.1735566E7 960.0 230.0
0.0 7.0 249645.0 5.020663651136166 5.0 7229972.0 2736.0 353.0
0.0 25.0 173740.0 1.0884383616814384 117.0 4.9301768E7 1463.0 321.0
0.0 25.0 124040.0 1.59890650973854 103.0 2.9452385E7 1725.0 234.0
0.0 26.0 86283.0 0.8722043378240321 227.0 5.5487015E7 1161.0 191.0
0.0 30.0 113427.0 1.5185400031425251 131.0 4.6440996E7 1220.0 226.0
0.0 19.0 183822.0 3.66320566772863 28.0 2.1242535E7 2132.0 201.0
0.0 19.0 230703.0 3.0132882577804234 31.0 1.6803682E7 2212.0 184.0
0.0 27.0 89678.0 2.649236572141565 144.0 3.0341955E7 1492.0 136.0
0.0 39.0 39115.0 1.1470327310448576 270.0 6.9368736E7 594.0 45.0
0.0 29.0 108226.0 0.8452925562987486 174.0 6.1735566E7 960.0 230.0
0.0 24.0 172959.0 1.8335573444756559 100.0 2.4516769E7 1659.0 221.0
0.0 6.0 314469.0 4.113048806110905 22.0 3028563.0 2703.0 434.0
0.0 36.0 79150.0 0.5883782177924843 216.0 7.3451611E7 620.0 149.0
0.0 19.0 149446.0 2.155980423449687 117.0 2.2797256E7 1858.0 291.0
0.0 30.0 113427.0 1.5185400031425251 131.0 4.6440996E7 1220.0 226.0
0.0 20.0 192668.0 2.113643049281406 57.0 2.233496E7 2143.0 214.0
0.0 30.0 113427.0 1.5185400031425251 131.0 4.6440996E7 1220.0 226.0
0.0 39.0 39115.0 1.1470327310448576 270.0 6.9368736E7 594.0 45.0
0.0 5.0 299148.0 5.294367487429586 7.0 1346942.0 2924.0 339.0
0.0 19.0 168859.0 3.051221073974606 93.0 1.2564058E7 1913.0 317.0
0.0 15.0 213803.0 4.313182118114318 30.0 5570749.0 2552.0 246.0
0.0 17.0 188432.0 3.409967922202023 19.0 1.594426E7 2283.0 232.0
0.0 36.0 79150.0 0.5883782177924843 216.0 7.3451611E7 620.0 149.0
0.0 31.0 65397.0 0.7024388373018028 238.0 5.7560757E7 1057.0 146.0
0.0 31.0 65397.0 0.7024388373018028 238.0 5.7560757E7 1057.0 146.0
0.0 8.0 237963.0 3.3134151064772053 68.0 1.2786932E7 2687.0 352.0
0.0 19.0 168859.0 3.051221073974606 93.0 1.2564058E7 1913.0 317.0
0.0 19.0 230703.0 3.0132882577804234 31.0 1.6803682E7 2212.0 184.0
0.0 19.0 168859.0 3.051221073974606 93.0 1.2564058E7 1913.0 317.0
0.0 26.0 104139.0 2.792816603734915 115.0 2.5279695E7 1579.0 194.0
0.0 27.0 218715.0 1.8079799967134855 67.0 3.0237239E7 1572.0 168.0
0.0 7.0 249645.0 5.020663651136166 5.0 7229972.0 2736.0 353.0
0.0 24.0 172959.0 1.8335573444756559 100.0 2.4516769E7 1659.0 221.0
0.0 23.0 138399.0 1.6522172058336164 91.0 2.8806428E7 1822.0 252.0
0.0 39.0 39115.0 1.1470327310448576 270.0 6.9368736E7 594.0 45.0
0.0 24.0 172959.0 1.8335573444756559 100.0 2.4516769E7 1659.0 221.0
0.0 26.0 104139.0 2.792816603734915 115.0 2.5279695E7 1579.0 194.0
0.0 6.0 314469.0 4.113048806110905 22.0 3028563.0 2703.0 434.0
0.0 27.0 218715.0 1.8079799967134855 67.0 3.0237239E7 1572.0 168.0
0.0 19.0 183822.0 3.66320566772863 28.0 2.1242535E7 2132.0 201.0
0.0 8.0 237963.0 3.3134151064772053 68.0 1.2786932E7 2687.0 352.0
0.0 37.0 61558.0 0.31518037287671 263.0 6.9463163E7 606.0 175.0
0.0 27.0 218715.0 1.8079799967134855 67.0 3.0237239E7 1572.0 168.0
0.0 19.0 230703.0 3.0132882577804234 31.0 1.6803682E7 2212.0 184.0
0.0 29.0 108226.0 0.8452925562987486 174.0 6.1735566E7 960.0 230.0
0.0 19.0 230703.0 3.0132882577804234 31.0 1.6803682E7 2212.0 184.0
0.0 19.0 149446.0 2.155980423449687 117.0 2.2797256E7 1858.0 291.0
0.0 38.0 56948.0 0.673786926332224 246.0 7.4769077E7 513.0 97.0
0.0 31.0 65397.0 0.7024388373018028 238.0 5.7560757E7 1057.0 146.0
0.0 37.0 35351.0 0.8496869074695259 289.0 6.9254519E7 614.0 68.0
0.0 27.0 102527.0 2.5970303466483484 135.0 4.0675998E7 1360.0 152.0
0.0 14.0 207769.0 4.2149710505231255 27.0 1.0040787E7 2471.0 253.0
0.0 33.0 79784.0 0.7672655037366467 200.0 5.314972E7 895.0 172.0
0.0 19.0 183822.0 3.66320566772863 28.0 2.1242535E7 2132.0 201.0
0.0 6.0 314469.0 4.113048806110905 22.0 3028563.0 2703.0 434.0
0.0 20.0 155991.0 1.955980423449687 88.0 2.8056781E7 1764.0 293.0
0.0 38.0 63008.0 1.1897362640709712 225.0 6.0018377E7 730.0 80.0
0.0 36.0 79150.0 0.5883782177924843 216.0 7.3451611E7 620.0 149.0
0.0 35.0 51880.0 0.8437518014481384 254.0 6.3785341E7 744.0 142.0
0.0 25.0 123312.0 1.4911891225902834 150.0 4.9359098E7 1265.0 297.0
0.0 27.0 218715.0 1.8079799967134855 67.0 3.0237239E7 1572.0 168.0
0.0 27.0 102527.0 2.5970303466483484 135.0 4.0675998E7 1360.0 152.0
0.0 20.0 155991.0 1.955980423449687 88.0 2.8056781E7 1764.0 293.0
0.0 26.0 104139.0 2.792816603734915 115.0 2.5279695E7 1579.0 194.0
0.0 13.0 270382.0 3.160858223588803 15.0 1.015063E7 2460.0 251.0
0.0 25.0 123312.0 1.4911891225902834 150.0 4.9359098E7 1265.0 297.0
0.0 38.0 68288.0 0.494469130376058 233.0 7.4662091E7 500.0 172.0
0.0 27.0 102527.0 2.5970303466483484 135.0 4.0675998E7 1360.0 152.0
0.0 14.0 207769.0 4.2149710505231255 27.0 1.0040787E7 2471.0 253.0
0.0 17.0 188432.0 3.409967922202023 19.0 1.594426E7 2283.0 232.0
0.0 13.0 270382.0 3.160858223588803 15.0 1.015063E7 2460.0 251.0
0.0 19.0 168859.0 3.051221073974606 93.0 1.2564058E7 1913.0 317.0
0.0 19.0 168859.0 3.051221073974606 93.0 1.2564058E7 1913.0 317.0
0.0 7.0 249645.0 5.020663651136166 5.0 7229972.0 2736.0 353.0
0.0 29.0 136682.0 2.3201929042050304 148.0 3.209797E7 1311.0 110.0
0.0 20.0 192668.0 2.113643049281406 57.0 2.233496E7 2143.0 214.0
0.0 29.0 136682.0 2.3201929042050304 148.0 3.209797E7 1311.0 110.0
0.0 13.0 270382.0 3.160858223588803 15.0 1.015063E7 2460.0 251.0
0.0 24.0 109031.0 3.668800681576578 113.0 2.9441385E7 1579.0 165.0
0.0 16.0 230543.0 3.1989587528271226 19.0 1.1368865E7 2286.0 286.0
0.0 26.0 104139.0 2.792816603734915 115.0 2.5279695E7 1579.0 194.0
0.0 25.0 163424.0 1.8243776083897347 136.0 3.0893924E7 1479.0 194.0
0.0 29.0 136682.0 2.3201929042050304 148.0 3.209797E7 1311.0 110.0
0.0 29.0 136682.0 2.3201929042050304 148.0 3.209797E7 1311.0 110.0
0.0 41.0 30497.0 0.1622331224032771 346.0 8.5286957E7 342.0 135.0
0.0 20.0 155991.0 1.955980423449687 88.0 2.8056781E7 1764.0 293.0
0.0 15.0 253218.0 3.1355442523768433 29.0 1.068664E7 2443.0 226.0
0.0 20.0 155991.0 1.955980423449687 88.0 2.8056781E7 1764.0 293.0
0.0 27.0 89678.0 2.649236572141565 144.0 3.0341955E7 1492.0 136.0
0.0 26.0 158432.0 1.7616757718311253 125.0 3.5883598E7 1356.0 225.0
0.0 25.0 173740.0 1.0884383616814384 117.0 4.9301768E7 1463.0 321.0
0.0 29.0 136682.0 2.3201929042050304 148.0 3.209797E7 1311.0 110.0
0.0 14.0 207769.0 4.2149710505231255 27.0 1.0040787E7 2471.0 253.0
0.0 27.0 218715.0 1.8079799967134855 67.0 3.0237239E7 1572.0 168.0
0.0 27.0 218715.0 1.8079799967134855 67.0 3.0237239E7 1572.0 168.0
0.0 13.0 270382.0 3.160858223588803 15.0 1.015063E7 2460.0 251.0
0.0 27.0 218715.0 1.8079799967134855 67.0 3.0237239E7 1572.0 168.0
0.0 20.0 155991.0 1.955980423449687 88.0 2.8056781E7 1764.0 293.0
0.0 39.0 39115.0 1.1470327310448576 270.0 6.9368736E7 594.0 45.0
0.0 23.0 138399.0 1.6522172058336164 91.0 2.8806428E7 1822.0 252.0
0.0 40.0 15147.0 1.92093283061025 334.0 7.4982345E7 515.0 24.0
0.0 19.0 183822.0 3.66320566772863 28.0 2.1242535E7 2132.0 201.0
0.0 25.0 163424.0 1.8243776083897347 136.0 3.0893924E7 1479.0 194.0
0.0 39.0 54442.0 0.2585244428733448 287.0 8.4776889E7 308.0 191.0
0.0 15.0 216838.0 3.760337796838868 23.0 1.0871986E7 2270.0 282.0
0.0 29.0 136682.0 2.3201929042050304 148.0 3.209797E7 1311.0 110.0
0.0 37.0 35351.0 0.8496869074695259 289.0 6.9254519E7 614.0 68.0
0.0 31.0 152893.0 1.6359381496716385 136.0 4.6818281E7 1112.0 136.0
0.0 25.0 123312.0 1.4911891225902834 150.0 4.9359098E7 1265.0 297.0
0.0 7.0 249645.0 5.020663651136166 5.0 7229972.0 2736.0 353.0
0.0 20.0 155991.0 1.955980423449687 88.0 2.8056781E7 1764.0 293.0
0.0 41.0 30497.0 0.1622331224032771 346.0 8.5286957E7 342.0 135.0
0.0 15.0 216838.0 3.760337796838868 23.0 1.0871986E7 2270.0 282.0
0.0 27.0 102527.0 2.5970303466483484 135.0 4.0675998E7 1360.0 152.0
0.0 35.0 51880.0 0.8437518014481384 254.0 6.3785341E7 744.0 142.0
0.0 7.0 249645.0 5.020663651136166 5.0 7229972.0 2736.0 353.0
0.0 19.0 168859.0 3.051221073974606 93.0 1.2564058E7 1913.0 317.0
0.0 29.0 108226.0 0.8452925562987486 174.0 6.1735566E7 960.0 230.0
0.0 30.0 113427.0 1.5185400031425251 131.0 4.6440996E7 1220.0 226.0
0.0 16.0 230543.0 3.1989587528271226 19.0 1.1368865E7 2286.0 286.0
0.0 36.0 79150.0 0.5883782177924843 216.0 7.3451611E7 620.0 149.0
0.0 6.0 314469.0 4.113048806110905 22.0 3028563.0 2703.0 434.0
0.0 15.0 213803.0 4.313182118114318 30.0 5570749.0 2552.0 246.0
0.0 30.0 113427.0 1.5185400031425251 131.0 4.6440996E7 1220.0 226.0
0.0 13.0 270382.0 3.160858223588803 15.0 1.015063E7 2460.0 251.0
0.0 29.0 108226.0 0.8452925562987486 174.0 6.1735566E7 960.0 230.0
0.0 5.0 299148.0 5.294367487429586 7.0 1346942.0 2924.0 339.0
0.0 26.0 104139.0 2.792816603734915 115.0 2.5279695E7 1579.0 194.0
0.0 41.0 30497.0 0.1622331224032771 346.0 8.5286957E7 342.0 135.0
0.0 15.0 253218.0 3.1355442523768433 29.0 1.068664E7 2443.0 226.0
0.0 24.0 109031.0 3.668800681576578 113.0 2.9441385E7 1579.0 165.0
0.0 13.0 253738.0 3.1851013411057707 22.0 5614361.0 2357.0 394.0
0.0 25.0 124040.0 1.59890650973854 103.0 2.9452385E7 1725.0 234.0
0.0 13.0 270382.0 3.160858223588803 15.0 1.015063E7 2460.0 251.0
0.0 27.0 218715.0 1.8079799967134855 67.0 3.0237239E7 1572.0 168.0
0.0 39.0 30324.0 0.9039929398998674 289.0 7.4862322E7 499.0 56.0
0.0 22.0 118430.0 1.7763656650048336 184.0 3.8631582E7 1496.0 327.0
0.0 20.0 155991.0 1.955980423449687 88.0 2.8056781E7 1764.0 293.0
0.0 6.0 314469.0 4.113048806110905 22.0 3028563.0 2703.0 434.0
0.0 15.0 216838.0 3.760337796838868 23.0 1.0871986E7 2270.0 282.0
0.0 24.0 125125.0 1.1654752464895577 97.0 3.4907117E7 1453.0 191.0
0.0 7.0 231768.0 4.59225975909235 37.0 1.216319E7 2760.0 363.0
0.0 19.0 230703.0 3.0132882577804234 31.0 1.6803682E7 2212.0 184.0
0.0 14.0 207769.0 4.2149710505231255 27.0 1.0040787E7 2471.0 253.0
0.0 7.0 249645.0 5.020663651136166 5.0 7229972.0 2736.0 353.0
0.0 21.0 201893.0 2.118548083597362 46.0 2.3566685E7 1877.0 277.0
0.0 41.0 30497.0 0.1622331224032771 346.0 8.5286957E7 342.0 135.0
0.0 13.0 270382.0 3.160858223588803 15.0 1.015063E7 2460.0 251.0
0.0 29.0 108226.0 0.8452925562987486 174.0 6.1735566E7 960.0 230.0
0.0 19.0 168859.0 3.051221073974606 93.0 1.2564058E7 1913.0 317.0
0.0 19.0 183822.0 3.66320566772863 28.0 2.1242535E7 2132.0 201.0
0.0 37.0 35351.0 0.8496869074695259 289.0 6.9254519E7 614.0 68.0
0.0 29.0 82768.0 1.3528357115965088 193.0 5.5732136E7 1083.0 115.0
0.0 29.0 136682.0 2.3201929042050304 148.0 3.209797E7 1311.0 110.0
0.0 20.0 155991.0 1.955980423449687 88.0 2.8056781E7 1764.0 293.0
0.0 20.0 192668.0 2.113643049281406 57.0 2.233496E7 2143.0 214.0
