0.0 26.0 93518.0 3.5631198127378148 133.0 3.0083783E7 1504.0 104.0
0.0 28.0 140112.0 1.3933728647226153 177.0 4.5700418E7 1224.0 112.0
0.0 36.0 38581.0 2.0426443817360678 264.0 5.822787E7 846.0 48.0
0.0 28.0 140112.0 1.3933728647226153 177.0 4.5700418E7 1224.0 112.0
0.0 20.0 196669.0 2.8585894953705226 49.0 1.7860387E7 1995.0 226.0
0.0 31.0 105240.0 1.5450884764690243 159.0 4.7142672E7 1087.0 155.0
0.0 18.0 202850.0 2.8695548740778367 23.0 2.0989396E7 2115.0 246.0
0.0 15.0 204642.0 3.3610651455533906 34.0 1.5411228E7 2347.0 248.0
0.0 35.0 79560.0 0.872402795365449 208.0 6.8429023E7 712.0 199.0
0.0 22.0 124300.0 2.952646999817021 101.0 1.9163908E7 1661.0 262.0
0.0 18.0 172454.0 2.871736169820503 74.0 1.7749352E7 1893.0 344.0
0.0 13.0 260592.0 3.658046471143287 18.0 9636129.0 2441.0 230.0
0.0 32.0 73024.0 2.2132664972786236 149.0 3.7463308E7 1179.0 81.0
0.0 20.0 142258.0 1.765138880093838 100.0 2.3557505E7 1711.0 338.0
0.0 25.0 87237.0 1.8513125167199922 200.0 3.5415745E7 1471.0 226.0
0.0 39.0 33884.0 0.4027058256684794 276.0 6.9536791E7 608.0 48.0
0.0 26.0 93518.0 3.5631198127378148 133.0 3.0083783E7 1504.0 104.0
0.0 33.0 68077.0 0.6003437874219282 195.0 6.6395643E7 942.0 120.0
0.0 20.0 196669.0 2.8585894953705226 49.0 1.7860387E7 1995.0 226.0
0.0 8.0 305474.0 3.314522526189277 10.0 1.3272079E7 2605.0 402.0
0.0 28.0 140112.0 1.3933728647226153 177.0 4.5700418E7 1224.0 112.0
0.0 16.0 207306.0 3.4726163009527555 24.0 1.0186584E7 2435.0 193.0
0.0 20.0 142258.0 1.765138880093838 100.0 2.3557505E7 1711.0 338.0
0.0 23.0 120107.0 1.6617379427623293 125.0 2.9462987E7 1520.0 319.0
0.0 28.0 140112.0 1.3933728647226153 177.0 4.5700418E7 1224.0 112.0
0.0 34.0 96072.0 0.4525985123456105 286.0 6.3058048E7 776.0 122.0
0.0 22.0 124300.0 2.952646999817021 101.0 1.9163908E7 1661.0 262.0
0.0 39.0 33884.0 0.4027058256684794 276.0 6.9536791E7 608.0 48.0
0.0 18.0 151309.0 3.879306226980362 83.0 1.1027743E7 2136.0 262.0
0.0 10.0 213463.0 4.065642449027129 91.0 1.7884255E7 2556.0 286.0
0.0 29.0 104186.0 1.6100806786687274 135.0 3.61396E7 1234.0 131.0
0.0 37.0 53392.0 0.5659686338517282 265.0 6.4291032E7 696.0 102.0
0.0 20.0 148996.0 1.2436951241783398 166.0 3.2820096E7 1865.0 251.0
0.0 24.0 108784.0 2.7320142711059567 103.0 1.9761024E7 1695.0 127.0
0.0 32.0 69075.0 0.6003437874219282 195.0 6.6169348E7 985.0 120.0
0.0 42.0 18237.0 0.44707259953161593 339.0 9.1061462E7 218.0 116.0
0.0 22.0 124300.0 2.952646999817021 101.0 1.9163908E7 1661.0 262.0
0.0 39.0 33884.0 0.4027058256684794 276.0 6.9536791E7 608.0 48.0
0.0 36.0 50331.0 0.28025434813744254 265.0 6.9064485E7 621.0 140.0
0.0 7.0 263901.0 5.28064274476851 10.0 2817953.0 2826.0 483.0
0.0 39.0 33884.0 0.4027058256684794 276.0 6.9536791E7 608.0 48.0
0.0 33.0 137601.0 0.6756818935483855 205.0 5.7652875E7 895.0 200.0
0.0 32.0 73024.0 2.2132664972786236 149.0 3.7463308E7 1179.0 81.0
0.0 30.0 73281.0 1.703773819111616 205.0 4.6442897E7 1117.0 171.0
0.0 34.0 97877.0 0.27640803615513426 279.0 6.7966635E7 734.0 128.0
0.0 37.0 53392.0 0.5659686338517282 265.0 6.4291032E7 696.0 102.0
0.0 24.0 123911.0 2.7621708093408306 112.0 1.9667215E7 1590.0 201.0
0.0 20.0 196669.0 2.8585894953705226 49.0 1.7860387E7 1995.0 226.0
0.0 37.0 63019.0 0.4980409376419615 225.0 6.9029577E7 680.0 100.0
0.0 22.0 124300.0 2.952646999817021 101.0 1.9163908E7 1661.0 262.0
0.0 42.0 18237.0 0.44707259953161593 339.0 9.1061462E7 218.0 116.0
0.0 28.0 103070.0 0.8336681450095129 188.0 4.0602737E7 1326.0 226.0
0.0 30.0 141645.0 1.3831837145642623 138.0 5.1904298E7 1062.0 118.0
0.0 39.0 39448.0 0.22059511549895364 326.0 8.4882702E7 326.0 168.0
0.0 18.0 202850.0 2.8695548740778367 23.0 2.0989396E7 2115.0 246.0
0.0 37.0 53392.0 0.5659686338517282 265.0 6.4291032E7 696.0 102.0
0.0 20.0 142258.0 1.765138880093838 100.0 2.3557505E7 1711.0 338.0
0.0 27.0 199881.0 2.192450147241188 85.0 3.918232E7 1658.0 139.0
0.0 28.0 96889.0 1.03526412037598 184.0 5.5108565E7 1120.0 260.0
0.0 38.0 63644.0 0.49933780752688 224.0 6.4363366E7 659.0 139.0
0.0 36.0 50331.0 0.28025434813744254 265.0 6.9064485E7 621.0 140.0
0.0 39.0 33688.0 1.5959739934983748 280.0 7.9101917E7 509.0 43.0
0.0 24.0 122871.0 2.712031307160145 112.0 2.9120502E7 1624.0 159.0
0.0 30.0 73281.0 1.703773819111616 205.0 4.6442897E7 1117.0 171.0
0.0 7.0 263901.0 5.28064274476851 10.0 2817953.0 2826.0 483.0
0.0 39.0 33884.0 0.4027058256684794 276.0 6.9536791E7 608.0 48.0
0.0 30.0 141645.0 1.3831837145642623 138.0 5.1904298E7 1062.0 118.0
0.0 30.0 73281.0 1.703773819111616 205.0 4.6442897E7 1117.0 171.0
0.0 24.0 122871.0 2.712031307160145 112.0 2.9120502E7 1624.0 159.0
0.0 32.0 69075.0 0.6003437874219282 195.0 6.6169348E7 985.0 120.0
0.0 24.0 85910.0 2.6085661743967066 184.0 3.015622E7 1565.0 222.0
0.0 22.0 138435.0 1.1573098103717288 173.0 3.8900061E7 1613.0 234.0
0.0 29.0 86065.0 2.439811542061123 133.0 3.6354737E7 1323.0 105.0
0.0 22.0 124300.0 2.952646999817021 101.0 1.9163908E7 1661.0 262.0
0.0 7.0 278971.0 4.876427288094038 67.0 7643014.0 2752.0 323.0
0.0 24.0 139172.0 1.1546227931160766 125.0 2.5081274E7 1561.0 323.0
0.0 23.0 120107.0 1.6617379427623293 125.0 2.9462987E7 1520.0 319.0
0.0 23.0 193657.0 2.8526663939451806 36.0 1.8722092E7 1864.0 229.0
0.0 8.0 244542.0 5.141986535048634 6.0 7453783.0 2814.0 336.0
0.0 34.0 64888.0 0.6290166558103795 265.0 6.3741935E7 751.0 202.0
0.0 21.0 254045.0 1.830466769200258 42.0 2.8364379E7 1758.0 246.0
0.0 37.0 78688.0 0.732342780361698 210.0 7.4533324E7 589.0 161.0
0.0 17.0 200999.0 4.550197060382342 33.0 1.5656263E7 2350.0 191.0
0.0 24.0 108784.0 2.7320142711059567 103.0 1.9761024E7 1695.0 127.0
0.0 30.0 141645.0 1.3831837145642623 138.0 5.1904298E7 1062.0 118.0
0.0 23.0 229644.0 2.8095586245216215 43.0 2.4056958E7 1785.0 187.0
0.0 12.0 219914.0 3.3037376871223665 33.0 1.3815146E7 2524.0 257.0
0.0 24.0 122871.0 2.712031307160145 112.0 2.9120502E7 1624.0 159.0
0.0 18.0 202850.0 2.8695548740778367 23.0 2.0989396E7 2115.0 246.0
0.0 26.0 110238.0 1.8719966560087824 128.0 3.1020999E7 1409.0 245.0
0.0 23.0 120107.0 1.6617379427623293 125.0 2.9462987E7 1520.0 319.0
0.0 30.0 73281.0 1.703773819111616 205.0 4.6442897E7 1117.0 171.0
0.0 22.0 124300.0 2.952646999817021 101.0 1.9163908E7 1661.0 262.0
0.0 26.0 93518.0 3.5631198127378148 133.0 3.0083783E7 1504.0 104.0
0.0 26.0 110238.0 1.8719966560087824 128.0 3.1020999E7 1409.0 245.0
0.0 7.0 263901.0 5.28064274476851 10.0 2817953.0 2826.0 483.0
0.0 28.0 86180.0 2.4520087016267036 139.0 3.5755632E7 1368.0 91.0
0.0 22.0 124300.0 2.952646999817021 101.0 1.9163908E7 1661.0 262.0
0.0 28.0 86180.0 2.4520087016267036 139.0 3.5755632E7 1368.0 91.0
0.0 12.0 219914.0 3.3037376871223665 33.0 1.3815146E7 2524.0 257.0
0.0 18.0 202850.0 2.8695548740778367 23.0 2.0989396E7 2115.0 246.0
0.0 28.0 109770.0 1.8120517116807493 133.0 3.138955E7 1355.0 233.0
0.0 13.0 260592.0 3.658046471143287 18.0 9636129.0 2441.0 230.0
0.0 23.0 120107.0 1.6617379427623293 125.0 2.9462987E7 1520.0 319.0
0.0 18.0 172454.0 2.871736169820503 74.0 1.7749352E7 1893.0 344.0
0.0 30.0 73281.0 1.703773819111616 205.0 4.6442897E7 1117.0 171.0
0.0 21.0 254045.0 1.830466769200258 42.0 2.8364379E7 1758.0 246.0
0.0 19.0 239600.0 1.5487198365612176 101.0 4.1832664E7 1844.0 268.0
0.0 38.0 63644.0 0.49933780752688 224.0 6.4363366E7 659.0 139.0
0.0 23.0 120107.0 1.6617379427623293 125.0 2.9462987E7 1520.0 319.0
0.0 18.0 202850.0 2.8695548740778367 23.0 2.0989396E7 2115.0 246.0
0.0 28.0 86180.0 2.4520087016267036 139.0 3.5755632E7 1368.0 91.0
0.0 32.0 73024.0 2.2132664972786236 149.0 3.7463308E7 1179.0 81.0
0.0 19.0 239600.0 1.5487198365612176 101.0 4.1832664E7 1844.0 268.0
0.0 20.0 196669.0 2.8585894953705226 49.0 1.7860387E7 1995.0 226.0
0.0 24.0 122871.0 2.712031307160145 112.0 2.9120502E7 1624.0 159.0
0.0 28.0 86180.0 2.4520087016267036 139.0 3.5755632E7 1368.0 91.0
0.0 12.0 283338.0 2.97154806876913 8.0 1.4715881E7 2371.0 347.0
0.0 16.0 261083.0 3.1280797323227394 26.0 1.6544743E7 2121.0 233.0
0.0 23.0 193657.0 2.8526663939451806 36.0 1.8722092E7 1864.0 229.0
0.0 28.0 140112.0 1.3933728647226153 177.0 4.5700418E7 1224.0 112.0
0.0 13.0 222741.0 3.3613069259899673 15.0 5422488.0 2329.0 349.0
0.0 31.0 105240.0 1.5450884764690243 159.0 4.7142672E7 1087.0 155.0
0.0 23.0 120107.0 1.6617379427623293 125.0 2.9462987E7 1520.0 319.0
0.0 18.0 184119.0 3.3415187597786336 47.0 2.5283238E7 2109.0 226.0
0.0 32.0 73024.0 2.2132664972786236 149.0 3.7463308E7 1179.0 81.0
0.0 37.0 78688.0 0.732342780361698 210.0 7.4533324E7 589.0 161.0
0.0 16.0 261083.0 3.1280797323227394 26.0 1.6544743E7 2121.0 233.0
0.0 39.0 33884.0 0.4027058256684794 276.0 6.9536791E7 608.0 48.0
0.0 33.0 68077.0 0.6003437874219282 195.0 6.6395643E7 942.0 120.0
0.0 21.0 154600.0 1.2146586354099833 118.0 2.4196929E7 1710.0 333.0
0.0 24.0 108784.0 2.7320142711059567 103.0 1.9761024E7 1695.0 127.0
0.0 25.0 163015.0 2.47302262010636 109.0 2.0057234E7 1585.0 148.0
0.0 7.0 298313.0 5.04785585952261 8.0 7353715.0 2755.0 338.0
0.0 8.0 305474.0 3.314522526189277 10.0 1.3272079E7 2605.0 402.0
0.0 28.0 109770.0 1.8120517116807493 133.0 3.138955E7 1355.0 233.0
0.0 32.0 52331.0 1.539891892071794 236.0 5.2281455E7 1011.0 68.0
0.0 18.0 172454.0 2.871736169820503 74.0 1.7749352E7 1893.0 344.0
0.0 13.0 222741.0 3.3613069259899673 15.0 5422488.0 2329.0 349.0
0.0 29.0 104186.0 1.6100806786687274 135.0 3.61396E7 1234.0 131.0
0.0 25.0 212865.0 2.788505992942674 46.0 2.4276305E7 1859.0 167.0
0.0 22.0 124300.0 2.952646999817021 101.0 1.9163908E7 1661.0 262.0
0.0 8.0 312300.0 3.2044522685780357 18.0 1.3402606E7 2570.0 468.0
0.0 22.0 138435.0 1.1573098103717288 173.0 3.8900061E7 1613.0 234.0
0.0 30.0 153649.0 1.4562476191746567 96.0 4.5580591E7 1423.0 218.0
0.0 37.0 53392.0 0.5659686338517282 265.0 6.4291032E7 696.0 102.0
0.0 13.0 222741.0 3.3613069259899673 15.0 5422488.0 2329.0 349.0
0.0 13.0 222741.0 3.3613069259899673 15.0 5422488.0 2329.0 349.0
0.0 23.0 185030.0 1.983701831375967 99.0 1.9047422E7 1700.0 229.0
0.0 20.0 196669.0 2.8585894953705226 49.0 1.7860387E7 1995.0 226.0
0.0 37.0 53392.0 0.5659686338517282 265.0 6.4291032E7 696.0 102.0
0.0 25.0 87237.0 1.8513125167199922 200.0 3.5415745E7 1471.0 226.0
0.0 30.0 141645.0 1.3831837145642623 138.0 5.1904298E7 1062.0 118.0
0.0 20.0 142258.0 1.765138880093838 100.0 2.3557505E7 1711.0 338.0
0.0 37.0 63019.0 0.4980409376419615 225.0 6.9029577E7 680.0 100.0
0.0 38.0 63644.0 0.49933780752688 224.0 6.4363366E7 659.0 139.0
0.0 32.0 73024.0 2.2132664972786236 149.0 3.7463308E7 1179.0 81.0
0.0 25.0 168527.0 1.4222890536696013 149.0 4.528959E7 1249.0 250.0
0.0 26.0 93518.0 3.5631198127378148 133.0 3.0083783E7 1504.0 104.0
0.0 25.0 87237.0 1.8513125167199922 200.0 3.5415745E7 1471.0 226.0
0.0 32.0 73024.0 2.2132664972786236 149.0 3.7463308E7 1179.0 81.0
0.0 39.0 33884.0 0.4027058256684794 276.0 6.9536791E7 608.0 48.0
0.0 17.0 225767.0 2.8824066198063987 32.0 1.6224274E7 2119.0 274.0
0.0 28.0 103070.0 0.8336681450095129 188.0 4.0602737E7 1326.0 226.0
0.0 21.0 254045.0 1.830466769200258 42.0 2.8364379E7 1758.0 246.0
0.0 39.0 33884.0 0.4027058256684794 276.0 6.9536791E7 608.0 48.0
0.0 28.0 109770.0 1.8120517116807493 133.0 3.138955E7 1355.0 233.0
0.0 29.0 86065.0 2.439811542061123 133.0 3.6354737E7 1323.0 105.0
0.0 21.0 154600.0 1.2146586354099833 118.0 2.4196929E7 1710.0 333.0
0.0 23.0 120107.0 1.6617379427623293 125.0 2.9462987E7 1520.0 319.0
0.0 13.0 222741.0 3.3613069259899673 15.0 5422488.0 2329.0 349.0
0.0 38.0 63644.0 0.49933780752688 224.0 6.4363366E7 659.0 139.0
0.0 28.0 86180.0 2.4520087016267036 139.0 3.5755632E7 1368.0 91.0
0.0 18.0 151309.0 3.879306226980362 83.0 1.1027743E7 2136.0 262.0
0.0 23.0 185030.0 1.983701831375967 99.0 1.9047422E7 1700.0 229.0
0.0 26.0 93518.0 3.5631198127378148 133.0 3.0083783E7 1504.0 104.0
0.0 28.0 109770.0 1.8120517116807493 133.0 3.138955E7 1355.0 233.0
0.0 13.0 222741.0 3.3613069259899673 15.0 5422488.0 2329.0 349.0
0.0 23.0 185030.0 1.983701831375967 99.0 1.9047422E7 1700.0 229.0
0.0 39.0 39448.0 0.22059511549895364 326.0 8.4882702E7 326.0 168.0
0.0 18.0 202850.0 2.8695548740778367 23.0 2.0989396E7 2115.0 246.0
0.0 22.0 138435.0 1.1573098103717288 173.0 3.8900061E7 1613.0 234.0
0.0 32.0 73024.0 2.2132664972786236 149.0 3.7463308E7 1179.0 81.0
0.0 36.0 50331.0 0.28025434813744254 265.0 6.9064485E7 621.0 140.0
0.0 28.0 86180.0 2.4520087016267036 139.0 3.5755632E7 1368.0 91.0
0.0 13.0 222741.0 3.3613069259899673 15.0 5422488.0 2329.0 349.0
0.0 26.0 93518.0 3.5631198127378148 133.0 3.0083783E7 1504.0 104.0
0.0 17.0 255364.0 3.594209459258737 28.0 1.1501632E7 2127.0 216.0
0.0 13.0 222741.0 3.3613069259899673 15.0 5422488.0 2329.0 349.0
0.0 15.0 204642.0 3.3610651455533906 34.0 1.5411228E7 2347.0 248.0
0.0 28.0 140112.0 1.3933728647226153 177.0 4.5700418E7 1224.0 112.0
0.0 38.0 63644.0 0.49933780752688 224.0 6.4363366E7 659.0 139.0
0.0 24.0 122871.0 2.712031307160145 112.0 2.9120502E7 1624.0 159.0
0.0 25.0 87237.0 1.8513125167199922 200.0 3.5415745E7 1471.0 226.0
0.0 25.0 168527.0 1.4222890536696013 149.0 4.528959E7 1249.0 250.0
0.0 24.0 108784.0 2.7320142711059567 103.0 1.9761024E7 1695.0 127.0
0.0 23.0 120107.0 1.6617379427623293 125.0 2.9462987E7 1520.0 319.0
0.0 23.0 185030.0 1.983701831375967 99.0 1.9047422E7 1700.0 229.0
0.0 38.0 63644.0 0.49933780752688 224.0 6.4363366E7 659.0 139.0
0.0 28.0 86180.0 2.4520087016267036 139.0 3.5755632E7 1368.0 91.0
0.0 23.0 120107.0 1.6617379427623293 125.0 2.9462987E7 1520.0 319.0
0.0 28.0 109770.0 1.8120517116807493 133.0 3.138955E7 1355.0 233.0
0.0 25.0 163015.0 2.47302262010636 109.0 2.0057234E7 1585.0 148.0
0.0 37.0 53392.0 0.5659686338517282 265.0 6.4291032E7 696.0 102.0
0.0 13.0 222741.0 3.3613069259899673 15.0 5422488.0 2329.0 349.0
0.0 32.0 120275.0 1.2682918336993092 206.0 5.2321463E7 1002.0 83.0
0.0 30.0 105567.0 1.5450884764690243 158.0 4.6735103E7 1132.0 156.0
0.0 32.0 69075.0 0.6003437874219282 195.0 6.6169348E7 985.0 120.0
0.0 30.0 141645.0 1.3831837145642623 138.0 5.1904298E7 1062.0 118.0
0.0 29.0 101510.0 1.6182576573493432 156.0 4.1296108E7 1225.0 181.0
0.0 32.0 73024.0 2.2132664972786236 149.0 3.7463308E7 1179.0 81.0
0.0 41.0 19549.0 0.9107089631679797 339.0 8.0521292E7 352.0 116.0
0.0 31.0 91533.0 0.9630357210688335 238.0 7.1878866E7 738.0 300.0
0.0 17.0 207013.0 3.1330888397908634 30.0 1.1549141E7 2109.0 301.0
0.0 8.0 312184.0 3.658221306557599 14.0 4566737.0 2510.0 499.0
0.0 8.0 312184.0 3.658221306557599 14.0 4566737.0 2510.0 499.0
0.0 23.0 185030.0 1.983701831375967 99.0 1.9047422E7 1700.0 229.0
0.0 28.0 86180.0 2.4520087016267036 139.0 3.5755632E7 1368.0 91.0
0.0 23.0 120107.0 1.6617379427623293 125.0 2.9462987E7 1520.0 319.0
0.0 32.0 120275.0 1.2682918336993092 206.0 5.2321463E7 1002.0 83.0
0.0 29.0 86065.0 2.439811542061123 133.0 3.6354737E7 1323.0 105.0
0.0 12.0 235491.0 3.7467484398105384 30.0 9369769.0 2628.0 281.0
0.0 30.0 141645.0 1.3831837145642623 138.0 5.1904298E7 1062.0 118.0
0.0 38.0 66499.0 0.7169915399541937 219.0 6.944264E7 677.0 102.0
0.0 23.0 185030.0 1.983701831375967 99.0 1.9047422E7 1700.0 229.0
0.0 27.0 84802.0 1.135003853293402 208.0 3.6012648E7 1331.0 260.0
0.0 23.0 185030.0 1.983701831375967 99.0 1.9047422E7 1700.0 229.0
0.0 30.0 73281.0 1.703773819111616 205.0 4.6442897E7 1117.0 171.0
0.0 30.0 105567.0 1.5450884764690243 158.0 4.6735103E7 1132.0 156.0
0.0 20.0 142258.0 1.765138880093838 100.0 2.3557505E7 1711.0 338.0
0.0 32.0 120275.0 1.2682918336993092 206.0 5.2321463E7 1002.0 83.0
0.0 32.0 120275.0 1.2682918336993092 206.0 5.2321463E7 1002.0 83.0
0.0 23.0 120107.0 1.6617379427623293 125.0 2.9462987E7 1520.0 319.0
0.0 26.0 93518.0 3.5631198127378148 133.0 3.0083783E7 1504.0 104.0
0.0 13.0 222741.0 3.3613069259899673 15.0 5422488.0 2329.0 349.0
0.0 15.0 204642.0 3.3610651455533906 34.0 1.5411228E7 2347.0 248.0
0.0 18.0 172454.0 2.871736169820503 74.0 1.7749352E7 1893.0 344.0
0.0 15.0 204642.0 3.3610651455533906 34.0 1.5411228E7 2347.0 248.0
0.0 28.0 109770.0 1.8120517116807493 133.0 3.138955E7 1355.0 233.0
0.0 32.0 120275.0 1.2682918336993092 206.0 5.2321463E7 1002.0 83.0
0.0 30.0 141645.0 1.3831837145642623 138.0 5.1904298E7 1062.0 118.0
0.0 23.0 179543.0 2.857910789148703 69.0 3.3309973E7 1920.0 161.0
0.0 38.0 63644.0 0.49933780752688 224.0 6.4363366E7 659.0 139.0
0.0 32.0 120275.0 1.2682918336993092 206.0 5.2321463E7 1002.0 83.0
0.0 28.0 86180.0 2.4520087016267036 139.0 3.5755632E7 1368.0 91.0
0.0 28.0 86180.0 2.4520087016267036 139.0 3.5755632E7 1368.0 91.0
0.0 18.0 193989.0 3.9880243655769463 34.0 1.6051795E7 2249.0 217.0
0.0 20.0 196669.0 2.8585894953705226 49.0 1.7860387E7 1995.0 226.0
0.0 29.0 86065.0 2.439811542061123 133.0 3.6354737E7 1323.0 105.0
0.0 26.0 96516.0 1.5046647877775612 198.0 5.0261352E7 1230.0 284.0
0.0 18.0 202850.0 2.8695548740778367 23.0 2.0989396E7 2115.0 246.0
0.0 13.0 222741.0 3.3613069259899673 15.0 5422488.0 2329.0 349.0
0.0 19.0 239600.0 1.5487198365612176 101.0 4.1832664E7 1844.0 268.0
0.0 38.0 63644.0 0.49933780752688 224.0 6.4363366E7 659.0 139.0
0.0 23.0 185030.0 1.983701831375967 99.0 1.9047422E7 1700.0 229.0
0.0 21.0 254045.0 1.830466769200258 42.0 2.8364379E7 1758.0 246.0
0.0 8.0 312184.0 3.658221306557599 14.0 4566737.0 2510.0 499.0
0.0 18.0 172454.0 2.871736169820503 74.0 1.7749352E7 1893.0 344.0
0.0 12.0 283338.0 2.97154806876913 8.0 1.4715881E7 2371.0 347.0
0.0 8.0 312184.0 3.658221306557599 14.0 4566737.0 2510.0 499.0
0.0 39.0 33884.0 0.4027058256684794 276.0 6.9536791E7 608.0 48.0
0.0 19.0 235004.0 2.873388411755664 34.0 2.2396974E7 2100.0 194.0
0.0 19.0 235004.0 2.873388411755664 34.0 2.2396974E7 2100.0 194.0
0.0 26.0 93518.0 3.5631198127378148 133.0 3.0083783E7 1504.0 104.0
0.0 23.0 185030.0 1.983701831375967 99.0 1.9047422E7 1700.0 229.0
0.0 30.0 105567.0 1.5450884764690243 158.0 4.6735103E7 1132.0 156.0
0.0 23.0 185030.0 1.983701831375967 99.0 1.9047422E7 1700.0 229.0
0.0 34.0 64888.0 0.6290166558103795 265.0 6.3741935E7 751.0 202.0
0.0 15.0 204642.0 3.3610651455533906 34.0 1.5411228E7 2347.0 248.0
0.0 20.0 196669.0 2.8585894953705226 49.0 1.7860387E7 1995.0 226.0
0.0 30.0 105567.0 1.5450884764690243 158.0 4.6735103E7 1132.0 156.0
0.0 26.0 93518.0 3.5631198127378148 133.0 3.0083783E7 1504.0 104.0
0.0 41.0 34013.0 0.7066899385798241 285.0 8.0674441E7 362.0 110.0
0.0 31.0 147531.0 1.4054059367864844 135.0 5.2140754E7 1023.0 153.0
0.0 17.0 255364.0 3.594209459258737 28.0 1.1501632E7 2127.0 216.0
0.0 42.0 18237.0 0.44707259953161593 339.0 9.1061462E7 218.0 116.0
0.0 32.0 73024.0 2.2132664972786236 149.0 3.7463308E7 1179.0 81.0
0.0 13.0 222741.0 3.3613069259899673 15.0 5422488.0 2329.0 349.0
0.0 22.0 138435.0 1.1573098103717288 173.0 3.8900061E7 1613.0 234.0
0.0 28.0 86180.0 2.4520087016267036 139.0 3.5755632E7 1368.0 91.0
0.0 17.0 200999.0 4.550197060382342 33.0 1.5656263E7 2350.0 191.0
0.0 28.0 109770.0 1.8120517116807493 133.0 3.138955E7 1355.0 233.0
0.0 38.0 63644.0 0.49933780752688 224.0 6.4363366E7 659.0 139.0
0.0 29.0 90683.0 2.284695068707195 145.0 3.6688821E7 1253.0 132.0
0.0 27.0 145069.0 2.5708892362967117 147.0 2.6092842E7 1464.0 130.0
0.0 23.0 120107.0 1.6617379427623293 125.0 2.9462987E7 1520.0 319.0
0.0 20.0 142258.0 1.765138880093838 100.0 2.3557505E7 1711.0 338.0
0.0 18.0 151309.0 3.879306226980362 83.0 1.1027743E7 2136.0 262.0
0.0 13.0 260592.0 3.658046471143287 18.0 9636129.0 2441.0 230.0
0.0 29.0 101510.0 1.6182576573493432 156.0 4.1296108E7 1225.0 181.0
0.0 15.0 220646.0 3.698958752827122 20.0 9869889.0 2447.0 258.0
0.0 23.0 185030.0 1.983701831375967 99.0 1.9047422E7 1700.0 229.0
0.0 10.0 239197.0 3.3622420919737337 16.0 9106238.0 2583.0 362.0
0.0 19.0 239600.0 1.5487198365612176 101.0 4.1832664E7 1844.0 268.0
0.0 38.0 66499.0 0.7169915399541937 219.0 6.944264E7 677.0 102.0
0.0 22.0 124300.0 2.952646999817021 101.0 1.9163908E7 1661.0 262.0
0.0 32.0 120275.0 1.2682918336993092 206.0 5.2321463E7 1002.0 83.0
0.0 19.0 235004.0 2.873388411755664 34.0 2.2396974E7 2100.0 194.0
0.0 34.0 96072.0 0.4525985123456105 286.0 6.3058048E7 776.0 122.0
0.0 18.0 172454.0 2.871736169820503 74.0 1.7749352E7 1893.0 344.0
