1.0 1033.0 118.0 343.0 2069.7129832000223
0.0 278.0 514.0 1974.0 9635.524034248887
0.0 615.0 255.0 1664.0 6233.0731925728705
0.0 87.0 562.0 2911.0 11580.544969345294
0.0 1239.0 1.0 17.0 38.30948694830904
0.0 943.0 108.0 833.0 2905.934704341509
0.0 406.0 347.0 2235.0 8334.43891393826
0.0 668.0 314.0 1041.0 5743.216001773598
0.0 278.0 514.0 1974.0 9635.524034248887
0.0 690.0 217.0 1518.0 5447.809614139637
0.0 1111.0 35.0 422.0 1322.2895360676716
0.0 1209.0 15.0 91.0 312.3746891190072
0.0 797.0 173.0 1169.0 4457.464802206708
0.0 481.0 419.0 1447.0 7567.828766363493
0.0 615.0 255.0 1664.0 6233.0731925728705
0.0 645.0 229.0 1770.0 5924.112917808839
0.0 943.0 108.0 833.0 2905.934704341509
0.0 885.0 193.0 626.0 3584.071602926741
0.0 1239.0 1.0 17.0 38.30948694830904
1.0 1017.0 130.0 354.0 2273.540770878136
0.0 883.0 195.0 626.0 3609.2922848376857
0.0 1069.0 94.0 326.0 1722.3610763581773
0.0 1206.0 17.0 96.0 338.3572486185033
0.0 650.0 330.0 1050.0 5949.113212240805
0.0 89.0 568.0 2859.0 11577.499447007034
0.0 328.0 486.0 1850.0 9147.439669694271
0.0 354.0 480.0 1749.0 8870.89165948874
0.0 677.0 218.0 1601.0 5571.131342990733
1.0 1017.0 130.0 354.0 2273.540770878136
0.0 1102.0 80.0 237.0 1443.578796958833
0.0 370.0 360.0 2380.0 8703.16576500928
0.0 1228.0 3.0 53.0 148.16978535010585
0.0 893.0 183.0 633.0 3486.2904520956276
0.0 1174.0 32.0 136.0 658.5017015219477
1.0 863.0 144.0 987.0 3785.362238603317
0.0 87.0 562.0 2911.0 11580.544969345294
0.0 1228.0 3.0 53.0 148.16978535010585
0.0 193.0 550.0 2235.0 10514.160645265052
0.0 1206.0 17.0 96.0 338.3572486185033
0.0 407.0 346.0 2237.0 8336.077264087484
0.0 275.0 403.0 2689.0 9648.877520429178
0.0 589.0 356.0 1223.0 6505.879361744411
0.0 752.0 188.0 1355.0 4862.032786670417
0.0 145.0 565.0 2430.0 10993.627102522407
0.0 738.0 275.0 927.0 5051.252000451692
0.0 673.0 218.0 1633.0 5616.13434199765
0.0 983.0 94.0 664.0 2543.9279401683443
0.0 645.0 229.0 1770.0 5924.112917808839
0.0 663.0 320.0 1038.0 5809.445150324453
0.0 1244.0 0.0 0.0 0.0
0.0 1244.0 0.0 0.0 0.0
0.0 588.0 250.0 1942.0 6539.978853625955
0.0 811.0 166.0 1136.0 4326.385035644225
0.0 811.0 166.0 1136.0 4326.385035644225
0.0 1053.0 64.0 494.0 1869.6921632050214
0.0 494.0 293.0 2190.0 7497.079987336095
1.0 680.0 305.0 1028.0 5606.4248444177065
0.0 615.0 255.0 1664.0 6233.0731925728705
0.0 1102.0 80.0 237.0 1443.578796958833
0.0 1015.0 77.0 601.0 2234.0348907793746
0.0 373.0 348.0 2494.0 8691.900912623592
0.0 1244.0 0.0 0.0 0.0
0.0 1076.0 59.0 442.0 1629.8718616021408
0.0 503.0 292.0 2128.0 7385.743672960324
0.0 1163.0 41.0 141.0 768.049458492082
0.0 714.0 214.0 1393.0 5232.146604057092
0.0 678.0 306.0 1036.0 5631.568814915542
0.0 691.0 285.0 1071.0 5452.894652772453
0.0 741.0 189.0 1453.0 4969.680021971491
0.0 752.0 188.0 1355.0 4862.032786670417
0.0 550.0 284.0 1853.0 6904.675369984709
0.0 741.0 189.0 1453.0 4969.680021971491
0.0 1015.0 77.0 601.0 2234.0348907793746
0.0 966.0 100.0 728.0 2698.8698654295285
0.0 1137.0 55.0 198.0 995.2343771049548
0.0 775.0 250.0 868.0 4669.627180080245
0.0 832.0 218.0 747.0 4085.0574412187602
0.0 975.0 136.0 508.0 2647.7376716116773
0.0 549.0 375.0 1326.0 6895.360724007877
0.0 908.0 125.0 887.0 3262.562948079888
0.0 949.0 110.0 763.0 2849.147827176572
0.0 481.0 419.0 1447.0 7567.828766363493
0.0 504.0 397.0 1441.0 7270.470868645354
0.0 713.0 214.0 1403.0 5237.591861745264
0.0 602.0 249.0 1835.0 6381.304946099812
0.0 694.0 282.0 1071.0 5418.8500776682895
0.0 451.0 428.0 1548.0 7809.3794798853505
0.0 522.0 291.0 1992.0 7185.514411677089
0.0 1128.0 33.0 329.0 1152.676390726474
0.0 752.0 188.0 1355.0 4862.032786670417
0.0 1244.0 0.0 0.0 0.0
0.0 1170.0 32.0 153.0 689.9115719289213
0.0 893.0 183.0 633.0 3486.2904520956276
0.0 967.0 101.0 712.0 2686.7807507450593
0.0 588.0 250.0 1942.0 6539.978853625955
0.0 775.0 250.0 868.0 4669.627180080245
0.0 737.0 275.0 930.0 5062.517737491229
0.0 767.0 257.0 871.0 4762.982320213735
0.0 279.0 513.0 1974.0 9620.825610489346
0.0 975.0 136.0 508.0 2647.7376716116773
0.0 1244.0 0.0 0.0 0.0
0.0 363.0 477.0 1724.0 8782.649945029088
0.0 1244.0 0.0 0.0 0.0
0.0 1117.0 35.0 380.0 1260.3941010801238
0.0 767.0 257.0 871.0 4762.982320213735
0.0 975.0 136.0 508.0 2647.7376716116773
0.0 384.0 460.0 1707.0 8503.714972438636
0.0 1050.0 64.0 508.0 1893.9053511156387
0.0 384.0 460.0 1707.0 8503.714972438636
0.0 1050.0 64.0 508.0 1893.9053511156387
0.0 1015.0 77.0 601.0 2234.0348907793746
0.0 330.0 486.0 1841.0 9120.348549884598
0.0 373.0 348.0 2494.0 8691.900912623592
0.0 920.0 125.0 809.0 3157.014692691224
0.0 898.0 127.0 943.0 3367.1648490492676
0.0 862.0 206.0 671.0 3812.648508482269
0.0 667.0 315.0 1041.0 5756.328118224248
0.0 165.0 562.0 2329.0 10805.949633571403
0.0 589.0 356.0 1223.0 6505.879361744411
0.0 1170.0 32.0 153.0 689.9115719289213
0.0 271.0 402.0 2732.0 9692.064122053964
0.0 735.0 277.0 930.0 5092.181186517059
0.0 1229.0 2.0 53.0 141.27016880877034
0.0 278.0 514.0 1974.0 9635.524034248887
0.0 538.0 384.0 1328.0 7025.493940672481
0.0 920.0 125.0 809.0 3157.014692691224
0.0 916.0 160.0 640.0 3261.8996852849727
0.0 1229.0 2.0 53.0 141.27016880877034
0.0 354.0 480.0 1749.0 8870.89165948874
1.0 1034.0 118.0 340.0 2061.524890214849
0.0 1111.0 35.0 422.0 1322.2895360676716
0.0 982.0 94.0 671.0 2550.2957970753178
0.0 87.0 562.0 2911.0 11580.544969345294
0.0 695.0 281.0 1071.0 5412.029239510079
0.0 820.0 227.0 757.0 4255.495399847904
0.0 750.0 188.0 1371.0 4884.765094905
0.0 851.0 149.0 1028.0 3919.134402674677
0.0 1244.0 0.0 0.0 0.0
0.0 1244.0 0.0 0.0 0.0
0.0 1244.0 0.0 0.0 0.0
0.0 1244.0 0.0 0.0 0.0
0.0 1038.0 66.0 555.0 2019.1168431935446
0.0 345.0 361.0 2576.0 8958.0759448278
0.0 1244.0 0.0 0.0 0.0
0.0 891.0 185.0 633.0 3507.271483146384
0.0 275.0 403.0 2689.0 9648.877520429178
0.0 682.0 219.0 1549.0 5532.821763927109
0.0 1158.0 35.0 189.0 807.6286903461654
0.0 682.0 219.0 1549.0 5532.821763927109
0.0 1163.0 41.0 141.0 768.049458492082
0.0 816.0 227.0 774.0 4286.905270254878
0.0 1050.0 64.0 508.0 1893.9053511156387
0.0 1007.0 80.0 629.0 2307.663417967152
0.0 915.0 161.0 640.0 3267.625824986294
0.0 589.0 356.0 1223.0 6505.879361744411
0.0 538.0 384.0 1328.0 7025.493940672481
0.0 788.0 171.0 1269.0 4562.636756986636
0.0 771.0 255.0 865.0 4704.946024123897
0.0 1007.0 80.0 629.0 2307.663417967152
0.0 1007.0 80.0 629.0 2307.663417967152
0.0 606.0 337.0 1229.0 6310.2480454526685
0.0 1111.0 35.0 422.0 1322.2895360676716
0.0 522.0 291.0 1992.0 7185.514411677089
0.0 502.0 292.0 2135.0 7399.059210976367
0.0 884.0 194.0 626.0 3594.499138700264
0.0 858.0 151.0 966.0 3855.9564789124292
0.0 549.0 375.0 1326.0 6895.360724007877
0.0 771.0 255.0 865.0 4704.946024123897
0.0 650.0 330.0 1050.0 5949.113212240805
0.0 589.0 356.0 1223.0 6505.879361744411
0.0 858.0 210.0 671.0 3868.6371083259523
0.0 1128.0 33.0 329.0 1152.676390726474
0.0 483.0 417.0 1447.0 7538.986842250139
0.0 1137.0 55.0 198.0 995.2343771049548
0.0 650.0 330.0 1050.0 5949.113212240805
0.0 1158.0 35.0 189.0 807.6286903461654
0.0 588.0 250.0 1942.0 6539.978853625955
0.0 399.0 348.0 2282.0 8415.158127582152
0.0 229.0 424.0 2881.0 10097.440265426376
0.0 229.0 424.0 2881.0 10097.440265426376
0.0 538.0 384.0 1328.0 7025.493940672481
0.0 378.0 348.0 2452.0 8638.825194839104
0.0 1149.0 50.0 165.0 878.5233220899951
0.0 735.0 277.0 930.0 5092.181186517059
0.0 1149.0 50.0 165.0 878.5233220899951
0.0 948.0 108.0 787.0 2861.855012232843
0.0 193.0 550.0 2235.0 10514.160645265052
0.0 1103.0 79.0 237.0 1430.8433874860175
0.0 1056.0 64.0 480.0 1849.4359206051574
0.0 364.0 476.0 1724.0 8769.954019195236
0.0 145.0 565.0 2430.0 10993.627102522407
1.0 1034.0 118.0 340.0 2061.524890214849
0.0 1096.0 84.0 251.0 1500.8320672033867
0.0 496.0 405.0 1443.0 7368.076084824267
0.0 1174.0 32.0 136.0 658.5017015219477
0.0 650.0 330.0 1050.0 5949.113212240805
0.0 1137.0 55.0 198.0 995.2343771049548
0.0 494.0 293.0 2190.0 7497.079987336095
0.0 229.0 424.0 2881.0 10097.440265426376
0.0 343.0 361.0 2593.0 8984.931625103442
0.0 1077.0 59.0 437.0 1623.0225363512636
0.0 690.0 217.0 1518.0 5447.809614139637
0.0 910.0 125.0 872.0 3247.8095577061667
0.0 975.0 136.0 508.0 2647.7376716116773
0.0 592.0 346.0 1250.0 6450.162726123363
0.0 831.0 219.0 747.0 4098.330265776343
0.0 343.0 361.0 2593.0 8984.931625103442
0.0 279.0 513.0 1974.0 9620.825610489346
0.0 229.0 424.0 2881.0 10097.440265426376
0.0 982.0 94.0 671.0 2550.2957970753178
1.0 1034.0 118.0 340.0 2061.524890214849
0.0 353.0 480.0 1754.0 8876.318815882902
0.0 1094.0 84.0 260.0 1515.2305860008607
0.0 271.0 402.0 2732.0 9692.064122053964
0.0 845.0 151.0 1050.0 3978.892788907116
0.0 152.0 564.0 2393.0 10913.195894642995
0.0 791.0 173.0 1213.0 4524.653783528971
0.0 1149.0 50.0 165.0 878.5233220899951
0.0 145.0 565.0 2430.0 10993.627102522407
0.0 538.0 384.0 1328.0 7025.493940672481
0.0 826.0 159.0 1107.0 4162.311570467265
0.0 370.0 360.0 2380.0 8703.16576500928
0.0 751.0 188.0 1362.0 4873.682956625171
0.0 845.0 151.0 1050.0 3978.892788907116
0.0 903.0 127.0 902.0 3311.6448107754086
0.0 212.0 538.0 2200.0 10293.646629561534
0.0 1069.0 94.0 326.0 1722.3610763581773
0.0 903.0 176.0 622.0 3394.1245942949963
0.0 429.0 446.0 1560.0 8100.008347757033
1.0 1017.0 130.0 354.0 2273.540770878136
1.0 1017.0 130.0 354.0 2273.540770878136
0.0 826.0 159.0 1107.0 4162.311570467265
0.0 1056.0 64.0 480.0 1849.4359206051574
0.0 1177.0 32.0 128.0 627.7113534867495
0.0 1149.0 50.0 165.0 878.5233220899951
0.0 903.0 176.0 622.0 3394.1245942949963
0.0 898.0 127.0 943.0 3367.1648490492676
0.0 883.0 195.0 626.0 3609.2922848376857
0.0 851.0 149.0 1028.0 3919.134402674677
0.0 694.0 282.0 1071.0 5418.8500776682895
0.0 521.0 291.0 2001.0 7197.493903492367
0.0 451.0 428.0 1548.0 7809.3794798853505
0.0 1177.0 32.0 128.0 627.7113534867495
0.0 165.0 562.0 2329.0 10805.949633571403
0.0 613.0 255.0 1677.0 6249.597483826711
0.0 1206.0 17.0 96.0 338.3572486185033
0.0 908.0 125.0 887.0 3262.562948079888
0.0 832.0 218.0 747.0 4085.0574412187602
0.0 673.0 218.0 1633.0 5616.13434199765
0.0 550.0 284.0 1853.0 6904.675369984709
0.0 1071.0 60.0 459.0 1672.1979431879608
0.0 851.0 149.0 1028.0 3919.134402674677
0.0 426.0 351.0 2090.0 8122.8382363271285
0.0 1128.0 33.0 329.0 1152.676390726474
0.0 89.0 568.0 2859.0 11577.499447007034
0.0 1128.0 33.0 329.0 1152.676390726474
0.0 1130.0 33.0 321.0 1133.596821337194
0.0 792.0 173.0 1206.0 4510.447131913331
0.0 1218.0 10.0 72.0 229.35696101883744
0.0 816.0 227.0 774.0 4286.905270254878
0.0 819.0 227.0 760.0 4268.492115443112
0.0 967.0 101.0 712.0 2686.7807507450593
0.0 1240.0 0.0 17.0 31.40987040697352
0.0 949.0 110.0 763.0 2849.147827176572
0.0 426.0 351.0 2090.0 8122.8382363271285
0.0 504.0 397.0 1441.0 7270.470868645354
0.0 552.0 284.0 1842.0 6878.840171157501
0.0 903.0 176.0 622.0 3394.1245942949963
0.0 592.0 346.0 1250.0 6450.162726123363
0.0 1218.0 10.0 72.0 229.35696101883744
0.0 1102.0 80.0 237.0 1443.578796958833
0.0 1076.0 59.0 442.0 1629.8718616021408
0.0 494.0 294.0 2181.0 7488.8302896049745
0.0 208.0 543.0 2196.0 10357.32514823751
0.0 1177.0 32.0 128.0 627.7113534867495
0.0 611.0 254.0 1701.0 6278.562926359376
0.0 797.0 173.0 1169.0 4457.464802206708
0.0 429.0 446.0 1560.0 8100.008347757033
0.0 435.0 437.0 1573.0 8003.21261056171
0.0 1244.0 0.0 0.0 0.0
0.0 1244.0 0.0 0.0 0.0
0.0 407.0 347.0 2227.0 8327.268125361843
0.0 1244.0 0.0 0.0 0.0
0.0 1244.0 0.0 0.0 0.0
0.0 1244.0 0.0 0.0 0.0
0.0 983.0 94.0 664.0 2543.9279401683443
0.0 975.0 136.0 508.0 2647.7376716116773
0.0 1117.0 35.0 380.0 1260.3941010801238
0.0 272.0 402.0 2723.0 9683.575165808144
0.0 427.0 446.0 1568.0 8117.31769027466
0.0 861.0 207.0 671.0 3824.617539904782
0.0 1209.0 15.0 91.0 312.3746891190072
0.0 748.0 266.0 919.0 4943.991543791448
0.0 666.0 316.0 1041.0 5766.046056486824
1.0 1028.0 123.0 343.0 2137.9892982579036
0.0 1038.0 66.0 555.0 2019.1168431935446
0.0 1038.0 66.0 555.0 2019.1168431935446
0.0 1244.0 0.0 0.0 0.0
0.0 1244.0 0.0 0.0 0.0
0.0 1244.0 0.0 0.0 0.0
