0.0 398.0 335.0 2499.0 8442.602926165699
0.0 1069.0 66.0 422.0 1684.444990695558
0.0 414.0 444.0 1622.0 8261.901550191194
0.0 1145.0 56.0 151.0 953.3855630356013
0.0 922.0 167.0 603.0 3124.1814850247747
0.0 771.0 252.0 911.0 4635.361831917438
0.0 1110.0 76.0 215.0 1325.535689106299
0.0 1084.0 45.0 512.0 1561.5080360352463
0.0 88.0 561.0 2907.0 11569.033382567997
0.0 538.0 376.0 1375.0 6990.714048869832
0.0 1034.0 115.0 357.0 2027.93481925134
0.0 327.0 484.0 1874.0 9167.741168650478
0.0 657.0 307.0 1154.0 5745.704196517359
0.0 1084.0 45.0 512.0 1561.5080360352463
0.0 293.0 392.0 2672.0 9453.600739984928
0.0 689.0 210.0 1490.0 5577.263090473068
0.0 327.0 484.0 1874.0 9167.741168650478
0.0 637.0 322.0 1175.0 5965.111850470555
0.0 633.0 233.0 1695.0 6119.8733021462685
0.0 793.0 153.0 1375.0 4502.1156537422685
1.0 860.0 140.0 1007.0 3800.5516578211577
0.0 876.0 204.0 649.0 3650.888204357981
0.0 1010.0 129.0 405.0 2269.7777063341505
0.0 1244.0 0.0 0.0 0.0
0.0 1244.0 0.0 0.0 0.0
0.0 1153.0 49.0 148.0 864.6750714178999
0.0 562.0 356.0 1361.0 6695.849889642444
0.0 334.0 372.0 2542.0 9068.889193077175
0.0 334.0 372.0 2542.0 9068.889193077175
0.0 1043.0 108.0 347.0 1935.2118384457403
0.0 799.0 225.0 908.0 4316.551677641544
0.0 359.0 475.0 1776.0 8838.945997246923
0.0 664.0 213.0 1653.0 5816.0788782976215
0.0 275.0 398.0 2766.0 9634.07816903396
0.0 943.0 111.0 850.0 2931.0918363974483
0.0 992.0 97.0 614.0 2437.1227677525017
1.0 851.0 140.0 1052.0 3876.9491633776984
0.0 1182.0 29.0 107.0 570.6319884616717
0.0 688.0 293.0 1085.0 5474.5421702432595
1.0 1056.0 100.0 325.0 1791.2538720295856
0.0 581.0 254.0 1904.0 6613.468512183949
0.0 437.0 315.0 2337.0 8059.58383482252
0.0 633.0 233.0 1695.0 6119.8733021462685
0.0 943.0 111.0 850.0 2931.0918363974483
0.0 1222.0 10.0 31.0 192.08892343550963
0.0 1244.0 0.0 0.0 0.0
0.0 873.0 207.0 649.0 3691.174735134282
0.0 540.0 375.0 1372.0 6962.977326039765
0.0 1069.0 66.0 422.0 1684.444990695558
0.0 323.0 374.0 2607.0 9185.202565184418
0.0 327.0 484.0 1874.0 9167.741168650478
5.0 846.0 220.0 702.0 3995.3356409123357
0.0 992.0 143.0 414.0 2502.4271177880332
0.0 490.0 404.0 1465.0 7455.652782099682
0.0 1022.0 79.0 617.0 2146.1340103488546
1.0 860.0 140.0 1007.0 3800.5516578211577
0.0 166.0 567.0 2305.0 10800.995452812287
0.0 608.0 341.0 1212.0 6318.995684521872
0.0 1173.0 22.0 180.0 667.6560889289826
0.0 1093.0 45.0 438.0 1467.0942898157928
0.0 477.0 306.0 2143.0 7657.991431733771
0.0 608.0 341.0 1212.0 6318.995684521872
0.0 1093.0 45.0 438.0 1467.0942898157928
0.0 792.0 231.0 911.0 4393.241700636
0.0 96.0 553.0 2907.0 11490.5968613509
0.0 164.0 567.0 2313.0 10818.304795329916
0.0 563.0 364.0 1322.0 6745.3393233320985
0.0 1244.0 0.0 0.0 0.0
0.0 437.0 315.0 2337.0 8059.58383482252
0.0 237.0 417.0 2892.0 10026.623073916291
0.0 1125.0 34.0 340.0 1193.5296247775582
0.0 1179.0 32.0 107.0 599.6879929585364
0.0 1022.0 79.0 617.0 2146.1340103488546
0.0 736.0 270.0 980.0 4950.395897005578
0.0 771.0 252.0 911.0 4635.361831917438
0.0 1243.0 1.0 0.0 6.899616541335519
0.0 88.0 561.0 2907.0 11569.033382567997
0.0 1034.0 115.0 357.0 2027.93481925134
0.0 977.0 97.0 718.0 2575.003975458073
0.0 1175.0 22.0 166.0 655.4422376082991
0.0 335.0 372.0 2536.0 9058.460408226394
0.0 1126.0 34.0 335.0 1184.5772950879073
0.0 977.0 97.0 718.0 2575.003975458073
0.0 689.0 210.0 1490.0 5577.263090473068
0.0 512.0 393.0 1419.0 7225.924639045053
0.0 520.0 288.0 2035.0 7222.829679624192
0.0 451.0 313.0 2240.0 7920.427141799247
0.0 659.0 305.0 1154.0 5718.51564874874
0.0 451.0 313.0 2240.0 7920.427141799247
0.0 865.0 209.0 672.0 3790.309348720045
0.0 579.0 254.0 1918.0 6638.590758514637
0.0 799.0 163.0 1193.0 4376.830331488989
0.0 451.0 313.0 2240.0 7920.427141799247
0.0 1100.0 83.0 226.0 1436.4332562122602
0.0 721.0 280.0 1000.0 5123.005657592427
1.0 1056.0 100.0 325.0 1791.2538720295856
0.0 595.0 240.0 1949.0 6514.319325510938
0.0 437.0 315.0 2337.0 8059.58383482252
0.0 937.0 124.0 767.0 3006.152362102406
0.0 519.0 288.0 2041.0 7235.158438609331
0.0 937.0 124.0 767.0 3006.152362102406
0.0 902.0 191.0 590.0 3382.317943845169
0.0 1001.0 135.0 411.0 2384.9128185319323
0.0 922.0 167.0 603.0 3124.1814850247747
0.0 1215.0 13.0 48.0 257.0327318461573
0.0 992.0 143.0 414.0 2502.4271177880332
0.0 1215.0 13.0 48.0 257.0327318461573
0.0 991.0 97.0 621.0 2442.38106257641
0.0 898.0 192.0 601.0 3430.380719083226
0.0 579.0 254.0 1918.0 6638.590758514637
0.0 875.0 206.0 646.0 3663.438288335174
0.0 1126.0 34.0 335.0 1184.5772950879073
1.0 1056.0 100.0 325.0 1791.2538720295856
0.0 620.0 332.0 1199.0 6174.401329316151
0.0 326.0 484.0 1879.0 9174.001729101392
0.0 987.0 97.0 644.0 2488.5428483974288
0.0 229.0 527.0 2158.0 10118.51653920612
0.0 781.0 244.0 908.0 4512.660724278269
0.0 800.0 224.0 908.0 4307.442984621356
0.0 689.0 210.0 1490.0 5577.263090473068
0.0 229.0 527.0 2158.0 10118.51653920612
0.0 902.0 191.0 590.0 3382.317943845169
0.0 1001.0 135.0 411.0 2384.9128185319323
0.0 562.0 356.0 1361.0 6695.849889642444
0.0 408.0 451.0 1619.0 8347.02121802509
0.0 262.0 510.0 2087.0 9749.119549367375
0.0 1011.0 128.0 405.0 2257.8783648285676
0.0 664.0 213.0 1650.0 5822.708208952528
0.0 608.0 341.0 1212.0 6318.995684521872
0.0 88.0 561.0 2907.0 11569.033382567997
0.0 772.0 251.0 911.0 4623.505916492709
0.0 1101.0 46.0 374.0 1398.4553203265339
0.0 779.0 246.0 908.0 4533.5215371960285
0.0 258.0 515.0 2083.0 9808.453818366483
0.0 759.0 179.0 1312.0 4802.000853230686
0.0 1101.0 46.0 374.0 1398.4553203265339
0.0 909.0 185.0 587.0 3294.6369628186185
0.0 92.0 557.0 2907.0 11520.861461726883
0.0 1173.0 22.0 180.0 667.6560889289826
0.0 237.0 417.0 2892.0 10026.623073916291
0.0 275.0 398.0 2766.0 9634.07816903396
0.0 293.0 392.0 2672.0 9453.600739984928
0.0 581.0 254.0 1904.0 6613.468512183949
0.0 1173.0 22.0 180.0 667.6560889289826
0.0 1180.0 31.0 107.0 588.1964482323502
0.0 1034.0 115.0 357.0 2027.93481925134
0.0 919.0 168.0 612.0 3149.249487548637
0.0 731.0 195.0 1358.0 5117.394152092136
0.0 398.0 455.0 1649.0 8457.956077970499
0.0 1035.0 75.0 554.0 2016.874139269718
0.0 827.0 154.0 1106.0 4124.854016061143
0.0 967.0 99.0 777.0 2680.4741343920928
0.0 1043.0 108.0 347.0 1935.2118384457403
0.0 1182.0 29.0 107.0 570.6319884616717
0.0 1035.0 75.0 554.0 2016.874139269718
0.0 152.0 566.0 2378.0 10930.275565560696
0.0 152.0 566.0 2378.0 10930.275565560696
0.0 512.0 393.0 1419.0 7225.924639045053
0.0 665.0 213.0 1643.0 5810.633620609448
0.0 1103.0 82.0 218.0 1404.6713367324733
0.0 740.0 267.0 977.0 4907.711019489635
0.0 1103.0 82.0 218.0 1404.6713367324733
0.0 630.0 233.0 1718.0 6154.930320720032
0.0 1244.0 0.0 0.0 0.0
0.0 445.0 426.0 1566.0 7906.719443519444
0.0 1218.0 10.0 48.0 223.49879384248314
0.0 1244.0 0.0 0.0 0.0
0.0 719.0 281.0 1003.0 5149.754820712273
0.0 1125.0 34.0 340.0 1193.5296247775582
0.0 960.0 152.0 507.0 2742.861979263546
0.0 747.0 259.0 980.0 4821.871110424752
0.0 908.0 186.0 587.0 3305.630600537711
0.0 797.0 163.0 1209.0 4397.605323837505
0.0 689.0 292.0 1085.0 5460.912545650697
0.0 762.0 180.0 1289.0 4763.319329030865
0.0 1189.0 20.0 121.0 511.0045522894031
0.0 460.0 417.0 1542.0 7739.282524260431
0.0 460.0 417.0 1542.0 7739.282524260431
0.0 164.0 567.0 2313.0 10818.304795329916
0.0 747.0 179.0 1397.0 4935.173631316106
0.0 544.0 269.0 2100.0 6986.997578775332
0.0 719.0 281.0 1003.0 5149.754820712273
0.0 1193.0 20.0 104.0 479.5946818824296
0.0 435.0 437.0 1559.0 8040.910931751793
0.0 617.0 238.0 1771.0 6281.24386217658
0.0 1036.0 76.0 537.0 2014.2870145586696
0.0 659.0 305.0 1154.0 5718.51564874874
0.0 1125.0 34.0 340.0 1193.5296247775582
0.0 762.0 180.0 1289.0 4763.319329030865
0.0 876.0 204.0 649.0 3650.888204357981
0.0 435.0 437.0 1559.0 8040.910931751793
0.0 435.0 437.0 1559.0 8040.910931751793
0.0 641.0 316.0 1182.0 5908.262671832475
0.0 719.0 281.0 1003.0 5149.754820712273
0.0 239.0 416.0 2883.0 10006.882850425627
0.0 721.0 181.0 1588.0 5216.32614417216
0.0 239.0 416.0 2883.0 10006.882850425627
0.0 477.0 306.0 2143.0 7657.991431733771
0.0 607.0 341.0 1216.0 6334.1514925117945
0.0 721.0 181.0 1588.0 5216.32614417216
0.0 960.0 152.0 507.0 2742.861979263546
0.0 721.0 181.0 1588.0 5216.32614417216
0.0 261.0 511.0 2087.0 9758.670429066051
0.0 747.0 179.0 1397.0 4935.173631316106
0.0 865.0 209.0 672.0 3790.309348720045
0.0 1217.0 11.0 48.0 230.39841038381869
0.0 966.0 99.0 785.0 2694.9426283271177
0.0 1222.0 10.0 31.0 192.08892343550963
0.0 477.0 306.0 2143.0 7657.991431733771
0.0 821.0 154.0 1141.0 4182.857281741586
0.0 662.0 214.0 1658.0 5838.057186666781
1.0 854.0 140.0 1033.0 3853.378529934601
1.0 854.0 140.0 1033.0 3853.378529934601
0.0 1137.0 57.0 183.0 1027.262267249086
0.0 611.0 237.0 1835.0 6328.596982320969
0.0 904.0 189.0 590.0 3354.390689079459
0.0 1145.0 56.0 151.0 953.3855630356013
0.0 1189.0 20.0 121.0 511.0045522894031
0.0 1145.0 56.0 151.0 953.3855630356013
0.0 799.0 225.0 908.0 4316.551677641544
0.0 826.0 154.0 1111.0 4135.413867479502
0.0 1084.0 45.0 512.0 1561.5080360352463
0.0 520.0 288.0 2035.0 7222.829679624192
0.0 611.0 237.0 1835.0 6328.596982320969
0.0 736.0 270.0 980.0 4950.395897005578
0.0 1244.0 0.0 0.0 0.0
0.0 1244.0 0.0 0.0 0.0
0.0 1244.0 0.0 0.0 0.0
0.0 1244.0 0.0 0.0 0.0
0.0 1035.0 75.0 554.0 2016.874139269718
0.0 1100.0 83.0 226.0 1436.4332562122602
0.0 865.0 209.0 672.0 3790.309348720045
0.0 1244.0 0.0 0.0 0.0
1.0 860.0 140.0 1007.0 3800.5516578211577
0.0 398.0 335.0 2499.0 8442.602926165699
0.0 1126.0 34.0 335.0 1184.5772950879073
0.0 960.0 152.0 507.0 2742.861979263546
1.0 858.0 140.0 1013.0 3822.2573925049205
0.0 805.0 163.0 1160.0 4310.775074351901
0.0 681.0 300.0 1087.0 5568.548423124564
0.0 919.0 168.0 612.0 3149.249487548637
0.0 322.0 374.0 2617.0 9196.594588197499
0.0 1244.0 0.0 0.0 0.0
0.0 979.0 97.0 701.0 2557.9085478151464
0.0 1244.0 0.0 0.0 0.0
0.0 1244.0 0.0 0.0 0.0
0.0 516.0 288.0 2063.0 7269.381319242364
0.0 1244.0 0.0 0.0 0.0
0.0 1244.0 0.0 0.0 0.0
0.0 1244.0 0.0 0.0 0.0
0.0 1244.0 0.0 0.0 0.0
0.0 693.0 210.0 1466.0 5535.176137789396
0.0 546.0 368.0 1375.0 6885.21374712116
0.0 826.0 154.0 1111.0 4135.413867479502
0.0 1069.0 66.0 422.0 1684.444990695558
0.0 693.0 210.0 1466.0 5535.176137789396
0.0 1217.0 11.0 48.0 230.39841038381869
0.0 443.0 315.0 2289.0 7988.109227310365
0.0 805.0 163.0 1160.0 4310.775074351901
1.0 851.0 140.0 1052.0 3876.9491633776984
1.0 851.0 140.0 1052.0 3876.9491633776984
0.0 148.0 566.0 2403.0 10979.73425172645
0.0 166.0 567.0 2305.0 10800.995452812287
0.0 506.0 398.0 1424.0 7299.47222398268
0.0 637.0 322.0 1175.0 5965.111850470555
0.0 955.0 155.0 516.0 2798.099417329919
0.0 979.0 97.0 701.0 2557.9085478151464
0.0 1068.0 63.0 451.0 1692.918034148322
0.0 398.0 455.0 1649.0 8457.956077970499
0.0 229.0 527.0 2158.0 10118.51653920612
0.0 759.0 179.0 1312.0 4802.000853230686
0.0 414.0 444.0 1622.0 8261.901550191194
0.0 1222.0 10.0 31.0 192.08892343550963
0.0 943.0 111.0 850.0 2931.0918363974483
0.0 793.0 153.0 1375.0 4502.1156537422685
0.0 358.0 475.0 1778.0 8848.032694595437
0.0 1148.0 53.0 151.0 915.3638179024999
0.0 1148.0 53.0 151.0 915.3638179024999
0.0 725.0 181.0 1555.0 5175.577406046111
0.0 623.0 329.0 1199.0 6137.206233625684
0.0 1101.0 46.0 374.0 1398.4553203265339
0.0 489.0 406.0 1461.0 7476.330968222362
0.0 957.0 155.0 507.0 2783.700898532445
0.0 1068.0 63.0 451.0 1692.918034148322
0.0 358.0 475.0 1778.0 8848.032694595437
0.0 1240.0 0.0 17.0 31.40987040697352
0.0 1153.0 49.0 148.0 864.6750714178999
0.0 1222.0 10.0 31.0 192.08892343550963
0.0 258.0 515.0 2083.0 9808.453818366483
0.0 490.0 404.0 1465.0 7455.652782099682
0.0 943.0 111.0 850.0 2931.0918363974483
0.0 1110.0 76.0 215.0 1325.535689106299
0.0 1046.0 107.0 341.0 1903.280793879508
0.0 992.0 97.0 614.0 2437.1227677525017
1.0 858.0 140.0 1013.0 3822.2573925049205
0.0 957.0 155.0 507.0 2783.700898532445
0.0 563.0 364.0 1322.0 6745.3393233320985
0.0 799.0 163.0 1193.0 4376.830331488989
0.0 1173.0 22.0 180.0 667.6560889289826
0.0 1193.0 20.0 104.0 479.5946818824296
