0.0 701.0 202.0 1551.0 5439.332862607956
0.0 897.0 177.0 671.0 3366.0246379071696
0.0 266.0 409.0 2758.0 9751.830717829725
0.0 900.0 114.0 1054.0 3352.343929669369
0.0 450.0 428.0 1567.0 7881.444140338455
0.0 1102.0 52.0 363.0 1350.6578338505726
0.0 475.0 302.0 2231.0 7725.936960541158
0.0 1144.0 35.0 245.0 934.2604681528255
0.0 623.0 240.0 1750.0 6249.451634594342
0.0 849.0 215.0 733.0 3798.4482563520623
1.0 935.0 184.0 504.0 3040.717395248145
0.0 980.0 162.0 432.0 2617.6025227878717
0.0 845.0 133.0 1281.0 3936.1547878278184
0.0 565.0 269.0 1895.0 6802.474211363755
0.0 910.0 113.0 983.0 3258.2237130359076
0.0 651.0 330.0 1101.0 5865.319212217017
0.0 691.0 305.0 1030.0 5459.317332508693
0.0 924.0 113.0 886.0 3090.663672157779
0.0 1095.0 85.0 226.0 1493.1183611450779
0.0 924.0 113.0 886.0 3090.663672157779
0.0 1206.0 22.0 50.0 327.9663026745796
0.0 711.0 293.0 995.0 5213.702801066416
0.0 368.0 361.0 2392.0 8699.593774799661
0.0 807.0 162.0 1193.0 4321.370299355799
0.0 691.0 305.0 1030.0 5459.317332508693
0.0 1208.0 20.0 50.0 310.79271226178486
0.0 1021.0 71.0 629.0 2195.80480836911
0.0 839.0 154.0 1069.0 4007.7971500195513
0.0 956.0 141.0 573.0 2746.5956633315054
0.0 1218.0 12.0 40.0 231.29808961929834
0.0 738.0 185.0 1454.0 5065.046467385283
0.0 844.0 219.0 738.0 3851.242120284081
0.0 217.0 432.0 2932.0 10243.57817433375
0.0 90.0 569.0 2846.0 11551.229600743258
0.0 523.0 397.0 1353.0 7186.456606821004
0.0 757.0 263.0 907.0 4778.145759810991
0.0 924.0 113.0 886.0 3090.663672157779
0.0 1071.0 92.0 303.0 1733.9091804894595
0.0 1102.0 52.0 363.0 1350.6578338505726
0.0 1106.0 77.0 214.0 1369.6332121237317
0.0 743.0 272.0 929.0 4929.677979894412
0.0 90.0 569.0 2846.0 11551.229600743258
0.0 830.0 235.0 730.0 4042.6042571434987
0.0 833.0 232.0 728.0 4005.1895283113213
0.0 1221.0 11.0 31.0 206.6255969503651
0.0 743.0 272.0 929.0 4929.677979894412
0.0 806.0 162.0 1200.0 4333.303677300964
0.0 414.0 337.0 2311.0 8255.164112711904
0.0 862.0 133.0 1139.0 3759.6301712814775
0.0 756.0 264.0 907.0 4783.524576841834
0.0 1144.0 35.0 245.0 934.2604681528255
0.0 815.0 159.0 1160.0 4252.908065947415
0.0 1221.0 11.0 31.0 206.6255969503651
0.0 830.0 235.0 730.0 4042.6042571434987
0.0 1110.0 50.0 336.0 1271.8457879607702
0.0 495.0 413.0 1412.0 7479.7678889321
0.0 533.0 387.0 1353.0 7065.177708747387
0.0 572.0 372.0 1263.0 6686.988362816883
0.0 1221.0 11.0 31.0 206.6255969503651
0.0 836.0 228.0 735.0 3942.5186816822393
1.0 878.0 204.0 631.0 3555.937236484993
0.0 849.0 215.0 733.0 3798.4482563520623
0.0 1025.0 120.0 419.0 2093.9925985467576
0.0 485.0 301.0 2158.0 7614.8725658156945
0.0 815.0 159.0 1160.0 4252.908065947415
0.0 718.0 288.0 988.0 5124.5163889070445
0.0 962.0 135.0 573.0 2688.976038158868
0.0 1172.0 23.0 165.0 680.3046189652241
0.0 1011.0 133.0 424.0 2246.3180212856305
0.0 980.0 162.0 432.0 2617.6025227878717
0.0 87.0 565.0 2886.0 11594.971421446498
0.0 794.0 250.0 825.0 4404.765798646235
0.0 219.0 431.0 2926.0 10220.795014285208
0.0 379.0 346.0 2486.0 8625.119210742127
0.0 354.0 361.0 2499.0 8838.733580842745
0.0 119.0 565.0 2610.0 11246.316759298887
0.0 982.0 160.0 432.0 2589.0143196884637
0.0 840.0 154.0 1065.0 3994.0278719693574
0.0 846.0 133.0 1272.0 3922.3072273694956
1.0 252.0 521.0 2090.0 9884.614796757169
0.0 702.0 301.0 998.0 5331.15034863954
0.0 666.0 318.0 1092.0 5662.034594741124
0.0 1164.0 27.0 184.0 757.7865266059196
0.0 556.0 269.0 1957.0 6899.646610523464
0.0 927.0 113.0 865.0 3074.0925289217166
0.0 1062.0 58.0 504.0 1790.5500022369254
0.0 666.0 318.0 1092.0 5662.034594741124
0.0 623.0 240.0 1750.0 6249.451634594342
0.0 590.0 360.0 1239.0 6486.33038001497
0.0 1119.0 68.0 205.0 1214.670317904776
0.0 431.0 440.0 1602.0 8086.955239191498
0.0 756.0 264.0 907.0 4783.524576841834
0.0 533.0 387.0 1353.0 7065.177708747387
1.0 253.0 520.0 2090.0 9871.703675137982
0.0 623.0 240.0 1750.0 6249.451634594342
1.0 252.0 521.0 2090.0 9884.614796757169
0.0 611.0 352.0 1185.0 6349.950434755435
1.0 935.0 184.0 504.0 3040.717395248145
0.0 599.0 252.0 1807.0 6477.24153785658
0.0 830.0 235.0 730.0 4042.6042571434987
0.0 477.0 301.0 2223.0 7704.330473083358
0.0 597.0 242.0 1942.0 6525.847020796682
0.0 1003.0 79.0 681.0 2351.511512412496
0.0 1021.0 71.0 629.0 2195.80480836911
0.0 379.0 346.0 2486.0 8625.119210742127
0.0 786.0 160.0 1382.0 4551.278271973584
0.0 1071.0 92.0 303.0 1733.9091804894595
0.0 754.0 185.0 1323.0 4900.214422385213
0.0 1021.0 71.0 629.0 2195.80480836911
0.0 515.0 291.0 2038.0 7283.344321056956
0.0 1062.0 58.0 504.0 1790.5500022369254
0.0 894.0 115.0 1093.0 3423.0825985265105
0.0 705.0 299.0 995.0 5289.305075417689
0.0 519.0 401.0 1355.0 7232.56853201348
0.0 221.0 527.0 2218.0 10204.359868649368
0.0 998.0 81.0 696.0 2394.3658685032156
0.0 894.0 115.0 1093.0 3423.0825985265105
0.0 217.0 432.0 2932.0 10243.57817433375
0.0 198.0 536.0 2295.0 10452.24413288482
0.0 492.0 413.0 1426.0 7508.531661790853
0.0 1139.0 37.0 260.0 983.3423308483459
1.0 672.0 213.0 1643.0 5688.792207686615
0.0 412.0 337.0 2328.0 8277.998243115335
1.0 672.0 213.0 1643.0 5688.792207686615
1.0 935.0 184.0 504.0 3040.717395248145
0.0 898.0 176.0 671.0 3354.533093180984
0.0 963.0 96.0 789.0 2718.862365013694
0.0 1063.0 58.0 499.0 1778.468949477606
0.0 599.0 252.0 1807.0 6477.24153785658
0.0 156.0 559.0 2401.0 10861.99208444893
0.0 366.0 473.0 1746.0 8766.640914439604
0.0 87.0 565.0 2886.0 11594.971421446498
0.0 706.0 202.0 1509.0 5392.347628462311
0.0 1244.0 0.0 0.0 0.0
0.0 449.0 429.0 1567.0 7891.833447579527
0.0 1244.0 0.0 0.0 0.0
0.0 1240.0 0.0 17.0 31.40987040697352
0.0 701.0 202.0 1551.0 5439.332862607956
0.0 821.0 155.0 1168.0 4173.437836029078
0.0 343.0 480.0 1819.0 8993.881013651375
0.0 515.0 291.0 2038.0 7283.344321056956
0.0 776.0 177.0 1275.0 4638.836123099931
0.0 1244.0 0.0 0.0 0.0
0.0 414.0 337.0 2311.0 8255.164112711904
0.0 1244.0 0.0 0.0 0.0
0.0 565.0 269.0 1895.0 6802.474211363755
0.0 754.0 185.0 1323.0 4900.214422385213
0.0 476.0 301.0 2231.0 7718.798967018382
0.0 644.0 233.0 1685.0 6014.2893492194
0.0 991.0 147.0 444.0 2450.8756938048373
1.0 672.0 213.0 1643.0 5688.792207686615
0.0 644.0 233.0 1685.0 6014.2893492194
0.0 1244.0 0.0 0.0 0.0
0.0 216.0 433.0 2932.0 10248.913622801894
0.0 963.0 96.0 789.0 2718.862365013694
0.0 505.0 408.0 1390.0 7363.533782902643
0.0 217.0 432.0 2932.0 10243.57817433375
0.0 1065.0 58.0 491.0 1761.4575978681066
0.0 706.0 202.0 1509.0 5392.347628462311
0.0 1182.0 23.0 131.0 584.2213811915366
0.0 1244.0 0.0 0.0 0.0
0.0 863.0 133.0 1131.0 3752.4593827050576
0.0 1065.0 58.0 491.0 1761.4575978681066
0.0 643.0 337.0 1106.0 5964.759053163437
0.0 754.0 185.0 1323.0 4900.214422385213
1.0 672.0 213.0 1643.0 5688.792207686615
0.0 897.0 177.0 671.0 3366.0246379071696
0.0 1244.0 0.0 0.0 0.0
0.0 816.0 159.0 1155.0 4239.401626105346
0.0 786.0 160.0 1382.0 4551.278271973584
0.0 156.0 559.0 2401.0 10861.99208444893
0.0 1207.0 21.0 50.0 317.69232880312035
0.0 1244.0 0.0 0.0 0.0
0.0 786.0 160.0 1382.0 4551.278271973584
0.0 343.0 480.0 1819.0 8993.881013651375
0.0 532.0 388.0 1353.0 7077.363257290496
0.0 309.0 382.0 2635.0 9314.362914518804
0.0 156.0 559.0 2401.0 10861.99208444893
0.0 414.0 337.0 2311.0 8255.164112711904
0.0 779.0 266.0 823.0 4605.241625846046
0.0 751.0 185.0 1345.0 4932.87588251168
0.0 915.0 116.0 917.0 3204.435400519931
0.0 1010.0 134.0 424.0 2258.0113856636194
0.0 990.0 148.0 444.0 2463.0846085450107
0.0 779.0 266.0 823.0 4605.241625846046
0.0 701.0 202.0 1551.0 5439.332862607956
0.0 719.0 287.0 988.0 5112.298469783509
0.0 495.0 413.0 1412.0 7479.7678889321
0.0 368.0 361.0 2392.0 8699.593774799661
0.0 309.0 382.0 2635.0 9314.362914518804
1.0 878.0 204.0 631.0 3555.937236484993
0.0 1061.0 58.0 510.0 1802.878761222064
0.0 343.0 480.0 1819.0 8993.881013651375
0.0 420.0 448.0 1614.0 8225.346959632861
0.0 589.0 361.0 1239.0 6496.286676652938
0.0 792.0 252.0 825.0 4430.426859176416
0.0 1139.0 37.0 260.0 983.3423308483459
0.0 368.0 471.0 1746.0 8740.35556838146
0.0 750.0 270.0 909.0 4852.540013586902
0.0 354.0 361.0 2499.0 8838.733580842745
0.0 412.0 337.0 2328.0 8277.998243115335
0.0 420.0 448.0 1614.0 8225.346959632861
0.0 1240.0 0.0 17.0 31.40987040697352
0.0 1157.0 41.0 155.0 799.2647037708125
0.0 1172.0 23.0 165.0 680.3046189652241
0.0 1240.0 0.0 17.0 31.40987040697352
0.0 1206.0 22.0 50.0 327.9663026745796
0.0 1172.0 23.0 165.0 680.3046189652241
0.0 993.0 81.0 731.0 2452.719982004655
0.0 142.0 564.0 2456.0 11022.89328110955
0.0 1176.0 24.0 145.0 641.0809731715617
0.0 508.0 289.0 2115.0 7379.27313139377
0.0 142.0 564.0 2456.0 11022.89328110955
0.0 1054.0 61.0 535.0 1862.5792294716584
0.0 793.0 251.0 825.0 4416.353060739935
0.0 551.0 269.0 2001.0 6957.00497082791
0.0 417.0 448.0 1627.0 8249.401714870426
0.0 1054.0 61.0 535.0 1862.5792294716584
0.0 1106.0 77.0 214.0 1369.6332121237317
0.0 1094.0 86.0 226.0 1507.8580923489772
0.0 326.0 375.0 2588.0 9121.319159239549
0.0 1094.0 86.0 226.0 1507.8580923489772
0.0 839.0 154.0 1069.0 4007.7971500195513
0.0 1094.0 86.0 226.0 1507.8580923489772
0.0 568.0 376.0 1263.0 6741.042789574725
0.0 1142.0 37.0 239.0 955.7336172177835
0.0 616.0 242.0 1779.0 6313.314124537815
1.0 877.0 205.0 631.0 3566.672949617578
0.0 962.0 135.0 573.0 2688.976038158868
0.0 1156.0 42.0 155.0 811.1398996623936
0.0 1156.0 42.0 155.0 811.1398996623936
0.0 1102.0 52.0 363.0 1350.6578338505726
0.0 345.0 479.0 1814.0 8968.595267055525
0.0 1176.0 24.0 145.0 641.0809731715617
0.0 1167.0 26.0 176.0 721.3659611911041
0.0 1118.0 69.0 205.0 1224.944291776235
0.0 1218.0 12.0 40.0 231.29808961929834
0.0 1031.0 69.0 592.0 2096.002322298314
0.0 1026.0 119.0 419.0 2083.3292384984647
0.0 1218.0 12.0 40.0 231.29808961929834
0.0 1182.0 23.0 131.0 584.2213811915366
0.0 1154.0 39.0 175.0 825.6180770301893
0.0 966.0 98.0 756.0 2689.096558657636
1.0 935.0 184.0 504.0 3040.717395248145
0.0 571.0 373.0 1263.0 6698.476151286998
1.0 876.0 206.0 631.0 3580.7572762480854
0.0 738.0 185.0 1454.0 5065.046467385283
1.0 876.0 206.0 631.0 3580.7572762480854
0.0 266.0 409.0 2758.0 9751.830717829725
1.0 252.0 521.0 2090.0 9884.614796757169
0.0 309.0 382.0 2635.0 9314.362914518804
0.0 515.0 291.0 2038.0 7283.344321056956
0.0 911.0 113.0 975.0 3243.6925712263323
0.0 1244.0 0.0 0.0 0.0
0.0 1244.0 0.0 0.0 0.0
0.0 1244.0 0.0 0.0 0.0
0.0 1004.0 79.0 676.0 2338.434680556818
0.0 1244.0 0.0 0.0 0.0
0.0 1244.0 0.0 0.0 0.0
0.0 1244.0 0.0 0.0 0.0
0.0 705.0 202.0 1517.0 5400.68187387241
0.0 1244.0 0.0 0.0 0.0
0.0 1244.0 0.0 0.0 0.0
0.0 612.0 240.0 1837.0 6358.624468820569
0.0 368.0 471.0 1746.0 8740.35556838146
0.0 611.0 352.0 1185.0 6349.950434755435
0.0 485.0 301.0 2158.0 7614.8725658156945
0.0 911.0 113.0 975.0 3243.6925712263323
0.0 998.0 81.0 696.0 2394.3658685032156
0.0 1182.0 23.0 131.0 584.2213811915366
0.0 956.0 98.0 824.0 2779.923797973138
0.0 643.0 337.0 1106.0 5964.759053163437
0.0 1080.0 89.0 274.0 1658.1029750191274
0.0 585.0 363.0 1245.0 6547.403814063959
0.0 643.0 337.0 1106.0 5964.759053163437
0.0 846.0 133.0 1272.0 3922.3072273694956
0.0 955.0 98.0 833.0 2788.346137345228
0.0 1071.0 92.0 303.0 1733.9091804894595
0.0 962.0 96.0 796.0 2727.2077364838747
0.0 651.0 330.0 1101.0 5865.319212217017
0.0 495.0 413.0 1412.0 7479.7678889321
0.0 1130.0 48.0 246.0 1068.527205797752
0.0 1110.0 50.0 336.0 1271.8457879607702
0.0 1221.0 11.0 31.0 206.6255969503651
0.0 1102.0 52.0 363.0 1350.6578338505726
0.0 221.0 527.0 2218.0 10204.359868649368
0.0 910.0 172.0 637.0 3243.3192806920797
0.0 657.0 325.0 1098.0 5785.212840565837
0.0 1244.0 0.0 0.0 0.0
0.0 993.0 81.0 731.0 2452.719982004655
0.0 944.0 154.0 570.0 2882.527706815161
0.0 956.0 141.0 573.0 2746.5956633315054
0.0 366.0 473.0 1746.0 8766.640914439604
0.0 556.0 269.0 1957.0 6899.646610523464
0.0 1031.0 69.0 592.0 2096.002322298314
0.0 1031.0 69.0 592.0 2096.002322298314
0.0 1026.0 119.0 419.0 2083.3292384984647
0.0 944.0 154.0 570.0 2882.527706815161
