1.0 322.0 493.0 1876.0 9182.478258914694
0.0 870.0 193.0 694.0 3650.997229411352
0.0 875.0 189.0 691.0 3605.3566959686004
0.0 1155.0 34.0 186.0 847.8091191115052
0.0 867.0 125.0 1181.0 3727.204211529557
0.0 560.0 367.0 1334.0 6841.438834976808
0.0 673.0 199.0 1854.0 5718.115758940739
0.0 994.0 106.0 589.0 2432.4849180200663
2.0 1032.0 116.0 341.0 2122.565145463751
0.0 922.0 97.0 1076.0 3159.831131990502
0.0 807.0 145.0 1430.0 4321.84086402931
0.0 853.0 207.0 703.0 3836.459056650204
0.0 604.0 318.0 1351.0 6328.39033743131
0.0 588.0 334.0 1349.0 6517.133617129031
0.0 88.0 565.0 2874.0 11573.783784043553
0.0 968.0 87.0 848.0 2716.2774385377475
0.0 639.0 262.0 1474.0 6025.010927431794
0.0 666.0 311.0 1133.0 5688.162747553502
0.0 424.0 438.0 1612.0 8209.490551595374
0.0 604.0 275.0 1575.0 6347.09453912856
1.0 934.0 149.0 635.0 2972.219227236612
0.0 778.0 152.0 1552.0 4705.34423009863
0.0 708.0 293.0 998.0 5407.6701221662115
0.0 657.0 204.0 1951.0 5889.227417708356
0.0 1218.0 10.0 48.0 223.49879384248314
0.0 1102.0 76.0 242.0 1414.7664379751818
0.0 559.0 353.0 1383.0 6776.139123295801
0.0 237.0 521.0 2177.0 10013.485404475516
1.0 346.0 476.0 1852.0 8905.372823059259
0.0 708.0 293.0 998.0 5407.6701221662115
0.0 876.0 189.0 688.0 3597.217497032526
0.0 1102.0 76.0 242.0 1414.7664379751818
1.0 346.0 476.0 1852.0 8905.372823059259
0.0 1176.0 24.0 155.0 645.0875950574107
0.0 1222.0 10.0 31.0 192.08892343550963
0.0 935.0 97.0 970.0 3021.674447294656
0.0 522.0 384.0 1412.0 7215.516660996424
0.0 821.0 236.0 724.0 4213.4277983511
0.0 135.0 566.0 2495.0 11110.252273546495
0.0 374.0 359.0 2441.0 8643.974930040818
0.0 837.0 169.0 940.0 4021.9634378954943
0.0 135.0 566.0 2495.0 11110.252273546495
0.0 1167.0 33.0 141.0 730.4499184535699
0.0 721.0 215.0 1328.0 5190.00130162375
0.0 1014.0 65.0 747.0 2263.630728324234
0.0 427.0 437.0 1601.0 8176.068549409131
2.0 933.0 149.0 635.0 2981.0607561292286
0.0 536.0 302.0 1771.0 7052.747493309905
0.0 1068.0 59.0 475.0 1713.8433617973787
0.0 436.0 332.0 2219.0 8021.1236068726885
0.0 850.0 210.0 703.0 3870.8810709807585
0.0 677.0 198.0 1825.0 5676.312533048042
0.0 313.0 397.0 2468.0 9240.860899857727
0.0 470.0 405.0 1559.0 7658.2442092321635
2.0 1032.0 116.0 341.0 2122.565145463751
0.0 538.0 302.0 1759.0 7027.060423516987
0.0 596.0 276.0 1618.0 6433.202650541853
0.0 756.0 274.0 848.0 4868.204521091156
0.0 1222.0 10.0 31.0 192.08892343550963
2.0 1032.0 116.0 341.0 2122.565145463751
0.0 492.0 310.0 2051.0 7495.633298930028
0.0 632.0 260.0 1523.0 6092.1103572991315
0.0 791.0 243.0 815.0 4481.177114731559
0.0 982.0 126.0 549.0 2568.003713093547
0.0 164.0 555.0 2377.0 10796.049625214891
0.0 914.0 163.0 662.0 3236.1501906124204
0.0 786.0 152.0 1480.0 4598.703879151193
0.0 831.0 171.0 960.0 4077.2835244730913
0.0 965.0 87.0 872.0 2735.909198435425
0.0 1244.0 0.0 0.0 0.0
0.0 1244.0 0.0 0.0 0.0
0.0 1244.0 0.0 0.0 0.0
0.0 1244.0 0.0 0.0 0.0
0.0 1244.0 0.0 0.0 0.0
0.0 1207.0 12.0 84.0 333.3590922442799
0.0 427.0 437.0 1601.0 8176.068549409131
0.0 205.0 444.0 2915.0 10343.08786951263
0.0 1244.0 0.0 0.0 0.0
0.0 786.0 152.0 1480.0 4598.703879151193
0.0 1244.0 0.0 0.0 0.0
0.0 471.0 404.0 1559.0 7647.508496099577
0.0 632.0 260.0 1523.0 6092.1103572991315
0.0 867.0 125.0 1181.0 3727.204211529557
0.0 1244.0 0.0 0.0 0.0
0.0 1047.0 63.0 551.0 1920.5106915504384
0.0 806.0 185.0 1013.0 4323.691989108018
0.0 1244.0 0.0 0.0 0.0
0.0 522.0 384.0 1412.0 7215.516660996424
0.0 958.0 89.0 904.0 2801.0349514923696
0.0 1244.0 0.0 0.0 0.0
1.0 347.0 476.0 1849.0 8895.811304764391
0.0 1244.0 0.0 0.0 0.0
0.0 1142.0 47.0 194.0 967.9366275712297
0.0 1244.0 0.0 0.0 0.0
0.0 1088.0 85.0 270.0 1558.9794822196154
0.0 1244.0 0.0 0.0 0.0
0.0 249.0 417.0 2767.0 9890.614223805329
1.0 317.0 495.0 1889.0 9235.79186285265
0.0 217.0 534.0 2202.0 10250.66763191053
0.0 1068.0 59.0 475.0 1713.8433617973787
0.0 885.0 177.0 699.0 3534.9311054304053
2.0 1032.0 116.0 341.0 2122.565145463751
0.0 931.0 97.0 1004.0 3052.7617681262423
0.0 588.0 334.0 1349.0 6517.133617129031
0.0 773.0 258.0 823.0 4710.017761531929
0.0 975.0 132.0 552.0 2664.882806675337
1.0 319.0 495.0 1881.0 9211.053644769236
0.0 560.0 367.0 1334.0 6841.438834976808
0.0 598.0 276.0 1602.0 6416.841695353776
0.0 1126.0 55.0 233.0 1120.1139320965976
0.0 460.0 419.0 1546.0 7814.059319457701
0.0 253.0 416.0 2745.0 9844.01444428606
0.0 1218.0 10.0 48.0 223.49879384248314
0.0 584.0 338.0 1349.0 6563.411625119523
0.0 1142.0 47.0 194.0 967.9366275712297
0.0 1109.0 44.0 391.0 1303.3725587181505
0.0 1109.0 44.0 391.0 1303.3725587181505
0.0 755.0 275.0 848.0 4882.882934822596
0.0 1088.0 85.0 270.0 1558.9794822196154
0.0 935.0 97.0 970.0 3021.674447294656
0.0 88.0 565.0 2874.0 11573.783784043553
0.0 730.0 208.0 1318.0 5090.046498942674
0.0 1119.0 41.0 355.0 1205.3708667190413
0.0 837.0 169.0 940.0 4021.9634378954943
0.0 858.0 202.0 703.0 3772.751149451837
0.0 424.0 438.0 1612.0 8209.490551595374
0.0 381.0 359.0 2380.0 8564.320769800132
0.0 1057.0 62.0 506.0 1825.774357200401
0.0 741.0 170.0 1644.0 5051.305570656448
0.0 1132.0 52.0 218.0 1059.1568735094963
0.0 253.0 416.0 2745.0 9844.01444428606
0.0 537.0 302.0 1764.0 7040.672904966825
0.0 666.0 311.0 1133.0 5688.162747553502
0.0 789.0 245.0 815.0 4507.181086433719
0.0 1057.0 62.0 506.0 1825.774357200401
0.0 824.0 235.0 716.0 4185.834329622719
0.0 657.0 204.0 1951.0 5889.227417708356
0.0 781.0 152.0 1524.0 4658.926456049539
2.0 1032.0 116.0 341.0 2122.565145463751
0.0 1016.0 65.0 730.0 2249.9041970265375
0.0 1009.0 67.0 770.0 2310.158056609727
1.0 934.0 149.0 635.0 2972.219227236612
0.0 996.0 102.0 601.0 2414.5936171747703
0.0 429.0 435.0 1601.0 8152.543033731131
0.0 761.0 195.0 1212.0 4761.154815936913
0.0 975.0 132.0 552.0 2664.882806675337
0.0 713.0 182.0 1728.0 5322.1508478299
0.0 982.0 126.0 549.0 2568.003713093547
0.0 1098.0 82.0 238.0 1467.8396330864437
0.0 715.0 182.0 1708.0 5294.964687553578
0.0 982.0 126.0 549.0 2568.003713093547
0.0 762.0 193.0 1219.0 4755.662592500001
0.0 182.0 552.0 2292.0 10603.320224431913
0.0 564.0 346.0 1390.0 6724.991962549716
0.0 968.0 87.0 848.0 2716.2774385377475
0.0 325.0 382.0 2575.0 9138.229010286186
0.0 244.0 513.0 2180.0 9925.712614743521
0.0 542.0 378.0 1363.0 6998.485901365344
0.0 522.0 384.0 1412.0 7215.516660996424
0.0 504.0 304.0 2023.0 7380.342224498572
0.0 1132.0 52.0 218.0 1059.1568735094963
0.0 665.0 311.0 1137.0 5698.861509960163
0.0 1014.0 65.0 747.0 2263.630728324234
0.0 668.0 310.0 1129.0 5665.189110510814
0.0 458.0 421.0 1546.0 7841.930807737659
0.0 312.0 397.0 2476.0 9250.444142646176
0.0 917.0 97.0 1113.0 3225.6928538692214
0.0 761.0 195.0 1212.0 4761.154815936913
0.0 396.0 357.0 2263.0 8424.933608935513
0.0 842.0 127.0 1352.0 3984.43303133684
0.0 504.0 304.0 2023.0 7380.342224498572
0.0 994.0 106.0 589.0 2432.4849180200663
0.0 665.0 311.0 1137.0 5698.861509960163
0.0 708.0 293.0 998.0 5407.6701221662115
0.0 374.0 359.0 2441.0 8643.974930040818
0.0 1172.0 33.0 127.0 677.6873714165306
0.0 806.0 185.0 1013.0 4323.691989108018
0.0 208.0 540.0 2217.0 10345.896978240853
0.0 261.0 419.0 2652.0 9760.764391910687
0.0 882.0 180.0 699.0 3550.6377936923423
0.0 914.0 97.0 1140.0 3262.7142380215087
0.0 205.0 444.0 2915.0 10343.08786951263
0.0 840.0 219.0 711.0 3996.999657257264
0.0 913.0 164.0 662.0 3247.143828331514
0.0 741.0 170.0 1644.0 5051.305570656448
0.0 1200.0 16.0 99.0 399.61454535259503
0.0 428.0 332.0 2287.0 8106.61530497362
0.0 632.0 260.0 1523.0 6092.1103572991315
1.0 934.0 149.0 635.0 2972.219227236612
0.0 1200.0 16.0 99.0 399.61454535259503
0.0 967.0 87.0 856.0 2721.767882176698
0.0 542.0 378.0 1363.0 6998.485901365344
0.0 182.0 552.0 2292.0 10603.320224431913
0.0 931.0 97.0 1004.0 3052.7617681262423
0.0 396.0 357.0 2263.0 8424.933608935513
0.0 428.0 332.0 2287.0 8106.61530497362
0.0 436.0 332.0 2219.0 8021.1236068726885
0.0 1145.0 37.0 223.0 942.4230754156056
0.0 681.0 198.0 1795.0 5625.977865095278
0.0 715.0 182.0 1708.0 5294.964687553578
0.0 975.0 132.0 552.0 2664.882806675337
0.0 744.0 281.0 869.0 5016.69123439529
0.0 201.0 448.0 2915.0 10376.984933671674
0.0 824.0 235.0 716.0 4185.834329622719
0.0 770.0 260.0 827.0 4753.018532619344
1.0 319.0 495.0 1881.0 9211.053644769236
0.0 870.0 193.0 694.0 3650.997229411352
0.0 885.0 177.0 699.0 3534.9311054304053
0.0 1068.0 59.0 475.0 1713.8433617973787
0.0 924.0 141.0 698.0 3199.6299435609662
0.0 1180.0 24.0 138.0 613.6777246504371
0.0 249.0 417.0 2767.0 9890.614223805329
0.0 182.0 552.0 2292.0 10603.320224431913
0.0 1167.0 33.0 141.0 730.4499184535699
0.0 657.0 204.0 1951.0 5889.227417708356
0.0 1217.0 11.0 48.0 230.39841038381869
0.0 88.0 565.0 2874.0 11573.783784043553
0.0 856.0 127.0 1238.0 3819.7824688381197
0.0 1207.0 12.0 84.0 333.3590922442799
0.0 774.0 257.0 823.0 4698.142565640348
0.0 222.0 530.0 2199.0 10181.808958393382
1.0 323.0 492.0 1876.0 9173.849181895805
0.0 450.0 333.0 2106.0 7886.544104793948
0.0 856.0 127.0 1238.0 3819.7824688381197
0.0 639.0 262.0 1474.0 6025.010927431794
0.0 1165.0 33.0 150.0 744.848437251044
0.0 1113.0 42.0 384.0 1262.8071129409552
0.0 1101.0 77.0 242.0 1426.9483899880245
0.0 563.0 347.0 1390.0 6732.637342907489
0.0 925.0 142.0 689.0 3190.5497772876774
0.0 510.0 312.0 1882.0 7288.693619253308
0.0 850.0 127.0 1289.0 3877.171740148505
0.0 807.0 145.0 1430.0 4321.84086402931
0.0 1165.0 33.0 150.0 744.848437251044
0.0 1240.0 0.0 17.0 31.40987040697352
0.0 1075.0 59.0 442.0 1658.517546825894
0.0 537.0 302.0 1764.0 7040.672904966825
0.0 1047.0 63.0 551.0 1920.5106915504384
0.0 604.0 275.0 1575.0 6347.09453912856
0.0 89.0 565.0 2865.0 11561.459245577485
0.0 1153.0 32.0 208.0 863.1541204702402
0.0 1153.0 32.0 208.0 863.1541204702402
0.0 1009.0 67.0 770.0 2310.158056609727
0.0 791.0 243.0 815.0 4481.177114731559
0.0 1075.0 59.0 442.0 1658.517546825894
0.0 1240.0 0.0 17.0 31.40987040697352
0.0 135.0 566.0 2495.0 11110.252273546495
0.0 1155.0 34.0 186.0 847.8091191115052
0.0 443.0 429.0 1573.0 7992.838077926704
0.0 679.0 198.0 1811.0 5648.804818433702
0.0 913.0 164.0 662.0 3247.143828331514
0.0 721.0 215.0 1328.0 5190.00130162375
0.0 657.0 204.0 1951.0 5889.227417708356
2.0 1031.0 117.0 341.0 2136.638943900232
2.0 1031.0 117.0 341.0 2136.638943900232
2.0 1031.0 117.0 341.0 2136.638943900232
0.0 669.0 309.0 1129.0 5654.734709447412
0.0 745.0 281.0 864.0 5007.0805828298735
0.0 914.0 97.0 1140.0 3262.7142380215087
0.0 856.0 204.0 703.0 3793.2505092783185
0.0 821.0 236.0 724.0 4213.4277983511
0.0 1016.0 65.0 730.0 2249.9041970265375
0.0 87.0 565.0 2887.0 11599.238439587923
0.0 1222.0 10.0 31.0 192.08892343550963
0.0 773.0 258.0 823.0 4710.017761531929
0.0 1017.0 65.0 724.0 2239.4754121757546
0.0 1119.0 41.0 355.0 1205.3708667190413
0.0 745.0 281.0 864.0 5007.0805828298735
0.0 304.0 397.0 2538.0 9333.788996826892
0.0 745.0 281.0 864.0 5007.0805828298735
2.0 1031.0 117.0 341.0 2136.638943900232
0.0 1088.0 85.0 270.0 1558.9794822196154
0.0 559.0 353.0 1383.0 6776.139123295801
0.0 1176.0 24.0 155.0 645.0875950574107
0.0 237.0 521.0 2177.0 10013.485404475516
0.0 1067.0 59.0 479.0 1727.8786173949513
0.0 1207.0 12.0 84.0 333.3590922442799
0.0 842.0 127.0 1352.0 3984.43303133684
0.0 450.0 333.0 2106.0 7886.544104793948
0.0 837.0 169.0 940.0 4021.9634378954943
0.0 1222.0 10.0 31.0 192.08892343550963
0.0 1126.0 55.0 233.0 1120.1139320965976
0.0 1046.0 63.0 556.0 1934.017131392508
0.0 1043.0 64.0 574.0 1951.7058040493423
0.0 471.0 404.0 1559.0 7647.508496099577
0.0 806.0 185.0 1013.0 4323.691989108018
0.0 304.0 397.0 2538.0 9333.788996826892
0.0 731.0 208.0 1312.0 5079.617714091891
0.0 914.0 97.0 1140.0 3262.7142380215087
0.0 1119.0 41.0 355.0 1205.3708667190413
0.0 958.0 89.0 904.0 2801.0349514923696
0.0 1244.0 0.0 0.0 0.0
0.0 1244.0 0.0 0.0 0.0
0.0 1244.0 0.0 0.0 0.0
0.0 1244.0 0.0 0.0 0.0
0.0 1244.0 0.0 0.0 0.0
0.0 831.0 171.0 960.0 4077.2835244730913
0.0 1201.0 15.0 99.0 389.3405714811358
0.0 1088.0 85.0 270.0 1558.9794822196154
0.0 1180.0 24.0 138.0 613.6777246504371
