0.0 952.0 163.0 513.0 2846.2524932940014
0.0 671.0 319.0 1030.0 5584.913837361392
0.0 785.0 178.0 1238.0 4543.99023364827
0.0 1062.0 99.0 334.0 1668.9214589515173
0.0 1052.0 104.0 348.0 1773.734332270799
0.0 785.0 178.0 1238.0 4543.99023364827
0.0 771.0 178.0 1344.0 4666.659948649641
0.0 1062.0 99.0 334.0 1668.9214589515173
0.0 830.0 221.0 736.0 4059.996440372718
0.0 143.0 565.0 2449.0 11027.12612809079
0.0 1224.0 8.0 39.0 169.1197410162463
0.0 590.0 369.0 1188.0 6449.87403733068
0.0 1140.0 41.0 220.0 980.1037102708999
0.0 1038.0 115.0 359.0 1940.1931994000374
0.0 327.0 372.0 2595.0 9122.134571398214
0.0 464.0 432.0 1517.0 7794.293440414916
0.0 952.0 163.0 513.0 2846.2524932940014
0.0 360.0 469.0 1864.0 8790.871512530583
0.0 693.0 210.0 1621.0 5471.006294619479
0.0 772.0 178.0 1336.0 4654.642367751911
0.0 888.0 127.0 972.0 3507.1723649510454
0.0 529.0 281.0 2069.0 7130.461886944838
0.0 888.0 127.0 972.0 3507.1723649510454
0.0 863.0 129.0 1147.0 3786.8128925857663
0.0 1134.0 45.0 232.0 1037.9633027279274
0.0 550.0 394.0 1253.0 6890.2968675298425
0.0 1244.0 0.0 0.0 0.0
0.0 738.0 274.0 944.0 4868.915307290146
0.0 943.0 165.0 545.0 2926.7442263964954
0.0 1244.0 0.0 0.0 0.0
0.0 235.0 423.0 2834.0 10051.632412698884
0.0 1060.0 59.0 487.0 1835.8316777029052
0.0 627.0 242.0 1702.0 6177.180248735014
0.0 672.0 318.0 1030.0 5572.454336804849
0.0 687.0 218.0 1538.0 5565.4966616248375
1.0 784.0 245.0 832.0 4495.422365181503
0.0 687.0 218.0 1538.0 5565.4966616248375
0.0 702.0 214.0 1490.0 5414.847397048236
0.0 549.0 395.0 1253.0 6898.773850992783
0.0 613.0 358.0 1133.0 6262.827964921366
0.0 235.0 423.0 2834.0 10051.632412698884
0.0 558.0 386.0 1253.0 6792.3318207677
0.0 720.0 293.0 938.0 5073.102981146496
0.0 787.0 178.0 1229.0 4520.758581582945
0.0 866.0 129.0 1121.0 3746.8885592198453
0.0 776.0 178.0 1301.0 4616.382739685383
0.0 1008.0 84.0 604.0 2317.076818133866
0.0 1132.0 47.0 232.0 1062.7455878625146
0.0 503.0 307.0 1979.0 7400.002777145312
0.0 647.0 341.0 1068.0 5866.987299868646
0.0 1003.0 71.0 707.0 2371.927170044054
0.0 776.0 178.0 1301.0 4616.382739685383
0.0 636.0 244.0 1621.0 6083.207028773756
0.0 590.0 369.0 1188.0 6449.87403733068
0.0 766.0 259.0 896.0 4614.983996255454
0.0 856.0 207.0 686.0 3785.153997925554
0.0 1170.0 26.0 168.0 701.82915341072
0.0 756.0 179.0 1466.0 4834.267338522184
0.0 1170.0 26.0 168.0 701.82915341072
0.0 510.0 416.0 1370.0 7342.82527574274
0.0 192.0 554.0 2239.0 10511.674834239979
0.0 480.0 320.0 2010.0 7632.042901780417
0.0 327.0 372.0 2595.0 9122.134571398214
0.0 931.0 142.0 672.0 3021.961144252245
0.0 1244.0 0.0 0.0 0.0
0.0 549.0 395.0 1253.0 6898.773850992783
0.0 87.0 562.0 2918.0 11594.293551760356
0.0 153.0 564.0 2393.0 10913.983927731124
0.0 1088.0 78.0 286.0 1532.7778236043935
0.0 943.0 98.0 911.0 2969.115454835019
0.0 671.0 216.0 1691.0 5738.567104511193
0.0 453.0 436.0 1555.0 7901.750045527276
0.0 153.0 564.0 2393.0 10913.983927731124
0.0 260.0 416.0 2700.0 9791.695333122623
0.0 345.0 366.0 2498.0 8937.698102606775
0.0 524.0 281.0 2116.0 7176.25404678473
0.0 676.0 316.0 1023.0 5531.08999909226
0.0 437.0 332.0 2169.0 8041.51007118356
0.0 87.0 562.0 2918.0 11594.293551760356
0.0 87.0 562.0 2918.0 11594.293551760356
0.0 809.0 235.0 781.0 4269.704896626718
0.0 1056.0 59.0 515.0 1876.0993631450692
0.0 87.0 566.0 2879.0 11586.263688479206
0.0 672.0 318.0 1030.0 5572.454336804849
0.0 870.0 197.0 674.0 3624.3613666333904
0.0 1214.0 16.0 48.0 249.29225560204407
0.0 385.0 360.0 2253.0 8524.68218409155
0.0 212.0 449.0 2812.0 10238.690768366583
0.0 1214.0 16.0 48.0 249.29225560204407
0.0 431.0 332.0 2223.0 8098.579792289787
0.0 452.0 436.0 1560.0 7910.591261726628
0.0 1214.0 16.0 48.0 249.29225560204407
0.0 554.0 277.0 1904.0 6864.307743374353
0.0 1118.0 56.0 244.0 1256.7709947637286
0.0 902.0 126.0 880.0 3388.0188202074487
0.0 1244.0 0.0 0.0 0.0
0.0 510.0 416.0 1370.0 7342.82527574274
0.0 584.0 261.0 1842.0 6572.485517348157
0.0 904.0 126.0 869.0 3365.5089825973464
0.0 982.0 74.0 828.0 2601.0163718922227
0.0 1244.0 0.0 0.0 0.0
0.0 855.0 208.0 686.0 3799.5518179858573
0.0 1244.0 0.0 0.0 0.0
0.0 1003.0 71.0 707.0 2371.927170044054
0.0 273.0 500.0 2087.0 9633.053066050757
0.0 1003.0 71.0 707.0 2371.927170044054
0.0 549.0 395.0 1253.0 6898.773850992783
0.0 1152.0 36.0 188.0 868.5428675127293
0.0 1217.0 10.0 62.0 235.21295532126615
0.0 809.0 235.0 781.0 4269.704896626718
0.0 1244.0 0.0 0.0 0.0
0.0 1152.0 36.0 188.0 868.5428675127293
0.0 855.0 208.0 686.0 3799.5518179858573
0.0 864.0 129.0 1137.0 3774.8646960775513
0.0 1244.0 0.0 0.0 0.0
0.0 1008.0 84.0 604.0 2317.076818133866
0.0 592.0 259.0 1794.0 6518.60544235872
0.0 829.0 222.0 736.0 4069.4572828431483
0.0 637.0 244.0 1615.0 6074.902752723462
0.0 258.0 417.0 2704.0 9814.77026752556
0.0 1140.0 41.0 220.0 980.1037102708999
0.0 336.0 490.0 1876.0 9094.552427343497
0.0 1056.0 59.0 515.0 1876.0993631450692
0.0 942.0 98.0 920.0 2983.229144898763
0.0 1182.0 28.0 114.0 574.0464558816741
0.0 1240.0 0.0 17.0 31.40987040697352
0.0 142.0 565.0 2456.0 11038.135726762253
0.0 190.0 554.0 2248.0 10530.827955533314
0.0 553.0 277.0 1911.0 6877.25710137695
0.0 1059.0 59.0 494.0 1842.2838482842192
0.0 1244.0 0.0 0.0 0.0
0.0 636.0 244.0 1621.0 6083.207028773756
0.0 1240.0 0.0 17.0 31.40987040697352
0.0 637.0 347.0 1079.0 6000.580273859916
0.0 1244.0 0.0 0.0 0.0
0.0 1244.0 0.0 0.0 0.0
0.0 1183.0 28.0 111.0 563.9481786511813
0.0 1244.0 0.0 0.0 0.0
0.0 1244.0 0.0 0.0 0.0
0.0 1244.0 0.0 0.0 0.0
0.0 337.0 489.0 1876.0 9082.734643450729
0.0 1244.0 0.0 0.0 0.0
0.0 734.0 277.0 946.0 4907.046984152398
0.0 982.0 74.0 828.0 2601.0163718922227
0.0 1244.0 0.0 0.0 0.0
0.0 627.0 242.0 1702.0 6177.180248735014
0.0 386.0 360.0 2246.0 8519.029824078643
0.0 360.0 469.0 1864.0 8790.871512530583
0.0 615.0 356.0 1133.0 6233.0978819170405
0.0 636.0 244.0 1621.0 6083.207028773756
0.0 734.0 277.0 946.0 4907.046984152398
0.0 1088.0 80.0 277.0 1544.4909701141148
0.0 976.0 154.0 470.0 2599.8404826356077
0.0 720.0 286.0 959.0 5050.440463980087
0.0 908.0 154.0 699.0 3258.510634937955
0.0 385.0 360.0 2253.0 8524.68218409155
0.0 943.0 98.0 911.0 2969.115454835019
0.0 274.0 499.0 2087.0 9620.238823481433
0.0 828.0 223.0 736.0 4082.153208676999
0.0 757.0 180.0 1447.0 4815.026700337573
0.0 1023.0 72.0 599.0 2176.193110777236
0.0 870.0 129.0 1088.0 3706.080387101166
0.0 1182.0 28.0 114.0 574.0464558816741
0.0 943.0 98.0 911.0 2969.115454835019
0.0 1105.0 66.0 263.0 1358.8407483473507
0.0 682.0 310.0 1023.0 5462.401427348268
0.0 1244.0 0.0 0.0 0.0
0.0 682.0 309.0 1027.0 5460.003951236446
0.0 845.0 134.0 1278.0 3950.3487528094433
0.0 1244.0 0.0 0.0 0.0
0.0 976.0 154.0 470.0 2599.8404826356077
0.0 757.0 180.0 1447.0 4815.026700337573
0.0 1244.0 0.0 0.0 0.0
0.0 1003.0 71.0 707.0 2371.927170044054
0.0 646.0 342.0 1068.0 5880.099416319298
0.0 738.0 274.0 944.0 4868.915307290146
0.0 240.0 523.0 2144.0 9970.657675565959
0.0 843.0 214.0 713.0 3911.516827232643
0.0 671.0 216.0 1691.0 5738.567104511193
0.0 1003.0 71.0 707.0 2371.927170044054
0.0 1244.0 0.0 0.0 0.0
0.0 721.0 286.0 957.0 5041.298483947859
0.0 1133.0 46.0 232.0 1049.8384986195085
0.0 1023.0 72.0 599.0 2176.193110777236
0.0 1023.0 72.0 599.0 2176.193110777236
0.0 1119.0 55.0 244.0 1249.871378222393
0.0 982.0 74.0 828.0 2601.0163718922227
0.0 870.0 129.0 1088.0 3706.080387101166
0.0 195.0 551.0 2239.0 10474.067099120311
0.0 596.0 363.0 1188.0 6374.146409359026
0.0 590.0 369.0 1188.0 6449.87403733068
0.0 884.0 185.0 671.0 3477.7442401662365
0.0 1091.0 77.0 277.0 1505.3542709232202
0.0 452.0 436.0 1560.0 7910.591261726628
0.0 594.0 259.0 1782.0 6493.895481042485
0.0 884.0 185.0 671.0 3477.7442401662365
0.0 270.0 503.0 2088.0 9677.554555830478
0.0 809.0 235.0 781.0 4269.704896626718
0.0 192.0 554.0 2239.0 10511.674834239979
0.0 321.0 375.0 2619.0 9173.86897874379
0.0 720.0 293.0 938.0 5073.102981146496
0.0 321.0 375.0 2619.0 9173.86897874379
0.0 766.0 259.0 896.0 4614.983996255454
0.0 529.0 281.0 2069.0 7130.461886944838
0.0 151.0 564.0 2404.0 10932.085776063308
0.0 931.0 142.0 672.0 3021.961144252245
0.0 981.0 75.0 828.0 2606.8803642248463
0.0 884.0 185.0 671.0 3477.7442401662365
0.0 557.0 387.0 1253.0 6801.255185161242
0.0 503.0 307.0 1979.0 7400.002777145312
0.0 956.0 162.0 502.0 2812.7247066601544
0.0 325.0 496.0 1900.0 9200.04954886741
0.0 904.0 126.0 869.0 3365.5089825973464
0.0 235.0 423.0 2834.0 10051.632412698884
0.0 682.0 309.0 1027.0 5460.003951236446
0.0 325.0 496.0 1900.0 9200.04954886741
0.0 889.0 127.0 963.0 3501.4879332998867
0.0 992.0 71.0 788.0 2497.5057563577916
0.0 702.0 214.0 1490.0 5414.847397048236
0.0 235.0 423.0 2834.0 10051.632412698884
0.0 1060.0 59.0 487.0 1835.8316777029052
0.0 872.0 195.0 674.0 3605.4583157430407
0.0 959.0 158.0 505.0 2771.89691460767
0.0 722.0 285.0 957.0 5032.375119554317
0.0 1052.0 105.0 345.0 1774.6426454798907
0.0 636.0 348.0 1079.0 6013.315683332731
0.0 1060.0 59.0 487.0 1835.8316777029052
0.0 787.0 178.0 1229.0 4520.758581582945
0.0 437.0 332.0 2169.0 8041.51007118356
0.0 959.0 158.0 505.0 2771.89691460767
0.0 490.0 423.0 1436.0 7536.926892649614
0.0 826.0 225.0 736.0 4109.812342035226
0.0 1142.0 39.0 220.0 959.6827166459015
0.0 1172.0 26.0 159.0 687.430634613246
0.0 1038.0 115.0 359.0 1940.1931994000374
0.0 1038.0 115.0 359.0 1940.1931994000374
0.0 1224.0 8.0 39.0 169.1197410162463
0.0 1118.0 56.0 244.0 1256.7709947637286
0.0 87.0 566.0 2879.0 11586.263688479206
0.0 863.0 129.0 1147.0 3786.8128925857663
0.0 240.0 523.0 2144.0 9970.657675565959
0.0 973.0 155.0 475.0 2633.254771697362
0.0 826.0 225.0 736.0 4109.812342035226
0.0 510.0 416.0 1370.0 7342.82527574274
0.0 1142.0 39.0 220.0 959.6827166459015
0.0 1161.0 28.0 191.0 788.4154363416678
0.0 240.0 523.0 2144.0 9970.657675565959
0.0 524.0 281.0 2116.0 7176.25404678473
0.0 345.0 366.0 2498.0 8937.698102606775
0.0 1027.0 121.0 382.0 2073.3979811980566
0.0 1152.0 36.0 188.0 868.5428675127293
0.0 437.0 332.0 2169.0 8041.51007118356
0.0 443.0 337.0 2094.0 7975.979622791129
0.0 1152.0 36.0 188.0 868.5428675127293
0.0 1001.0 71.0 721.0 2396.3327612694407
0.0 1161.0 28.0 191.0 788.4154363416678
0.0 671.0 216.0 1691.0 5738.567104511193
0.0 1226.0 8.0 30.0 154.7212222187723
0.0 1226.0 8.0 30.0 154.7212222187723
0.0 584.0 261.0 1842.0 6572.485517348157
0.0 1217.0 10.0 62.0 235.21295532126615
1.0 783.0 246.0 832.0 4508.157774654318
0.0 845.0 134.0 1278.0 3950.3487528094433
0.0 863.0 204.0 674.0 3707.4892485039677
0.0 1202.0 15.0 105.0 396.15686610728125
0.0 435.0 332.0 2185.0 8060.535228417284
0.0 366.0 365.0 2325.0 8727.890989301202
0.0 1202.0 15.0 105.0 396.15686610728125
0.0 480.0 320.0 2010.0 7632.042901780417
0.0 359.0 365.0 2378.0 8804.075887355988
0.0 1026.0 121.0 385.0 2086.394696793265
0.0 1091.0 77.0 277.0 1505.3542709232202
0.0 756.0 179.0 1466.0 4834.267338522184
1.0 783.0 246.0 832.0 4508.157774654318
0.0 721.0 286.0 957.0 5041.298483947859
0.0 1108.0 61.0 270.0 1334.956945178328
0.0 1062.0 99.0 334.0 1668.9214589515173
0.0 592.0 259.0 1794.0 6518.60544235872
0.0 992.0 71.0 788.0 2497.5057563577916
0.0 464.0 432.0 1517.0 7794.293440414916
0.0 551.0 280.0 1890.0 6906.426075293705
0.0 1040.0 113.0 359.0 1912.0011596054019
0.0 845.0 134.0 1278.0 3950.3487528094433
0.0 1172.0 26.0 159.0 687.430634613246
0.0 952.0 163.0 513.0 2846.2524932940014
0.0 1183.0 28.0 111.0 563.9481786511813
0.0 687.0 218.0 1538.0 5565.4966616248375
0.0 1026.0 121.0 385.0 2086.394696793265
0.0 913.0 150.0 697.0 3223.3846663908957
0.0 365.0 365.0 2332.0 8736.1961504528
0.0 360.0 469.0 1864.0 8790.871512530583
0.0 554.0 391.0 1249.0 6841.140982773272
0.0 871.0 196.0 674.0 3614.087392761931
0.0 1060.0 59.0 487.0 1835.8316777029052
0.0 904.0 126.0 869.0 3365.5089825973464
0.0 1060.0 59.0 487.0 1835.8316777029052
0.0 490.0 423.0 1436.0 7536.926892649614
0.0 1101.0 63.0 294.0 1398.8985811536286
0.0 1182.0 28.0 114.0 574.0464558816741
0.0 1101.0 63.0 294.0 1398.8985811536286
