0.0 692.0 247.0 1271.0 5360.611932711962
1.0 1103.0 72.0 227.0 1348.5765068212706
0.0 925.0 165.0 568.0 3132.6211471766205
0.0 949.0 150.0 539.0 2837.0405123090145
0.0 811.0 150.0 1297.0 4305.1460668628415
0.0 705.0 237.0 1257.0 5250.563956127457
0.0 889.0 185.0 642.0 3428.653673474296
0.0 498.0 398.0 1445.0 7406.704602815231
1.0 625.0 221.0 1938.0 6213.765557121106
0.0 87.0 563.0 2900.0 11584.409955406778
0.0 447.0 347.0 1976.0 7909.226847238307
0.0 1024.0 70.0 621.0 2199.328822790805
0.0 87.0 563.0 2900.0 11584.409955406778
0.0 940.0 159.0 542.0 2938.5113336337467
0.0 1112.0 51.0 316.0 1289.0898733736115
0.0 447.0 347.0 1976.0 7909.226847238307
0.0 878.0 198.0 635.0 3559.654081779903
0.0 482.0 302.0 2228.0 7575.459395541065
0.0 769.0 265.0 826.0 4736.600107579132
1.0 1103.0 72.0 227.0 1348.5765068212706
0.0 389.0 357.0 2282.0 8477.278576416904
0.0 292.0 394.0 2674.0 9468.386361088642
0.0 87.0 563.0 2900.0 11584.409955406778
0.0 196.0 553.0 2216.0 10481.70318138712
0.0 1159.0 30.0 187.0 806.4198714971213
0.0 565.0 266.0 2002.0 6795.8446197756775
1.0 625.0 221.0 1938.0 6213.765557121106
0.0 945.0 95.0 951.0 2976.7675498285757
0.0 267.0 513.0 2045.0 9749.592879906748
0.0 976.0 124.0 531.0 2561.508037642629
0.0 657.0 209.0 1839.0 5920.314084515869
0.0 903.0 175.0 629.0 3268.5473608059615
0.0 995.0 76.0 743.0 2463.0273900519883
0.0 323.0 488.0 1881.0 9219.972518433131
0.0 671.0 317.0 1071.0 5601.214481381426
0.0 945.0 95.0 951.0 2976.7675498285757
0.0 657.0 209.0 1839.0 5920.314084515869
0.0 945.0 95.0 951.0 2976.7675498285757
0.0 1123.0 50.0 255.0 1184.4277546313415
0.0 945.0 95.0 951.0 2976.7675498285757
1.0 1103.0 72.0 227.0 1348.5765068212706
0.0 580.0 379.0 1201.0 6627.659773769774
0.0 770.0 265.0 822.0 4722.874142679957
0.0 1123.0 50.0 255.0 1184.4277546313415
0.0 693.0 246.0 1271.0 5351.18115255316
0.0 1242.0 0.0 9.0 14.398518797474008
0.0 1091.0 64.0 348.0 1461.6602111155655
0.0 447.0 347.0 1976.0 7909.226847238307
0.0 903.0 175.0 629.0 3268.5473608059615
0.0 606.0 305.0 1393.0 6276.073459514622
0.0 995.0 76.0 743.0 2463.0273900519883
0.0 580.0 379.0 1201.0 6627.659773769774
0.0 546.0 345.0 1478.0 6852.521689636332
0.0 1001.0 109.0 495.0 2341.3889407899387
1.0 625.0 221.0 1938.0 6213.765557121106
0.0 1222.0 10.0 31.0 192.08892343550963
0.0 347.0 378.0 2407.0 8881.338051213253
0.0 1199.0 17.0 99.0 410.2626613832732
0.0 89.0 561.0 2900.0 11555.582956218523
0.0 995.0 76.0 743.0 2463.0273900519883
0.0 1054.0 85.0 389.0 1837.3191859844449
0.0 811.0 150.0 1297.0 4305.1460668628415
0.0 671.0 317.0 1071.0 5601.214481381426
0.0 888.0 186.0 642.0 3440.8392220174037
0.0 245.0 419.0 2774.0 9944.42454152829
0.0 677.0 311.0 1071.0 5539.38612799093
0.0 796.0 247.0 790.0 4409.7325115291005
0.0 1053.0 84.0 398.0 1842.502699936779
0.0 361.0 467.0 1819.0 8824.507588997565
0.0 388.0 357.0 2290.0 8487.788168354271
0.0 1244.0 0.0 0.0 0.0
0.0 839.0 225.0 681.0 3984.5119130941807
0.0 529.0 285.0 2057.0 7089.651232798291
0.0 206.0 545.0 2204.0 10365.814745548258
0.0 412.0 334.0 2428.0 8263.95800869167
0.0 584.0 376.0 1198.0 6568.733057955191
0.0 1170.0 29.0 148.0 690.0800272241598
0.0 412.0 334.0 2428.0 8263.95800869167
0.0 1244.0 0.0 0.0 0.0
0.0 1244.0 0.0 0.0 0.0
0.0 259.0 519.0 2056.0 9835.534572960145
0.0 508.0 389.0 1442.0 7283.174133658034
0.0 204.0 547.0 2204.0 10391.377253118177
0.0 984.0 77.0 826.0 2584.6924999793496
0.0 499.0 397.0 1445.0 7393.431778257647
0.0 788.0 252.0 800.0 4509.120635474863
0.0 454.0 414.0 1589.0 7837.321911760691
0.0 323.0 488.0 1881.0 9219.972518433131
0.0 1244.0 0.0 0.0 0.0
0.0 499.0 397.0 1445.0 7393.431778257647
0.0 359.0 469.0 1819.0 8842.700326661774
0.0 564.0 266.0 2008.0 6801.198640420683
0.0 1244.0 0.0 0.0 0.0
0.0 1244.0 0.0 0.0 0.0
0.0 658.0 209.0 1829.0 5911.347228536966
0.0 820.0 236.0 713.0 4218.644852611101
0.0 1112.0 51.0 316.0 1289.0898733736115
0.0 850.0 212.0 691.0 3845.8830621011944
0.0 1222.0 10.0 31.0 192.08892343550963
0.0 1089.0 62.0 366.0 1497.8972701496732
0.0 325.0 486.0 1881.0 9191.32770873592
0.0 1208.0 13.0 76.0 323.24735717611594
0.0 1089.0 62.0 366.0 1497.8972701496732
0.0 984.0 77.0 826.0 2584.6924999793496
0.0 1054.0 85.0 389.0 1837.3191859844449
0.0 916.0 139.0 738.0 3158.0034810344905
0.0 316.0 386.0 2571.0 9242.397149906657
0.0 1089.0 62.0 366.0 1497.8972701496732
0.0 161.0 565.0 2340.0 10834.46161352846
0.0 857.0 135.0 1092.0 3865.7899674732985
0.0 583.0 377.0 1198.0 6583.630477357639
0.0 649.0 276.0 1336.0 5790.860133172774
0.0 148.0 568.0 2397.0 10961.803501181577
0.0 233.0 421.0 2865.0 10069.448819801237
0.0 325.0 486.0 1881.0 9191.32770873592
0.0 826.0 144.0 1230.0 4170.920623033891
0.0 270.0 510.0 2045.0 9706.281738304118
0.0 875.0 127.0 1063.0 3679.3660102883487
0.0 916.0 139.0 738.0 3158.0034810344905
0.0 762.0 175.0 1390.0 4846.054476007091
0.0 712.0 307.0 963.0 5247.782030230526
0.0 762.0 175.0 1390.0 4846.054476007091
0.0 705.0 237.0 1257.0 5250.563956127457
0.0 529.0 285.0 2057.0 7089.651232798291
0.0 649.0 276.0 1336.0 5790.860133172774
0.0 705.0 237.0 1257.0 5250.563956127457
0.0 483.0 302.0 2219.0 7566.399261910846
0.0 196.0 553.0 2216.0 10481.70318138712
0.0 1053.0 84.0 398.0 1842.502699936779
0.0 1030.0 70.0 590.0 2141.7242253611107
0.0 1244.0 0.0 0.0 0.0
0.0 1244.0 0.0 0.0 0.0
0.0 481.0 302.0 2238.0 7589.969304299858
0.0 425.0 432.0 1649.0 8179.9270850767925
0.0 1244.0 0.0 0.0 0.0
0.0 1244.0 0.0 0.0 0.0
0.0 705.0 237.0 1257.0 5250.563956127457
0.0 735.0 175.0 1605.0 5136.772361818689
0.0 1010.0 118.0 436.0 2231.718486482549
0.0 1159.0 30.0 187.0 806.4198714971213
0.0 561.0 339.0 1428.0 6707.133901655099
0.0 1244.0 0.0 0.0 0.0
0.0 245.0 419.0 2774.0 9944.42454152829
0.0 1030.0 70.0 590.0 2141.7242253611107
0.0 483.0 302.0 2219.0 7566.399261910846
0.0 653.0 331.0 1083.0 5811.92873313334
0.0 653.0 331.0 1083.0 5811.92873313334
0.0 1007.0 120.0 439.0 2267.7212149496436
0.0 629.0 350.0 1107.0 6098.585160236711
0.0 316.0 386.0 2571.0 9242.397149906657
0.0 230.0 424.0 2865.0 10082.60207043008
0.0 705.0 237.0 1257.0 5250.563956127457
0.0 752.0 174.0 1478.0 4949.51133088215
0.0 949.0 150.0 539.0 2837.0405123090145
0.0 839.0 225.0 681.0 3984.5119130941807
0.0 658.0 209.0 1829.0 5911.347228536966
0.0 911.0 143.0 742.0 3199.134671026254
0.0 1161.0 31.0 175.0 785.5418068284825
0.0 770.0 265.0 822.0 4722.874142679957
1.0 626.0 221.0 1929.0 6201.4410186550385
0.0 622.0 287.0 1406.0 6144.5122462458885
0.0 780.0 259.0 803.0 4612.732937352216
0.0 1139.0 44.0 214.0 1002.2603051895196
0.0 950.0 149.0 539.0 2824.888256594366
0.0 146.0 568.0 2410.0 10985.109204652577
0.0 878.0 198.0 635.0 3559.654081779903
0.0 850.0 212.0 691.0 3845.8830621011944
0.0 857.0 135.0 1092.0 3865.7899674732985
0.0 770.0 265.0 822.0 4722.874142679957
0.0 580.0 379.0 1201.0 6627.659773769774
0.0 256.0 519.0 2068.0 9872.828219631738
0.0 655.0 329.0 1083.0 5788.713400895056
0.0 296.0 394.0 2637.0 9432.795668903016
0.0 1223.0 10.0 28.0 181.99064620501673
0.0 1208.0 13.0 76.0 323.24735717611594
0.0 857.0 135.0 1092.0 3865.7899674732985
0.0 940.0 159.0 542.0 2938.5113336337467
0.0 1208.0 13.0 76.0 323.24735717611594
0.0 196.0 553.0 2216.0 10481.70318138712
0.0 1053.0 84.0 398.0 1842.502699936779
0.0 875.0 127.0 1063.0 3679.3660102883487
0.0 389.0 357.0 2282.0 8477.278576416904
0.0 424.0 432.0 1654.0 8191.447936545684
0.0 378.0 361.0 2339.0 8570.449667734516
0.0 875.0 127.0 1063.0 3679.3660102883487
0.0 1199.0 17.0 99.0 410.2626613832732
0.0 923.0 167.0 568.0 3156.7052578083753
0.0 839.0 225.0 681.0 3984.5119130941807
0.0 737.0 174.0 1598.0 5116.7017178704255
0.0 839.0 142.0 1148.0 4031.76705170245
0.0 629.0 350.0 1107.0 6098.585160236711
0.0 1051.0 86.0 398.0 1858.9772214676698
0.0 233.0 421.0 2865.0 10069.448819801237
0.0 1177.0 27.0 130.0 635.4175103981022
0.0 1024.0 70.0 621.0 2199.328822790805
0.0 525.0 285.0 2088.0 7134.672743992365
0.0 1220.0 10.0 40.0 206.48744223298362
0.0 805.0 161.0 1218.0 4394.350577306868
0.0 1176.0 27.0 133.0 643.5567093341771
0.0 806.0 161.0 1210.0 4388.860133667918
0.0 1149.0 35.0 210.0 896.8905844189937
0.0 878.0 198.0 635.0 3559.654081779903
0.0 568.0 266.0 1975.0 6748.44047781565
0.0 668.0 205.0 1810.0 5806.266490349319
0.0 1024.0 70.0 621.0 2199.328822790805
0.0 906.0 184.0 589.0 3281.2699752770623
0.0 630.0 349.0 1107.0 6083.6877408342625
0.0 977.0 123.0 531.0 2552.3993446224404
0.0 561.0 339.0 1428.0 6707.133901655099
0.0 232.0 422.0 2865.0 10069.769521419918
0.0 148.0 568.0 2397.0 10961.803501181577
0.0 444.0 347.0 1993.0 7939.33650807172
0.0 1091.0 64.0 348.0 1461.6602111155655
0.0 726.0 294.0 961.0 5062.156261601001
0.0 621.0 288.0 1406.0 6150.7889686285225
0.0 523.0 285.0 2106.0 7160.528466965681
0.0 970.0 132.0 523.0 2625.8707803220536
0.0 826.0 144.0 1230.0 4170.920623033891
0.0 629.0 350.0 1107.0 6098.585160236711
0.0 842.0 222.0 681.0 3952.8600801114535
0.0 713.0 306.0 963.0 5234.217958860553
0.0 726.0 294.0 961.0 5062.156261601001
0.0 751.0 174.0 1484.0 4963.556773919753
1.0 1071.0 92.0 272.0 1701.612563725047
0.0 153.0 567.0 2371.0 10925.961687361783
0.0 970.0 132.0 523.0 2625.8707803220536
0.0 770.0 265.0 822.0 4722.874142679957
0.0 762.0 175.0 1390.0 4846.054476007091
0.0 292.0 394.0 2674.0 9468.386361088642
0.0 737.0 174.0 1598.0 5116.7017178704255
0.0 1149.0 35.0 210.0 896.8905844189937
0.0 962.0 139.0 526.0 2716.1288459268853
0.0 453.0 415.0 1589.0 7849.539830884228
0.0 820.0 236.0 713.0 4218.644852611101
0.0 1223.0 10.0 28.0 181.99064620501673
0.0 1156.0 33.0 187.0 830.7973701139738
0.0 886.0 126.0 1003.0 3573.3576317926268
0.0 591.0 365.0 1210.0 6468.966255610047
0.0 995.0 76.0 743.0 2463.0273900519883
0.0 437.0 429.0 1600.0 8062.041144131715
0.0 1244.0 0.0 0.0 0.0
0.0 751.0 174.0 1484.0 4963.556773919753
0.0 1244.0 0.0 0.0 0.0
0.0 1244.0 0.0 0.0 0.0
0.0 437.0 429.0 1600.0 8062.041144131715
0.0 1244.0 0.0 0.0 0.0
1.0 1070.0 93.0 272.0 1712.7245569834777
0.0 1112.0 51.0 316.0 1289.0898733736115
0.0 438.0 429.0 1596.0 8051.342381725054
0.0 887.0 126.0 997.0 3561.028872807488
0.0 1244.0 0.0 0.0 0.0
0.0 737.0 174.0 1598.0 5116.7017178704255
0.0 1242.0 0.0 9.0 14.398518797474008
0.0 1201.0 15.0 99.0 389.3405714811358
0.0 963.0 138.0 526.0 2703.39343645407
0.0 837.0 142.0 1162.0 4056.753544101861
0.0 1010.0 118.0 436.0 2231.718486482549
0.0 87.0 563.0 2900.0 11584.409955406778
0.0 1025.0 106.0 424.0 2076.0452018031297
0.0 888.0 126.0 992.0 3550.730742224216
1.0 1067.0 97.0 269.0 1754.8294316623371
0.0 354.0 462.0 1865.0 8855.606233929722
0.0 1143.0 40.0 214.0 961.2607691378067
0.0 1026.0 105.0 424.0 2067.1251795510266
0.0 991.0 76.0 774.0 2510.1412346106135
0.0 1201.0 15.0 99.0 389.3405714811358
0.0 507.0 390.0 1442.0 7296.085255277221
1.0 1067.0 97.0 269.0 1754.8294316623371
0.0 1130.0 48.0 232.0 1118.334540326322
0.0 796.0 247.0 790.0 4409.7325115291005
0.0 1139.0 44.0 214.0 1002.2603051895196
0.0 541.0 359.0 1430.0 6901.241109822893
0.0 925.0 165.0 568.0 3132.6211471766205
0.0 701.0 197.0 1647.0 5458.140221249052
0.0 487.0 403.0 1472.0 7539.068003906889
0.0 701.0 197.0 1647.0 5458.140221249052
0.0 820.0 236.0 713.0 4218.644852611101
1.0 1071.0 92.0 272.0 1701.612563725047
0.0 1032.0 100.0 421.0 2015.395924017525
0.0 862.0 206.0 671.0 3707.0598559247073
0.0 880.0 195.0 639.0 3530.1670303585474
0.0 987.0 77.0 799.0 2544.8336671907045
0.0 1174.0 27.0 139.0 663.2165048595389
0.0 838.0 142.0 1155.0 4042.4435752393683
0.0 1171.0 28.0 148.0 683.1804106828243
0.0 487.0 403.0 1472.0 7539.068003906889
0.0 1219.0 11.0 40.0 213.38705877431914
0.0 356.0 471.0 1822.0 8881.925879429815
0.0 1030.0 70.0 590.0 2141.7242253611107
0.0 780.0 259.0 803.0 4612.732937352216
0.0 999.0 111.0 495.0 2356.5216036147413
0.0 1170.0 29.0 148.0 690.0800272241598
0.0 1148.0 34.0 221.0 907.2695370373493
0.0 1174.0 27.0 139.0 663.2165048595389
0.0 665.0 213.0 1734.0 5843.858047235008
0.0 1244.0 0.0 0.0 0.0
0.0 811.0 150.0 1297.0 4305.1460668628415
0.0 1123.0 50.0 255.0 1184.4277546313415
0.0 1244.0 0.0 0.0 0.0
