0.0 345.0 369.0 2532.0 8942.80956182042
0.0 490.0 401.0 1502.0 7480.999362852189
0.0 396.0 462.0 1641.0 8454.709172902732
0.0 773.0 255.0 853.0 4754.11984675621
0.0 1166.0 36.0 146.0 711.018014915272
0.0 834.0 220.0 733.0 4085.239819076336
0.0 674.0 323.0 1032.0 5688.2873411126975
0.0 189.0 554.0 2246.0 10523.529867512154
0.0 1075.0 49.0 502.0 1652.1262083616825
0.0 189.0 554.0 2246.0 10523.529867512154
0.0 519.0 307.0 1851.0 7209.443042923638
0.0 777.0 170.0 1348.0 4617.175873203193
0.0 849.0 206.0 730.0 3896.3135405496196
1.0 998.0 109.0 525.0 2334.3481439517327
0.0 944.0 145.0 591.0 2905.721716700066
0.0 1180.0 24.0 136.0 593.2725845867761
0.0 519.0 307.0 1851.0 7209.443042923638
0.0 1090.0 48.0 435.0 1515.1162738181215
0.0 689.0 219.0 1477.0 5476.0710380506525
0.0 593.0 244.0 1937.0 6502.278443054274
1.0 1219.0 10.0 42.0 211.79175088232486
0.0 264.0 409.0 2741.0 9741.72321266091
0.0 396.0 462.0 1641.0 8454.709172902732
0.0 970.0 85.0 869.0 2682.5189649660915
0.0 520.0 307.0 1847.0 7196.733648018769
0.0 189.0 554.0 2246.0 10523.529867512154
0.0 1069.0 100.0 276.0 1777.7282918082637
0.0 970.0 85.0 869.0 2682.5189649660915
0.0 1126.0 67.0 177.0 1170.0793701529326
0.0 332.0 487.0 1843.0 9070.459082969071
0.0 189.0 554.0 2246.0 10523.529867512154
0.0 993.0 72.0 857.0 2425.282835545828
0.0 1067.0 58.0 471.0 1714.3212173867528
0.0 641.0 341.0 1104.0 5920.751527226724
0.0 782.0 245.0 856.0 4633.592257028558
0.0 294.0 508.0 1929.0 9506.690455547912
0.0 777.0 170.0 1348.0 4617.175873203193
0.0 843.0 140.0 1213.0 3961.261938115532
0.0 891.0 129.0 971.0 3451.810002531367
0.0 569.0 253.0 2028.0 6749.038778147749
0.0 952.0 160.0 516.0 2866.149419627601
0.0 641.0 341.0 1104.0 5920.751527226724
0.0 521.0 307.0 1840.0 7190.365791111796
0.0 424.0 444.0 1594.0 8155.446817581492
0.0 248.0 417.0 2803.0 9894.78236864612
0.0 1089.0 48.0 437.0 1522.7201418082152
0.0 594.0 371.0 1170.0 6444.433273278029
0.0 452.0 326.0 2107.0 7847.4835896602735
0.0 395.0 462.0 1646.0 8461.55849815361
0.0 903.0 191.0 588.0 3398.354966763987
0.0 662.0 226.0 1601.0 5775.905321717502
0.0 692.0 307.0 1016.0 5502.00952748792
0.0 1244.0 0.0 0.0 0.0
0.0 920.0 152.0 663.0 3129.109180310375
0.0 695.0 304.0 1016.0 5462.829692988379
0.0 1244.0 0.0 0.0 0.0
0.0 920.0 152.0 663.0 3129.109180310375
0.0 736.0 279.0 952.0 5013.28048332088
0.0 736.0 279.0 952.0 5013.28048332088
0.0 805.0 241.0 784.0 4413.4328315233415
0.0 1244.0 0.0 0.0 0.0
0.0 606.0 250.0 1752.0 6377.215500457761
0.0 583.0 265.0 1786.0 6594.194135214774
0.0 1244.0 0.0 0.0 0.0
0.0 1244.0 0.0 0.0 0.0
0.0 652.0 332.0 1097.0 5777.487015585724
0.0 1082.0 94.0 244.0 1641.1765428698252
0.0 1244.0 0.0 0.0 0.0
0.0 620.0 247.0 1681.0 6229.634960392849
0.0 354.0 369.0 2455.0 8832.589538246826
0.0 1222.0 10.0 31.0 192.08892343550963
0.0 997.0 109.0 532.0 2347.2913953298334
0.0 808.0 169.0 1128.0 4301.907954259239
0.0 353.0 369.0 2465.0 8837.990429608124
0.0 1202.0 14.0 103.0 383.3574138106786
0.0 702.0 213.0 1448.0 5351.030837384883
0.0 981.0 136.0 497.0 2537.995333687411
0.0 726.0 204.0 1383.0 5147.677497228789
0.0 1178.0 23.0 149.0 615.8316812576136
0.0 849.0 206.0 730.0 3896.3135405496196
0.0 270.0 410.0 2685.0 9660.90252193767
0.0 726.0 204.0 1383.0 5147.677497228789
0.0 777.0 170.0 1348.0 4617.175873203193
0.0 1178.0 23.0 149.0 615.8316812576136
0.0 981.0 136.0 497.0 2537.995333687411
0.0 1061.0 106.0 289.0 1873.2010189671037
0.0 1021.0 64.0 693.0 2157.5580597801836
0.0 702.0 213.0 1448.0 5351.030837384883
0.0 1242.0 0.0 9.0 14.398518797474008
0.0 1210.0 20.0 41.0 286.82219562207666
0.0 1151.0 27.0 255.0 884.8260587565402
0.0 452.0 326.0 2107.0 7847.4835896602735
0.0 878.0 129.0 1079.0 3586.4115858622213
0.0 723.0 203.0 1413.0 5171.676143528256
0.0 1166.0 36.0 146.0 711.018014915272
0.0 1151.0 27.0 255.0 884.8260587565402
0.0 897.0 165.0 685.0 3432.486598450608
0.0 982.0 135.0 497.0 2530.73581700166
0.0 777.0 170.0 1348.0 4617.175873203193
0.0 861.0 181.0 775.0 3774.469581063324
0.0 340.0 371.0 2550.0 8995.964907109734
0.0 777.0 170.0 1348.0 4617.175873203193
0.0 979.0 115.0 581.0 2541.606506475114
0.0 253.0 412.0 2803.0 9851.563495736005
0.0 476.0 411.0 1518.0 7640.102196840194
0.0 1126.0 67.0 177.0 1170.0793701529326
0.0 1152.0 27.0 248.0 879.0643780171707
0.0 610.0 355.0 1173.0 6247.962969026595
0.0 428.0 332.0 2226.0 8118.683451154416
0.0 702.0 213.0 1448.0 5351.030837384883
0.0 643.0 340.0 1100.0 5901.146325747897
0.0 655.0 227.0 1647.0 5850.281658304221
0.0 1088.0 48.0 442.0 1528.577865610605
0.0 974.0 85.0 837.0 2642.436604805739
0.0 944.0 145.0 591.0 2905.721716700066
0.0 1088.0 48.0 442.0 1528.577865610605
0.0 589.0 374.0 1178.0 6494.763836038585
0.0 903.0 191.0 588.0 3398.354966763987
0.0 1116.0 71.0 206.0 1264.145975939311
0.0 956.0 157.0 511.0 2820.212855324474
0.0 1088.0 48.0 442.0 1528.577865610605
0.0 1116.0 71.0 206.0 1264.145975939311
0.0 1088.0 48.0 442.0 1528.577865610605
0.0 487.0 404.0 1502.0 7518.420773341862
0.0 565.0 382.0 1242.0 6757.210555800788
0.0 1067.0 58.0 471.0 1714.3212173867528
0.0 782.0 245.0 856.0 4633.592257028558
0.0 667.0 313.0 1112.0 5594.168635124598
0.0 871.0 179.0 738.0 3682.7138999340928
0.0 653.0 227.0 1662.0 5874.95108587698
0.0 895.0 197.0 594.0 3500.6264251558564
0.0 135.0 566.0 2489.0 11112.894531194537
0.0 1029.0 63.0 634.0 2080.495613765919
0.0 839.0 216.0 730.0 4014.6807944696434
0.0 87.0 562.0 2911.0 11573.397870738467
0.0 87.0 562.0 2911.0 11573.397870738467
0.0 1002.0 96.0 566.0 2315.464935691271
0.0 891.0 129.0 971.0 3451.810002531367
0.0 574.0 377.0 1224.0 6646.408161646017
0.0 324.0 491.0 1856.0 9165.481982814801
0.0 87.0 562.0 2911.0 11573.397870738467
0.0 87.0 562.0 2911.0 11573.397870738467
0.0 324.0 491.0 1856.0 9165.481982814801
0.0 693.0 307.0 1013.0 5488.3571312883605
0.0 891.0 129.0 971.0 3451.810002531367
0.0 957.0 157.0 509.0 2806.1620877457904
0.0 1029.0 63.0 634.0 2080.495613765919
0.0 591.0 244.0 1952.0 6531.469474568756
0.0 452.0 326.0 2107.0 7847.4835896602735
0.0 293.0 508.0 1934.0 9512.096208804425
0.0 935.0 99.0 1006.0 3049.013423194356
0.0 871.0 179.0 738.0 3682.7138999340928
0.0 231.0 526.0 2158.0 10127.747241860094
0.0 1150.0 27.0 263.0 897.7191127972336
0.0 1244.0 0.0 0.0 0.0
0.0 927.0 147.0 654.0 3060.9131468729584
0.0 722.0 292.0 965.0 5158.217599655471
0.0 1244.0 0.0 0.0 0.0
0.0 393.0 346.0 2368.0 8469.709826017903
0.0 843.0 140.0 1213.0 3961.261938115532
0.0 725.0 289.0 965.0 5115.641963178854
0.0 293.0 508.0 1934.0 9512.096208804425
0.0 1082.0 94.0 244.0 1641.1765428698252
0.0 574.0 377.0 1224.0 6646.408161646017
0.0 908.0 169.0 643.0 3263.8110355372764
0.0 689.0 219.0 1477.0 5476.0710380506525
0.0 776.0 253.0 850.0 4711.988472175784
0.0 1139.0 56.0 171.0 1007.106228265925
0.0 859.0 182.0 780.0 3794.6233842601523
0.0 1180.0 24.0 136.0 593.2725845867761
0.0 340.0 371.0 2550.0 8995.964907109734
0.0 395.0 346.0 2352.0 8446.596489528984
0.0 434.0 334.0 2156.0 8023.570604010853
0.0 88.0 561.0 2911.0 11559.321439420497
0.0 1132.0 62.0 174.0 1086.2454430378934
0.0 393.0 346.0 2368.0 8469.709826017903
0.0 828.0 144.0 1287.0 4129.342653586646
0.0 495.0 317.0 1903.0 7408.627518978234
0.0 1052.0 60.0 535.0 1848.5115603003278
0.0 1158.0 28.0 219.0 805.3629501160136
0.0 1126.0 67.0 177.0 1170.0793701529326
0.0 935.0 99.0 1006.0 3049.013423194356
0.0 1202.0 14.0 103.0 383.3574138106786
0.0 446.0 426.0 1581.0 7870.897503151484
0.0 1036.0 61.0 611.0 2014.4023994608995
0.0 495.0 317.0 1903.0 7408.627518978234
0.0 495.0 317.0 1903.0 7408.627518978234
0.0 1202.0 14.0 103.0 383.3574138106786
0.0 667.0 313.0 1112.0 5594.168635124598
0.0 960.0 88.0 924.0 2776.6736209108612
0.0 804.0 242.0 784.0 4427.540860663853
0.0 997.0 109.0 532.0 2347.2913953298334
0.0 1210.0 20.0 41.0 286.82219562207666
0.0 331.0 488.0 1843.0 9080.335105772272
0.0 610.0 355.0 1173.0 6247.962969026595
0.0 927.0 147.0 654.0 3060.9131468729584
0.0 1211.0 19.0 41.0 276.5482217506174
0.0 1037.0 61.0 604.0 2009.1441046369912
0.0 1167.0 35.0 146.0 698.2826054424567
0.0 808.0 169.0 1128.0 4301.907954259239
0.0 270.0 410.0 2685.0 9660.90252193767
0.0 994.0 72.0 847.0 2414.764981728699
0.0 1051.0 60.0 539.0 1862.2375251995027
0.0 861.0 181.0 775.0 3774.469581063324
0.0 1061.0 106.0 289.0 1873.2010189671037
0.0 585.0 263.0 1786.0 6579.287078584103
0.0 957.0 157.0 509.0 2806.1620877457904
0.0 605.0 250.0 1759.0 6388.192444943622
0.0 794.0 247.0 807.0 4530.580049440834
0.0 1180.0 24.0 136.0 593.2725845867761
0.0 766.0 259.0 867.0 4833.770090273357
0.0 449.0 326.0 2126.0 7885.288658729841
0.0 144.0 566.0 2430.0 11023.542137096598
0.0 840.0 215.0 730.0 4002.9671091883747
0.0 396.0 462.0 1641.0 8454.709172902732
0.0 424.0 444.0 1594.0 8155.446817581492
0.0 565.0 382.0 1242.0 6757.210555800788
0.0 843.0 140.0 1213.0 3961.261938115532
0.0 144.0 566.0 2430.0 11023.542137096598
0.0 1244.0 0.0 0.0 0.0
0.0 1244.0 0.0 0.0 0.0
0.0 808.0 169.0 1128.0 4301.907954259239
0.0 1244.0 0.0 0.0 0.0
0.0 1244.0 0.0 0.0 0.0
0.0 1244.0 0.0 0.0 0.0
0.0 1244.0 0.0 0.0 0.0
0.0 665.0 226.0 1579.0 5745.595839041953
0.0 798.0 170.0 1197.0 4379.645966634161
0.0 620.0 248.0 1674.0 6221.191713408892
0.0 855.0 140.0 1112.0 3839.4421241628506
0.0 446.0 426.0 1581.0 7870.897503151484
0.0 601.0 361.0 1183.0 6344.9166709641395
0.0 1244.0 0.0 0.0 0.0
0.0 1244.0 0.0 0.0 0.0
0.0 253.0 412.0 2803.0 9851.563495736005
0.0 1061.0 106.0 289.0 1873.2010189671037
0.0 1034.0 64.0 596.0 2028.909532707745
0.0 1244.0 0.0 0.0 0.0
0.0 981.0 136.0 497.0 2537.995333687411
0.0 1244.0 0.0 0.0 0.0
0.0 1029.0 63.0 634.0 2080.495613765919
0.0 879.0 129.0 1072.0 3572.204934246581
0.0 1242.0 0.0 9.0 14.398518797474008
0.0 1150.0 27.0 263.0 897.7191127972336
0.0 896.0 197.0 591.0 3490.0803280743025
0.0 959.0 88.0 934.0 2787.19147472799
0.0 900.0 127.0 933.0 3376.7255213432677
0.0 253.0 412.0 2803.0 9851.563495736005
0.0 675.0 222.0 1555.0 5623.632757730488
0.0 754.0 264.0 904.0 4944.440504384053
0.0 754.0 264.0 904.0 4944.440504384053
0.0 687.0 219.0 1490.0 5503.88330079646
0.0 695.0 304.0 1016.0 5462.829692988379
0.0 569.0 253.0 2028.0 6749.038778147749
0.0 569.0 253.0 2028.0 6749.038778147749
0.0 566.0 382.0 1238.0 6743.484590901613
0.0 476.0 411.0 1518.0 7640.102196840194
0.0 264.0 409.0 2741.0 9741.72321266091
0.0 447.0 425.0 1581.0 7858.871589099558
0.0 994.0 72.0 847.0 2414.764981728699
0.0 195.0 545.0 2259.0 10443.63577523414
0.0 424.0 444.0 1594.0 8155.446817581492
0.0 232.0 526.0 2154.0 10114.021276960919
0.0 834.0 220.0 733.0 4085.239819076336
0.0 1021.0 64.0 693.0 2157.5580597801836
0.0 1223.0 10.0 28.0 181.99064620501673
0.0 490.0 401.0 1502.0 7480.999362852189
0.0 653.0 331.0 1097.0 5765.027515029181
0.0 620.0 248.0 1674.0 6221.191713408892
0.0 403.0 458.0 1632.0 8360.040646505417
0.0 900.0 127.0 933.0 3376.7255213432677
0.0 1075.0 49.0 502.0 1652.1262083616825
0.0 808.0 169.0 1128.0 4301.907954259239
0.0 144.0 566.0 2430.0 11023.542137096598
0.0 1021.0 64.0 693.0 2157.5580597801836
0.0 952.0 160.0 516.0 2866.149419627601
0.0 1222.0 10.0 31.0 192.08892343550963
0.0 1220.0 10.0 40.0 206.48744223298362
0.0 935.0 99.0 1006.0 3049.013423194356
0.0 1118.0 71.0 197.0 1249.747457141837
0.0 834.0 220.0 733.0 4085.239819076336
0.0 1012.0 93.0 534.0 2226.053180336675
0.0 237.0 524.0 2142.0 10046.2105152969
0.0 1151.0 27.0 255.0 884.8260587565402
0.0 829.0 144.0 1278.0 4115.228963522902
0.0 1134.0 60.0 174.0 1062.0674968752066
0.0 1078.0 98.0 244.0 1697.2365587057702
0.0 1078.0 98.0 244.0 1697.2365587057702
0.0 1012.0 93.0 534.0 2226.053180336675
0.0 594.0 371.0 1170.0 6444.433273278029
0.0 1082.0 94.0 244.0 1641.1765428698252
0.0 1169.0 33.0 146.0 678.6890863759958
0.0 766.0 259.0 867.0 4833.770090273357
0.0 430.0 332.0 2208.0 8092.386654014138
0.0 565.0 382.0 1242.0 6757.210555800788
0.0 723.0 203.0 1413.0 5171.676143528256
0.0 1140.0 55.0 171.0 996.621402219653
0.0 1223.0 10.0 28.0 181.99064620501673
0.0 593.0 244.0 1937.0 6502.278443054274
0.0 1061.0 106.0 289.0 1873.2010189671037
