0.0 1230.0 5.0 28.0 118.05527443900286
0.0 1128.0 55.0 224.0 1094.145563473798
0.0 1230.0 5.0 28.0 118.05527443900286
0.0 503.0 294.0 2078.0 7311.12581588571
0.0 1096.0 59.0 353.0 1412.8654286425872
0.0 1079.0 94.0 264.0 1627.3060396641586
0.0 1221.0 7.0 55.0 213.51705404332566
0.0 794.0 247.0 822.0 4357.997289456609
0.0 863.0 211.0 700.0 3685.4495591890445
0.0 374.0 470.0 1763.0 8668.687731239472
0.0 938.0 112.0 836.0 2983.9111472292943
1.0 1045.0 81.0 451.0 1912.8510311241475
0.0 497.0 405.0 1461.0 7378.974206688034
0.0 536.0 293.0 1857.0 6985.091314135964
0.0 954.0 167.0 471.0 2907.040478880661
0.0 689.0 202.0 1640.0 5519.220104373809
0.0 1025.0 113.0 401.0 2114.805510117295
1.0 625.0 348.0 1097.0 6117.667967630941
1.0 578.0 245.0 2002.0 6624.843269472088
1.0 667.0 327.0 999.0 5695.253115739603
0.0 949.0 122.0 708.0 2866.4580686205863
0.0 691.0 253.0 1257.0 5404.6125099522915
0.0 971.0 153.0 457.0 2702.387640344804
0.0 813.0 238.0 786.0 4181.046942158833
2.0 989.0 100.0 638.0 2469.762851425942
1.0 623.0 348.0 1108.0 6140.462153441053
0.0 221.0 430.0 2888.0 10175.864676408275
0.0 974.0 149.0 461.0 2661.517600648606
0.0 1056.0 106.0 319.0 1834.9670383975083
0.0 1170.0 33.0 143.0 703.5854906658349
0.0 891.0 136.0 892.0 3433.9539157106874
0.0 377.0 354.0 2409.0 8589.437354078547
0.0 1232.0 5.0 19.0 103.65675564152885
0.0 644.0 278.0 1349.0 5861.589285444538
0.0 269.0 402.0 2765.0 9700.470760416472
0.0 765.0 240.0 963.0 4582.849380632344
0.0 269.0 402.0 2765.0 9700.470760416472
0.0 840.0 143.0 1189.0 3920.7777385951704
0.0 445.0 437.0 1541.0 7962.069303285153
0.0 1128.0 55.0 224.0 1094.145563473798
0.0 682.0 201.0 1705.0 5592.053668607233
0.0 491.0 298.0 2159.0 7443.988208865686
0.0 887.0 136.0 913.0 3473.819162977209
0.0 171.0 564.0 2301.0 10732.60683515207
1.0 990.0 99.0 638.0 2458.650858167511
0.0 891.0 136.0 892.0 3433.9539157106874
0.0 481.0 415.0 1482.0 7586.239327609767
0.0 429.0 345.0 2105.0 8065.801637901718
0.0 167.0 565.0 2314.0 10774.800455845498
0.0 806.0 156.0 1301.0 4405.305360613756
0.0 167.0 565.0 2314.0 10774.800455845498
0.0 1244.0 0.0 0.0 0.0
0.0 806.0 156.0 1301.0 4405.305360613756
0.0 1244.0 0.0 0.0 0.0
0.0 1244.0 0.0 0.0 0.0
0.0 1244.0 0.0 0.0 0.0
0.0 1244.0 0.0 0.0 0.0
0.0 1232.0 5.0 19.0 103.65675564152885
0.0 1244.0 0.0 0.0 0.0
0.0 145.0 567.0 2421.0 10997.741399506262
0.0 1244.0 0.0 0.0 0.0
0.0 856.0 143.0 1075.0 3768.5005585235267
0.0 1244.0 0.0 0.0 0.0
0.0 449.0 433.0 1541.0 7910.260126669023
0.0 866.0 209.0 696.0 3653.1442282935523
0.0 961.0 161.0 467.0 2810.4372371471995
0.0 221.0 430.0 2888.0 10175.864676408275
0.0 870.0 142.0 977.0 3618.1533422793286
0.0 430.0 345.0 2099.0 8058.259640987892
0.0 840.0 143.0 1189.0 3920.7777385951704
0.0 499.0 403.0 1461.0 7355.731969391144
0.0 793.0 215.0 959.0 4325.99451634941
0.0 221.0 430.0 2888.0 10175.864676408275
0.0 312.0 493.0 1951.0 9284.59496522749
0.0 731.0 188.0 1492.0 5114.792445742411
0.0 594.0 315.0 1397.0 6365.868737266903
0.0 1232.0 5.0 19.0 103.65675564152885
1.0 622.0 348.0 1111.0 6154.1145496406125
0.0 284.0 508.0 2009.0 9586.198114091818
0.0 272.0 402.0 2740.0 9671.507950107849
0.0 1244.0 0.0 0.0 0.0
0.0 1244.0 0.0 0.0 0.0
0.0 594.0 315.0 1397.0 6365.868737266903
0.0 814.0 237.0 786.0 4170.018978352369
0.0 1210.0 10.0 93.0 318.0612550546541
0.0 730.0 188.0 1500.0 5121.9632343188305
0.0 764.0 172.0 1429.0 4796.71009026945
0.0 1084.0 64.0 392.0 1522.163084557831
0.0 703.0 306.0 957.0 5295.239868677523
1.0 579.0 245.0 1993.0 6610.729579408343
0.0 961.0 161.0 467.0 2810.4372371471995
0.0 707.0 303.0 954.0 5245.64465937643
0.0 1143.0 48.0 191.0 932.4032117052274
0.0 1133.0 52.0 219.0 1028.227484999086
0.0 1011.0 127.0 404.0 2276.6141070768463
0.0 319.0 384.0 2548.0 9204.383361877895
0.0 1183.0 20.0 170.0 591.1880342788744
0.0 744.0 283.0 876.0 4882.878380096242
0.0 532.0 291.0 1897.0 7026.573620192788
1.0 625.0 348.0 1097.0 6117.667967630941
0.0 744.0 283.0 876.0 4882.878380096242
0.0 744.0 283.0 876.0 4882.878380096242
0.0 445.0 437.0 1541.0 7962.069303285153
0.0 374.0 470.0 1763.0 8668.687731239472
0.0 643.0 218.0 1822.0 5981.769816960602
0.0 906.0 180.0 652.0 3237.2645942005447
0.0 1032.0 87.0 493.0 2052.9967028014657
0.0 553.0 374.0 1332.0 6814.770748817298
0.0 1032.0 87.0 493.0 2052.9967028014657
0.0 562.0 367.0 1325.0 6711.094977454472
0.0 450.0 432.0 1541.0 7898.291095246509
0.0 1107.0 78.0 208.0 1346.0606313629764
0.0 546.0 378.0 1345.0 6893.645974779402
0.0 751.0 278.0 871.0 4793.7867652412715
0.0 1209.0 11.0 93.0 328.7093710853323
0.0 866.0 209.0 696.0 3653.1442282935523
0.0 949.0 122.0 708.0 2866.4580686205863
0.0 546.0 378.0 1345.0 6893.645974779402
0.0 832.0 227.0 756.0 3984.878428760855
0.0 425.0 451.0 1587.0 8160.36094887967
0.0 643.0 279.0 1349.0 5874.285211278389
0.0 691.0 253.0 1257.0 5404.6125099522915
0.0 954.0 167.0 471.0 2907.040478880661
0.0 1090.0 61.0 370.0 1463.9678310921338
0.0 600.0 307.0 1410.0 6319.287129126145
0.0 781.0 166.0 1361.0 4628.628461025889
0.0 829.0 230.0 756.0 4017.963557700858
1.0 991.0 99.0 629.0 2452.1969911502883
0.0 646.0 219.0 1788.0 5939.376189699296
0.0 954.0 167.0 471.0 2907.040478880661
0.0 133.0 567.0 2505.0 11108.360838127588
0.0 1114.0 73.0 200.0 1275.8862209519189
0.0 1183.0 20.0 170.0 591.1880342788744
0.0 646.0 219.0 1788.0 5939.376189699296
1.0 991.0 99.0 629.0 2452.1969911502883
1.0 578.0 245.0 2002.0 6624.843269472088
0.0 600.0 307.0 1410.0 6319.287129126145
1.0 578.0 245.0 2002.0 6624.843269472088
0.0 1113.0 74.0 200.0 1285.0567279328334
0.0 782.0 166.0 1354.0 4617.9519374889705
0.0 943.0 111.0 811.0 2940.6548844659137
1.0 990.0 99.0 638.0 2458.650858167511
0.0 145.0 567.0 2421.0 10997.741399506262
0.0 201.0 543.0 2258.0 10353.105712848812
0.0 1170.0 33.0 143.0 703.5854906658349
0.0 1095.0 59.0 360.0 1418.1237234664954
0.0 1209.0 11.0 93.0 328.7093710853323
0.0 1018.0 119.0 407.0 2184.4481087412178
0.0 429.0 345.0 2105.0 8065.801637901718
0.0 1018.0 119.0 407.0 2184.4481087412178
0.0 203.0 541.0 2258.0 10332.783271451935
0.0 1221.0 7.0 55.0 213.51705404332566
0.0 1221.0 7.0 55.0 213.51705404332566
0.0 481.0 415.0 1482.0 7586.239327609767
0.0 826.0 231.0 764.0 4043.7110503028234
0.0 865.0 210.0 696.0 3664.7314903872516
0.0 640.0 218.0 1843.0 6041.232356829786
0.0 797.0 244.0 822.0 4318.457433834394
0.0 731.0 188.0 1492.0 5114.792445742411
0.0 483.0 414.0 1478.0 7562.353041641297
0.0 552.0 375.0 1332.0 6828.855075447806
0.0 503.0 294.0 2078.0 7311.12581588571
0.0 866.0 209.0 696.0 3653.1442282935523
1.0 581.0 245.0 1977.0 6584.180856701038
0.0 721.0 267.0 1033.0 5046.632404495717
0.0 906.0 180.0 652.0 3237.2645942005447
0.0 793.0 215.0 959.0 4325.99451634941
0.0 640.0 218.0 1843.0 6041.232356829786
0.0 782.0 166.0 1354.0 4617.9519374889705
0.0 1183.0 20.0 170.0 591.1880342788744
1.0 668.0 327.0 995.0 5684.554353332943
0.0 906.0 180.0 652.0 3237.2645942005447
0.0 868.0 142.0 990.0 3638.9366123055866
0.0 751.0 278.0 871.0 4793.7867652412715
0.0 943.0 111.0 811.0 2940.6548844659137
0.0 920.0 115.0 930.0 3152.1704132742325
0.0 445.0 437.0 1541.0 7962.069303285153
0.0 1135.0 50.0 221.0 1005.4193841085269
0.0 313.0 385.0 2594.0 9250.742291692311
0.0 319.0 384.0 2548.0 9204.383361877895
1.0 622.0 348.0 1111.0 6154.1145496406125
0.0 703.0 306.0 957.0 5295.239868677523
0.0 553.0 374.0 1332.0 6814.770748817298
0.0 721.0 267.0 1033.0 5046.632404495717
1.0 1045.0 81.0 451.0 1912.8510311241475
0.0 705.0 196.0 1589.0 5358.628707759437
0.0 1183.0 20.0 170.0 591.1880342788744
0.0 720.0 268.0 1033.0 5055.555768889258
0.0 505.0 294.0 2061.0 7293.314990482372
0.0 678.0 201.0 1740.0 5630.767499860461
0.0 247.0 413.0 2843.0 9937.743640502888
0.0 1005.0 131.0 413.0 2340.4964155403486
0.0 938.0 112.0 836.0 2983.9111472292943
0.0 87.0 562.0 2904.0 11587.201511964224
0.0 271.0 402.0 2748.0 9678.678738684268
0.0 921.0 115.0 923.0 3137.860444411741
0.0 379.0 350.0 2456.0 8578.20818176416
1.0 667.0 327.0 999.0 5695.253115739603
0.0 842.0 143.0 1174.0 3904.644828771602
0.0 87.0 562.0 2904.0 11587.201511964224
0.0 689.0 202.0 1640.0 5519.220104373809
0.0 764.0 172.0 1429.0 4796.71009026945
0.0 1112.0 75.0 200.0 1295.5415539791052
0.0 838.0 144.0 1198.0 3943.110696782973
0.0 377.0 354.0 2409.0 8589.437354078547
0.0 764.0 172.0 1429.0 4796.71009026945
0.0 942.0 111.0 816.0 2950.1605716320646
0.0 949.0 122.0 708.0 2866.4580686205863
0.0 942.0 111.0 816.0 2950.1605716320646
0.0 892.0 136.0 887.0 3427.9980722601613
0.0 794.0 247.0 822.0 4357.997289456609
0.0 955.0 167.0 467.0 2896.3417164740013
0.0 361.0 372.0 2323.0 8769.49995861684
0.0 491.0 298.0 2159.0 7443.988208865686
0.0 87.0 562.0 2904.0 11587.201511964224
0.0 977.0 147.0 458.0 2635.163745295718
0.0 1157.0 43.0 149.0 813.5673466833886
0.0 1084.0 64.0 392.0 1522.163084557831
1.0 668.0 327.0 995.0 5684.554353332943
0.0 1031.0 87.0 503.0 2058.441960489639
0.0 1090.0 61.0 370.0 1463.9678310921338
1.0 581.0 245.0 1977.0 6584.180856701038
0.0 1005.0 131.0 413.0 2340.4964155403486
0.0 313.0 493.0 1949.0 9273.464412717654
0.0 1105.0 80.0 208.0 1370.1177792674002
0.0 1011.0 127.0 404.0 2276.6141070768463
0.0 870.0 142.0 977.0 3618.1533422793286
0.0 921.0 115.0 923.0 3137.860444411741
0.0 832.0 227.0 756.0 3984.878428760855
1.0 622.0 348.0 1111.0 6154.1145496406125
1.0 671.0 324.0 995.0 5641.7854456505365
0.0 201.0 543.0 2258.0 10353.105712848812
0.0 532.0 291.0 1897.0 7026.573620192788
0.0 1079.0 94.0 264.0 1627.3060396641586
0.0 409.0 347.0 2226.0 8256.19228633397
0.0 1058.0 105.0 315.0 1815.724295361101
0.0 1058.0 105.0 315.0 1815.724295361101
0.0 221.0 430.0 2888.0 10175.864676408275
0.0 1143.0 48.0 191.0 932.4032117052274
0.0 1244.0 0.0 0.0 0.0
0.0 357.0 372.0 2353.0 8813.151440419719
0.0 730.0 188.0 1500.0 5121.9632343188305
0.0 705.0 196.0 1589.0 5358.628707759437
0.0 536.0 293.0 1857.0 6985.091314135964
0.0 422.0 331.0 2353.0 8186.738971849505
0.0 87.0 562.0 2904.0 11587.201511964224
0.0 705.0 196.0 1589.0 5358.628707759437
0.0 295.0 504.0 1974.0 9487.674577310265
0.0 1032.0 87.0 493.0 2052.9967028014657
0.0 1091.0 60.0 370.0 1458.894329255934
1.0 992.0 99.0 624.0 2443.355774950936
0.0 1244.0 0.0 0.0 0.0
0.0 679.0 201.0 1732.0 5616.236358050886
0.0 361.0 372.0 2323.0 8769.49995861684
0.0 1135.0 50.0 221.0 1005.4193841085269
0.0 1244.0 0.0 0.0 0.0
0.0 284.0 508.0 2009.0 9586.198114091818
0.0 793.0 215.0 959.0 4325.99451634941
0.0 1144.0 47.0 191.0 926.8378246794159
0.0 1209.0 11.0 93.0 328.7093710853323
0.0 295.0 504.0 1974.0 9487.674577310265
0.0 1244.0 0.0 0.0 0.0
0.0 1244.0 0.0 0.0 0.0
0.0 1244.0 0.0 0.0 0.0
0.0 1244.0 0.0 0.0 0.0
0.0 1091.0 60.0 370.0 1458.894329255934
0.0 1244.0 0.0 0.0 0.0
0.0 765.0 240.0 963.0 4582.849380632344
0.0 1160.0 41.0 146.0 787.7231807037414
0.0 1095.0 59.0 360.0 1418.1237234664954
0.0 1031.0 87.0 503.0 2058.441960489639
0.0 972.0 152.0 457.0 2690.169721221268
0.0 767.0 270.0 840.0 4684.708021685655
0.0 194.0 548.0 2265.0 10451.66696995209
0.0 145.0 567.0 2421.0 10997.741399506262
0.0 498.0 404.0 1461.0 7366.15996411871
0.0 412.0 347.0 2202.0 8220.044967371665
0.0 1156.0 42.0 158.0 821.0662489395271
0.0 1168.0 34.0 146.0 722.5300401041466
0.0 842.0 143.0 1174.0 3904.644828771602
0.0 691.0 253.0 1257.0 5404.6125099522915
0.0 374.0 470.0 1763.0 8668.687731239472
0.0 374.0 470.0 1763.0 8668.687731239472
0.0 863.0 211.0 700.0 3685.4495591890445
0.0 1080.0 93.0 264.0 1612.5663084602595
0.0 1032.0 87.0 493.0 2052.9967028014657
0.0 432.0 449.0 1561.0 8099.759926135071
0.0 1079.0 94.0 264.0 1627.3060396641586
0.0 781.0 166.0 1361.0 4628.628461025889
0.0 887.0 136.0 913.0 3473.819162977209
0.0 1155.0 43.0 158.0 830.0016316913158
0.0 425.0 451.0 1587.0 8160.36094887967
1.0 1045.0 81.0 451.0 1912.8510311241475
0.0 1210.0 10.0 93.0 318.0612550546541
0.0 1170.0 33.0 143.0 703.5854906658349
0.0 1160.0 41.0 146.0 787.7231807037414
0.0 1170.0 33.0 143.0 703.5854906658349
0.0 862.0 145.0 1008.0 3694.432817304352
0.0 840.0 143.0 1189.0 3920.7777385951704
0.0 907.0 179.0 652.0 3225.408678775815
