0.0 1063.0 52.0 561.0 1777.0588409671234
0.0 926.0 190.0 512.0 3195.3119310471884
0.0 425.0 338.0 2276.0 8125.319880707453
0.0 678.0 304.0 1081.0 5631.206662101656
0.0 670.0 312.0 1079.0 5720.006711950053
0.0 1078.0 80.0 340.0 1538.9757176958096
0.0 796.0 179.0 1152.0 4463.435049661066
0.0 501.0 321.0 1879.0 7391.935998668998
0.0 1033.0 127.0 321.0 2102.345183898566
0.0 941.0 106.0 827.0 3033.723300623383
0.0 1244.0 0.0 0.0 0.0
0.0 1156.0 51.0 127.0 883.8073005216245
0.0 294.0 410.0 2500.0 9398.61508179712
0.0 112.0 567.0 2658.0 11347.501523063183
0.0 609.0 244.0 1810.0 6311.4244829445315
0.0 693.0 219.0 1458.0 5427.975022069297
0.0 668.0 313.0 1082.0 5738.601973600625
0.0 250.0 525.0 2087.0 9966.334995408943
0.0 898.0 133.0 881.0 3485.0028947052483
0.0 978.0 92.0 748.0 2655.1875536710036
0.0 197.0 545.0 2259.0 10475.2600603592
0.0 809.0 243.0 805.0 4273.709983715655
0.0 1052.0 109.0 314.0 1856.5130937761883
0.0 898.0 133.0 881.0 3485.0028947052483
0.0 1219.0 10.0 42.0 216.09600654669904
0.0 1197.0 17.0 109.0 427.0058398783382
0.0 845.0 220.0 759.0 3922.3711346169325
0.0 1244.0 0.0 0.0 0.0
0.0 642.0 236.0 1626.0 5984.62225200298
0.0 689.0 219.0 1485.0 5482.854701211207
0.0 390.0 454.0 1746.0 8516.088799477659
0.0 484.0 398.0 1574.0 7495.897695273539
0.0 809.0 243.0 805.0 4273.709983715655
0.0 552.0 381.0 1329.0 6866.183782597447
0.0 757.0 274.0 903.0 4841.803484809447
0.0 865.0 152.0 950.0 3798.1924345927623
0.0 1090.0 84.0 268.0 1440.4250759801853
0.0 87.0 563.0 2900.0 11584.409955406778
0.0 542.0 386.0 1347.0 6984.4846700313155
0.0 313.0 490.0 1956.0 9293.79196388684
0.0 1147.0 33.0 249.0 935.5761332985084
0.0 771.0 264.0 875.0 4694.155826642953
0.0 453.0 420.0 1607.0 7864.958894746983
0.0 1065.0 52.0 544.0 1758.6584738775941
0.0 613.0 243.0 1790.0 6272.166687351196
0.0 771.0 264.0 875.0 4694.155826642953
0.0 601.0 353.0 1215.0 6367.901813335962
0.0 844.0 166.0 975.0 4017.755425843404
0.0 1092.0 83.0 265.0 1424.613848171091
0.0 677.0 304.0 1082.0 5640.282368406899
1.0 710.0 289.0 1002.0 5245.014350924557
0.0 941.0 106.0 827.0 3033.723300623383
0.0 1065.0 52.0 544.0 1758.6584738775941
0.0 378.0 377.0 2191.0 8630.83622656809
0.0 1079.0 79.0 340.0 1531.7162010100587
0.0 391.0 354.0 2364.0 8431.917036773306
0.0 881.0 203.0 646.0 3670.5695600772083
0.0 566.0 271.0 1890.0 6729.891327698815
0.0 869.0 209.0 670.0 3808.5268046800934
0.0 1090.0 84.0 268.0 1440.4250759801853
0.0 1071.0 52.0 522.0 1699.2311990700719
0.0 992.0 87.0 702.0 2527.18658271319
0.0 992.0 87.0 702.0 2527.18658271319
0.0 796.0 179.0 1152.0 4463.435049661066
0.0 418.0 440.0 1678.0 8214.176578333105
0.0 771.0 264.0 875.0 4694.155826642953
1.0 707.0 291.0 1005.0 5282.826263401736
0.0 986.0 152.0 417.0 2554.8738697440745
0.0 541.0 387.0 1347.0 6994.360692834515
0.0 822.0 230.0 805.0 4140.322484788507
1.0 831.0 141.0 1235.0 4185.528534836539
0.0 1178.0 41.0 74.0 683.2131940109955
0.0 703.0 215.0 1415.0 5347.965241946768
0.0 323.0 482.0 1948.0 9174.215836779606
0.0 294.0 410.0 2500.0 9398.61508179712
0.0 961.0 164.0 471.0 2782.4099872972306
0.0 961.0 164.0 471.0 2782.4099872972306
0.0 1224.0 9.0 25.0 177.78651959839
0.0 1244.0 0.0 0.0 0.0
1.0 831.0 141.0 1235.0 4185.528534836539
0.0 1244.0 0.0 0.0 0.0
0.0 1244.0 0.0 0.0 0.0
0.0 233.0 425.0 2843.0 10044.86341259125
0.0 1244.0 0.0 0.0 0.0
0.0 1244.0 0.0 0.0 0.0
0.0 1244.0 0.0 0.0 0.0
0.0 377.0 377.0 2198.0 8636.488586580997
0.0 1244.0 0.0 0.0 0.0
0.0 1244.0 0.0 0.0 0.0
0.0 992.0 87.0 702.0 2527.18658271319
0.0 1220.0 9.0 42.0 209.1963900053635
0.0 236.0 423.0 2832.0 10017.314765167368
0.0 465.0 336.0 1977.0 7713.999088316346
0.0 1244.0 0.0 0.0 0.0
0.0 664.0 233.0 1509.0 5771.026252120224
0.0 1244.0 0.0 0.0 0.0
0.0 1197.0 17.0 109.0 427.0058398783382
0.0 898.0 133.0 881.0 3485.0028947052483
0.0 795.0 179.0 1157.0 4470.284374911943
0.0 536.0 278.0 2075.0 7055.596821062333
0.0 536.0 278.0 2075.0 7055.596821062333
0.0 1148.0 32.0 249.0 930.3681647899516
0.0 235.0 423.0 2843.0 10030.237174958784
0.0 791.0 179.0 1180.0 4508.001695536104
0.0 958.0 100.0 779.0 2849.820553143821
0.0 791.0 179.0 1180.0 4508.001695536104
0.0 536.0 278.0 2075.0 7055.596821062333
0.0 1198.0 16.0 109.0 420.10622333700263
0.0 801.0 250.0 808.0 4398.676643938091
0.0 1165.0 29.0 194.0 779.2307534341941
0.0 1052.0 109.0 314.0 1856.5130937761883
0.0 1154.0 53.0 127.0 904.6777551325295
0.0 1108.0 68.0 267.0 1267.300356103288
0.0 591.0 271.0 1695.0 6490.26682228288
0.0 1104.0 70.0 274.0 1305.5369043738317
0.0 1065.0 52.0 544.0 1758.6584738775941
0.0 1197.0 17.0 109.0 427.0058398783382
0.0 160.0 561.0 2359.0 10851.969038182313
0.0 1070.0 52.0 527.0 1712.7376389121412
0.0 390.0 454.0 1746.0 8516.088799477659
0.0 1130.0 66.0 181.0 1165.8273691072966
0.0 397.0 351.0 2343.0 8374.616755409337
0.0 264.0 513.0 2076.0 9787.878827113236
0.0 882.0 201.0 649.0 3650.829896000818
0.0 391.0 454.0 1742.0 8506.218701268708
0.0 1150.0 31.0 245.0 917.5376556296832
0.0 985.0 152.0 420.0 2568.0957153309637
0.0 397.0 351.0 2343.0 8374.616755409337
0.0 869.0 209.0 670.0 3808.5268046800934
0.0 453.0 420.0 1607.0 7864.958894746983
0.0 978.0 92.0 748.0 2655.1875536710036
0.0 566.0 271.0 1890.0 6729.891327698815
0.0 253.0 422.0 2698.0 9817.719898655874
0.0 1179.0 36.0 91.0 645.1438977314215
0.0 1018.0 128.0 381.0 2179.040790329424
0.0 568.0 366.0 1322.0 6648.940180286006
0.0 1018.0 128.0 381.0 2179.040790329424
0.0 646.0 235.0 1604.0 5944.624394244415
0.0 758.0 193.0 1250.0 4837.957972116846
0.0 646.0 235.0 1604.0 5944.624394244415
0.0 924.0 190.0 521.0 3209.7104498446624
0.0 926.0 190.0 512.0 3195.3119310471884
0.0 509.0 317.0 1862.0 7324.724255035905
0.0 865.0 152.0 950.0 3798.1924345927623
0.0 1008.0 138.0 377.0 2316.070336366975
0.0 879.0 204.0 649.0 3694.4628942696886
0.0 269.0 509.0 2072.0 9732.845964855902
0.0 377.0 377.0 2198.0 8636.488586580997
0.0 967.0 158.0 471.0 2699.8710804876073
0.0 749.0 194.0 1304.0 4922.406478415537
0.0 869.0 210.0 667.0 3804.7944454177746
0.0 722.0 211.0 1329.0 5156.619058450308
0.0 1108.0 68.0 267.0 1267.300356103288
1.0 884.0 119.0 1090.0 3627.5804450081937
0.0 313.0 490.0 1956.0 9293.79196388684
0.0 822.0 230.0 805.0 4140.322484788507
0.0 692.0 219.0 1464.0 5442.0204651069
0.0 1079.0 79.0 340.0 1531.7162010100587
0.0 197.0 545.0 2259.0 10475.2600603592
0.0 1198.0 16.0 109.0 420.10622333700263
1.0 826.0 142.0 1268.0 4240.694690320012
0.0 646.0 235.0 1604.0 5944.624394244415
0.0 197.0 545.0 2259.0 10475.2600603592
0.0 484.0 398.0 1574.0 7495.897695273539
0.0 704.0 215.0 1407.0 5337.930896260918
0.0 1088.0 86.0 268.0 1467.4823121307804
0.0 868.0 151.0 935.0 3776.9815375716594
0.0 1150.0 31.0 245.0 917.5376556296832
0.0 424.0 338.0 2286.0 8130.720772068751
0.0 1240.0 0.0 17.0 31.40987040697352
0.0 481.0 401.0 1574.0 7535.2223691697
0.0 541.0 387.0 1347.0 6994.360692834515
0.0 664.0 233.0 1509.0 5771.026252120224
0.0 281.0 412.0 2587.0 9520.670906949454
0.0 541.0 387.0 1347.0 6994.360692834515
0.0 626.0 333.0 1174.0 6106.1384979973955
0.0 923.0 106.0 976.0 3204.6066731104847
0.0 897.0 135.0 874.0 3494.686205432324
0.0 322.0 483.0 1948.0 9183.151219531394
0.0 536.0 278.0 2075.0 7055.596821062333
0.0 630.0 241.0 1677.0 6097.8684998584085
0.0 1064.0 52.0 551.0 1765.1106444589082
0.0 1048.0 112.0 317.0 1911.0674242414611
0.0 717.0 209.0 1379.0 5207.524224294322
0.0 1064.0 52.0 551.0 1765.1106444589082
1.0 1039.0 59.0 653.0 2015.9450494227033
0.0 1000.0 143.0 391.0 2407.0163525647627
0.0 669.0 313.0 1079.0 5727.442335998417
1.0 1039.0 59.0 653.0 2015.9450494227033
0.0 672.0 308.0 1085.0 5687.93128639305
0.0 1064.0 52.0 551.0 1765.1106444589082
0.0 160.0 561.0 2359.0 10851.969038182313
1.0 1039.0 59.0 653.0 2015.9450494227033
0.0 626.0 333.0 1174.0 6106.1384979973955
0.0 1070.0 52.0 527.0 1712.7376389121412
0.0 1240.0 0.0 17.0 31.40987040697352
0.0 541.0 387.0 1347.0 6994.360692834515
0.0 601.0 353.0 1215.0 6367.901813335962
1.0 712.0 286.0 1005.0 5222.392204873071
0.0 626.0 333.0 1174.0 6106.1384979973955
0.0 809.0 243.0 805.0 4273.709983715655
0.0 958.0 100.0 779.0 2849.820553143821
0.0 800.0 250.0 811.0 4411.898489524981
0.0 959.0 100.0 772.0 2843.3683825625076
0.0 959.0 100.0 772.0 2843.3683825625076
0.0 758.0 193.0 1250.0 4837.957972116846
0.0 1224.0 9.0 25.0 177.78651959839
0.0 1165.0 29.0 194.0 779.2307534341941
0.0 228.0 430.0 2842.0 10087.328992928216
0.0 247.0 526.0 2096.0 10000.615876299724
0.0 594.0 247.0 1918.0 6483.89875028456
0.0 758.0 193.0 1250.0 4837.957972116846
0.0 924.0 190.0 521.0 3209.7104498446624
0.0 1219.0 10.0 42.0 216.09600654669904
0.0 1194.0 23.0 95.0 454.5995991064864
0.0 1050.0 110.0 317.0 1876.548677182313
0.0 455.0 419.0 1603.0 7842.623211779196
0.0 1008.0 138.0 377.0 2316.070336366975
0.0 1033.0 123.0 338.0 2071.102874345572
0.0 111.0 567.0 2666.0 11360.394577103876
0.0 717.0 209.0 1379.0 5207.524224294322
0.0 629.0 330.0 1174.0 6073.569747146095
0.0 668.0 313.0 1082.0 5738.601973600625
0.0 946.0 174.0 499.0 2939.7475703933537
0.0 608.0 244.0 1818.0 6323.4420638422625
0.0 749.0 194.0 1304.0 4922.406478415537
0.0 922.0 107.0 973.0 3210.5497382945855
0.0 1179.0 36.0 91.0 645.1438977314215
0.0 591.0 271.0 1695.0 6490.26682228288
0.0 1224.0 9.0 25.0 177.78651959839
0.0 1008.0 138.0 377.0 2316.070336366975
0.0 1224.0 9.0 25.0 177.78651959839
0.0 843.0 166.0 984.0 4023.043614341417
0.0 720.0 211.0 1341.0 5175.152281790942
0.0 843.0 166.0 984.0 4023.043614341417
0.0 1244.0 0.0 0.0 0.0
0.0 882.0 201.0 649.0 3650.829896000818
0.0 1178.0 41.0 74.0 683.2131940109955
0.0 935.0 105.0 881.0 3094.9516870277826
0.0 1050.0 110.0 317.0 1876.548677182313
0.0 1104.0 70.0 274.0 1305.5369043738317
0.0 1219.0 10.0 42.0 216.09600654669904
1.0 879.0 119.0 1130.0 3684.5488530397693
0.0 757.0 274.0 903.0 4841.803484809447
0.0 291.0 410.0 2519.0 9427.04798133504
0.0 1147.0 33.0 249.0 935.5761332985084
0.0 926.0 190.0 512.0 3195.3119310471884
0.0 418.0 440.0 1678.0 8214.176578333105
0.0 1148.0 32.0 249.0 930.3681647899516
0.0 415.0 442.0 1683.0 8248.32413679466
0.0 1112.0 56.0 290.0 1331.7212259784912
0.0 922.0 107.0 973.0 3210.5497382945855
0.0 1063.0 52.0 561.0 1777.0588409671234
0.0 467.0 336.0 1963.0 7693.987060677115
0.0 87.0 563.0 2900.0 11584.409955406778
0.0 250.0 525.0 2087.0 9966.334995408943
0.0 943.0 105.0 820.0 3019.2056537803383
1.0 879.0 119.0 1130.0 3684.5488530397693
0.0 937.0 178.0 515.0 3051.800701054376
0.0 419.0 439.0 1678.0 8201.480652499255
0.0 509.0 317.0 1862.0 7324.724255035905
0.0 287.0 410.0 2552.0 9466.302747312255
0.0 943.0 105.0 820.0 3019.2056537803383
0.0 926.0 190.0 512.0 3195.3119310471884
0.0 965.0 160.0 471.0 2724.2322509424293
0.0 601.0 353.0 1215.0 6367.901813335962
0.0 157.0 561.0 2376.0 10880.903298413745
0.0 747.0 194.0 1317.0 4949.637012883584
0.0 1130.0 66.0 181.0 1165.8273691072966
0.0 773.0 262.0 875.0 4670.394514300624
0.0 466.0 336.0 1969.0 7704.415845527898
0.0 757.0 274.0 903.0 4841.803484809447
0.0 253.0 422.0 2698.0 9817.719898655874
0.0 1130.0 66.0 181.0 1165.8273691072966
0.0 162.0 560.0 2355.0 10829.32337274472
0.0 992.0 87.0 702.0 2527.18658271319
0.0 1000.0 143.0 391.0 2407.0163525647627
0.0 992.0 87.0 702.0 2527.18658271319
0.0 1244.0 0.0 0.0 0.0
0.0 1244.0 0.0 0.0 0.0
0.0 1244.0 0.0 0.0 0.0
0.0 594.0 247.0 1918.0 6483.89875028456
0.0 1244.0 0.0 0.0 0.0
0.0 1244.0 0.0 0.0 0.0
0.0 1244.0 0.0 0.0 0.0
0.0 236.0 423.0 2832.0 10017.314765167368
0.0 629.0 330.0 1174.0 6073.569747146095
0.0 1198.0 16.0 109.0 420.10622333700263
0.0 1151.0 56.0 127.0 947.5831293791606
0.0 794.0 179.0 1161.0 4484.010339811118
0.0 562.0 371.0 1326.0 6734.671354117016
0.0 157.0 561.0 2376.0 10880.903298413745
0.0 1178.0 41.0 74.0 683.2131940109955
0.0 313.0 490.0 1956.0 9293.79196388684
0.0 87.0 563.0 2900.0 11584.409955406778
1.0 829.0 141.0 1251.0 4208.066086313919
0.0 1018.0 128.0 381.0 2179.040790329424
0.0 425.0 338.0 2276.0 8125.319880707453
0.0 87.0 563.0 2900.0 11584.409955406778
0.0 1146.0 34.0 249.0 945.9654405395803
