0.0 1371.0 124.0 690.0 2584.6538531980696
0.0 1464.0 80.0 460.0 1720.479270487859
0.0 1352.0 134.0 713.0 2872.619663779655
0.0 1371.0 124.0 690.0 2584.6538531980696
0.0 1427.0 95.0 538.0 2031.1996979509142
0.0 1438.0 93.0 505.0 1962.7708945423426
0.0 1380.0 120.0 669.0 2528.5997465985124
0.0 1464.0 80.0 460.0 1720.479270487859
0.0 1368.0 130.0 680.0 2687.9736401970194
0.0 1464.0 80.0 460.0 1720.479270487859
0.0 1414.0 101.0 562.0 2168.8476517584504
0.0 1293.0 172.0 814.0 3407.475756536421
0.0 1322.0 159.0 744.0 3099.7575347838288
0.0 1355.0 124.0 778.0 2766.88250196945
0.0 1414.0 101.0 562.0 2168.8476517584504
0.0 1464.0 80.0 460.0 1720.479270487859
0.0 1368.0 130.0 680.0 2687.9736401970194
0.0 1286.0 169.0 863.0 3486.0267014874025
0.0 1457.0 80.0 489.0 1765.2111671363057
0.0 1300.0 167.0 785.0 3343.903938863236
0.0 1380.0 120.0 669.0 2528.5997465985124
0.0 1368.0 130.0 680.0 2687.9736401970194
0.0 1329.0 137.0 822.0 3106.174789119753
0.0 1464.0 80.0 460.0 1720.479270487859
0.0 1464.0 80.0 460.0 1720.479270487859
0.0 1414.0 101.0 562.0 2168.8476517584504
0.0 1358.0 126.0 730.0 2737.0721918664744
0.0 1464.0 80.0 460.0 1720.479270487859
0.0 1367.0 116.0 763.0 2707.266700388089
0.0 1464.0 80.0 460.0 1720.479270487859
0.0 1393.0 112.0 616.0 2425.116766160507
0.0 1435.0 86.0 558.0 1976.6264866497888
0.0 1285.0 166.0 879.0 3491.225873475193
0.0 1311.0 145.0 892.0 3274.2644488433184
0.0 1464.0 80.0 460.0 1720.479270487859
0.0 1393.0 112.0 616.0 2425.116766160507
0.0 1451.0 90.0 467.0 1843.2696533557266
0.0 1367.0 116.0 763.0 2707.266700388089
0.0 1371.0 124.0 690.0 2584.6538531980696
0.0 1293.0 172.0 814.0 3407.475756536421
0.0 1380.0 120.0 669.0 2528.5997465985124
0.0 1464.0 80.0 460.0 1720.479270487859
0.0 1418.0 92.0 639.0 2193.285653032715
0.0 1464.0 80.0 460.0 1720.479270487859
0.0 1335.0 149.0 725.0 3015.8385684271007
0.0 1464.0 80.0 460.0 1720.479270487859
0.0 1337.0 137.0 788.0 2957.9872742905454
0.0 1464.0 80.0 460.0 1720.479270487859
0.0 1464.0 80.0 460.0 1720.479270487859
0.0 1411.0 106.0 556.0 2185.856621585077
0.0 1430.0 97.0 513.0 2059.8031771235264
0.0 1322.0 142.0 802.0 3166.7412742052547
0.0 1322.0 142.0 802.0 3166.7412742052547
0.0 1322.0 142.0 802.0 3166.7412742052547
0.0 1350.0 133.0 735.0 2834.8230692206434
0.0 1335.0 149.0 725.0 3015.8385684271007
0.0 1336.0 142.0 740.0 3015.0862321602967
0.0 1410.0 103.0 577.0 2204.424682009101
0.0 1411.0 106.0 556.0 2185.856621585077
0.0 1296.0 158.0 866.0 3408.7021664896774
0.0 1303.0 150.0 894.0 3320.123846668581
0.0 1411.0 106.0 556.0 2185.856621585077
0.0 1379.0 111.0 723.0 2555.8944251911034
0.0 1379.0 111.0 723.0 2555.8944251911034
0.0 1441.0 92.0 500.0 1931.5896161417736
0.0 1456.0 82.0 479.0 1774.2404901744449
0.0 1358.0 130.0 711.0 2756.5344313380588
0.0 1358.0 130.0 711.0 2756.5344313380588
0.0 1335.0 149.0 725.0 3015.8385684271007
0.0 1455.0 79.0 510.0 1797.1663601949183
0.0 1403.0 102.0 635.0 2309.608383794005
0.0 1456.0 82.0 479.0 1774.2404901744449
0.0 1435.0 86.0 558.0 1976.6264866497888
0.0 1421.0 99.0 538.0 2111.3299415146407
0.0 1433.0 86.0 568.0 2001.2941319060728
0.0 1433.0 86.0 568.0 2001.2941319060728
0.0 1421.0 99.0 538.0 2111.3299415146407
0.0 1430.0 97.0 519.0 2023.4423979565197
0.0 1403.0 102.0 635.0 2309.608383794005
0.0 1430.0 97.0 519.0 2023.4423979565197
0.0 1455.0 79.0 510.0 1797.1663601949183
0.0 1421.0 99.0 538.0 2111.3299415146407
0.0 1393.0 112.0 616.0 2425.116766160507
0.0 1433.0 86.0 568.0 2001.2941319060728
0.0 1452.0 85.0 482.0 1817.961578503512
0.0 1393.0 112.0 616.0 2425.116766160507
0.0 1421.0 99.0 538.0 2111.3299415146407
0.0 1421.0 99.0 538.0 2111.3299415146407
0.0 1452.0 85.0 482.0 1817.961578503512
0.0 1456.0 82.0 479.0 1774.2404901744449
0.0 1293.0 172.0 814.0 3407.475756536421
0.0 1393.0 112.0 616.0 2425.116766160507
0.0 1393.0 112.0 616.0 2425.116766160507
0.0 1441.0 92.0 500.0 1931.5896161417736
0.0 1421.0 99.0 538.0 2111.3299415146407
0.0 1421.0 99.0 538.0 2111.3299415146407
0.0 1422.0 101.0 532.0 2096.8835699504634
0.0 1435.0 86.0 558.0 1976.6264866497888
0.0 1451.0 90.0 467.0 1843.2696533557266
0.0 1311.0 145.0 892.0 3274.2644488433184
0.0 1447.0 90.0 486.0 1865.653046946413
0.0 1285.0 166.0 879.0 3491.225873475193
0.0 1451.0 90.0 467.0 1843.2696533557266
0.0 1430.0 97.0 513.0 2059.8031771235264
0.0 1447.0 90.0 486.0 1865.653046946413
0.0 1451.0 90.0 467.0 1843.2696533557266
0.0 1318.0 144.0 831.0 3189.072657178956
0.0 1430.0 97.0 513.0 2059.8031771235264
0.0 1458.0 82.0 471.0 1768.268352913618
0.0 1458.0 82.0 471.0 1768.268352913618
0.0 1441.0 92.0 500.0 1931.5896161417736
0.0 1379.0 111.0 723.0 2555.8944251911034
0.0 1451.0 90.0 467.0 1843.2696533557266
0.0 1353.0 131.0 726.0 2804.102126770341
0.0 1438.0 93.0 505.0 1962.7708945423426
0.0 1438.0 93.0 505.0 1962.7708945423426
0.0 1438.0 93.0 505.0 1962.7708945423426
0.0 1335.0 149.0 725.0 3015.8385684271007
0.0 1427.0 95.0 538.0 2031.1996979509142
0.0 1433.0 86.0 568.0 2001.2941319060728
0.0 1373.0 123.0 681.0 2616.367712193338
0.0 1433.0 86.0 568.0 2001.2941319060728
0.0 1303.0 150.0 894.0 3320.123846668581
0.0 1283.0 164.0 914.0 3525.6161434720093
0.0 1303.0 150.0 894.0 3320.123846668581
0.0 1438.0 93.0 505.0 1962.7708945423426
0.0 1355.0 124.0 775.0 2772.6974242273564
0.0 1433.0 86.0 568.0 2001.2941319060728
0.0 1336.0 142.0 740.0 3015.0862321602967
0.0 1300.0 167.0 785.0 3343.903938863236
0.0 1358.0 126.0 730.0 2737.0721918664744
0.0 1358.0 126.0 730.0 2737.0721918664744
0.0 1440.0 86.0 538.0 1932.459527538151
0.0 1290.0 157.0 934.0 3482.7252498619637
0.0 1281.0 165.0 925.0 3542.8354394670237
0.0 1373.0 123.0 681.0 2616.367712193338
0.0 1450.0 83.0 499.0 1856.4990975522428
0.0 1455.0 82.0 483.0 1785.3791745784083
0.0 1292.0 156.0 923.0 3460.773835335416
0.0 1367.0 116.0 763.0 2707.266700388089
0.0 1322.0 159.0 744.0 3099.7575347838288
0.0 1290.0 157.0 934.0 3482.7252498619637
0.0 1410.0 103.0 577.0 2204.424682009101
0.0 1329.0 137.0 822.0 3106.174789119753
0.0 1376.0 117.0 691.0 2575.2565617520418
0.0 1427.0 95.0 538.0 2031.1996979509142
0.0 1309.0 149.0 873.0 3243.1148776051386
0.0 1440.0 86.0 538.0 1932.459527538151
0.0 1401.0 109.0 594.0 2335.5987439981304
0.0 1404.0 110.0 580.0 2284.169549025842
0.0 1401.0 109.0 594.0 2335.5987439981304
0.0 1283.0 164.0 914.0 3525.6161434720093
0.0 1451.0 90.0 467.0 1843.2696533557266
0.0 1401.0 109.0 594.0 2335.5987439981304
0.0 1352.0 133.0 717.0 2871.5079081017834
0.0 1451.0 90.0 467.0 1843.2696533557266
0.0 1371.0 124.0 690.0 2584.6538531980696
0.0 1296.0 158.0 866.0 3408.7021664896774
0.0 1281.0 165.0 925.0 3542.8354394670237
0.0 1371.0 124.0 690.0 2584.6538531980696
0.0 1353.0 131.0 726.0 2804.102126770341
0.0 1391.0 113.0 620.0 2443.9773484569214
0.0 1450.0 83.0 499.0 1856.4990975522428
0.0 1334.0 137.0 812.0 2988.7682209541967
0.0 1401.0 109.0 594.0 2335.5987439981304
0.0 1353.0 131.0 726.0 2804.102126770341
0.0 1376.0 117.0 691.0 2575.2565617520418
0.0 1404.0 110.0 580.0 2284.169549025842
0.0 1441.0 86.0 522.0 1960.0178956966438
0.0 1409.0 100.0 612.0 2221.232815883815
0.0 1314.0 149.0 819.0 3212.2928076613593
0.0 1322.0 142.0 802.0 3166.7412742052547
0.0 1367.0 116.0 763.0 2707.266700388089
0.0 1322.0 142.0 802.0 3166.7412742052547
0.0 1456.0 80.0 493.0 1774.1802030565946
0.0 1388.0 119.0 624.0 2505.799548704334
0.0 1455.0 79.0 510.0 1797.1663601949183
0.0 1463.0 81.0 460.0 1728.1641088158444
0.0 1456.0 82.0 479.0 1774.2404901744449
0.0 1338.0 139.0 760.0 2950.8633889122984
0.0 1435.0 86.0 558.0 1976.6264866497888
0.0 1457.0 80.0 489.0 1765.2111671363057
0.0 1411.0 106.0 556.0 2185.856621585077
0.0 1402.0 102.0 644.0 2324.207671011583
0.0 1281.0 165.0 925.0 3542.8354394670237
0.0 1463.0 81.0 460.0 1728.1641088158444
0.0 1344.0 144.0 717.0 2936.5652816177862
0.0 1281.0 165.0 925.0 3542.8354394670237
0.0 1427.0 95.0 538.0 2031.1996979509142
0.0 1463.0 81.0 460.0 1728.1641088158444
0.0 1338.0 139.0 760.0 2950.8633889122984
0.0 1409.0 100.0 612.0 2221.232815883815
0.0 1331.0 153.0 731.0 3047.3451746184114
0.0 1300.0 167.0 785.0 3343.903938863236
0.0 1411.0 106.0 556.0 2185.856621585077
0.0 1355.0 124.0 778.0 2766.88250196945
0.0 1338.0 139.0 760.0 2950.8633889122984
0.0 1411.0 106.0 556.0 2185.856621585077
0.0 1426.0 91.0 563.0 2092.7952025881254
0.0 1427.0 95.0 538.0 2031.1996979509142
0.0 1300.0 167.0 785.0 3343.903938863236
0.0 1379.0 112.0 711.0 2556.4379382404104
0.0 1450.0 83.0 499.0 1856.4990975522428
0.0 1441.0 86.0 522.0 1960.0178956966438
0.0 1379.0 111.0 723.0 2555.8944251911034
0.0 1391.0 113.0 620.0 2443.9773484569214
0.0 1391.0 113.0 620.0 2443.9773484569214
0.0 1390.0 107.0 705.0 2435.356428211055
0.0 1391.0 113.0 620.0 2443.9773484569214
0.0 1338.0 139.0 760.0 2950.8633889122984
0.0 1391.0 113.0 620.0 2443.9773484569214
0.0 1411.0 106.0 556.0 2185.856621585077
0.0 1296.0 158.0 866.0 3408.7021664896774
0.0 1411.0 106.0 556.0 2185.856621585077
0.0 1322.0 159.0 744.0 3099.7575347838288
0.0 1387.0 118.0 634.0 2504.4966891937597
0.0 1322.0 159.0 744.0 3099.7575347838288
0.0 1322.0 159.0 744.0 3099.7575347838288
0.0 1322.0 159.0 744.0 3099.7575347838288
0.0 1445.0 88.0 498.0 1909.0167798871678
0.0 1322.0 150.0 760.0 3134.153482920881
0.0 1322.0 150.0 760.0 3134.153482920881
0.0 1409.0 100.0 612.0 2221.232815883815
0.0 1413.0 101.0 567.0 2175.7530967112734
0.0 1293.0 172.0 814.0 3407.475756536421
0.0 1383.0 109.0 732.0 2517.9672186499843
0.0 1376.0 117.0 691.0 2575.2565617520418
0.0 1445.0 88.0 498.0 1909.0167798871678
0.0 1329.0 137.0 822.0 3106.174789119753
0.0 1435.0 86.0 558.0 1976.6264866497888
0.0 1435.0 86.0 558.0 1976.6264866497888
0.0 1300.0 167.0 785.0 3343.903938863236
0.0 1401.0 109.0 594.0 2335.5987439981304
0.0 1418.0 92.0 639.0 2193.285653032715
0.0 1336.0 142.0 740.0 3015.0862321602967
0.0 1411.0 106.0 556.0 2185.856621585077
0.0 1447.0 90.0 486.0 1865.653046946413
0.0 1418.0 92.0 639.0 2193.285653032715
0.0 1418.0 92.0 639.0 2193.285653032715
0.0 1402.0 102.0 644.0 2324.207671011583
0.0 1300.0 167.0 785.0 3343.903938863236
0.0 1300.0 167.0 785.0 3343.903938863236
0.0 1351.0 134.0 717.0 2888.453407150685
0.0 1336.0 142.0 740.0 3015.0862321602967
0.0 1300.0 167.0 785.0 3343.903938863236
0.0 1300.0 167.0 785.0 3343.903938863236
0.0 1454.0 87.0 468.0 1806.1216476767727
0.0 1300.0 167.0 785.0 3343.903938863236
0.0 1300.0 167.0 785.0 3343.903938863236
0.0 1300.0 167.0 785.0 3343.903938863236
0.0 1358.0 130.0 711.0 2756.5344313380588
0.0 1452.0 85.0 482.0 1817.961578503512
0.0 1430.0 97.0 513.0 2059.8031771235264
0.0 1380.0 120.0 669.0 2528.5997465985124
0.0 1391.0 113.0 620.0 2443.9773484569214
0.0 1391.0 113.0 620.0 2443.9773484569214
0.0 1391.0 113.0 620.0 2443.9773484569214
0.0 1457.0 80.0 489.0 1765.2111671363057
0.0 1371.0 124.0 690.0 2584.6538531980696
0.0 1390.0 107.0 705.0 2435.356428211055
0.0 1430.0 97.0 513.0 2059.8031771235264
0.0 1390.0 109.0 665.0 2461.836950891657
0.0 1403.0 109.0 595.0 2268.027365925324
0.0 1404.0 110.0 580.0 2284.169549025842
0.0 1344.0 144.0 717.0 2936.5652816177862
0.0 1344.0 144.0 717.0 2936.5652816177862
0.0 1455.0 79.0 510.0 1797.1663601949183
0.0 1422.0 101.0 532.0 2096.8835699504634
0.0 1322.0 150.0 760.0 3134.153482920881
0.0 1322.0 150.0 760.0 3134.153482920881
0.0 1322.0 150.0 760.0 3134.153482920881
0.0 1404.0 110.0 580.0 2284.169549025842
0.0 1331.0 153.0 731.0 3047.3451746184114
0.0 1387.0 118.0 634.0 2504.4966891937597
0.0 1354.0 124.0 790.0 2788.1099429539768
0.0 1351.0 134.0 717.0 2888.453407150685
0.0 1358.0 126.0 730.0 2737.0721918664744
0.0 1363.0 135.0 684.0 2758.2165883268617
0.0 1413.0 101.0 567.0 2175.7530967112734
0.0 1376.0 117.0 691.0 2575.2565617520418
0.0 1376.0 117.0 691.0 2575.2565617520418
0.0 1402.0 102.0 644.0 2324.207671011583
0.0 1427.0 95.0 538.0 2031.1996979509142
0.0 1363.0 135.0 684.0 2758.2165883268617
0.0 1422.0 101.0 532.0 2096.8835699504634
0.0 1358.0 127.0 726.0 2731.448697306823
0.0 1358.0 127.0 726.0 2731.448697306823
0.0 1358.0 127.0 726.0 2731.448697306823
0.0 1285.0 166.0 879.0 3491.225873475193
0.0 1457.0 84.0 468.0 1773.9729887495828
0.0 1422.0 101.0 532.0 2096.8835699504634
0.0 1413.0 101.0 567.0 2175.7530967112734
0.0 1326.0 137.0 881.0 3115.422958677407
0.0 1464.0 80.0 460.0 1720.479270487859
0.0 1464.0 80.0 460.0 1720.479270487859
0.0 1464.0 80.0 460.0 1720.479270487859
0.0 1464.0 80.0 460.0 1720.479270487859
0.0 1464.0 80.0 460.0 1720.479270487859
587.0 1243.0 191.0 1013.0 3930.537157315989
671.0 1232.0 205.0 951.0 4106.66499288713
