0.0 1393.0 109.0 654.0 2414.2601125402302
0.0 1349.0 134.0 735.0 2902.8230057022465
0.0 1387.0 118.0 648.0 2509.5066475710687
0.0 1460.0 84.0 469.0 1760.48191826743
0.0 1335.0 139.0 788.0 2982.45109488975
0.0 1361.0 127.0 716.0 2728.762878552591
0.0 1305.0 149.0 891.0 3346.337786015771
0.0 1450.0 83.0 499.0 1856.4620379877774
0.0 1400.0 109.0 598.0 2351.303030155944
0.0 1450.0 83.0 499.0 1856.4620379877774
0.0 1403.0 108.0 599.0 2266.952669811917
0.0 1459.0 79.0 499.0 1771.482204662654
0.0 1388.0 115.0 665.0 2512.557526299572
0.0 1457.0 81.0 479.0 1761.9900500926099
0.0 1392.0 111.0 655.0 2429.0496971208277
0.0 1431.0 97.0 518.0 2002.9525424943026
0.0 1418.0 99.0 584.0 2177.0561818560495
0.0 1361.0 127.0 716.0 2728.762878552591
0.0 1436.0 91.0 533.0 1976.3044229201562
0.0 1400.0 109.0 598.0 2351.303030155944
0.0 1332.0 138.0 819.0 3020.78370113066
0.0 1416.0 97.0 611.0 2207.5461590304685
0.0 1463.0 80.0 478.0 1739.6879201959568
0.0 1361.0 127.0 716.0 2728.762878552591
0.0 1310.0 155.0 814.0 3263.1541514703144
0.0 1431.0 97.0 518.0 2002.9525424943026
0.0 1285.0 168.0 877.0 3515.1116022212314
0.0 1361.0 127.0 716.0 2728.762878552591
0.0 1390.0 108.0 691.0 2500.5055028371657
0.0 1362.0 135.0 694.0 2766.9528952148676
0.0 1393.0 106.0 686.0 2463.8998357474975
0.0 1423.0 97.0 551.0 2107.1038224853846
0.0 1400.0 109.0 598.0 2351.303030155944
0.0 1290.0 157.0 932.0 3472.4037642491176
0.0 1314.0 143.0 900.0 3240.6543029855843
0.0 1287.0 165.0 873.0 3484.229234728887
0.0 1351.0 134.0 723.0 2890.96315806364
0.0 1322.0 150.0 771.0 3144.569183962108
0.0 1361.0 127.0 716.0 2728.762878552591
0.0 1420.0 95.0 589.0 2164.561843669651
0.0 1287.0 165.0 873.0 3484.229234728887
0.0 1450.0 83.0 499.0 1856.4620379877774
0.0 1432.0 88.0 571.0 2061.9980593701976
0.0 1330.0 145.0 760.0 3080.9785326355304
0.0 1416.0 97.0 611.0 2207.5461590304685
0.0 1369.0 128.0 690.0 2692.0533927420465
0.0 1335.0 149.0 742.0 3025.309721293259
0.0 1408.0 104.0 590.0 2255.4816368498487
0.0 1362.0 135.0 694.0 2766.9528952148676
0.0 1353.0 128.0 776.0 2767.263734213307
0.0 1317.0 146.0 853.0 3180.7387847927243
0.0 1299.0 161.0 827.0 3359.1974335189625
0.0 1389.0 116.0 635.0 2498.810322326522
0.0 1361.0 127.0 716.0 2728.762878552591
0.0 1400.0 109.0 598.0 2351.303030155944
0.0 1457.0 81.0 479.0 1761.9900500926099
0.0 1371.0 119.0 735.0 2616.376653104036
0.0 1373.0 129.0 673.0 2661.813631825957
0.0 1423.0 97.0 551.0 2107.1038224853846
0.0 1377.0 113.0 751.0 2558.752354008913
0.0 1299.0 169.0 795.0 3339.4371413575877
0.0 1354.0 133.0 717.0 2863.3762505060017
0.0 1400.0 109.0 598.0 2351.303030155944
0.0 1452.0 85.0 482.0 1822.4901206928964
0.0 1334.0 154.0 735.0 3039.325206968992
0.0 1361.0 127.0 716.0 2728.762878552591
0.0 1384.0 116.0 674.0 2538.793907660235
0.0 1406.0 108.0 591.0 2277.401439543324
0.0 1438.0 87.0 535.0 1965.9854161119022
0.0 1375.0 121.0 688.0 2588.5327431055684
0.0 1387.0 118.0 648.0 2509.5066475710687
0.0 1299.0 169.0 795.0 3339.4371413575877
0.0 1446.0 87.0 504.0 1896.533610773051
0.0 1376.0 116.0 723.0 2562.330369705217
0.0 1377.0 113.0 751.0 2558.752354008913
0.0 1403.0 108.0 599.0 2266.952669811917
0.0 1438.0 87.0 535.0 1965.9854161119022
0.0 1299.0 169.0 795.0 3339.4371413575877
0.0 1299.0 161.0 827.0 3359.1974335189625
0.0 1457.0 81.0 479.0 1761.9900500926099
0.0 1371.0 119.0 735.0 2616.376653104036
0.0 1400.0 109.0 598.0 2351.303030155944
0.0 1400.0 109.0 598.0 2351.303030155944
0.0 1400.0 109.0 598.0 2351.303030155944
0.0 1462.0 80.0 476.0 1752.8453958763491
0.0 1338.0 138.0 770.0 2951.9148574723195
0.0 1377.0 119.0 703.0 2575.1072463730834
0.0 1459.0 79.0 499.0 1771.482204662654
0.0 1287.0 165.0 873.0 3484.229234728887
0.0 1450.0 83.0 499.0 1856.4620379877774
0.0 1412.0 98.0 629.0 2264.4391040060978
0.0 1361.0 127.0 716.0 2728.762878552591
0.0 1287.0 165.0 873.0 3484.229234728887
0.0 1299.0 169.0 795.0 3339.4371413575877
0.0 1452.0 85.0 482.0 1822.4901206928964
0.0 1434.0 89.0 539.0 1973.1018711351855
0.0 1400.0 109.0 598.0 2351.303030155944
0.0 1361.0 127.0 716.0 2728.762878552591
0.0 1420.0 95.0 589.0 2164.561843669651
0.0 1313.0 161.0 776.0 3214.450766651058
0.0 1460.0 81.0 476.0 1751.0293411904288
0.0 1460.0 81.0 476.0 1751.0293411904288
0.0 1299.0 169.0 795.0 3339.4371413575877
0.0 1427.0 99.0 535.0 2078.325655939674
0.0 1299.0 169.0 795.0 3339.4371413575877
0.0 1313.0 161.0 776.0 3214.450766651058
0.0 1313.0 161.0 776.0 3214.450766651058
0.0 1349.0 134.0 735.0 2902.8230057022465
0.0 1322.0 150.0 771.0 3144.569183962108
0.0 1431.0 97.0 518.0 2002.9525424943026
0.0 1431.0 97.0 518.0 2002.9525424943026
0.0 1460.0 81.0 476.0 1751.0293411904288
0.0 1373.0 129.0 673.0 2661.813631825957
0.0 1452.0 87.0 472.0 1873.565249500868
0.0 1421.0 100.0 569.0 2109.0114453518427
0.0 1403.0 108.0 599.0 2266.952669811917
0.0 1452.0 85.0 482.0 1822.4901206928964
0.0 1334.0 154.0 735.0 3039.325206968992
0.0 1334.0 154.0 735.0 3039.325206968992
0.0 1290.0 157.0 932.0 3472.4037642491176
0.0 1348.0 136.0 732.0 2909.8852730243625
0.0 1343.0 144.0 731.0 2933.9911667991664
0.0 1415.0 102.0 587.0 2195.374156891446
0.0 1387.0 118.0 648.0 2509.5066475710687
0.0 1299.0 169.0 795.0 3339.4371413575877
0.0 1391.0 111.0 659.0 2440.1513219603253
0.0 1402.0 104.0 630.0 2322.098309645759
0.0 1375.0 121.0 688.0 2588.5327431055684
0.0 1405.0 107.0 592.0 2259.120820722124
0.0 1347.0 135.0 759.0 2860.7577886562517
0.0 1335.0 139.0 788.0 2982.45109488975
0.0 1450.0 90.0 477.0 1854.1756087274082
0.0 1438.0 87.0 535.0 1965.9854161119022
0.0 1459.0 79.0 499.0 1771.482204662654
0.0 1384.0 114.0 698.0 2481.085202305957
0.0 1438.0 87.0 535.0 1965.9854161119022
0.0 1334.0 146.0 751.0 3045.9202995518663
0.0 1352.0 132.0 730.0 2892.578981992595
0.0 1452.0 85.0 482.0 1822.4901206928964
0.0 1435.0 95.0 514.0 1976.1126623380521
0.0 1436.0 91.0 533.0 1976.3044229201562
0.0 1460.0 81.0 476.0 1751.0293411904288
0.0 1463.0 80.0 478.0 1739.6879201959568
0.0 1377.0 119.0 703.0 2575.1072463730834
0.0 1392.0 111.0 655.0 2429.0496971208277
0.0 1355.0 125.0 771.0 2771.413226635053
0.0 1433.0 92.0 540.0 1999.4739493584602
0.0 1450.0 83.0 499.0 1856.4620379877774
0.0 1377.0 113.0 751.0 2558.752354008913
0.0 1281.0 166.0 920.0 3541.3487135217415
0.0 1435.0 95.0 514.0 1976.1126623380521
0.0 1435.0 95.0 514.0 1976.1126623380521
0.0 1334.0 146.0 751.0 3045.9202995518663
0.0 1304.0 152.0 882.0 3310.145235498486
0.0 1374.0 117.0 719.0 2600.6531722336294
0.0 1446.0 87.0 504.0 1896.533610773051
0.0 1313.0 161.0 776.0 3214.450766651058
0.0 1334.0 154.0 735.0 3039.325206968992
0.0 1345.0 129.0 812.0 2906.19185686679
0.0 1450.0 90.0 477.0 1854.1756087274082
0.0 1325.0 143.0 830.0 3081.1540312838806
0.0 1369.0 119.0 752.0 2631.5772522782654
0.0 1431.0 97.0 518.0 2002.9525424943026
0.0 1314.0 143.0 900.0 3240.6543029855843
0.0 1335.0 139.0 788.0 2982.45109488975
0.0 1406.0 105.0 608.0 2257.489688494188
0.0 1299.0 169.0 795.0 3339.4371413575877
0.0 1334.0 154.0 735.0 3039.325206968992
0.0 1445.0 82.0 567.0 1904.4749486502042
0.0 1400.0 109.0 598.0 2351.303030155944
0.0 1287.0 165.0 873.0 3484.229234728887
0.0 1457.0 81.0 479.0 1761.9900500926099
0.0 1433.0 92.0 540.0 1999.4739493584602
0.0 1427.0 99.0 535.0 2078.325655939674
0.0 1299.0 169.0 795.0 3339.4371413575877
0.0 1416.0 97.0 611.0 2207.5461590304685
0.0 1330.0 145.0 760.0 3080.9785326355304
0.0 1351.0 134.0 723.0 2890.96315806364
0.0 1299.0 169.0 795.0 3339.4371413575877
0.0 1393.0 109.0 654.0 2414.2601125402302
0.0 1432.0 88.0 571.0 2061.9980593701976
0.0 1435.0 95.0 514.0 1976.1126623380521
0.0 1460.0 81.0 476.0 1751.0293411904288
0.0 1325.0 143.0 830.0 3081.1540312838806
0.0 1431.0 97.0 518.0 2002.9525424943026
0.0 1335.0 139.0 788.0 2982.45109488975
0.0 1418.0 99.0 584.0 2177.0561818560495
0.0 1459.0 79.0 499.0 1771.482204662654
0.0 1362.0 135.0 694.0 2766.9528952148676
0.0 1345.0 129.0 812.0 2906.19185686679
0.0 1431.0 97.0 518.0 2002.9525424943026
0.0 1460.0 81.0 476.0 1751.0293411904288
0.0 1314.0 143.0 900.0 3240.6543029855843
0.0 1445.0 82.0 567.0 1904.4749486502042
0.0 1356.0 127.0 755.0 2754.4744941779004
0.0 1400.0 109.0 598.0 2351.303030155944
0.0 1426.0 97.0 545.0 2074.3993946485166
0.0 1370.0 124.0 702.0 2640.7287287512636
0.0 1299.0 169.0 795.0 3339.4371413575877
0.0 1460.0 81.0 476.0 1751.0293411904288
0.0 1452.0 85.0 482.0 1822.4901206928964
0.0 1313.0 161.0 776.0 3214.450766651058
0.0 1389.0 112.0 683.0 2448.143889343329
0.0 1345.0 129.0 812.0 2906.19185686679
0.0 1426.0 97.0 545.0 2074.3993946485166
0.0 1288.0 159.0 931.0 3496.0323745048354
0.0 1460.0 81.0 476.0 1751.0293411904288
0.0 1412.0 98.0 629.0 2264.4391040060978
0.0 1402.0 104.0 630.0 2322.098309645759
0.0 1423.0 98.0 564.0 2100.6066809215886
0.0 1405.0 107.0 592.0 2259.120820722124
0.0 1315.0 147.0 845.0 3231.879304087425
0.0 1463.0 80.0 478.0 1739.6879201959568
0.0 1370.0 124.0 702.0 2640.7287287512636
0.0 1377.0 119.0 703.0 2575.1072463730834
0.0 1445.0 82.0 567.0 1904.4749486502042
0.0 1460.0 81.0 476.0 1751.0293411904288
0.0 1373.0 129.0 673.0 2661.813631825957
0.0 1406.0 105.0 608.0 2257.489688494188
0.0 1345.0 129.0 812.0 2906.19185686679
0.0 1433.0 92.0 540.0 1999.4739493584602
0.0 1313.0 161.0 776.0 3214.450766651058
0.0 1389.0 112.0 683.0 2448.143889343329
0.0 1431.0 97.0 518.0 2002.9525424943026
0.0 1337.0 146.0 748.0 2990.0095309780054
0.0 1328.0 148.0 765.0 3106.940254789401
0.0 1299.0 161.0 827.0 3359.1974335189625
0.0 1316.0 153.0 788.0 3239.5270193766473
0.0 1450.0 83.0 499.0 1856.4620379877774
0.0 1402.0 104.0 630.0 2322.098309645759
0.0 1452.0 87.0 472.0 1873.565249500868
0.0 1446.0 87.0 504.0 1896.533610773051
0.0 1452.0 85.0 482.0 1822.4901206928964
0.0 1427.0 99.0 535.0 2078.325655939674
0.0 1450.0 90.0 477.0 1854.1756087274082
0.0 1291.0 157.0 923.0 3470.817567369112
0.0 1389.0 112.0 683.0 2448.143889343329
0.0 1460.0 81.0 476.0 1751.0293411904288
0.0 1445.0 82.0 567.0 1904.4749486502042
0.0 1406.0 105.0 608.0 2257.489688494188
0.0 1426.0 97.0 545.0 2074.3993946485166
0.0 1400.0 109.0 598.0 2351.303030155944
0.0 1460.0 81.0 476.0 1751.0293411904288
0.0 1352.0 128.0 779.0 2797.635338136605
0.0 1402.0 104.0 630.0 2322.098309645759
0.0 1370.0 124.0 702.0 2640.7287287512636
0.0 1406.0 105.0 608.0 2257.489688494188
0.0 1370.0 124.0 702.0 2640.7287287512636
0.0 1426.0 97.0 545.0 2074.3993946485166
0.0 1377.0 113.0 751.0 2558.752354008913
0.0 1400.0 109.0 598.0 2351.303030155944
0.0 1435.0 88.0 562.0 1986.6022536157918
0.0 1362.0 135.0 694.0 2766.9528952148676
0.0 1406.0 105.0 608.0 2257.489688494188
0.0 1370.0 124.0 702.0 2640.7287287512636
0.0 1397.0 106.0 653.0 2381.055235617288
0.0 1421.0 98.0 570.0 2156.223105284178
0.0 1314.0 143.0 900.0 3240.6543029855843
0.0 1431.0 97.0 518.0 2002.9525424943026
0.0 1450.0 83.0 499.0 1856.4620379877774
0.0 1426.0 97.0 545.0 2074.3993946485166
0.0 1421.0 98.0 570.0 2156.223105284178
0.0 1460.0 81.0 476.0 1751.0293411904288
0.0 1355.0 129.0 748.0 2754.6246589907496
0.0 1334.0 154.0 735.0 3039.325206968992
0.0 1445.0 82.0 567.0 1904.4749486502042
0.0 1452.0 87.0 472.0 1873.565249500868
0.0 1284.0 165.0 903.0 3510.8445325969155
0.0 1328.0 148.0 765.0 3106.940254789401
0.0 1450.0 90.0 477.0 1854.1756087274082
0.0 1345.0 129.0 812.0 2906.19185686679
0.0 1423.0 97.0 551.0 2107.1038224853846
0.0 1452.0 85.0 482.0 1822.4901206928964
0.0 1291.0 157.0 923.0 3470.817567369112
0.0 1432.0 88.0 571.0 2061.9980593701976
0.0 1402.0 104.0 630.0 2322.098309645759
0.0 1322.0 150.0 771.0 3144.569183962108
0.0 1334.0 146.0 751.0 3045.9202995518663
0.0 1452.0 87.0 472.0 1873.565249500868
0.0 1438.0 87.0 535.0 1965.9854161119022
0.0 1324.0 138.0 881.0 3143.919167234158
0.0 1313.0 161.0 776.0 3214.450766651058
0.0 1285.0 168.0 877.0 3515.1116022212314
0.0 1332.0 138.0 819.0 3020.78370113066
0.0 1403.0 108.0 599.0 2266.952669811917
0.0 1460.0 81.0 476.0 1751.0293411904288
0.0 1406.0 105.0 608.0 2257.489688494188
0.0 1463.0 81.0 462.0 1738.4855944286899
0.0 1299.0 161.0 827.0 3359.1974335189625
0.0 1430.0 89.0 562.0 2063.5607950104286
0.0 1367.0 122.0 739.0 2639.665057953726
0.0 1362.0 135.0 694.0 2766.9528952148676
0.0 1457.0 81.0 479.0 1761.9900500926099
0.0 1370.0 124.0 702.0 2640.7287287512636
0.0 1431.0 97.0 518.0 2002.9525424943026
0.0 1452.0 85.0 482.0 1822.4901206928964
0.0 1374.0 117.0 719.0 2600.6531722336294
0.0 1314.0 143.0 900.0 3240.6543029855843
