0.0 1429.0 88.0 588.0 2048.2127777469836
0.0 1421.0 93.0 589.0 2145.159142181081
0.0 1318.0 161.0 763.0 3151.367853724349
0.0 1391.0 110.0 648.0 2438.8507937533336
0.0 1429.0 88.0 588.0 2048.2127777469836
0.0 1442.0 85.0 528.0 1935.6581806165239
0.0 1411.0 95.0 658.0 2295.8456652837085
0.0 1354.0 125.0 775.0 2784.947864309191
0.0 1449.0 81.0 526.0 1878.1407699804126
0.0 1411.0 95.0 658.0 2295.8456652837085
0.0 1431.0 88.0 565.0 2033.5880160244603
0.0 1450.0 83.0 499.0 1856.4620379877774
0.0 1457.0 79.0 496.0 1777.2913689029479
0.0 1337.0 148.0 723.0 3003.3529663919303
0.0 1413.0 101.0 578.0 2182.6419110072857
0.0 1393.0 112.0 622.0 2432.11053037262
0.0 1408.0 109.0 570.0 2262.2515299989723
0.0 1333.0 152.0 723.0 3039.9805284639474
0.0 1457.0 79.0 496.0 1777.2913689029479
0.0 1376.0 121.0 676.0 2574.905180732691
0.0 1380.0 113.0 722.0 2532.434607674457
0.0 1457.0 79.0 496.0 1777.2913689029479
0.0 1421.0 93.0 589.0 2145.159142181081
0.0 1354.0 125.0 775.0 2784.947864309191
0.0 1457.0 79.0 496.0 1777.2913689029479
0.0 1326.0 150.0 749.0 3124.5416967155247
0.0 1336.0 150.0 725.0 2983.917856698568
0.0 1391.0 110.0 648.0 2438.8507937533336
0.0 1411.0 95.0 658.0 2295.8456652837085
0.0 1393.0 112.0 622.0 2432.11053037262
0.0 1400.0 103.0 655.0 2341.464026571063
0.0 1371.0 121.0 699.0 2624.2030769788817
0.0 1408.0 104.0 587.0 2227.544017898153
0.0 1326.0 150.0 749.0 3124.5416967155247
0.0 1299.0 161.0 828.0 3364.18901406829
0.0 1408.0 109.0 570.0 2262.2515299989723
0.0 1286.0 166.0 869.0 3482.45250702272
0.0 1389.0 119.0 622.0 2504.9823499132162
0.0 1401.0 108.0 604.0 2332.121670368768
0.0 1331.0 143.0 763.0 3062.548565766269
0.0 1413.0 101.0 578.0 2182.6419110072857
0.0 1393.0 112.0 622.0 2432.11053037262
0.0 1450.0 83.0 499.0 1856.4620379877774
0.0 1321.0 147.0 781.0 3166.936868510315
0.0 1411.0 95.0 658.0 2295.8456652837085
0.0 1400.0 103.0 655.0 2341.464026571063
0.0 1443.0 86.0 518.0 1911.3934880865397
0.0 1389.0 114.0 636.0 2464.694306830016
0.0 1331.0 143.0 763.0 3062.548565766269
0.0 1293.0 172.0 816.0 3413.1021831822
0.0 1331.0 143.0 763.0 3062.548565766269
0.0 1423.0 98.0 536.0 2093.3724271611673
0.0 1459.0 80.0 475.0 1759.4717589077607
0.0 1321.0 147.0 781.0 3166.936868510315
0.0 1408.0 104.0 587.0 2227.544017898153
0.0 1295.0 158.0 870.0 3419.84085089364
0.0 1364.0 128.0 696.0 2709.2719769144055
0.0 1343.0 130.0 813.0 2936.743064217226
0.0 1401.0 108.0 604.0 2332.121670368768
0.0 1321.0 147.0 781.0 3166.936868510315
0.0 1321.0 147.0 781.0 3166.936868510315
0.0 1324.0 137.0 875.0 3123.977218942558
0.0 1321.0 147.0 781.0 3166.936868510315
0.0 1433.0 94.0 511.0 1982.8034541997824
0.0 1461.0 84.0 459.0 1751.7456113794228
0.0 1461.0 84.0 459.0 1751.7456113794228
0.0 1431.0 88.0 565.0 2033.5880160244603
0.0 1391.0 110.0 648.0 2438.8507937533336
0.0 1423.0 98.0 536.0 2093.3724271611673
0.0 1364.0 128.0 696.0 2709.2719769144055
0.0 1454.0 91.0 458.0 1828.7271143135526
0.0 1454.0 91.0 458.0 1828.7271143135526
0.0 1459.0 80.0 475.0 1759.4717589077607
0.0 1431.0 88.0 565.0 2033.5880160244603
0.0 1423.0 98.0 536.0 2093.3724271611673
0.0 1333.0 152.0 723.0 3039.9805284639474
0.0 1324.0 137.0 875.0 3123.977218942558
0.0 1324.0 137.0 875.0 3123.977218942558
0.0 1452.0 80.0 525.0 1820.7894750428625
0.0 1324.0 137.0 875.0 3123.977218942558
0.0 1452.0 80.0 525.0 1820.7894750428625
0.0 1324.0 137.0 875.0 3123.977218942558
0.0 1436.0 100.0 494.0 1991.9560772710988
0.0 1286.0 166.0 869.0 3482.45250702272
0.0 1443.0 86.0 518.0 1911.3934880865397
0.0 1459.0 80.0 475.0 1759.4717589077607
0.0 1436.0 100.0 494.0 1991.9560772710988
0.0 1291.0 156.0 933.0 3469.510142223424
0.0 1330.0 135.0 850.0 3070.506588603627
0.0 1362.0 136.0 680.0 2757.9367599952598
0.0 1293.0 172.0 816.0 3413.1021831822
0.0 1329.0 154.0 735.0 3078.4301723624203
0.0 1379.0 116.0 691.0 2552.1441149587267
0.0 1343.0 130.0 813.0 2936.743064217226
0.0 1433.0 94.0 511.0 1982.8034541997824
0.0 1431.0 88.0 565.0 2033.5880160244603
0.0 1456.0 82.0 479.0 1774.2404901744449
0.0 1417.0 104.0 549.0 2190.7378902208843
0.0 1433.0 94.0 511.0 1982.8034541997824
0.0 1433.0 94.0 511.0 1982.8034541997824
0.0 1372.0 116.0 730.0 2604.7436561914305
0.0 1417.0 104.0 549.0 2190.7378902208843
0.0 1330.0 135.0 850.0 3070.506588603627
0.0 1433.0 94.0 511.0 1982.8034541997824
0.0 1321.0 147.0 781.0 3166.936868510315
0.0 1451.0 87.0 478.0 1831.286714698754
0.0 1456.0 82.0 479.0 1774.2404901744449
0.0 1427.0 91.0 559.0 2104.5048040001952
0.0 1291.0 156.0 933.0 3469.510142223424
0.0 1343.0 143.0 724.0 2912.0949489067393
0.0 1291.0 156.0 933.0 3469.510142223424
0.0 1299.0 168.0 785.0 3351.625836755687
0.0 1431.0 88.0 565.0 2033.5880160244603
0.0 1389.0 114.0 636.0 2464.694306830016
0.0 1393.0 111.0 630.0 2420.4445600496206
0.0 1445.0 88.0 498.0 1909.0167798871678
0.0 1299.0 168.0 785.0 3351.625836755687
0.0 1372.0 116.0 730.0 2604.7436561914305
0.0 1337.0 139.0 770.0 2961.76934428398
0.0 1343.0 143.0 724.0 2912.0949489067393
0.0 1337.0 139.0 770.0 2961.76934428398
0.0 1372.0 116.0 730.0 2604.7436561914305
0.0 1454.0 91.0 458.0 1828.7271143135526
0.0 1284.0 163.0 914.0 3513.365703390174
0.0 1343.0 143.0 724.0 2912.0949489067393
0.0 1431.0 88.0 565.0 2033.5880160244603
0.0 1343.0 143.0 724.0 2912.0949489067393
0.0 1337.0 139.0 770.0 2961.76934428398
0.0 1304.0 149.0 912.0 3320.6831006109396
0.0 1409.0 101.0 605.0 2206.982965633498
0.0 1311.0 147.0 862.0 3274.0372633933193
0.0 1356.0 129.0 720.0 2758.3148954219837
0.0 1423.0 98.0 536.0 2093.3724271611673
0.0 1299.0 168.0 785.0 3351.625836755687
0.0 1336.0 150.0 725.0 2983.917856698568
0.0 1423.0 98.0 536.0 2093.3724271611673
0.0 1356.0 129.0 720.0 2758.3148954219837
0.0 1423.0 98.0 536.0 2093.3724271611673
0.0 1371.0 121.0 699.0 2624.2030769788817
0.0 1336.0 150.0 725.0 2983.917856698568
0.0 1336.0 150.0 725.0 2983.917856698568
0.0 1299.0 168.0 785.0 3351.625836755687
0.0 1299.0 168.0 785.0 3351.625836755687
0.0 1343.0 143.0 724.0 2912.0949489067393
0.0 1299.0 168.0 785.0 3351.625836755687
0.0 1423.0 98.0 536.0 2093.3724271611673
0.0 1356.0 129.0 720.0 2758.3148954219837
0.0 1433.0 94.0 511.0 1982.8034541997824
0.0 1413.0 101.0 578.0 2182.6419110072857
0.0 1359.0 127.0 716.0 2727.2409326081993
0.0 1372.0 116.0 730.0 2604.7436561914305
0.0 1299.0 168.0 785.0 3351.625836755687
0.0 1299.0 168.0 785.0 3351.625836755687
0.0 1389.0 114.0 636.0 2464.694306830016
0.0 1442.0 85.0 539.0 1905.3185019951188
0.0 1442.0 85.0 539.0 1905.3185019951188
0.0 1372.0 116.0 730.0 2604.7436561914305
0.0 1359.0 127.0 716.0 2727.2409326081993
0.0 1299.0 168.0 785.0 3351.625836755687
0.0 1396.0 105.0 669.0 2370.0087225407174
0.0 1354.0 125.0 775.0 2784.947864309191
0.0 1389.0 114.0 636.0 2464.694306830016
0.0 1433.0 94.0 511.0 1982.8034541997824
0.0 1454.0 91.0 458.0 1828.7271143135526
0.0 1372.0 116.0 730.0 2604.7436561914305
0.0 1389.0 114.0 636.0 2464.694306830016
0.0 1423.0 98.0 536.0 2093.3724271611673
0.0 1380.0 115.0 694.0 2544.532741500273
0.0 1365.0 116.0 800.0 2725.202760190438
0.0 1365.0 116.0 800.0 2725.202760190438
0.0 1433.0 94.0 511.0 1982.8034541997824
0.0 1390.0 112.0 637.0 2466.9635055952444
0.0 1454.0 91.0 458.0 1828.7271143135526
0.0 1457.0 79.0 496.0 1777.2913689029479
0.0 1433.0 94.0 511.0 1982.8034541997824
0.0 1445.0 88.0 498.0 1909.0167798871678
0.0 1299.0 168.0 785.0 3351.625836755687
0.0 1423.0 98.0 536.0 2093.3724271611673
0.0 1433.0 94.0 511.0 1982.8034541997824
0.0 1376.0 121.0 676.0 2574.905180732691
0.0 1409.0 101.0 605.0 2206.982965633498
0.0 1457.0 79.0 496.0 1777.2913689029479
0.0 1423.0 98.0 536.0 2093.3724271611673
0.0 1423.0 98.0 536.0 2093.3724271611673
0.0 1343.0 130.0 813.0 2936.743064217226
0.0 1442.0 85.0 539.0 1905.3185019951188
0.0 1409.0 101.0 605.0 2206.982965633498
0.0 1442.0 85.0 539.0 1905.3185019951188
0.0 1299.0 168.0 785.0 3351.625836755687
0.0 1457.0 79.0 496.0 1777.2913689029479
0.0 1456.0 82.0 479.0 1774.2404901744449
0.0 1370.0 129.0 676.0 2664.584515711221
0.0 1438.0 90.0 524.0 1936.017364745846
0.0 1433.0 94.0 511.0 1982.8034541997824
0.0 1281.0 166.0 915.0 3539.6513819877932
0.0 1438.0 90.0 524.0 1936.017364745846
0.0 1330.0 135.0 850.0 3070.506588603627
0.0 1357.0 128.0 720.0 2746.0644553401485
0.0 1365.0 116.0 800.0 2725.202760190438
0.0 1365.0 116.0 800.0 2725.202760190438
0.0 1330.0 135.0 850.0 3070.506588603627
0.0 1357.0 128.0 720.0 2746.0644553401485
0.0 1295.0 158.0 870.0 3419.84085089364
0.0 1433.0 94.0 511.0 1982.8034541997824
0.0 1423.0 98.0 536.0 2093.3724271611673
0.0 1348.0 134.0 743.0 2861.0358772317127
0.0 1454.0 91.0 458.0 1828.7271143135526
0.0 1409.0 101.0 605.0 2206.982965633498
0.0 1462.0 81.0 464.0 1743.8683949736574
0.0 1372.0 116.0 730.0 2604.7436561914305
0.0 1433.0 94.0 511.0 1982.8034541997824
0.0 1389.0 119.0 622.0 2504.9823499132162
0.0 1459.0 80.0 475.0 1759.4717589077607
0.0 1459.0 80.0 475.0 1759.4717589077607
0.0 1376.0 121.0 676.0 2574.905180732691
0.0 1427.0 89.0 580.0 2107.392662124868
0.0 1329.0 154.0 735.0 3078.4301723624203
0.0 1396.0 105.0 669.0 2370.0087225407174
0.0 1396.0 105.0 669.0 2370.0087225407174
0.0 1463.0 80.0 472.0 1729.7271476794087
0.0 1396.0 105.0 669.0 2370.0087225407174
0.0 1348.0 134.0 743.0 2861.0358772317127
0.0 1284.0 163.0 914.0 3513.365703390174
0.0 1429.0 88.0 588.0 2048.2127777469836
0.0 1433.0 94.0 511.0 1982.8034541997824
0.0 1348.0 134.0 743.0 2861.0358772317127
0.0 1443.0 86.0 518.0 1911.3934880865397
0.0 1389.0 119.0 622.0 2504.9823499132162
0.0 1362.0 136.0 680.0 2757.9367599952598
0.0 1376.0 121.0 676.0 2574.905180732691
0.0 1354.0 125.0 775.0 2784.947864309191
0.0 1463.0 80.0 472.0 1729.7271476794087
0.0 1376.0 120.0 682.0 2566.4797256981924
0.0 1295.0 158.0 870.0 3419.84085089364
0.0 1291.0 156.0 933.0 3469.510142223424
0.0 1359.0 127.0 716.0 2727.2409326081993
0.0 1362.0 136.0 680.0 2757.9367599952598
0.0 1451.0 87.0 478.0 1831.286714698754
0.0 1362.0 136.0 680.0 2757.9367599952598
0.0 1337.0 137.0 788.0 2957.9872742905454
0.0 1362.0 136.0 680.0 2757.9367599952598
0.0 1281.0 166.0 915.0 3539.6513819877932
0.0 1443.0 86.0 518.0 1911.3934880865397
0.0 1309.0 164.0 779.0 3258.979270680218
0.0 1309.0 164.0 779.0 3258.979270680218
0.0 1413.0 101.0 578.0 2182.6419110072857
0.0 1286.0 166.0 869.0 3482.45250702272
0.0 1403.0 111.0 584.0 2279.130524225026
0.0 1405.0 103.0 609.0 2282.9357165376646
0.0 1286.0 166.0 869.0 3482.45250702272
0.0 1461.0 84.0 459.0 1751.7456113794228
0.0 1301.0 160.0 826.0 3350.99191798212
0.0 1403.0 111.0 584.0 2279.130524225026
0.0 1413.0 101.0 578.0 2182.6419110072857
0.0 1403.0 111.0 584.0 2279.130524225026
0.0 1304.0 149.0 912.0 3320.6831006109396
0.0 1403.0 111.0 584.0 2279.130524225026
0.0 1459.0 80.0 475.0 1759.4717589077607
0.0 1403.0 111.0 584.0 2279.130524225026
0.0 1459.0 80.0 475.0 1759.4717589077607
0.0 1463.0 80.0 472.0 1729.7271476794087
0.0 1453.0 85.0 478.0 1811.3514362889332
0.0 1405.0 103.0 609.0 2282.9357165376646
0.0 1463.0 80.0 472.0 1729.7271476794087
0.0 1359.0 127.0 716.0 2727.2409326081993
0.0 1304.0 149.0 912.0 3320.6831006109396
0.0 1359.0 127.0 716.0 2727.2409326081993
0.0 1393.0 111.0 630.0 2420.4445600496206
0.0 1359.0 127.0 716.0 2727.2409326081993
0.0 1359.0 127.0 716.0 2727.2409326081993
0.0 1463.0 80.0 472.0 1729.7271476794087
0.0 1376.0 120.0 682.0 2566.4797256981924
0.0 1442.0 85.0 539.0 1905.3185019951188
0.0 1376.0 120.0 682.0 2566.4797256981924
0.0 1408.0 104.0 587.0 2227.544017898153
0.0 1371.0 121.0 699.0 2624.2030769788817
0.0 1408.0 104.0 587.0 2227.544017898153
0.0 1379.0 116.0 691.0 2552.1441149587267
0.0 1301.0 160.0 826.0 3350.99191798212
0.0 1326.0 150.0 749.0 3124.5416967155247
0.0 1462.0 81.0 464.0 1743.8683949736574
0.0 1462.0 81.0 464.0 1743.8683949736574
0.0 1462.0 81.0 464.0 1743.8683949736574
0.0 1451.0 87.0 478.0 1831.286714698754
0.0 1401.0 108.0 604.0 2332.121670368768
0.0 1451.0 87.0 478.0 1831.286714698754
0.0 1376.0 121.0 676.0 2574.905180732691
0.0 1451.0 87.0 478.0 1831.286714698754
0.0 1462.0 81.0 464.0 1743.8683949736574
0.0 1403.0 111.0 584.0 2279.130524225026
0.0 1396.0 105.0 669.0 2370.0087225407174
0.0 1403.0 111.0 584.0 2279.130524225026
0.0 1408.0 104.0 587.0 2227.544017898153
0.0 1462.0 81.0 464.0 1743.8683949736574
0.0 1462.0 81.0 464.0 1743.8683949736574
0.0 1462.0 81.0 464.0 1743.8683949736574
0.0 1462.0 81.0 464.0 1743.8683949736574
0.0 1462.0 81.0 464.0 1743.8683949736574
0.0 1413.0 101.0 578.0 2182.6419110072857
0.0 1413.0 101.0 578.0 2182.6419110072857
