0.0 1378.0 115.0 699.0 2568.7987290818683
0.0 1431.0 95.0 531.0 2039.2194352266608
0.0 1423.0 95.0 572.0 2119.267129166972
0.0 1370.0 130.0 676.0 2682.7550819919134
0.0 1409.0 106.0 577.0 2240.7311808126583
0.0 1461.0 80.0 482.0 1754.7219464101943
0.0 1359.0 131.0 701.0 2761.35118505031
0.0 1433.0 89.0 572.0 2024.5234421192713
0.0 1336.0 137.0 798.0 2968.8932296622265
0.0 1324.0 143.0 838.0 3101.754281721996
0.0 1459.0 80.0 475.0 1759.4717589077607
0.0 1409.0 106.0 577.0 2240.7311808126583
0.0 1311.0 155.0 813.0 3271.8941349823745
0.0 1373.0 118.0 725.0 2575.3930765001724
0.0 1300.0 168.0 798.0 3373.0412607292283
0.0 1459.0 80.0 475.0 1759.4717589077607
0.0 1292.0 171.0 834.0 3433.715179728509
0.0 1391.0 113.0 620.0 2443.9773484569214
0.0 1445.0 91.0 496.0 1882.0741921624056
0.0 1370.0 130.0 676.0 2682.7550819919134
0.0 1292.0 171.0 834.0 3433.715179728509
0.0 1448.0 87.0 505.0 1860.0112470772558
0.0 1430.0 99.0 521.0 2036.850789709537
0.0 1402.0 105.0 625.0 2334.7794414777413
0.0 1451.0 81.0 533.0 1868.464286784415
0.0 1357.0 126.0 743.0 2761.133045118205
0.0 1452.0 82.0 511.0 1830.150229465596
0.0 1391.0 113.0 620.0 2443.9773484569214
0.0 1359.0 131.0 701.0 2761.35118505031
0.0 1391.0 113.0 620.0 2443.9773484569214
0.0 1439.0 91.0 508.0 1950.5370370735845
0.0 1450.0 89.0 478.0 1891.0610908302672
0.0 1407.0 106.0 584.0 2296.8620650346775
0.0 1370.0 130.0 676.0 2682.7550819919134
0.0 1459.0 80.0 475.0 1759.4717589077607
0.0 1285.0 168.0 877.0 3502.1497742147285
0.0 1375.0 119.0 707.0 2597.9614325354596
0.0 1409.0 106.0 577.0 2240.7311808126583
0.0 1409.0 106.0 577.0 2240.7311808126583
0.0 1444.0 88.0 518.0 1921.9244871121239
0.0 1411.0 102.0 592.0 2261.635562042012
0.0 1455.0 85.0 478.0 1790.394133965575
0.0 1353.0 125.0 785.0 2791.288217927023
0.0 1391.0 113.0 620.0 2443.9773484569214
0.0 1373.0 118.0 725.0 2575.3930765001724
0.0 1425.0 103.0 524.0 2122.9988910001553
0.0 1397.0 107.0 649.0 2384.336639778834
0.0 1407.0 101.0 634.0 2247.418177009765
0.0 1370.0 130.0 676.0 2682.7550819919134
0.0 1423.0 95.0 572.0 2119.267129166972
0.0 1423.0 95.0 572.0 2119.267129166972
0.0 1384.0 116.0 675.0 2493.3072325062394
0.0 1416.0 96.0 622.0 2204.9925026779533
0.0 1420.0 101.0 562.0 2117.099061033027
0.0 1439.0 91.0 508.0 1950.5370370735845
0.0 1409.0 106.0 577.0 2240.7311808126583
0.0 1445.0 91.0 496.0 1882.0741921624056
0.0 1359.0 131.0 701.0 2761.35118505031
0.0 1328.0 145.0 773.0 3099.4641244494214
0.0 1328.0 154.0 750.0 3094.1467840804767
0.0 1324.0 157.0 760.0 3094.3684759126095
0.0 1351.0 134.0 724.0 2869.749632719981
0.0 1459.0 80.0 475.0 1759.4717589077607
0.0 1459.0 80.0 475.0 1759.4717589077607
0.0 1409.0 106.0 577.0 2240.7311808126583
0.0 1392.0 106.0 689.0 2486.6439549547536
0.0 1410.0 100.0 611.0 2213.033817006781
0.0 1304.0 149.0 920.0 3330.734797627038
0.0 1461.0 80.0 482.0 1754.7219464101943
0.0 1333.0 139.0 808.0 2997.5648149600543
0.0 1404.0 103.0 635.0 2299.458844622481
0.0 1455.0 85.0 477.0 1796.6423244240204
0.0 1336.0 152.0 726.0 3014.138369951887
0.0 1451.0 84.0 494.0 1863.845182065187
0.0 1430.0 99.0 521.0 2036.850789709537
0.0 1418.0 96.0 602.0 2199.396319912993
0.0 1279.0 167.0 931.0 3563.133611270606
0.0 1309.0 148.0 882.0 3300.1356928406076
0.0 1373.0 118.0 725.0 2575.3930765001724
0.0 1283.0 167.0 889.0 3529.6659310764567
0.0 1356.0 128.0 739.0 2749.3857929284763
0.0 1431.0 95.0 531.0 2039.2194352266608
0.0 1451.0 89.0 471.0 1842.1949572423202
0.0 1412.0 96.0 654.0 2276.9232285318694
0.0 1389.0 118.0 626.0 2489.498323555724
0.0 1451.0 84.0 494.0 1863.845182065187
0.0 1325.0 149.0 769.0 3147.678723438477
0.0 1375.0 119.0 707.0 2597.9614325354596
0.0 1454.0 82.0 490.0 1830.6015707677286
0.0 1367.0 123.0 712.0 2661.509674508075
0.0 1330.0 145.0 770.0 3080.317484547098
0.0 1455.0 85.0 477.0 1796.6423244240204
0.0 1408.0 104.0 596.0 2242.6611813338736
0.0 1409.0 106.0 577.0 2240.7311808126583
0.0 1405.0 108.0 593.0 2279.1085822757664
0.0 1423.0 95.0 572.0 2119.267129166972
0.0 1336.0 152.0 726.0 3014.138369951887
0.0 1337.0 139.0 770.0 2966.3349460378295
0.0 1339.0 137.0 774.0 2940.8652381791353
0.0 1373.0 118.0 725.0 2575.3930765001724
0.0 1418.0 97.0 587.0 2184.316343766839
0.0 1356.0 124.0 770.0 2768.4676806942884
0.0 1337.0 139.0 770.0 2966.3349460378295
0.0 1428.0 93.0 563.0 2058.5011778722646
0.0 1462.0 80.0 482.0 1738.4634545674157
0.0 1408.0 104.0 596.0 2242.6611813338736
0.0 1391.0 113.0 620.0 2443.9773484569214
0.0 1461.0 78.0 497.0 1757.6615883372297
0.0 1284.0 166.0 895.0 3504.765507339021
0.0 1280.0 168.0 919.0 3561.2649439194665
0.0 1370.0 130.0 676.0 2682.7550819919134
0.0 1390.0 111.0 654.0 2448.698856319212
0.0 1430.0 99.0 521.0 2036.850789709537
0.0 1439.0 91.0 508.0 1950.5370370735845
0.0 1356.0 126.0 753.0 2768.389902064144
0.0 1408.0 104.0 596.0 2242.6611813338736
0.0 1307.0 164.0 799.0 3251.855027466747
0.0 1359.0 131.0 701.0 2761.35118505031
0.0 1430.0 99.0 521.0 2036.850789709537
0.0 1439.0 91.0 508.0 1950.5370370735845
0.0 1395.0 108.0 653.0 2407.6887047001674
0.0 1425.0 103.0 524.0 2122.9988910001553
0.0 1392.0 106.0 689.0 2486.6439549547536
0.0 1384.0 116.0 675.0 2493.3072325062394
0.0 1304.0 150.0 907.0 3314.3587827032934
0.0 1402.0 109.0 604.0 2331.803051897348
0.0 1336.0 152.0 726.0 3014.138369951887
0.0 1356.0 124.0 770.0 2768.4676806942884
0.0 1387.0 120.0 624.0 2518.0499887861693
0.0 1462.0 81.0 478.0 1751.938360277792
0.0 1439.0 91.0 508.0 1950.5370370735845
0.0 1307.0 164.0 799.0 3251.855027466747
0.0 1378.0 120.0 682.0 2575.9172628499814
0.0 1336.0 152.0 726.0 3014.138369951887
0.0 1307.0 164.0 799.0 3251.855027466747
0.0 1307.0 164.0 799.0 3251.855027466747
0.0 1429.0 92.0 553.0 2062.881742117871
0.0 1307.0 164.0 799.0 3251.855027466747
0.0 1439.0 91.0 508.0 1950.5370370735845
0.0 1395.0 109.0 635.0 2419.3276657300926
0.0 1356.0 124.0 770.0 2768.4676806942884
0.0 1372.0 129.0 675.0 2675.309135183179
0.0 1459.0 80.0 475.0 1759.4717589077607
0.0 1433.0 89.0 572.0 2024.5234421192713
0.0 1356.0 124.0 770.0 2768.4676806942884
0.0 1431.0 95.0 531.0 2039.2194352266608
0.0 1370.0 130.0 676.0 2682.7550819919134
0.0 1308.0 152.0 846.0 3274.52412526911
0.0 1405.0 108.0 593.0 2279.1085822757664
0.0 1336.0 152.0 726.0 3014.138369951887
0.0 1290.0 157.0 932.0 3472.4037642491176
0.0 1430.0 99.0 521.0 2036.850789709537
0.0 1325.0 149.0 769.0 3147.678723438477
0.0 1391.0 113.0 620.0 2443.9773484569214
0.0 1461.0 80.0 482.0 1754.7219464101943
0.0 1389.0 118.0 626.0 2489.498323555724
0.0 1292.0 171.0 834.0 3433.715179728509
0.0 1294.0 159.0 870.0 3432.05423141101
0.0 1336.0 152.0 726.0 3014.138369951887
0.0 1359.0 131.0 701.0 2761.35118505031
0.0 1423.0 95.0 572.0 2119.267129166972
0.0 1339.0 137.0 774.0 2940.8652381791353
0.0 1378.0 112.0 744.0 2557.475954379107
0.0 1356.0 124.0 770.0 2768.4676806942884
0.0 1459.0 80.0 475.0 1759.4717589077607
0.0 1462.0 81.0 478.0 1751.938360277792
0.0 1320.0 146.0 819.0 3173.037645696279
0.0 1391.0 113.0 620.0 2443.9773484569214
0.0 1402.0 109.0 604.0 2331.803051897348
0.0 1460.0 81.0 480.0 1755.3636870611983
0.0 1391.0 113.0 620.0 2443.9773484569214
0.0 1408.0 104.0 596.0 2242.6611813338736
0.0 1439.0 91.0 508.0 1950.5370370735845
0.0 1398.0 106.0 656.0 2367.6261357362896
0.0 1444.0 87.0 528.0 1922.9759556721453
0.0 1324.0 143.0 830.0 3107.0383098694756
0.0 1311.0 149.0 859.0 3251.9770664831613
0.0 1336.0 152.0 726.0 3014.138369951887
0.0 1459.0 80.0 475.0 1759.4717589077607
0.0 1382.0 119.0 669.0 2544.243759119658
0.0 1336.0 152.0 726.0 3014.138369951887
0.0 1445.0 91.0 496.0 1882.0741921624056
0.0 1453.0 83.0 490.0 1842.8149512850982
0.0 1459.0 85.0 469.0 1767.5804424425633
0.0 1351.0 134.0 724.0 2869.749632719981
0.0 1328.0 145.0 773.0 3099.4641244494214
0.0 1409.0 106.0 577.0 2240.7311808126583
0.0 1449.0 83.0 515.0 1865.0026754079684
0.0 1461.0 78.0 497.0 1757.6615883372297
0.0 1429.0 91.0 574.0 2050.720197557929
0.0 1350.0 133.0 735.0 2890.609625184877
0.0 1459.0 80.0 475.0 1759.4717589077607
0.0 1391.0 113.0 620.0 2443.9773484569214
0.0 1307.0 164.0 799.0 3251.855027466747
0.0 1455.0 85.0 477.0 1796.6423244240204
0.0 1430.0 99.0 521.0 2036.850789709537
0.0 1407.0 101.0 634.0 2247.418177009765
0.0 1358.0 121.0 800.0 2797.5855296781174
0.0 1439.0 91.0 508.0 1950.5370370735845
0.0 1335.0 139.0 782.0 2998.036821315443
0.0 1430.0 99.0 521.0 2036.850789709537
0.0 1351.0 134.0 724.0 2869.749632719981
0.0 1356.0 124.0 770.0 2768.4676806942884
0.0 1439.0 91.0 508.0 1950.5370370735845
0.0 1378.0 120.0 682.0 2575.9172628499814
0.0 1445.0 91.0 496.0 1882.0741921624056
0.0 1370.0 122.0 711.0 2617.171495919508
0.0 1389.0 118.0 626.0 2489.498323555724
0.0 1392.0 106.0 689.0 2486.6439549547536
0.0 1324.0 143.0 830.0 3107.0383098694756
0.0 1324.0 140.0 838.0 3126.8447189604744
0.0 1304.0 150.0 907.0 3314.3587827032934
0.0 1404.0 109.0 594.0 2309.646538767191
0.0 1391.0 113.0 620.0 2443.9773484569214
0.0 1455.0 85.0 477.0 1796.6423244240204
0.0 1307.0 164.0 799.0 3251.855027466747
0.0 1358.0 121.0 800.0 2797.5855296781174
0.0 1298.0 168.0 819.0 3393.5187333324047
0.0 1459.0 80.0 475.0 1759.4717589077607
0.0 1453.0 83.0 490.0 1842.8149512850982
0.0 1439.0 91.0 508.0 1950.5370370735845
0.0 1431.0 98.0 516.0 2046.6782612790103
0.0 1430.0 99.0 521.0 2036.850789709537
0.0 1459.0 80.0 475.0 1759.4717589077607
0.0 1367.0 123.0 712.0 2661.509674508075
0.0 1285.0 168.0 877.0 3502.1497742147285
0.0 1370.0 130.0 676.0 2682.7550819919134
0.0 1367.0 121.0 746.0 2653.9149082040426
0.0 1290.0 157.0 932.0 3472.4037642491176
0.0 1451.0 89.0 471.0 1842.1949572423202
0.0 1307.0 164.0 799.0 3251.855027466747
0.0 1294.0 159.0 870.0 3432.05423141101
0.0 1405.0 108.0 593.0 2279.1085822757664
0.0 1429.0 91.0 574.0 2050.720197557929
0.0 1336.0 152.0 726.0 3014.138369951887
0.0 1459.0 79.0 497.0 1777.46934440473
0.0 1432.0 91.0 550.0 2010.332736027813
0.0 1391.0 113.0 620.0 2443.9773484569214
0.0 1408.0 104.0 596.0 2242.6611813338736
0.0 1372.0 123.0 698.0 2617.3766638299303
0.0 1373.0 118.0 725.0 2575.3930765001724
0.0 1399.0 107.0 631.0 2366.0137828787733
0.0 1423.0 95.0 572.0 2119.267129166972
0.0 1431.0 95.0 531.0 2039.2194352266608
0.0 1430.0 99.0 521.0 2036.850789709537
0.0 1423.0 95.0 572.0 2119.267129166972
0.0 1337.0 139.0 770.0 2966.3349460378295
0.0 1336.0 152.0 726.0 3014.138369951887
0.0 1431.0 95.0 531.0 2039.2194352266608
0.0 1454.0 91.0 456.0 1823.1006876677739
0.0 1373.0 118.0 725.0 2575.3930765001724
0.0 1389.0 118.0 626.0 2489.498323555724
0.0 1300.0 152.0 903.0 3382.64076926314
0.0 1350.0 133.0 735.0 2890.609625184877
0.0 1356.0 124.0 770.0 2768.4676806942884
0.0 1455.0 85.0 478.0 1790.394133965575
0.0 1301.0 162.0 824.0 3350.165503408334
0.0 1305.0 157.0 828.0 3306.101379352017
0.0 1410.0 100.0 611.0 2213.033817006781
0.0 1439.0 91.0 508.0 1950.5370370735845
0.0 1319.0 152.0 793.0 3172.413144825238
0.0 1280.0 168.0 919.0 3561.2649439194665
0.0 1451.0 87.0 480.0 1881.1606243292433
0.0 1461.0 80.0 482.0 1754.7219464101943
0.0 1418.0 97.0 587.0 2184.316343766839
0.0 1424.0 93.0 593.0 2101.0751011355196
0.0 1373.0 118.0 725.0 2575.3930765001724
0.0 1391.0 113.0 620.0 2443.9773484569214
0.0 1455.0 85.0 477.0 1796.6423244240204
0.0 1305.0 155.0 843.0 3314.685242478242
0.0 1430.0 99.0 521.0 2036.850789709537
0.0 1336.0 152.0 726.0 3014.138369951887
0.0 1405.0 108.0 593.0 2279.1085822757664
0.0 1431.0 95.0 531.0 2039.2194352266608
0.0 1279.0 167.0 931.0 3563.133611270606
0.0 1292.0 171.0 834.0 3433.715179728509
0.0 1337.0 139.0 770.0 2966.3349460378295
0.0 1451.0 89.0 471.0 1842.1949572423202
0.0 1397.0 107.0 649.0 2384.336639778834
0.0 1283.0 167.0 889.0 3529.6659310764567
0.0 1402.0 109.0 604.0 2331.803051897348
0.0 1283.0 165.0 916.0 3494.5241799764126
0.0 1330.0 145.0 770.0 3080.317484547098
0.0 1308.0 151.0 863.0 3269.353582092244
0.0 1292.0 161.0 870.0 3451.989509820831
0.0 1423.0 95.0 572.0 2119.267129166972
0.0 1453.0 83.0 490.0 1842.8149512850982
0.0 1370.0 130.0 676.0 2682.7550819919134
0.0 1459.0 80.0 475.0 1759.4717589077607
0.0 1294.0 159.0 870.0 3432.05423141101
0.0 1409.0 106.0 577.0 2240.7311808126583
0.0 1429.0 91.0 574.0 2050.720197557929
0.0 1307.0 164.0 799.0 3251.855027466747
0.0 1451.0 84.0 494.0 1863.845182065187
0.0 1459.0 85.0 469.0 1767.5804424425633
0.0 1335.0 139.0 782.0 2998.036821315443
0.0 1459.0 79.0 497.0 1777.46934440473
