0.0 1359.0 139.0 689.0 2777.069988321455
0.0 1330.0 145.0 772.0 3082.5013837126858
0.0 1451.0 82.0 514.0 1853.9405463594169
0.0 1429.0 97.0 514.0 2068.8639701861352
0.0 1459.0 84.0 472.0 1760.8039475618925
0.0 1458.0 85.0 469.0 1777.1036840478182
0.0 1295.0 169.0 820.0 3392.092208658972
0.0 1387.0 119.0 636.0 2522.3689902862593
0.0 1357.0 126.0 738.0 2757.67244230459
0.0 1409.0 104.0 585.0 2250.9680719791822
0.0 1301.0 168.0 805.0 3327.6829760810865
0.0 1462.0 81.0 470.0 1743.59860637691
0.0 1372.0 115.0 751.0 2616.608273976424
0.0 1418.0 100.0 571.0 2175.7377753472815
0.0 1351.0 134.0 721.0 2885.3367314178613
0.0 1408.0 101.0 615.0 2217.8889210051802
0.0 1337.0 135.0 809.0 2969.923812135685
0.0 1405.0 108.0 585.0 2249.436572225657
0.0 1423.0 96.0 562.0 2105.3738068344446
0.0 1455.0 84.0 475.0 1842.043670467693
0.0 1459.0 84.0 472.0 1760.8039475618925
0.0 1389.0 110.0 677.0 2476.0792480573255
0.0 1392.0 112.0 626.0 2431.4941793428043
0.0 1448.0 84.0 509.0 1875.0528316874443
0.0 1455.0 83.0 479.0 1830.7384132409907
0.0 1392.0 112.0 626.0 2431.4941793428043
0.0 1458.0 85.0 469.0 1777.1036840478182
0.0 1351.0 134.0 721.0 2885.3367314178613
0.0 1460.0 81.0 478.0 1742.8725529646786
0.0 1412.0 104.0 558.0 2204.1374993125464
0.0 1378.0 119.0 682.0 2537.8434724881276
0.0 1368.0 129.0 687.0 2701.186484218532
0.0 1429.0 97.0 514.0 2068.8639701861352
0.0 1326.0 156.0 750.0 3102.995185671599
0.0 1435.0 89.0 528.0 1980.4947934055308
0.0 1435.0 89.0 528.0 1980.4947934055308
0.0 1359.0 139.0 689.0 2777.069988321455
0.0 1458.0 85.0 469.0 1777.1036840478182
0.0 1295.0 169.0 820.0 3392.092208658972
0.0 1305.0 149.0 904.0 3317.7026775819286
0.0 1314.0 148.0 853.0 3203.0885144758663
0.0 1425.0 90.0 600.0 2111.5053244606693
0.0 1306.0 166.0 794.0 3271.343460141761
0.0 1425.0 90.0 600.0 2111.5053244606693
0.0 1436.0 93.0 519.0 1999.8769401912552
0.0 1314.0 147.0 847.0 3219.092745621947
0.0 1351.0 134.0 721.0 2885.3367314178613
0.0 1423.0 96.0 562.0 2105.3738068344446
0.0 1458.0 81.0 475.0 1771.7221989895957
0.0 1429.0 97.0 514.0 2068.8639701861352
0.0 1435.0 99.0 509.0 1998.4075900169862
0.0 1384.0 113.0 686.0 2522.1479207500092
0.0 1358.0 130.0 722.0 2765.969489840609
0.0 1301.0 168.0 805.0 3327.6829760810865
0.0 1392.0 112.0 626.0 2431.4941793428043
0.0 1357.0 126.0 738.0 2757.67244230459
0.0 1458.0 85.0 469.0 1777.1036840478182
0.0 1423.0 96.0 562.0 2105.3738068344446
0.0 1353.0 133.0 719.0 2872.2690925449087
0.0 1428.0 103.0 508.0 2048.8777853044644
0.0 1427.0 105.0 506.0 2061.2554698790314
0.0 1401.0 102.0 654.0 2332.94397789959
0.0 1334.0 147.0 739.0 3010.123580547575
0.0 1438.0 94.0 500.0 1953.9553308433485
0.0 1286.0 168.0 873.0 3484.682216777248
0.0 1378.0 119.0 682.0 2537.8434724881276
0.0 1408.0 103.0 598.0 2267.932164910892
0.0 1353.0 133.0 719.0 2872.2690925449087
0.0 1454.0 86.0 472.0 1809.5754937527506
0.0 1358.0 124.0 752.0 2752.185015064685
0.0 1410.0 105.0 578.0 2257.342108551928
0.0 1408.0 102.0 605.0 2239.1149452981285
0.0 1438.0 89.0 544.0 1975.727503324687
0.0 1392.0 112.0 626.0 2431.4941793428043
0.0 1404.0 107.0 599.0 2259.2307719194664
0.0 1326.0 156.0 750.0 3102.995185671599
0.0 1337.0 148.0 732.0 3016.0708850098526
0.0 1393.0 107.0 670.0 2472.343191906004
0.0 1429.0 97.0 514.0 2068.8639701861352
0.0 1461.0 80.0 483.0 1777.1389781603611
0.0 1458.0 85.0 469.0 1777.1036840478182
0.0 1459.0 81.0 488.0 1763.4227552968034
0.0 1343.0 148.0 724.0 2932.77917334007
0.0 1451.0 85.0 497.0 1817.3060697456456
0.0 1430.0 92.0 550.0 2036.9425757835947
0.0 1334.0 141.0 774.0 2997.3718492871476
0.0 1445.0 87.0 512.0 1917.3652746046603
0.0 1438.0 94.0 500.0 1953.9553308433485
0.0 1405.0 108.0 585.0 2249.436572225657
0.0 1449.0 90.0 481.0 1860.7857509419873
0.0 1306.0 148.0 908.0 3297.2939761251414
0.0 1285.0 164.0 902.0 3509.1979303421435
0.0 1464.0 79.0 472.0 1717.4767075975733
0.0 1347.0 137.0 731.0 2919.530942822042
0.0 1332.0 155.0 731.0 3034.857724210888
0.0 1402.0 109.0 597.0 2291.029993879395
0.0 1294.0 160.0 866.0 3433.1659870888825
0.0 1326.0 156.0 750.0 3102.995185671599
0.0 1317.0 148.0 809.0 3210.6440365180624
0.0 1405.0 108.0 585.0 2249.436572225657
0.0 1405.0 108.0 585.0 2249.436572225657
0.0 1359.0 139.0 689.0 2777.069988321455
0.0 1378.0 119.0 682.0 2537.8434724881276
0.0 1286.0 168.0 873.0 3484.682216777248
0.0 1454.0 80.0 510.0 1811.5493891959622
0.0 1429.0 97.0 514.0 2068.8639701861352
0.0 1458.0 85.0 469.0 1777.1036840478182
0.0 1382.0 121.0 665.0 2527.4328012956485
0.0 1356.0 123.0 780.0 2771.6887977379843
0.0 1449.0 90.0 481.0 1860.7857509419873
0.0 1368.0 129.0 687.0 2701.186484218532
0.0 1378.0 119.0 682.0 2537.8434724881276
0.0 1353.0 133.0 719.0 2872.2690925449087
0.0 1392.0 112.0 626.0 2431.4941793428043
0.0 1458.0 80.0 499.0 1779.1670429906396
0.0 1295.0 169.0 820.0 3392.092208658972
0.0 1449.0 90.0 481.0 1860.7857509419873
0.0 1404.0 107.0 599.0 2259.2307719194664
0.0 1449.0 90.0 481.0 1860.7857509419873
0.0 1307.0 152.0 860.0 3285.249295948312
0.0 1356.0 125.0 757.0 2768.794655892805
0.0 1351.0 134.0 721.0 2885.3367314178613
0.0 1435.0 99.0 509.0 1998.4075900169862
0.0 1462.0 81.0 470.0 1743.59860637691
0.0 1356.0 123.0 780.0 2771.6887977379843
0.0 1459.0 81.0 488.0 1763.4227552968034
0.0 1303.0 150.0 918.0 3326.3348790625114
0.0 1392.0 112.0 626.0 2431.4941793428043
0.0 1430.0 92.0 550.0 2036.9425757835947
0.0 1464.0 79.0 472.0 1717.4767075975733
0.0 1423.0 96.0 562.0 2105.3738068344446
0.0 1367.0 117.0 763.0 2670.7325647972734
0.0 1351.0 134.0 721.0 2885.3367314178613
0.0 1334.0 138.0 806.0 2997.178318428327
0.0 1425.0 90.0 600.0 2111.5053244606693
0.0 1326.0 156.0 750.0 3102.995185671599
0.0 1378.0 119.0 682.0 2537.8434724881276
0.0 1449.0 90.0 481.0 1860.7857509419873
0.0 1451.0 85.0 497.0 1817.3060697456456
0.0 1302.0 167.0 804.0 3316.1919227102167
0.0 1438.0 94.0 500.0 1953.9553308433485
0.0 1372.0 115.0 751.0 2616.608273976424
0.0 1317.0 148.0 809.0 3210.6440365180624
0.0 1436.0 93.0 519.0 1999.8769401912552
0.0 1325.0 158.0 748.0 3092.0699891560103
0.0 1375.0 117.0 699.0 2567.2784798703665
0.0 1375.0 117.0 699.0 2567.2784798703665
0.0 1463.0 81.0 468.0 1736.4668031522608
0.0 1431.0 93.0 548.0 2031.5982781653927
0.0 1294.0 159.0 870.0 3432.091290975475
0.0 1375.0 117.0 699.0 2567.2784798703665
0.0 1462.0 79.0 495.0 1760.5044288506062
0.0 1375.0 117.0 699.0 2567.2784798703665
0.0 1423.0 96.0 562.0 2105.3738068344446
0.0 1455.0 83.0 479.0 1830.7384132409907
0.0 1443.0 89.0 514.0 1929.7337382602627
0.0 1423.0 96.0 562.0 2105.3738068344446
0.0 1367.0 117.0 763.0 2670.7325647972734
0.0 1429.0 97.0 514.0 2068.8639701861352
0.0 1438.0 89.0 544.0 1975.727503324687
0.0 1432.0 92.0 543.0 2047.2090403360837
0.0 1459.0 84.0 472.0 1760.8039475618925
0.0 1392.0 112.0 626.0 2431.4941793428043
0.0 1460.0 80.0 494.0 1764.8974394163993
0.0 1398.0 107.0 645.0 2370.2679990221654
0.0 1387.0 119.0 636.0 2522.3689902862593
0.0 1323.0 142.0 846.0 3116.9003616382147
0.0 1409.0 104.0 592.0 2235.1580913403095
0.0 1451.0 85.0 497.0 1817.3060697456456
0.0 1448.0 83.0 522.0 1884.7306559381304
0.0 1408.0 101.0 615.0 2217.8889210051802
0.0 1460.0 81.0 478.0 1742.8725529646786
0.0 1317.0 148.0 809.0 3210.6440365180624
0.0 1459.0 84.0 472.0 1760.8039475618925
0.0 1460.0 80.0 494.0 1764.8974394163993
0.0 1355.0 128.0 744.0 2775.1682836339887
0.0 1405.0 106.0 591.0 2314.257554700089
0.0 1357.0 126.0 738.0 2757.67244230459
0.0 1375.0 117.0 699.0 2567.2784798703665
0.0 1460.0 80.0 494.0 1764.8974394163993
0.0 1322.0 150.0 780.0 3153.202772225579
0.0 1322.0 150.0 780.0 3153.202772225579
0.0 1409.0 104.0 585.0 2250.9680719791822
0.0 1285.0 164.0 902.0 3509.1979303421435
0.0 1375.0 117.0 699.0 2567.2784798703665
0.0 1449.0 90.0 481.0 1860.7857509419873
0.0 1340.0 147.0 728.0 2972.250710643083
0.0 1392.0 112.0 626.0 2431.4941793428043
0.0 1405.0 108.0 585.0 2249.436572225657
0.0 1370.0 126.0 680.0 2649.304469989885
0.0 1375.0 117.0 699.0 2567.2784798703665
0.0 1299.0 166.0 811.0 3350.0850423207457
0.0 1400.0 108.0 617.0 2355.4592753159327
0.0 1322.0 150.0 780.0 3153.202772225579
0.0 1422.0 95.0 583.0 2104.2188038094787
0.0 1317.0 148.0 809.0 3210.6440365180624
0.0 1443.0 89.0 514.0 1929.7337382602627
0.0 1457.0 81.0 479.0 1810.8031348311702
0.0 1357.0 126.0 738.0 2757.67244230459
0.0 1449.0 90.0 481.0 1860.7857509419873
0.0 1451.0 85.0 497.0 1817.3060697456456
0.0 1415.0 101.0 575.0 2210.2485134109925
0.0 1415.0 101.0 575.0 2210.2485134109925
0.0 1413.0 102.0 574.0 2183.716607120692
0.0 1359.0 139.0 689.0 2777.069988321455
0.0 1423.0 96.0 562.0 2105.3738068344446
0.0 1425.0 90.0 600.0 2111.5053244606693
0.0 1432.0 92.0 543.0 2047.2090403360837
0.0 1293.0 160.0 872.0 3450.097614916306
0.0 1375.0 117.0 699.0 2567.2784798703665
0.0 1375.0 117.0 699.0 2567.2784798703665
0.0 1387.0 119.0 636.0 2522.3689902862593
0.0 1401.0 102.0 654.0 2332.94397789959
0.0 1459.0 81.0 488.0 1763.4227552968034
0.0 1408.0 101.0 615.0 2217.8889210051802
0.0 1428.0 103.0 508.0 2048.8777853044644
0.0 1392.0 112.0 626.0 2431.4941793428043
0.0 1415.0 101.0 575.0 2210.2485134109925
0.0 1322.0 150.0 780.0 3153.202772225579
0.0 1334.0 138.0 806.0 2997.178318428327
0.0 1356.0 123.0 780.0 2771.6887977379843
0.0 1284.0 167.0 895.0 3486.4780477946138
0.0 1430.0 92.0 550.0 2036.9425757835947
0.0 1429.0 97.0 514.0 2068.8639701861352
0.0 1337.0 135.0 809.0 2969.923812135685
0.0 1296.0 164.0 835.0 3401.3031640913446
0.0 1326.0 156.0 750.0 3102.995185671599
0.0 1390.0 110.0 672.0 2460.149347351071
0.0 1356.0 123.0 780.0 2771.6887977379843
0.0 1355.0 128.0 744.0 2775.1682836339887
0.0 1388.0 111.0 672.0 2477.8091088588335
0.0 1422.0 95.0 583.0 2104.2188038094787
0.0 1330.0 156.0 738.0 3043.238611244721
0.0 1459.0 84.0 472.0 1760.8039475618925
0.0 1451.0 82.0 514.0 1853.9405463594169
0.0 1398.0 107.0 645.0 2370.2679990221654
0.0 1428.0 103.0 508.0 2048.8777853044644
0.0 1294.0 159.0 870.0 3432.091290975475
0.0 1408.0 101.0 615.0 2217.8889210051802
0.0 1375.0 117.0 699.0 2567.2784798703665
0.0 1398.0 107.0 645.0 2370.2679990221654
0.0 1400.0 108.0 617.0 2355.4592753159327
0.0 1367.0 117.0 763.0 2670.7325647972734
0.0 1445.0 87.0 512.0 1917.3652746046603
0.0 1347.0 137.0 731.0 2919.530942822042
0.0 1357.0 126.0 738.0 2757.67244230459
0.0 1459.0 84.0 472.0 1760.8039475618925
0.0 1400.0 108.0 617.0 2355.4592753159327
0.0 1392.0 112.0 626.0 2431.4941793428043
0.0 1415.0 101.0 575.0 2210.2485134109925
0.0 1369.0 129.0 684.0 2707.4293284482906
0.0 1314.0 151.0 811.0 3232.507543068662
0.0 1456.0 86.0 469.0 1801.5039562138263
0.0 1299.0 166.0 811.0 3350.0850423207457
0.0 1322.0 152.0 766.0 3170.3031304056067
0.0 1408.0 103.0 598.0 2267.932164910892
0.0 1289.0 158.0 932.0 3480.088602577103
0.0 1449.0 90.0 481.0 1860.7857509419873
0.0 1435.0 89.0 528.0 1980.4947934055308
0.0 1289.0 158.0 931.0 3483.7819344229997
0.0 1331.0 143.0 777.0 3089.9829465645266
0.0 1423.0 96.0 562.0 2105.3738068344446
0.0 1375.0 117.0 699.0 2567.2784798703665
0.0 1424.0 102.0 546.0 2080.1605696405536
0.0 1333.0 137.0 825.0 3012.829074205927
0.0 1301.0 168.0 805.0 3327.6829760810865
0.0 1356.0 128.0 745.0 2749.116004331729
0.0 1356.0 123.0 780.0 2771.6887977379843
0.0 1285.0 164.0 902.0 3509.1979303421435
0.0 1333.0 137.0 825.0 3012.829074205927
0.0 1369.0 129.0 684.0 2707.4293284482906
0.0 1400.0 108.0 617.0 2355.4592753159327
0.0 1347.0 137.0 731.0 2919.530942822042
0.0 1415.0 101.0 575.0 2210.2485134109925
0.0 1294.0 157.0 887.0 3442.827008031964
0.0 1387.0 119.0 636.0 2522.3689902862593
0.0 1331.0 143.0 777.0 3089.9829465645266
0.0 1429.0 97.0 514.0 2068.8639701861352
0.0 1296.0 164.0 835.0 3401.3031640913446
0.0 1305.0 151.0 888.0 3297.662066384369
0.0 1372.0 115.0 751.0 2616.608273976424
0.0 1334.0 138.0 806.0 2997.178318428327
0.0 1422.0 95.0 583.0 2104.2188038094787
0.0 1449.0 90.0 481.0 1860.7857509419873
0.0 1334.0 137.0 815.0 3001.9231188342455
0.0 1303.0 150.0 918.0 3326.3348790625114
0.0 1390.0 110.0 672.0 2460.149347351071
0.0 1351.0 134.0 721.0 2885.3367314178613
0.0 1425.0 90.0 600.0 2111.5053244606693
0.0 1460.0 80.0 494.0 1764.8974394163993
0.0 1438.0 87.0 557.0 1969.5851499967519
0.0 1378.0 119.0 682.0 2537.8434724881276
0.0 1405.0 108.0 585.0 2249.436572225657
0.0 1451.0 85.0 497.0 1817.3060697456456
0.0 1302.0 167.0 804.0 3316.1919227102167
