0.0 1434.0 96.0 508.0 2015.1939254229853
0.0 1317.0 150.0 803.0 3209.8608033027763
0.0 1461.0 81.0 472.0 1751.5008293664982
0.0 1327.0 151.0 763.0 3086.813178951154
0.0 1452.0 85.0 482.0 1817.961578503512
0.0 1430.0 90.0 569.0 2010.7805192550231
0.0 1387.0 116.0 652.0 2509.369425920677
0.0 1400.0 108.0 609.0 2361.234498368669
0.0 1375.0 121.0 699.0 2590.3145584086496
0.0 1380.0 112.0 716.0 2546.577295999599
0.0 1405.0 103.0 607.0 2294.7996600877727
0.0 1329.0 141.0 786.0 3090.737315461145
0.0 1419.0 101.0 556.0 2165.3692196595134
0.0 1311.0 147.0 874.0 3280.2167484476727
0.0 1430.0 90.0 569.0 2010.7805192550231
0.0 1425.0 94.0 558.0 2116.814938062774
0.0 1373.0 122.0 709.0 2575.332792734909
0.0 1317.0 160.0 776.0 3176.806978814651
0.0 1354.0 126.0 765.0 2783.8593361847043
0.0 1393.0 112.0 626.0 2421.519256163027
0.0 1372.0 130.0 675.0 2676.2219076307324
0.0 1303.0 166.0 787.0 3295.404799213013
0.0 1300.0 169.0 807.0 3339.651863917342
0.0 1458.0 85.0 471.0 1773.6790143536
0.0 1351.0 134.0 724.0 2869.749632719981
0.0 1428.0 94.0 553.0 2096.339404336028
0.0 1405.0 103.0 607.0 2294.7996600877727
0.0 1398.0 107.0 636.0 2364.804328716488
0.0 1319.0 146.0 814.0 3186.3277093179695
0.0 1282.0 166.0 905.0 3530.8780155353206
0.0 1290.0 158.0 927.0 3472.6803095835025
0.0 1306.0 151.0 871.0 3306.0722288487423
0.0 1400.0 108.0 609.0 2361.234498368669
0.0 1459.0 80.0 490.0 1758.653892400564
0.0 1460.0 81.0 478.0 1747.9511981712722
0.0 1380.0 112.0 716.0 2546.577295999599
0.0 1405.0 108.0 594.0 2277.477499538096
0.0 1357.0 129.0 725.0 2766.365690596334
0.0 1317.0 160.0 776.0 3176.806978814651
0.0 1329.0 141.0 786.0 3090.737315461145
0.0 1358.0 125.0 742.0 2753.658956988056
0.0 1458.0 79.0 511.0 1780.7300818542035
0.0 1430.0 90.0 569.0 2010.7805192550231
0.0 1402.0 107.0 603.0 2335.911374665528
0.0 1430.0 90.0 569.0 2010.7805192550231
0.0 1418.0 98.0 580.0 2132.948294677549
0.0 1430.0 90.0 569.0 2010.7805192550231
0.0 1363.0 133.0 692.0 2765.4693518460576
0.0 1409.0 104.0 585.0 2246.2730130121154
0.0 1448.0 91.0 481.0 1870.8294829756828
0.0 1373.0 122.0 709.0 2575.332792734909
0.0 1400.0 108.0 609.0 2361.234498368669
0.0 1422.0 100.0 543.0 2117.7641221053354
0.0 1408.0 107.0 578.0 2288.5286431910245
0.0 1352.0 133.0 728.0 2872.2361690997222
0.0 1319.0 146.0 814.0 3186.3277093179695
0.0 1297.0 162.0 837.0 3380.147120924339
0.0 1388.0 117.0 628.0 2492.4789781442064
0.0 1304.0 165.0 793.0 3278.944604378213
0.0 1439.0 93.0 517.0 1979.0077712008986
0.0 1303.0 166.0 787.0 3295.404799213013
0.0 1302.0 168.0 801.0 3319.9437958837366
0.0 1375.0 119.0 712.0 2553.416891264732
0.0 1409.0 104.0 585.0 2246.2730130121154
0.0 1418.0 103.0 548.0 2174.835888143721
0.0 1350.0 133.0 737.0 2891.1501703614717
0.0 1430.0 90.0 569.0 2010.7805192550231
0.0 1373.0 122.0 709.0 2575.332792734909
0.0 1434.0 96.0 508.0 2015.1939254229853
0.0 1330.0 138.0 838.0 3075.0311476058187
0.0 1462.0 80.0 472.0 1743.815991038513
0.0 1401.0 107.0 613.0 2335.387020832619
0.0 1336.0 146.0 751.0 3014.1658359685716
0.0 1288.0 163.0 878.0 3480.260916589786
0.0 1461.0 79.0 495.0 1764.5292278740974
0.0 1280.0 168.0 923.0 3541.140649057927
0.0 1380.0 114.0 705.0 2576.7906231435063
0.0 1434.0 96.0 508.0 2015.1939254229853
0.0 1339.0 148.0 724.0 2956.8783547702456
0.0 1402.0 107.0 603.0 2335.911374665528
0.0 1368.0 120.0 751.0 2650.2305802949145
0.0 1409.0 104.0 585.0 2246.2730130121154
0.0 1448.0 91.0 481.0 1870.8294829756828
0.0 1336.0 146.0 751.0 3014.1658359685716
0.0 1367.0 123.0 729.0 2656.3625400572896
0.0 1395.0 109.0 650.0 2402.900420484002
0.0 1409.0 104.0 585.0 2246.2730130121154
0.0 1410.0 102.0 590.0 2220.8006969328458
0.0 1319.0 146.0 814.0 3186.3277093179695
0.0 1418.0 94.0 611.0 2209.849269024941
0.0 1458.0 81.0 481.0 1764.75421971979
0.0 1409.0 104.0 585.0 2246.2730130121154
0.0 1456.0 80.0 502.0 1805.577251935135
0.0 1414.0 100.0 595.0 2177.896167079461
0.0 1390.0 112.0 662.0 2450.002138236785
0.0 1300.0 152.0 931.0 3366.126100752206
0.0 1415.0 101.0 582.0 2204.7715662198802
0.0 1430.0 90.0 569.0 2010.7805192550231
0.0 1370.0 124.0 706.0 2625.6459719167524
0.0 1457.0 86.0 469.0 1793.946640228161
0.0 1425.0 102.0 545.0 2114.540837299218
0.0 1452.0 85.0 482.0 1817.961578503512
0.0 1459.0 80.0 490.0 1758.653892400564
0.0 1425.0 102.0 545.0 2114.540837299218
0.0 1459.0 80.0 490.0 1758.653892400564
0.0 1457.0 86.0 469.0 1793.946640228161
0.0 1460.0 81.0 478.0 1747.9511981712722
0.0 1447.0 89.0 489.0 1909.7527221855328
0.0 1313.0 154.0 799.0 3230.8083493928675
0.0 1459.0 80.0 490.0 1758.653892400564
0.0 1461.0 80.0 480.0 1740.8141412824718
0.0 1355.0 128.0 753.0 2769.75331433431
0.0 1380.0 114.0 705.0 2576.7906231435063
0.0 1448.0 91.0 481.0 1870.8294829756828
0.0 1437.0 94.0 520.0 1995.7647585800464
0.0 1458.0 82.0 480.0 1769.6863471446948
0.0 1314.0 162.0 781.0 3198.499682184193
0.0 1415.0 101.0 582.0 2204.7715662198802
0.0 1373.0 122.0 709.0 2575.332792734909
0.0 1434.0 96.0 508.0 2015.1939254229853
0.0 1435.0 93.0 519.0 2001.4438237121215
0.0 1438.0 90.0 526.0 1968.419107080572
0.0 1321.0 144.0 851.0 3135.1770916715222
0.0 1425.0 102.0 545.0 2114.540837299218
0.0 1288.0 163.0 878.0 3480.260916589786
0.0 1409.0 104.0 585.0 2246.2730130121154
0.0 1353.0 126.0 775.0 2792.632702637177
0.0 1327.0 151.0 763.0 3086.813178951154
0.0 1358.0 130.0 722.0 2749.0247079399746
0.0 1449.0 89.0 482.0 1837.73538027123
0.0 1457.0 86.0 469.0 1793.946640228161
0.0 1459.0 80.0 490.0 1758.653892400564
0.0 1400.0 108.0 609.0 2361.234498368669
0.0 1393.0 112.0 626.0 2421.519256163027
0.0 1453.0 83.0 484.0 1845.2173288010542
0.0 1428.0 94.0 553.0 2096.339404336028
0.0 1387.0 112.0 682.0 2488.8209326488986
0.0 1460.0 81.0 478.0 1747.9511981712722
0.0 1352.0 133.0 728.0 2872.2361690997222
0.0 1339.0 148.0 724.0 2956.8783547702456
0.0 1336.0 146.0 751.0 3014.1658359685716
0.0 1458.0 79.0 511.0 1780.7300818542035
0.0 1418.0 103.0 548.0 2174.835888143721
0.0 1377.0 117.0 689.0 2599.6927121931067
0.0 1448.0 91.0 481.0 1870.8294829756828
0.0 1387.0 118.0 644.0 2535.2844023963894
0.0 1447.0 89.0 489.0 1909.7527221855328
0.0 1336.0 146.0 751.0 3014.1658359685716
0.0 1413.0 100.0 586.0 2194.9617006913722
0.0 1392.0 108.0 667.0 2464.666424305801
0.0 1448.0 87.0 507.0 1848.1473035271476
0.0 1305.0 156.0 835.0 3315.785627848484
0.0 1357.0 121.0 810.0 2803.796426082732
0.0 1357.0 121.0 810.0 2803.796426082732
0.0 1282.0 166.0 905.0 3530.8780155353206
0.0 1430.0 90.0 569.0 2010.7805192550231
0.0 1418.0 94.0 611.0 2209.849269024941
0.0 1329.0 141.0 786.0 3090.737315461145
0.0 1357.0 129.0 725.0 2766.365690596334
0.0 1330.0 148.0 758.0 3073.444976764061
0.0 1305.0 150.0 895.0 3314.3078699048615
0.0 1453.0 83.0 484.0 1845.2173288010542
0.0 1409.0 104.0 585.0 2246.2730130121154
0.0 1317.0 160.0 776.0 3176.806978814651
0.0 1453.0 83.0 484.0 1845.2173288010542
0.0 1373.0 122.0 709.0 2575.332792734909
0.0 1458.0 85.0 471.0 1773.6790143536
0.0 1409.0 104.0 585.0 2246.2730130121154
0.0 1284.0 167.0 889.0 3496.317916607773
0.0 1410.0 102.0 590.0 2220.8006969328458
0.0 1448.0 91.0 481.0 1870.8294829756828
0.0 1409.0 104.0 585.0 2246.2730130121154
0.0 1448.0 91.0 481.0 1870.8294829756828
0.0 1430.0 90.0 569.0 2010.7805192550231
0.0 1386.0 111.0 704.0 2467.2415954150556
0.0 1418.0 94.0 611.0 2209.849269024941
0.0 1402.0 106.0 630.0 2289.4011015538877
0.0 1403.0 106.0 624.0 2269.205918781582
0.0 1294.0 159.0 872.0 3433.152115867405
0.0 1390.0 112.0 662.0 2450.002138236785
0.0 1313.0 154.0 799.0 3230.8083493928675
0.0 1380.0 112.0 716.0 2546.577295999599
0.0 1405.0 108.0 594.0 2277.477499538096
0.0 1387.0 116.0 652.0 2509.369425920677
0.0 1305.0 150.0 895.0 3314.3078699048615
0.0 1460.0 81.0 478.0 1747.9511981712722
0.0 1354.0 125.0 779.0 2775.402550640923
0.0 1329.0 141.0 786.0 3090.737315461145
0.0 1451.0 83.0 501.0 1875.8883242673635
0.0 1437.0 94.0 520.0 1995.7647585800464
0.0 1452.0 85.0 482.0 1817.961578503512
0.0 1289.0 167.0 862.0 3442.3133337884265
0.0 1319.0 146.0 814.0 3186.3277093179695
0.0 1434.0 96.0 508.0 2015.1939254229853
0.0 1461.0 79.0 495.0 1764.5292278740974
0.0 1405.0 103.0 607.0 2294.7996600877727
0.0 1301.0 170.0 799.0 3341.505878113363
0.0 1432.0 95.0 540.0 2023.3458239477866
0.0 1437.0 94.0 520.0 1995.7647585800464
0.0 1367.0 118.0 758.0 2714.693002594849
0.0 1447.0 89.0 489.0 1909.7527221855328
0.0 1430.0 90.0 569.0 2010.7805192550231
0.0 1432.0 95.0 540.0 2023.3458239477866
0.0 1294.0 159.0 872.0 3433.152115867405
0.0 1387.0 118.0 644.0 2535.2844023963894
0.0 1335.0 138.0 808.0 2975.9721336889497
0.0 1453.0 83.0 484.0 1845.2173288010542
0.0 1453.0 83.0 484.0 1845.2173288010542
0.0 1418.0 94.0 611.0 2209.849269024941
0.0 1377.0 116.0 721.0 2555.8574888030507
0.0 1303.0 166.0 787.0 3295.404799213013
0.0 1347.0 135.0 745.0 2936.2142413987917
0.0 1288.0 163.0 878.0 3480.260916589786
0.0 1325.0 157.0 759.0 3101.318066238086
0.0 1387.0 118.0 644.0 2535.2844023963894
0.0 1334.0 140.0 794.0 3010.1465295619014
0.0 1282.0 166.0 905.0 3530.8780155353206
0.0 1321.0 144.0 851.0 3135.1770916715222
0.0 1457.0 86.0 469.0 1793.946640228161
0.0 1327.0 151.0 763.0 3086.813178951154
0.0 1459.0 80.0 490.0 1758.653892400564
0.0 1355.0 128.0 744.0 2777.374991682129
0.0 1392.0 108.0 667.0 2464.666424305801
0.0 1305.0 150.0 895.0 3314.3078699048615
0.0 1434.0 96.0 508.0 2015.1939254229853
0.0 1428.0 94.0 553.0 2096.339404336028
0.0 1300.0 169.0 807.0 3339.651863917342
0.0 1387.0 118.0 644.0 2535.2844023963894
0.0 1396.0 107.0 644.0 2434.29952833147
0.0 1409.0 104.0 585.0 2246.2730130121154
0.0 1405.0 103.0 607.0 2294.7996600877727
0.0 1460.0 81.0 478.0 1747.9511981712722
0.0 1358.0 125.0 742.0 2753.658956988056
0.0 1357.0 121.0 810.0 2803.796426082732
0.0 1336.0 139.0 778.0 2982.3695947220945
0.0 1339.0 148.0 724.0 2956.8783547702456
0.0 1282.0 166.0 905.0 3530.8780155353206
0.0 1352.0 133.0 728.0 2872.2361690997222
0.0 1425.0 102.0 545.0 2114.540837299218
0.0 1388.0 110.0 681.0 2478.0253670753677
0.0 1453.0 83.0 484.0 1845.2173288010542
0.0 1430.0 90.0 569.0 2010.7805192550231
0.0 1336.0 146.0 751.0 3014.1658359685716
0.0 1393.0 112.0 626.0 2421.519256163027
0.0 1453.0 83.0 484.0 1845.2173288010542
0.0 1371.0 116.0 761.0 2673.9962647592565
0.0 1390.0 112.0 662.0 2450.002138236785
0.0 1355.0 125.0 771.0 2773.809179905228
0.0 1413.0 100.0 586.0 2194.9617006913722
0.0 1325.0 157.0 759.0 3101.318066238086
0.0 1288.0 163.0 878.0 3480.260916589786
0.0 1302.0 168.0 801.0 3319.9437958837366
0.0 1350.0 133.0 737.0 2891.1501703614717
0.0 1460.0 81.0 478.0 1747.9511981712722
0.0 1432.0 95.0 540.0 2023.3458239477866
0.0 1293.0 158.0 887.0 3455.077448113799
0.0 1288.0 165.0 878.0 3434.4030858234482
0.0 1458.0 85.0 471.0 1773.6790143536
0.0 1418.0 94.0 611.0 2209.849269024941
0.0 1442.0 88.0 521.0 1909.972584140777
0.0 1402.0 106.0 630.0 2289.4011015538877
0.0 1434.0 96.0 508.0 2015.1939254229853
0.0 1458.0 82.0 480.0 1769.6863471446948
0.0 1387.0 118.0 644.0 2535.2844023963894
0.0 1430.0 90.0 569.0 2010.7805192550231
0.0 1388.0 110.0 681.0 2478.0253670753677
0.0 1347.0 135.0 759.0 2865.323390410102
0.0 1459.0 80.0 490.0 1758.653892400564
0.0 1392.0 108.0 667.0 2464.666424305801
0.0 1327.0 151.0 763.0 3086.813178951154
0.0 1368.0 122.0 729.0 2646.281748459129
0.0 1295.0 163.0 848.0 3418.060034199735
0.0 1367.0 118.0 758.0 2714.693002594849
0.0 1282.0 166.0 905.0 3530.8780155353206
0.0 1329.0 141.0 786.0 3090.737315461145
0.0 1457.0 86.0 469.0 1793.946640228161
0.0 1333.0 138.0 816.0 3012.6498755538582
0.0 1373.0 122.0 709.0 2575.332792734909
0.0 1352.0 127.0 791.0 2795.4679934122228
0.0 1300.0 152.0 931.0 3366.126100752206
0.0 1402.0 107.0 603.0 2335.911374665528
0.0 1448.0 91.0 481.0 1870.8294829756828
0.0 1359.0 122.0 781.0 2764.277886926948
0.0 1363.0 133.0 692.0 2765.4693518460576
0.0 1357.0 121.0 810.0 2803.796426082732
0.0 1368.0 123.0 719.0 2647.5891736048175
0.0 1351.0 134.0 717.0 2888.453407150685
0.0 1448.0 87.0 507.0 1848.1473035271476
0.0 1352.0 133.0 728.0 2872.2361690997222
