0.0 1434.0 94.0 510.0 2008.455240330618
0.0 1406.0 103.0 624.0 2274.7897500553313
0.0 1373.0 116.0 734.0 2665.691354517186
0.0 1334.0 154.0 717.0 3015.7471284494695
0.0 1314.0 146.0 859.0 3252.8413570080397
0.0 1316.0 158.0 782.0 3185.5379696144255
0.0 1388.0 111.0 668.0 2470.7064365303913
0.0 1401.0 102.0 654.0 2332.9810374640556
0.0 1314.0 146.0 859.0 3252.8413570080397
0.0 1366.0 123.0 739.0 2651.8784384710953
0.0 1428.0 100.0 527.0 2058.4022399470246
0.0 1453.0 86.0 474.0 1824.2398813245204
0.0 1334.0 154.0 717.0 3015.7471284494695
0.0 1430.0 98.0 525.0 2044.445551077411
0.0 1352.0 134.0 718.0 2870.075003322572
0.0 1366.0 127.0 716.0 2677.1559677616538
0.0 1334.0 154.0 717.0 3015.7471284494695
0.0 1394.0 110.0 632.0 2416.2164998837397
0.0 1377.0 118.0 693.0 2574.691998987064
0.0 1302.0 150.0 925.0 3345.735531299873
0.0 1367.0 132.0 682.0 2699.680242942057
0.0 1447.0 88.0 493.0 1906.4713180239864
0.0 1361.0 124.0 749.0 2744.950169058667
0.0 1282.0 170.0 893.0 3548.8040803154213
0.0 1334.0 137.0 825.0 3001.0908797464826
0.0 1434.0 94.0 510.0 2008.455240330618
0.0 1367.0 132.0 682.0 2699.680242942057
0.0 1389.0 112.0 647.0 2475.6627529187867
0.0 1414.0 101.0 566.0 2167.554097834239
0.0 1288.0 165.0 874.0 3440.125739936898
0.0 1320.0 152.0 776.0 3176.0443419664857
0.0 1299.0 167.0 789.0 3355.0796828316647
0.0 1444.0 88.0 518.0 1926.4900888659736
0.0 1388.0 111.0 668.0 2470.7064365303913
0.0 1298.0 169.0 801.0 3377.0203380480702
0.0 1404.0 109.0 584.0 2277.804171519326
0.0 1434.0 91.0 553.0 1992.6435674515064
0.0 1329.0 140.0 808.0 3089.375923265142
0.0 1434.0 94.0 510.0 2008.455240330618
0.0 1460.0 81.0 476.0 1746.2972226588965
0.0 1373.0 117.0 733.0 2607.783851500184
0.0 1391.0 113.0 638.0 2444.199510015307
0.0 1326.0 139.0 873.0 3127.726037906725
0.0 1451.0 90.0 467.0 1838.704051601877
0.0 1419.0 97.0 591.0 2193.9050705746095
0.0 1457.0 81.0 485.0 1775.8929041237532
0.0 1334.0 154.0 717.0 3015.7471284494695
0.0 1462.0 81.0 466.0 1734.7357183167562
0.0 1313.0 148.0 831.0 3244.993393805753
0.0 1457.0 81.0 485.0 1775.8929041237532
0.0 1451.0 90.0 467.0 1838.704051601877
0.0 1285.0 165.0 893.0 3487.521322601916
0.0 1299.0 167.0 789.0 3355.0796828316647
0.0 1428.0 100.0 527.0 2058.4022399470246
0.0 1456.0 85.0 468.0 1781.657827077568
0.0 1350.0 134.0 737.0 2905.8150861548597
0.0 1352.0 127.0 792.0 2809.4828108709653
0.0 1425.0 91.0 597.0 2117.486448549815
0.0 1425.0 91.0 597.0 2117.486448549815
0.0 1362.0 134.0 700.0 2788.3227930882676
0.0 1388.0 111.0 668.0 2470.7064365303913
0.0 1334.0 154.0 717.0 3015.7471284494695
0.0 1407.0 104.0 588.0 2296.402127679914
0.0 1329.0 146.0 759.0 3090.5419530571126
0.0 1342.0 146.0 724.0 2960.264257766098
0.0 1377.0 118.0 693.0 2574.691998987064
0.0 1461.0 78.0 503.0 1762.5075045115416
0.0 1334.0 154.0 717.0 3015.7471284494695
0.0 1422.0 93.0 619.0 2153.958002986333
0.0 1407.0 107.0 590.0 2269.8619976533996
0.0 1451.0 90.0 467.0 1838.704051601877
0.0 1377.0 120.0 691.0 2571.522384302478
0.0 1366.0 123.0 739.0 2651.8784384710953
0.0 1413.0 102.0 568.0 2186.1560442011137
0.0 1300.0 158.0 843.0 3375.1703857721395
0.0 1451.0 90.0 467.0 1838.704051601877
0.0 1366.0 123.0 739.0 2651.8784384710953
0.0 1428.0 99.0 531.0 2066.0285820728386
0.0 1462.0 81.0 466.0 1734.7357183167562
0.0 1462.0 81.0 466.0 1734.7357183167562
0.0 1434.0 94.0 510.0 2008.455240330618
0.0 1388.0 111.0 668.0 2470.7064365303913
0.0 1409.0 104.0 588.0 2288.595060707149
0.0 1460.0 81.0 476.0 1746.2972226588965
0.0 1371.0 118.0 746.0 2606.7823093851352
0.0 1460.0 81.0 476.0 1746.2972226588965
0.0 1451.0 90.0 467.0 1838.704051601877
0.0 1428.0 100.0 527.0 2058.4022399470246
0.0 1451.0 90.0 467.0 1838.704051601877
0.0 1430.0 90.0 575.0 2060.9003970100066
0.0 1460.0 81.0 476.0 1746.2972226588965
0.0 1373.0 128.0 685.0 2668.5285865962232
0.0 1342.0 142.0 736.0 2983.6113879647764
0.0 1461.0 79.0 478.0 1731.911261571726
0.0 1407.0 104.0 588.0 2296.402127679914
0.0 1424.0 99.0 534.0 2121.630992915052
0.0 1450.0 86.0 492.0 1838.911265908889
0.0 1451.0 90.0 467.0 1838.704051601877
0.0 1456.0 80.0 502.0 1805.6143114996007
0.0 1462.0 81.0 466.0 1734.7357183167562
0.0 1357.0 128.0 726.0 2743.699137388658
0.0 1388.0 112.0 658.0 2469.65496797037
0.0 1451.0 90.0 467.0 1838.704051601877
0.0 1462.0 81.0 466.0 1734.7357183167562
0.0 1298.0 169.0 801.0 3377.0203380480702
0.0 1440.0 89.0 536.0 1968.0814996781326
0.0 1392.0 108.0 665.0 2439.6486471945104
0.0 1450.0 86.0 492.0 1838.911265908889
0.0 1342.0 146.0 724.0 2960.264257766098
0.0 1434.0 94.0 510.0 2008.455240330618
0.0 1299.0 167.0 789.0 3355.0796828316647
0.0 1388.0 111.0 668.0 2470.7064365303913
0.0 1306.0 163.0 797.0 3287.8508237701935
0.0 1293.0 156.0 919.0 3449.6351509314536
0.0 1299.0 167.0 789.0 3355.0796828316647
0.0 1460.0 81.0 476.0 1746.2972226588965
0.0 1457.0 81.0 485.0 1775.8929041237532
0.0 1440.0 89.0 536.0 1968.0814996781326
0.0 1413.0 100.0 603.0 2223.165870364334
0.0 1306.0 150.0 885.0 3304.3136339780185
0.0 1367.0 132.0 682.0 2699.680242942057
0.0 1334.0 154.0 717.0 3015.7471284494695
0.0 1320.0 152.0 776.0 3176.0443419664857
0.0 1340.0 144.0 747.0 2944.7048524189427
0.0 1357.0 123.0 794.0 2798.2302865548036
0.0 1353.0 130.0 753.0 2803.468586418097
0.0 1425.0 92.0 586.0 2081.3417399511823
0.0 1457.0 81.0 485.0 1775.8929041237532
0.0 1282.0 165.0 921.0 3531.69675506306
0.0 1425.0 91.0 597.0 2117.486448549815
0.0 1413.0 100.0 603.0 2223.165870364334
0.0 1291.0 172.0 840.0 3436.472230057146
0.0 1394.0 110.0 632.0 2416.2164998837397
0.0 1421.0 99.0 557.0 2142.427639131576
0.0 1329.0 146.0 759.0 3090.5419530571126
0.0 1434.0 94.0 510.0 2008.455240330618
0.0 1407.0 104.0 588.0 2296.402127679914
0.0 1299.0 167.0 789.0 3355.0796828316647
0.0 1286.0 166.0 875.0 3502.1061014565016
0.0 1440.0 89.0 536.0 1968.0814996781326
0.0 1336.0 138.0 794.0 2990.248310716546
0.0 1402.0 106.0 623.0 2322.226922761373
0.0 1285.0 165.0 893.0 3487.521322601916
0.0 1451.0 90.0 467.0 1838.704051601877
0.0 1401.0 102.0 654.0 2332.9810374640556
0.0 1351.0 132.0 741.0 2882.6920578246095
0.0 1388.0 112.0 658.0 2469.65496797037
0.0 1422.0 98.0 569.0 2136.887413150299
0.0 1453.0 86.0 474.0 1824.2398813245204
0.0 1436.0 88.0 548.0 2001.4921140841511
0.0 1334.0 140.0 788.0 3007.8848838813215
0.0 1353.0 129.0 772.0 2768.375489891179
0.0 1334.0 154.0 717.0 3015.7471284494695
0.0 1334.0 154.0 717.0 3015.7471284494695
0.0 1409.0 102.0 616.0 2245.089630155983
0.0 1282.0 164.0 926.0 3539.94181744133
0.0 1402.0 108.0 618.0 2288.4101868654698
0.0 1434.0 94.0 510.0 2008.455240330618
0.0 1302.0 150.0 930.0 3345.263214350147
0.0 1394.0 110.0 632.0 2416.2164998837397
0.0 1407.0 104.0 588.0 2296.402127679914
0.0 1402.0 108.0 618.0 2288.4101868654698
0.0 1357.0 128.0 726.0 2743.699137388658
0.0 1373.0 116.0 734.0 2665.691354517186
0.0 1353.0 127.0 772.0 2790.0140669046864
0.0 1451.0 90.0 467.0 1838.704051601877
0.0 1462.0 81.0 466.0 1734.7357183167562
0.0 1415.0 97.0 617.0 2257.407354784961
0.0 1282.0 165.0 921.0 3531.69675506306
0.0 1377.0 119.0 706.0 2569.9397820298045
0.0 1311.0 162.0 788.0 3233.269583900533
0.0 1377.0 119.0 706.0 2569.9397820298045
0.0 1334.0 154.0 717.0 3015.7471284494695
0.0 1451.0 90.0 467.0 1838.704051601877
0.0 1367.0 132.0 682.0 2699.680242942057
0.0 1428.0 100.0 527.0 2058.4022399470246
0.0 1312.0 148.0 856.0 3254.998093623455
0.0 1450.0 86.0 492.0 1838.911265908889
0.0 1388.0 111.0 668.0 2470.7064365303913
0.0 1314.0 146.0 859.0 3252.8413570080397
0.0 1392.0 106.0 712.0 2435.766186945745
0.0 1315.0 151.0 807.0 3224.1536718777843
0.0 1447.0 88.0 493.0 1906.4713180239864
0.0 1336.0 139.0 790.0 2967.50376360055
0.0 1403.0 109.0 602.0 2292.8711001086763
0.0 1462.0 81.0 466.0 1734.7357183167562
0.0 1430.0 98.0 525.0 2044.445551077411
0.0 1388.0 111.0 668.0 2470.7064365303913
0.0 1334.0 154.0 717.0 3015.7471284494695
0.0 1413.0 100.0 603.0 2223.165870364334
0.0 1377.0 119.0 706.0 2569.9397820298045
0.0 1457.0 81.0 485.0 1775.8929041237532
0.0 1401.0 108.0 613.0 2348.8861926658187
0.0 1425.0 91.0 597.0 2117.486448549815
0.0 1358.0 126.0 745.0 2746.7081556822604
0.0 1299.0 167.0 789.0 3355.0796828316647
0.0 1430.0 98.0 525.0 2044.445551077411
0.0 1426.0 94.0 570.0 2101.340424081942
0.0 1404.0 107.0 612.0 2267.4293151204593
0.0 1426.0 94.0 570.0 2101.340424081942
0.0 1370.0 121.0 730.0 2616.0686791881617
0.0 1457.0 81.0 485.0 1775.8929041237532
0.0 1369.0 120.0 742.0 2635.091385472094
0.0 1392.0 108.0 665.0 2439.6486471945104
0.0 1334.0 154.0 717.0 3015.7471284494695
0.0 1430.0 98.0 525.0 2044.445551077411
0.0 1381.0 119.0 691.0 2522.9300249964554
0.0 1392.0 106.0 712.0 2435.766186945745
0.0 1350.0 129.0 803.0 2809.7573572717797
0.0 1402.0 108.0 618.0 2288.4101868654698
0.0 1362.0 134.0 700.0 2788.3227930882676
0.0 1407.0 107.0 590.0 2269.8619976533996
0.0 1397.0 108.0 642.0 2374.6153317179014
0.0 1461.0 79.0 478.0 1731.911261571726
0.0 1447.0 88.0 493.0 1906.4713180239864
0.0 1351.0 132.0 741.0 2882.6920578246095
0.0 1334.0 137.0 825.0 3001.0908797464826
0.0 1434.0 94.0 510.0 2008.455240330618
0.0 1461.0 78.0 503.0 1762.5075045115416
0.0 1381.0 115.0 710.0 2534.1997088143376
0.0 1401.0 102.0 654.0 2332.9810374640556
0.0 1451.0 90.0 467.0 1838.704051601877
0.0 1457.0 79.0 518.0 1788.68615628699
0.0 1328.0 145.0 780.0 3106.5571634019393
0.0 1366.0 127.0 716.0 2677.1559677616538
0.0 1434.0 94.0 510.0 2008.455240330618
0.0 1428.0 100.0 527.0 2058.4022399470246
0.0 1367.0 132.0 682.0 2699.680242942057
0.0 1320.0 152.0 776.0 3176.0443419664857
0.0 1440.0 89.0 536.0 1968.0814996781326
0.0 1407.0 104.0 588.0 2296.402127679914
0.0 1388.0 118.0 638.0 2518.482231782182
0.0 1315.0 151.0 807.0 3224.1536718777843
0.0 1357.0 123.0 794.0 2798.2302865548036
0.0 1438.0 93.0 515.0 1993.2350218609179
0.0 1448.0 86.0 503.0 1887.8303754302092
0.0 1430.0 98.0 525.0 2044.445551077411
0.0 1426.0 94.0 570.0 2101.340424081942
0.0 1407.0 104.0 588.0 2296.402127679914
0.0 1369.0 119.0 740.0 2657.5760695439667
0.0 1460.0 81.0 476.0 1746.2972226588965
0.0 1462.0 81.0 466.0 1734.7357183167562
0.0 1450.0 83.0 512.0 1887.6665495469979
0.0 1419.0 97.0 591.0 2193.9050705746095
0.0 1373.0 116.0 734.0 2665.691354517186
0.0 1448.0 86.0 503.0 1887.8303754302092
0.0 1460.0 81.0 476.0 1746.2972226588965
0.0 1334.0 140.0 788.0 3007.8848838813215
0.0 1285.0 165.0 893.0 3487.521322601916
0.0 1461.0 78.0 503.0 1762.5075045115416
0.0 1296.0 163.0 841.0 3393.729392351257
0.0 1404.0 109.0 584.0 2277.804171519326
0.0 1361.0 124.0 749.0 2744.950169058667
0.0 1369.0 119.0 740.0 2657.5760695439667
0.0 1362.0 134.0 700.0 2788.3227930882676
0.0 1400.0 110.0 624.0 2310.4716299487186
0.0 1298.0 169.0 801.0 3377.0203380480702
0.0 1425.0 93.0 574.0 2107.834812649249
0.0 1381.0 119.0 691.0 2522.9300249964554
0.0 1402.0 108.0 618.0 2288.4101868654698
0.0 1394.0 110.0 632.0 2416.2164998837397
0.0 1377.0 118.0 693.0 2574.691998987064
0.0 1428.0 100.0 527.0 2058.4022399470246
0.0 1426.0 94.0 570.0 2101.340424081942
0.0 1315.0 151.0 807.0 3224.1536718777843
0.0 1397.0 108.0 642.0 2374.6153317179014
0.0 1336.0 139.0 790.0 2967.50376360055
0.0 1292.0 157.0 913.0 3457.5527182917203
0.0 1403.0 109.0 602.0 2292.8711001086763
0.0 1299.0 167.0 789.0 3355.0796828316647
0.0 1329.0 140.0 808.0 3089.375923265142
0.0 1334.0 154.0 717.0 3015.7471284494695
0.0 1334.0 137.0 825.0 3001.0908797464826
0.0 1340.0 144.0 747.0 2944.7048524189427
0.0 1352.0 134.0 718.0 2870.075003322572
0.0 1430.0 98.0 525.0 2044.445551077411
0.0 1282.0 165.0 921.0 3531.69675506306
0.0 1353.0 130.0 753.0 2803.468586418097
0.0 1291.0 159.0 904.0 3452.0965299611344
0.0 1434.0 94.0 510.0 2008.455240330618
0.0 1451.0 90.0 467.0 1838.704051601877
0.0 1457.0 81.0 485.0 1775.8929041237532
0.0 1457.0 79.0 518.0 1788.68615628699
0.0 1447.0 88.0 493.0 1906.4713180239864
0.0 1407.0 104.0 588.0 2296.402127679914
0.0 1300.0 158.0 843.0 3375.1703857721395
0.0 1462.0 81.0 466.0 1734.7357183167562
0.0 1392.0 108.0 665.0 2439.6486471945104
0.0 1305.0 150.0 898.0 3308.4929476469547
0.0 1337.0 147.0 741.0 2978.4283359836454
0.0 1431.0 91.0 582.0 2030.5972114642177
0.0 1350.0 129.0 803.0 2809.7573572717797
0.0 1320.0 143.0 876.0 3176.339536909667
