0.0 1462.0 81.0 472.0 1744.6964908333048
0.0 1462.0 81.0 472.0 1744.6964908333048
0.0 1412.0 102.0 578.0 2197.02494000833
0.0 1331.0 145.0 767.0 3047.114529345656
0.0 1412.0 102.0 578.0 2197.02494000833
0.0 1404.0 108.0 602.0 2273.993757960789
0.0 1383.0 114.0 692.0 2522.355484668911
0.0 1435.0 91.0 534.0 1991.058677934334
0.0 1431.0 100.0 519.0 2055.019840827539
0.0 1455.0 89.0 462.0 1815.4019781183113
0.0 1305.0 149.0 905.0 3312.9633851947074
0.0 1325.0 142.0 830.0 3134.047802042329
0.0 1359.0 125.0 736.0 2732.1987869712475
0.0 1397.0 109.0 632.0 2371.3942146742056
0.0 1331.0 145.0 767.0 3047.114529345656
0.0 1284.0 167.0 887.0 3504.900031842719
0.0 1373.0 117.0 729.0 2633.334103269141
0.0 1284.0 167.0 887.0 3504.900031842719
0.0 1452.0 87.0 474.0 1864.432572843967
0.0 1359.0 125.0 736.0 2732.1987869712475
0.0 1452.0 87.0 474.0 1864.432572843967
0.0 1458.0 79.0 513.0 1791.0145079025838
0.0 1369.0 125.0 700.0 2639.892412310536
0.0 1388.0 118.0 659.0 2442.255645193157
0.0 1388.0 118.0 659.0 2442.255645193157
0.0 1455.0 84.0 473.0 1840.9457860112982
0.0 1444.0 88.0 508.0 1922.281628964559
0.0 1400.0 109.0 610.0 2345.7750268194654
0.0 1352.0 134.0 718.0 2870.075003322572
0.0 1430.0 89.0 571.0 2058.3863335482993
0.0 1431.0 95.0 531.0 1999.3612578796904
0.0 1455.0 89.0 462.0 1815.4019781183113
0.0 1458.0 79.0 513.0 1791.0145079025838
0.0 1369.0 125.0 700.0 2639.892412310536
0.0 1449.0 82.0 516.0 1879.4852546905665
0.0 1299.0 167.0 818.0 3339.478412949815
0.0 1374.0 125.0 668.0 2617.625413813991
0.0 1343.0 137.0 760.0 2918.147469653602
0.0 1384.0 113.0 701.0 2498.8927203931976
0.0 1310.0 161.0 792.0 3239.1199824548303
0.0 1442.0 89.0 516.0 1948.4021778539784
0.0 1461.0 78.0 505.0 1765.964282673646
0.0 1455.0 89.0 462.0 1815.4019781183113
0.0 1289.0 169.0 858.0 3462.793541979103
0.0 1356.0 126.0 754.0 2746.2574210130547
0.0 1425.0 99.0 551.0 2091.330147106734
0.0 1311.0 152.0 835.0 3234.056144752393
0.0 1391.0 106.0 699.0 2499.9458635966103
0.0 1300.0 152.0 895.0 3383.875001934691
0.0 1462.0 81.0 472.0 1744.6964908333048
0.0 1312.0 150.0 841.0 3252.103039601665
0.0 1374.0 121.0 692.0 2582.8356785599453
0.0 1442.0 89.0 516.0 1948.4021778539784
0.0 1412.0 102.0 578.0 2197.02494000833
0.0 1398.0 108.0 632.0 2374.533831550246
0.0 1459.0 81.0 471.0 1760.546455021167
0.0 1321.0 150.0 783.0 3180.212924321247
0.0 1359.0 125.0 736.0 2732.1987869712475
0.0 1409.0 105.0 584.0 2241.051094450433
0.0 1412.0 102.0 578.0 2197.02494000833
0.0 1293.0 159.0 880.0 3442.9601867826914
0.0 1369.0 125.0 700.0 2639.892412310536
0.0 1442.0 89.0 516.0 1948.4021778539784
0.0 1431.0 95.0 531.0 1999.3612578796904
0.0 1408.0 103.0 595.0 2235.930887818898
0.0 1436.0 96.0 518.0 2011.5448530910237
0.0 1430.0 93.0 546.0 2050.631662724179
0.0 1299.0 166.0 822.0 3342.895199461328
0.0 1389.0 113.0 644.0 2459.8607682765605
0.0 1355.0 124.0 778.0 2766.88250196945
0.0 1427.0 99.0 520.0 2077.6428008694843
0.0 1430.0 89.0 571.0 2058.3863335482993
0.0 1384.0 113.0 701.0 2498.8927203931976
0.0 1444.0 88.0 508.0 1922.281628964559
0.0 1461.0 81.0 472.0 1756.0293715558826
0.0 1430.0 93.0 546.0 2050.631662724179
0.0 1455.0 89.0 462.0 1815.4019781183113
0.0 1306.0 148.0 896.0 3330.3007850892095
0.0 1462.0 81.0 472.0 1744.6964908333048
0.0 1443.0 86.0 545.0 1945.9621128104689
0.0 1424.0 94.0 577.0 2112.6509590769588
0.0 1306.0 148.0 896.0 3330.3007850892095
0.0 1408.0 102.0 611.0 2218.9636171185866
0.0 1459.0 81.0 471.0 1760.546455021167
0.0 1342.0 148.0 728.0 2937.255481380378
0.0 1321.0 155.0 765.0 3166.300486481552
0.0 1323.0 148.0 787.0 3146.645194942856
0.0 1408.0 109.0 570.0 2257.556471031906
0.0 1315.0 145.0 879.0 3239.5530280416924
0.0 1387.0 115.0 655.0 2514.1577101368416
0.0 1429.0 97.0 530.0 2054.3911272696196
0.0 1402.0 107.0 617.0 2290.736977729263
0.0 1400.0 109.0 610.0 2345.7750268194654
0.0 1412.0 102.0 578.0 2197.02494000833
0.0 1417.0 95.0 602.0 2206.8189778873475
0.0 1280.0 166.0 938.0 3525.822921517071
0.0 1310.0 164.0 782.0 3216.902764889177
0.0 1463.0 81.0 462.0 1743.0141366180742
0.0 1384.0 113.0 701.0 2498.8927203931976
0.0 1280.0 166.0 938.0 3525.822921517071
0.0 1460.0 80.0 487.0 1767.277372050158
0.0 1368.0 130.0 690.0 2700.271179578174
0.0 1408.0 103.0 595.0 2235.930887818898
0.0 1374.0 125.0 668.0 2617.625413813991
0.0 1296.0 168.0 812.0 3393.79841001972
0.0 1409.0 105.0 584.0 2241.051094450433
0.0 1448.0 86.0 504.0 1907.7590562614491
0.0 1461.0 81.0 472.0 1756.0293715558826
0.0 1451.0 82.0 505.0 1844.015928438126
0.0 1430.0 89.0 571.0 2058.3863335482993
0.0 1430.0 93.0 546.0 2050.631662724179
0.0 1317.0 152.0 780.0 3216.283335039425
0.0 1452.0 87.0 474.0 1864.432572843967
0.0 1455.0 89.0 462.0 1815.4019781183113
0.0 1342.0 148.0 728.0 2937.255481380378
0.0 1369.0 125.0 700.0 2639.892412310536
0.0 1452.0 87.0 474.0 1864.432572843967
0.0 1281.0 167.0 910.0 3542.65613866743
0.0 1455.0 89.0 462.0 1815.4019781183113
0.0 1327.0 156.0 748.0 3079.9856539300454
0.0 1366.0 119.0 753.0 2719.664082252608
0.0 1427.0 97.0 532.0 2063.3234533950103
0.0 1375.0 122.0 690.0 2614.4495398112977
0.0 1452.0 87.0 474.0 1864.432572843967
0.0 1412.0 102.0 578.0 2197.02494000833
0.0 1291.0 156.0 931.0 3463.8837155776446
0.0 1432.0 92.0 548.0 2033.8264120535896
0.0 1430.0 89.0 571.0 2058.3863335482993
0.0 1359.0 125.0 736.0 2732.1987869712475
0.0 1430.0 93.0 546.0 2050.631662724179
0.0 1400.0 109.0 610.0 2345.7750268194654
0.0 1455.0 89.0 462.0 1815.4019781183113
0.0 1342.0 148.0 728.0 2937.255481380378
0.0 1444.0 88.0 508.0 1922.281628964559
0.0 1402.0 107.0 617.0 2290.736977729263
0.0 1462.0 81.0 472.0 1744.6964908333048
0.0 1412.0 102.0 578.0 2197.02494000833
0.0 1430.0 93.0 546.0 2050.631662724179
0.0 1297.0 172.0 818.0 3365.463471137154
0.0 1335.0 138.0 798.0 2974.4084195065375
0.0 1393.0 111.0 635.0 2439.225884575448
0.0 1405.0 102.0 625.0 2288.3879690841477
0.0 1430.0 89.0 571.0 2058.3863335482993
0.0 1307.0 147.0 898.0 3314.09929185419
0.0 1335.0 137.0 805.0 2988.658269756854
0.0 1342.0 148.0 728.0 2937.255481380378
0.0 1388.0 118.0 659.0 2442.255645193157
0.0 1426.0 100.0 536.0 2094.1847451999856
0.0 1391.0 106.0 699.0 2499.9458635966103
0.0 1460.0 81.0 480.0 1758.1061670064353
0.0 1380.0 113.0 718.0 2591.118797007741
0.0 1291.0 156.0 931.0 3463.8837155776446
0.0 1327.0 156.0 748.0 3079.9856539300454
0.0 1408.0 102.0 611.0 2218.9636171185866
0.0 1298.0 161.0 842.0 3385.1516270887464
0.0 1327.0 156.0 748.0 3079.9856539300454
0.0 1412.0 102.0 578.0 2197.02494000833
0.0 1356.0 126.0 754.0 2746.2574210130547
0.0 1355.0 124.0 778.0 2766.88250196945
0.0 1393.0 111.0 635.0 2439.225884575448
0.0 1460.0 81.0 480.0 1758.1061670064353
0.0 1425.0 99.0 551.0 2091.330147106734
0.0 1402.0 107.0 617.0 2290.736977729263
0.0 1454.0 85.0 480.0 1816.2852543997876
0.0 1387.0 115.0 655.0 2514.1577101368416
0.0 1431.0 95.0 531.0 1999.3612578796904
0.0 1313.0 160.0 788.0 3199.712438877001
0.0 1325.0 142.0 830.0 3134.047802042329
0.0 1459.0 81.0 471.0 1760.546455021167
0.0 1373.0 117.0 729.0 2633.334103269141
0.0 1366.0 119.0 753.0 2719.664082252608
0.0 1280.0 166.0 938.0 3525.822921517071
0.0 1306.0 148.0 896.0 3330.3007850892095
0.0 1279.0 170.0 921.0 3574.103927906514
0.0 1335.0 137.0 805.0 2988.658269756854
0.0 1291.0 156.0 931.0 3463.8837155776446
0.0 1359.0 125.0 736.0 2732.1987869712475
0.0 1331.0 145.0 767.0 3047.114529345656
0.0 1356.0 126.0 754.0 2746.2574210130547
0.0 1430.0 89.0 571.0 2058.3863335482993
0.0 1370.0 120.0 734.0 2614.9939830747553
0.0 1335.0 138.0 798.0 2974.4084195065375
0.0 1284.0 167.0 887.0 3504.900031842719
0.0 1448.0 86.0 504.0 1907.7590562614491
0.0 1353.0 125.0 797.0 2792.297826052144
0.0 1453.0 86.0 482.0 1813.7832584513733
0.0 1436.0 96.0 518.0 2011.5448530910237
0.0 1412.0 102.0 578.0 2197.02494000833
0.0 1327.0 156.0 748.0 3079.9856539300454
0.0 1455.0 89.0 462.0 1815.4019781183113
0.0 1335.0 138.0 798.0 2974.4084195065375
0.0 1405.0 102.0 625.0 2288.3879690841477
0.0 1395.0 109.0 642.0 2429.0505008437053
0.0 1356.0 130.0 729.0 2792.606238901705
0.0 1409.0 105.0 584.0 2241.051094450433
0.0 1391.0 110.0 661.0 2448.408181635902
0.0 1421.0 94.0 610.0 2169.4604702087067
0.0 1459.0 81.0 471.0 1760.546455021167
0.0 1421.0 94.0 610.0 2169.4604702087067
0.0 1300.0 164.0 817.0 3360.7968677142594
0.0 1354.0 125.0 779.0 2782.137800878447
0.0 1460.0 81.0 480.0 1758.1061670064353
0.0 1313.0 160.0 788.0 3199.712438877001
0.0 1341.0 146.0 723.0 2960.215636222026
0.0 1451.0 84.0 507.0 1815.9986445999573
0.0 1352.0 132.0 738.0 2847.6377885495017
0.0 1409.0 105.0 584.0 2241.051094450433
0.0 1327.0 156.0 748.0 3079.9856539300454
0.0 1281.0 167.0 910.0 3542.65613866743
0.0 1436.0 96.0 518.0 2011.5448530910237
0.0 1461.0 81.0 472.0 1756.0293715558826
0.0 1335.0 138.0 798.0 2974.4084195065375
0.0 1350.0 135.0 727.0 2908.269268082142
0.0 1354.0 125.0 779.0 2782.137800878447
0.0 1430.0 89.0 571.0 2058.3863335482993
0.0 1452.0 87.0 474.0 1864.432572843967
0.0 1459.0 85.0 461.0 1783.3184384356296
0.0 1380.0 117.0 697.0 2543.7921840314602
0.0 1460.0 81.0 480.0 1758.1061670064353
0.0 1335.0 138.0 798.0 2974.4084195065375
0.0 1327.0 156.0 748.0 3079.9856539300454
0.0 1459.0 81.0 471.0 1760.546455021167
0.0 1443.0 89.0 518.0 1934.1749271939586
0.0 1296.0 168.0 812.0 3393.79841001972
0.0 1453.0 86.0 482.0 1813.7832584513733
0.0 1352.0 134.0 718.0 2870.075003322572
0.0 1430.0 93.0 546.0 2050.631662724179
0.0 1374.0 125.0 668.0 2617.625413813991
0.0 1330.0 149.0 762.0 3047.711886241174
0.0 1412.0 102.0 578.0 2197.02494000833
0.0 1421.0 94.0 610.0 2169.4604702087067
0.0 1463.0 81.0 462.0 1743.0141366180742
0.0 1348.0 134.0 745.0 2911.5593125902537
0.0 1386.0 117.0 656.0 2536.6869045347025
0.0 1455.0 89.0 462.0 1815.4019781183113
0.0 1321.0 155.0 765.0 3166.300486481552
0.0 1304.0 167.0 800.0 3296.6264899040434
0.0 1405.0 102.0 625.0 2288.3879690841477
0.0 1393.0 111.0 635.0 2439.225884575448
0.0 1388.0 118.0 659.0 2442.255645193157
0.0 1373.0 117.0 729.0 2633.334103269141
0.0 1411.0 97.0 651.0 2308.840335605407
0.0 1408.0 103.0 595.0 2235.930887818898
0.0 1391.0 109.0 673.0 2458.017864529102
0.0 1412.0 102.0 578.0 2197.02494000833
0.0 1335.0 137.0 805.0 2988.658269756854
0.0 1408.0 106.0 589.0 2237.3127528925966
0.0 1395.0 109.0 642.0 2429.0505008437053
0.0 1369.0 125.0 700.0 2639.892412310536
0.0 1370.0 129.0 678.0 2690.0035800961655
0.0 1462.0 81.0 472.0 1744.6964908333048
0.0 1359.0 125.0 736.0 2732.1987869712475
0.0 1430.0 93.0 546.0 2050.631662724179
0.0 1361.0 129.0 718.0 2733.706530590289
0.0 1300.0 152.0 895.0 3383.875001934691
0.0 1324.0 142.0 859.0 3106.764727496545
0.0 1442.0 89.0 516.0 1948.4021778539784
0.0 1435.0 91.0 534.0 1991.058677934334
0.0 1458.0 79.0 513.0 1791.0145079025838
0.0 1327.0 156.0 748.0 3079.9856539300454
0.0 1293.0 159.0 880.0 3442.9601867826914
0.0 1384.0 113.0 701.0 2498.8927203931976
0.0 1430.0 93.0 546.0 2050.631662724179
0.0 1294.0 162.0 859.0 3422.7920111380995
0.0 1386.0 117.0 656.0 2536.6869045347025
0.0 1391.0 110.0 656.0 2497.3076783370975
0.0 1412.0 102.0 578.0 2197.02494000833
0.0 1375.0 122.0 690.0 2614.4495398112977
0.0 1431.0 95.0 531.0 1999.3612578796904
0.0 1421.0 100.0 556.0 2163.8589239269613
0.0 1370.0 122.0 714.0 2627.9675000938464
0.0 1284.0 163.0 927.0 3486.4986986285617
0.0 1460.0 81.0 480.0 1758.1061670064353
0.0 1369.0 117.0 761.0 2683.7263082760287
0.0 1422.0 99.0 568.0 2124.70462442921
0.0 1391.0 109.0 673.0 2458.017864529102
0.0 1405.0 102.0 625.0 2288.3879690841477
0.0 1335.0 137.0 805.0 2988.658269756854
0.0 1323.0 148.0 787.0 3146.645194942856
0.0 1301.0 168.0 800.0 3345.2356102684525
0.0 1369.0 125.0 700.0 2639.892412310536
0.0 1356.0 126.0 754.0 2746.2574210130547
0.0 1343.0 137.0 760.0 2918.147469653602
0.0 1402.0 107.0 617.0 2290.736977729263
0.0 1462.0 81.0 472.0 1744.6964908333048
0.0 1400.0 109.0 610.0 2345.7750268194654
0.0 1444.0 88.0 508.0 1922.281628964559
0.0 1352.0 132.0 738.0 2847.6377885495017
0.0 1335.0 138.0 798.0 2974.4084195065375
0.0 1305.0 149.0 905.0 3312.9633851947074
0.0 1452.0 82.0 512.0 1843.8626868473827
0.0 1463.0 81.0 462.0 1743.0141366180742
0.0 1299.0 167.0 818.0 3339.478412949815
0.0 1342.0 148.0 728.0 2937.255481380378
0.0 1311.0 152.0 835.0 3234.056144752393
0.0 1348.0 134.0 745.0 2911.5593125902537
0.0 1404.0 108.0 602.0 2273.993757960789
0.0 1373.0 117.0 729.0 2633.334103269141
