0.0 1389.0 112.0 648.0 2458.7860721631537
0.0 1437.0 88.0 533.0 1961.9473187016108
0.0 1464.0 80.0 460.0 1720.479270487859
0.0 1454.0 83.0 483.0 1797.5925550957777
0.0 1389.0 112.0 648.0 2458.7860721631537
0.0 1402.0 102.0 644.0 2317.5094803385246
0.0 1335.0 154.0 712.0 2998.8254062945716
0.0 1389.0 111.0 658.0 2459.8375407231756
0.0 1391.0 114.0 616.0 2445.052044570328
0.0 1391.0 114.0 616.0 2445.052044570328
0.0 1411.0 103.0 567.0 2195.688375121094
0.0 1335.0 154.0 712.0 2998.8254062945716
0.0 1371.0 115.0 749.0 2611.722983367345
0.0 1459.0 81.0 471.0 1756.0179128317827
0.0 1402.0 102.0 644.0 2317.5094803385246
0.0 1296.0 169.0 805.0 3379.5485597694037
0.0 1464.0 80.0 460.0 1720.479270487859
0.0 1409.0 100.0 615.0 2210.2040826771945
0.0 1464.0 80.0 460.0 1720.479270487859
0.0 1451.0 82.0 499.0 1844.2486574704076
0.0 1332.0 150.0 727.0 3042.9042754208617
0.0 1451.0 82.0 499.0 1844.2486574704076
0.0 1464.0 80.0 460.0 1720.479270487859
0.0 1400.0 109.0 601.0 2345.488107898038
0.0 1457.0 80.0 483.0 1765.4438961685873
0.0 1324.0 153.0 751.0 3106.1633253170176
0.0 1447.0 87.0 494.0 1885.6276554013696
0.0 1464.0 80.0 460.0 1720.479270487859
0.0 1451.0 82.0 499.0 1844.2486574704076
0.0 1457.0 80.0 483.0 1765.4438961685873
0.0 1335.0 154.0 712.0 2998.8254062945716
0.0 1451.0 82.0 499.0 1844.2486574704076
0.0 1409.0 100.0 615.0 2210.2040826771945
0.0 1464.0 80.0 460.0 1720.479270487859
0.0 1411.0 95.0 665.0 2312.3818556145543
0.0 1335.0 154.0 712.0 2998.8254062945716
0.0 1464.0 79.0 466.0 1714.8004399069357
0.0 1391.0 114.0 616.0 2445.052044570328
0.0 1287.0 166.0 859.0 3471.583611215505
0.0 1278.0 170.0 931.0 3587.5352937615876
0.0 1455.0 86.0 468.0 1793.8712075949377
0.0 1421.0 92.0 616.0 2127.4821001100386
0.0 1279.0 168.0 921.0 3562.0821427105843
0.0 1439.0 98.0 486.0 1949.3358809904146
0.0 1381.0 114.0 684.0 2531.4913146412314
0.0 1381.0 114.0 684.0 2531.4913146412314
0.0 1391.0 114.0 616.0 2445.052044570328
0.0 1331.0 144.0 759.0 3046.34977217706
0.0 1354.0 124.0 796.0 2783.7777773806715
0.0 1381.0 114.0 684.0 2531.4913146412314
0.0 1368.0 127.0 678.0 2643.395670860424
0.0 1354.0 124.0 796.0 2783.7777773806715
0.0 1381.0 111.0 719.0 2537.954108686999
0.0 1457.0 80.0 483.0 1765.4438961685873
0.0 1449.0 89.0 482.0 1837.73538027123
0.0 1456.0 80.0 493.0 1774.1802030565946
0.0 1392.0 113.0 616.0 2432.838664052958
0.0 1368.0 127.0 678.0 2643.395670860424
0.0 1351.0 135.0 714.0 2868.6981641599596
0.0 1304.0 148.0 922.0 3319.338615900786
0.0 1356.0 124.0 770.0 2768.4676806942884
0.0 1357.0 128.0 720.0 2746.0644553401485
0.0 1455.0 86.0 468.0 1793.8712075949377
0.0 1356.0 124.0 770.0 2768.4676806942884
0.0 1392.0 113.0 616.0 2432.838664052958
0.0 1356.0 124.0 770.0 2768.4676806942884
0.0 1357.0 128.0 720.0 2746.0644553401485
0.0 1368.0 127.0 678.0 2643.395670860424
0.0 1368.0 127.0 678.0 2643.395670860424
0.0 1278.0 170.0 931.0 3587.5352937615876
0.0 1324.0 153.0 751.0 3106.1633253170176
0.0 1357.0 128.0 720.0 2746.0644553401485
0.0 1323.0 148.0 771.0 3120.36552392908
0.0 1332.0 135.0 837.0 3060.917374978988
0.0 1279.0 168.0 921.0 3562.0821427105843
0.0 1432.0 102.0 485.0 2032.5467943328272
0.0 1423.0 98.0 536.0 2072.1000470248314
0.0 1432.0 102.0 485.0 2032.5467943328272
0.0 1423.0 98.0 536.0 2072.1000470248314
0.0 1392.0 113.0 616.0 2432.838664052958
0.0 1341.0 145.0 716.0 2941.6894034943116
0.0 1298.0 162.0 827.0 3371.410814036332
0.0 1432.0 102.0 485.0 2032.5467943328272
0.0 1351.0 135.0 714.0 2868.6981641599596
0.0 1432.0 102.0 485.0 2032.5467943328272
0.0 1432.0 102.0 485.0 2032.5467943328272
0.0 1434.0 89.0 536.0 1981.3237580175871
0.0 1332.0 135.0 837.0 3060.917374978988
0.0 1433.0 86.0 562.0 2002.099278190914
0.0 1432.0 102.0 485.0 2032.5467943328272
0.0 1433.0 86.0 562.0 2002.099278190914
0.0 1432.0 102.0 485.0 2032.5467943328272
0.0 1375.0 120.0 690.0 2573.51247492799
0.0 1433.0 86.0 562.0 2002.099278190914
0.0 1341.0 145.0 716.0 2941.6894034943116
0.0 1357.0 128.0 720.0 2746.0644553401485
0.0 1357.0 128.0 720.0 2746.0644553401485
0.0 1434.0 89.0 536.0 1981.3237580175871
0.0 1423.0 98.0 536.0 2072.1000470248314
0.0 1434.0 89.0 536.0 1981.3237580175871
0.0 1432.0 102.0 485.0 2032.5467943328272
0.0 1433.0 86.0 562.0 2002.099278190914
0.0 1433.0 86.0 562.0 2002.099278190914
0.0 1433.0 86.0 562.0 2002.099278190914
0.0 1423.0 98.0 536.0 2072.1000470248314
0.0 1351.0 135.0 714.0 2868.6981641599596
0.0 1409.0 108.0 560.0 2224.889954397077
0.0 1309.0 148.0 864.0 3279.957753358619
0.0 1375.0 114.0 723.0 2590.0499336932116
0.0 1336.0 140.0 764.0 2974.215453833631
0.0 1375.0 114.0 723.0 2590.0499336932116
0.0 1354.0 124.0 796.0 2783.7777773806715
0.0 1336.0 140.0 764.0 2974.215453833631
0.0 1375.0 114.0 723.0 2590.0499336932116
0.0 1426.0 94.0 542.0 2080.8870643514133
0.0 1433.0 96.0 508.0 1986.4647184353273
0.0 1380.0 118.0 670.0 2545.795451703547
0.0 1282.0 165.0 914.0 3533.2639222355297
0.0 1380.0 118.0 670.0 2545.795451703547
0.0 1361.0 136.0 684.0 2769.075444399223
0.0 1380.0 118.0 670.0 2545.795451703547
0.0 1426.0 94.0 542.0 2080.8870643514133
0.0 1296.0 169.0 805.0 3379.5485597694037
0.0 1380.0 118.0 670.0 2545.795451703547
0.0 1296.0 169.0 805.0 3379.5485597694037
0.0 1421.0 92.0 616.0 2127.4821001100386
0.0 1464.0 79.0 466.0 1714.8004399069357
0.0 1406.0 109.0 573.0 2260.9578339640616
0.0 1298.0 168.0 795.0 3376.6472746100703
0.0 1351.0 135.0 714.0 2868.6981641599596
0.0 1459.0 81.0 471.0 1756.0179128317827
0.0 1388.0 119.0 624.0 2510.3651504581835
0.0 1405.0 105.0 589.0 2287.757274877181
0.0 1464.0 79.0 466.0 1714.8004399069357
0.0 1304.0 148.0 922.0 3319.338615900786
0.0 1409.0 108.0 560.0 2224.889954397077
0.0 1464.0 79.0 466.0 1714.8004399069357
0.0 1392.0 106.0 704.0 2427.0375736048973
0.0 1421.0 92.0 616.0 2127.4821001100386
0.0 1409.0 108.0 560.0 2224.889954397077
0.0 1409.0 108.0 560.0 2224.889954397077
0.0 1371.0 112.0 773.0 2675.8353085626854
0.0 1405.0 105.0 589.0 2287.757274877181
0.0 1291.0 156.0 931.0 3463.8837155776446
0.0 1318.0 151.0 775.0 3202.6873549038446
0.0 1391.0 114.0 616.0 2445.052044570328
0.0 1449.0 89.0 482.0 1837.73538027123
0.0 1426.0 101.0 509.0 2073.783551372383
0.0 1372.0 122.0 697.0 2592.7309028736872
0.0 1426.0 101.0 509.0 2073.783551372383
0.0 1304.0 148.0 922.0 3319.338615900786
0.0 1426.0 101.0 509.0 2073.783551372383
0.0 1460.0 84.0 459.0 1765.3121144947984
0.0 1405.0 105.0 589.0 2287.757274877181
0.0 1304.0 148.0 922.0 3319.338615900786
0.0 1426.0 101.0 509.0 2073.783551372383
0.0 1451.0 89.0 471.0 1837.6293554884705
0.0 1412.0 102.0 567.0 2188.0035367931087
0.0 1309.0 148.0 864.0 3279.957753358619
0.0 1345.0 130.0 793.0 2898.7378239545856
0.0 1412.0 102.0 567.0 2188.0035367931087
0.0 1412.0 102.0 567.0 2188.0035367931087
0.0 1323.0 148.0 771.0 3120.36552392908
0.0 1323.0 148.0 771.0 3120.36552392908
0.0 1306.0 163.0 789.0 3269.0526490151774
0.0 1298.0 168.0 795.0 3376.6472746100703
0.0 1434.0 89.0 536.0 1981.3237580175871
0.0 1306.0 163.0 789.0 3269.0526490151774
0.0 1332.0 150.0 727.0 3042.9042754208617
0.0 1306.0 167.0 773.0 3293.1741824000965
0.0 1306.0 163.0 789.0 3269.0526490151774
0.0 1437.0 88.0 533.0 1961.9473187016108
0.0 1443.0 91.0 498.0 1909.6249521051725
0.0 1321.0 139.0 889.0 3164.7253743047745
0.0 1332.0 150.0 727.0 3042.9042754208617
0.0 1411.0 95.0 665.0 2312.3818556145543
0.0 1337.0 138.0 774.0 2963.053541876283
0.0 1392.0 106.0 704.0 2427.0375736048973
0.0 1421.0 92.0 616.0 2127.4821001100386
0.0 1421.0 92.0 616.0 2127.4821001100386
0.0 1345.0 130.0 793.0 2898.7378239545856
0.0 1327.0 138.0 833.0 3109.24201039548
0.0 1327.0 138.0 833.0 3109.24201039548
0.0 1381.0 111.0 719.0 2537.954108686999
0.0 1451.0 82.0 499.0 1844.2486574704076
0.0 1327.0 138.0 833.0 3109.24201039548
0.0 1332.0 150.0 727.0 3042.9042754208617
0.0 1291.0 156.0 931.0 3463.8837155776446
0.0 1438.0 92.0 503.0 1957.1058035023536
0.0 1451.0 82.0 499.0 1844.2486574704076
0.0 1311.0 161.0 772.0 3247.8977163790532
0.0 1438.0 92.0 503.0 1957.1058035023536
0.0 1412.0 102.0 567.0 2188.0035367931087
0.0 1412.0 102.0 567.0 2188.0035367931087
0.0 1456.0 80.0 493.0 1774.1802030565946
0.0 1291.0 156.0 931.0 3463.8837155776446
0.0 1438.0 92.0 503.0 1957.1058035023536
0.0 1371.0 115.0 749.0 2611.722983367345
0.0 1312.0 148.0 848.0 3231.932528285491
0.0 1438.0 92.0 503.0 1957.1058035023536
0.0 1298.0 168.0 795.0 3376.6472746100703
0.0 1438.0 92.0 503.0 1957.1058035023536
0.0 1412.0 102.0 567.0 2188.0035367931087
0.0 1317.0 156.0 768.0 3162.0754608193943
0.0 1298.0 168.0 795.0 3376.6472746100703
0.0 1317.0 156.0 768.0 3162.0754608193943
0.0 1371.0 115.0 749.0 2611.722983367345
0.0 1438.0 92.0 503.0 1957.1058035023536
0.0 1318.0 151.0 775.0 3202.6873549038446
0.0 1412.0 102.0 567.0 2188.0035367931087
0.0 1438.0 92.0 503.0 1957.1058035023536
0.0 1412.0 102.0 567.0 2188.0035367931087
0.0 1333.0 133.0 860.0 3070.2309767439588
0.0 1287.0 166.0 859.0 3471.583611215505
0.0 1333.0 133.0 860.0 3070.2309767439588
0.0 1341.0 145.0 716.0 2941.6894034943116
0.0 1400.0 109.0 601.0 2345.488107898038
0.0 1287.0 166.0 859.0 3471.583611215505
0.0 1287.0 166.0 859.0 3471.583611215505
0.0 1341.0 145.0 716.0 2941.6894034943116
0.0 1371.0 113.0 777.0 2661.4546921265423
0.0 1451.0 89.0 471.0 1837.6293554884705
0.0 1453.0 85.0 478.0 1806.822894099549
0.0 1400.0 109.0 601.0 2345.488107898038
0.0 1447.0 87.0 494.0 1885.6276554013696
0.0 1287.0 166.0 859.0 3471.583611215505
0.0 1451.0 89.0 471.0 1837.6293554884705
0.0 1400.0 109.0 601.0 2345.488107898038
0.0 1405.0 105.0 589.0 2287.757274877181
0.0 1287.0 166.0 859.0 3471.583611215505
0.0 1384.0 111.0 709.0 2489.608280173077
0.0 1453.0 85.0 478.0 1806.822894099549
0.0 1345.0 130.0 793.0 2898.7378239545856
0.0 1453.0 85.0 478.0 1806.822894099549
0.0 1336.0 140.0 764.0 2974.215453833631
0.0 1423.0 98.0 536.0 2072.1000470248314
0.0 1460.0 80.0 471.0 1748.3330745037972
0.0 1282.0 165.0 914.0 3533.2639222355297
0.0 1294.0 158.0 880.0 3428.5771577816477
0.0 1306.0 167.0 773.0 3293.1741824000965
0.0 1464.0 80.0 460.0 1720.479270487859
0.0 1423.0 98.0 536.0 2072.1000470248314
0.0 1464.0 80.0 460.0 1720.479270487859
0.0 1423.0 98.0 536.0 2072.1000470248314
0.0 1423.0 98.0 536.0 2072.1000470248314
0.0 1464.0 80.0 460.0 1720.479270487859
0.0 1357.0 128.0 720.0 2746.0644553401485
0.0 1357.0 128.0 720.0 2746.0644553401485
0.0 1357.0 128.0 720.0 2746.0644553401485
0.0 1460.0 80.0 471.0 1748.3330745037972
0.0 1426.0 101.0 509.0 2073.783551372383
0.0 1368.0 127.0 678.0 2643.395670860424
0.0 1368.0 127.0 678.0 2643.395670860424
0.0 1368.0 127.0 678.0 2643.395670860424
0.0 1368.0 127.0 678.0 2643.395670860424
0.0 1311.0 161.0 772.0 3247.8977163790532
0.0 1337.0 138.0 774.0 2963.053541876283
0.0 1368.0 127.0 678.0 2643.395670860424
0.0 1368.0 127.0 678.0 2643.395670860424
0.0 1327.0 138.0 833.0 3109.24201039548
0.0 1321.0 139.0 889.0 3164.7253743047745
0.0 1461.0 79.0 478.0 1731.911261571726
0.0 1371.0 115.0 749.0 2611.722983367345
0.0 1371.0 115.0 749.0 2611.722983367345
0.0 1301.0 155.0 856.0 3358.467996536384
0.0 1353.0 133.0 714.0 2848.799945314605
0.0 1461.0 79.0 478.0 1731.911261571726
0.0 1461.0 79.0 478.0 1731.911261571726
0.0 1368.0 127.0 678.0 2643.395670860424
0.0 1456.0 80.0 493.0 1774.1802030565946
0.0 1321.0 139.0 889.0 3164.7253743047745
0.0 1409.0 100.0 615.0 2210.2040826771945
0.0 1433.0 86.0 562.0 2002.099278190914
0.0 1433.0 86.0 562.0 2002.099278190914
0.0 1433.0 86.0 562.0 2002.099278190914
0.0 1433.0 86.0 562.0 2002.099278190914
0.0 1433.0 86.0 562.0 2002.099278190914
0.0 1409.0 108.0 560.0 2224.889954397077
0.0 1402.0 102.0 644.0 2317.5094803385246
0.0 1341.0 145.0 716.0 2941.6894034943116
0.0 1402.0 102.0 644.0 2317.5094803385246
0.0 1405.0 105.0 589.0 2287.757274877181
0.0 1405.0 105.0 589.0 2287.757274877181
0.0 1341.0 145.0 716.0 2941.6894034943116
0.0 1341.0 145.0 716.0 2941.6894034943116
0.0 1391.0 114.0 616.0 2445.052044570328
0.0 1392.0 113.0 616.0 2432.838664052958
0.0 1392.0 113.0 616.0 2432.838664052958
0.0 1392.0 113.0 616.0 2432.838664052958
0.0 1464.0 79.0 466.0 1714.8004399069357
0.0 1464.0 79.0 466.0 1714.8004399069357
0.0 1464.0 79.0 466.0 1714.8004399069357
0.0 1464.0 79.0 466.0 1714.8004399069357
0.0 1464.0 79.0 466.0 1714.8004399069357
0.0 1464.0 79.0 466.0 1714.8004399069357
0.0 1464.0 79.0 466.0 1714.8004399069357
0.0 1409.0 108.0 560.0 2224.889954397077
728.0 1230.0 192.0 1064.0 4082.002514851132
661.0 1241.0 190.0 1045.0 3993.8743768426884
632.0 1249.0 195.0 890.0 3918.541321669075
