0.0 1434.0 97.0 497.0 1980.2146083840455
0.0 1434.0 97.0 497.0 1980.2146083840455
0.0 1374.0 113.0 751.0 2601.531084643608
0.0 1329.0 153.0 726.0 3058.7282580443307
0.0 1338.0 138.0 770.0 2954.0845059559942
0.0 1320.0 139.0 905.0 3186.7608611234955
0.0 1434.0 97.0 497.0 1980.2146083840455
0.0 1461.0 80.0 472.0 1737.590092152649
0.0 1329.0 153.0 726.0 3058.7282580443307
0.0 1411.0 97.0 613.0 2258.4810273993266
0.0 1284.0 168.0 877.0 3506.207456988407
0.0 1353.0 133.0 713.0 2864.93482545167
0.0 1383.0 119.0 655.0 2482.63261204652
0.0 1434.0 97.0 497.0 1980.2146083840455
0.0 1434.0 97.0 497.0 1980.2146083840455
0.0 1407.0 109.0 568.0 2273.027321009174
0.0 1329.0 153.0 726.0 3058.7282580443307
0.0 1434.0 97.0 497.0 1980.2146083840455
0.0 1356.0 123.0 780.0 2771.6887977379843
0.0 1399.0 108.0 616.0 2366.0302536945205
0.0 1295.0 170.0 811.0 3409.0195814503786
0.0 1356.0 123.0 780.0 2771.6887977379843
0.0 1407.0 109.0 568.0 2273.027321009174
0.0 1392.0 110.0 644.0 2427.71210934937
0.0 1399.0 108.0 616.0 2366.0302536945205
0.0 1374.0 113.0 751.0 2601.531084643608
0.0 1374.0 113.0 751.0 2601.531084643608
0.0 1394.0 105.0 677.0 2457.7316756422406
0.0 1461.0 80.0 472.0 1737.590092152649
0.0 1316.0 159.0 758.0 3209.1838435109416
0.0 1441.0 90.0 512.0 1902.7086773083447
0.0 1329.0 153.0 726.0 3058.7282580443307
0.0 1323.0 139.0 857.0 3148.3105404918515
0.0 1437.0 95.0 498.0 1965.42922530815
0.0 1370.0 124.0 700.0 2616.164429672014
0.0 1333.0 137.0 819.0 3010.7029095324992
0.0 1399.0 108.0 616.0 2366.0302536945205
0.0 1420.0 93.0 590.0 2163.342210821884
0.0 1370.0 124.0 700.0 2616.164429672014
0.0 1305.0 148.0 914.0 3318.75414614195
0.0 1432.0 88.0 549.0 2015.0361051318016
0.0 1462.0 82.0 460.0 1740.377489333214
0.0 1316.0 159.0 758.0 3209.1838435109416
0.0 1404.0 105.0 599.0 2296.493581765188
0.0 1374.0 113.0 751.0 2601.531084643608
0.0 1462.0 82.0 460.0 1740.377489333214
0.0 1462.0 82.0 460.0 1740.377489333214
0.0 1456.0 85.0 468.0 1786.1863692669524
0.0 1316.0 159.0 758.0 3209.1838435109416
0.0 1460.0 78.0 501.0 1757.5736864006872
0.0 1432.0 88.0 549.0 2015.0361051318016
0.0 1454.0 84.0 478.0 1799.1380557715636
0.0 1316.0 159.0 758.0 3209.1838435109416
0.0 1462.0 82.0 460.0 1740.377489333214
0.0 1370.0 117.0 725.0 2637.00569209695
0.0 1420.0 93.0 590.0 2163.342210821884
0.0 1462.0 82.0 460.0 1740.377489333214
0.0 1462.0 82.0 460.0 1740.377489333214
0.0 1344.0 131.0 800.0 2916.9377205842475
0.0 1280.0 166.0 930.0 3550.0479608452833
0.0 1295.0 170.0 811.0 3409.0195814503786
0.0 1316.0 159.0 758.0 3209.1838435109416
0.0 1329.0 153.0 726.0 3058.7282580443307
0.0 1295.0 170.0 811.0 3409.0195814503786
0.0 1296.0 162.0 841.0 3393.4925133764423
0.0 1451.0 83.0 495.0 1840.7948113944299
0.0 1329.0 153.0 726.0 3058.7282580443307
0.0 1344.0 131.0 800.0 2916.9377205842475
0.0 1324.0 143.0 796.0 3129.84850719317
0.0 1359.0 135.0 689.0 2749.0157164957764
0.0 1324.0 143.0 796.0 3129.84850719317
0.0 1359.0 135.0 689.0 2749.0157164957764
0.0 1454.0 84.0 478.0 1799.1380557715636
0.0 1324.0 143.0 796.0 3129.84850719317
0.0 1451.0 80.0 531.0 1864.6762634159052
0.0 1454.0 86.0 470.0 1813.0641373560918
0.0 1341.0 148.0 710.0 2941.455786099007
0.0 1359.0 135.0 689.0 2749.0157164957764
0.0 1402.0 103.0 637.0 2305.429278571882
0.0 1291.0 156.0 931.0 3463.8837155776446
0.0 1291.0 165.0 848.0 3428.7508408421327
0.0 1447.0 83.0 526.0 1898.0760483902334
0.0 1446.0 87.0 498.0 1901.3319415591823
0.0 1329.0 153.0 726.0 3058.7282580443307
0.0 1370.0 130.0 676.0 2678.189480238064
0.0 1291.0 156.0 931.0 3463.8837155776446
0.0 1282.0 165.0 915.0 3534.0991325790164
0.0 1291.0 156.0 931.0 3463.8837155776446
0.0 1368.0 120.0 722.0 2649.6367371818737
0.0 1300.0 170.0 793.0 3355.7375173611613
0.0 1291.0 165.0 848.0 3428.7508408421327
0.0 1383.0 119.0 655.0 2482.63261204652
0.0 1282.0 165.0 915.0 3534.0991325790164
0.0 1323.0 139.0 857.0 3148.3105404918515
0.0 1413.0 101.0 573.0 2175.5203676789915
0.0 1383.0 119.0 655.0 2482.63261204652
0.0 1370.0 117.0 725.0 2637.00569209695
0.0 1413.0 101.0 573.0 2175.5203676789915
0.0 1423.0 104.0 532.0 2104.4515812628047
0.0 1383.0 119.0 655.0 2482.63261204652
0.0 1383.0 119.0 655.0 2482.63261204652
0.0 1457.0 80.0 489.0 1765.2111671363057
0.0 1429.0 90.0 565.0 2030.8114008791003
0.0 1362.0 136.0 680.0 2757.9367599952598
0.0 1359.0 135.0 689.0 2749.0157164957764
0.0 1316.0 159.0 758.0 3209.1838435109416
0.0 1359.0 135.0 689.0 2749.0157164957764
0.0 1318.0 148.0 795.0 3197.420929326042
0.0 1281.0 165.0 937.0 3517.3028728455984
0.0 1425.0 91.0 577.0 2094.5477059338223
0.0 1434.0 97.0 497.0 1980.2146083840455
0.0 1311.0 147.0 858.0 3270.0169437783775
0.0 1434.0 97.0 497.0 1980.2146083840455
0.0 1359.0 135.0 689.0 2749.0157164957764
0.0 1434.0 97.0 497.0 1980.2146083840455
0.0 1329.0 153.0 726.0 3058.7282580443307
0.0 1434.0 97.0 497.0 1980.2146083840455
0.0 1423.0 104.0 532.0 2104.4515812628047
0.0 1291.0 156.0 931.0 3463.8837155776446
0.0 1452.0 88.0 471.0 1829.944517160485
0.0 1434.0 97.0 497.0 1980.2146083840455
0.0 1425.0 91.0 577.0 2094.5477059338223
0.0 1333.0 137.0 819.0 3010.7029095324992
0.0 1311.0 147.0 858.0 3270.0169437783775
0.0 1452.0 88.0 471.0 1829.944517160485
0.0 1324.0 143.0 796.0 3129.84850719317
0.0 1423.0 104.0 532.0 2104.4515812628047
0.0 1404.0 110.0 578.0 2269.3195212236124
0.0 1303.0 168.0 786.0 3333.1021123815517
0.0 1413.0 101.0 573.0 2175.5203676789915
0.0 1451.0 83.0 495.0 1840.7948113944299
0.0 1459.0 81.0 471.0 1760.546455021167
0.0 1303.0 168.0 786.0 3333.1021123815517
0.0 1329.0 153.0 726.0 3058.7282580443307
0.0 1434.0 97.0 497.0 1980.2146083840455
0.0 1303.0 168.0 786.0 3333.1021123815517
0.0 1404.0 110.0 578.0 2269.3195212236124
0.0 1324.0 143.0 796.0 3129.84850719317
0.0 1413.0 101.0 573.0 2175.5203676789915
0.0 1404.0 110.0 578.0 2269.3195212236124
0.0 1316.0 159.0 758.0 3209.1838435109416
0.0 1413.0 101.0 573.0 2175.5203676789915
0.0 1404.0 105.0 599.0 2296.493581765188
0.0 1423.0 104.0 532.0 2104.4515812628047
0.0 1452.0 88.0 471.0 1829.944517160485
0.0 1358.0 127.0 729.0 2728.3990459586335
0.0 1413.0 101.0 573.0 2175.5203676789915
0.0 1370.0 124.0 700.0 2616.164429672014
0.0 1404.0 110.0 578.0 2269.3195212236124
0.0 1402.0 103.0 637.0 2305.429278571882
0.0 1413.0 101.0 573.0 2175.5203676789915
0.0 1404.0 110.0 578.0 2269.3195212236124
0.0 1383.0 119.0 655.0 2482.63261204652
0.0 1452.0 85.0 482.0 1817.961578503512
0.0 1441.0 90.0 512.0 1902.7086773083447
0.0 1411.0 97.0 613.0 2258.4810273993266
0.0 1411.0 97.0 613.0 2258.4810273993266
0.0 1302.0 152.0 890.0 3325.5012745450954
0.0 1383.0 119.0 655.0 2482.63261204652
0.0 1404.0 110.0 578.0 2269.3195212236124
0.0 1331.0 134.0 879.0 3081.6086591581507
0.0 1281.0 166.0 916.0 3551.1407889631437
0.0 1291.0 165.0 848.0 3428.7508408421327
0.0 1331.0 134.0 879.0 3081.6086591581507
0.0 1457.0 80.0 489.0 1765.2111671363057
0.0 1423.0 104.0 532.0 2104.4515812628047
0.0 1376.0 116.0 708.0 2574.761078609827
0.0 1358.0 127.0 729.0 2728.3990459586335
0.0 1304.0 166.0 790.0 3315.036057590364
0.0 1341.0 148.0 710.0 2941.455786099007
0.0 1432.0 88.0 549.0 2015.0361051318016
0.0 1302.0 152.0 890.0 3325.5012745450954
0.0 1432.0 88.0 549.0 2015.0361051318016
0.0 1391.0 112.0 634.0 2456.6229719703038
0.0 1341.0 148.0 710.0 2941.455786099007
0.0 1341.0 148.0 710.0 2941.455786099007
0.0 1295.0 170.0 811.0 3409.0195814503786
0.0 1455.0 80.0 503.0 1785.0861584282763
0.0 1457.0 80.0 489.0 1765.2111671363057
0.0 1455.0 80.0 503.0 1785.0861584282763
0.0 1311.0 147.0 858.0 3270.0169437783775
0.0 1287.0 167.0 857.0 3478.2847339746895
0.0 1432.0 88.0 549.0 2015.0361051318016
0.0 1432.0 88.0 549.0 2015.0361051318016
0.0 1432.0 88.0 549.0 2015.0361051318016
0.0 1432.0 88.0 549.0 2015.0361051318016
0.0 1432.0 88.0 549.0 2015.0361051318016
0.0 1287.0 167.0 857.0 3478.2847339746895
0.0 1333.0 144.0 752.0 3056.848354986275
0.0 1353.0 133.0 713.0 2864.93482545167
0.0 1457.0 80.0 489.0 1765.2111671363057
0.0 1287.0 167.0 857.0 3478.2847339746895
0.0 1432.0 88.0 549.0 2015.0361051318016
0.0 1425.0 91.0 577.0 2094.5477059338223
0.0 1432.0 88.0 549.0 2015.0361051318016
0.0 1287.0 166.0 865.0 3469.1441741350827
0.0 1425.0 91.0 577.0 2094.5477059338223
0.0 1441.0 90.0 512.0 1902.7086773083447
0.0 1441.0 90.0 512.0 1902.7086773083447
0.0 1354.0 125.0 776.0 2783.3871213825037
0.0 1404.0 110.0 578.0 2269.3195212236124
0.0 1300.0 170.0 793.0 3355.7375173611613
0.0 1354.0 125.0 776.0 2783.3871213825037
0.0 1358.0 125.0 744.0 2729.8362757970626
0.0 1393.0 112.0 628.0 2423.2127630454643
0.0 1354.0 129.0 738.0 2789.8211012317806
0.0 1338.0 138.0 770.0 2954.0845059559942
0.0 1415.0 103.0 556.0 2171.9979423327763
0.0 1433.0 93.0 518.0 1988.3027164958457
0.0 1415.0 103.0 556.0 2171.9979423327763
0.0 1338.0 138.0 770.0 2954.0845059559942
0.0 1392.0 110.0 644.0 2427.71210934937
0.0 1353.0 133.0 713.0 2864.93482545167
0.0 1394.0 105.0 677.0 2457.7316756422406
0.0 1358.0 127.0 729.0 2728.3990459586335
0.0 1433.0 93.0 518.0 1988.3027164958457
0.0 1358.0 127.0 729.0 2728.3990459586335
0.0 1433.0 93.0 518.0 1988.3027164958457
0.0 1358.0 125.0 744.0 2729.8362757970626
0.0 1455.0 80.0 503.0 1785.0861584282763
0.0 1338.0 138.0 770.0 2954.0845059559942
0.0 1433.0 93.0 518.0 1988.3027164958457
0.0 1433.0 93.0 518.0 1988.3027164958457
0.0 1420.0 93.0 590.0 2163.342210821884
0.0 1338.0 138.0 770.0 2954.0845059559942
0.0 1390.0 109.0 665.0 2461.836950891657
0.0 1410.0 101.0 595.0 2202.812260499341
0.0 1390.0 109.0 665.0 2461.836950891657
0.0 1410.0 101.0 595.0 2202.812260499341
0.0 1383.0 119.0 655.0 2482.63261204652
0.0 1402.0 103.0 637.0 2305.429278571882
0.0 1380.0 115.0 694.0 2522.368122534642
0.0 1383.0 119.0 655.0 2482.63261204652
0.0 1391.0 114.0 632.0 2441.817427966609
0.0 1391.0 112.0 634.0 2456.6229719703038
0.0 1410.0 102.0 587.0 2203.0801972989475
0.0 1383.0 119.0 655.0 2482.63261204652
0.0 1459.0 81.0 471.0 1760.546455021167
0.0 1459.0 81.0 471.0 1760.546455021167
0.0 1461.0 80.0 472.0 1737.590092152649
0.0 1461.0 80.0 472.0 1737.590092152649
0.0 1393.0 112.0 628.0 2423.2127630454643
0.0 1393.0 112.0 628.0 2423.2127630454643
0.0 1461.0 80.0 472.0 1737.590092152649
0.0 1376.0 116.0 708.0 2574.761078609827
0.0 1393.0 112.0 628.0 2423.2127630454643
0.0 1461.0 80.0 472.0 1737.590092152649
0.0 1324.0 143.0 796.0 3129.84850719317
0.0 1370.0 117.0 725.0 2637.00569209695
0.0 1341.0 148.0 710.0 2941.455786099007
0.0 1452.0 85.0 482.0 1817.961578503512
0.0 1415.0 103.0 556.0 2171.9979423327763
0.0 1448.0 89.0 486.0 1853.4396664290432
0.0 1420.0 93.0 590.0 2163.342210821884
0.0 1448.0 89.0 486.0 1853.4396664290432
0.0 1341.0 148.0 710.0 2941.455786099007
0.0 1415.0 103.0 556.0 2171.9979423327763
0.0 1356.0 123.0 780.0 2771.6887977379843
0.0 1359.0 135.0 689.0 2749.0157164957764
0.0 1461.0 80.0 472.0 1737.590092152649
0.0 1415.0 103.0 556.0 2171.9979423327763
0.0 1359.0 135.0 689.0 2749.0157164957764
0.0 1461.0 80.0 472.0 1737.590092152649
0.0 1341.0 148.0 710.0 2941.455786099007
0.0 1380.0 115.0 694.0 2522.368122534642
0.0 1415.0 103.0 556.0 2171.9979423327763
0.0 1391.0 112.0 634.0 2456.6229719703038
0.0 1300.0 160.0 832.0 3362.032291199695
0.0 1359.0 135.0 689.0 2749.0157164957764
0.0 1380.0 115.0 694.0 2522.368122534642
0.0 1370.0 117.0 725.0 2637.00569209695
0.0 1341.0 148.0 710.0 2941.455786099007
0.0 1370.0 117.0 725.0 2637.00569209695
0.0 1370.0 117.0 725.0 2637.00569209695
0.0 1457.0 80.0 489.0 1765.2111671363057
0.0 1374.0 113.0 751.0 2601.531084643608
0.0 1341.0 148.0 710.0 2941.455786099007
0.0 1380.0 115.0 694.0 2522.368122534642
0.0 1415.0 103.0 556.0 2171.9979423327763
0.0 1448.0 89.0 486.0 1853.4396664290432
0.0 1452.0 85.0 482.0 1817.961578503512
0.0 1425.0 91.0 577.0 2094.5477059338223
0.0 1402.0 103.0 637.0 2305.429278571882
0.0 1411.0 97.0 613.0 2258.4810273993266
0.0 1404.0 110.0 578.0 2269.3195212236124
0.0 1404.0 110.0 578.0 2269.3195212236124
0.0 1448.0 89.0 486.0 1853.4396664290432
0.0 1323.0 139.0 857.0 3148.3105404918515
0.0 1462.0 82.0 460.0 1740.377489333214
0.0 1462.0 82.0 460.0 1740.377489333214
0.0 1462.0 82.0 460.0 1740.377489333214
0.0 1462.0 82.0 460.0 1740.377489333214
0.0 1369.0 128.0 682.0 2687.5002404088204
0.0 1462.0 82.0 460.0 1740.377489333214
0.0 1462.0 82.0 460.0 1740.377489333214
0.0 1462.0 82.0 460.0 1740.377489333214
0.0 1369.0 128.0 682.0 2687.5002404088204
0.0 1441.0 90.0 512.0 1902.7086773083447
0.0 1441.0 90.0 512.0 1902.7086773083447
0.0 1441.0 90.0 512.0 1902.7086773083447
