0.0 1459.0 79.0 509.0 1773.0111160478796
0.0 1441.0 89.0 526.0 1957.1755443064512
0.0 1434.0 92.0 531.0 2011.60638852869
0.0 1398.0 106.0 655.0 2366.7909253928024
0.0 1453.0 81.0 516.0 1821.3974517618412
0.0 1389.0 113.0 644.0 2473.0441171862963
0.0 1355.0 127.0 753.0 2780.6032825815137
0.0 1354.0 124.0 785.0 2783.6033795990375
0.0 1322.0 149.0 785.0 3152.0389037200434
0.0 1279.0 168.0 923.0 3567.708569356363
0.0 1392.0 113.0 626.0 2434.3653186709053
0.0 1423.0 95.0 583.0 2106.1494380321437
0.0 1462.0 81.0 472.0 1756.8661482771404
0.0 1450.0 86.0 492.0 1841.0809143925635
0.0 1422.0 100.0 555.0 2114.073151491213
0.0 1310.0 155.0 806.0 3259.0656096859752
0.0 1352.0 135.0 714.0 2874.6553499232823
0.0 1310.0 155.0 806.0 3259.0656096859752
0.0 1441.0 89.0 532.0 1956.9428152741696
0.0 1462.0 81.0 472.0 1756.8661482771404
0.0 1457.0 82.0 475.0 1779.4070373175814
0.0 1357.0 124.0 761.0 2738.3811549868146
0.0 1283.0 165.0 914.0 3506.3881235265208
0.0 1460.0 80.0 480.0 1749.7881282993399
0.0 1439.0 93.0 523.0 1978.7750421686167
0.0 1430.0 92.0 545.0 2071.2009384533294
0.0 1446.0 87.0 504.0 1901.062152962435
0.0 1291.0 164.0 858.0 3428.0019785580225
0.0 1375.0 119.0 697.0 2580.9856634595967
0.0 1429.0 99.0 538.0 2042.0997029953237
0.0 1412.0 102.0 579.0 2197.1080600381206
0.0 1403.0 104.0 617.0 2311.2208053037652
0.0 1412.0 102.0 579.0 2197.1080600381206
0.0 1404.0 109.0 594.0 2287.5915713827735
0.0 1453.0 83.0 499.0 1806.0961329515033
0.0 1375.0 119.0 697.0 2580.9856634595967
0.0 1451.0 89.0 476.0 1895.322537245743
0.0 1457.0 81.0 491.0 1775.6601750914715
0.0 1400.0 109.0 624.0 2317.3977220193083
0.0 1460.0 83.0 470.0 1761.3642363030565
0.0 1422.0 100.0 555.0 2114.073151491213
0.0 1407.0 107.0 582.0 2259.8870658473165
0.0 1412.0 102.0 579.0 2197.1080600381206
0.0 1418.0 92.0 611.0 2163.5530734781596
0.0 1369.0 124.0 707.0 2625.9310303609
0.0 1327.0 148.0 766.0 3090.6115148117424
0.0 1463.0 80.0 472.0 1737.0116525053193
0.0 1352.0 135.0 714.0 2874.6553499232823
0.0 1336.0 150.0 727.0 2993.4056070795014
0.0 1451.0 89.0 476.0 1895.322537245743
0.0 1460.0 80.0 480.0 1749.7881282993399
0.0 1358.0 127.0 737.0 2775.26761738993
0.0 1428.0 91.0 562.0 2107.1852661532407
0.0 1404.0 103.0 623.0 2287.9131809856217
0.0 1290.0 157.0 931.0 3476.1341556594803
0.0 1418.0 92.0 611.0 2163.5530734781596
0.0 1450.0 86.0 492.0 1841.0809143925635
0.0 1324.0 141.0 859.0 3116.423125234825
0.0 1376.0 113.0 750.0 2615.860986476134
0.0 1352.0 135.0 714.0 2874.6553499232823
0.0 1327.0 138.0 870.0 3123.977535880079
0.0 1293.0 170.0 830.0 3417.7740145958815
0.0 1429.0 93.0 558.0 2070.255347706259
0.0 1390.0 116.0 624.0 2473.6925149767226
0.0 1333.0 137.0 819.0 3013.061803238209
0.0 1457.0 81.0 491.0 1775.6601750914715
0.0 1336.0 138.0 788.0 2970.200654807915
0.0 1457.0 82.0 475.0 1779.4070373175814
0.0 1428.0 91.0 590.0 2058.4902379838736
0.0 1444.0 87.0 521.0 1931.7702079932096
0.0 1452.0 86.0 484.0 1835.1087771317364
0.0 1326.0 144.0 793.0 3112.3387094706527
0.0 1376.0 113.0 750.0 2615.860986476134
0.0 1376.0 113.0 750.0 2615.860986476134
0.0 1418.0 92.0 611.0 2163.5530734781596
0.0 1429.0 93.0 558.0 2070.255347706259
0.0 1354.0 124.0 785.0 2783.6033795990375
0.0 1300.0 160.0 824.0 3371.028369713239
0.0 1336.0 138.0 788.0 2970.200654807915
0.0 1454.0 90.0 466.0 1829.2308014343894
0.0 1408.0 103.0 595.0 2235.8938282544327
0.0 1390.0 112.0 643.0 2466.693716998497
0.0 1284.0 166.0 887.0 3513.958712832517
0.0 1433.0 91.0 545.0 2015.808418147744
0.0 1461.0 80.0 486.0 1745.036537217529
0.0 1412.0 102.0 579.0 2197.1080600381206
0.0 1461.0 78.0 505.0 1772.8289901243872
0.0 1408.0 103.0 595.0 2235.8938282544327
0.0 1422.0 95.0 574.0 2156.0074742501047
0.0 1462.0 78.0 501.0 1756.9952467533574
0.0 1355.0 127.0 753.0 2780.6032825815137
0.0 1457.0 85.0 469.0 1790.707246727659
0.0 1279.0 168.0 923.0 3567.708569356363
0.0 1320.0 140.0 899.0 3182.3470668908076
0.0 1366.0 134.0 679.0 2734.973957711562
0.0 1300.0 160.0 824.0 3371.028369713239
0.0 1297.0 167.0 812.0 3395.067829994545
0.0 1430.0 92.0 545.0 2071.2009384533294
0.0 1282.0 164.0 938.0 3501.3591009178663
0.0 1390.0 116.0 624.0 2473.6925149767226
0.0 1462.0 81.0 472.0 1756.8661482771404
0.0 1403.0 104.0 617.0 2311.2208053037652
0.0 1446.0 87.0 504.0 1901.062152962435
0.0 1393.0 108.0 676.0 2391.934826911536
0.0 1418.0 92.0 611.0 2163.5530734781596
0.0 1412.0 102.0 579.0 2197.1080600381206
0.0 1354.0 124.0 785.0 2783.6033795990375
0.0 1372.0 129.0 673.0 2660.422047816484
0.0 1390.0 116.0 624.0 2473.6925149767226
0.0 1279.0 168.0 923.0 3567.708569356363
0.0 1316.0 159.0 766.0 3206.73037623128
0.0 1456.0 83.0 477.0 1829.7546976721906
0.0 1367.0 120.0 757.0 2651.235985353702
0.0 1418.0 92.0 611.0 2163.5530734781596
0.0 1379.0 117.0 673.0 2538.7223004847488
0.0 1429.0 93.0 558.0 2070.255347706259
0.0 1462.0 78.0 501.0 1756.9952467533574
0.0 1446.0 87.0 504.0 1901.062152962435
0.0 1376.0 113.0 750.0 2615.860986476134
0.0 1324.0 141.0 859.0 3116.423125234825
0.0 1457.0 83.0 471.0 1827.9152067028108
0.0 1453.0 81.0 516.0 1821.3974517618412
0.0 1354.0 124.0 785.0 2783.6033795990375
0.0 1418.0 92.0 611.0 2163.5530734781596
0.0 1294.0 158.0 880.0 3428.5771577816477
0.0 1400.0 109.0 624.0 2317.3977220193083
0.0 1392.0 113.0 626.0 2434.3653186709053
0.0 1336.0 138.0 788.0 2970.200654807915
0.0 1307.0 148.0 905.0 3339.6323480348374
0.0 1446.0 87.0 504.0 1901.062152962435
0.0 1299.0 168.0 808.0 3351.2846140919482
0.0 1393.0 108.0 676.0 2391.934826911536
0.0 1375.0 119.0 697.0 2580.9856634595967
0.0 1455.0 80.0 500.0 1800.643433824281
0.0 1319.0 141.0 888.0 3187.200117233998
0.0 1352.0 135.0 714.0 2874.6553499232823
0.0 1354.0 124.0 785.0 2783.6033795990375
0.0 1413.0 101.0 581.0 2198.003516935474
0.0 1408.0 103.0 595.0 2235.8938282544327
0.0 1392.0 113.0 626.0 2434.3653186709053
0.0 1459.0 79.0 509.0 1773.0111160478796
0.0 1418.0 92.0 611.0 2163.5530734781596
0.0 1369.0 124.0 707.0 2625.9310303609
0.0 1392.0 113.0 626.0 2434.3653186709053
0.0 1454.0 90.0 466.0 1829.2308014343894
0.0 1352.0 135.0 714.0 2874.6553499232823
0.0 1430.0 92.0 545.0 2071.2009384533294
0.0 1369.0 124.0 707.0 2625.9310303609
0.0 1390.0 116.0 624.0 2473.6925149767226
0.0 1316.0 159.0 766.0 3206.73037623128
0.0 1422.0 100.0 555.0 2114.073151491213
0.0 1418.0 92.0 611.0 2163.5530734781596
0.0 1408.0 103.0 595.0 2235.8938282544327
0.0 1316.0 159.0 766.0 3206.73037623128
0.0 1438.0 92.0 532.0 1979.8928929686306
0.0 1376.0 113.0 750.0 2615.860986476134
0.0 1403.0 104.0 617.0 2311.2208053037652
0.0 1355.0 127.0 753.0 2780.6032825815137
0.0 1456.0 80.0 508.0 1798.646332229795
0.0 1386.0 112.0 676.0 2501.198233344632
0.0 1336.0 150.0 727.0 2993.4056070795014
0.0 1300.0 160.0 824.0 3371.028369713239
0.0 1386.0 112.0 676.0 2501.198233344632
0.0 1316.0 159.0 766.0 3206.73037623128
0.0 1375.0 119.0 697.0 2580.9856634595967
0.0 1386.0 111.0 686.0 2502.2126423401883
0.0 1462.0 81.0 472.0 1756.8661482771404
0.0 1446.0 87.0 504.0 1901.062152962435
0.0 1369.0 124.0 707.0 2625.9310303609
0.0 1336.0 138.0 788.0 2970.200654807915
0.0 1453.0 81.0 516.0 1821.3974517618412
0.0 1390.0 116.0 624.0 2473.6925149767226
0.0 1390.0 112.0 643.0 2466.693716998497
0.0 1336.0 138.0 788.0 2970.200654807915
0.0 1422.0 100.0 555.0 2114.073151491213
0.0 1352.0 133.0 727.0 2872.8535623037446
0.0 1423.0 95.0 583.0 2106.1494380321437
0.0 1462.0 81.0 472.0 1756.8661482771404
0.0 1283.0 165.0 914.0 3506.3881235265208
0.0 1303.0 152.0 892.0 3325.579733059552
0.0 1316.0 159.0 766.0 3206.73037623128
0.0 1450.0 86.0 492.0 1841.0809143925635
0.0 1375.0 119.0 697.0 2580.9856634595967
0.0 1297.0 167.0 812.0 3395.067829994545
0.0 1303.0 151.0 911.0 3334.270457975148
0.0 1352.0 135.0 714.0 2874.6553499232823
0.0 1388.0 110.0 681.0 2482.5909688292177
0.0 1294.0 169.0 825.0 3410.163741871163
0.0 1457.0 83.0 471.0 1827.9152067028108
0.0 1457.0 85.0 469.0 1790.707246727659
0.0 1354.0 124.0 785.0 2783.6033795990375
0.0 1407.0 107.0 582.0 2259.8870658473165
0.0 1444.0 87.0 521.0 1931.7702079932096
0.0 1397.0 106.0 658.0 2392.259989645286
0.0 1330.0 139.0 830.0 3044.7382473631983
0.0 1462.0 81.0 472.0 1756.8661482771404
0.0 1433.0 91.0 545.0 2015.808418147744
0.0 1336.0 138.0 788.0 2970.200654807915
0.0 1390.0 116.0 624.0 2473.6925149767226
0.0 1412.0 102.0 579.0 2197.1080600381206
0.0 1403.0 104.0 617.0 2311.2208053037652
0.0 1306.0 150.0 892.0 3307.2980951903974
0.0 1322.0 152.0 777.0 3139.9842286802786
0.0 1444.0 87.0 521.0 1931.7702079932096
0.0 1290.0 158.0 921.0 3475.082687099459
0.0 1352.0 135.0 714.0 2874.6553499232823
0.0 1322.0 149.0 785.0 3152.0389037200434
0.0 1390.0 116.0 624.0 2473.6925149767226
0.0 1354.0 124.0 785.0 2783.6033795990375
0.0 1446.0 87.0 504.0 1901.062152962435
0.0 1353.0 134.0 714.0 2862.404909841447
0.0 1369.0 124.0 707.0 2625.9310303609
0.0 1279.0 168.0 923.0 3567.708569356363
0.0 1369.0 124.0 707.0 2625.9310303609
0.0 1422.0 95.0 574.0 2156.0074742501047
0.0 1316.0 159.0 766.0 3206.73037623128
0.0 1342.0 133.0 798.0 2928.388494197194
0.0 1310.0 155.0 806.0 3259.0656096859752
0.0 1341.0 146.0 743.0 2958.088281032295
0.0 1316.0 159.0 766.0 3206.73037623128
0.0 1397.0 106.0 658.0 2392.259989645286
0.0 1459.0 79.0 509.0 1773.0111160478796
0.0 1407.0 102.0 615.0 2234.6679032764
0.0 1329.0 155.0 743.0 3081.7512249567512
0.0 1412.0 102.0 579.0 2197.1080600381206
0.0 1358.0 127.0 737.0 2775.26761738993
0.0 1462.0 81.0 472.0 1756.8661482771404
0.0 1386.0 112.0 676.0 2501.198233344632
0.0 1433.0 91.0 545.0 2015.808418147744
0.0 1336.0 138.0 788.0 2970.200654807915
0.0 1441.0 89.0 526.0 1957.1755443064512
0.0 1330.0 152.0 761.0 3037.2514666780994
0.0 1393.0 108.0 676.0 2391.934826911536
0.0 1449.0 83.0 513.0 1876.829559393611
0.0 1366.0 134.0 679.0 2734.973957711562
0.0 1419.0 99.0 567.0 2165.3730795947035
0.0 1462.0 78.0 501.0 1756.9952467533574
0.0 1407.0 107.0 582.0 2259.8870658473165
0.0 1460.0 80.0 480.0 1749.7881282993399
0.0 1366.0 134.0 679.0 2734.973957711562
0.0 1450.0 86.0 492.0 1841.0809143925635
0.0 1418.0 92.0 611.0 2163.5530734781596
0.0 1336.0 138.0 788.0 2970.200654807915
0.0 1447.0 83.0 527.0 1896.7416102500467
0.0 1329.0 145.0 777.0 3109.372317042169
0.0 1324.0 141.0 859.0 3116.423125234825
0.0 1370.0 120.0 735.0 2610.760743623616
0.0 1299.0 168.0 808.0 3351.2846140919482
0.0 1392.0 113.0 626.0 2434.3653186709053
0.0 1297.0 167.0 812.0 3395.067829994545
0.0 1457.0 82.0 475.0 1779.4070373175814
0.0 1457.0 81.0 491.0 1775.6601750914715
0.0 1418.0 92.0 611.0 2163.5530734781596
0.0 1306.0 150.0 892.0 3307.2980951903974
0.0 1357.0 129.0 729.0 2780.3928583843353
0.0 1369.0 124.0 707.0 2625.9310303609
0.0 1457.0 85.0 469.0 1790.707246727659
0.0 1311.0 151.0 842.0 3253.823258253809
0.0 1433.0 91.0 545.0 2015.808418147744
0.0 1428.0 94.0 557.0 2044.6568085157346
0.0 1405.0 105.0 595.0 2282.9589440910495
0.0 1329.0 155.0 743.0 3081.7512249567512
0.0 1403.0 104.0 617.0 2311.2208053037652
0.0 1305.0 151.0 888.0 3295.4924179006944
0.0 1397.0 106.0 658.0 2392.259989645286
0.0 1419.0 99.0 567.0 2165.3730795947035
0.0 1412.0 102.0 579.0 2197.1080600381206
0.0 1367.0 120.0 757.0 2651.235985353702
0.0 1329.0 143.0 789.0 3088.5180871728553
0.0 1286.0 165.0 892.0 3459.1776315589113
0.0 1462.0 81.0 472.0 1756.8661482771404
0.0 1358.0 127.0 737.0 2775.26761738993
0.0 1450.0 86.0 492.0 1841.0809143925635
0.0 1333.0 137.0 819.0 3013.061803238209
0.0 1408.0 103.0 595.0 2235.8938282544327
0.0 1375.0 119.0 697.0 2580.9856634595967
0.0 1370.0 120.0 735.0 2610.760743623616
0.0 1386.0 112.0 676.0 2501.198233344632
0.0 1413.0 101.0 581.0 2198.003516935474
0.0 1425.0 97.0 552.0 2136.0438199062896
0.0 1393.0 108.0 676.0 2391.934826911536
0.0 1279.0 168.0 923.0 3567.708569356363
0.0 1315.0 147.0 850.0 3234.7609311341016
0.0 1284.0 163.0 924.0 3490.660609815323
0.0 1446.0 87.0 504.0 1901.062152962435
0.0 1375.0 118.0 711.0 2588.7940675475966
0.0 1372.0 116.0 742.0 2671.7828764374963
0.0 1444.0 87.0 521.0 1931.7702079932096
0.0 1464.0 79.0 468.0 1725.1219255197814
0.0 1422.0 100.0 555.0 2114.073151491213
0.0 1410.0 101.0 600.0 2219.4932717871575
0.0 1429.0 93.0 558.0 2070.255347706259
0.0 1310.0 155.0 806.0 3259.0656096859752
0.0 1352.0 133.0 727.0 2872.8535623037446
0.0 1366.0 134.0 679.0 2734.973957711562
