0.0 1406.0 103.0 605.0 2271.797032133701
0.0 1442.0 91.0 502.0 1893.319649856367
0.0 1299.0 161.0 834.0 3382.803886050244
0.0 1377.0 114.0 708.0 2563.2666468404054
0.0 1296.0 162.0 841.0 3388.926911622593
0.0 1409.0 104.0 585.0 2251.0051315436476
0.0 1418.0 100.0 561.0 2178.5497492065315
0.0 1331.0 153.0 742.0 3051.6507300252974
0.0 1461.0 81.0 474.0 1754.7743503453387
0.0 1336.0 149.0 742.0 3015.1831371383346
0.0 1398.0 110.0 619.0 2370.0682216372447
0.0 1388.0 117.0 638.0 2509.70924091429
0.0 1461.0 81.0 474.0 1754.7743503453387
0.0 1402.0 110.0 591.0 2344.576612999129
0.0 1418.0 100.0 561.0 2178.5497492065315
0.0 1418.0 100.0 561.0 2178.5497492065315
0.0 1286.0 169.0 863.0 3489.959621250743
0.0 1430.0 95.0 540.0 2026.1799732439015
0.0 1455.0 81.0 497.0 1798.061857656256
0.0 1450.0 84.0 520.0 1835.530955662303
0.0 1304.0 166.0 790.0 3313.14332909748
0.0 1433.0 95.0 530.0 2005.203205787193
0.0 1459.0 79.0 503.0 1770.5013651349243
0.0 1367.0 130.0 688.0 2727.9094562111686
0.0 1442.0 91.0 502.0 1893.319649856367
0.0 1367.0 117.0 767.0 2707.365394115941
0.0 1404.0 103.0 616.0 2304.870405115967
0.0 1452.0 87.0 472.0 1868.9996477470181
0.0 1428.0 97.0 531.0 2043.686448879171
0.0 1304.0 150.0 899.0 3320.8809525549746
0.0 1303.0 149.0 928.0 3327.386347622533
0.0 1418.0 100.0 561.0 2178.5497492065315
0.0 1428.0 97.0 531.0 2043.686448879171
0.0 1418.0 100.0 561.0 2178.5497492065315
0.0 1418.0 100.0 561.0 2178.5497492065315
0.0 1455.0 89.0 464.0 1815.5299621823267
0.0 1357.0 127.0 743.0 2753.3321691183164
0.0 1460.0 85.0 459.0 1768.691110428325
0.0 1462.0 80.0 482.0 1733.8978528135658
0.0 1368.0 119.0 756.0 2642.7159366822293
0.0 1372.0 116.0 740.0 2610.948744427793
0.0 1368.0 130.0 680.0 2687.9736401970194
0.0 1384.0 118.0 656.0 2544.9719309238453
0.0 1418.0 100.0 561.0 2178.5497492065315
0.0 1461.0 81.0 474.0 1754.7743503453387
0.0 1455.0 81.0 497.0 1798.061857656256
0.0 1462.0 82.0 462.0 1750.6989749460595
0.0 1409.0 107.0 572.0 2259.945598580514
0.0 1462.0 80.0 478.0 1741.4136135225567
0.0 1367.0 130.0 688.0 2727.9094562111686
0.0 1306.0 165.0 791.0 3286.6917122895093
0.0 1460.0 85.0 459.0 1768.691110428325
0.0 1297.0 168.0 808.0 3356.8283632860516
0.0 1351.0 134.0 718.0 2867.623468046553
0.0 1455.0 89.0 464.0 1815.5299621823267
0.0 1448.0 87.0 493.0 1896.4275859902912
0.0 1419.0 102.0 554.0 2165.757603507486
0.0 1306.0 165.0 791.0 3286.6917122895093
0.0 1409.0 104.0 585.0 2251.0051315436476
0.0 1351.0 127.0 786.0 2812.0216471158656
0.0 1418.0 100.0 561.0 2178.5497492065315
0.0 1436.0 86.0 566.0 2009.5018712031099
0.0 1356.0 127.0 743.0 2769.697327209832
0.0 1460.0 85.0 459.0 1768.691110428325
0.0 1384.0 118.0 656.0 2544.9719309238453
0.0 1455.0 89.0 464.0 1815.5299621823267
0.0 1306.0 151.0 872.0 3306.9074391922295
0.0 1368.0 119.0 756.0 2642.7159366822293
0.0 1389.0 116.0 628.0 2484.7941398162206
0.0 1370.0 122.0 713.0 2636.729281734371
0.0 1461.0 81.0 474.0 1754.7743503453387
0.0 1425.0 93.0 573.0 2084.8893760195965
0.0 1377.0 114.0 708.0 2563.2666468404054
0.0 1392.0 111.0 630.0 2432.778376935107
0.0 1318.0 146.0 819.0 3192.0729264140336
0.0 1462.0 82.0 462.0 1750.6989749460595
0.0 1331.0 145.0 754.0 3079.105844936452
0.0 1448.0 87.0 493.0 1896.4275859902912
0.0 1428.0 97.0 531.0 2043.686448879171
0.0 1355.0 125.0 783.0 2772.422834760174
0.0 1455.0 81.0 497.0 1798.061857656256
0.0 1431.0 101.0 523.0 2060.239511268659
0.0 1402.0 110.0 591.0 2344.576612999129
0.0 1418.0 100.0 561.0 2178.5497492065315
0.0 1297.0 168.0 808.0 3356.8283632860516
0.0 1432.0 92.0 553.0 2009.712943072248
0.0 1357.0 127.0 743.0 2753.3321691183164
0.0 1310.0 163.0 791.0 3247.7666873718076
0.0 1411.0 105.0 576.0 2225.855356033155
0.0 1351.0 134.0 718.0 2867.623468046553
0.0 1436.0 86.0 566.0 2009.5018712031099
0.0 1430.0 95.0 538.0 2045.1798416378726
0.0 1402.0 110.0 591.0 2344.576612999129
0.0 1351.0 134.0 718.0 2867.623468046553
0.0 1404.0 107.0 603.0 2268.6923379536183
0.0 1336.0 149.0 742.0 3015.1831371383346
0.0 1452.0 83.0 496.0 1847.572489509027
0.0 1418.0 100.0 561.0 2178.5497492065315
0.0 1436.0 86.0 566.0 2009.5018712031099
0.0 1372.0 128.0 681.0 2658.4947906205466
0.0 1382.0 117.0 683.0 2521.9750718474447
0.0 1409.0 103.0 591.0 2229.3207456043187
0.0 1455.0 89.0 464.0 1815.5299621823267
0.0 1435.0 93.0 542.0 1983.249315939965
0.0 1377.0 114.0 708.0 2563.2666468404054
0.0 1331.0 153.0 742.0 3051.6507300252974
0.0 1433.0 95.0 530.0 2005.203205787193
0.0 1331.0 142.0 775.0 3075.3956090390384
0.0 1409.0 99.0 622.0 2301.568068265957
0.0 1409.0 107.0 572.0 2259.945598580514
0.0 1351.0 134.0 718.0 2867.623468046553
0.0 1452.0 88.0 477.0 1829.7117881282034
0.0 1322.0 143.0 851.0 3125.3226048598626
0.0 1423.0 99.0 551.0 2098.399896919026
0.0 1409.0 107.0 572.0 2259.945598580514
0.0 1351.0 134.0 718.0 2867.623468046553
0.0 1287.0 164.0 890.0 3470.8988407998127
0.0 1402.0 110.0 591.0 2344.576612999129
0.0 1460.0 85.0 459.0 1768.691110428325
0.0 1281.0 166.0 933.0 3529.9416775361137
0.0 1448.0 87.0 493.0 1896.4275859902912
0.0 1377.0 114.0 708.0 2563.2666468404054
0.0 1450.0 90.0 485.0 1844.1766561127718
0.0 1328.0 145.0 759.0 3085.2454284998976
0.0 1334.0 138.0 818.0 2986.841029496166
0.0 1461.0 81.0 474.0 1754.7743503453387
0.0 1357.0 127.0 743.0 2753.3321691183164
0.0 1381.0 117.0 687.0 2530.653338020556
0.0 1374.0 120.0 712.0 2568.469261624149
0.0 1356.0 127.0 743.0 2769.697327209832
0.0 1462.0 82.0 462.0 1750.6989749460595
0.0 1402.0 110.0 591.0 2344.576612999129
0.0 1404.0 107.0 603.0 2268.6923379536183
0.0 1304.0 165.0 795.0 3318.9644222278353
0.0 1318.0 146.0 819.0 3192.0729264140336
0.0 1320.0 147.0 802.0 3185.810430794756
0.0 1372.0 128.0 681.0 2658.4947906205466
0.0 1460.0 85.0 459.0 1768.691110428325
0.0 1336.0 149.0 742.0 3015.1831371383346
0.0 1351.0 134.0 718.0 2867.623468046553
0.0 1450.0 84.0 520.0 1835.530955662303
0.0 1335.0 150.0 739.0 3036.8046999549906
0.0 1320.0 149.0 791.0 3192.398409123123
0.0 1384.0 118.0 656.0 2544.9719309238453
0.0 1419.0 102.0 554.0 2165.757603507486
0.0 1304.0 166.0 790.0 3313.14332909748
0.0 1389.0 116.0 628.0 2484.7941398162206
0.0 1433.0 95.0 530.0 2005.203205787193
0.0 1409.0 107.0 572.0 2259.945598580514
0.0 1323.0 154.0 775.0 3123.3588721330457
0.0 1430.0 95.0 538.0 2045.1798416378726
0.0 1370.0 122.0 713.0 2636.729281734371
0.0 1433.0 95.0 530.0 2005.203205787193
0.0 1304.0 150.0 899.0 3320.8809525549746
0.0 1292.0 156.0 923.0 3460.773835335416
0.0 1389.0 111.0 662.0 2471.4316956765365
0.0 1404.0 103.0 616.0 2304.870405115967
0.0 1394.0 109.0 648.0 2428.430536547062
0.0 1331.0 153.0 742.0 3051.6507300252974
0.0 1433.0 95.0 530.0 2005.203205787193
0.0 1287.0 164.0 890.0 3470.8988407998127
0.0 1367.0 130.0 688.0 2727.9094562111686
0.0 1455.0 81.0 497.0 1798.061857656256
0.0 1436.0 86.0 566.0 2009.5018712031099
0.0 1306.0 165.0 791.0 3286.6917122895093
0.0 1404.0 103.0 616.0 2304.870405115967
0.0 1351.0 134.0 718.0 2867.623468046553
0.0 1455.0 81.0 497.0 1798.061857656256
0.0 1421.0 93.0 631.0 2157.1690780951353
0.0 1297.0 168.0 808.0 3356.8283632860516
0.0 1461.0 81.0 474.0 1754.7743503453387
0.0 1448.0 87.0 493.0 1896.4275859902912
0.0 1405.0 103.0 606.0 2298.530051498135
0.0 1459.0 79.0 503.0 1770.5013651349243
0.0 1391.0 112.0 646.0 2447.993950192259
0.0 1306.0 149.0 898.0 3296.2425075651195
0.0 1462.0 80.0 482.0 1733.8978528135658
0.0 1351.0 134.0 718.0 2867.623468046553
0.0 1455.0 89.0 464.0 1815.5299621823267
0.0 1442.0 91.0 502.0 1893.319649856367
0.0 1331.0 142.0 775.0 3075.3956090390384
0.0 1392.0 111.0 630.0 2432.778376935107
0.0 1433.0 95.0 530.0 2005.203205787193
0.0 1286.0 169.0 863.0 3489.959621250743
0.0 1462.0 82.0 462.0 1750.6989749460595
0.0 1367.0 130.0 688.0 2727.9094562111686
0.0 1335.0 138.0 804.0 2981.198607376502
0.0 1331.0 145.0 754.0 3079.105844936452
0.0 1422.0 95.0 592.0 2138.1260587940947
0.0 1433.0 95.0 530.0 2005.203205787193
0.0 1389.0 111.0 662.0 2471.4316956765365
0.0 1448.0 87.0 493.0 1896.4275859902912
0.0 1377.0 114.0 708.0 2563.2666468404054
0.0 1389.0 111.0 662.0 2471.4316956765365
0.0 1351.0 134.0 718.0 2867.623468046553
0.0 1433.0 95.0 530.0 2005.203205787193
0.0 1351.0 134.0 718.0 2867.623468046553
0.0 1282.0 165.0 921.0 3527.763835299719
0.0 1462.0 80.0 478.0 1741.4136135225567
0.0 1428.0 97.0 531.0 2043.686448879171
0.0 1294.0 159.0 872.0 3437.680658056789
0.0 1372.0 128.0 681.0 2658.4947906205466
0.0 1422.0 95.0 592.0 2138.1260587940947
0.0 1333.0 140.0 792.0 3021.193216768959
0.0 1356.0 127.0 743.0 2769.697327209832
0.0 1321.0 145.0 810.0 3163.896026299878
0.0 1455.0 89.0 464.0 1815.5299621823267
0.0 1312.0 161.0 795.0 3212.144521596785
0.0 1302.0 169.0 794.0 3356.0369314699938
0.0 1435.0 93.0 542.0 1983.249315939965
0.0 1449.0 82.0 539.0 1902.1378373185933
0.0 1405.0 103.0 606.0 2298.530051498135
0.0 1306.0 165.0 791.0 3286.6917122895093
0.0 1308.0 161.0 805.0 3258.3679588745863
0.0 1433.0 95.0 530.0 2005.203205787193
0.0 1398.0 110.0 619.0 2370.0682216372447
0.0 1386.0 119.0 644.0 2542.9321811599093
0.0 1433.0 95.0 530.0 2005.203205787193
0.0 1448.0 87.0 493.0 1896.4275859902912
0.0 1342.0 133.0 806.0 2912.719609139443
0.0 1409.0 107.0 572.0 2259.945598580514
0.0 1304.0 150.0 899.0 3320.8809525549746
0.0 1297.0 168.0 808.0 3356.8283632860516
0.0 1367.0 117.0 767.0 2707.365394115941
0.0 1384.0 118.0 656.0 2544.9719309238453
0.0 1351.0 127.0 786.0 2812.0216471158656
0.0 1404.0 107.0 603.0 2268.6923379536183
0.0 1409.0 107.0 572.0 2259.945598580514
0.0 1433.0 95.0 530.0 2005.203205787193
0.0 1318.0 146.0 819.0 3192.0729264140336
0.0 1394.0 109.0 645.0 2434.928680068841
0.0 1331.0 145.0 754.0 3079.105844936452
0.0 1460.0 85.0 459.0 1768.691110428325
0.0 1386.0 119.0 644.0 2542.9321811599093
0.0 1365.0 124.0 731.0 2657.497358794234
0.0 1404.0 103.0 616.0 2304.870405115967
0.0 1296.0 162.0 841.0 3388.926911622593
0.0 1455.0 89.0 464.0 1815.5299621823267
0.0 1400.0 106.0 638.0 2338.289578410168
0.0 1409.0 107.0 572.0 2259.945598580514
0.0 1285.0 169.0 881.0 3510.45533049129
0.0 1389.0 111.0 662.0 2471.4316956765365
0.0 1409.0 104.0 585.0 2251.0051315436476
0.0 1455.0 81.0 497.0 1798.061857656256
0.0 1304.0 166.0 790.0 3313.14332909748
0.0 1323.0 154.0 775.0 3123.3588721330457
0.0 1351.0 134.0 718.0 2867.623468046553
0.0 1377.0 114.0 708.0 2563.2666468404054
0.0 1454.0 85.0 480.0 1809.5870637267292
0.0 1455.0 81.0 497.0 1798.061857656256
0.0 1389.0 111.0 662.0 2471.4316956765365
0.0 1351.0 134.0 718.0 2867.623468046553
0.0 1334.0 138.0 818.0 2986.841029496166
0.0 1462.0 80.0 478.0 1741.4136135225567
0.0 1422.0 95.0 592.0 2138.1260587940947
0.0 1357.0 127.0 743.0 2753.3321691183164
0.0 1460.0 85.0 459.0 1768.691110428325
0.0 1433.0 95.0 530.0 2005.203205787193
0.0 1282.0 165.0 921.0 3527.763835299719
0.0 1431.0 101.0 523.0 2060.239511268659
0.0 1367.0 130.0 688.0 2727.9094562111686
0.0 1389.0 114.0 648.0 2467.3188459043577
0.0 1450.0 83.0 521.0 1848.741023165263
0.0 1323.0 144.0 834.0 3102.3364477215387
0.0 1461.0 82.0 470.0 1753.679397975071
0.0 1409.0 107.0 572.0 2259.945598580514
0.0 1459.0 79.0 503.0 1770.5013651349243
0.0 1374.0 120.0 712.0 2568.469261624149
0.0 1450.0 89.0 484.0 1861.7272683046663
0.0 1335.0 138.0 792.0 2981.3393392118783
0.0 1377.0 114.0 708.0 2563.2666468404054
0.0 1336.0 139.0 792.0 2977.695792000178
0.0 1394.0 109.0 648.0 2428.430536547062
0.0 1303.0 149.0 928.0 3327.386347622533
0.0 1404.0 103.0 616.0 2304.870405115967
0.0 1328.0 145.0 759.0 3085.2454284998976
0.0 1423.0 101.0 542.0 2136.8897107191187
0.0 1455.0 89.0 464.0 1815.5299621823267
0.0 1289.0 160.0 908.0 3490.924597372946
0.0 1368.0 130.0 680.0 2687.9736401970194
0.0 1450.0 84.0 504.0 1872.581488953194
0.0 1386.0 119.0 644.0 2542.9321811599093
0.0 1462.0 82.0 462.0 1750.6989749460595
0.0 1428.0 97.0 531.0 2043.686448879171
0.0 1448.0 87.0 493.0 1896.4275859902912
0.0 1425.0 93.0 573.0 2084.8893760195965
0.0 1295.0 163.0 841.0 3401.177351704428
0.0 1370.0 122.0 713.0 2636.729281734371
0.0 1409.0 104.0 585.0 2251.0051315436476
0.0 1418.0 100.0 561.0 2178.5497492065315
0.0 1286.0 166.0 882.0 3502.666904074116
0.0 1356.0 127.0 743.0 2769.697327209832
0.0 1455.0 81.0 497.0 1798.061857656256
0.0 1351.0 134.0 718.0 2867.623468046553
0.0 1461.0 81.0 474.0 1754.7743503453387
0.0 1447.0 88.0 499.0 1896.6269694360667
0.0 1389.0 111.0 662.0 2471.4316956765365
0.0 1385.0 111.0 718.0 2475.9183766432147
0.0 1336.0 149.0 742.0 3015.1831371383346
0.0 1367.0 117.0 767.0 2707.365394115941
