0.0 1425.0 97.0 560.0 2102.599936231372
0.0 1317.0 161.0 744.0 3190.4752051352457
0.0 1459.0 85.0 459.0 1777.5625545766336
0.0 1463.0 80.0 468.0 1732.8067638477667
0.0 1454.0 80.0 510.0 1809.379740712288
0.0 1369.0 121.0 722.0 2642.404542280199
0.0 1350.0 130.0 767.0 2859.5899313874747
0.0 1311.0 166.0 773.0 3223.4044814531608
0.0 1367.0 129.0 692.0 2715.351694829403
0.0 1364.0 135.0 682.0 2730.8726902668373
0.0 1428.0 97.0 546.0 2081.081784195166
0.0 1407.0 107.0 591.0 2252.948257333301
0.0 1321.0 140.0 879.0 3173.0506019107524
0.0 1407.0 107.0 591.0 2252.948257333301
0.0 1354.0 127.0 769.0 2771.9535321996955
0.0 1393.0 112.0 631.0 2429.9082000079425
0.0 1435.0 93.0 526.0 1979.1531609006204
0.0 1407.0 107.0 591.0 2252.948257333301
0.0 1423.0 97.0 551.0 2123.775148899062
0.0 1391.0 112.0 649.0 2456.885863628355
0.0 1463.0 80.0 468.0 1732.8067638477667
0.0 1304.0 151.0 892.0 3311.1967040585077
0.0 1283.0 168.0 889.0 3520.9485517484613
0.0 1331.0 151.0 742.0 3046.39635972975
0.0 1331.0 151.0 742.0 3046.39635972975
0.0 1333.0 140.0 792.0 3001.274617621699
0.0 1420.0 95.0 596.0 2145.047752100319
0.0 1331.0 151.0 742.0 3046.39635972975
0.0 1338.0 153.0 720.0 2994.629755887011
0.0 1453.0 82.0 497.0 1852.5362593460304
0.0 1388.0 111.0 671.0 2486.0680424585803
0.0 1367.0 127.0 699.0 2680.0156822349977
0.0 1455.0 90.0 462.0 1813.5635748410418
0.0 1459.0 85.0 459.0 1777.5625545766336
0.0 1350.0 134.0 737.0 2913.4562014093117
0.0 1429.0 90.0 573.0 2057.751471327144
0.0 1459.0 85.0 459.0 1777.5625545766336
0.0 1346.0 133.0 787.0 2863.3531318451146
0.0 1306.0 155.0 836.0 3330.2645976761496
0.0 1378.0 117.0 705.0 2573.0312871590586
0.0 1317.0 161.0 744.0 3190.4752051352457
0.0 1407.0 107.0 591.0 2252.948257333301
0.0 1454.0 80.0 510.0 1809.379740712288
0.0 1313.0 151.0 813.0 3209.43926712339
0.0 1350.0 135.0 728.0 2888.6657970222386
0.0 1455.0 90.0 462.0 1813.5635748410418
0.0 1357.0 130.0 721.0 2772.00598846359
0.0 1428.0 101.0 531.0 2062.7967501446988
0.0 1388.0 115.0 645.0 2507.7802969545446
0.0 1443.0 87.0 525.0 1940.702184349033
0.0 1388.0 115.0 645.0 2507.7802969545446
0.0 1390.0 111.0 654.0 2450.8685048028865
0.0 1300.0 166.0 812.0 3364.013284900808
0.0 1435.0 93.0 526.0 1979.1531609006204
0.0 1296.0 162.0 844.0 3402.0818095026416
0.0 1334.0 139.0 798.0 2993.3570502614316
0.0 1367.0 127.0 699.0 2680.0156822349977
0.0 1417.0 101.0 581.0 2223.1110450056335
0.0 1301.0 151.0 931.0 3353.912720234837
0.0 1404.0 106.0 602.0 2326.6095651999212
0.0 1455.0 90.0 462.0 1813.5635748410418
0.0 1357.0 128.0 737.0 2792.04659966115
0.0 1330.0 148.0 761.0 3054.4149779812583
0.0 1431.0 94.0 531.0 2024.9525774217807
0.0 1353.0 134.0 711.0 2868.3848211433497
0.0 1381.0 115.0 680.0 2520.753028586552
0.0 1402.0 104.0 631.0 2318.3679182353967
0.0 1321.0 140.0 879.0 3173.0506019107524
0.0 1461.0 82.0 464.0 1751.5532333016426
0.0 1305.0 151.0 888.0 3300.0580196545443
0.0 1331.0 151.0 742.0 3046.39635972975
0.0 1455.0 90.0 462.0 1813.5635748410418
0.0 1373.0 114.0 746.0 2633.716467584877
0.0 1461.0 82.0 464.0 1751.5532333016426
0.0 1443.0 87.0 525.0 1940.702184349033
0.0 1451.0 88.0 478.0 1883.9263555194912
0.0 1463.0 80.0 468.0 1732.8067638477667
0.0 1353.0 130.0 762.0 2767.3240213311574
0.0 1443.0 87.0 525.0 1940.702184349033
0.0 1413.0 104.0 566.0 2248.918984978183
0.0 1334.0 142.0 747.0 3060.8367574625904
0.0 1289.0 165.0 868.0 3423.4600708873013
0.0 1425.0 97.0 560.0 2102.599936231372
0.0 1413.0 104.0 566.0 2248.918984978183
0.0 1435.0 90.0 546.0 2016.322355791319
0.0 1422.0 97.0 573.0 2132.586463470012
0.0 1283.0 164.0 928.0 3497.151336219243
0.0 1331.0 151.0 742.0 3046.39635972975
0.0 1463.0 80.0 468.0 1732.8067638477667
0.0 1462.0 80.0 484.0 1739.5242794593448
0.0 1401.0 109.0 606.0 2330.107800226118
0.0 1367.0 127.0 699.0 2680.0156822349977
0.0 1324.0 148.0 784.0 3145.2288233025006
0.0 1407.0 107.0 591.0 2252.948257333301
0.0 1425.0 97.0 560.0 2102.599936231372
0.0 1354.0 125.0 786.0 2791.9869695415664
0.0 1443.0 87.0 525.0 1940.702184349033
0.0 1381.0 115.0 680.0 2520.753028586552
0.0 1367.0 127.0 699.0 2680.0156822349977
0.0 1463.0 80.0 468.0 1732.8067638477667
0.0 1294.0 158.0 880.0 3428.5771577816477
0.0 1354.0 125.0 786.0 2791.9869695415664
0.0 1429.0 90.0 573.0 2057.751471327144
0.0 1304.0 165.0 803.0 3303.2960333100664
0.0 1334.0 139.0 798.0 2993.3570502614316
0.0 1429.0 90.0 573.0 2057.751471327144
0.0 1333.0 151.0 736.0 3033.8833142488256
0.0 1455.0 90.0 462.0 1813.5635748410418
0.0 1435.0 93.0 526.0 1979.1531609006204
0.0 1384.0 117.0 666.0 2548.193047967541
0.0 1459.0 85.0 459.0 1777.5625545766336
0.0 1431.0 94.0 531.0 2024.9525774217807
0.0 1457.0 82.0 475.0 1779.3699777531158
0.0 1452.0 83.0 494.0 1849.4250934996774
0.0 1448.0 88.0 493.0 1894.6209616890044
0.0 1369.0 121.0 722.0 2642.404542280199
0.0 1369.0 121.0 722.0 2642.404542280199
0.0 1402.0 104.0 631.0 2318.3679182353967
0.0 1369.0 121.0 722.0 2642.404542280199
0.0 1368.0 122.0 729.0 2630.8916915012533
0.0 1286.0 167.0 871.0 3483.9271560943534
0.0 1355.0 125.0 777.0 2774.4188350721224
0.0 1377.0 120.0 698.0 2556.3780752783955
0.0 1429.0 90.0 573.0 2057.751471327144
0.0 1463.0 80.0 468.0 1732.8067638477667
0.0 1459.0 85.0 459.0 1777.5625545766336
0.0 1433.0 95.0 542.0 1998.8727105669805
0.0 1317.0 161.0 744.0 3190.4752051352457
0.0 1431.0 94.0 531.0 2024.9525774217807
0.0 1462.0 80.0 484.0 1739.5242794593448
0.0 1334.0 142.0 747.0 3060.8367574625904
0.0 1463.0 80.0 468.0 1732.8067638477667
0.0 1402.0 104.0 631.0 2318.3679182353967
0.0 1448.0 88.0 487.0 1897.0233392049606
0.0 1435.0 90.0 546.0 2016.322355791319
0.0 1333.0 137.0 825.0 3012.8661337703925
0.0 1402.0 104.0 631.0 2318.3679182353967
0.0 1462.0 80.0 484.0 1739.5242794593448
0.0 1409.0 98.0 642.0 2297.9297430875167
0.0 1402.0 104.0 631.0 2318.3679182353967
0.0 1377.0 120.0 698.0 2556.3780752783955
0.0 1409.0 102.0 597.0 2253.2132647087037
0.0 1431.0 94.0 531.0 2024.9525774217807
0.0 1431.0 94.0 531.0 2024.9525774217807
0.0 1333.0 137.0 825.0 3012.8661337703925
0.0 1334.0 139.0 798.0 2993.3570502614316
0.0 1461.0 82.0 464.0 1751.5532333016426
0.0 1324.0 148.0 784.0 3145.2288233025006
0.0 1291.0 171.0 836.0 3437.8702066683454
0.0 1431.0 94.0 531.0 2024.9525774217807
0.0 1355.0 125.0 777.0 2774.4188350721224
0.0 1459.0 85.0 459.0 1777.5625545766336
0.0 1308.0 155.0 829.0 3289.080674578158
0.0 1443.0 87.0 525.0 1940.702184349033
0.0 1452.0 83.0 494.0 1849.4250934996774
0.0 1429.0 90.0 573.0 2057.751471327144
0.0 1334.0 142.0 747.0 3060.8367574625904
0.0 1402.0 109.0 600.0 2322.535254562297
0.0 1399.0 110.0 614.0 2365.0910796652774
0.0 1431.0 94.0 531.0 2024.9525774217807
0.0 1413.0 104.0 566.0 2248.918984978183
0.0 1452.0 83.0 494.0 1849.4250934996774
0.0 1367.0 127.0 699.0 2680.0156822349977
0.0 1454.0 80.0 510.0 1809.379740712288
0.0 1421.0 98.0 579.0 2151.7082682491405
0.0 1404.0 106.0 602.0 2326.6095651999212
0.0 1373.0 130.0 671.0 2668.5518141496077
0.0 1321.0 140.0 879.0 3173.0506019107524
0.0 1429.0 90.0 573.0 2057.751471327144
0.0 1373.0 114.0 746.0 2633.716467584877
0.0 1313.0 159.0 782.0 3258.81721605323
0.0 1435.0 93.0 526.0 1979.1531609006204
0.0 1435.0 90.0 546.0 2016.322355791319
0.0 1333.0 140.0 792.0 3001.274617621699
0.0 1397.0 109.0 632.0 2373.56386315788
0.0 1381.0 115.0 680.0 2520.753028586552
0.0 1463.0 80.0 468.0 1732.8067638477667
0.0 1388.0 115.0 645.0 2507.7802969545446
0.0 1373.0 114.0 746.0 2633.716467584877
0.0 1306.0 163.0 798.0 3304.203308533839
0.0 1331.0 151.0 742.0 3046.39635972975
0.0 1408.0 103.0 598.0 2267.9692244753574
0.0 1313.0 159.0 782.0 3258.81721605323
0.0 1403.0 110.0 588.0 2280.188417030828
0.0 1373.0 114.0 746.0 2633.716467584877
0.0 1331.0 151.0 742.0 3046.39635972975
0.0 1397.0 109.0 632.0 2373.56386315788
0.0 1446.0 88.0 509.0 1907.5329248077483
0.0 1364.0 135.0 682.0 2730.8726902668373
0.0 1289.0 165.0 868.0 3423.4600708873013
0.0 1392.0 107.0 681.0 2462.5125089666935
0.0 1282.0 166.0 911.0 3533.041239773214
0.0 1381.0 115.0 680.0 2520.753028586552
0.0 1407.0 107.0 591.0 2252.948257333301
0.0 1457.0 82.0 475.0 1779.3699777531158
0.0 1354.0 125.0 786.0 2791.9869695415664
0.0 1371.0 131.0 677.0 2681.530984136423
0.0 1367.0 127.0 699.0 2680.0156822349977
0.0 1301.0 151.0 931.0 3353.912720234837
0.0 1462.0 80.0 484.0 1739.5242794593448
0.0 1405.0 109.0 592.0 2299.568679255157
0.0 1425.0 97.0 560.0 2102.599936231372
0.0 1435.0 90.0 546.0 2016.322355791319
0.0 1435.0 93.0 526.0 1979.1531609006204
0.0 1386.0 118.0 653.0 2547.84349834351
0.0 1397.0 106.0 654.0 2381.8904459607747
0.0 1422.0 97.0 573.0 2132.586463470012
0.0 1429.0 90.0 573.0 2057.751471327144
0.0 1443.0 87.0 525.0 1940.702184349033
0.0 1419.0 99.0 588.0 2170.804923262347
0.0 1459.0 85.0 459.0 1777.5625545766336
0.0 1452.0 83.0 494.0 1849.4250934996774
0.0 1391.0 112.0 649.0 2456.885863628355
0.0 1390.0 111.0 654.0 2450.8685048028865
0.0 1455.0 90.0 462.0 1813.5635748410418
0.0 1381.0 115.0 680.0 2520.753028586552
0.0 1461.0 82.0 464.0 1751.5532333016426
0.0 1443.0 87.0 525.0 1940.702184349033
0.0 1371.0 131.0 677.0 2681.530984136423
0.0 1451.0 88.0 478.0 1883.9263555194912
0.0 1357.0 128.0 737.0 2792.04659966115
0.0 1443.0 87.0 525.0 1940.702184349033
0.0 1293.0 157.0 897.0 3451.5633149199716
0.0 1373.0 114.0 746.0 2633.716467584877
0.0 1317.0 161.0 744.0 3190.4752051352457
0.0 1372.0 124.0 703.0 2609.8472918610487
0.0 1404.0 106.0 602.0 2326.6095651999212
0.0 1289.0 165.0 868.0 3423.4600708873013
0.0 1463.0 80.0 468.0 1732.8067638477667
0.0 1456.0 84.0 477.0 1786.6517438307687
0.0 1330.0 150.0 750.0 3056.785021301686
0.0 1313.0 159.0 782.0 3258.81721605323
0.0 1280.0 169.0 921.0 3559.7208989054698
0.0 1425.0 97.0 560.0 2102.599936231372
0.0 1399.0 110.0 614.0 2365.0910796652774
0.0 1317.0 161.0 744.0 3190.4752051352457
0.0 1409.0 102.0 597.0 2253.2132647087037
0.0 1333.0 137.0 825.0 3012.8661337703925
0.0 1399.0 109.0 618.0 2364.016383551871
0.0 1406.0 106.0 592.0 2251.435982394138
0.0 1373.0 114.0 746.0 2633.716467584877
0.0 1298.0 170.0 809.0 3361.3748644878665
0.0 1463.0 80.0 468.0 1732.8067638477667
0.0 1296.0 162.0 844.0 3402.0818095026416
0.0 1357.0 130.0 721.0 2772.00598846359
0.0 1429.0 90.0 573.0 2057.751471327144
0.0 1353.0 134.0 711.0 2868.3848211433497
0.0 1402.0 104.0 631.0 2318.3679182353967
0.0 1333.0 137.0 819.0 3013.0988628026744
0.0 1421.0 100.0 568.0 2139.4330432891416
0.0 1316.0 146.0 870.0 3202.757167605956
0.0 1391.0 112.0 649.0 2456.885863628355
0.0 1408.0 103.0 598.0 2267.9692244753574
0.0 1369.0 121.0 722.0 2642.404542280199
0.0 1450.0 89.0 480.0 1854.836652759041
0.0 1281.0 167.0 917.0 3536.523369741111
0.0 1425.0 97.0 560.0 2102.599936231372
0.0 1306.0 163.0 798.0 3304.203308533839
0.0 1381.0 115.0 680.0 2520.753028586552
0.0 1389.0 113.0 655.0 2479.399047671
0.0 1450.0 84.0 504.0 1872.5444293887283
0.0 1431.0 94.0 531.0 2024.9525774217807
0.0 1373.0 114.0 746.0 2633.716467584877
0.0 1455.0 90.0 462.0 1813.5635748410418
0.0 1340.0 143.0 752.0 2984.575029588953
0.0 1286.0 167.0 871.0 3483.9271560943534
0.0 1331.0 151.0 742.0 3046.39635972975
0.0 1452.0 83.0 494.0 1849.4250934996774
0.0 1462.0 80.0 484.0 1739.5242794593448
0.0 1367.0 127.0 699.0 2680.0156822349977
0.0 1388.0 111.0 671.0 2486.0680424585803
0.0 1350.0 130.0 767.0 2859.5899313874747
0.0 1334.0 142.0 747.0 3060.8367574625904
0.0 1411.0 102.0 601.0 2241.0181952571043
0.0 1421.0 98.0 579.0 2151.7082682491405
0.0 1454.0 80.0 510.0 1809.379740712288
0.0 1333.0 151.0 736.0 3033.8833142488256
0.0 1317.0 161.0 744.0 3190.4752051352457
0.0 1288.0 159.0 932.0 3492.301983094473
0.0 1446.0 88.0 509.0 1907.5329248077483
0.0 1407.0 107.0 591.0 2252.948257333301
0.0 1294.0 157.0 894.0 3421.2552961796323
0.0 1411.0 101.0 610.0 2256.8603871583623
0.0 1443.0 87.0 525.0 1940.702184349033
0.0 1409.0 98.0 642.0 2297.9297430875167
0.0 1397.0 109.0 632.0 2373.56386315788
0.0 1451.0 88.0 478.0 1883.9263555194912
0.0 1387.0 112.0 672.0 2492.4184426463785
0.0 1371.0 131.0 677.0 2681.530984136423
0.0 1459.0 85.0 459.0 1777.5625545766336
0.0 1282.0 166.0 911.0 3533.041239773214
