0.0 1407.0 103.0 608.0 2292.058528756775
0.0 1361.0 134.0 694.0 2771.763612934777
0.0 1460.0 80.0 471.0 1748.3330745037972
0.0 1403.0 108.0 597.0 2283.34515555141
0.0 1351.0 136.0 714.0 2882.340188251268
0.0 1425.0 103.0 538.0 2108.6621743563915
0.0 1307.0 149.0 886.0 3303.945422435717
0.0 1333.0 137.0 819.0 3013.0988628026744
0.0 1424.0 94.0 566.0 2094.927119625923
0.0 1401.0 108.0 604.0 2332.121670368768
0.0 1368.0 131.0 686.0 2699.176227207906
0.0 1437.0 89.0 546.0 1961.9659088783849
0.0 1398.0 106.0 675.0 2340.1242047991886
0.0 1333.0 137.0 819.0 3013.0988628026744
0.0 1456.0 84.0 472.0 1785.111673153546
0.0 1437.0 94.0 509.0 1952.5985646379354
0.0 1282.0 165.0 927.0 3506.396917473917
0.0 1410.0 104.0 582.0 2256.3742070397625
0.0 1404.0 103.0 630.0 2304.099011979598
0.0 1334.0 154.0 730.0 3028.6933285953683
0.0 1450.0 82.0 512.0 1868.3465702866033
0.0 1282.0 165.0 927.0 3506.396917473917
0.0 1302.0 170.0 795.0 3334.6191540493787
0.0 1414.0 99.0 601.0 2237.3136819158117
0.0 1324.0 157.0 750.0 3126.594688982389
0.0 1444.0 90.0 514.0 1901.3670174548324
0.0 1307.0 166.0 791.0 3273.0934700144285
0.0 1447.0 89.0 489.0 1909.7527221855328
0.0 1391.0 112.0 636.0 2444.759028420195
0.0 1334.0 154.0 730.0 3028.6933285953683
0.0 1351.0 136.0 714.0 2882.340188251268
0.0 1394.0 106.0 670.0 2460.0927518241688
0.0 1401.0 108.0 604.0 2332.121670368768
0.0 1460.0 80.0 471.0 1748.3330745037972
0.0 1391.0 112.0 636.0 2444.759028420195
0.0 1437.0 89.0 546.0 1961.9659088783849
0.0 1336.0 137.0 804.0 2975.7204770966564
0.0 1449.0 86.0 502.0 1854.3828230344202
0.0 1353.0 126.0 775.0 2794.765291556386
0.0 1405.0 107.0 596.0 2254.3971950753494
0.0 1432.0 93.0 546.0 2022.0016665896583
0.0 1355.0 128.0 744.0 2781.903533871513
0.0 1355.0 130.0 744.0 2751.170812914772
0.0 1437.0 94.0 509.0 1952.5985646379354
0.0 1450.0 87.0 479.0 1878.9114884040307
0.0 1424.0 94.0 566.0 2094.927119625923
0.0 1460.0 80.0 471.0 1748.3330745037972
0.0 1307.0 157.0 818.0 3298.7566564734834
0.0 1293.0 156.0 913.0 3449.8678799637355
0.0 1382.0 115.0 668.0 2521.5246992942625
0.0 1456.0 84.0 472.0 1785.111673153546
0.0 1449.0 86.0 493.0 1874.565526352818
0.0 1461.0 80.0 480.0 1742.9837897661462
0.0 1458.0 81.0 481.0 1769.3198214736396
0.0 1453.0 80.0 517.0 1844.801272123935
0.0 1311.0 151.0 843.0 3257.866929532321
0.0 1353.0 126.0 775.0 2794.765291556386
0.0 1371.0 123.0 700.0 2622.126782384389
0.0 1341.0 148.0 730.0 2949.7263834929036
0.0 1381.0 117.0 690.0 2523.4279031990723
0.0 1443.0 88.0 516.0 1940.7543990904587
0.0 1437.0 89.0 546.0 1961.9659088783849
0.0 1410.0 104.0 582.0 2256.3742070397625
0.0 1391.0 112.0 636.0 2444.759028420195
0.0 1307.0 149.0 886.0 3303.945422435717
0.0 1282.0 165.0 927.0 3506.396917473917
0.0 1391.0 112.0 633.0 2460.353363380666
0.0 1331.0 140.0 809.0 3038.6973492411867
0.0 1407.0 108.0 576.0 2295.115597062615
0.0 1341.0 148.0 730.0 2949.7263834929036
0.0 1295.0 172.0 827.0 3412.224393960035
0.0 1386.0 116.0 656.0 2511.853303604288
0.0 1285.0 166.0 895.0 3474.264667277244
0.0 1452.0 85.0 487.0 1804.0412206682543
0.0 1282.0 165.0 927.0 3506.396917473917
0.0 1320.0 153.0 780.0 3176.2159365302496
0.0 1410.0 101.0 600.0 2214.927670033308
0.0 1451.0 86.0 488.0 1827.8096410693913
0.0 1299.0 161.0 830.0 3380.8393727146527
0.0 1375.0 118.0 710.0 2569.0418106279367
0.0 1403.0 108.0 597.0 2283.34515555141
0.0 1351.0 136.0 714.0 2882.340188251268
0.0 1369.0 122.0 719.0 2639.941394841297
0.0 1326.0 142.0 815.0 3115.449564229442
0.0 1452.0 84.0 484.0 1857.4677688828897
0.0 1358.0 125.0 744.0 2729.8362757970626
0.0 1312.0 161.0 793.0 3225.33478831854
0.0 1293.0 159.0 880.0 3442.9972463471568
0.0 1293.0 164.0 849.0 3433.9909826599132
0.0 1424.0 94.0 566.0 2094.927119625923
0.0 1406.0 102.0 623.0 2268.1506120397935
0.0 1361.0 134.0 694.0 2771.763612934777
0.0 1452.0 84.0 484.0 1857.4677688828897
0.0 1358.0 125.0 744.0 2729.8362757970626
0.0 1405.0 107.0 596.0 2254.3971950753494
0.0 1352.0 134.0 715.0 2884.052047736697
0.0 1437.0 94.0 509.0 1952.5985646379354
0.0 1364.0 120.0 758.0 2707.11261966137
0.0 1371.0 123.0 700.0 2622.126782384389
0.0 1333.0 137.0 819.0 3013.0988628026744
0.0 1341.0 148.0 730.0 2949.7263834929036
0.0 1405.0 107.0 596.0 2254.3971950753494
0.0 1432.0 91.0 563.0 2036.279547064868
0.0 1462.0 81.0 472.0 1737.3749264429284
0.0 1460.0 84.0 463.0 1762.8842957833863
0.0 1375.0 118.0 710.0 2569.0418106279367
0.0 1299.0 161.0 830.0 3380.8393727146527
0.0 1358.0 125.0 744.0 2729.8362757970626
0.0 1327.0 142.0 825.0 3081.7386235848917
0.0 1368.0 131.0 686.0 2699.176227207906
0.0 1351.0 136.0 714.0 2882.340188251268
0.0 1333.0 137.0 819.0 3013.0988628026744
0.0 1450.0 87.0 479.0 1878.9114884040307
0.0 1364.0 120.0 758.0 2707.11261966137
0.0 1456.0 84.0 472.0 1785.111673153546
0.0 1386.0 118.0 662.0 2461.4553570650787
0.0 1394.0 106.0 670.0 2460.0927518241688
0.0 1461.0 80.0 480.0 1742.9837897661462
0.0 1453.0 80.0 517.0 1844.801272123935
0.0 1355.0 126.0 763.0 2766.431210961341
0.0 1449.0 86.0 502.0 1854.3828230344202
0.0 1322.0 144.0 847.0 3124.0754668320246
0.0 1424.0 94.0 566.0 2094.927119625923
0.0 1461.0 80.0 480.0 1742.9837897661462
0.0 1375.0 118.0 696.0 2577.4223129522966
0.0 1282.0 165.0 927.0 3506.396917473917
0.0 1361.0 134.0 694.0 2771.763612934777
0.0 1461.0 80.0 480.0 1742.9837897661462
0.0 1437.0 94.0 509.0 1952.5985646379354
0.0 1381.0 111.0 748.0 2574.0038912930386
0.0 1447.0 89.0 489.0 1909.7527221855328
0.0 1462.0 81.0 472.0 1737.3749264429284
0.0 1423.0 103.0 542.0 2144.7933243546186
0.0 1289.0 168.0 862.0 3461.681786301231
0.0 1355.0 125.0 765.0 2771.645955667335
0.0 1305.0 150.0 900.0 3314.119374292734
0.0 1321.0 141.0 883.0 3165.813655128511
0.0 1418.0 104.0 563.0 2125.9994308790233
0.0 1459.0 81.0 471.0 1760.5835145856324
0.0 1391.0 112.0 636.0 2444.759028420195
0.0 1391.0 112.0 633.0 2460.353363380666
0.0 1358.0 125.0 744.0 2729.8362757970626
0.0 1437.0 89.0 546.0 1961.9659088783849
0.0 1330.0 148.0 752.0 3073.101300272848
0.0 1301.0 151.0 919.0 3352.736595332033
0.0 1351.0 136.0 714.0 2882.340188251268
0.0 1333.0 137.0 819.0 3013.0988628026744
0.0 1456.0 84.0 472.0 1785.111673153546
0.0 1418.0 104.0 563.0 2125.9994308790233
0.0 1418.0 104.0 563.0 2125.9994308790233
0.0 1333.0 137.0 819.0 3013.0988628026744
0.0 1353.0 126.0 775.0 2794.765291556386
0.0 1403.0 108.0 597.0 2283.34515555141
0.0 1402.0 110.0 598.0 2312.9104839259217
0.0 1462.0 81.0 472.0 1737.3749264429284
0.0 1430.0 96.0 539.0 2034.4357594281194
0.0 1447.0 89.0 489.0 1909.7527221855328
0.0 1460.0 80.0 471.0 1748.3330745037972
0.0 1410.0 104.0 582.0 2256.3742070397625
0.0 1452.0 84.0 484.0 1857.4677688828897
0.0 1418.0 104.0 563.0 2125.9994308790233
0.0 1392.0 111.0 644.0 2441.407703881497
0.0 1435.0 92.0 527.0 2040.5522551873476
0.0 1424.0 94.0 566.0 2094.927119625923
0.0 1458.0 85.0 465.0 1779.5685623236957
0.0 1301.0 151.0 919.0 3352.736595332033
0.0 1418.0 95.0 612.0 2186.1025195939533
0.0 1424.0 94.0 566.0 2094.927119625923
0.0 1410.0 104.0 582.0 2256.3742070397625
0.0 1351.0 136.0 714.0 2882.340188251268
0.0 1324.0 157.0 750.0 3126.594688982389
0.0 1394.0 106.0 670.0 2460.0927518241688
0.0 1424.0 95.0 575.0 2076.7919324293034
0.0 1341.0 148.0 730.0 2949.7263834929036
0.0 1391.0 112.0 636.0 2444.759028420195
0.0 1364.0 120.0 758.0 2707.11261966137
0.0 1326.0 150.0 766.0 3108.95068715933
0.0 1460.0 80.0 471.0 1748.3330745037972
0.0 1437.0 92.0 522.0 2007.0563565718533
0.0 1391.0 112.0 636.0 2444.759028420195
0.0 1418.0 104.0 563.0 2125.9994308790233
0.0 1443.0 88.0 516.0 1940.7543990904587
0.0 1324.0 157.0 750.0 3126.594688982389
0.0 1307.0 166.0 791.0 3273.0934700144285
0.0 1462.0 81.0 472.0 1737.3749264429284
0.0 1425.0 100.0 541.0 2112.389960486544
0.0 1375.0 118.0 710.0 2569.0418106279367
0.0 1351.0 135.0 718.0 2882.3254434044065
0.0 1432.0 93.0 546.0 2022.0016665896583
0.0 1437.0 94.0 509.0 1952.5985646379354
0.0 1391.0 116.0 626.0 2469.7295619235856
0.0 1424.0 95.0 575.0 2076.7919324293034
0.0 1437.0 94.0 509.0 1952.5985646379354
0.0 1404.0 103.0 630.0 2304.099011979598
0.0 1377.0 122.0 676.0 2560.280984456574
0.0 1375.0 118.0 710.0 2569.0418106279367
0.0 1375.0 118.0 710.0 2569.0418106279367
0.0 1401.0 108.0 604.0 2332.121670368768
0.0 1391.0 112.0 636.0 2444.759028420195
0.0 1355.0 130.0 744.0 2751.170812914772
0.0 1401.0 108.0 604.0 2332.121670368768
0.0 1324.0 157.0 750.0 3126.594688982389
0.0 1462.0 81.0 472.0 1737.3749264429284
0.0 1452.0 84.0 484.0 1857.4677688828897
0.0 1449.0 83.0 509.0 1862.8394511700747
0.0 1462.0 81.0 472.0 1737.3749264429284
0.0 1353.0 126.0 775.0 2794.765291556386
0.0 1375.0 118.0 710.0 2569.0418106279367
0.0 1401.0 106.0 641.0 2294.407017031532
0.0 1410.0 104.0 582.0 2256.3742070397625
0.0 1326.0 142.0 815.0 3115.449564229442
0.0 1437.0 94.0 509.0 1952.5985646379354
0.0 1334.0 154.0 730.0 3028.6933285953683
0.0 1443.0 88.0 516.0 1940.7543990904587
0.0 1333.0 137.0 836.0 3006.1338547885925
0.0 1375.0 118.0 710.0 2569.0418106279367
0.0 1382.0 115.0 668.0 2521.5246992942625
0.0 1424.0 95.0 575.0 2076.7919324293034
0.0 1391.0 116.0 626.0 2469.7295619235856
0.0 1369.0 122.0 719.0 2639.941394841297
0.0 1361.0 134.0 694.0 2771.763612934777
0.0 1437.0 94.0 509.0 1952.5985646379354
0.0 1456.0 84.0 472.0 1785.111673153546
0.0 1371.0 123.0 700.0 2622.126782384389
0.0 1424.0 94.0 566.0 2094.927119625923
0.0 1418.0 104.0 563.0 2125.9994308790233
0.0 1405.0 107.0 596.0 2254.3971950753494
0.0 1386.0 116.0 659.0 2474.9524246678025
0.0 1301.0 151.0 919.0 3352.736595332033
0.0 1424.0 94.0 566.0 2094.927119625923
0.0 1415.0 99.0 625.0 2200.9108643118984
0.0 1333.0 137.0 819.0 3013.0988628026744
0.0 1429.0 94.0 560.0 2025.3584943154538
0.0 1319.0 152.0 774.0 3186.4756870764513
0.0 1405.0 104.0 605.0 2284.0474722155363
0.0 1375.0 118.0 710.0 2569.0418106279367
0.0 1394.0 106.0 670.0 2460.0927518241688
0.0 1459.0 84.0 465.0 1771.8466644312446
0.0 1459.0 81.0 471.0 1760.5835145856324
0.0 1460.0 80.0 471.0 1748.3330745037972
0.0 1376.0 123.0 681.0 2610.1084729511836
0.0 1358.0 125.0 744.0 2729.8362757970626
0.0 1437.0 89.0 546.0 1961.9659088783849
0.0 1410.0 102.0 596.0 2222.892419701735
0.0 1424.0 95.0 575.0 2076.7919324293034
0.0 1461.0 80.0 480.0 1742.9837897661462
0.0 1293.0 159.0 880.0 3442.9972463471568
0.0 1432.0 93.0 546.0 2022.0016665896583
0.0 1462.0 81.0 472.0 1737.3749264429284
0.0 1391.0 112.0 636.0 2444.759028420195
0.0 1460.0 80.0 471.0 1748.3330745037972
0.0 1405.0 107.0 596.0 2254.3971950753494
0.0 1293.0 164.0 849.0 3433.9909826599132
0.0 1410.0 104.0 582.0 2256.3742070397625
0.0 1285.0 166.0 895.0 3474.264667277244
0.0 1307.0 149.0 886.0 3303.945422435717
0.0 1341.0 148.0 730.0 2949.7263834929036
0.0 1373.0 113.0 761.0 2656.3094837089307
0.0 1462.0 81.0 472.0 1737.3749264429284
0.0 1351.0 136.0 714.0 2882.340188251268
0.0 1301.0 151.0 919.0 3352.736595332033
0.0 1456.0 84.0 472.0 1785.111673153546
0.0 1303.0 167.0 808.0 3303.4318319511003
0.0 1432.0 93.0 546.0 2022.0016665896583
0.0 1366.0 117.0 771.0 2726.7581219895715
0.0 1416.0 101.0 577.0 2216.331916197747
0.0 1364.0 120.0 758.0 2707.11261966137
0.0 1318.0 147.0 828.0 3216.0051552572886
0.0 1330.0 144.0 777.0 3106.1491949952615
0.0 1452.0 85.0 487.0 1804.0412206682543
0.0 1424.0 95.0 575.0 2076.7919324293034
0.0 1461.0 80.0 480.0 1742.9837897661462
0.0 1391.0 112.0 636.0 2444.759028420195
0.0 1312.0 161.0 793.0 3225.33478831854
0.0 1375.0 118.0 710.0 2569.0418106279367
0.0 1325.0 146.0 787.0 3132.329096002892
0.0 1327.0 149.0 768.0 3119.7321261285574
0.0 1437.0 94.0 509.0 1952.5985646379354
0.0 1370.0 129.0 678.0 2710.710246520975
0.0 1302.0 170.0 795.0 3334.6191540493787
0.0 1418.0 104.0 563.0 2125.9994308790233
0.0 1288.0 164.0 881.0 3484.0660638044824
0.0 1424.0 94.0 566.0 2094.927119625923
0.0 1429.0 94.0 560.0 2025.3584943154538
0.0 1305.0 154.0 854.0 3306.837109692215
0.0 1367.0 134.0 680.0 2729.8366787893256
0.0 1401.0 108.0 604.0 2332.121670368768
0.0 1447.0 89.0 489.0 1909.7527221855328
0.0 1453.0 80.0 517.0 1844.801272123935
0.0 1307.0 157.0 818.0 3298.7566564734834
0.0 1292.0 159.0 887.0 3462.7252268773195
0.0 1324.0 157.0 750.0 3126.594688982389
0.0 1350.0 129.0 780.0 2835.0232978490303
0.0 1377.0 115.0 732.0 2582.1088578819117
0.0 1370.0 117.0 749.0 2669.570855124388
0.0 1459.0 81.0 471.0 1760.5835145856324
0.0 1321.0 141.0 883.0 3165.813655128511
0.0 1299.0 161.0 830.0 3380.8393727146527
