0.0 1342.0 134.0 788.0 2936.999861761158
0.0 1435.0 93.0 521.0 1991.4323087908251
0.0 1395.0 108.0 654.0 2403.99537285427
0.0 1284.0 166.0 892.0 3511.353806963582
0.0 1457.0 80.0 489.0 1765.2111671363057
0.0 1400.0 107.0 615.0 2357.510205023048
0.0 1454.0 82.0 490.0 1830.6015707677286
0.0 1403.0 109.0 589.0 2270.42974344128
0.0 1405.0 106.0 602.0 2262.34193776582
0.0 1353.0 125.0 789.0 2786.308506012604
0.0 1280.0 166.0 933.0 3556.6761146122317
0.0 1280.0 166.0 933.0 3556.6761146122317
0.0 1406.0 106.0 589.0 2236.111436030415
0.0 1464.0 80.0 460.0 1720.479270487859
0.0 1411.0 102.0 586.0 2225.9672440759823
0.0 1418.0 99.0 569.0 2180.4580576537833
0.0 1463.0 78.0 485.0 1743.4130236910382
0.0 1353.0 125.0 789.0 2786.308506012604
0.0 1326.0 159.0 747.0 3131.8219914919005
0.0 1334.0 137.0 815.0 3004.09276731792
0.0 1423.0 100.0 553.0 2079.49696989213
0.0 1341.0 141.0 757.0 2932.4370092743843
0.0 1456.0 85.0 468.0 1786.2234288314178
0.0 1291.0 171.0 842.0 3437.6745372005294
0.0 1324.0 148.0 782.0 3150.938961527192
0.0 1418.0 99.0 569.0 2180.4580576537833
0.0 1435.0 87.0 571.0 1997.1350157805605
0.0 1461.0 81.0 472.0 1756.1588287690995
0.0 1330.0 154.0 750.0 3046.989617437377
0.0 1405.0 106.0 602.0 2262.34193776582
0.0 1364.0 118.0 782.0 2741.4677445135
0.0 1449.0 84.0 499.0 1868.7124780696124
0.0 1442.0 94.0 499.0 1956.3511217926332
0.0 1418.0 99.0 569.0 2180.4580576537833
0.0 1376.0 113.0 756.0 2606.266263933939
0.0 1418.0 99.0 569.0 2180.4580576537833
0.0 1324.0 139.0 854.0 3127.6829382789756
0.0 1388.0 119.0 624.0 2505.8366082687994
0.0 1342.0 148.0 724.0 2966.6101715509276
0.0 1325.0 155.0 752.0 3104.8439777269
0.0 1453.0 90.0 470.0 1830.7622984423745
0.0 1335.0 138.0 791.0 2993.7245373425926
0.0 1363.0 134.0 686.0 2774.6886875875643
0.0 1388.0 119.0 624.0 2505.8366082687994
0.0 1437.0 95.0 509.0 2002.533187179014
0.0 1376.0 113.0 756.0 2606.266263933939
0.0 1324.0 139.0 854.0 3127.6829382789756
0.0 1404.0 105.0 603.0 2308.1247962830143
0.0 1342.0 148.0 724.0 2966.6101715509276
0.0 1387.0 112.0 672.0 2487.8899004569944
0.0 1285.0 166.0 885.0 3509.0420775003754
0.0 1418.0 99.0 569.0 2180.4580576537833
0.0 1395.0 112.0 620.0 2435.1460810524063
0.0 1405.0 106.0 602.0 2262.34193776582
0.0 1333.0 139.0 802.0 3017.7161431395966
0.0 1435.0 87.0 571.0 1997.1350157805605
0.0 1353.0 125.0 789.0 2786.308506012604
0.0 1457.0 80.0 489.0 1765.2111671363057
0.0 1453.0 87.0 472.0 1817.260332080736
0.0 1403.0 109.0 589.0 2270.42974344128
0.0 1418.0 99.0 569.0 2180.4580576537833
0.0 1363.0 134.0 686.0 2774.6886875875643
0.0 1286.0 164.0 900.0 3454.739175037765
0.0 1353.0 125.0 789.0 2786.308506012604
0.0 1428.0 98.0 528.0 2070.074671064625
0.0 1434.0 95.0 504.0 2044.5711934055362
0.0 1453.0 90.0 470.0 1830.7622984423745
0.0 1334.0 139.0 791.0 3008.1446259081017
0.0 1418.0 99.0 569.0 2180.4580576537833
0.0 1453.0 90.0 470.0 1830.7622984423745
0.0 1388.0 119.0 624.0 2505.8366082687994
0.0 1404.0 105.0 603.0 2308.1247962830143
0.0 1349.0 134.0 742.0 2900.8559499862235
0.0 1428.0 98.0 528.0 2070.074671064625
0.0 1457.0 80.0 489.0 1765.2111671363057
0.0 1308.0 146.0 894.0 3315.3331833321045
0.0 1382.0 115.0 694.0 2497.231869938751
0.0 1434.0 93.0 522.0 2029.9441434002943
0.0 1439.0 89.0 539.0 1955.364323875074
0.0 1457.0 80.0 489.0 1765.2111671363057
0.0 1385.0 116.0 671.0 2477.7162224038793
0.0 1353.0 133.0 719.0 2867.574033577842
0.0 1382.0 115.0 694.0 2497.231869938751
0.0 1402.0 102.0 651.0 2318.1119616497303
0.0 1402.0 102.0 651.0 2318.1119616497303
0.0 1418.0 99.0 569.0 2180.4580576537833
0.0 1403.0 104.0 617.0 2311.2208053037652
0.0 1407.0 109.0 580.0 2266.2557183554472
0.0 1434.0 95.0 504.0 2044.5711934055362
0.0 1456.0 84.0 469.0 1825.2785594179509
0.0 1293.0 172.0 822.0 3417.432828181612
0.0 1435.0 87.0 571.0 1997.1350157805605
0.0 1307.0 162.0 794.0 3282.3543877259667
0.0 1327.0 143.0 796.0 3121.407214481587
0.0 1360.0 126.0 719.0 2713.7411720223076
0.0 1307.0 162.0 794.0 3282.3543877259667
0.0 1460.0 82.0 474.0 1753.5914960385282
0.0 1395.0 112.0 620.0 2435.1460810524063
0.0 1421.0 93.0 604.0 2210.6332825338695
0.0 1382.0 115.0 694.0 2497.231869938751
0.0 1360.0 126.0 719.0 2713.7411720223076
0.0 1388.0 119.0 624.0 2505.8366082687994
0.0 1458.0 79.0 511.0 1780.7300818542035
0.0 1339.0 145.0 748.0 2974.9962393573533
0.0 1360.0 126.0 719.0 2713.7411720223076
0.0 1360.0 126.0 719.0 2713.7411720223076
0.0 1392.0 110.0 678.0 2400.7040297879835
0.0 1457.0 80.0 489.0 1765.2111671363057
0.0 1449.0 86.0 499.0 1865.4115562410407
0.0 1360.0 126.0 719.0 2713.7411720223076
0.0 1388.0 119.0 624.0 2505.8366082687994
0.0 1461.0 80.0 480.0 1746.8888117162755
0.0 1388.0 119.0 624.0 2505.8366082687994
0.0 1363.0 134.0 686.0 2774.6886875875643
0.0 1453.0 90.0 470.0 1830.7622984423745
0.0 1308.0 146.0 894.0 3315.3331833321045
0.0 1388.0 119.0 624.0 2505.8366082687994
0.0 1285.0 166.0 885.0 3509.0420775003754
0.0 1400.0 107.0 615.0 2357.510205023048
0.0 1463.0 78.0 485.0 1743.4130236910382
0.0 1324.0 139.0 854.0 3127.6829382789756
0.0 1423.0 100.0 553.0 2079.49696989213
0.0 1387.0 114.0 648.0 2498.602890155769
0.0 1444.0 86.0 525.0 1930.6584523153376
0.0 1449.0 84.0 499.0 1868.7124780696124
0.0 1313.0 147.0 850.0 3264.4110394601666
0.0 1421.0 103.0 542.0 2126.5364731184177
0.0 1308.0 146.0 894.0 3315.3331833321045
0.0 1403.0 109.0 589.0 2270.42974344128
0.0 1330.0 152.0 747.0 3051.451449557945
0.0 1341.0 141.0 757.0 2932.4370092743843
0.0 1435.0 87.0 571.0 1997.1350157805605
0.0 1431.0 90.0 556.0 2046.2435019977058
0.0 1376.0 113.0 756.0 2606.266263933939
0.0 1360.0 126.0 719.0 2713.7411720223076
0.0 1408.0 103.0 598.0 2267.9692244753574
0.0 1428.0 98.0 528.0 2070.074671064625
0.0 1434.0 93.0 522.0 2029.9441434002943
0.0 1336.0 136.0 817.0 2980.8326995934926
0.0 1332.0 138.0 826.0 3021.3861824418655
0.0 1307.0 162.0 794.0 3282.3543877259667
0.0 1368.0 120.0 739.0 2640.7931821189254
0.0 1326.0 159.0 747.0 3131.8219914919005
0.0 1423.0 95.0 589.0 2109.625666031158
0.0 1434.0 93.0 522.0 2029.9441434002943
0.0 1403.0 109.0 589.0 2270.42974344128
0.0 1342.0 148.0 724.0 2966.6101715509276
0.0 1431.0 90.0 556.0 2046.2435019977058
0.0 1323.0 157.0 752.0 3156.843643320633
0.0 1434.0 93.0 522.0 2029.9441434002943
0.0 1314.0 153.0 805.0 3227.8296380560637
0.0 1280.0 166.0 933.0 3556.6761146122317
0.0 1334.0 139.0 791.0 3008.1446259081017
0.0 1402.0 102.0 651.0 2318.1119616497303
0.0 1353.0 133.0 719.0 2867.574033577842
0.0 1462.0 80.0 478.0 1743.583262006231
0.0 1299.0 167.0 813.0 3367.4980216638096
0.0 1360.0 126.0 719.0 2713.7411720223076
0.0 1453.0 90.0 470.0 1830.7622984423745
0.0 1431.0 90.0 556.0 2046.2435019977058
0.0 1372.0 121.0 707.0 2595.952019917384
0.0 1407.0 109.0 580.0 2266.2557183554472
0.0 1461.0 81.0 474.0 1736.8125137673092
0.0 1452.0 82.0 510.0 1841.1452569245232
0.0 1462.0 80.0 478.0 1743.583262006231
0.0 1446.0 89.0 506.0 1868.5163269348823
0.0 1318.0 144.0 868.0 3185.011109260635
0.0 1428.0 98.0 528.0 2070.074671064625
0.0 1450.0 84.0 504.0 1862.9328098330905
0.0 1387.0 112.0 672.0 2487.8899004569944
0.0 1360.0 126.0 719.0 2713.7411720223076
0.0 1460.0 82.0 474.0 1753.5914960385282
0.0 1402.0 102.0 651.0 2318.1119616497303
0.0 1355.0 125.0 771.0 2773.7721203407627
0.0 1360.0 126.0 719.0 2713.7411720223076
0.0 1353.0 133.0 719.0 2867.574033577842
0.0 1401.0 108.0 604.0 2338.856920606292
0.0 1457.0 82.0 481.0 1783.7028504746838
0.0 1339.0 145.0 748.0 2974.9962393573533
0.0 1382.0 115.0 694.0 2497.231869938751
0.0 1372.0 121.0 707.0 2595.952019917384
0.0 1449.0 86.0 499.0 1865.4115562410407
0.0 1455.0 81.0 493.0 1784.0346898682546
0.0 1451.0 85.0 484.0 1865.1526072108752
0.0 1463.0 78.0 485.0 1743.4130236910382
0.0 1294.0 159.0 872.0 3442.375717023855
0.0 1311.0 153.0 831.0 3235.1679004302646
0.0 1329.0 153.0 754.0 3057.495048248862
0.0 1372.0 121.0 707.0 2595.952019917384
0.0 1318.0 144.0 868.0 3185.011109260635
0.0 1434.0 93.0 522.0 2029.9441434002943
0.0 1411.0 102.0 586.0 2225.9672440759823
0.0 1280.0 166.0 933.0 3556.6761146122317
0.0 1463.0 78.0 485.0 1743.4130236910382
0.0 1408.0 103.0 598.0 2267.9692244753574
0.0 1360.0 126.0 719.0 2713.7411720223076
0.0 1308.0 146.0 894.0 3315.3331833321045
0.0 1428.0 98.0 528.0 2070.074671064625
0.0 1435.0 87.0 571.0 1997.1350157805605
0.0 1434.0 95.0 504.0 2044.5711934055362
0.0 1462.0 80.0 478.0 1743.583262006231
0.0 1313.0 147.0 850.0 3264.4110394601666
0.0 1421.0 93.0 604.0 2210.6332825338695
0.0 1394.0 106.0 676.0 2465.434525522596
0.0 1372.0 121.0 707.0 2595.952019917384
0.0 1418.0 99.0 569.0 2180.4580576537833
0.0 1324.0 139.0 854.0 3127.6829382789756
0.0 1408.0 103.0 598.0 2267.9692244753574
0.0 1462.0 80.0 478.0 1743.583262006231
0.0 1297.0 169.0 819.0 3373.069511840812
0.0 1308.0 146.0 894.0 3315.3331833321045
0.0 1392.0 110.0 650.0 2454.5874131442774
0.0 1408.0 103.0 598.0 2267.9692244753574
0.0 1352.0 126.0 786.0 2799.8082665984957
0.0 1446.0 89.0 506.0 1868.5163269348823
0.0 1307.0 162.0 794.0 3282.3543877259667
0.0 1363.0 134.0 686.0 2774.6886875875643
0.0 1336.0 136.0 817.0 2980.8326995934926
0.0 1372.0 121.0 707.0 2595.952019917384
0.0 1453.0 90.0 470.0 1830.7622984423745
0.0 1382.0 115.0 694.0 2497.231869938751
0.0 1335.0 138.0 791.0 2993.7245373425926
0.0 1461.0 81.0 472.0 1756.1588287690995
0.0 1462.0 80.0 478.0 1743.583262006231
0.0 1431.0 90.0 556.0 2046.2435019977058
0.0 1431.0 90.0 556.0 2046.2435019977058
0.0 1370.0 123.0 701.0 2640.6672503679547
0.0 1299.0 167.0 813.0 3367.4980216638096
0.0 1402.0 102.0 651.0 2318.1119616497303
0.0 1370.0 123.0 701.0 2640.6672503679547
0.0 1450.0 84.0 504.0 1862.9328098330905
0.0 1295.0 169.0 823.0 3410.3420564635535
0.0 1326.0 159.0 747.0 3131.8219914919005
0.0 1291.0 157.0 923.0 3470.817567369112
0.0 1431.0 90.0 556.0 2046.2435019977058
0.0 1461.0 81.0 474.0 1736.8125137673092
0.0 1403.0 109.0 589.0 2270.42974344128
0.0 1418.0 99.0 569.0 2180.4580576537833
0.0 1392.0 110.0 650.0 2454.5874131442774
0.0 1364.0 118.0 782.0 2741.4677445135
0.0 1382.0 115.0 694.0 2497.231869938751
0.0 1450.0 84.0 504.0 1862.9328098330905
0.0 1295.0 169.0 823.0 3410.3420564635535
0.0 1360.0 126.0 719.0 2713.7411720223076
0.0 1431.0 90.0 556.0 2046.2435019977058
0.0 1308.0 146.0 894.0 3315.3331833321045
0.0 1457.0 82.0 481.0 1783.7028504746838
0.0 1462.0 80.0 478.0 1743.583262006231
0.0 1457.0 80.0 489.0 1765.2111671363057
0.0 1402.0 102.0 651.0 2318.1119616497303
0.0 1372.0 121.0 707.0 2595.952019917384
0.0 1280.0 166.0 933.0 3556.6761146122317
0.0 1370.0 123.0 701.0 2640.6672503679547
0.0 1405.0 111.0 574.0 2293.2884332482904
0.0 1334.0 137.0 815.0 3004.09276731792
0.0 1388.0 119.0 624.0 2505.8366082687994
0.0 1299.0 167.0 813.0 3367.4980216638096
0.0 1388.0 119.0 624.0 2505.8366082687994
0.0 1349.0 134.0 742.0 2900.8559499862235
0.0 1442.0 94.0 499.0 1956.3511217926332
0.0 1463.0 78.0 485.0 1743.4130236910382
0.0 1401.0 108.0 604.0 2338.856920606292
0.0 1303.0 150.0 909.0 3331.786907926656
0.0 1460.0 80.0 484.0 1746.8379693441987
0.0 1284.0 164.0 920.0 3474.4184968619193
0.0 1376.0 113.0 756.0 2606.266263933939
0.0 1443.0 88.0 528.0 1930.6607940001306
0.0 1353.0 133.0 719.0 2867.574033577842
0.0 1421.0 93.0 604.0 2210.6332825338695
0.0 1431.0 90.0 556.0 2046.2435019977058
0.0 1451.0 85.0 484.0 1865.1526072108752
0.0 1373.0 116.0 747.0 2616.2203864006224
0.0 1308.0 164.0 788.0 3245.4660452658777
0.0 1366.0 133.0 683.0 2733.110395714744
0.0 1294.0 168.0 831.0 3417.603714279927
0.0 1292.0 157.0 909.0 3472.7907559044984
0.0 1418.0 99.0 569.0 2180.4580576537833
0.0 1281.0 168.0 915.0 3518.3707501361373
0.0 1461.0 81.0 474.0 1736.8125137673092
0.0 1294.0 159.0 872.0 3442.375717023855
0.0 1375.0 117.0 731.0 2573.2379599933597
0.0 1388.0 119.0 624.0 2505.8366082687994
0.0 1355.0 125.0 771.0 2773.7721203407627
0.0 1402.0 102.0 651.0 2318.1119616497303
0.0 1400.0 107.0 615.0 2357.510205023048
0.0 1447.0 87.0 510.0 1882.6679118005209
0.0 1360.0 126.0 719.0 2713.7411720223076
0.0 1317.0 152.0 794.0 3221.242381408724
0.0 1443.0 88.0 528.0 1930.6607940001306
0.0 1293.0 157.0 899.0 3457.18974156575
0.0 1432.0 94.0 533.0 2025.93205223198
0.0 1342.0 148.0 724.0 2966.6101715509276
0.0 1462.0 80.0 478.0 1743.583262006231
0.0 1324.0 148.0 782.0 3150.938961527192
0.0 1442.0 94.0 499.0 1956.3511217926332
0.0 1309.0 162.0 789.0 3280.867515627235
0.0 1431.0 90.0 556.0 2046.2435019977058
0.0 1434.0 93.0 522.0 2029.9441434002943
0.0 1334.0 139.0 791.0 3008.1446259081017
0.0 1314.0 152.0 811.0 3242.2402890263256
