0.0 772.0 244.0 1164.0 4801.679308368887
0.0 1001.0 112.0 667.0 2453.069389420056
0.0 457.0 390.0 1981.0 7918.022487699337
0.0 522.0 349.0 1902.0 7270.71491136944
0.0 841.0 193.0 1036.0 4080.29844518984
0.0 714.0 245.0 1445.0 5331.399634236842
0.0 221.0 498.0 2572.0 10211.11845811018
0.0 507.0 366.0 1854.0 7401.291015148135
0.0 737.0 240.0 1321.0 5035.464601235832
0.0 331.0 441.0 2371.0 9126.585732350626
0.0 564.0 328.0 1738.0 6798.483342917207
0.0 566.0 343.0 1666.0 6811.305663577027
0.0 103.0 555.0 2856.0 11420.157626319291
0.0 714.0 245.0 1445.0 5331.399634236842
0.0 758.0 237.0 1241.0 4889.281455512462
0.0 571.0 316.0 1793.0 6733.219546136462
0.0 883.0 169.0 959.0 3672.331852755133
0.0 594.0 312.0 1621.0 6515.968171331498
0.0 532.0 347.0 1826.0 7124.150210254068
0.0 252.0 473.0 2571.0 9870.3067530391
0.0 717.0 278.0 1230.0 5261.770826299952
0.0 244.0 487.0 2526.0 10001.89300373982
0.0 758.0 233.0 1275.0 4923.702952900444
0.0 567.0 324.0 1696.0 6759.554584823214
0.0 741.0 250.0 1271.0 5027.628846701603
0.0 1024.0 107.0 597.0 2271.1349591565972
0.0 88.0 568.0 2876.0 11580.545738015682
0.0 470.0 379.0 1980.0 7833.247992223706
0.0 98.0 563.0 2844.0 11474.563423550724
0.0 652.0 294.0 1431.0 5964.806830466538
0.0 252.0 470.0 2572.0 9969.571630968274
0.0 436.0 394.0 2065.0 8151.675889772929
0.0 553.0 346.0 1716.0 6935.07827648678
0.0 691.0 264.0 1437.0 5552.327882352429
0.0 245.0 488.0 2514.0 9934.35604302239
0.0 738.0 258.0 1254.0 5094.139290636257
0.0 716.0 263.0 1279.0 5334.713378274994
0.0 593.0 308.0 1707.0 6548.502386202262
0.0 245.0 492.0 2499.0 10010.545707072573
0.0 605.0 292.0 1744.0 6387.7992785593015
0.0 712.0 246.0 1390.0 5353.253634443531
0.0 623.0 300.0 1574.0 6298.32162005021
0.0 719.0 258.0 1294.0 5235.700070543761
0.0 117.0 551.0 2822.0 11277.435233585917
0.0 448.0 379.0 2004.0 7991.748426755432
0.0 1111.0 57.0 350.0 1263.2611555343206
0.0 712.0 246.0 1390.0 5353.253634443531
0.0 87.0 565.0 2899.0 11605.277199008291
0.0 872.0 164.0 1032.0 3764.209562187348
0.0 665.0 287.0 1458.0 5806.569459832127
0.0 470.0 379.0 1980.0 7833.247992223706
0.0 741.0 250.0 1271.0 5027.628846701603
0.0 760.0 227.0 1285.0 4884.476253057801
0.0 517.0 348.0 1911.0 7356.246446029278
0.0 908.0 151.0 912.0 3430.5813193312474
0.0 719.0 258.0 1294.0 5235.700070543761
0.0 607.0 304.0 1640.0 6463.392691586312
0.0 795.0 218.0 1212.0 4525.567588712104
0.0 114.0 547.0 2870.0 11300.10939367689
0.0 123.0 547.0 2812.0 11240.308152423384
0.0 1022.0 105.0 603.0 2231.0713694750457
0.0 775.0 227.0 1244.0 4769.18989730577
0.0 914.0 161.0 792.0 3303.124877756072
0.0 573.0 311.0 1800.0 6707.317858204707
0.0 849.0 206.0 950.0 4011.9099947417367
0.0 1243.0 1.0 0.0 6.899616541335519
0.0 234.0 495.0 2490.0 10101.669989747455
0.0 659.0 281.0 1525.0 5836.087383052412
0.0 791.0 228.0 1150.0 4648.495226442047
0.0 87.0 563.0 2906.0 11575.687852951647
0.0 812.0 205.0 1132.0 4324.254267948731
0.0 107.0 553.0 2850.0 11396.554391518115
0.0 507.0 366.0 1854.0 7401.291015148135
0.0 119.0 546.0 2844.0 11254.02372878645
0.0 1243.0 1.0 0.0 6.899616541335519
0.0 1243.0 1.0 0.0 6.899616541335519
0.0 245.0 492.0 2499.0 10010.545707072573
0.0 463.0 372.0 2032.0 7866.110047212024
0.0 457.0 390.0 1981.0 7918.022487699337
0.0 617.0 331.0 1483.0 6334.988514611792
0.0 244.0 487.0 2526.0 10001.89300373982
0.0 115.0 547.0 2853.0 11312.061418386611
0.0 87.0 567.0 2883.0 11598.883538698194
0.0 540.0 350.0 1786.0 7117.04835536409
0.0 234.0 482.0 2613.0 10134.2331307876
0.0 674.0 271.0 1500.0 5707.861335835315
0.0 624.0 296.0 1613.0 6174.7323146874705
0.0 229.0 506.0 2516.0 10188.010213718246
0.0 914.0 161.0 792.0 3303.124877756072
0.0 848.0 198.0 982.0 4016.4672898546823
0.0 630.0 288.0 1632.0 6162.041828055887
0.0 249.0 479.0 2538.0 9990.14088235771
0.0 795.0 218.0 1212.0 4525.567588712104
0.0 507.0 366.0 1854.0 7401.291015148135
0.0 92.0 562.0 2887.0 11520.778469943843
0.0 463.0 375.0 1984.0 7821.465630645108
0.0 256.0 482.0 2481.0 9883.040261798784
0.0 793.0 215.0 1201.0 4535.208689593026
0.0 901.0 170.0 909.0 3495.2624843172675
0.0 1129.0 48.0 324.0 1118.7467434618984
0.0 831.0 197.0 1091.0 4155.15593780666
0.0 764.0 242.0 1234.0 4731.0835685350185
0.0 679.0 265.0 1457.0 5772.9229258933365
0.0 624.0 303.0 1568.0 6205.948171774272
0.0 236.0 484.0 2621.0 10068.87063182195
0.0 571.0 323.0 1713.0 6802.177334391333
0.0 741.0 250.0 1271.0 5027.628846701603
0.0 1243.0 1.0 0.0 6.899616541335519
0.0 1243.0 1.0 0.0 6.899616541335519
0.0 758.0 233.0 1275.0 4923.702952900444
0.0 691.0 264.0 1437.0 5552.327882352429
0.0 497.0 358.0 1945.0 7571.513044975669
0.0 224.0 489.0 2636.0 10164.848211327573
0.0 624.0 301.0 1589.0 6178.709722359383
0.0 617.0 305.0 1577.0 6209.037541001839
0.0 104.0 554.0 2860.0 11406.950820971952
0.0 1243.0 1.0 0.0 6.899616541335519
0.0 758.0 233.0 1275.0 4923.702952900444
0.0 741.0 250.0 1271.0 5027.628846701603
0.0 1243.0 1.0 0.0 6.899616541335519
0.0 986.0 124.0 678.0 2597.8100812572497
0.0 1243.0 1.0 0.0 6.899616541335519
0.0 88.0 566.0 2880.0 11593.29219878058
0.0 552.0 341.0 1728.0 7007.305701192975
0.0 353.0 434.0 2273.0 8924.64285699742
0.0 457.0 390.0 1981.0 7918.022487699337
0.0 547.0 329.0 1837.0 7026.866088431533
0.0 109.0 557.0 2830.0 11377.17065163312
0.0 719.0 258.0 1294.0 5235.700070543761
0.0 88.0 566.0 2880.0 11593.29219878058
0.0 515.0 361.0 1884.0 7377.899387759892
0.0 665.0 287.0 1458.0 5806.569459832127
0.0 624.0 301.0 1589.0 6178.709722359383
0.0 716.0 263.0 1279.0 5334.713378274994
0.0 691.0 264.0 1437.0 5552.327882352429
0.0 507.0 366.0 1854.0 7401.291015148135
0.0 1033.0 103.0 531.0 2192.049481001892
0.0 914.0 161.0 792.0 3303.124877756072
0.0 1243.0 1.0 0.0 6.899616541335519
0.0 901.0 170.0 909.0 3495.2624843172675
0.0 751.0 236.0 1268.0 4978.044771209577
0.0 665.0 287.0 1458.0 5806.569459832127
0.0 215.0 500.0 2607.0 10233.953465299552
0.0 1243.0 1.0 0.0 6.899616541335519
0.0 245.0 492.0 2499.0 10010.545707072573
0.0 255.0 473.0 2537.0 9896.852160828576
0.0 761.0 239.0 1281.0 4823.947685323415
0.0 774.0 218.0 1229.0 4772.741865650484
0.0 100.0 556.0 2867.0 11455.6432865313
0.0 1001.0 112.0 667.0 2453.069389420056
0.0 1243.0 1.0 0.0 6.899616541335519
0.0 229.0 506.0 2516.0 10188.010213718246
0.0 1243.0 1.0 0.0 6.899616541335519
0.0 533.0 348.0 1812.0 7173.238668796178
0.0 714.0 245.0 1445.0 5331.399634236842
0.0 764.0 232.0 1266.0 4715.277264154362
0.0 104.0 554.0 2860.0 11406.950820971952
0.0 240.0 487.0 2561.0 10045.369205771694
0.0 245.0 488.0 2514.0 9934.35604302239
0.0 1035.0 99.0 551.0 2140.3752362516443
0.0 752.0 239.0 1255.0 4923.814575467956
0.0 1244.0 0.0 0.0 0.0
0.0 88.0 566.0 2880.0 11593.29219878058
0.0 1244.0 0.0 0.0 0.0
0.0 1244.0 0.0 0.0 0.0
0.0 225.0 493.0 2587.0 10178.877618886358
0.0 742.0 258.0 1193.0 4998.257641278135
0.0 1244.0 0.0 0.0 0.0
0.0 1244.0 0.0 0.0 0.0
0.0 729.0 247.0 1378.0 5131.57405531674
0.0 1244.0 0.0 0.0 0.0
0.0 244.0 487.0 2526.0 10001.89300373982
0.0 517.0 348.0 1911.0 7356.246446029278
0.0 704.0 263.0 1359.0 5484.139200693495
0.0 693.0 279.0 1374.0 5548.528065127878
0.0 1244.0 0.0 0.0 0.0
0.0 1243.0 1.0 0.0 6.899616541335519
0.0 660.0 281.0 1483.0 5942.497622437361
0.0 221.0 498.0 2572.0 10211.11845811018
0.0 1244.0 0.0 0.0 0.0
0.0 1244.0 0.0 0.0 0.0
0.0 256.0 482.0 2481.0 9883.040261798784
0.0 1244.0 0.0 0.0 0.0
0.0 1244.0 0.0 0.0 0.0
0.0 1243.0 1.0 0.0 6.899616541335519
0.0 1244.0 0.0 0.0 0.0
0.0 1244.0 0.0 0.0 0.0
0.0 1244.0 0.0 0.0 0.0
0.0 567.0 324.0 1696.0 6759.554584823214
0.0 494.0 379.0 1844.0 7575.3039369968255
0.0 795.0 218.0 1212.0 4525.567588712104
0.0 241.0 482.0 2576.0 10056.149568395731
0.0 1244.0 0.0 0.0 0.0
0.0 1243.0 1.0 0.0 6.899616541335519
0.0 624.0 301.0 1589.0 6178.709722359383
0.0 236.0 484.0 2621.0 10068.87063182195
0.0 239.0 490.0 2538.0 10024.339291251557
0.0 679.0 268.0 1481.0 5663.000708898479
0.0 758.0 233.0 1275.0 4923.702952900444
0.0 594.0 312.0 1621.0 6515.968171331498
0.0 1244.0 0.0 0.0 0.0
0.0 232.0 496.0 2517.0 10177.215696229141
0.0 719.0 258.0 1294.0 5235.700070543761
0.0 1244.0 0.0 0.0 0.0
0.0 1244.0 0.0 0.0 0.0
0.0 215.0 493.0 2637.0 10310.804585416081
0.0 769.0 229.0 1178.0 4759.001243610455
0.0 116.0 551.0 2841.0 11305.787334266593
0.0 92.0 562.0 2887.0 11520.778469943843
0.0 463.0 375.0 1984.0 7821.465630645108
0.0 1243.0 1.0 0.0 6.899616541335519
0.0 1244.0 0.0 0.0 0.0
0.0 540.0 350.0 1786.0 7117.04835536409
0.0 423.0 392.0 2143.0 8307.33504276712
0.0 761.0 238.0 1218.0 4854.697382536184
0.0 1244.0 0.0 0.0 0.0
0.0 1244.0 0.0 0.0 0.0
0.0 1244.0 0.0 0.0 0.0
0.0 1244.0 0.0 0.0 0.0
0.0 1244.0 0.0 0.0 0.0
0.0 249.0 486.0 2503.0 9952.207892047143
0.0 764.0 242.0 1234.0 4731.0835685350185
0.0 652.0 294.0 1431.0 5964.806830466538
0.0 539.0 343.0 1852.0 7009.1725706571215
0.0 1244.0 0.0 0.0 0.0
0.0 643.0 306.0 1490.0 6047.237517527547
0.0 1244.0 0.0 0.0 0.0
0.0 1244.0 0.0 0.0 0.0
0.0 1244.0 0.0 0.0 0.0
0.0 252.0 473.0 2571.0 9870.3067530391
0.0 249.0 479.0 2538.0 9990.14088235771
0.0 230.0 497.0 2507.0 10117.33856995004
0.0 1244.0 0.0 0.0 0.0
0.0 1244.0 0.0 0.0 0.0
0.0 1244.0 0.0 0.0 0.0
0.0 247.0 487.0 2491.0 9980.690451008957
0.0 750.0 234.0 1278.0 5024.0688236876895
0.0 1244.0 0.0 0.0 0.0
0.0 457.0 390.0 1981.0 7918.022487699337
0.0 1244.0 0.0 0.0 0.0
0.0 1244.0 0.0 0.0 0.0
0.0 619.0 306.0 1553.0 6282.226914417378
0.0 1243.0 1.0 0.0 6.899616541335519
0.0 758.0 237.0 1241.0 4889.281455512462
0.0 242.0 486.0 2566.0 10029.542304489762
0.0 1150.0 43.0 233.0 971.5142704218783
0.0 248.0 482.0 2527.0 9955.440714107583
0.0 786.0 225.0 1165.0 4616.7146877993255
0.0 712.0 246.0 1390.0 5353.253634443531
0.0 470.0 379.0 1980.0 7833.247992223706
0.0 1243.0 1.0 0.0 6.899616541335519
0.0 848.0 198.0 982.0 4016.4672898546823
0.0 728.0 247.0 1363.0 5207.027908172494
0.0 234.0 495.0 2490.0 10101.669989747455
0.0 1243.0 1.0 0.0 6.899616541335519
0.0 559.0 322.0 1815.0 6909.7316757832905
0.0 949.0 143.0 763.0 2946.8303674499953
0.0 482.0 360.0 2076.0 7658.421420495692
0.0 1243.0 1.0 0.0 6.899616541335519
0.0 1243.0 1.0 0.0 6.899616541335519
0.0 862.0 200.0 912.0 3812.522794690789
0.0 737.0 233.0 1347.0 5085.286103033014
0.0 841.0 193.0 1036.0 4080.29844518984
0.0 89.0 561.0 2924.0 11575.778980392637
0.0 1243.0 1.0 0.0 6.899616541335519
0.0 746.0 240.0 1282.0 5127.434309358285
0.0 107.0 556.0 2841.0 11388.066871598792
0.0 660.0 285.0 1484.0 5891.869028851893
0.0 224.0 489.0 2636.0 10164.848211327573
0.0 246.0 480.0 2572.0 10045.37446888073
0.0 605.0 292.0 1744.0 6387.7992785593015
0.0 240.0 489.0 2558.0 10031.853574439896
0.0 670.0 295.0 1322.0 5799.16339539731
0.0 593.0 328.0 1618.0 6569.307048492773
0.0 697.0 271.0 1358.0 5506.550713420755
0.0 818.0 198.0 1134.0 4286.229395584445
0.0 451.0 392.0 2011.0 7974.4291701276015
0.0 1243.0 1.0 0.0 6.899616541335519
0.0 630.0 288.0 1632.0 6162.041828055887
0.0 554.0 327.0 1775.0 6949.978055143074
0.0 1243.0 1.0 0.0 6.899616541335519
0.0 709.0 241.0 1470.0 5409.84408283866
0.0 973.0 126.0 683.0 2738.3639690717414
0.0 536.0 350.0 1796.0 7158.67046739045
0.0 602.0 305.0 1657.0 6504.119104064185
0.0 772.0 244.0 1164.0 4801.679308368887
0.0 741.0 250.0 1271.0 5027.628846701603
0.0 603.0 317.0 1592.0 6526.464430787751
