0.0 680.0 285.0 1339.0 5637.382758300191
0.0 733.0 239.0 1347.0 5153.414058877451
0.0 690.0 256.0 1480.0 5545.238497139482
0.0 480.0 369.0 1994.0 7692.108797628918
0.0 473.0 367.0 1992.0 7803.328050814924
0.0 680.0 285.0 1339.0 5637.382758300191
0.0 590.0 337.0 1549.0 6638.139500960142
0.0 256.0 483.0 2476.0 9888.311573743293
0.0 1018.0 105.0 572.0 2253.6736972929825
0.0 420.0 396.0 2119.0 8272.792132947257
0.0 132.0 544.0 2759.0 11149.49217165153
0.0 822.0 199.0 1116.0 4233.052594393558
0.0 822.0 199.0 1116.0 4233.052594393558
0.0 112.0 551.0 2866.0 11319.201699493755
0.0 665.0 266.0 1581.0 5897.118782796465
0.0 624.0 282.0 1686.0 6279.373488775942
0.0 109.0 554.0 2841.0 11355.225429850638
0.0 627.0 301.0 1513.0 6204.003367589955
0.0 551.0 335.0 1767.0 6978.073521677646
0.0 1104.0 68.0 383.0 1448.9771166278465
0.0 250.0 482.0 2507.0 9939.95729233477
0.0 607.0 323.0 1513.0 6378.5624875679205
0.0 880.0 172.0 952.0 3642.173782733716
0.0 222.0 495.0 2581.0 10200.05719600726
0.0 917.0 160.0 834.0 3284.2424431535037
0.0 584.0 317.0 1662.0 6625.046744137357
0.0 253.0 488.0 2495.0 9994.571439221789
0.0 917.0 160.0 834.0 3284.2424431535037
0.0 689.0 269.0 1394.0 5533.686078677235
0.0 1104.0 68.0 383.0 1448.9771166278465
0.0 985.0 119.0 698.0 2627.478987111529
0.0 743.0 233.0 1335.0 5036.917349022349
0.0 917.0 160.0 834.0 3284.2424431535037
0.0 244.0 485.0 2529.0 9995.641190435468
0.0 231.0 485.0 2599.0 10096.115938932222
0.0 1099.0 65.0 419.0 1440.8119607321166
0.0 515.0 356.0 1818.0 7380.198090990429
0.0 665.0 275.0 1505.0 5761.687159730117
0.0 1038.0 96.0 569.0 2112.3891256599622
0.0 629.0 296.0 1576.0 6087.187385868707
0.0 584.0 317.0 1662.0 6625.046744137357
0.0 106.0 558.0 2834.0 11424.491832862397
0.0 420.0 396.0 2119.0 8272.792132947257
0.0 724.0 253.0 1301.0 5191.992772958715
0.0 291.0 457.0 2469.0 9607.67774214491
0.0 673.0 277.0 1434.0 5802.497747801409
0.0 245.0 480.0 2570.0 9985.615704091848
0.0 242.0 482.0 2530.0 10030.3053112407
0.0 533.0 346.0 1794.0 7164.362495469461
0.0 724.0 253.0 1301.0 5191.992772958715
0.0 1054.0 92.0 516.0 1949.462971558168
0.0 241.0 495.0 2488.0 10024.361688912266
0.0 734.0 273.0 1179.0 5205.782498902176
0.0 680.0 285.0 1339.0 5637.382758300191
0.0 88.0 565.0 2888.0 11575.552828216549
0.0 515.0 347.0 1891.0 7343.586311711669
0.0 231.0 485.0 2599.0 10096.115938932222
0.0 279.0 458.0 2518.0 9652.986296496774
0.0 645.0 313.0 1374.0 6065.549310822602
0.0 917.0 160.0 834.0 3284.2424431535037
0.0 396.0 405.0 2229.0 8491.517347185185
0.0 822.0 199.0 1116.0 4233.052594393558
0.0 724.0 253.0 1301.0 5191.992772958715
0.0 299.0 454.0 2431.0 9539.550864357536
0.0 239.0 494.0 2508.0 10056.824745292211
0.0 88.0 564.0 2897.0 11583.536276432622
0.0 89.0 563.0 2890.0 11568.084727975587
0.0 101.0 556.0 2868.0 11439.265683072497
0.0 706.0 245.0 1417.0 5432.807647434524
0.0 532.0 357.0 1737.0 7144.616234179202
0.0 1073.0 81.0 444.0 1767.8579714315392
0.0 247.0 482.0 2538.0 9971.755437436286
0.0 497.0 367.0 1895.0 7509.868492916953
0.0 885.0 172.0 940.0 3671.7460392501366
0.0 251.0 488.0 2497.0 9928.83861740452
0.0 544.0 363.0 1696.0 7031.257276262918
0.0 1051.0 86.0 542.0 1976.2030107629998
0.0 574.0 324.0 1701.0 6772.589730290584
0.0 225.0 500.0 2541.0 10218.840098504425
0.0 503.0 363.0 1896.0 7475.155872203505
0.0 1038.0 96.0 569.0 2112.3891256599622
0.0 754.0 230.0 1311.0 4997.895103779892
0.0 102.0 559.0 2843.0 11453.05697221843
0.0 710.0 263.0 1354.0 5311.006501538383
0.0 749.0 238.0 1252.0 5026.575254108311
0.0 604.0 301.0 1677.0 6413.461166207341
0.0 586.0 322.0 1633.0 6604.852545315518
0.0 519.0 344.0 1934.0 7246.187121857288
0.0 612.0 307.0 1603.0 6321.435402361769
0.0 396.0 405.0 2229.0 8491.517347185185
0.0 1093.0 70.0 431.0 1500.4960260318742
0.0 374.0 426.0 2229.0 8755.647481374344
0.0 706.0 259.0 1383.0 5349.015939439379
0.0 530.0 348.0 1803.0 7134.330259338457
0.0 90.0 566.0 2867.0 11569.878001958941
0.0 689.0 269.0 1394.0 5533.686078677235
0.0 783.0 227.0 1207.0 4643.881471452536
0.0 97.0 556.0 2902.0 11480.851808668684
0.0 979.0 119.0 723.0 2617.24493722027
0.0 471.0 375.0 2015.0 7758.9100872939225
0.0 801.0 213.0 1173.0 4504.8194142640605
0.0 107.0 560.0 2822.0 11393.795822493212
0.0 583.0 323.0 1636.0 6689.601427683335
0.0 720.0 246.0 1373.0 5302.017611590924
0.0 809.0 224.0 1008.0 4416.650712604537
0.0 917.0 160.0 834.0 3284.2424431535037
0.0 571.0 333.0 1633.0 6847.072816573656
0.0 822.0 199.0 1116.0 4233.052594393558
0.0 112.0 550.0 2865.0 11338.577604062515
0.0 752.0 243.0 1256.0 4972.57339879404
0.0 689.0 269.0 1394.0 5533.686078677235
0.0 450.0 396.0 1957.0 7929.691468798932
0.0 96.0 560.0 2865.0 11507.126830440888
0.0 784.0 228.0 1166.0 4693.229632686247
0.0 719.0 244.0 1440.0 5268.571255270162
0.0 504.0 362.0 1844.0 7402.038939011723
0.0 744.0 241.0 1284.0 5005.011485808577
0.0 342.0 437.0 2290.0 9002.159492200313
0.0 789.0 227.0 1093.0 4544.930921685829
0.0 720.0 246.0 1373.0 5302.017611590924
0.0 478.0 358.0 2082.0 7672.788533682004
0.0 736.0 243.0 1276.0 5020.659853122559
0.0 781.0 248.0 1142.0 4703.0800939915825
0.0 515.0 347.0 1891.0 7343.586311711669
0.0 584.0 317.0 1662.0 6625.046744137357
0.0 518.0 349.0 1887.0 7248.50186455321
0.0 687.0 288.0 1287.0 5583.568902875963
0.0 530.0 348.0 1803.0 7134.330259338457
0.0 770.0 227.0 1259.0 4829.23641430946
0.0 233.0 487.0 2551.0 10115.657636456343
0.0 1085.0 71.0 430.0 1510.427382729205
0.0 784.0 228.0 1166.0 4693.229632686247
0.0 689.0 269.0 1394.0 5533.686078677235
0.0 250.0 482.0 2507.0 9939.95729233477
0.0 621.0 306.0 1519.0 6278.301060500374
0.0 522.0 354.0 1790.0 7254.90753197775
0.0 544.0 363.0 1696.0 7031.257276262918
0.0 690.0 256.0 1480.0 5545.238497139482
0.0 811.0 226.0 1067.0 4365.74746265417
0.0 612.0 295.0 1679.0 6347.307455430784
0.0 724.0 253.0 1301.0 5191.992772958715
0.0 241.0 495.0 2488.0 10024.361688912266
0.0 706.0 259.0 1383.0 5349.015939439379
0.0 515.0 347.0 1891.0 7343.586311711669
0.0 473.0 367.0 1992.0 7803.328050814924
0.0 491.0 380.0 1899.0 7587.527719514957
0.0 768.0 241.0 1160.0 4822.415191771143
0.0 420.0 396.0 2119.0 8272.792132947257
0.0 503.0 363.0 1896.0 7475.155872203505
0.0 548.0 339.0 1750.0 7035.845106066743
0.0 467.0 378.0 1975.0 7788.780214164132
0.0 1051.0 86.0 542.0 1976.2030107629998
0.0 221.0 501.0 2553.0 10211.246905907625
0.0 880.0 172.0 952.0 3642.173782733716
0.0 1243.0 1.0 0.0 6.899616541335519
0.0 1243.0 1.0 0.0 6.899616541335519
0.0 231.0 485.0 2599.0 10096.115938932222
0.0 781.0 248.0 1142.0 4703.0800939915825
0.0 1243.0 1.0 0.0 6.899616541335519
0.0 110.0 556.0 2831.0 11385.781083659655
0.0 741.0 240.0 1299.0 5068.454042848361
0.0 542.0 335.0 1824.0 7049.220563435774
0.0 1243.0 1.0 0.0 6.899616541335519
0.0 620.0 300.0 1613.0 6215.528307921081
0.0 244.0 485.0 2529.0 9995.641190435468
0.0 88.0 564.0 2897.0 11583.536276432622
0.0 87.0 566.0 2918.0 11597.003933030599
0.0 789.0 227.0 1093.0 4544.930921685829
0.0 692.0 275.0 1372.0 5565.561793293175
0.0 1243.0 1.0 0.0 6.899616541335519
0.0 247.0 482.0 2538.0 9971.755437436286
0.0 586.0 322.0 1633.0 6604.852545315518
0.0 252.0 475.0 2507.0 9929.825090272809
0.0 1244.0 0.0 0.0 0.0
0.0 1244.0 0.0 0.0 0.0
0.0 627.0 301.0 1513.0 6204.003367589955
0.0 713.0 254.0 1352.0 5356.151226987866
0.0 609.0 304.0 1629.0 6416.149070651896
0.0 1244.0 0.0 0.0 0.0
0.0 788.0 210.0 1283.0 4641.982988160945
0.0 552.0 345.0 1709.0 6914.65953275994
0.0 1243.0 1.0 0.0 6.899616541335519
0.0 1244.0 0.0 0.0 0.0
0.0 1104.0 68.0 383.0 1448.9771166278465
0.0 1244.0 0.0 0.0 0.0
0.0 1243.0 1.0 0.0 6.899616541335519
0.0 1244.0 0.0 0.0 0.0
0.0 89.0 563.0 2890.0 11568.084727975587
0.0 750.0 228.0 1370.0 4946.436955585735
0.0 107.0 554.0 2847.0 11377.98695842366
0.0 1025.0 107.0 530.0 2216.367529156723
0.0 1244.0 0.0 0.0 0.0
0.0 642.0 297.0 1497.0 5998.231061986564
0.0 722.0 255.0 1341.0 5346.48927490649
0.0 250.0 484.0 2522.0 9936.161240990854
0.0 1244.0 0.0 0.0 0.0
0.0 90.0 566.0 2867.0 11569.878001958941
0.0 706.0 245.0 1417.0 5432.807647434524
0.0 651.0 297.0 1447.0 5990.636682073845
0.0 730.0 249.0 1364.0 5191.362605801148
0.0 634.0 298.0 1543.0 6087.1752763224085
0.0 1243.0 1.0 0.0 6.899616541335519
0.0 809.0 224.0 1008.0 4416.650712604537
0.0 1244.0 0.0 0.0 0.0
0.0 778.0 240.0 1124.0 4707.096498606622
0.0 1244.0 0.0 0.0 0.0
0.0 769.0 210.0 1326.0 4856.445950557562
0.0 1244.0 0.0 0.0 0.0
0.0 849.0 181.0 1086.0 3950.2530025382725
0.0 1244.0 0.0 0.0 0.0
0.0 1038.0 96.0 569.0 2112.3891256599622
0.0 242.0 482.0 2530.0 10030.3053112407
0.0 237.0 494.0 2495.0 10111.350655483577
0.0 242.0 492.0 2506.0 10061.751897163165
0.0 1244.0 0.0 0.0 0.0
0.0 754.0 230.0 1311.0 4997.895103779892
0.0 546.0 340.0 1717.0 6966.521360609297
0.0 1243.0 1.0 0.0 6.899616541335519
0.0 917.0 160.0 834.0 3284.2424431535037
0.0 1244.0 0.0 0.0 0.0
0.0 1073.0 81.0 444.0 1767.8579714315392
0.0 1243.0 1.0 0.0 6.899616541335519
0.0 645.0 313.0 1374.0 6065.549310822602
0.0 396.0 405.0 2229.0 8491.517347185185
0.0 1244.0 0.0 0.0 0.0
0.0 1243.0 1.0 0.0 6.899616541335519
0.0 665.0 266.0 1581.0 5897.118782796465
0.0 629.0 296.0 1576.0 6087.187385868707
0.0 1244.0 0.0 0.0 0.0
0.0 222.0 495.0 2581.0 10200.05719600726
0.0 1244.0 0.0 0.0 0.0
0.0 1243.0 1.0 0.0 6.899616541335519
0.0 480.0 369.0 1994.0 7692.108797628918
0.0 808.0 205.0 1155.0 4465.1117149725105
0.0 1243.0 1.0 0.0 6.899616541335519
0.0 629.0 287.0 1656.0 6118.816064392259
0.0 1244.0 0.0 0.0 0.0
0.0 1244.0 0.0 0.0 0.0
0.0 1243.0 1.0 0.0 6.899616541335519
0.0 1244.0 0.0 0.0 0.0
0.0 1244.0 0.0 0.0 0.0
0.0 1243.0 1.0 0.0 6.899616541335519
0.0 1244.0 0.0 0.0 0.0
0.0 1243.0 1.0 0.0 6.899616541335519
0.0 720.0 246.0 1373.0 5302.017611590924
0.0 1244.0 0.0 0.0 0.0
0.0 1243.0 1.0 0.0 6.899616541335519
0.0 1243.0 1.0 0.0 6.899616541335519
0.0 542.0 339.0 1795.0 7042.558109636137
0.0 245.0 480.0 2570.0 9985.615704091848
0.0 1121.0 68.0 272.0 1261.1272618540033
0.0 1244.0 0.0 0.0 0.0
0.0 1244.0 0.0 0.0 0.0
0.0 247.0 484.0 2546.0 9930.918564035788
0.0 1244.0 0.0 0.0 0.0
0.0 107.0 560.0 2822.0 11393.795822493212
0.0 243.0 486.0 2527.0 9994.53767505515
0.0 1244.0 0.0 0.0 0.0
0.0 1040.0 100.0 522.0 2052.873338681079
0.0 239.0 484.0 2552.0 10030.00388516314
0.0 822.0 199.0 1116.0 4233.052594393558
0.0 744.0 241.0 1284.0 5005.011485808577
0.0 1244.0 0.0 0.0 0.0
0.0 225.0 500.0 2541.0 10218.840098504425
0.0 680.0 285.0 1339.0 5637.382758300191
0.0 556.0 348.0 1680.0 6913.9453924318605
0.0 1244.0 0.0 0.0 0.0
0.0 1244.0 0.0 0.0 0.0
0.0 719.0 244.0 1440.0 5268.571255270162
0.0 478.0 366.0 1995.0 7702.427864554976
0.0 112.0 554.0 2828.0 11338.87307249935
0.0 432.0 393.0 2089.0 8167.714736381219
0.0 773.0 227.0 1199.0 4748.778714006781
0.0 801.0 213.0 1173.0 4504.8194142640605
0.0 671.0 268.0 1502.0 5743.225421289458
0.0 1243.0 1.0 0.0 6.899616541335519
0.0 1243.0 1.0 0.0 6.899616541335519
0.0 1244.0 0.0 0.0 0.0
0.0 1244.0 0.0 0.0 0.0
0.0 478.0 358.0 2082.0 7672.788533682004
0.0 515.0 356.0 1818.0 7380.198090990429
0.0 979.0 119.0 723.0 2617.24493722027
0.0 1243.0 1.0 0.0 6.899616541335519
0.0 1243.0 1.0 0.0 6.899616541335519
0.0 612.0 307.0 1603.0 6321.435402361769
0.0 1244.0 0.0 0.0 0.0
0.0 253.0 488.0 2495.0 9994.571439221789
0.0 1243.0 1.0 0.0 6.899616541335519
0.0 741.0 223.0 1427.0 4999.676652043216
