0.0 743.0 250.0 1226.0 5003.023656623808
0.0 1026.0 100.0 562.0 2250.468021835557
0.0 685.0 261.0 1528.0 5692.34845815116
0.0 113.0 553.0 2830.0 11347.36326567436
0.0 119.0 551.0 2817.0 11287.254392756187
0.0 89.0 563.0 2892.0 11571.773748806043
0.0 668.0 279.0 1472.0 5729.623459951995
0.0 498.0 360.0 1905.0 7530.564864347858
0.0 613.0 291.0 1658.0 6349.6731139416515
0.0 1056.0 87.0 505.0 1852.8153106528223
0.0 897.0 164.0 936.0 3556.8649836132436
0.0 711.0 263.0 1301.0 5398.364513069269
0.0 689.0 254.0 1503.0 5605.125450022401
0.0 620.0 305.0 1554.0 6287.8705074487125
0.0 809.0 220.0 1087.0 4445.617486984899
0.0 251.0 469.0 2590.0 9936.474774933193
0.0 725.0 264.0 1289.0 5295.463522223612
0.0 486.0 372.0 1921.0 7613.002643838343
0.0 794.0 214.0 1189.0 4487.735261216566
0.0 379.0 422.0 2218.0 8690.139818119525
0.0 477.0 378.0 1986.0 7693.639815872694
0.0 746.0 245.0 1282.0 4994.116714662701
0.0 102.0 555.0 2871.0 11429.063149679256
0.0 610.0 312.0 1564.0 6331.663210055587
0.0 230.0 494.0 2529.0 10203.561963016498
0.0 1137.0 61.0 233.0 1078.3236538505253
0.0 420.0 385.0 2182.0 8274.258170451349
0.0 245.0 480.0 2565.0 9988.832395722386
0.0 562.0 323.0 1826.0 6811.406925442917
0.0 575.0 342.0 1623.0 6764.589541250543
0.0 253.0 474.0 2555.0 9928.643925440852
0.0 709.0 259.0 1361.0 5356.62754883057
0.0 91.0 566.0 2863.0 11555.128817456689
0.0 905.0 167.0 881.0 3398.5390967174208
0.0 757.0 230.0 1256.0 4870.039500189925
0.0 1042.0 91.0 524.0 2011.589933408477
0.0 551.0 343.0 1724.0 6938.812826735114
0.0 91.0 561.0 2905.0 11551.047869893226
0.0 244.0 482.0 2533.0 10038.408013436487
0.0 234.0 484.0 2568.0 10057.796705664123
0.0 616.0 304.0 1589.0 6338.0599307757275
0.0 625.0 320.0 1469.0 6268.98449588561
0.0 471.0 382.0 1918.0 7701.230644712939
0.0 124.0 545.0 2827.0 11224.697493084383
0.0 1243.0 1.0 0.0 6.899616541335519
0.0 740.0 238.0 1309.0 5049.074799371272
0.0 477.0 362.0 2063.0 7712.568888163576
0.0 551.0 330.0 1844.0 6897.90139227741
0.0 746.0 245.0 1282.0 4994.116714662701
0.0 802.0 203.0 1163.0 4433.939130504965
0.0 707.0 260.0 1428.0 5415.371905073919
0.0 568.0 345.0 1587.0 6884.322838201363
0.0 259.0 480.0 2491.0 9833.195335073946
0.0 502.0 348.0 1975.0 7461.910991284712
0.0 669.0 271.0 1513.0 5838.724042019345
0.0 858.0 184.0 958.0 3868.9631026611105
0.0 658.0 281.0 1516.0 5919.814044041601
0.0 542.0 358.0 1686.0 7055.9286116678095
0.0 1034.0 106.0 513.0 2080.2451874761687
0.0 306.0 447.0 2443.0 9456.584626520855
0.0 245.0 483.0 2532.0 9985.309638618219
0.0 502.0 348.0 1975.0 7461.910991284712
0.0 703.0 261.0 1391.0 5476.525475228649
0.0 669.0 271.0 1513.0 5838.724042019345
0.0 306.0 447.0 2443.0 9456.584626520855
0.0 578.0 331.0 1660.0 6698.924515919653
0.0 1243.0 1.0 0.0 6.899616541335519
0.0 519.0 351.0 1856.0 7230.071876537755
0.0 703.0 261.0 1391.0 5476.525475228649
0.0 893.0 181.0 879.0 3579.9377044455136
0.0 242.0 476.0 2549.0 10026.97339944756
0.0 719.0 256.0 1320.0 5347.885646376792
0.0 109.0 556.0 2818.0 11392.304694429715
0.0 546.0 348.0 1724.0 7068.715087252273
0.0 477.0 378.0 1986.0 7693.639815872694
0.0 91.0 562.0 2893.0 11532.534192479417
0.0 858.0 184.0 958.0 3868.9631026611105
0.0 1243.0 1.0 0.0 6.899616541335519
0.0 498.0 363.0 1903.0 7541.331046127929
0.0 562.0 323.0 1826.0 6811.406925442917
0.0 737.0 258.0 1226.0 5113.43079254169
0.0 897.0 164.0 936.0 3556.8649836132436
0.0 845.0 191.0 1036.0 4058.869418101633
0.0 674.0 289.0 1372.0 5759.091545114472
0.0 825.0 203.0 1099.0 4287.661029491823
0.0 740.0 244.0 1266.0 5032.3232403913335
0.0 1078.0 90.0 377.0 1689.7423481652427
0.0 711.0 263.0 1301.0 5398.364513069269
0.0 248.0 484.0 2529.0 9939.038473691055
0.0 858.0 184.0 958.0 3868.9631026611105
0.0 500.0 354.0 1971.0 7471.766965511312
0.0 549.0 335.0 1762.0 7090.53464067947
0.0 733.0 248.0 1297.0 5131.432333749726
0.0 779.0 221.0 1136.0 4691.870481775862
0.0 540.0 334.0 1833.0 7080.216908156292
0.0 244.0 485.0 2532.0 9981.53774233558
0.0 689.0 254.0 1503.0 5605.125450022401
0.0 746.0 245.0 1282.0 4994.116714662701
0.0 669.0 271.0 1513.0 5838.724042019345
0.0 723.0 250.0 1361.0 5263.440867675462
0.0 708.0 261.0 1303.0 5394.185964491399
0.0 635.0 290.0 1570.0 6200.318688463387
0.0 639.0 291.0 1518.0 6001.766356612074
0.0 672.0 286.0 1387.0 5734.9605531322995
0.0 597.0 314.0 1647.0 6545.753846276536
0.0 869.0 183.0 1006.0 3787.4655296597934
0.0 709.0 259.0 1361.0 5356.62754883057
0.0 1034.0 106.0 513.0 2080.2451874761687
0.0 1052.0 95.0 475.0 1994.878871959146
0.0 802.0 203.0 1163.0 4433.939130504965
0.0 247.0 491.0 2500.0 10008.374176358364
0.0 500.0 380.0 1793.0 7537.066029018831
0.0 799.0 214.0 1100.0 4439.145469913161
0.0 237.0 494.0 2514.0 10106.378268201028
0.0 245.0 483.0 2515.0 10008.786803671557
0.0 570.0 332.0 1688.0 6782.699408642861
0.0 224.0 491.0 2566.0 10166.076906589193
0.0 89.0 563.0 2887.0 11579.421912312851
0.0 88.0 566.0 2909.0 11600.544238996492
0.0 1034.0 106.0 513.0 2080.2451874761687
0.0 1023.0 108.0 586.0 2264.5743626710023
0.0 252.0 480.0 2486.0 9905.6148445282
0.0 738.0 255.0 1274.0 5061.962938209952
0.0 620.0 307.0 1516.0 6268.96590542062
0.0 213.0 506.0 2570.0 10328.792915964425
0.0 103.0 560.0 2839.0 11437.25525778163
0.0 511.0 371.0 1807.0 7460.484484356519
0.0 498.0 360.0 1905.0 7530.564864347858
0.0 253.0 479.0 2514.0 9877.336914510528
0.0 100.0 555.0 2881.0 11450.800715384485
0.0 703.0 262.0 1373.0 5469.123650751946
0.0 689.0 254.0 1503.0 5605.125450022401
0.0 89.0 565.0 2888.0 11578.843995035722
0.0 379.0 422.0 2218.0 8690.139818119525
0.0 1243.0 1.0 0.0 6.899616541335519
0.0 106.0 555.0 2837.0 11418.16322395104
0.0 406.0 403.0 2184.0 8453.587593200687
0.0 251.0 469.0 2590.0 9936.474774933193
0.0 220.0 501.0 2551.0 10246.344597927993
0.0 248.0 484.0 2529.0 9939.038473691055
0.0 746.0 245.0 1282.0 4994.116714662701
0.0 498.0 360.0 1905.0 7530.564864347858
0.0 1060.0 88.0 477.0 1832.8579728476673
0.0 90.0 562.0 2898.0 11559.45603606571
0.0 1243.0 1.0 0.0 6.899616541335519
0.0 893.0 181.0 879.0 3579.9377044455136
0.0 208.0 510.0 2605.0 10395.16539231942
0.0 1106.0 59.0 416.0 1357.6834810227087
0.0 531.0 336.0 1861.0 7219.035406291331
0.0 1243.0 1.0 0.0 6.899616541335519
0.0 703.0 271.0 1336.0 5479.940341018349
0.0 509.0 365.0 1811.0 7320.742839233255
0.0 1243.0 1.0 0.0 6.899616541335519
0.0 619.0 313.0 1520.0 6291.257772019732
0.0 858.0 184.0 958.0 3868.9631026611105
0.0 253.0 479.0 2514.0 9877.336914510528
0.0 1243.0 1.0 0.0 6.899616541335519
0.0 224.0 496.0 2541.0 10194.699745644763
0.0 809.0 220.0 1087.0 4445.617486984899
0.0 620.0 307.0 1516.0 6268.96590542062
0.0 685.0 261.0 1528.0 5692.34845815116
0.0 486.0 373.0 1945.0 7581.448095659601
0.0 1243.0 1.0 0.0 6.899616541335519
0.0 736.0 233.0 1379.0 5127.849270034528
0.0 1042.0 91.0 524.0 2011.589933408477
0.0 1243.0 1.0 0.0 6.899616541335519
0.0 502.0 348.0 1975.0 7461.910991284712
0.0 425.0 392.0 2137.0 8239.674906188147
0.0 1111.0 68.0 332.0 1355.6253536937406
0.0 635.0 290.0 1570.0 6200.318688463387
0.0 1243.0 1.0 0.0 6.899616541335519
0.0 1056.0 87.0 505.0 1852.8153106528223
0.0 1243.0 1.0 0.0 6.899616541335519
0.0 244.0 485.0 2532.0 9981.53774233558
0.0 245.0 480.0 2565.0 9988.832395722386
0.0 610.0 312.0 1564.0 6331.663210055587
0.0 229.0 482.0 2628.0 10157.406794417442
0.0 1243.0 1.0 0.0 6.899616541335519
0.0 692.0 282.0 1391.0 5539.867096788764
0.0 106.0 555.0 2843.0 11414.1748868913
0.0 234.0 484.0 2568.0 10057.796705664123
0.0 561.0 336.0 1708.0 6844.815191807395
0.0 703.0 261.0 1391.0 5476.525475228649
0.0 905.0 167.0 881.0 3398.5390967174208
0.0 1034.0 106.0 513.0 2080.2451874761687
0.0 224.0 491.0 2566.0 10166.076906589193
0.0 1243.0 1.0 0.0 6.899616541335519
0.0 1243.0 1.0 0.0 6.899616541335519
0.0 869.0 183.0 1006.0 3787.4655296597934
0.0 522.0 352.0 1814.0 7245.688052380274
0.0 306.0 447.0 2443.0 9456.584626520855
0.0 744.0 244.0 1297.0 4997.808208611564
0.0 484.0 381.0 1927.0 7592.3125152507955
0.0 1244.0 0.0 0.0 0.0
0.0 235.0 481.0 2579.0 10095.449905963158
0.0 1244.0 0.0 0.0 0.0
0.0 561.0 326.0 1780.0 6912.104217324708
0.0 1244.0 0.0 0.0 0.0
0.0 246.0 483.0 2531.0 9983.696735337611
0.0 749.0 224.0 1337.0 5029.756877027412
0.0 1244.0 0.0 0.0 0.0
0.0 1244.0 0.0 0.0 0.0
0.0 674.0 289.0 1372.0 5759.091545114472
0.0 1244.0 0.0 0.0 0.0
0.0 1243.0 1.0 0.0 6.899616541335519
0.0 763.0 221.0 1266.0 4905.84918241137
0.0 472.0 380.0 1908.0 7804.529622402256
0.0 1244.0 0.0 0.0 0.0
0.0 733.0 248.0 1297.0 5131.432333749726
0.0 613.0 291.0 1658.0 6349.6731139416515
0.0 639.0 291.0 1518.0 6001.766356612074
0.0 1023.0 108.0 586.0 2264.5743626710023
0.0 740.0 238.0 1309.0 5049.074799371272
0.0 111.0 551.0 2844.0 11350.07330286813
0.0 540.0 334.0 1833.0 7080.216908156292
0.0 1244.0 0.0 0.0 0.0
0.0 242.0 476.0 2549.0 10026.97339944756
0.0 226.0 500.0 2526.0 10186.738301227295
0.0 1082.0 76.0 419.0 1603.9427615510306
0.0 551.0 346.0 1700.0 6944.016400345708
0.0 791.0 212.0 1170.0 4580.506726140043
0.0 1244.0 0.0 0.0 0.0
0.0 1244.0 0.0 0.0 0.0
0.0 234.0 500.0 2508.0 10137.083465653104
0.0 252.0 480.0 2486.0 9905.6148445282
0.0 1244.0 0.0 0.0 0.0
0.0 658.0 281.0 1516.0 5919.814044041601
0.0 89.0 566.0 2886.0 11576.008760326351
0.0 1244.0 0.0 0.0 0.0
0.0 1244.0 0.0 0.0 0.0
0.0 620.0 305.0 1554.0 6287.8705074487125
0.0 97.0 559.0 2870.0 11492.142135761254
0.0 1244.0 0.0 0.0 0.0
0.0 1244.0 0.0 0.0 0.0
0.0 1001.0 116.0 628.0 2471.767209704751
0.0 109.0 554.0 2845.0 11384.587845832893
0.0 709.0 259.0 1361.0 5356.62754883057
0.0 692.0 263.0 1455.0 5471.8145362093865
0.0 1244.0 0.0 0.0 0.0
0.0 676.0 281.0 1391.0 5689.330709661874
0.0 757.0 230.0 1256.0 4870.039500189925
0.0 1244.0 0.0 0.0 0.0
0.0 711.0 263.0 1301.0 5398.364513069269
0.0 562.0 323.0 1826.0 6811.406925442917
0.0 245.0 483.0 2532.0 9985.309638618219
0.0 88.0 568.0 2875.0 11587.821359592106
0.0 244.0 480.0 2541.0 10040.319011231286
0.0 669.0 271.0 1513.0 5838.724042019345
0.0 1244.0 0.0 0.0 0.0
0.0 119.0 551.0 2817.0 11287.254392756187
0.0 636.0 308.0 1440.0 6066.870266623098
0.0 1244.0 0.0 0.0 0.0
0.0 1244.0 0.0 0.0 0.0
0.0 1243.0 1.0 0.0 6.899616541335519
0.0 1244.0 0.0 0.0 0.0
0.0 802.0 203.0 1163.0 4433.939130504965
0.0 725.0 264.0 1289.0 5295.463522223612
0.0 1243.0 1.0 0.0 6.899616541335519
0.0 1244.0 0.0 0.0 0.0
0.0 737.0 258.0 1226.0 5113.43079254169
0.0 1244.0 0.0 0.0 0.0
0.0 1244.0 0.0 0.0 0.0
0.0 249.0 486.0 2518.0 9936.973008398392
0.0 629.0 297.0 1577.0 6098.32020516792
0.0 1244.0 0.0 0.0 0.0
0.0 1244.0 0.0 0.0 0.0
0.0 897.0 164.0 936.0 3556.8649836132436
0.0 1244.0 0.0 0.0 0.0
0.0 625.0 304.0 1562.0 6157.210179105092
0.0 1244.0 0.0 0.0 0.0
0.0 536.0 350.0 1781.0 7127.262492744134
0.0 564.0 333.0 1731.0 6747.732985292756
0.0 242.0 484.0 2535.0 10025.76600071849
0.0 1244.0 0.0 0.0 0.0
0.0 1244.0 0.0 0.0 0.0
0.0 1244.0 0.0 0.0 0.0
0.0 477.0 378.0 1986.0 7693.639815872694
0.0 1244.0 0.0 0.0 0.0
0.0 1244.0 0.0 0.0 0.0
0.0 1155.0 43.0 237.0 938.3975864335256
0.0 1244.0 0.0 0.0 0.0
0.0 597.0 308.0 1694.0 6525.738893877294
0.0 1244.0 0.0 0.0 0.0
0.0 1244.0 0.0 0.0 0.0
0.0 1243.0 1.0 0.0 6.899616541335519
0.0 503.0 366.0 1851.0 7460.277347505845
0.0 420.0 385.0 2182.0 8274.258170451349
0.0 1244.0 0.0 0.0 0.0
0.0 94.0 566.0 2859.0 11529.23637862072
0.0 1244.0 0.0 0.0 0.0
0.0 784.0 220.0 1204.0 4669.7815258930505
