0.0 681.0 270.0 1443.0 5668.714088408605
0.0 230.0 496.0 2541.0 10146.665902742181
0.0 754.0 234.0 1282.0 4986.3834677003815
0.0 991.0 124.0 656.0 2571.307313783848
0.0 559.0 333.0 1732.0 6813.316746957148
0.0 1029.0 110.0 515.0 2184.9774614616567
0.0 553.0 321.0 1856.0 6937.77261243538
0.0 465.0 378.0 1988.0 7909.648974687363
0.0 249.0 485.0 2499.0 9957.51843358617
0.0 712.0 272.0 1297.0 5386.8611767119255
0.0 778.0 215.0 1259.0 4810.503891618871
0.0 1071.0 88.0 423.0 1769.8357605448912
0.0 634.0 306.0 1507.0 6133.883261362457
0.0 88.0 567.0 2881.0 11582.003452489791
0.0 760.0 258.0 1182.0 4911.19891213402
0.0 725.0 252.0 1329.0 5145.164497280994
0.0 662.0 299.0 1405.0 5851.264997115695
0.0 795.0 215.0 1142.0 4504.175313835854
0.0 682.0 274.0 1401.0 5587.000020116111
0.0 1040.0 106.0 513.0 2046.5785258978706
0.0 1029.0 110.0 515.0 2184.9774614616567
0.0 511.0 382.0 1734.0 7387.244117387124
0.0 918.0 163.0 839.0 3339.471875483158
0.0 493.0 371.0 1921.0 7507.4170013905605
0.0 500.0 369.0 1840.0 7462.432794126926
0.0 253.0 488.0 2491.0 9889.501059149814
0.0 769.0 223.0 1250.0 4750.799862749801
0.0 244.0 485.0 2520.0 10006.745912454402
0.0 609.0 311.0 1579.0 6370.052636423504
0.0 769.0 223.0 1250.0 4750.799862749801
0.0 995.0 110.0 720.0 2485.927139298627
0.0 485.0 369.0 1986.0 7614.118791982952
0.0 1178.0 34.0 166.0 621.8618916243461
0.0 101.0 561.0 2838.0 11444.63296289144
0.0 87.0 567.0 2888.0 11610.760825113965
0.0 102.0 561.0 2835.0 11441.679904688293
0.0 714.0 262.0 1334.0 5407.616947193578
0.0 251.0 477.0 2586.0 9936.358884734276
0.0 672.0 268.0 1511.0 5812.492619397872
0.0 265.0 481.0 2445.0 9832.305116164613
0.0 703.0 253.0 1461.0 5473.940032016921
0.0 763.0 253.0 1191.0 4815.31942308897
0.0 732.0 244.0 1391.0 5166.339187967092
0.0 578.0 323.0 1673.0 6676.269262994843
0.0 520.0 369.0 1755.0 7260.932964951921
0.0 768.0 217.0 1334.0 4853.626840774327
0.0 564.0 324.0 1727.0 6837.5073250016
0.0 781.0 217.0 1232.0 4686.950540979646
0.0 768.0 233.0 1220.0 4752.869996295093
0.0 1007.0 124.0 572.0 2422.192615045739
0.0 484.0 369.0 1991.0 7635.036481387352
0.0 324.0 439.0 2408.0 9197.802092866277
0.0 1029.0 110.0 515.0 2184.9774614616567
0.0 778.0 217.0 1213.0 4746.414394417681
0.0 1243.0 1.0 0.0 6.899616541335519
0.0 596.0 317.0 1624.0 6527.667235903455
0.0 1243.0 1.0 0.0 6.899616541335519
0.0 107.0 554.0 2853.0 11389.994627598518
0.0 1078.0 85.0 398.0 1673.6456914618725
0.0 520.0 369.0 1755.0 7260.932964951921
0.0 91.0 560.0 2909.0 11531.890074309234
0.0 883.0 172.0 916.0 3583.900621517468
0.0 778.0 215.0 1259.0 4810.503891618871
0.0 872.0 185.0 967.0 3799.4240855302573
0.0 375.0 422.0 2246.0 8755.480036963894
0.0 603.0 318.0 1558.0 6490.586507742112
0.0 548.0 325.0 1893.0 7004.287778778088
0.0 101.0 556.0 2865.0 11443.876309911479
0.0 1071.0 88.0 423.0 1769.8357605448912
0.0 523.0 336.0 1952.0 7267.016996573426
0.0 628.0 303.0 1520.0 6240.203905407735
0.0 87.0 566.0 2910.0 11584.138457598405
0.0 565.0 343.0 1636.0 6855.262888184872
0.0 250.0 477.0 2565.0 9952.025837233406
0.0 370.0 421.0 2274.0 8774.837221740074
0.0 662.0 299.0 1405.0 5851.264997115695
0.0 1195.0 20.0 112.0 470.36946147785
0.0 703.0 255.0 1424.0 5446.752838069105
0.0 522.0 346.0 1867.0 7258.01157773728
0.0 856.0 204.0 889.0 3944.93599191222
0.0 1243.0 1.0 0.0 6.899616541335519
0.0 1078.0 85.0 398.0 1673.6456914618725
0.0 553.0 321.0 1856.0 6937.77261243538
0.0 778.0 217.0 1213.0 4746.414394417681
0.0 1071.0 88.0 423.0 1769.8357605448912
0.0 257.0 472.0 2525.0 9842.726278784683
0.0 906.0 166.0 868.0 3396.3165693228743
0.0 523.0 336.0 1952.0 7267.016996573426
0.0 906.0 166.0 868.0 3396.3165693228743
0.0 760.0 219.0 1375.0 4958.878914167825
0.0 732.0 244.0 1391.0 5166.339187967092
0.0 257.0 472.0 2525.0 9842.726278784683
0.0 682.0 281.0 1358.0 5677.559219401738
0.0 375.0 424.0 2223.0 8757.069844626585
0.0 103.0 555.0 2858.0 11428.298272482514
0.0 748.0 261.0 1207.0 5014.40728306495
0.0 760.0 222.0 1308.0 4896.507841305128
0.0 703.0 255.0 1424.0 5446.752838069105
0.0 857.0 184.0 999.0 3969.600222868076
0.0 1029.0 110.0 515.0 2184.9774614616567
0.0 778.0 215.0 1259.0 4810.503891618871
0.0 1243.0 1.0 0.0 6.899616541335519
0.0 666.0 290.0 1413.0 5868.123141330349
0.0 520.0 369.0 1755.0 7260.932964951921
0.0 255.0 472.0 2529.0 9858.689007675212
0.0 995.0 109.0 702.0 2555.868028105191
0.0 757.0 228.0 1311.0 4950.193889985172
0.0 747.0 235.0 1235.0 4968.660322587036
0.0 535.0 341.0 1810.0 7196.853340385092
0.0 110.0 550.0 2860.0 11351.937076028782
0.0 232.0 486.0 2599.0 10061.47227248069
0.0 1065.0 90.0 453.0 1818.1625818638415
0.0 105.0 553.0 2870.0 11403.470617758907
0.0 570.0 330.0 1677.0 6828.137949366922
0.0 565.0 336.0 1698.0 6790.343398841333
0.0 1078.0 85.0 398.0 1673.6456914618725
0.0 857.0 184.0 999.0 3969.600222868076
0.0 521.0 358.0 1749.0 7182.495011598472
0.0 1040.0 106.0 513.0 2046.5785258978706
0.0 88.0 562.0 2905.0 11583.231028736194
0.0 605.0 314.0 1572.0 6428.39526354064
0.0 732.0 244.0 1391.0 5166.339187967092
0.0 1102.0 57.0 456.0 1426.9533954152168
0.0 1243.0 1.0 0.0 6.899616541335519
0.0 1039.0 102.0 509.0 2051.3082575371755
0.0 1178.0 34.0 166.0 621.8618916243461
0.0 1107.0 73.0 323.0 1371.9175041110195
0.0 637.0 289.0 1555.0 6202.044255605563
0.0 628.0 303.0 1520.0 6240.203905407735
0.0 764.0 232.0 1298.0 4862.7583908694405
0.0 815.0 194.0 1138.0 4379.95953099363
0.0 732.0 252.0 1294.0 5194.978996628809
0.0 462.0 365.0 2117.0 7852.221557996253
0.0 1056.0 86.0 502.0 1868.5213002656178
0.0 508.0 373.0 1837.0 7430.252444948347
0.0 818.0 204.0 1152.0 4300.481257771466
0.0 1002.0 118.0 583.0 2385.582331693153
0.0 253.0 488.0 2491.0 9889.501059149814
0.0 257.0 472.0 2525.0 9842.726278784683
0.0 307.0 453.0 2385.0 9378.983366143957
0.0 760.0 236.0 1280.0 4902.493855556079
0.0 1040.0 106.0 513.0 2046.5785258978706
0.0 621.0 288.0 1695.0 6284.698352311133
0.0 301.0 455.0 2417.0 9533.349720852637
0.0 232.0 486.0 2599.0 10061.47227248069
0.0 706.0 250.0 1421.0 5382.799765437101
0.0 703.0 255.0 1424.0 5446.752838069105
0.0 642.0 277.0 1562.0 6067.506860048863
0.0 616.0 308.0 1587.0 6274.280399870521
0.0 564.0 329.0 1725.0 6798.379952620076
0.0 711.0 255.0 1376.0 5424.8588628786165
0.0 252.0 487.0 2519.0 9904.939197490006
0.0 742.0 248.0 1270.0 5025.492593950028
0.0 1243.0 1.0 0.0 6.899616541335519
0.0 1243.0 1.0 0.0 6.899616541335519
0.0 217.0 490.0 2624.0 10274.585799988698
0.0 605.0 314.0 1572.0 6428.39526354064
0.0 470.0 371.0 2056.0 7801.01445895188
0.0 680.0 264.0 1527.0 5679.805774239368
0.0 1243.0 1.0 0.0 6.899616541335519
0.0 768.0 217.0 1334.0 4853.626840774327
0.0 105.0 553.0 2870.0 11403.470617758907
0.0 648.0 306.0 1442.0 5918.701457215947
0.0 1243.0 1.0 0.0 6.899616541335519
0.0 732.0 244.0 1391.0 5166.339187967092
0.0 1045.0 102.0 510.0 1993.6240508261467
0.0 688.0 274.0 1395.0 5562.887735932423
0.0 1244.0 0.0 0.0 0.0
0.0 588.0 318.0 1668.0 6541.343324934819
0.0 1244.0 0.0 0.0 0.0
0.0 1244.0 0.0 0.0 0.0
0.0 778.0 215.0 1259.0 4810.503891618871
0.0 1244.0 0.0 0.0 0.0
0.0 265.0 481.0 2445.0 9832.305116164613
0.0 223.0 491.0 2568.0 10168.682289184806
0.0 1244.0 0.0 0.0 0.0
0.0 795.0 215.0 1142.0 4504.175313835854
0.0 511.0 382.0 1734.0 7387.244117387124
0.0 1244.0 0.0 0.0 0.0
0.0 1244.0 0.0 0.0 0.0
0.0 531.0 359.0 1736.0 7142.511147318054
0.0 106.0 551.0 2875.0 11402.83172479332
0.0 253.0 488.0 2491.0 9889.501059149814
0.0 1244.0 0.0 0.0 0.0
0.0 1244.0 0.0 0.0 0.0
0.0 788.0 232.0 1086.0 4568.744186271947
0.0 88.0 565.0 2895.0 11589.020314071724
0.0 1244.0 0.0 0.0 0.0
0.0 1107.0 73.0 323.0 1371.9175041110195
0.0 1244.0 0.0 0.0 0.0
0.0 1244.0 0.0 0.0 0.0
0.0 1071.0 88.0 423.0 1769.8357605448912
0.0 1244.0 0.0 0.0 0.0
0.0 556.0 336.0 1734.0 6854.212701837225
0.0 87.0 567.0 2891.0 11592.70355749299
0.0 229.0 493.0 2526.0 10159.230347106612
0.0 1244.0 0.0 0.0 0.0
0.0 1095.0 71.0 392.0 1417.2915476604687
0.0 257.0 472.0 2525.0 9842.726278784683
0.0 839.0 191.0 1083.0 4103.341165751734
0.0 1244.0 0.0 0.0 0.0
0.0 1243.0 1.0 0.0 6.899616541335519
0.0 918.0 163.0 839.0 3339.471875483158
0.0 1244.0 0.0 0.0 0.0
0.0 240.0 496.0 2472.0 10050.027536359148
0.0 807.0 199.0 1192.0 4431.000158596249
0.0 1243.0 1.0 0.0 6.899616541335519
0.0 1244.0 0.0 0.0 0.0
0.0 237.0 484.0 2564.0 10078.888557751892
0.0 1244.0 0.0 0.0 0.0
0.0 370.0 421.0 2274.0 8774.837221740074
0.0 241.0 485.0 2520.0 10028.05964589273
0.0 1244.0 0.0 0.0 0.0
0.0 598.0 317.0 1610.0 6422.759203485368
0.0 1243.0 1.0 0.0 6.899616541335519
0.0 1244.0 0.0 0.0 0.0
0.0 1244.0 0.0 0.0 0.0
0.0 104.0 559.0 2836.0 11421.760590970736
0.0 1244.0 0.0 0.0 0.0
0.0 682.0 274.0 1401.0 5587.000020116111
0.0 1244.0 0.0 0.0 0.0
0.0 1244.0 0.0 0.0 0.0
0.0 1244.0 0.0 0.0 0.0
0.0 1244.0 0.0 0.0 0.0
0.0 1244.0 0.0 0.0 0.0
0.0 634.0 306.0 1507.0 6133.883261362457
0.0 628.0 303.0 1520.0 6240.203905407735
0.0 1244.0 0.0 0.0 0.0
0.0 1244.0 0.0 0.0 0.0
0.0 1244.0 0.0 0.0 0.0
0.0 1243.0 1.0 0.0 6.899616541335519
0.0 503.0 346.0 2000.0 7597.648342372615
0.0 1243.0 1.0 0.0 6.899616541335519
0.0 1243.0 1.0 0.0 6.899616541335519
0.0 682.0 281.0 1358.0 5677.559219401738
0.0 778.0 217.0 1213.0 4746.414394417681
0.0 565.0 343.0 1636.0 6855.262888184872
0.0 1243.0 1.0 0.0 6.899616541335519
0.0 759.0 238.0 1236.0 4841.4131754974505
0.0 906.0 166.0 868.0 3396.3165693228743
0.0 251.0 477.0 2586.0 9936.358884734276
0.0 1035.0 104.0 547.0 2183.679795408576
0.0 111.0 554.0 2833.0 11371.423350996034
0.0 94.0 559.0 2878.0 11511.653194283284
0.0 553.0 321.0 1856.0 6937.77261243538
0.0 301.0 455.0 2417.0 9533.349720852637
0.0 803.0 207.0 1122.0 4438.7192748140305
0.0 569.0 347.0 1617.0 6755.809424469307
0.0 375.0 422.0 2246.0 8755.480036963894
0.0 88.0 566.0 2887.0 11578.518478536129
0.0 88.0 563.0 2906.0 11570.01347355134
0.0 107.0 557.0 2840.0 11398.940201678968
0.0 485.0 369.0 1986.0 7614.118791982952
0.0 633.0 289.0 1584.0 6176.847905435121
0.0 681.0 270.0 1443.0 5668.714088408605
0.0 1040.0 106.0 513.0 2046.5785258978706
0.0 768.0 233.0 1220.0 4752.869996295093
0.0 1243.0 1.0 0.0 6.899616541335519
0.0 520.0 369.0 1755.0 7260.932964951921
0.0 991.0 124.0 656.0 2571.307313783848
0.0 250.0 477.0 2565.0 9952.025837233406
0.0 757.0 228.0 1311.0 4950.193889985172
0.0 1243.0 1.0 0.0 6.899616541335519
0.0 259.0 478.0 2494.0 9852.326660913031
0.0 245.0 483.0 2555.0 9965.0106772536
0.0 689.0 265.0 1459.0 5588.928782395119
0.0 1178.0 34.0 166.0 621.8618916243461
0.0 1007.0 124.0 572.0 2422.192615045739
0.0 230.0 496.0 2541.0 10146.665902742181
0.0 769.0 223.0 1250.0 4750.799862749801
0.0 247.0 480.0 2553.0 9985.779605336533
0.0 89.0 564.0 2890.0 11558.64985798122
0.0 714.0 262.0 1334.0 5407.616947193578
0.0 883.0 172.0 916.0 3583.900621517468
0.0 781.0 217.0 1268.0 4667.436923978438
0.0 1029.0 110.0 515.0 2184.9774614616567
0.0 753.0 245.0 1254.0 4966.28307491293
0.0 523.0 336.0 1952.0 7267.016996573426
0.0 507.0 364.0 1913.0 7361.110600009223
0.0 1243.0 1.0 0.0 6.899616541335519
0.0 1243.0 1.0 0.0 6.899616541335519
0.0 662.0 299.0 1405.0 5851.264997115695
0.0 857.0 184.0 999.0 3969.600222868076
0.0 107.0 554.0 2853.0 11389.994627598518
0.0 535.0 341.0 1810.0 7196.853340385092
0.0 1243.0 1.0 0.0 6.899616541335519
0.0 651.0 273.0 1616.0 5967.230033266715
0.0 223.0 505.0 2537.0 10236.907949137198
0.0 631.0 278.0 1715.0 6238.09897925417
0.0 1029.0 106.0 548.0 2156.278631094716
0.0 1078.0 85.0 398.0 1673.6456914618725
0.0 249.0 495.0 2439.0 9942.65839039755
0.0 703.0 253.0 1461.0 5473.940032016921
0.0 244.0 485.0 2520.0 10006.745912454402
0.0 609.0 307.0 1655.0 6276.4111035342985
0.0 511.0 375.0 1802.0 7426.2822707424575
0.0 764.0 225.0 1306.0 4921.775176372019
0.0 245.0 482.0 2554.0 10002.296230604525
