0.0 601.0 318.0 1595.0 6479.5604684518385
0.0 713.0 261.0 1372.0 5319.755588706808
0.0 1094.0 73.0 379.0 1488.6338056816412
0.0 625.0 307.0 1549.0 6135.197698703256
0.0 706.0 263.0 1358.0 5404.008693874282
0.0 224.0 481.0 2668.0 10149.892899212131
0.0 602.0 315.0 1624.0 6441.39377953637
0.0 236.0 490.0 2519.0 10071.539092904888
0.0 817.0 212.0 1020.0 4322.1959182080955
0.0 99.0 560.0 2852.0 11474.540905231226
0.0 668.0 279.0 1475.0 5768.524615423915
0.0 116.0 552.0 2817.0 11317.979706316051
0.0 249.0 482.0 2542.0 9909.410801617232
0.0 761.0 230.0 1274.0 4896.4929493726
0.0 727.0 257.0 1345.0 5184.713490586694
0.0 850.0 200.0 952.0 3990.9085892421617
0.0 523.0 333.0 1985.0 7241.894713391295
0.0 546.0 328.0 1795.0 6918.684714053216
0.0 247.0 479.0 2556.0 9976.253065057996
0.0 1003.0 112.0 691.0 2434.3339882235337
0.0 693.0 261.0 1441.0 5492.248040724697
0.0 251.0 481.0 2548.0 9897.21015370129
0.0 672.0 273.0 1478.0 5751.812049119218
0.0 503.0 359.0 1931.0 7392.185584065229
0.0 89.0 564.0 2883.0 11573.847321828254
0.0 237.0 497.0 2497.0 10075.955836244875
0.0 497.0 370.0 1887.0 7543.319643706381
0.0 115.0 552.0 2816.0 11325.68250826884
0.0 743.0 224.0 1386.0 5112.010507180678
0.0 756.0 241.0 1242.0 4870.797060975569
0.0 605.0 315.0 1613.0 6437.304098464162
0.0 1075.0 72.0 507.0 1657.3344189068102
0.0 90.0 564.0 2878.0 11561.993894394505
0.0 573.0 333.0 1667.0 6771.4166201363405
0.0 764.0 253.0 1165.0 4799.5439996995865
0.0 747.0 250.0 1241.0 5053.776487260841
0.0 745.0 235.0 1344.0 5111.131495630525
0.0 700.0 266.0 1343.0 5512.457275688764
0.0 474.0 376.0 1963.0 7736.8450911231275
0.0 1009.0 119.0 601.0 2420.6302788795706
0.0 1108.0 70.0 336.0 1397.399259385423
0.0 243.0 482.0 2532.0 10025.79764837994
0.0 599.0 316.0 1629.0 6392.684070827287
0.0 721.0 258.0 1284.0 5263.169608261009
0.0 537.0 337.0 1898.0 7067.968372798741
0.0 700.0 257.0 1439.0 5459.5389557968065
0.0 632.0 298.0 1548.0 6224.121563730033
0.0 506.0 355.0 1859.0 7428.797114116273
0.0 770.0 221.0 1260.0 4778.039025001277
0.0 569.0 342.0 1655.0 6746.766156462949
0.0 743.0 224.0 1386.0 5112.010507180678
0.0 897.0 168.0 908.0 3514.022537978081
0.0 700.0 257.0 1439.0 5459.5389557968065
0.0 616.0 304.0 1545.0 6315.890616958362
0.0 743.0 221.0 1415.0 5062.541138216629
0.0 680.0 255.0 1572.0 5803.231303290045
0.0 503.0 366.0 1843.0 7447.426064853952
0.0 450.0 400.0 1965.0 7981.350307218761
0.0 247.0 479.0 2556.0 9976.253065057996
0.0 523.0 333.0 1985.0 7241.894713391295
0.0 582.0 312.0 1725.0 6683.395118069068
0.0 573.0 327.0 1675.0 6779.33746653277
0.0 745.0 235.0 1344.0 5111.131495630525
0.0 822.0 192.0 1145.0 4275.479640570281
0.0 612.0 304.0 1638.0 6346.057965503367
0.0 224.0 482.0 2628.0 10186.968581056444
0.0 370.0 425.0 2252.0 8785.454748149003
0.0 510.0 359.0 1904.0 7406.178713502072
0.0 256.0 470.0 2547.0 9851.189561326735
0.0 231.0 485.0 2599.0 10136.448596735801
0.0 89.0 564.0 2891.0 11556.346594511762
0.0 108.0 560.0 2817.0 11395.236583657354
0.0 882.0 186.0 884.0 3617.446069777121
0.0 781.0 222.0 1165.0 4666.883484251296
0.0 523.0 333.0 1985.0 7241.894713391295
0.0 1003.0 112.0 691.0 2434.3339882235337
0.0 789.0 211.0 1158.0 4622.129617557824
0.0 897.0 168.0 908.0 3514.022537978081
0.0 247.0 481.0 2534.0 9949.39401043503
0.0 239.0 491.0 2527.0 10035.51549695676
0.0 380.0 419.0 2223.0 8693.454247321797
0.0 249.0 482.0 2542.0 9909.410801617232
0.0 1015.0 111.0 577.0 2294.6559573933514
0.0 882.0 186.0 884.0 3617.446069777121
0.0 1077.0 79.0 420.0 1693.6149280657412
0.0 255.0 477.0 2528.0 9903.306010127717
0.0 747.0 250.0 1241.0 5053.776487260841
0.0 617.0 302.0 1574.0 6284.157244117374
0.0 741.0 252.0 1200.0 5062.241737525891
0.0 461.0 386.0 1952.0 7864.000929821263
0.0 1003.0 112.0 691.0 2434.3339882235337
0.0 803.0 211.0 1184.0 4527.535989354163
0.0 1107.0 66.0 363.0 1312.3325736768666
0.0 822.0 192.0 1145.0 4275.479640570281
0.0 239.0 491.0 2527.0 10035.51549695676
0.0 748.0 237.0 1314.0 4994.342899690605
0.0 638.0 279.0 1648.0 6144.835975994666
0.0 677.0 277.0 1431.0 5662.919848347668
0.0 101.0 554.0 2884.0 11443.094398695628
0.0 232.0 494.0 2524.0 10119.898145419917
0.0 1075.0 72.0 507.0 1657.3344189068102
0.0 781.0 222.0 1165.0 4666.883484251296
0.0 418.0 401.0 2073.0 8377.055950834872
0.0 632.0 312.0 1496.0 6117.0073889154955
0.0 380.0 419.0 2223.0 8693.454247321797
0.0 743.0 221.0 1415.0 5062.541138216629
0.0 569.0 342.0 1655.0 6746.766156462949
0.0 745.0 235.0 1344.0 5111.131495630525
0.0 749.0 242.0 1259.0 5051.937740149497
0.0 504.0 380.0 1772.0 7482.9783123048965
0.0 96.0 560.0 2868.0 11496.848718793091
0.0 609.0 312.0 1599.0 6386.626950817775
0.0 1014.0 117.0 593.0 2315.5500101273487
0.0 1107.0 66.0 363.0 1312.3325736768666
0.0 113.0 555.0 2821.0 11335.055133836697
0.0 477.0 376.0 1930.0 7709.891514398495
0.0 516.0 345.0 1938.0 7364.848260978049
0.0 570.0 322.0 1738.0 6719.850760815032
0.0 704.0 274.0 1325.0 5448.098123143504
0.0 1243.0 1.0 0.0 6.899616541335519
0.0 743.0 224.0 1386.0 5112.010507180678
0.0 88.0 563.0 2898.0 11566.98546377245
0.0 107.0 559.0 2828.0 11389.0997816771
0.0 502.0 363.0 1904.0 7473.7560843640085
0.0 110.0 548.0 2880.0 11356.291826565019
0.0 726.0 248.0 1363.0 5176.079765123422
0.0 1243.0 1.0 0.0 6.899616541335519
0.0 964.0 142.0 670.0 2852.3202147446846
0.0 1243.0 1.0 0.0 6.899616541335519
0.0 673.0 281.0 1443.0 5688.508344344685
0.0 579.0 319.0 1729.0 6600.855130666813
0.0 1243.0 1.0 0.0 6.899616541335519
0.0 1243.0 1.0 0.0 6.899616541335519
0.0 1107.0 66.0 363.0 1312.3325736768666
0.0 237.0 497.0 2497.0 10075.955836244875
0.0 243.0 485.0 2529.0 10002.961763459147
0.0 1243.0 1.0 0.0 6.899616541335519
0.0 103.0 558.0 2850.0 11433.593302181485
0.0 569.0 327.0 1718.0 6833.832587478068
0.0 630.0 306.0 1515.0 6118.4320845222
0.0 696.0 256.0 1384.0 5594.892646886212
0.0 714.0 247.0 1481.0 5304.258044277544
0.0 667.0 276.0 1510.0 5806.467725724044
0.0 803.0 211.0 1184.0 4527.535989354163
0.0 668.0 279.0 1475.0 5768.524615423915
0.0 704.0 274.0 1325.0 5448.098123143504
0.0 1243.0 1.0 0.0 6.899616541335519
0.0 236.0 488.0 2536.0 10063.893870955839
0.0 617.0 294.0 1678.0 6305.3056241020495
0.0 238.0 483.0 2579.0 10042.036394420496
0.0 743.0 221.0 1415.0 5062.541138216629
0.0 89.0 564.0 2891.0 11556.346594511762
0.0 964.0 142.0 670.0 2852.3202147446846
0.0 1094.0 73.0 379.0 1488.6338056816412
0.0 1243.0 1.0 0.0 6.899616541335519
0.0 249.0 482.0 2542.0 9909.410801617232
0.0 225.0 497.0 2553.0 10209.500526648879
0.0 882.0 186.0 884.0 3617.446069777121
0.0 1243.0 1.0 0.0 6.899616541335519
0.0 745.0 235.0 1344.0 5111.131495630525
0.0 515.0 346.0 1959.0 7355.289202943471
0.0 523.0 333.0 1985.0 7241.894713391295
0.0 727.0 248.0 1355.0 5169.852417249157
0.0 1243.0 1.0 0.0 6.899616541335519
0.0 1243.0 1.0 0.0 6.899616541335519
0.0 510.0 359.0 1904.0 7406.178713502072
0.0 741.0 252.0 1200.0 5062.241737525891
0.0 238.0 485.0 2521.0 10080.574555398629
0.0 1244.0 0.0 0.0 0.0
0.0 232.0 494.0 2524.0 10119.898145419917
0.0 256.0 470.0 2547.0 9851.189561326735
0.0 1243.0 1.0 0.0 6.899616541335519
0.0 666.0 284.0 1437.0 5779.2728467041015
0.0 1244.0 0.0 0.0 0.0
0.0 1243.0 1.0 0.0 6.899616541335519
0.0 99.0 560.0 2852.0 11474.540905231226
0.0 766.0 227.0 1228.0 4832.176965007733
0.0 793.0 231.0 1083.0 4513.699134195212
0.0 553.0 337.0 1748.0 7037.0026407551795
0.0 1243.0 1.0 0.0 6.899616541335519
0.0 721.0 258.0 1284.0 5263.169608261009
0.0 1244.0 0.0 0.0 0.0
0.0 770.0 221.0 1260.0 4778.039025001277
0.0 768.0 228.0 1227.0 4785.401291045956
0.0 246.0 486.0 2508.0 10007.474441493601
0.0 1244.0 0.0 0.0 0.0
0.0 715.0 260.0 1329.0 5318.194132004088
0.0 951.0 132.0 771.0 2894.243780752298
0.0 1244.0 0.0 0.0 0.0
0.0 88.0 566.0 2881.0 11584.282856942951
0.0 105.0 557.0 2846.0 11426.062218113435
0.0 1244.0 0.0 0.0 0.0
0.0 1244.0 0.0 0.0 0.0
0.0 1244.0 0.0 0.0 0.0
0.0 1244.0 0.0 0.0 0.0
0.0 1244.0 0.0 0.0 0.0
0.0 1243.0 1.0 0.0 6.899616541335519
0.0 786.0 223.0 1176.0 4576.173678474898
0.0 503.0 366.0 1843.0 7447.426064853952
0.0 612.0 304.0 1638.0 6346.057965503367
0.0 99.0 557.0 2875.0 11457.297478381812
0.0 582.0 312.0 1725.0 6683.395118069068
0.0 804.0 209.0 1200.0 4356.843814606656
0.0 1244.0 0.0 0.0 0.0
0.0 518.0 350.0 1899.0 7277.907361523127
0.0 1244.0 0.0 0.0 0.0
0.0 239.0 491.0 2527.0 10035.51549695676
0.0 110.0 548.0 2880.0 11356.291826565019
0.0 248.0 477.0 2545.0 9927.581880163378
0.0 677.0 277.0 1431.0 5662.919848347668
0.0 1243.0 1.0 0.0 6.899616541335519
0.0 1244.0 0.0 0.0 0.0
0.0 817.0 212.0 1020.0 4322.1959182080955
0.0 1244.0 0.0 0.0 0.0
0.0 1244.0 0.0 0.0 0.0
0.0 1244.0 0.0 0.0 0.0
0.0 89.0 567.0 2866.0 11572.26268022511
0.0 1244.0 0.0 0.0 0.0
0.0 1244.0 0.0 0.0 0.0
0.0 231.0 485.0 2599.0 10136.448596735801
0.0 1244.0 0.0 0.0 0.0
0.0 700.0 257.0 1439.0 5459.5389557968065
0.0 88.0 563.0 2898.0 11566.98546377245
0.0 1243.0 1.0 0.0 6.899616541335519
0.0 1243.0 1.0 0.0 6.899616541335519
0.0 1244.0 0.0 0.0 0.0
0.0 822.0 192.0 1145.0 4275.479640570281
0.0 747.0 250.0 1241.0 5053.776487260841
0.0 1244.0 0.0 0.0 0.0
0.0 781.0 222.0 1165.0 4666.883484251296
0.0 243.0 482.0 2532.0 10025.79764837994
0.0 91.0 564.0 2875.0 11555.357980884724
0.0 764.0 226.0 1234.0 4802.670612882269
0.0 569.0 342.0 1655.0 6746.766156462949
0.0 1075.0 72.0 507.0 1657.3344189068102
0.0 559.0 340.0 1694.0 6929.458159955524
0.0 1244.0 0.0 0.0 0.0
0.0 535.0 343.0 1843.0 7188.770983875647
0.0 657.0 283.0 1520.0 5920.872730309229
0.0 1244.0 0.0 0.0 0.0
0.0 665.0 270.0 1564.0 5862.453436784996
0.0 802.0 216.0 1194.0 4464.123786851079
0.0 743.0 224.0 1386.0 5112.010507180678
0.0 602.0 315.0 1624.0 6441.39377953637
0.0 1244.0 0.0 0.0 0.0
0.0 1244.0 0.0 0.0 0.0
0.0 503.0 359.0 1931.0 7392.185584065229
0.0 528.0 347.0 1850.0 7223.363800676
0.0 768.0 231.0 1259.0 4754.399925269339
0.0 1243.0 1.0 0.0 6.899616541335519
0.0 904.0 161.0 875.0 3427.033300983639
0.0 450.0 400.0 1965.0 7981.350307218761
0.0 1244.0 0.0 0.0 0.0
0.0 224.0 481.0 2668.0 10149.892899212131
0.0 504.0 380.0 1772.0 7482.9783123048965
0.0 1244.0 0.0 0.0 0.0
0.0 1244.0 0.0 0.0 0.0
0.0 1244.0 0.0 0.0 0.0
0.0 857.0 183.0 985.0 3839.266753210297
0.0 1244.0 0.0 0.0 0.0
0.0 1244.0 0.0 0.0 0.0
0.0 1244.0 0.0 0.0 0.0
0.0 1244.0 0.0 0.0 0.0
0.0 236.0 490.0 2519.0 10071.539092904888
0.0 897.0 168.0 908.0 3514.022537978081
0.0 673.0 281.0 1443.0 5688.508344344685
0.0 638.0 279.0 1648.0 6144.835975994666
0.0 474.0 376.0 1963.0 7736.8450911231275
0.0 1003.0 112.0 691.0 2434.3339882235337
0.0 826.0 201.0 1097.0 4239.465247180427
0.0 1243.0 1.0 0.0 6.899616541335519
0.0 241.0 488.0 2540.0 10013.873615761808
0.0 241.0 486.0 2564.0 9969.427421869548
0.0 702.0 259.0 1405.0 5459.2832433605645
0.0 559.0 327.0 1766.0 6949.116715849658
0.0 756.0 241.0 1242.0 4870.797060975569
0.0 1108.0 70.0 336.0 1397.399259385423
0.0 1243.0 1.0 0.0 6.899616541335519
0.0 1243.0 1.0 0.0 6.899616541335519
0.0 247.0 479.0 2556.0 9976.253065057996
0.0 1243.0 1.0 0.0 6.899616541335519
0.0 790.0 217.0 1152.0 4585.148325359598
0.0 621.0 298.0 1640.0 6244.586600431392
0.0 644.0 287.0 1540.0 5973.304084807991
0.0 255.0 477.0 2528.0 9903.306010127717
0.0 564.0 324.0 1748.0 6837.936333332841
0.0 548.0 346.0 1720.0 7028.668638837461
0.0 1243.0 1.0 0.0 6.899616541335519
0.0 693.0 261.0 1441.0 5492.248040724697
0.0 749.0 242.0 1259.0 5051.937740149497
0.0 224.0 482.0 2628.0 10186.968581056444
0.0 380.0 419.0 2223.0 8693.454247321797
0.0 761.0 230.0 1274.0 4896.4929493726
0.0 229.0 498.0 2537.0 10151.097683851363
