0.0 1243.0 1.0 0.0 6.899616541335519
0.0 618.0 299.0 1614.0 6247.321202028943
0.0 729.0 254.0 1274.0 5175.525906215113
0.0 803.0 209.0 1168.0 4446.512226594744
0.0 89.0 567.0 2875.0 11558.034778254974
0.0 760.0 242.0 1215.0 4816.440608928309
0.0 645.0 282.0 1573.0 6034.764554895445
0.0 902.0 180.0 810.0 3453.885912091479
0.0 788.0 220.0 1183.0 4587.88504965082
0.0 556.0 326.0 1842.0 6910.286532750928
0.0 531.0 346.0 1886.0 7112.002087366693
0.0 1243.0 1.0 0.0 6.899616541335519
0.0 569.0 344.0 1646.0 6740.806960720342
0.0 760.0 242.0 1215.0 4816.440608928309
0.0 737.0 256.0 1232.0 5177.700768175295
0.0 1243.0 1.0 0.0 6.899616541335519
0.0 520.0 354.0 1869.0 7266.734993406648
0.0 757.0 225.0 1295.0 4965.93071113996
0.0 117.0 549.0 2835.0 11301.596131648588
0.0 374.0 425.0 2221.0 8741.500098455372
0.0 249.0 487.0 2488.0 9926.440796550745
0.0 913.0 147.0 985.0 3248.8389015116522
0.0 618.0 299.0 1614.0 6247.321202028943
0.0 768.0 246.0 1150.0 4761.499685016661
0.0 669.0 287.0 1399.0 5756.214380930626
0.0 239.0 483.0 2560.0 10080.535582410388
0.0 249.0 487.0 2488.0 9926.440796550745
0.0 804.0 214.0 1065.0 4458.263702660819
0.0 477.0 369.0 1970.0 7649.154971460701
0.0 804.0 212.0 1124.0 4402.734577478896
0.0 689.0 274.0 1373.0 5589.071172674309
0.0 760.0 242.0 1215.0 4816.440608928309
0.0 223.0 489.0 2573.0 10221.355366301766
0.0 982.0 130.0 658.0 2657.193932359866
0.0 240.0 490.0 2528.0 10050.399161892261
0.0 519.0 354.0 1869.0 7422.869919856208
0.0 98.0 563.0 2844.0 11485.289455473823
0.0 1243.0 1.0 0.0 6.899616541335519
0.0 477.0 369.0 1970.0 7649.154971460701
0.0 1243.0 1.0 0.0 6.899616541335519
0.0 804.0 214.0 1065.0 4458.263702660819
0.0 1095.0 75.0 392.0 1471.242917863815
0.0 551.0 346.0 1731.0 7001.131476017524
0.0 1243.0 1.0 0.0 6.899616541335519
0.0 649.0 285.0 1564.0 5961.160384355234
0.0 1012.0 108.0 614.0 2348.348999655493
0.0 747.0 257.0 1194.0 4911.946941117093
0.0 749.0 243.0 1212.0 4888.213027093982
0.0 516.0 365.0 1858.0 7363.892200746719
0.0 1034.0 103.0 581.0 2163.761174916342
0.0 245.0 483.0 2555.0 9992.236995894787
0.0 747.0 257.0 1194.0 4911.946941117093
0.0 107.0 556.0 2833.0 11385.59936367956
0.0 731.0 242.0 1349.0 5141.980320946014
0.0 506.0 350.0 2007.0 7403.219613624341
0.0 916.0 168.0 830.0 3404.7366550260786
0.0 743.0 255.0 1196.0 5004.443191234242
0.0 230.0 486.0 2597.0 10106.59510225827
0.0 786.0 224.0 1222.0 4656.781324147883
0.0 233.0 491.0 2532.0 10092.426209070603
0.0 519.0 354.0 1869.0 7422.869919856208
0.0 880.0 178.0 930.0 3580.8056049753895
0.0 1048.0 90.0 514.0 1968.662053060815
0.0 536.0 344.0 1823.0 7094.887351505772
0.0 110.0 551.0 2852.0 11354.363398387422
0.0 120.0 547.0 2836.0 11253.09509915683
0.0 249.0 479.0 2553.0 10025.671244190566
0.0 765.0 253.0 1126.0 4822.373984243263
0.0 718.0 248.0 1381.0 5225.952340031313
0.0 245.0 483.0 2555.0 9992.236995894787
0.0 597.0 304.0 1707.0 6547.83087725304
0.0 89.0 564.0 2886.0 11568.07784316763
0.0 1048.0 90.0 514.0 1968.662053060815
0.0 564.0 313.0 1849.0 6834.994612832323
0.0 254.0 481.0 2494.0 9897.442002064325
0.0 596.0 322.0 1595.0 6604.015452147418
0.0 757.0 239.0 1285.0 4848.453974523581
0.0 731.0 249.0 1344.0 5054.923869258769
0.0 223.0 489.0 2573.0 10221.355366301766
0.0 523.0 353.0 1883.0 7270.323936204679
0.0 1243.0 1.0 0.0 6.899616541335519
0.0 852.0 193.0 1008.0 3968.643677952473
0.0 87.0 567.0 2894.0 11585.228880016477
0.0 853.0 185.0 1057.0 4019.408415416682
0.0 501.0 365.0 1879.0 7448.515027539711
0.0 772.0 233.0 1263.0 4733.554001476877
0.0 561.0 335.0 1695.0 6858.416701199456
0.0 675.0 286.0 1387.0 5651.211919759131
0.0 639.0 287.0 1581.0 6096.500799392195
0.0 1098.0 70.0 365.0 1418.0434622991154
0.0 1243.0 1.0 0.0 6.899616541335519
0.0 709.0 244.0 1466.0 5412.4016391449695
0.0 780.0 215.0 1247.0 4746.05719850004
0.0 539.0 334.0 1793.0 7102.8645818760415
0.0 881.0 169.0 969.0 3686.163325347129
0.0 1048.0 90.0 514.0 1968.662053060815
0.0 331.0 445.0 2338.0 9128.806427389118
0.0 577.0 340.0 1585.0 6756.835111643383
0.0 1054.0 86.0 486.0 1920.9295905938711
0.0 733.0 263.0 1224.0 5098.185363681454
0.0 546.0 349.0 1732.0 7012.088943923487
0.0 243.0 483.0 2566.0 9995.111302642379
0.0 693.0 283.0 1285.0 5502.399726386869
0.0 305.0 447.0 2447.0 9465.840250018118
0.0 1080.0 86.0 372.0 1691.65136112974
0.0 756.0 236.0 1257.0 4891.341268372265
0.0 574.0 319.0 1732.0 6729.056336293931
0.0 615.0 318.0 1543.0 6265.951529353766
0.0 429.0 410.0 2031.0 8207.713196586881
0.0 1038.0 97.0 548.0 2051.642467299868
0.0 747.0 257.0 1194.0 4911.946941117093
0.0 737.0 256.0 1232.0 5177.700768175295
0.0 245.0 483.0 2555.0 9992.236995894787
0.0 488.0 380.0 1921.0 7571.0950884635795
0.0 645.0 300.0 1440.0 6092.5751691967325
0.0 564.0 324.0 1789.0 6862.232042840662
0.0 597.0 304.0 1707.0 6547.83087725304
0.0 772.0 222.0 1265.0 4812.990887984003
0.0 1105.0 61.0 412.0 1400.7947827291885
0.0 1243.0 1.0 0.0 6.899616541335519
0.0 108.0 553.0 2850.0 11377.63805394347
0.0 824.0 200.0 1062.0 4191.13954332523
0.0 1095.0 75.0 392.0 1471.242917863815
0.0 709.0 244.0 1466.0 5412.4016391449695
0.0 880.0 171.0 976.0 3696.633876042042
0.0 584.0 328.0 1645.0 6632.92853987595
0.0 512.0 365.0 1875.0 7351.620709102244
0.0 253.0 482.0 2502.0 9945.485207031987
0.0 541.0 356.0 1753.0 6984.985415418419
0.0 867.0 183.0 975.0 3790.3944239721263
0.0 1022.0 105.0 616.0 2263.0120173775326
0.0 595.0 304.0 1760.0 6484.594732968019
0.0 87.0 566.0 2895.0 11596.575481361373
0.0 107.0 556.0 2833.0 11385.59936367956
0.0 648.0 300.0 1458.0 5982.686602362739
0.0 821.0 191.0 1186.0 4320.547031842612
0.0 649.0 303.0 1456.0 6019.570244155484
0.0 948.0 141.0 815.0 2945.931483231182
0.0 618.0 320.0 1515.0 6280.175757047897
0.0 560.0 341.0 1696.0 6949.239757486072
0.0 643.0 282.0 1603.0 6069.021986009594
0.0 640.0 304.0 1462.0 6065.745759849277
0.0 1243.0 1.0 0.0 6.899616541335519
0.0 1243.0 1.0 0.0 6.899616541335519
0.0 1023.0 105.0 570.0 2203.1247300645896
0.0 468.0 371.0 1932.0 7789.305814684569
0.0 254.0 481.0 2494.0 9897.442002064325
0.0 747.0 257.0 1194.0 4911.946941117093
0.0 1043.0 94.0 545.0 1992.2877993993418
0.0 253.0 482.0 2502.0 9945.485207031987
0.0 618.0 299.0 1614.0 6247.321202028943
0.0 643.0 282.0 1603.0 6069.021986009594
0.0 223.0 501.0 2549.0 10164.233993828066
0.0 786.0 224.0 1222.0 4656.781324147883
0.0 717.0 253.0 1355.0 5342.0001203364955
0.0 240.0 490.0 2528.0 10050.399161892261
0.0 92.0 559.0 2912.0 11532.021692872751
0.0 1095.0 75.0 392.0 1471.242917863815
0.0 245.0 478.0 2571.0 9967.863101847743
0.0 227.0 500.0 2533.0 10157.213071087052
0.0 733.0 263.0 1224.0 5098.185363681454
0.0 123.0 551.0 2809.0 11241.006021552224
0.0 88.0 563.0 2900.0 11591.666276600065
0.0 803.0 209.0 1168.0 4446.512226594744
0.0 224.0 490.0 2562.0 10230.313272989777
0.0 804.0 214.0 1065.0 4458.263702660819
0.0 230.0 486.0 2597.0 10106.59510225827
0.0 101.0 558.0 2855.0 11435.019809070085
0.0 1034.0 103.0 581.0 2163.761174916342
0.0 536.0 344.0 1823.0 7094.887351505772
0.0 87.0 564.0 2899.0 11584.22518345992
0.0 298.0 453.0 2441.0 9523.933913994393
0.0 1244.0 0.0 0.0 0.0
0.0 1244.0 0.0 0.0 0.0
0.0 1244.0 0.0 0.0 0.0
0.0 587.0 330.0 1605.0 6649.807826409209
0.0 1244.0 0.0 0.0 0.0
0.0 743.0 255.0 1196.0 5004.443191234242
0.0 1244.0 0.0 0.0 0.0
0.0 752.0 240.0 1268.0 5027.465997373349
0.0 948.0 141.0 815.0 2945.931483231182
0.0 1244.0 0.0 0.0 0.0
0.0 615.0 318.0 1543.0 6265.951529353766
0.0 821.0 191.0 1186.0 4320.547031842612
0.0 1244.0 0.0 0.0 0.0
0.0 1244.0 0.0 0.0 0.0
0.0 756.0 236.0 1257.0 4891.341268372265
0.0 1244.0 0.0 0.0 0.0
0.0 1244.0 0.0 0.0 0.0
0.0 1244.0 0.0 0.0 0.0
0.0 1244.0 0.0 0.0 0.0
0.0 1038.0 97.0 548.0 2051.642467299868
0.0 758.0 236.0 1237.0 4895.424725911171
0.0 1244.0 0.0 0.0 0.0
0.0 1244.0 0.0 0.0 0.0
0.0 242.0 484.0 2529.0 10036.666941365032
0.0 1244.0 0.0 0.0 0.0
0.0 1244.0 0.0 0.0 0.0
0.0 1022.0 105.0 616.0 2263.0120173775326
0.0 1244.0 0.0 0.0 0.0
0.0 731.0 249.0 1344.0 5054.923869258769
0.0 1244.0 0.0 0.0 0.0
0.0 1046.0 95.0 545.0 1984.942382470236
0.0 224.0 485.0 2631.0 10177.918641303206
0.0 913.0 147.0 985.0 3248.8389015116522
0.0 913.0 163.0 876.0 3336.1619508686285
0.0 1244.0 0.0 0.0 0.0
0.0 734.0 234.0 1416.0 5206.09073446902
0.0 1244.0 0.0 0.0 0.0
0.0 488.0 380.0 1921.0 7571.0950884635795
0.0 87.0 566.0 2895.0 11596.575481361373
0.0 596.0 322.0 1595.0 6604.015452147418
0.0 1244.0 0.0 0.0 0.0
0.0 639.0 287.0 1581.0 6096.500799392195
0.0 249.0 487.0 2488.0 9926.440796550745
0.0 718.0 248.0 1381.0 5225.952340031313
0.0 1244.0 0.0 0.0 0.0
0.0 760.0 242.0 1215.0 4816.440608928309
0.0 234.0 490.0 2549.0 10102.942219150229
0.0 1243.0 1.0 0.0 6.899616541335519
0.0 1244.0 0.0 0.0 0.0
0.0 1244.0 0.0 0.0 0.0
0.0 1048.0 90.0 514.0 1968.662053060815
0.0 640.0 304.0 1462.0 6065.745759849277
0.0 1243.0 1.0 0.0 6.899616541335519
0.0 1143.0 49.0 255.0 1015.5220350020768
0.0 1244.0 0.0 0.0 0.0
0.0 1243.0 1.0 0.0 6.899616541335519
0.0 525.0 360.0 1729.0 7234.361327594708
0.0 1244.0 0.0 0.0 0.0
0.0 1244.0 0.0 0.0 0.0
0.0 1244.0 0.0 0.0 0.0
0.0 916.0 168.0 830.0 3404.7366550260786
0.0 1244.0 0.0 0.0 0.0
0.0 233.0 491.0 2532.0 10092.426209070603
0.0 1244.0 0.0 0.0 0.0
0.0 120.0 547.0 2836.0 11253.09509915683
0.0 1244.0 0.0 0.0 0.0
0.0 725.0 255.0 1271.0 5259.897145373343
0.0 1243.0 1.0 0.0 6.899616541335519
0.0 830.0 204.0 1011.0 4145.271965247292
0.0 788.0 220.0 1183.0 4587.88504965082
0.0 982.0 130.0 658.0 2657.193932359866
0.0 1023.0 105.0 570.0 2203.1247300645896
0.0 1120.0 51.0 332.0 1214.6295320829718
0.0 1243.0 1.0 0.0 6.899616541335519
0.0 754.0 261.0 1161.0 4891.630863715065
0.0 90.0 562.0 2893.0 11562.197601219497
0.0 852.0 193.0 1008.0 3968.643677952473
0.0 250.0 478.0 2542.0 9921.741016248541
0.0 882.0 177.0 940.0 3654.180520028112
0.0 122.0 549.0 2821.0 11252.899073635908
0.0 757.0 239.0 1285.0 4848.453974523581
0.0 638.0 290.0 1549.0 6088.047511620766
0.0 1054.0 86.0 486.0 1920.9295905938711
0.0 1243.0 1.0 0.0 6.899616541335519
0.0 1243.0 1.0 0.0 6.899616541335519
0.0 223.0 489.0 2573.0 10221.355366301766
0.0 250.0 482.0 2536.0 9989.610400912255
0.0 1243.0 1.0 0.0 6.899616541335519
0.0 649.0 285.0 1564.0 5961.160384355234
0.0 560.0 341.0 1696.0 6949.239757486072
0.0 735.0 264.0 1197.0 5072.15171173539
0.0 711.0 264.0 1311.0 5383.31450833986
0.0 243.0 483.0 2566.0 9995.111302642379
0.0 519.0 354.0 1869.0 7422.869919856208
0.0 673.0 270.0 1502.0 5791.631880592127
0.0 1243.0 1.0 0.0 6.899616541335519
0.0 1243.0 1.0 0.0 6.899616541335519
0.0 597.0 304.0 1707.0 6547.83087725304
0.0 249.0 479.0 2553.0 10025.671244190566
0.0 773.0 242.0 1144.0 4688.371621977887
0.0 107.0 556.0 2833.0 11385.59936367956
0.0 88.0 567.0 2884.0 11597.527514372212
0.0 709.0 244.0 1466.0 5412.4016391449695
0.0 245.0 483.0 2555.0 9992.236995894787
0.0 1078.0 81.0 441.0 1644.3795579992743
0.0 675.0 273.0 1458.0 5766.780142594399
0.0 818.0 205.0 1130.0 4315.151890885649
0.0 225.0 491.0 2573.0 10198.942486542244
0.0 108.0 553.0 2850.0 11377.63805394347
0.0 239.0 483.0 2605.0 10039.046952759882
0.0 880.0 178.0 930.0 3580.8056049753895
0.0 1243.0 1.0 0.0 6.899616541335519
0.0 661.0 292.0 1450.0 5876.71247594858
0.0 604.0 322.0 1573.0 6411.239941839692
0.0 899.0 168.0 921.0 3453.882721549516
0.0 477.0 369.0 1970.0 7649.154971460701
0.0 244.0 487.0 2504.0 10033.962085896464
0.0 234.0 495.0 2525.0 10119.218874969292
0.0 648.0 300.0 1458.0 5982.686602362739
0.0 780.0 215.0 1247.0 4746.05719850004
0.0 618.0 320.0 1515.0 6280.175757047897
