0.0 1134.0 58.0 255.0 1115.062844144051
0.0 1243.0 1.0 0.0 6.899616541335519
0.0 733.0 247.0 1277.0 5188.603194120477
0.0 894.0 180.0 844.0 3572.783326247313
0.0 249.0 486.0 2480.0 9981.893440477443
0.0 1243.0 1.0 0.0 6.899616541335519
0.0 1068.0 82.0 487.0 1829.2829618508683
0.0 733.0 247.0 1277.0 5188.603194120477
0.0 245.0 479.0 2545.0 10020.305737227374
0.0 754.0 228.0 1315.0 4899.779205324455
0.0 592.0 317.0 1637.0 6590.151016593976
0.0 1037.0 101.0 572.0 2163.389691468506
0.0 1101.0 73.0 367.0 1432.1219444992637
0.0 104.0 559.0 2834.0 11416.177900162062
0.0 87.0 567.0 2893.0 11603.208070828861
0.0 709.0 253.0 1424.0 5425.2245292509415
0.0 770.0 252.0 1111.0 4733.873649364045
0.0 1243.0 1.0 0.0 6.899616541335519
0.0 748.0 242.0 1263.0 4989.718474141887
0.0 531.0 358.0 1733.0 7237.090248801694
0.0 244.0 482.0 2524.0 10031.34107492121
0.0 661.0 287.0 1453.0 5885.042227760035
0.0 969.0 132.0 733.0 2795.274329771582
0.0 530.0 354.0 1751.0 7197.431475522175
0.0 634.0 294.0 1561.0 6079.442264989701
0.0 609.0 302.0 1618.0 6360.924703595939
0.0 1243.0 1.0 0.0 6.899616541335519
0.0 995.0 117.0 659.0 2567.066690526244
0.0 1103.0 73.0 336.0 1400.6677691839052
0.0 254.0 472.0 2541.0 9898.40448034439
0.0 701.0 273.0 1363.0 5490.3567275425385
0.0 812.0 207.0 1162.0 4379.852570938701
0.0 753.0 243.0 1251.0 4879.5181428594315
0.0 722.0 244.0 1413.0 5209.075295588885
0.0 742.0 232.0 1317.0 5016.239505240853
0.0 899.0 174.0 846.0 3468.069278055024
0.0 1046.0 93.0 527.0 1980.5138423919843
0.0 812.0 216.0 1079.0 4385.588896819208
0.0 505.0 368.0 1867.0 7486.77004865062
0.0 101.0 555.0 2868.0 11437.15287785548
0.0 1243.0 1.0 0.0 6.899616541335519
0.0 521.0 350.0 1888.0 7269.02184340627
0.0 833.0 197.0 1102.0 4125.770128291434
0.0 570.0 315.0 1811.0 6761.275403516567
0.0 673.0 280.0 1431.0 5773.106555433348
0.0 88.0 565.0 2887.0 11575.554217491608
0.0 816.0 211.0 1056.0 4344.729528340179
0.0 1243.0 1.0 0.0 6.899616541335519
0.0 88.0 564.0 2893.0 11573.245971136459
0.0 727.0 250.0 1375.0 5216.371956879396
0.0 557.0 332.0 1723.0 6871.596407710346
0.0 578.0 333.0 1663.0 6650.00733568581
0.0 619.0 326.0 1498.0 6282.088760264492
0.0 847.0 186.0 1066.0 4016.7997963544726
0.0 705.0 269.0 1330.0 5390.303507882029
0.0 744.0 241.0 1265.0 5066.077711507792
0.0 1144.0 55.0 212.0 1003.3584093810972
0.0 694.0 278.0 1322.0 5509.439377509278
0.0 505.0 358.0 1949.0 7459.801854486292
0.0 272.0 473.0 2464.0 9702.468720774947
0.0 640.0 285.0 1575.0 6061.805305105386
0.0 678.0 264.0 1478.0 5731.786167399273
0.0 671.0 275.0 1454.0 5673.465329509922
0.0 229.0 496.0 2501.0 10128.768467500628
0.0 1076.0 71.0 482.0 1690.6577930601734
0.0 578.0 333.0 1663.0 6650.00733568581
0.0 1243.0 1.0 0.0 6.899616541335519
0.0 748.0 242.0 1263.0 4989.718474141887
0.0 1003.0 114.0 603.0 2422.9682415110165
0.0 225.0 502.0 2544.0 10228.635527714287
0.0 673.0 280.0 1431.0 5773.106555433348
0.0 257.0 481.0 2495.0 9892.38799440514
0.0 491.0 378.0 1903.0 7530.444847923235
0.0 774.0 217.0 1252.0 4678.348668038173
0.0 238.0 484.0 2533.0 10035.597807695118
0.0 811.0 222.0 1043.0 4321.9297407904105
0.0 864.0 182.0 1028.0 3795.524877343036
0.0 646.0 291.0 1502.0 6024.328721088207
0.0 297.0 460.0 2414.0 9446.026420229968
0.0 1037.0 101.0 572.0 2163.389691468506
0.0 241.0 493.0 2509.0 10019.05843949805
0.0 98.0 563.0 2842.0 11499.489163969156
0.0 672.0 278.0 1435.0 5780.445525486579
0.0 638.0 300.0 1517.0 6008.883439447261
0.0 539.0 356.0 1704.0 7170.087740707632
0.0 1101.0 73.0 367.0 1432.1219444992637
0.0 694.0 278.0 1322.0 5509.439377509278
0.0 894.0 180.0 844.0 3572.783326247313
0.0 522.0 351.0 1764.0 7246.254650310491
0.0 671.0 275.0 1454.0 5673.465329509922
0.0 88.0 565.0 2887.0 11575.554217491608
0.0 96.0 565.0 2836.0 11524.75888050493
0.0 609.0 324.0 1543.0 6385.681245996353
0.0 1144.0 44.0 291.0 1020.9840791573698
0.0 598.0 324.0 1558.0 6487.335649855379
0.0 982.0 127.0 709.0 2648.7059075210045
0.0 1063.0 91.0 468.0 1797.2896267453198
0.0 521.0 350.0 1888.0 7269.02184340627
0.0 519.0 363.0 1817.0 7289.528644258767
0.0 465.0 389.0 1961.0 7743.972116152831
0.0 458.0 402.0 1954.0 7935.961501869961
0.0 249.0 478.0 2563.0 9942.670899441151
0.0 111.0 552.0 2849.0 11344.204743231981
0.0 510.0 360.0 1849.0 7406.294415172435
0.0 104.0 557.0 2850.0 11398.185277475122
0.0 227.0 485.0 2593.0 10132.411644156728
0.0 894.0 180.0 844.0 3572.783326247313
0.0 995.0 117.0 659.0 2567.066690526244
0.0 556.0 340.0 1713.0 6974.475638443117
0.0 528.0 344.0 1852.0 7230.991030719728
0.0 682.0 255.0 1611.0 5669.470170669812
0.0 834.0 201.0 1013.0 4090.2463309658983
0.0 733.0 247.0 1277.0 5188.603194120477
0.0 87.0 564.0 2928.0 11589.56052856971
0.0 1101.0 73.0 367.0 1432.1219444992637
0.0 259.0 476.0 2516.0 9893.094670523846
0.0 812.0 217.0 1054.0 4456.889728328628
0.0 1037.0 101.0 572.0 2163.389691468506
0.0 238.0 482.0 2579.0 10065.413673528037
0.0 534.0 352.0 1769.0 7161.42610838203
0.0 748.0 242.0 1263.0 4989.718474141887
0.0 688.0 264.0 1474.0 5536.444790197019
0.0 539.0 334.0 1898.0 7109.272004339865
0.0 489.0 368.0 1992.0 7611.299142694013
0.0 774.0 217.0 1252.0 4678.348668038173
0.0 604.0 316.0 1587.0 6354.100879273991
0.0 243.0 493.0 2480.0 10064.095012348604
0.0 594.0 321.0 1611.0 6459.732082290334
0.0 711.0 254.0 1411.0 5311.26100404087
0.0 748.0 242.0 1263.0 4989.718474141887
0.0 744.0 241.0 1265.0 5066.077711507792
0.0 549.0 339.0 1781.0 6957.1005843339435
0.0 754.0 228.0 1315.0 4899.779205324455
0.0 748.0 242.0 1263.0 4989.718474141887
0.0 372.0 425.0 2256.0 8763.700486660411
0.0 708.0 244.0 1450.0 5478.330463526659
0.0 877.0 181.0 863.0 3613.6648928788813
0.0 235.0 496.0 2505.0 10121.926178646156
0.0 739.0 241.0 1300.0 5175.706428815577
0.0 137.0 539.0 2812.0 11074.631905628159
0.0 106.0 550.0 2884.0 11385.021046122378
0.0 894.0 180.0 844.0 3572.783326247313
0.0 695.0 260.0 1453.0 5470.232500909358
0.0 611.0 313.0 1540.0 6296.083799749335
0.0 679.0 261.0 1563.0 5716.253951898377
0.0 1046.0 93.0 527.0 1980.5138423919843
0.0 722.0 261.0 1385.0 5256.53953318142
0.0 88.0 565.0 2887.0 11575.554217491608
0.0 754.0 228.0 1315.0 4899.779205324455
0.0 752.0 238.0 1233.0 4939.299880711858
0.0 705.0 269.0 1330.0 5390.303507882029
0.0 578.0 333.0 1663.0 6650.00733568581
0.0 557.0 332.0 1723.0 6871.596407710346
0.0 694.0 278.0 1322.0 5509.439377509278
0.0 662.0 275.0 1472.0 5903.625372355956
0.0 250.0 475.0 2546.0 9927.94041735753
0.0 227.0 500.0 2525.0 10187.318858540384
0.0 709.0 274.0 1296.0 5421.178913806916
0.0 244.0 482.0 2524.0 10031.34107492121
0.0 998.0 125.0 618.0 2488.0126812093986
0.0 763.0 229.0 1279.0 4816.661530342797
0.0 602.0 307.0 1639.0 6424.281331716817
0.0 106.0 550.0 2884.0 11385.021046122378
0.0 241.0 493.0 2509.0 10019.05843949805
0.0 1063.0 91.0 468.0 1797.2896267453198
0.0 570.0 315.0 1811.0 6761.275403516567
0.0 117.0 552.0 2811.0 11287.15195940022
0.0 812.0 216.0 1079.0 4385.588896819208
0.0 609.0 324.0 1543.0 6385.681245996353
0.0 577.0 321.0 1725.0 6698.24346600503
0.0 682.0 255.0 1611.0 5669.470170669812
0.0 662.0 283.0 1477.0 5827.042818366628
0.0 770.0 252.0 1111.0 4733.873649364045
0.0 1244.0 0.0 0.0 0.0
0.0 242.0 481.0 2554.0 10072.942033165484
0.0 1244.0 0.0 0.0 0.0
0.0 240.0 480.0 2588.0 10054.404775940062
0.0 1244.0 0.0 0.0 0.0
0.0 246.0 489.0 2490.0 10024.967910175621
0.0 1244.0 0.0 0.0 0.0
0.0 243.0 478.0 2580.0 9993.523049053345
0.0 1204.0 18.0 131.0 410.2170367773033
0.0 717.0 265.0 1361.0 5342.469420318965
0.0 1244.0 0.0 0.0 0.0
0.0 107.0 559.0 2828.0 11412.570861230719
0.0 114.0 549.0 2844.0 11316.929642544173
0.0 105.0 558.0 2838.0 11410.447935484173
0.0 739.0 241.0 1300.0 5175.706428815577
0.0 229.0 496.0 2501.0 10128.768467500628
0.0 1244.0 0.0 0.0 0.0
0.0 748.0 242.0 1263.0 4989.718474141887
0.0 543.0 352.0 1737.0 7092.312976762502
0.0 671.0 275.0 1454.0 5673.465329509922
0.0 1103.0 73.0 336.0 1400.6677691839052
0.0 246.0 483.0 2525.0 9991.962073768544
0.0 1244.0 0.0 0.0 0.0
0.0 1103.0 59.0 436.0 1386.7005016888932
0.0 577.0 317.0 1751.0 6705.144087699477
0.0 102.0 555.0 2865.0 11441.412755283463
0.0 87.0 564.0 2928.0 11589.56052856971
0.0 224.0 492.0 2584.0 10219.344509783206
0.0 1244.0 0.0 0.0 0.0
0.0 688.0 288.0 1366.0 5576.631459249265
0.0 1244.0 0.0 0.0 0.0
0.0 1244.0 0.0 0.0 0.0
0.0 1217.0 14.0 69.0 227.8693632742783
0.0 505.0 368.0 1867.0 7486.77004865062
0.0 88.0 566.0 2882.0 11571.44899964834
0.0 643.0 289.0 1538.0 6054.874264126023
0.0 899.0 174.0 846.0 3468.069278055024
0.0 1244.0 0.0 0.0 0.0
0.0 644.0 294.0 1455.0 5996.15575948645
0.0 1244.0 0.0 0.0 0.0
0.0 778.0 230.0 1179.0 4684.766611461666
0.0 1244.0 0.0 0.0 0.0
0.0 1144.0 44.0 291.0 1020.9840791573698
0.0 1243.0 1.0 0.0 6.899616541335519
0.0 534.0 352.0 1769.0 7161.42610838203
0.0 249.0 487.0 2494.0 9965.294840556804
0.0 1243.0 1.0 0.0 6.899616541335519
0.0 491.0 378.0 1903.0 7530.444847923235
0.0 1244.0 0.0 0.0 0.0
0.0 1244.0 0.0 0.0 0.0
0.0 1101.0 73.0 367.0 1432.1219444992637
0.0 113.0 552.0 2828.0 11329.108052398638
0.0 249.0 485.0 2512.0 9995.907356234738
0.0 1243.0 1.0 0.0 6.899616541335519
0.0 1244.0 0.0 0.0 0.0
0.0 1244.0 0.0 0.0 0.0
0.0 247.0 482.0 2540.0 9981.749026468511
0.0 609.0 302.0 1618.0 6360.924703595939
0.0 1244.0 0.0 0.0 0.0
0.0 248.0 486.0 2523.0 9981.158165642653
0.0 249.0 478.0 2563.0 9942.670899441151
0.0 753.0 243.0 1251.0 4879.5181428594315
0.0 1102.0 72.0 338.0 1428.9837257573022
0.0 1068.0 82.0 487.0 1829.2829618508683
0.0 548.0 343.0 1754.0 7040.255383070898
0.0 1244.0 0.0 0.0 0.0
0.0 88.0 563.0 2902.0 11567.867232729503
0.0 1244.0 0.0 0.0 0.0
0.0 1244.0 0.0 0.0 0.0
0.0 1244.0 0.0 0.0 0.0
0.0 1244.0 0.0 0.0 0.0
0.0 1244.0 0.0 0.0 0.0
0.0 238.0 490.0 2499.0 10028.026306787038
0.0 1037.0 101.0 572.0 2163.389691468506
0.0 1244.0 0.0 0.0 0.0
0.0 1243.0 1.0 0.0 6.899616541335519
0.0 1243.0 1.0 0.0 6.899616541335519
0.0 1243.0 1.0 0.0 6.899616541335519
0.0 1244.0 0.0 0.0 0.0
0.0 707.0 253.0 1438.0 5399.726995132059
0.0 546.0 333.0 1847.0 7040.722686694637
0.0 1244.0 0.0 0.0 0.0
0.0 1244.0 0.0 0.0 0.0
0.0 238.0 484.0 2533.0 10035.597807695118
0.0 465.0 389.0 1961.0 7743.972116152831
0.0 774.0 217.0 1252.0 4678.348668038173
0.0 1244.0 0.0 0.0 0.0
0.0 722.0 244.0 1413.0 5209.075295588885
0.0 617.0 301.0 1617.0 6298.220157883149
0.0 257.0 481.0 2495.0 9892.38799440514
0.0 751.0 231.0 1269.0 5007.906247487845
0.0 1244.0 0.0 0.0 0.0
0.0 1244.0 0.0 0.0 0.0
0.0 1244.0 0.0 0.0 0.0
0.0 243.0 487.0 2504.0 10047.003785295808
0.0 1243.0 1.0 0.0 6.899616541335519
0.0 1243.0 1.0 0.0 6.899616541335519
0.0 1243.0 1.0 0.0 6.899616541335519
0.0 658.0 292.0 1434.0 5936.0586247132715
0.0 646.0 291.0 1502.0 6024.328721088207
0.0 512.0 361.0 1884.0 7394.344579667078
0.0 1244.0 0.0 0.0 0.0
0.0 1243.0 1.0 0.0 6.899616541335519
0.0 737.0 255.0 1233.0 5071.6542011128595
0.0 248.0 480.0 2533.0 9985.399968274605
0.0 1243.0 1.0 0.0 6.899616541335519
0.0 744.0 241.0 1265.0 5066.077711507792
0.0 1079.0 79.0 393.0 1681.9979277521054
0.0 1243.0 1.0 0.0 6.899616541335519
0.0 995.0 117.0 659.0 2567.066690526244
0.0 239.0 482.0 2562.0 10088.852193333465
0.0 521.0 350.0 1888.0 7269.02184340627
0.0 240.0 481.0 2595.0 10049.122420347012
0.0 1243.0 1.0 0.0 6.899616541335519
0.0 733.0 247.0 1277.0 5188.603194120477
0.0 1076.0 71.0 482.0 1690.6577930601734
0.0 1243.0 1.0 0.0 6.899616541335519
0.0 792.0 213.0 1230.0 4543.548905996218
0.0 249.0 486.0 2480.0 9981.893440477443
0.0 1054.0 89.0 513.0 1903.1508194695352
0.0 1243.0 1.0 0.0 6.899616541335519
0.0 569.0 314.0 1869.0 6804.531477416218
0.0 604.0 316.0 1587.0 6354.100879273991
0.0 247.0 487.0 2512.0 10027.720282463617
