0.0 231.0 497.0 2526.0 10133.44611475776
0.0 750.0 244.0 1248.0 5005.509308513648
0.0 1244.0 0.0 0.0 0.0
0.0 1080.0 77.0 442.0 1692.2401089170755
0.0 1244.0 0.0 0.0 0.0
0.0 97.0 565.0 2840.0 11525.841253967164
0.0 249.0 473.0 2519.0 9879.730776137552
0.0 1244.0 0.0 0.0 0.0
0.0 1012.0 106.0 651.0 2374.341544110238
0.0 1244.0 0.0 0.0 0.0
0.0 245.0 485.0 2526.0 9966.042237467913
0.0 1042.0 95.0 499.0 2028.573581419659
0.0 1244.0 0.0 0.0 0.0
0.0 88.0 562.0 2902.0 11583.888868232847
0.0 254.0 486.0 2492.0 9874.277840207416
0.0 1244.0 0.0 0.0 0.0
0.0 432.0 393.0 2048.0 8164.834639455197
0.0 500.0 375.0 1833.0 7474.760797781485
0.0 1244.0 0.0 0.0 0.0
0.0 820.0 200.0 1076.0 4280.877911663524
0.0 477.0 362.0 2065.0 7691.859096505495
0.0 1103.0 57.0 420.0 1414.145250639343
0.0 779.0 226.0 1184.0 4583.23706298412
0.0 691.0 271.0 1434.0 5542.635021580551
0.0 460.0 388.0 1956.0 7862.238056488346
0.0 526.0 358.0 1797.0 7204.659175103001
0.0 735.0 256.0 1235.0 5185.608520921511
0.0 1244.0 0.0 0.0 0.0
0.0 1244.0 0.0 0.0 0.0
0.0 112.0 555.0 2836.0 11345.670087992394
0.0 779.0 226.0 1184.0 4583.23706298412
0.0 1244.0 0.0 0.0 0.0
0.0 822.0 205.0 1081.0 4202.3989947521195
0.0 1035.0 104.0 525.0 2136.845112865203
0.0 745.0 250.0 1233.0 5045.710167832158
0.0 748.0 222.0 1364.0 4911.335061643166
0.0 1244.0 0.0 0.0 0.0
0.0 1042.0 100.0 546.0 2007.677731817558
0.0 538.0 349.0 1762.0 7070.510949414786
0.0 281.0 469.0 2450.0 9645.858933984917
0.0 504.0 358.0 1878.0 7455.2134380540365
0.0 610.0 315.0 1546.0 6331.739313888903
0.0 1037.0 102.0 527.0 2113.65256155998
0.0 105.0 554.0 2868.0 11400.942327939387
0.0 779.0 226.0 1184.0 4583.23706298412
0.0 610.0 315.0 1546.0 6331.739313888903
0.0 565.0 330.0 1731.0 6785.685213657331
0.0 654.0 281.0 1536.0 5956.6169997687275
0.0 489.0 364.0 1903.0 7670.23682859926
0.0 480.0 375.0 1914.0 7710.388913574571
0.0 759.0 227.0 1233.0 4843.521580728734
0.0 626.0 297.0 1603.0 6218.1086723941535
0.0 1244.0 0.0 0.0 0.0
0.0 1244.0 0.0 0.0 0.0
0.0 1069.0 79.0 508.0 1768.3338633083315
0.0 1244.0 0.0 0.0 0.0
0.0 584.0 316.0 1706.0 6673.301448505308
0.0 1080.0 84.0 391.0 1683.7068998550624
0.0 686.0 265.0 1455.0 5701.474350194758
0.0 702.0 261.0 1385.0 5545.172883908485
0.0 1244.0 0.0 0.0 0.0
0.0 516.0 369.0 1792.0 7318.7722207080205
0.0 361.0 423.0 2291.0 8817.633484976619
0.0 707.0 251.0 1424.0 5405.969051538034
0.0 559.0 323.0 1760.0 6840.627807712662
0.0 645.0 299.0 1508.0 5985.927625327865
0.0 1244.0 0.0 0.0 0.0
0.0 1042.0 100.0 546.0 2007.677731817558
0.0 819.0 189.0 1142.0 4259.917339971627
0.0 718.0 269.0 1287.0 5356.0454006507925
0.0 1244.0 0.0 0.0 0.0
0.0 669.0 278.0 1482.0 5713.307039611895
0.0 1069.0 79.0 508.0 1768.3338633083315
0.0 371.0 424.0 2246.0 8782.57135101731
0.0 243.0 481.0 2582.0 9992.865763727705
0.0 1244.0 0.0 0.0 0.0
0.0 775.0 233.0 1213.0 4721.768955587216
0.0 1081.0 74.0 449.0 1664.8130007606246
0.0 1244.0 0.0 0.0 0.0
0.0 1244.0 0.0 0.0 0.0
0.0 246.0 479.0 2580.0 9948.28247651775
0.0 489.0 364.0 1903.0 7670.23682859926
0.0 620.0 295.0 1634.0 6223.739182349902
0.0 645.0 299.0 1508.0 5985.927625327865
0.0 738.0 245.0 1309.0 5068.240361687936
0.0 750.0 242.0 1268.0 4991.5863634792695
0.0 820.0 200.0 1076.0 4280.877911663524
0.0 1244.0 0.0 0.0 0.0
0.0 1244.0 0.0 0.0 0.0
0.0 718.0 259.0 1390.0 5303.583955005708
0.0 750.0 242.0 1268.0 4991.5863634792695
0.0 645.0 299.0 1508.0 5985.927625327865
0.0 1244.0 0.0 0.0 0.0
0.0 890.0 180.0 880.0 3534.1672421281733
0.0 245.0 485.0 2526.0 9966.042237467913
0.0 476.0 354.0 2031.0 7724.078994225933
0.0 607.0 327.0 1540.0 6439.854334293356
0.0 776.0 214.0 1276.0 4726.147392000311
0.0 97.0 561.0 2857.0 11490.011036092923
0.0 90.0 564.0 2883.0 11560.25146270237
0.0 1081.0 74.0 449.0 1664.8130007606246
0.0 301.0 451.0 2443.0 9477.128317106288
0.0 541.0 333.0 1843.0 7132.846782208285
0.0 779.0 226.0 1184.0 4583.23706298412
0.0 102.0 554.0 2877.0 11437.90001262098
0.0 1005.0 117.0 622.0 2406.4336464053454
0.0 947.0 140.0 781.0 2928.458859761527
0.0 746.0 237.0 1352.0 4920.783618928801
0.0 214.0 499.0 2598.0 10288.77713384413
0.0 626.0 297.0 1603.0 6218.1086723941535
0.0 680.0 279.0 1436.0 5673.471972066388
0.0 88.0 569.0 2881.0 11584.919752105721
0.0 238.0 484.0 2567.0 10068.852010876419
0.0 1069.0 79.0 508.0 1768.3338633083315
0.0 245.0 485.0 2526.0 9966.042237467913
0.0 712.0 263.0 1396.0 5387.17971556318
0.0 599.0 312.0 1654.0 6461.842773389995
0.0 224.0 501.0 2533.0 10227.695283043244
0.0 747.0 235.0 1298.0 4932.9775328488595
0.0 969.0 129.0 716.0 2835.838093990522
0.0 566.0 331.0 1700.0 6879.316001957499
0.0 234.0 487.0 2554.0 10058.928973706135
0.0 704.0 252.0 1503.0 5533.590297979365
0.0 765.0 215.0 1302.0 4845.5032545073445
0.0 947.0 140.0 781.0 2928.458859761527
0.0 543.0 334.0 1818.0 6994.820343869952
0.0 526.0 344.0 1816.0 7216.26289925057
0.0 298.0 450.0 2465.0 9555.647148260125
0.0 604.0 304.0 1666.0 6445.852894877108
0.0 1212.0 18.0 70.0 282.16901986844357
0.0 109.0 554.0 2853.0 11352.577254742087
0.0 231.0 497.0 2526.0 10133.44611475776
0.0 819.0 189.0 1142.0 4259.917339971627
0.0 489.0 364.0 1903.0 7670.23682859926
0.0 604.0 304.0 1666.0 6445.852894877108
0.0 1005.0 117.0 622.0 2406.4336464053454
0.0 735.0 256.0 1235.0 5185.608520921511
0.0 786.0 223.0 1180.0 4569.880042639327
0.0 691.0 271.0 1434.0 5542.635021580551
0.0 1177.0 33.0 164.0 611.2420569049589
0.0 886.0 161.0 973.0 3621.653276708233
0.0 726.0 266.0 1236.0 5281.377869202078
0.0 1151.0 40.0 286.0 905.064508633221
0.0 691.0 271.0 1434.0 5542.635021580551
0.0 576.0 332.0 1651.0 6709.234699109026
0.0 88.0 568.0 2890.0 11585.672218991143
0.0 108.0 556.0 2830.0 11371.713237977116
0.0 788.0 216.0 1204.0 4591.205407034133
0.0 745.0 235.0 1315.0 5019.373042668905
0.0 87.0 566.0 2905.0 11595.545218983501
0.0 569.0 342.0 1589.0 6783.344698099923
0.0 648.0 298.0 1471.0 5973.357978344043
0.0 89.0 563.0 2910.0 11567.818613033764
0.0 714.0 253.0 1423.0 5373.963270504416
0.0 516.0 369.0 1792.0 7318.7722207080205
0.0 98.0 563.0 2844.0 11488.48665129585
0.0 603.0 321.0 1586.0 6452.865937748119
0.0 798.0 208.0 1144.0 4541.42645386293
0.0 233.0 487.0 2562.0 10115.585713827204
0.0 1042.0 100.0 546.0 2007.677731817558
0.0 231.0 497.0 2526.0 10133.44611475776
0.0 626.0 297.0 1603.0 6218.1086723941535
0.0 779.0 226.0 1184.0 4583.23706298412
0.0 473.0 380.0 1988.0 7735.95843603584
0.0 751.0 259.0 1177.0 5028.034268980411
0.0 1243.0 1.0 0.0 6.899616541335519
0.0 886.0 161.0 973.0 3621.653276708233
0.0 88.0 564.0 2902.0 11580.311290162179
0.0 656.0 285.0 1446.0 5807.030444225387
0.0 617.0 305.0 1584.0 6326.674654198906
0.0 214.0 499.0 2598.0 10288.77713384413
0.0 1097.0 74.0 356.0 1477.567802786658
0.0 259.0 473.0 2480.0 9838.015774113772
0.0 476.0 354.0 2031.0 7724.078994225933
0.0 1116.0 65.0 316.0 1235.2164395160132
0.0 648.0 298.0 1471.0 5973.357978344043
0.0 822.0 205.0 1081.0 4202.3989947521195
0.0 590.0 313.0 1651.0 6546.955476772887
0.0 246.0 476.0 2580.0 9986.315637749969
0.0 241.0 484.0 2531.0 10031.570697205527
0.0 424.0 397.0 2126.0 8254.21994900785
0.0 680.0 269.0 1499.0 5654.167099690657
0.0 224.0 501.0 2533.0 10227.695283043244
0.0 242.0 480.0 2581.0 10038.228790215802
0.0 864.0 182.0 1013.0 3804.8092620802886
0.0 680.0 279.0 1436.0 5673.471972066388
0.0 509.0 370.0 1857.0 7458.785270080352
0.0 552.0 357.0 1629.0 6947.990943149943
0.0 691.0 271.0 1434.0 5542.635021580551
0.0 569.0 342.0 1589.0 6783.344698099923
0.0 241.0 489.0 2503.0 10008.056786386946
0.0 94.0 559.0 2884.0 11525.264210475263
0.0 248.0 480.0 2509.0 9958.054418610363
0.0 100.0 558.0 2861.0 11464.505477255712
0.0 660.0 267.0 1631.0 5927.691177309819
0.0 704.0 252.0 1503.0 5533.590297979365
0.0 565.0 330.0 1731.0 6785.685213657331
0.0 775.0 233.0 1213.0 4721.768955587216
0.0 1081.0 74.0 449.0 1664.8130007606246
0.0 121.0 546.0 2840.0 11235.944574162988
0.0 1177.0 33.0 164.0 611.2420569049589
0.0 759.0 227.0 1233.0 4843.521580728734
0.0 788.0 216.0 1204.0 4591.205407034133
0.0 715.0 256.0 1441.0 5341.543269974253
0.0 679.0 268.0 1490.0 5677.677663832461
0.0 1022.0 106.0 558.0 2218.639795341482
0.0 432.0 393.0 2048.0 8164.834639455197
0.0 1243.0 1.0 0.0 6.899616541335519
0.0 504.0 358.0 1878.0 7455.2134380540365
0.0 972.0 129.0 743.0 2773.1237059691575
0.0 1243.0 1.0 0.0 6.899616541335519
0.0 588.0 333.0 1611.0 6555.350236669799
0.0 1243.0 1.0 0.0 6.899616541335519
0.0 241.0 495.0 2496.0 10054.796950249158
0.0 748.0 222.0 1364.0 4911.335061643166
0.0 947.0 140.0 781.0 2928.458859761527
0.0 235.0 480.0 2610.0 10088.910050511025
0.0 1151.0 40.0 286.0 905.064508633221
0.0 1243.0 1.0 0.0 6.899616541335519
0.0 1243.0 1.0 0.0 6.899616541335519
0.0 108.0 554.0 2842.0 11408.836661559484
0.0 1243.0 1.0 0.0 6.899616541335519
0.0 735.0 256.0 1235.0 5185.608520921511
0.0 1005.0 117.0 622.0 2406.4336464053454
0.0 1243.0 1.0 0.0 6.899616541335519
0.0 610.0 315.0 1546.0 6331.739313888903
0.0 1243.0 1.0 0.0 6.899616541335519
0.0 1243.0 1.0 0.0 6.899616541335519
0.0 702.0 257.0 1393.0 5405.333626493842
0.0 492.0 380.0 1829.0 7614.340283872845
0.0 89.0 565.0 2893.0 11574.870272554128
0.0 669.0 278.0 1482.0 5713.307039611895
0.0 1212.0 18.0 70.0 282.16901986844357
0.0 89.0 562.0 2915.0 11582.335681362032
0.0 301.0 457.0 2401.0 9523.98224739068
0.0 526.0 357.0 1750.0 7211.165891201675
0.0 820.0 200.0 1076.0 4280.877911663524
0.0 714.0 253.0 1423.0 5373.963270504416
0.0 224.0 492.0 2572.0 10184.352360070243
0.0 1243.0 1.0 0.0 6.899616541335519
0.0 510.0 358.0 1871.0 7366.3187192137075
0.0 1243.0 1.0 0.0 6.899616541335519
0.0 1069.0 79.0 508.0 1768.3338633083315
0.0 1243.0 1.0 0.0 6.899616541335519
0.0 244.0 486.0 2528.0 9949.901235879712
0.0 819.0 189.0 1142.0 4259.917339971627
0.0 1243.0 1.0 0.0 6.899616541335519
0.0 559.0 323.0 1760.0 6840.627807712662
0.0 108.0 552.0 2870.0 11392.617437920586
0.0 566.0 331.0 1700.0 6879.316001957499
0.0 96.0 567.0 2841.0 11525.513328031726
0.0 1244.0 0.0 0.0 0.0
0.0 1244.0 0.0 0.0 0.0
0.0 1244.0 0.0 0.0 0.0
0.0 1244.0 0.0 0.0 0.0
0.0 718.0 269.0 1287.0 5356.0454006507925
0.0 686.0 277.0 1417.0 5634.2917012385415
0.0 604.0 304.0 1666.0 6445.852894877108
0.0 465.0 381.0 2061.0 7866.059978345274
0.0 524.0 349.0 1865.0 7200.466624314365
0.0 1243.0 1.0 0.0 6.899616541335519
0.0 1244.0 0.0 0.0 0.0
0.0 234.0 487.0 2554.0 10058.928973706135
0.0 1243.0 1.0 0.0 6.899616541335519
0.0 1244.0 0.0 0.0 0.0
0.0 1244.0 0.0 0.0 0.0
0.0 489.0 364.0 1903.0 7670.23682859926
0.0 1244.0 0.0 0.0 0.0
0.0 1243.0 1.0 0.0 6.899616541335519
0.0 1243.0 1.0 0.0 6.899616541335519
0.0 738.0 245.0 1309.0 5068.240361687936
0.0 1244.0 0.0 0.0 0.0
0.0 239.0 493.0 2496.0 10058.726626704194
0.0 750.0 244.0 1248.0 5005.509308513648
0.0 890.0 180.0 880.0 3534.1672421281733
0.0 1243.0 1.0 0.0 6.899616541335519
0.0 750.0 242.0 1268.0 4991.5863634792695
0.0 1243.0 1.0 0.0 6.899616541335519
0.0 415.0 397.0 2129.0 8338.727109033807
0.0 1243.0 1.0 0.0 6.899616541335519
0.0 801.0 205.0 1236.0 4510.472341438012
0.0 543.0 334.0 1818.0 6994.820343869952
0.0 245.0 485.0 2526.0 9966.042237467913
0.0 103.0 553.0 2864.0 11429.565351053734
0.0 791.0 214.0 1255.0 4617.359000022997
0.0 1080.0 84.0 391.0 1683.7068998550624
0.0 745.0 235.0 1315.0 5019.373042668905
