0.0 64.0 321.35 0.0 4.0 6.0 3.5 0.0
0.0 64.0 216.672 24.0 88.0 243.0 0.592 1.0
0.0 64.0 829.0799999999999 30.0 101.5 232.9 0.303 1.0
0.0 63.0 784.8000000000001 30.0 103.0 248.3 0.18 1.0
0.0 62.0 700.94 16.0 56.0 128.0 1.944 0.0
0.0 68.0 323.91 16.0 56.0 128.0 1.54 0.0
0.0 67.0 105.225 24.0 82.0 181.6 1.15 1.0
0.0 63.0 8.5095 31.0 107.0 248.3 0.093 1.0
0.0 63.0 204.879 24.0 81.0 189.0 2.226 0.0
0.0 64.0 132.6 30.0 101.0 246.25 0.18 0.0
0.0 66.0 46.800000000000004 30.0 103.0 248.3 0.13 1.0
0.0 64.0 871.0799999999999 0.0 20.0 189.5 2.38 1.0
0.0 61.0 1720.3500000000001 30.0 101.5 235.0 0.355 0.0
0.0 65.0 25.905 30.0 101.5 235.0 0.27 0.0
0.0 62.0 388.428 28.0 94.0 219.5 1.058 0.0
0.0 64.0 51.400000000000006 30.0 101.5 242.5 0.14 0.0
0.0 66.0 1119.6000000000001 16.0 73.0 189.5 1.11 0.0
0.0 62.0 708.9399999999999 16.0 53.0 220.0 1.964 0.0
0.0 61.0 472.78000000000003 28.0 95.0 219.5 0.646 0.0
0.0 64.0 1347.8799999999999 0.0 0.0 190.0 1.68 0.0
0.0 64.0 1523.1499999999999 31.0 105.0 246.25 0.085 0.0
0.0 66.0 366.0 0.0 20.0 189.5 2.0 1.0
0.0 65.0 154.92 16.0 56.0 128.0 1.68 0.0
0.0 66.0 320.535 0.0 4.0 6.0 3.49 0.0
0.0 62.0 233.04 28.0 95.0 235.0 0.644 0.0
0.0 68.0 89.0295 28.0 94.0 219.5 0.973 0.0
0.0 64.0 339.4 16.0 53.0 220.0 0.94 0.0
0.0 61.0 3227.7999999999997 0.0 20.0 6.0 4.42 0.0
0.0 63.0 815.8245000000001 0.0 4.0 6.0 8.903 0.0
0.0 62.0 389.8 24.0 82.0 189.0 1.08 0.0
0.0 68.0 334.341 16.0 53.0 220.0 1.654 0.0
0.0 62.0 251.85 30.0 101.5 232.9 0.345 1.0
0.0 62.0 175.78199999999998 28.0 94.0 242.5 0.477 0.0
0.0 63.0 642.0 16.0 56.0 128.0 1.78 0.0
0.0 64.0 541.0 16.0 56.0 128.0 1.5 0.0
0.0 68.0 183.0 0.0 20.0 189.5 2.0 1.0
0.0 62.0 109.434 30.0 104.0 242.5 0.299 1.0
0.0 68.0 174.399 16.0 53.0 220.0 1.906 0.0
0.0 68.0 37.515 28.0 95.0 219.5 0.41 0.0
0.0 64.0 70.00800000000001 30.0 101.0 246.25 0.188 0.0
0.0 63.0 1502.4 16.0 55.0 128.0 4.17 0.0
0.0 61.0 221.65999999999997 30.0 101.5 242.5 0.302 0.0
0.0 68.0 63.135 28.0 95.0 215.8 0.69 1.0
0.0 66.0 334.158 28.0 94.0 219.5 0.913 0.0
0.0 66.0 21.868499999999997 30.0 103.0 248.3 0.239 1.0
0.0 61.0 389.78999999999996 24.0 88.0 243.0 1.065 1.0
0.0 63.0 408.46649999999994 16.0 55.0 128.0 4.451 0.0
0.0 63.0 306.9015 24.0 82.0 189.0 1.341 0.0
0.0 63.0 812.6220000000001 0.0 0.0 190.0 2.217 0.0
0.0 61.0 842.5200000000001 24.0 81.0 189.0 2.337 0.0
0.0 61.0 136.518 30.0 104.0 242.5 0.373 1.0
0.0 64.0 783.142 31.0 105.0 246.25 0.137 0.0
0.0 63.0 3269.67 0.0 20.0 189.5 2.479 1.0
0.0 61.0 466.32 24.0 82.0 189.0 1.292 0.0
0.0 63.0 1100.64 24.0 82.0 189.0 1.054 0.0
0.0 68.0 9.6075 30.0 101.0 246.25 0.105 0.0
0.0 66.0 416.83 0.0 20.0 189.5 0.571 1.0
0.0 64.0 128.75 30.0 101.5 235.0 0.175 0.0
0.0 64.0 1440.0 0.0 20.0 189.5 2.0 1.0
0.0 62.0 1981.1 0.0 4.0 6.0 3.5 0.0
0.0 65.0 216.408 28.0 94.0 242.5 0.352 0.0
0.0 67.0 348.8895 0.0 0.0 190.0 3.813 0.0
0.0 63.0 1564.13 30.0 101.0 246.25 0.141 0.0
0.0 68.0 345.87 0.0 0.0 190.0 1.78 0.0
0.0 66.0 856.074 28.0 95.0 235.0 0.339 0.0
0.0 62.0 28.548 31.0 107.0 248.3 0.078 1.0
0.0 68.0 245.037 24.0 82.0 220.0 0.678 0.0
0.0 64.0 1742.05 28.0 95.0 219.5 0.385 0.0
0.0 68.0 43.736999999999995 24.0 80.0 235.0 0.478 0.0
0.0 68.0 27.3585 28.0 94.0 242.5 0.299 0.0
0.0 61.0 1299.6660000000002 24.0 82.0 181.6 1.551 1.0
0.0 66.0 510.99999999999994 24.0 82.0 189.0 0.7 0.0
0.0 62.0 195.28 30.0 101.5 242.5 0.266 0.0
0.0 62.0 496.79999999999995 24.0 82.0 181.6 1.38 1.0
0.0 61.0 1622.6399999999999 16.0 56.0 128.0 2.504 0.0
0.0 62.0 276.33200000000005 24.0 80.0 235.0 0.752 0.0
0.0 66.0 219.2275 28.0 95.0 219.5 0.385 0.0
0.0 68.0 33.9465 30.0 101.5 232.9 0.371 1.0
0.0 65.0 226.473 28.0 95.0 219.5 0.462 0.0
0.0 64.0 188.4 28.0 95.0 219.5 0.52 0.0
0.0 62.0 28.548 31.0 107.0 248.3 0.078 1.0
0.0 63.0 387.37 24.0 80.0 235.0 0.529 0.0
0.0 61.0 854.57 28.0 94.0 219.5 1.169 0.0
0.0 66.0 41.175000000000004 28.0 100.0 235.0 0.45 1.0
0.0 63.0 59.028000000000006 31.0 105.0 246.25 0.158 0.0
0.0 62.0 1338.564 16.0 53.0 220.0 1.654 0.0
0.0 68.0 14.091 30.0 101.5 242.5 0.154 0.0
0.0 66.0 876.0 24.0 82.0 181.6 1.2 1.0
0.0 61.0 1534.4599999999998 31.0 107.0 248.3 0.102 1.0
0.0 61.0 169.82999999999998 30.0 101.0 246.25 0.231 0.0
0.0 68.0 33.9465 30.0 101.5 232.9 0.371 1.0
0.0 63.0 380.8 28.0 95.0 219.5 0.52 0.0
0.0 62.0 109.434 30.0 104.0 242.5 0.299 1.0
0.0 66.0 257.76 24.0 82.0 220.0 0.716 0.0
0.0 64.0 144.672 28.0 95.0 235.0 0.392 0.0
0.0 63.0 1786.7800000000002 28.0 95.0 235.0 0.446 0.0
0.0 61.0 258.03 28.0 95.0 215.8 0.705 1.0
0.0 62.0 215.28 28.0 100.0 235.0 0.598 1.0
0.0 68.0 334.341 16.0 53.0 220.0 1.654 0.0
0.0 62.0 220.1 30.0 101.5 235.0 0.3 0.0
0.0 63.0 954.3599999999999 28.0 95.0 215.8 0.651 1.0
0.0 63.0 2184.63 24.0 82.0 220.0 0.991 0.0
0.0 62.0 53.64 31.0 106.0 246.25 0.149 1.0
0.0 62.0 252.54 28.0 95.0 215.8 0.69 1.0
0.0 64.0 374.78000000000003 28.0 94.0 219.5 1.038 0.0
