0.0 65.0 929.0100000000001 0.0 4.0 6.0 8.14 0.0
0.0 61.0 856.5420000000001 24.0 81.0 189.0 2.337 0.0
0.0 66.0 53.279999999999994 30.0 103.0 248.3 0.148 1.0
0.0 65.0 47.956500000000005 24.0 80.0 235.0 0.511 0.0
0.0 64.0 2120.39 0.0 20.0 6.0 0.903 0.0
0.0 61.0 227.5 30.0 101.5 235.0 0.31 0.0
0.0 66.0 196.278 30.0 101.0 246.25 0.132 0.0
0.0 62.0 1007.4 24.0 82.0 181.6 1.38 1.0
0.0 64.0 610.1325 16.0 55.0 128.0 4.655 0.0
0.0 63.0 573.5200000000001 24.0 82.0 220.0 0.784 0.0
0.0 64.0 15.84 31.0 107.0 248.3 0.044 1.0
0.0 68.0 183.0 0.0 20.0 189.5 2.0 1.0
0.0 68.0 43.736999999999995 24.0 80.0 235.0 0.478 0.0
0.0 68.0 22.4175 30.0 101.5 232.9 0.245 1.0
0.0 64.0 29.282 31.0 105.0 246.25 0.077 0.0
0.0 64.0 418.15500000000003 0.0 20.0 189.5 2.57 1.0
0.0 61.0 236.904 28.0 95.0 235.0 0.644 0.0
0.0 66.0 6.771 31.0 107.0 248.3 0.074 1.0
0.0 64.0 226.55599999999998 24.0 82.0 220.0 0.616 0.0
0.0 62.0 1420.2199999999998 16.0 56.0 128.0 1.944 0.0
0.0 66.0 353.009 16.0 56.0 128.0 1.846 0.0
0.0 64.0 88.67399999999999 28.0 94.0 242.5 0.239 0.0
0.0 63.0 374.88599999999997 16.0 53.0 220.0 1.021 0.0
0.0 68.0 267.546 16.0 53.0 220.0 0.924 0.0
0.0 62.0 248.39999999999998 28.0 95.0 215.8 0.69 1.0
0.0 64.0 910.56 24.0 80.0 235.0 0.526 0.0
0.0 64.0 107.29999999999998 30.0 101.5 235.0 0.295 0.0
0.0 67.0 316.59 0.0 4.0 6.0 3.46 0.0
0.0 61.0 1683.8400000000001 16.0 55.0 128.0 4.674 0.0
0.0 66.0 533.5364999999999 0.0 20.0 6.0 3.831 0.0
0.0 66.0 25.905 30.0 101.5 235.0 0.27 0.0
0.0 62.0 701.56 24.0 81.0 189.0 1.946 0.0
0.0 68.0 14.091 30.0 101.5 242.5 0.154 0.0
0.0 65.0 47.956500000000005 24.0 80.0 235.0 0.511 0.0
0.0 66.0 699.7919999999999 0.0 0.0 190.0 1.912 0.0
0.0 62.0 1425.106 16.0 55.0 128.0 3.891 0.0
0.0 64.0 200.75000000000003 30.0 101.5 232.9 0.275 1.0
0.0 64.0 831.8799999999999 28.0 95.0 235.0 0.308 0.0
0.0 62.0 384.14000000000004 24.0 82.0 220.0 1.064 0.0
0.0 62.0 1070.184 24.0 88.0 243.0 0.924 1.0
0.0 64.0 1029.98 24.0 82.0 189.0 0.858 0.0
0.0 68.0 16.47 30.0 101.0 246.25 0.18 0.0
0.0 62.0 96.76 30.0 101.5 242.5 0.266 0.0
0.0 68.0 218.2275 28.0 95.0 219.5 0.385 0.0
0.0 62.0 389.8 24.0 82.0 189.0 1.08 0.0
0.0 68.0 33.672 28.0 95.0 235.0 0.368 0.0
0.0 64.0 31.395 30.0 101.5 235.0 0.33 0.0
0.0 63.0 1763.6799999999998 30.0 101.5 232.9 0.416 1.0
0.0 62.0 54.75 31.0 107.0 248.3 0.075 1.0
0.0 66.0 402.6 24.0 82.0 181.6 1.1 1.0
0.0 62.0 2668.42 16.0 53.0 220.0 1.654 0.0
0.0 68.0 33.672 28.0 95.0 235.0 0.368 0.0
0.0 65.0 371.1345 0.0 0.0 190.0 2.043 0.0
0.0 64.0 1891.1 0.0 4.0 6.0 3.25 0.0
0.0 66.0 16.1955 31.0 106.0 246.25 0.177 1.0
0.0 68.0 267.546 16.0 53.0 220.0 0.924 0.0
0.0 61.0 856.5420000000001 24.0 81.0 189.0 2.337 0.0
0.0 61.0 1147.4099999999999 24.0 88.0 243.0 1.135 1.0
0.0 66.0 307.08 28.0 94.0 219.5 0.853 0.0
0.0 63.0 2548.9 0.0 4.0 6.0 3.49 0.0
0.0 61.0 1082.5900000000001 24.0 82.0 181.6 1.483 1.0
0.0 62.0 248.39999999999998 28.0 95.0 215.8 0.69 1.0
0.0 68.0 154.635 16.0 56.0 128.0 1.69 0.0
0.0 68.0 174.94799999999998 0.0 0.0 190.0 1.912 0.0
0.0 63.0 223.2 28.0 95.0 219.5 0.62 0.0
0.0 64.0 789.3639999999999 30.0 101.5 242.5 0.154 0.0
0.0 64.0 784.36 30.0 101.0 246.25 0.176 0.0
0.0 62.0 1981.0 0.0 4.0 6.0 3.5 0.0
0.0 65.0 229.1265 28.0 95.0 235.0 0.491 0.0
0.0 61.0 1626.18 24.0 81.0 189.0 2.226 0.0
0.0 64.0 321.897 24.0 82.0 181.6 1.518 1.0
0.0 62.0 56.52 31.0 106.0 246.25 0.157 1.0
0.0 62.0 1101.928 0.0 0.0 190.0 3.008 0.0
0.0 63.0 59.04 30.0 103.0 248.3 0.164 1.0
0.0 66.0 50.325 28.0 95.0 215.8 0.55 1.0
0.0 66.0 547.5 0.0 20.0 6.0 0.75 0.0
0.0 64.0 451.1865 16.0 73.0 133.0 4.931 1.0
0.0 63.0 383.15999999999997 28.0 94.0 219.5 1.061 0.0
0.0 64.0 107.29999999999998 30.0 101.5 235.0 0.295 0.0
0.0 66.0 102.48 28.0 95.0 235.0 0.28 0.0
0.0 68.0 336.71999999999997 0.0 0.0 190.0 1.68 0.0
0.0 64.0 1282.0 0.0 20.0 6.0 3.5 0.0
0.0 65.0 34.597500000000004 28.0 94.0 242.5 0.365 0.0
0.0 64.0 418.15500000000003 0.0 20.0 189.5 2.57 1.0
0.0 64.0 27.3585 30.0 104.0 242.5 0.299 1.0
0.0 68.0 204.13649999999998 28.0 94.0 242.5 0.231 0.0
0.0 64.0 220.07999999999998 24.0 80.0 235.0 0.608 0.0
0.0 64.0 223.26 28.0 95.0 215.8 0.61 1.0
0.0 68.0 44.835 28.0 95.0 215.8 0.49 1.0
0.0 63.0 801.48 30.0 101.5 242.5 0.223 0.0
0.0 62.0 597.78 16.0 73.0 189.5 1.63 0.0
0.0 66.0 1774.8 0.0 4.0 6.0 2.93 0.0
0.0 63.0 709.3000000000001 24.0 82.0 189.0 0.97 0.0
0.0 61.0 3103.7 0.0 4.0 6.0 4.25 0.0
0.0 62.0 68.68 30.0 101.0 246.25 0.188 0.0
0.0 66.0 44.937 24.0 80.0 235.0 0.478 0.0
0.0 66.0 21.868499999999997 30.0 103.0 248.3 0.239 1.0
0.0 62.0 1486.4279999999999 0.0 20.0 6.0 2.058 0.0
0.0 68.0 86.00999999999999 24.0 82.0 189.0 0.94 0.0
0.0 63.0 772.7280000000001 31.0 105.0 246.25 0.108 0.0
0.0 62.0 195.71200000000002 28.0 95.0 235.0 0.532 0.0
0.0 61.0 440.04 24.0 82.0 189.0 1.219 0.0
0.0 66.0 296.545 16.0 73.0 189.5 3.23 0.0
0.0 65.0 103.32 30.0 101.5 232.9 0.287 1.0
0.0 64.0 71.76 30.0 101.5 242.5 0.196 0.0
0.0 65.0 311.19149999999996 24.0 82.0 181.6 1.401 1.0
0.0 62.0 136.46 28.0 94.0 242.5 0.376 0.0
