0.0 68.0 277.428 28.0 94.0 219.5 1.032 0.0
0.0 63.0 1673.6299999999999 30.0 101.5 235.0 0.291 0.0
0.0 67.0 209.6265 30.0 101.5 235.0 0.291 0.0
0.0 62.0 503.7 28.0 95.0 215.8 0.69 1.0
0.0 63.0 1775.8300000000002 28.0 95.0 235.0 0.431 0.0
0.0 65.0 3912.7999999999997 0.0 4.0 6.0 3.36 0.0
0.0 64.0 455.15999999999997 0.0 20.0 6.0 1.261 0.0
0.0 63.0 43.92 31.0 106.0 246.25 0.122 1.0
0.0 63.0 221.89799999999997 28.0 95.0 235.0 0.603 0.0
0.0 62.0 804.9300000000001 16.0 73.0 189.5 1.101 0.0
0.0 68.0 458.232 0.0 0.0 190.0 3.008 0.0
0.0 62.0 797.9820000000001 31.0 105.0 246.25 0.177 0.0
0.0 63.0 2548.9 0.0 4.0 6.0 3.49 0.0
0.0 62.0 1888.1499999999999 28.0 95.0 235.0 0.585 0.0
0.0 63.0 380.8 28.0 95.0 219.5 0.52 0.0
0.0 66.0 750.6 31.0 105.0 246.25 0.085 0.0
0.0 62.0 275.48 28.0 94.0 242.5 0.376 0.0
0.0 66.0 2350.6000000000004 0.0 4.0 6.0 3.22 0.0
0.0 61.0 3103.7 0.0 4.0 6.0 4.25 0.0
0.0 64.0 47.800000000000004 31.0 105.0 246.25 0.13 0.0
0.0 64.0 219.6 28.0 95.0 215.8 0.61 1.0
0.0 62.0 65.514 31.0 106.0 246.25 0.179 1.0
0.0 68.0 99.36900000000001 16.0 53.0 220.0 1.086 0.0
0.0 63.0 746.0100000000001 24.0 81.0 189.0 2.035 0.0
0.0 66.0 42.822 31.0 106.0 246.25 0.117 1.0
0.0 64.0 216.45 30.0 101.5 235.0 0.295 0.0
0.0 66.0 3577.0000000000005 0.0 4.0 6.0 2.9 0.0
0.0 63.0 232.41 28.0 95.0 215.8 0.635 1.0
0.0 68.0 96.807 28.0 94.0 219.5 1.058 0.0
0.0 64.0 351.5365 0.0 20.0 6.0 3.831 0.0
0.0 68.0 312.93 24.0 82.0 181.6 1.42 1.0
0.0 64.0 921.222 28.0 100.0 235.0 0.517 1.0
0.0 62.0 275.48 28.0 94.0 242.5 0.376 0.0
0.0 62.0 95.76 30.0 103.0 248.3 0.266 1.0
0.0 62.0 1099.1200000000001 16.0 53.0 220.0 1.504 0.0
0.0 66.0 134.688 28.0 95.0 235.0 0.368 0.0
0.0 66.0 855.3420000000001 0.0 4.0 6.0 9.348 0.0
0.0 61.0 815.916 24.0 81.0 189.0 2.226 0.0
0.0 62.0 390.52400000000006 24.0 82.0 220.0 1.064 0.0
0.0 67.0 915.366 0.0 4.0 6.0 8.004 0.0
0.0 61.0 1050.84 0.0 20.0 189.5 2.919 1.0
0.0 66.0 789.48 30.0 104.0 242.5 0.193 1.0
0.0 63.0 947.88 28.0 95.0 215.8 0.633 1.0
0.0 62.0 804.9300000000001 16.0 73.0 189.5 1.101 0.0
0.0 68.0 37.332 28.0 95.0 235.0 0.408 0.0
0.0 64.0 353.19000000000005 24.0 82.0 181.6 1.86 1.0
0.0 63.0 75.498 30.0 101.5 242.5 0.203 0.0
0.0 68.0 199.37849999999997 30.0 101.0 246.25 0.179 0.0
0.0 61.0 349.998 24.0 80.0 235.0 0.953 0.0
0.0 61.0 882.1200000000001 16.0 56.0 128.0 2.447 0.0
0.0 63.0 20.880000000000003 31.0 107.0 248.3 0.058 1.0
0.0 64.0 87.13999999999999 28.0 94.0 242.5 0.239 0.0
0.0 62.0 1420.12 16.0 56.0 128.0 1.944 0.0
0.0 62.0 1234.43 24.0 82.0 181.6 1.691 1.0
0.0 61.0 944.3600000000001 24.0 82.0 189.0 1.292 0.0
0.0 68.0 279.44100000000003 16.0 53.0 220.0 1.054 0.0
0.0 62.0 389.8 24.0 82.0 189.0 1.08 0.0
0.0 64.0 235.15499999999997 0.0 20.0 189.5 2.57 1.0
0.0 64.0 259.6705 24.0 80.0 235.0 0.827 0.0
0.0 66.0 37.515 28.0 100.0 235.0 0.41 1.0
0.0 68.0 60.39 24.0 82.0 220.0 0.66 0.0
0.0 68.0 44.835 28.0 95.0 219.5 0.49 0.0
0.0 64.0 1685.84 28.0 95.0 235.0 0.308 0.0
0.0 63.0 60.126000000000005 31.0 105.0 246.25 0.161 0.0
0.0 64.0 1065.98 24.0 82.0 189.0 0.958 0.0
0.0 66.0 39.43 24.0 80.0 235.0 0.42 0.0
0.0 64.0 2118.0 24.0 82.0 189.0 0.9 0.0
0.0 61.0 977.16 28.0 95.0 219.5 0.711 0.0
0.0 65.0 216.672 28.0 95.0 215.8 0.592 1.0
0.0 68.0 33.9465 30.0 101.5 232.9 0.371 1.0
0.0 63.0 746.53 16.0 53.0 220.0 1.021 0.0
0.0 68.0 265.34999999999997 0.0 4.0 6.0 2.9 0.0
0.0 62.0 925.1999999999999 0.0 20.0 189.5 2.57 1.0
0.0 61.0 925.35 28.0 94.0 242.5 0.525 0.0
0.0 64.0 270.0 0.0 20.0 189.5 0.75 1.0
0.0 62.0 1579.72 31.0 106.0 246.25 0.164 1.0
0.0 66.0 380.16 16.0 53.0 220.0 1.056 0.0
0.0 62.0 102.00000000000001 30.0 101.5 242.5 0.28 0.0
0.0 61.0 188.34 30.0 103.0 248.3 0.258 1.0
0.0 68.0 23.241 30.0 101.5 242.5 0.254 0.0
0.0 65.0 42.55800000000001 28.0 95.0 235.0 0.452 0.0
0.0 63.0 70.32000000000001 30.0 101.0 246.25 0.192 0.0
0.0 68.0 142.74 16.0 56.0 128.0 1.56 0.0
0.0 63.0 227.52 24.0 88.0 243.0 0.632 1.0
0.0 61.0 258.03 28.0 95.0 215.8 0.705 1.0
0.0 62.0 275.48 28.0 94.0 242.5 0.376 0.0
0.0 62.0 942.96 28.0 95.0 235.0 0.616 0.0
0.0 64.0 781.412 30.0 101.0 246.25 0.132 0.0
0.0 65.0 25.4475 28.0 94.0 242.5 0.265 0.0
0.0 62.0 925.1999999999999 0.0 20.0 189.5 2.57 1.0
0.0 61.0 133.56 30.0 101.5 232.9 0.371 1.0
0.0 65.0 103.32 30.0 101.5 232.9 0.287 1.0
0.0 68.0 21.776999999999997 30.0 101.0 246.25 0.238 0.0
0.0 68.0 8.967 31.0 105.0 246.25 0.098 0.0
0.0 63.0 839.4999999999999 24.0 82.0 181.6 1.15 1.0
0.0 61.0 236.99 30.0 101.5 235.0 0.323 0.0
0.0 68.0 8.5095 31.0 107.0 248.3 0.093 1.0
0.0 62.0 109.0 30.0 101.5 235.0 0.3 0.0
0.0 61.0 31.68 31.0 107.0 248.3 0.088 1.0
0.0 64.0 258.86 24.0 82.0 220.0 0.716 0.0
0.0 64.0 63.135 28.0 95.0 215.8 0.69 1.0
0.0 66.0 98.82000000000001 24.0 82.0 189.0 1.08 0.0
0.0 63.0 668.4200000000001 24.0 82.0 220.0 0.914 0.0
0.0 64.0 237.5275 28.0 95.0 235.0 0.585 0.0
0.0 62.0 1083.98 0.0 0.0 190.0 3.008 0.0
0.0 61.0 68.442 31.0 106.0 246.25 0.187 1.0
0.0 64.0 1899.9 0.0 0.0 190.0 2.6 0.0
0.0 62.0 1261.0 0.0 4.0 6.0 3.5 0.0
0.0 61.0 1307.16 24.0 82.0 181.6 1.631 1.0
