0.0 62.0 251.85 30.0 101.5 232.9 0.345 1.0
0.0 62.0 2196.84 0.0 0.0 190.0 3.008 0.0
0.0 65.0 23.607 30.0 103.0 248.3 0.258 1.0
0.0 62.0 501.24 16.0 73.0 189.5 1.389 0.0
0.0 63.0 1322.5 16.0 56.0 128.0 1.81 0.0
0.0 63.0 1859.7800000000002 28.0 95.0 235.0 0.546 0.0
0.0 68.0 12.5355 31.0 105.0 246.25 0.137 0.0
0.0 66.0 232.20000000000002 28.0 95.0 215.8 0.645 1.0
0.0 68.0 448.35 0.0 4.0 6.0 2.9 0.0
0.0 62.0 1190.64 16.0 73.0 189.5 1.304 0.0
0.0 64.0 585.0 24.0 82.0 189.0 0.8 0.0
0.0 62.0 1490.68 16.0 56.0 128.0 2.138 0.0
0.0 68.0 65.514 24.0 82.0 220.0 0.716 0.0
0.0 63.0 746.0100000000001 24.0 81.0 189.0 2.035 0.0
0.0 64.0 896.153 0.0 4.0 6.0 7.782 0.0
0.0 62.0 68.68 30.0 101.0 246.25 0.188 0.0
0.0 61.0 31.68 31.0 107.0 248.3 0.088 1.0
0.0 62.0 777.72 24.0 82.0 220.0 1.064 0.0
0.0 62.0 505.08 24.0 82.0 181.6 1.38 1.0
0.0 63.0 2548.9 0.0 4.0 6.0 3.49 0.0
0.0 68.0 204.13649999999998 28.0 94.0 242.5 0.231 0.0
0.0 64.0 700.84 16.0 56.0 128.0 1.944 0.0
0.0 68.0 109.8 24.0 82.0 181.6 1.2 1.0
0.0 66.0 1536.65 31.0 105.0 246.25 0.105 0.0
0.0 64.0 321.897 24.0 82.0 181.6 1.518 1.0
0.0 62.0 1981.1 0.0 4.0 6.0 3.5 0.0
0.0 61.0 1618.92 0.0 20.0 6.0 4.42 0.0
0.0 67.0 397.93350000000004 0.0 20.0 189.5 2.349 1.0
0.0 66.0 467.65 16.0 73.0 189.5 3.1 0.0
0.0 62.0 382.08 28.0 94.0 219.5 1.058 0.0
0.0 66.0 84.831 24.0 82.0 220.0 0.914 0.0
0.0 65.0 503.25 16.0 73.0 133.0 5.5 1.0
0.0 68.0 68.808 24.0 80.0 235.0 0.752 0.0
0.0 63.0 32.299499999999995 30.0 104.0 242.5 0.353 1.0
0.0 64.0 474.5 24.0 88.0 243.0 0.65 1.0
0.0 66.0 232.20000000000002 28.0 95.0 215.8 0.645 1.0
0.0 61.0 802.5600000000001 24.0 81.0 189.0 2.226 0.0
0.0 66.0 22.502499999999998 30.0 101.5 235.0 0.235 0.0
0.0 63.0 280.092 24.0 80.0 235.0 1.048 0.0
0.0 68.0 281.637 24.0 82.0 181.6 1.078 1.0
0.0 65.0 101.9415 28.0 94.0 219.5 1.101 0.0
0.0 61.0 1757.84 30.0 101.5 232.9 0.408 1.0
0.0 66.0 1853.47 28.0 95.0 215.8 0.539 1.0
0.0 64.0 1379.16 0.0 20.0 6.0 3.831 0.0
0.0 66.0 460.245 16.0 73.0 133.0 5.03 1.0
0.0 61.0 1618.92 0.0 20.0 6.0 4.42 0.0
0.0 64.0 1372.6 0.0 0.0 190.0 1.81 0.0
0.0 64.0 31.5675 30.0 101.5 232.9 0.345 1.0
0.0 62.0 882.1200000000001 16.0 56.0 128.0 2.447 0.0
0.0 66.0 198.00000000000003 24.0 80.0 235.0 0.55 0.0
0.0 64.0 957.2600000000001 24.0 80.0 235.0 0.656 0.0
0.0 61.0 3426.36 16.0 56.0 128.0 2.692 0.0
0.0 66.0 386.17 24.0 80.0 235.0 0.529 0.0
0.0 67.0 308.904 16.0 73.0 189.5 3.376 0.0
0.0 66.0 142.35 30.0 101.5 235.0 0.195 0.0
0.0 64.0 798.04 30.0 101.5 242.5 0.214 0.0
0.0 68.0 83.265 24.0 82.0 189.0 0.91 0.0
0.0 68.0 29.5545 30.0 101.5 232.9 0.323 1.0
0.0 68.0 183.0 0.0 20.0 189.5 2.0 1.0
0.0 66.0 90.0295 28.0 94.0 219.5 0.973 0.0
0.0 66.0 223.35349999999997 28.0 95.0 219.5 0.429 0.0
0.0 67.0 630.984 16.0 55.0 128.0 4.896 0.0
0.0 64.0 173.99999999999997 28.0 95.0 219.5 0.48 0.0
0.0 66.0 168.9025 24.0 81.0 189.0 1.835 0.0
0.0 61.0 944.3600000000001 24.0 82.0 189.0 1.292 0.0
0.0 63.0 1565.64 0.0 20.0 189.5 2.349 1.0
0.0 61.0 188.34 30.0 103.0 248.3 0.258 1.0
0.0 64.0 786.536 31.0 105.0 246.25 0.146 0.0
0.0 64.0 748.572 0.0 0.0 190.0 2.042 0.0
0.0 63.0 668.4200000000001 24.0 82.0 220.0 0.914 0.0
0.0 61.0 1350.276 16.0 73.0 189.5 3.686 0.0
0.0 64.0 27.0 31.0 107.0 248.3 0.075 1.0
0.0 66.0 113.46 28.0 94.0 242.5 0.31 0.0
0.0 61.0 233.76 28.0 95.0 219.5 0.646 0.0
0.0 62.0 109.434 30.0 104.0 242.5 0.299 1.0
0.0 63.0 1979.03 28.0 95.0 215.8 0.711 1.0
0.0 66.0 46.800000000000004 31.0 105.0 246.25 0.13 0.0
0.0 62.0 472.608 24.0 82.0 220.0 1.288 0.0
0.0 65.0 1541.0300000000002 31.0 105.0 246.25 0.111 0.0
0.0 62.0 67.32 31.0 106.0 246.25 0.187 1.0
0.0 64.0 3811.7000000000003 0.0 4.0 6.0 3.22 0.0
0.0 63.0 98.4 30.0 101.5 235.0 0.27 0.0
0.0 68.0 51.8805 28.0 100.0 235.0 0.567 1.0
0.0 61.0 696.89 24.0 80.0 235.0 0.953 0.0
0.0 63.0 872.6460000000002 28.0 94.0 242.5 0.381 0.0
0.0 62.0 993.24 28.0 95.0 215.8 0.759 1.0
0.0 63.0 368.75999999999993 16.0 53.0 220.0 1.021 0.0
0.0 68.0 54.9 28.0 95.0 219.5 0.6 0.0
0.0 62.0 215.28 28.0 100.0 235.0 0.598 1.0
0.0 68.0 21.868499999999997 30.0 103.0 248.3 0.239 1.0
0.0 61.0 1332.84 0.0 0.0 190.0 3.699 0.0
0.0 66.0 1317.6000000000001 0.0 20.0 6.0 3.6 0.0
0.0 64.0 269.76 24.0 82.0 220.0 0.746 0.0
0.0 66.0 779.5799999999999 0.0 20.0 189.5 2.13 1.0
0.0 66.0 863.59 24.0 82.0 181.6 1.183 1.0
0.0 64.0 1729.6399999999999 28.0 95.0 235.0 0.368 0.0
0.0 64.0 1126.548 24.0 82.0 181.6 1.078 1.0
0.0 67.0 352.092 16.0 56.0 128.0 1.848 0.0
0.0 66.0 32.12 31.0 107.0 248.3 0.044 1.0
0.0 65.0 209.51 30.0 101.5 232.9 0.287 1.0
0.0 63.0 43.473000000000006 28.0 94.0 242.5 0.462 0.0
0.0 64.0 2373.6 0.0 4.0 6.0 3.25 0.0
0.0 68.0 31.018500000000003 28.0 94.0 242.5 0.339 0.0
0.0 66.0 154.72 0.0 0.0 190.0 1.68 0.0
0.0 62.0 389.78999999999996 24.0 88.0 243.0 1.065 1.0
