0.0 65.0 61.7625 28.0 95.0 215.8 0.675 1.0
0.0 66.0 88.2 30.0 101.5 232.9 0.245 1.0
0.0 65.0 4007.7000000000003 0.0 4.0 6.0 3.49 0.0
0.0 68.0 59.475 24.0 80.0 235.0 0.65 0.0
0.0 67.0 499.59 0.0 4.0 6.0 3.46 0.0
0.0 68.0 256.2 0.0 4.0 6.0 2.8 0.0
0.0 66.0 1728.0 0.0 4.0 6.0 2.8 0.0
0.0 68.0 162.87 0.0 0.0 190.0 1.78 0.0
0.0 66.0 272.29 0.0 20.0 189.5 0.373 1.0
0.0 62.0 773.56 31.0 105.0 246.25 0.146 0.0
0.0 66.0 280.8 24.0 80.0 235.0 0.78 0.0
0.0 66.0 34.77 31.0 106.0 246.25 0.095 1.0
0.0 65.0 1554.402 0.0 0.0 190.0 2.247 0.0
0.0 64.0 42.822 31.0 106.0 246.25 0.117 1.0
0.0 64.0 321.897 24.0 82.0 181.6 1.518 1.0
0.0 64.0 374.78000000000003 28.0 94.0 219.5 1.038 0.0
0.0 64.0 938.6920000000001 24.0 80.0 235.0 0.562 0.0
0.0 62.0 252.54 28.0 95.0 215.8 0.69 1.0
0.0 64.0 202.60000000000002 24.0 82.0 220.0 0.56 0.0
0.0 61.0 84.36000000000001 30.0 101.0 246.25 0.231 0.0
0.0 62.0 126.27 30.0 101.5 232.9 0.345 1.0
0.0 63.0 68.3505 28.0 100.0 235.0 0.747 1.0
0.0 62.0 138.816 28.0 94.0 242.5 0.376 0.0
0.0 64.0 1845.0799999999997 24.0 80.0 235.0 0.526 0.0
0.0 68.0 16.47 30.0 101.0 246.25 0.18 0.0
0.0 61.0 170.292 28.0 94.0 242.5 0.462 0.0
0.0 65.0 302.04150000000004 24.0 82.0 181.6 1.301 1.0
0.0 62.0 384.96000000000004 0.0 20.0 6.0 1.066 0.0
0.0 64.0 884.622 28.0 100.0 235.0 0.417 1.0
0.0 61.0 2251.2 0.0 4.0 6.0 4.25 0.0
0.0 62.0 217.0 28.0 95.0 219.5 0.6 0.0
0.0 68.0 6.771 31.0 107.0 248.3 0.074 1.0
0.0 61.0 1711.8840000000002 16.0 55.0 128.0 4.674 0.0
0.0 67.0 27.084 30.0 101.5 232.9 0.296 1.0
0.0 64.0 16.104 31.0 107.0 248.3 0.044 1.0
0.0 65.0 886.32 28.0 95.0 219.5 0.462 0.0
0.0 62.0 382.08 28.0 94.0 219.5 1.058 0.0
0.0 61.0 117.48 30.0 101.5 235.0 0.323 0.0
0.0 64.0 77.64999999999999 30.0 101.0 246.25 0.105 0.0
0.0 68.0 64.05 24.0 82.0 189.0 0.7 0.0
0.0 64.0 713.053 0.0 4.0 6.0 7.782 0.0
0.0 61.0 55.56 31.0 105.0 246.25 0.151 0.0
0.0 64.0 68.4 30.0 104.0 242.5 0.19 1.0
0.0 67.0 71.736 24.0 82.0 220.0 0.784 0.0
0.0 66.0 88.67399999999999 16.0 53.0 220.0 0.956 0.0
0.0 62.0 98.35600000000001 30.0 101.5 242.5 0.266 0.0
0.0 61.0 227.5 30.0 101.5 235.0 0.31 0.0
0.0 62.0 695.4300000000001 0.0 20.0 6.0 0.951 0.0
0.0 61.0 1029.3 24.0 82.0 181.6 1.41 1.0
0.0 62.0 217.0 28.0 95.0 219.5 0.6 0.0
0.0 63.0 1039.5420000000001 0.0 4.0 6.0 9.348 0.0
0.0 62.0 64.97 31.0 107.0 248.3 0.089 1.0
0.0 61.0 698.796 16.0 53.0 220.0 1.906 0.0
0.0 61.0 1530.81 31.0 107.0 248.3 0.097 1.0
0.0 68.0 37.515 28.0 95.0 219.5 0.41 0.0
0.0 67.0 352.092 16.0 56.0 128.0 1.848 0.0
0.0 65.0 69.723 24.0 88.0 243.0 0.762 1.0
0.0 63.0 59.04 30.0 103.0 248.3 0.164 1.0
0.0 63.0 31.68 31.0 107.0 248.3 0.088 1.0
0.0 68.0 87.47399999999999 16.0 53.0 220.0 0.956 0.0
0.0 64.0 13.169500000000001 31.0 105.0 246.25 0.133 0.0
0.0 62.0 2196.84 0.0 0.0 190.0 3.008 0.0
0.0 68.0 12.81 30.0 101.5 242.5 0.14 0.0
0.0 66.0 25.705000000000002 28.0 94.0 242.5 0.27 0.0
0.0 66.0 136.44 28.0 100.0 235.0 0.379 1.0
0.0 64.0 895.5999999999999 28.0 95.0 219.5 0.485 0.0
0.0 61.0 344.28 24.0 80.0 235.0 0.953 0.0
0.0 63.0 614.4 24.0 82.0 189.0 0.84 0.0
0.0 65.0 20.415 30.0 101.5 235.0 0.21 0.0
0.0 68.0 6.771 31.0 107.0 248.3 0.074 1.0
0.0 63.0 909.1200000000001 28.0 95.0 219.5 0.522 0.0
0.0 64.0 77.3175 28.0 95.0 215.8 0.845 1.0
0.0 64.0 158.04 28.0 100.0 235.0 0.439 1.0
0.0 63.0 238.45 28.0 94.0 242.5 0.325 0.0
0.0 61.0 253.79999999999998 28.0 95.0 215.8 0.705 1.0
0.0 63.0 210.45 28.0 95.0 215.8 0.575 1.0
0.0 61.0 1350.97 16.0 53.0 220.0 1.849 0.0
0.0 66.0 2950.66 0.0 0.0 190.0 2.042 0.0
0.0 63.0 144.28 30.0 101.5 242.5 0.196 0.0
0.0 66.0 98.82000000000001 24.0 82.0 189.0 1.08 0.0
0.0 68.0 165.1575 24.0 81.0 189.0 1.805 0.0
0.0 68.0 126.27 24.0 82.0 181.6 1.38 1.0
0.0 66.0 86.92699999999999 28.0 94.0 219.5 0.938 0.0
0.0 67.0 38.43 28.0 95.0 219.5 0.42 0.0
0.0 66.0 27.9075 30.0 101.5 232.9 0.305 1.0
0.0 68.0 55.815 28.0 95.0 215.8 0.61 1.0
0.0 66.0 1070.184 16.0 53.0 220.0 0.924 0.0
