0.0 68.0 21.868499999999997 28.0 94.0 242.5 0.239 0.0
0.0 62.0 439.1 28.0 95.0 219.5 0.6 0.0
0.0 62.0 389.90000000000003 24.0 82.0 189.0 1.08 0.0
0.0 64.0 179.159 24.0 81.0 189.0 1.946 0.0
0.0 64.0 98.35600000000001 24.0 82.0 220.0 1.064 0.0
0.0 62.0 68.78 30.0 101.0 246.25 0.188 0.0
0.0 67.0 242.5665 28.0 95.0 215.8 0.651 1.0
0.0 64.0 1227.3999999999999 0.0 0.0 190.0 1.68 0.0
0.0 64.0 339.4 16.0 53.0 220.0 0.94 0.0
0.0 64.0 817.2 30.0 101.5 232.9 0.27 1.0
0.0 61.0 1050.84 0.0 20.0 189.5 2.919 1.0
0.0 68.0 10.98 30.0 101.0 246.25 0.12 0.0
0.0 66.0 910.4399999999999 28.0 95.0 219.5 0.529 0.0
0.0 64.0 120.60000000000001 30.0 101.5 232.9 0.335 1.0
0.0 64.0 175.57 28.0 94.0 242.5 0.239 0.0
0.0 65.0 493.1039999999999 16.0 73.0 189.5 3.376 0.0
0.0 63.0 144.28 30.0 101.5 242.5 0.196 0.0
0.0 66.0 613.1999999999999 16.0 53.0 220.0 0.84 0.0
0.0 63.0 44.8455 28.0 94.0 242.5 0.477 0.0
0.0 64.0 100.65 30.0 104.0 242.5 0.275 1.0
0.0 61.0 224.39999999999998 28.0 95.0 219.5 0.62 0.0
0.0 63.0 1246.8 0.0 4.0 6.0 3.46 0.0
0.0 68.0 420.9 0.0 0.0 190.0 2.6 0.0
0.0 64.0 965.8740000000001 28.0 95.0 215.8 0.639 1.0
0.0 63.0 775.73 28.0 94.0 219.5 1.061 0.0
0.0 61.0 170.292 28.0 94.0 242.5 0.462 0.0
0.0 65.0 94.6215 16.0 53.0 220.0 1.021 0.0
0.0 68.0 80.52 24.0 82.0 189.0 0.88 0.0
0.0 62.0 439.1 28.0 95.0 219.5 0.6 0.0
0.0 63.0 249.11999999999998 28.0 95.0 215.8 0.692 1.0
0.0 63.0 239.73000000000002 24.0 88.0 243.0 0.655 1.0
0.0 63.0 231.14999999999998 28.0 94.0 242.5 0.315 0.0
0.0 65.0 69.723 24.0 88.0 243.0 0.762 1.0
0.0 65.0 571.7025000000001 0.0 20.0 6.0 4.235 0.0
0.0 66.0 550.8 16.0 56.0 128.0 1.53 0.0
0.0 68.0 332.145 0.0 20.0 6.0 3.63 0.0
0.0 64.0 178.32 28.0 95.0 235.0 0.492 0.0
0.0 62.0 496.79999999999995 24.0 82.0 181.6 1.38 1.0
0.0 62.0 202.8 28.0 95.0 235.0 0.56 0.0
0.0 66.0 213.195 30.0 101.5 232.9 0.33 1.0
0.0 62.0 884.724 28.0 94.0 242.5 0.414 0.0
0.0 66.0 194.5075 31.0 105.0 246.25 0.105 0.0
0.0 68.0 9.7905 31.0 107.0 248.3 0.107 1.0
0.0 63.0 1787.77 0.0 20.0 189.5 2.449 1.0
0.0 61.0 1646.76 24.0 81.0 189.0 2.571 0.0
0.0 61.0 1657.1999999999998 0.0 4.0 6.0 4.6 0.0
0.0 68.0 361.242 16.0 56.0 128.0 1.948 0.0
0.0 63.0 1180.56 16.0 73.0 189.5 3.276 0.0
0.0 64.0 335.44100000000003 16.0 53.0 220.0 1.654 0.0
0.0 62.0 708.9399999999999 16.0 53.0 220.0 1.964 0.0
0.0 66.0 68.4 30.0 104.0 242.5 0.19 1.0
0.0 66.0 569.4 24.0 82.0 189.0 0.78 0.0
0.0 64.0 551.8 16.0 56.0 128.0 1.53 0.0
0.0 68.0 366.0 0.0 20.0 189.5 2.0 1.0
0.0 62.0 1369.2 0.0 4.0 6.0 3.8 0.0
0.0 63.0 869.616 30.0 101.5 232.9 0.376 1.0
0.0 68.0 59.475 28.0 95.0 215.8 0.65 1.0
0.0 64.0 43.187999999999995 31.0 107.0 248.3 0.118 1.0
0.0 61.0 84.36000000000001 30.0 101.0 246.25 0.231 0.0
0.0 61.0 854.57 28.0 94.0 219.5 1.169 0.0
0.0 66.0 296.545 16.0 73.0 189.5 3.23 0.0
0.0 61.0 344.28 24.0 80.0 235.0 0.953 0.0
0.0 64.0 65.4225 28.0 100.0 235.0 0.715 1.0
0.0 61.0 676.45 24.0 80.0 235.0 0.925 0.0
0.0 62.0 1338.464 16.0 53.0 220.0 1.654 0.0
0.0 63.0 1612.44 0.0 20.0 189.5 2.479 1.0
0.0 66.0 1506.72 31.0 107.0 248.3 0.064 1.0
0.0 64.0 47.800000000000004 31.0 105.0 246.25 0.13 0.0
0.0 68.0 10.7055 31.0 106.0 246.25 0.117 1.0
0.0 63.0 1492.68 0.0 0.0 190.0 2.143 0.0
0.0 67.0 129.015 24.0 82.0 181.6 1.41 1.0
0.0 61.0 170.292 28.0 94.0 242.5 0.462 0.0
0.0 62.0 271.72 24.0 80.0 235.0 0.752 0.0
0.0 64.0 1815.05 28.0 95.0 219.5 0.485 0.0
0.0 67.0 23.3325 28.0 94.0 242.5 0.255 0.0
0.0 66.0 491.63999999999993 0.0 4.0 6.0 3.36 0.0
0.0 64.0 667.49 28.0 94.0 219.5 0.913 0.0
0.0 63.0 43.56 31.0 107.0 248.3 0.121 1.0
0.0 68.0 190.5945 31.0 107.0 248.3 0.083 1.0
0.0 68.0 120.1395 24.0 82.0 181.6 1.313 1.0
0.0 61.0 67.89 31.0 107.0 248.3 0.093 1.0
0.0 66.0 142.35 30.0 101.5 235.0 0.195 0.0
0.0 65.0 2134.52 24.0 82.0 189.0 0.924 0.0
0.0 64.0 766.44 31.0 106.0 246.25 0.129 1.0
0.0 64.0 2135.52 16.0 53.0 220.0 0.924 0.0
0.0 61.0 1592.4 0.0 20.0 6.0 4.42 0.0
0.0 64.0 1174.86 24.0 82.0 181.6 1.21 1.0
0.0 68.0 190.5945 31.0 107.0 248.3 0.083 1.0
0.0 62.0 925.1999999999999 0.0 20.0 189.5 2.57 1.0
0.0 65.0 59.04 30.0 103.0 248.3 0.164 1.0
0.0 64.0 2224.78 0.0 20.0 6.0 1.046 0.0
0.0 62.0 108.77 31.0 106.0 246.25 0.149 1.0
0.0 65.0 265.7265 24.0 82.0 220.0 0.891 0.0
0.0 62.0 109.0 30.0 101.5 235.0 0.3 0.0
0.0 68.0 59.475 28.0 95.0 215.8 0.65 1.0
0.0 64.0 409.8 24.0 82.0 220.0 0.56 0.0
0.0 63.0 296.85 28.0 95.0 235.0 0.405 0.0
0.0 66.0 32.118500000000004 28.0 94.0 242.5 0.339 0.0
0.0 66.0 57.464 24.0 82.0 220.0 0.616 0.0
0.0 62.0 1981.0 0.0 4.0 6.0 3.5 0.0
0.0 64.0 778.68 30.0 103.0 248.3 0.163 1.0
0.0 61.0 112.8 30.0 101.5 235.0 0.31 0.0
0.0 68.0 86.00999999999999 16.0 53.0 220.0 0.94 0.0
0.0 64.0 1174.86 24.0 82.0 181.6 1.21 1.0
0.0 63.0 447.22999999999996 24.0 80.0 235.0 0.611 0.0
0.0 63.0 1591.4 30.0 103.0 248.3 0.18 1.0
0.0 66.0 1456.68 0.0 20.0 6.0 1.98 0.0
0.0 61.0 63.72 31.0 106.0 246.25 0.177 1.0
0.0 66.0 262.607 24.0 82.0 189.0 0.858 0.0
0.0 68.0 32.025 28.0 95.0 219.5 0.35 0.0
0.0 68.0 194.89499999999998 0.0 20.0 189.5 2.13 1.0
0.0 67.0 14.457 31.0 105.0 246.25 0.158 0.0
0.0 61.0 1453.44 16.0 53.0 220.0 2.034 0.0
0.0 63.0 181.272 28.0 95.0 235.0 0.492 0.0
0.0 63.0 1661.4799999999998 16.0 56.0 128.0 2.276 0.0
