0.0 61.0 891.07 24.0 82.0 189.0 1.219 0.0
0.0 61.0 3289.1199999999994 16.0 56.0 128.0 2.504 0.0
0.0 64.0 19.215 30.0 103.0 248.3 0.21 1.0
0.0 64.0 1227.3999999999999 0.0 0.0 190.0 1.68 0.0
0.0 64.0 1282.0 0.0 20.0 6.0 3.5 0.0
0.0 64.0 32.208 31.0 107.0 248.3 0.088 1.0
0.0 64.0 329.5 28.0 95.0 219.5 0.45 0.0
0.0 64.0 1202.3999999999999 24.0 82.0 181.6 1.34 1.0
0.0 62.0 789.5000000000001 24.0 82.0 189.0 1.08 0.0
0.0 68.0 32.574 30.0 101.5 232.9 0.356 1.0
0.0 62.0 136.46 28.0 94.0 242.5 0.376 0.0
0.0 64.0 910.4599999999999 24.0 80.0 235.0 0.526 0.0
0.0 64.0 428.87100000000004 16.0 55.0 128.0 4.674 0.0
0.0 64.0 1653.09 28.0 94.0 242.5 0.263 0.0
0.0 64.0 575.62 16.0 55.0 128.0 4.28 0.0
0.0 68.0 29.7375 28.0 94.0 242.5 0.325 0.0
0.0 67.0 29.463 30.0 101.5 242.5 0.322 0.0
0.0 64.0 190.5945 31.0 107.0 248.3 0.083 1.0
0.0 61.0 175.78199999999998 28.0 94.0 242.5 0.477 0.0
0.0 66.0 17.385 30.0 104.0 242.5 0.19 1.0
0.0 68.0 18.7575 30.0 101.0 246.25 0.205 0.0
0.0 64.0 1578.9899999999998 30.0 103.0 248.3 0.163 1.0
0.0 61.0 3250.4299999999994 16.0 55.0 128.0 4.451 0.0
0.0 66.0 127.74999999999999 30.0 101.5 235.0 0.175 0.0
0.0 68.0 248.514 24.0 82.0 220.0 0.716 0.0
0.0 62.0 1403.146 0.0 20.0 6.0 3.831 0.0
0.0 66.0 263.605 24.0 82.0 189.0 0.87 0.0
0.0 68.0 11.895 30.0 103.0 248.3 0.13 1.0
0.0 61.0 1328.16 16.0 73.0 189.5 3.686 0.0
0.0 62.0 276.33200000000005 24.0 80.0 235.0 0.752 0.0
0.0 68.0 47.58 24.0 88.0 243.0 0.52 1.0
0.0 64.0 755.424 31.0 107.0 248.3 0.064 1.0
0.0 65.0 74.298 30.0 101.5 242.5 0.203 0.0
0.0 66.0 162.0 28.0 95.0 219.5 0.45 0.0
0.0 66.0 2491.2 0.0 4.0 6.0 6.92 0.0
0.0 68.0 50.325 24.0 80.0 235.0 0.55 0.0
0.0 68.0 12.5355 31.0 105.0 246.25 0.137 0.0
0.0 64.0 2140.36 16.0 73.0 133.0 0.932 1.0
0.0 64.0 759.96 16.0 56.0 128.0 2.111 0.0
0.0 62.0 109.1 30.0 101.5 235.0 0.3 0.0
0.0 63.0 181.272 28.0 95.0 235.0 0.492 0.0
0.0 63.0 521.469 16.0 73.0 189.5 3.686 0.0
0.0 63.0 1053.84 24.0 82.0 189.0 0.924 0.0
0.0 68.0 37.515 28.0 100.0 235.0 0.41 1.0
0.0 61.0 3422.568 0.0 4.0 6.0 9.348 0.0
0.0 61.0 339.75 24.0 80.0 235.0 0.925 0.0
0.0 64.0 191.64 24.0 80.0 235.0 0.529 0.0
0.0 64.0 111.63 30.0 101.5 232.9 0.305 1.0
0.0 66.0 88.67399999999999 16.0 53.0 220.0 0.956 0.0
0.0 62.0 98.09 31.0 105.0 246.25 0.133 0.0
0.0 63.0 129.015 24.0 82.0 181.6 1.41 1.0
0.0 64.0 1497.96 31.0 107.0 248.3 0.052 1.0
0.0 62.0 775.6560000000001 24.0 81.0 189.0 2.116 0.0
0.0 64.0 263.53 0.0 20.0 189.5 0.361 1.0
0.0 61.0 2592.23 24.0 82.0 181.6 1.551 1.0
0.0 68.0 502.33500000000004 0.0 4.0 6.0 3.49 0.0
0.0 62.0 1289.8999999999999 16.0 73.0 189.5 3.58 0.0
0.0 64.0 135.78799999999998 28.0 95.0 235.0 0.368 0.0
0.0 61.0 464.88 24.0 82.0 220.0 1.288 0.0
0.0 63.0 324.74399999999997 24.0 82.0 220.0 0.884 0.0
0.0 66.0 185.298 0.0 0.0 190.0 2.012 0.0
0.0 67.0 310.6425 24.0 82.0 181.6 1.395 1.0
0.0 68.0 108.2445 24.0 82.0 181.6 1.183 1.0
0.0 61.0 698.796 16.0 53.0 220.0 1.906 0.0
0.0 68.0 378.627 16.0 56.0 128.0 2.138 0.0
0.0 64.0 121.45 30.0 101.0 246.25 0.165 0.0
0.0 61.0 218.27999999999997 28.0 95.0 235.0 0.603 0.0
0.0 63.0 64.24 31.0 107.0 248.3 0.088 1.0
0.0 63.0 985.638 28.0 95.0 215.8 0.693 1.0
0.0 62.0 270.0 0.0 20.0 189.5 0.75 1.0
0.0 68.0 19.581 30.0 101.5 242.5 0.214 0.0
0.0 62.0 54.534 31.0 106.0 246.25 0.149 1.0
0.0 64.0 364.43999999999994 16.0 73.0 189.5 1.009 0.0
0.0 61.0 339.75 24.0 80.0 235.0 0.925 0.0
0.0 64.0 98.19000000000001 28.0 94.0 242.5 0.265 0.0
0.0 62.0 68.68 30.0 101.0 246.25 0.188 0.0
0.0 62.0 235.92 28.0 95.0 219.5 0.652 0.0
0.0 61.0 2701.47 0.0 0.0 190.0 3.699 0.0
0.0 67.0 732.366 0.0 4.0 6.0 8.004 0.0
0.0 66.0 13.4505 31.0 106.0 246.25 0.147 1.0
0.0 62.0 351.28 28.0 94.0 219.5 0.973 0.0
0.0 64.0 92.64 30.0 101.5 242.5 0.254 0.0
0.0 66.0 3228.12 0.0 4.0 6.0 6.82 0.0
0.0 61.0 128.832 30.0 101.5 232.9 0.352 1.0
0.0 61.0 339.75 24.0 80.0 235.0 0.925 0.0
0.0 64.0 55.9 28.0 95.0 219.5 0.6 0.0
0.0 66.0 201.3 28.0 95.0 215.8 0.55 1.0
0.0 62.0 540.0 24.0 82.0 181.6 1.5 1.0
0.0 66.0 328.57 16.0 73.0 189.5 3.58 0.0
0.0 65.0 305.7015 24.0 82.0 189.0 1.341 0.0
0.0 68.0 420.9 0.0 4.0 6.0 4.6 0.0
0.0 68.0 381.555 16.0 55.0 128.0 4.17 0.0
0.0 66.0 108.0 30.0 101.5 235.0 0.3 0.0
0.0 66.0 85.41000000000001 31.0 106.0 246.25 0.117 1.0
0.0 68.0 207.06449999999998 28.0 94.0 242.5 0.263 0.0
0.0 62.0 1101.928 0.0 0.0 190.0 3.008 0.0
0.0 64.0 187.20000000000002 24.0 88.0 243.0 0.52 1.0
0.0 68.0 354.654 24.0 81.0 189.0 1.876 0.0
0.0 68.0 262.605 24.0 82.0 189.0 0.87 0.0
0.0 62.0 3048.24 0.0 4.0 6.0 8.464 0.0
0.0 68.0 190.0455 31.0 105.0 246.25 0.077 0.0
0.0 65.0 52.6125 28.0 95.0 215.8 0.575 1.0
0.0 66.0 19.032 30.0 103.0 248.3 0.208 1.0
0.0 64.0 465.12 24.0 82.0 189.0 1.292 0.0
0.0 64.0 614.1999999999999 16.0 53.0 220.0 0.84 0.0
0.0 63.0 88.938 30.0 104.0 242.5 0.243 1.0
0.0 63.0 154.49999999999997 30.0 101.5 235.0 0.21 0.0
0.0 68.0 262.605 24.0 82.0 189.0 0.87 0.0
0.0 66.0 53.279999999999994 30.0 103.0 248.3 0.148 1.0
0.0 61.0 2159.766 16.0 73.0 133.0 5.901 1.0
0.0 66.0 1339.55 24.0 81.0 189.0 1.835 0.0
0.0 61.0 780.96 31.0 105.0 246.25 0.166 0.0
0.0 62.0 2668.52 16.0 53.0 220.0 1.654 0.0
0.0 68.0 4.3005 31.0 107.0 248.3 0.047 1.0
0.0 66.0 27.0 31.0 107.0 248.3 0.075 1.0
