0.0 68.0 16.3785 30.0 103.0 248.3 0.179 1.0
0.0 61.0 472.608 24.0 82.0 220.0 1.288 0.0
0.0 61.0 2701.47 0.0 0.0 190.0 3.699 0.0
0.0 64.0 348.9 0.0 4.0 6.0 3.8 0.0
0.0 68.0 128.1 16.0 53.0 220.0 1.4 0.0
0.0 63.0 408.46649999999994 16.0 55.0 128.0 4.451 0.0
0.0 67.0 5.307 31.0 107.0 248.3 0.058 1.0
0.0 63.0 76.8 30.0 101.5 235.0 0.21 0.0
0.0 63.0 135.6945 24.0 82.0 181.6 1.483 1.0
0.0 66.0 255.49999999999997 28.0 95.0 219.5 0.35 0.0
0.0 62.0 235.92 28.0 95.0 219.5 0.652 0.0
0.0 62.0 1401.86 16.0 55.0 128.0 3.891 0.0
0.0 61.0 1530.81 31.0 107.0 248.3 0.097 1.0
0.0 61.0 1396.758 0.0 0.0 190.0 3.813 0.0
0.0 65.0 36.234 30.0 101.5 232.9 0.396 1.0
0.0 66.0 236.07 28.0 95.0 215.8 0.645 1.0
0.0 61.0 507.59999999999997 24.0 82.0 181.6 1.41 1.0
0.0 65.0 312.849 16.0 73.0 189.5 3.406 0.0
0.0 61.0 85.74600000000001 30.0 101.0 246.25 0.231 0.0
0.0 63.0 301.86899999999997 28.0 94.0 219.5 1.286 0.0
0.0 63.0 709.3000000000001 24.0 82.0 189.0 0.97 0.0
0.0 68.0 8.6925 31.0 105.0 246.25 0.095 0.0
0.0 62.0 98.456 30.0 101.5 242.5 0.266 0.0
0.0 62.0 220.0 30.0 101.5 235.0 0.3 0.0
0.0 63.0 1666.3300000000002 28.0 94.0 242.5 0.281 0.0
0.0 66.0 311.4 0.0 20.0 6.0 0.865 0.0
0.0 62.0 52.440000000000005 31.0 105.0 246.25 0.14 0.0
0.0 63.0 1617.72 0.0 20.0 6.0 4.42 0.0
0.0 66.0 54.75 31.0 107.0 248.3 0.075 1.0
0.0 64.0 1959.06 0.0 20.0 6.0 0.682 0.0
0.0 64.0 598.7 16.0 56.0 128.0 1.66 0.0
0.0 64.0 16.3785 31.0 106.0 246.25 0.179 1.0
0.0 63.0 2453.9999999999995 0.0 4.0 6.0 3.36 0.0
0.0 61.0 3227.7999999999997 0.0 20.0 6.0 4.42 0.0
0.0 61.0 466.32 24.0 82.0 189.0 1.292 0.0
0.0 63.0 330.24 24.0 82.0 220.0 0.914 0.0
0.0 66.0 284.65000000000003 16.0 73.0 189.5 3.1 0.0
0.0 62.0 542.5400000000001 16.0 53.0 220.0 1.504 0.0
0.0 66.0 31.319999999999997 31.0 106.0 246.25 0.087 1.0
0.0 63.0 461.36 24.0 88.0 243.0 0.632 1.0
0.0 68.0 27.3585 28.0 94.0 242.5 0.299 0.0
0.0 68.0 291.153 16.0 53.0 220.0 1.182 0.0
0.0 68.0 19.215 30.0 101.5 235.0 0.21 0.0
0.0 64.0 88.2 30.0 101.5 232.9 0.245 1.0
0.0 66.0 775.4399999999999 30.0 101.5 242.5 0.154 0.0
0.0 62.0 138.616 28.0 94.0 242.5 0.376 0.0
0.0 61.0 339.75 24.0 80.0 235.0 0.925 0.0
0.0 68.0 186.843 0.0 0.0 190.0 2.042 0.0
0.0 68.0 336.71999999999997 0.0 0.0 190.0 1.68 0.0
0.0 61.0 677.9340000000001 16.0 53.0 220.0 1.849 0.0
0.0 64.0 322.65999999999997 24.0 82.0 220.0 0.891 0.0
0.0 64.0 725.5200000000001 0.0 0.0 190.0 2.012 0.0
0.0 64.0 329.5 28.0 95.0 219.5 0.45 0.0
0.0 66.0 75.6 30.0 101.5 235.0 0.21 0.0
0.0 62.0 2849.212 0.0 4.0 6.0 7.782 0.0
0.0 64.0 570.6 24.0 82.0 189.0 0.78 0.0
0.0 61.0 256.96 30.0 101.5 232.9 0.352 1.0
0.0 62.0 389.36 28.0 95.0 235.0 0.532 0.0
0.0 64.0 2139.9 0.0 4.0 6.0 2.93 0.0
0.0 63.0 84.64800000000001 30.0 101.0 246.25 0.228 0.0
0.0 63.0 413.316 16.0 56.0 128.0 2.504 0.0
0.0 66.0 48.58 24.0 80.0 235.0 0.52 0.0
0.0 68.0 41.175000000000004 28.0 95.0 219.5 0.45 0.0
0.0 68.0 130.0215 24.0 82.0 181.6 1.421 1.0
0.0 63.0 29.564999999999998 30.0 101.5 235.0 0.31 0.0
0.0 62.0 711.39 28.0 94.0 219.5 0.973 0.0
0.0 63.0 2456.4500000000003 24.0 82.0 181.6 1.365 1.0
0.0 63.0 88.3995 24.0 80.0 235.0 0.953 0.0
0.0 63.0 192.333 31.0 107.0 248.3 0.102 1.0
0.0 63.0 171.39 28.0 95.0 235.0 0.465 0.0
0.0 62.0 252.54 28.0 95.0 215.8 0.69 1.0
0.0 67.0 43.92 28.0 95.0 219.5 0.48 0.0
0.0 61.0 2055.68 28.0 95.0 215.8 0.816 1.0
0.0 65.0 237.45299999999997 24.0 80.0 235.0 0.582 0.0
0.0 62.0 857.4900000000001 24.0 82.0 189.0 1.173 0.0
0.0 64.0 62.99999999999999 30.0 104.0 242.5 0.175 1.0
0.0 68.0 198.4635 30.0 101.5 242.5 0.169 0.0
0.0 63.0 119.418 24.0 82.0 189.0 1.292 0.0
0.0 62.0 2797.73 0.0 20.0 6.0 3.831 0.0
0.0 66.0 273.036 24.0 82.0 220.0 0.746 0.0
0.0 68.0 193.15650000000002 16.0 56.0 128.0 2.111 0.0
0.0 61.0 1603.56 16.0 55.0 128.0 4.451 0.0
0.0 62.0 276.432 24.0 80.0 235.0 0.752 0.0
0.0 62.0 842.5200000000001 24.0 81.0 189.0 2.337 0.0
0.0 68.0 186.20250000000001 24.0 81.0 189.0 2.035 0.0
0.0 64.0 803.3720000000001 30.0 101.0 246.25 0.192 0.0
0.0 66.0 168.12 28.0 100.0 235.0 0.467 1.0
0.0 61.0 1068.354 0.0 20.0 189.5 2.919 1.0
0.0 65.0 78.06 24.0 82.0 189.0 0.84 0.0
0.0 62.0 1007.4 24.0 82.0 181.6 1.38 1.0
0.0 68.0 237.8085 28.0 95.0 215.8 0.599 1.0
0.0 61.0 856.5420000000001 24.0 81.0 189.0 2.337 0.0
0.0 61.0 338.46 28.0 94.0 242.5 0.462 0.0
0.0 64.0 1275.4 16.0 55.0 128.0 3.54 0.0
0.0 64.0 982.812 24.0 80.0 235.0 0.682 0.0
0.0 64.0 784.338 30.0 103.0 248.3 0.143 1.0
0.0 62.0 270.0 0.0 20.0 189.5 0.75 1.0
0.0 68.0 293.715 24.0 82.0 181.6 1.21 1.0
0.0 68.0 56.364 24.0 82.0 220.0 0.616 0.0
0.0 61.0 854.712 30.0 101.5 242.5 0.332 0.0
0.0 67.0 319.33500000000004 0.0 4.0 6.0 3.49 0.0
0.0 64.0 482.8 24.0 82.0 220.0 0.66 0.0
0.0 66.0 235.15499999999997 0.0 20.0 189.5 2.57 1.0
0.0 62.0 882.1200000000001 16.0 56.0 128.0 2.447 0.0
0.0 66.0 48.58 24.0 80.0 235.0 0.52 0.0
0.0 66.0 239.8 0.0 0.0 190.0 2.6 0.0
0.0 66.0 237.25 28.0 94.0 242.5 0.325 0.0
0.0 64.0 135.36 28.0 94.0 242.5 0.376 0.0
0.0 68.0 32.025 28.0 100.0 235.0 0.35 1.0
