0.0 64.0 865.958 28.0 94.0 242.5 0.363 0.0
0.0 63.0 2353.99 16.0 53.0 220.0 1.223 0.0
0.0 63.0 1006.866 28.0 95.0 215.8 0.751 1.0
0.0 68.0 7.0455 31.0 105.0 246.25 0.077 0.0
0.0 63.0 1039.5420000000001 0.0 4.0 6.0 9.348 0.0
0.0 62.0 307.44 24.0 88.0 243.0 0.84 1.0
0.0 65.0 29.564999999999998 30.0 101.5 235.0 0.31 0.0
0.0 64.0 194.3565 16.0 56.0 128.0 2.111 0.0
0.0 62.0 1106.3 28.0 94.0 219.5 1.07 0.0
0.0 64.0 353.06 16.0 73.0 189.5 0.482 0.0
0.0 62.0 439.1 28.0 95.0 219.5 0.6 0.0
0.0 63.0 1842.2600000000002 28.0 95.0 219.5 0.522 0.0
0.0 63.0 296.196 28.0 94.0 219.5 1.224 0.0
0.0 62.0 542.5400000000001 16.0 53.0 220.0 1.504 0.0
0.0 63.0 695.6899999999999 24.0 80.0 235.0 0.953 0.0
0.0 68.0 96.62400000000001 16.0 53.0 220.0 1.056 0.0
0.0 64.0 418.15500000000003 0.0 20.0 189.5 2.57 1.0
0.0 65.0 907.3140000000001 0.0 20.0 189.5 2.479 1.0
0.0 61.0 826.1640000000001 30.0 101.0 246.25 0.254 0.0
0.0 66.0 55.815 28.0 95.0 215.8 0.61 1.0
0.0 61.0 64.782 31.0 106.0 246.25 0.177 1.0
0.0 64.0 123.4 28.0 95.0 235.0 0.34 0.0
0.0 61.0 1013.76 28.0 95.0 215.8 0.816 1.0
0.0 61.0 1278.3600000000001 24.0 82.0 181.6 1.551 1.0
0.0 63.0 334.26 24.0 82.0 220.0 0.91 0.0
0.0 62.0 857.4900000000001 24.0 82.0 189.0 1.173 0.0
0.0 65.0 36.234 30.0 101.5 232.9 0.396 1.0
0.0 64.0 887.5200000000001 28.0 95.0 219.5 0.462 0.0
0.0 66.0 14.1825 31.0 106.0 246.25 0.155 1.0
0.0 62.0 1083.88 0.0 0.0 190.0 3.008 0.0
0.0 63.0 15.9315 31.0 105.0 246.25 0.161 0.0
0.0 62.0 775.6560000000001 24.0 81.0 189.0 2.116 0.0
0.0 68.0 19.215 28.0 94.0 242.5 0.21 0.0
0.0 61.0 1531.2 0.0 4.0 6.0 4.25 0.0
0.0 62.0 1161.22 24.0 82.0 220.0 1.17 0.0
0.0 64.0 217.1 28.0 95.0 219.5 0.6 0.0
0.0 62.0 608.76 24.0 82.0 181.6 1.691 1.0
0.0 64.0 339.4 16.0 53.0 220.0 0.94 0.0
0.0 63.0 733.566 24.0 81.0 189.0 2.001 0.0
0.0 66.0 31.319999999999997 31.0 106.0 246.25 0.087 1.0
0.0 63.0 163.92 28.0 95.0 235.0 0.452 0.0
0.0 68.0 112.545 24.0 82.0 181.6 1.23 1.0
0.0 67.0 316.59 0.0 4.0 6.0 3.46 0.0
0.0 61.0 256.96 30.0 101.5 232.9 0.352 1.0
0.0 62.0 138.716 28.0 94.0 242.5 0.376 0.0
0.0 68.0 214.0185 28.0 95.0 235.0 0.339 0.0
0.0 61.0 1720.3500000000001 30.0 101.5 235.0 0.355 0.0
0.0 68.0 142.74 16.0 56.0 128.0 1.56 0.0
0.0 63.0 938.8920000000002 24.0 80.0 235.0 0.562 0.0
0.0 63.0 154.49999999999997 30.0 101.5 235.0 0.21 0.0
0.0 64.0 201.3 28.0 95.0 215.8 0.55 1.0
0.0 66.0 671.6 16.0 73.0 133.0 0.92 1.0
0.0 62.0 52.440000000000005 31.0 105.0 246.25 0.14 0.0
0.0 62.0 1311.3799999999999 16.0 73.0 189.5 3.58 0.0
0.0 66.0 328.5 28.0 95.0 219.5 0.45 0.0
0.0 63.0 135.6945 24.0 82.0 181.6 1.483 1.0
0.0 67.0 283.7415 28.0 94.0 219.5 1.101 0.0
0.0 65.0 45.120000000000005 28.0 95.0 219.5 0.48 0.0
0.0 62.0 1876.1 0.0 20.0 189.5 2.57 1.0
0.0 68.0 31.5675 30.0 101.5 232.9 0.345 1.0
0.0 63.0 784.8000000000001 30.0 103.0 248.3 0.18 1.0
0.0 66.0 2829.48 24.0 81.0 189.0 1.876 0.0
0.0 63.0 796.518 0.0 0.0 190.0 2.173 0.0
0.0 62.0 2014.07 28.0 95.0 215.8 0.759 1.0
0.0 63.0 296.196 28.0 94.0 219.5 1.224 0.0
0.0 64.0 744.6 16.0 73.0 133.0 1.02 1.0
0.0 66.0 338.4 16.0 53.0 220.0 0.94 0.0
0.0 64.0 1642.5 0.0 20.0 189.5 2.25 1.0
0.0 62.0 1420.12 16.0 56.0 128.0 1.944 0.0
0.0 63.0 267.912 24.0 88.0 243.0 0.732 1.0
0.0 66.0 218.26999999999998 28.0 94.0 242.5 0.299 0.0
0.0 67.0 153.72 16.0 56.0 128.0 1.68 0.0
0.0 66.0 38.43 30.0 101.0 246.25 0.105 0.0
0.0 66.0 604.8 0.0 0.0 190.0 1.68 0.0
0.0 64.0 357.0265 16.0 55.0 128.0 3.891 0.0
0.0 64.0 16.357 31.0 105.0 246.25 0.158 0.0
0.0 66.0 406.26000000000005 24.0 82.0 181.6 1.11 1.0
0.0 66.0 88.2 30.0 101.5 232.9 0.245 1.0
0.0 68.0 192.15 0.0 20.0 189.5 2.1 1.0
0.0 68.0 275.232 0.0 0.0 190.0 3.008 0.0
0.0 66.0 54.086999999999996 24.0 80.0 235.0 0.578 0.0
0.0 64.0 1469.4920000000002 0.0 0.0 190.0 2.012 0.0
0.0 61.0 233.76 28.0 95.0 219.5 0.646 0.0
0.0 63.0 1552.7099999999998 31.0 107.0 248.3 0.127 1.0
0.0 63.0 1246.8 0.0 4.0 6.0 3.46 0.0
0.0 61.0 1350.97 16.0 53.0 220.0 1.849 0.0
0.0 63.0 98.4 30.0 101.5 235.0 0.27 0.0
0.0 68.0 12.078000000000001 30.0 101.0 246.25 0.132 0.0
0.0 66.0 5.307 31.0 107.0 248.3 0.058 1.0
0.0 63.0 2353.99 16.0 53.0 220.0 1.223 0.0
0.0 64.0 775.456 30.0 101.0 246.25 0.116 0.0
0.0 62.0 98.09 31.0 105.0 246.25 0.133 0.0
0.0 68.0 83.265 24.0 82.0 189.0 0.91 0.0
0.0 64.0 56.54 30.0 101.5 242.5 0.154 0.0
0.0 68.0 112.545 24.0 82.0 181.6 1.23 1.0
0.0 62.0 1369.2 0.0 4.0 6.0 3.8 0.0
0.0 62.0 96.86 30.0 101.5 242.5 0.266 0.0
0.0 64.0 18.202 30.0 101.0 246.25 0.188 0.0
0.0 61.0 780.96 31.0 105.0 246.25 0.166 0.0
0.0 66.0 302.4 24.0 82.0 189.0 0.84 0.0
0.0 68.0 312.015 16.0 55.0 128.0 3.41 0.0
0.0 61.0 696.89 24.0 80.0 235.0 0.953 0.0
0.0 62.0 133.56 30.0 101.5 232.9 0.371 1.0
0.0 66.0 69.359 24.0 82.0 220.0 0.746 0.0
0.0 61.0 1707.2100000000003 24.0 81.0 189.0 2.337 0.0
0.0 68.0 17.385 30.0 101.5 242.5 0.19 0.0
0.0 67.0 28.8225 28.0 94.0 242.5 0.315 0.0
0.0 68.0 47.58 24.0 80.0 235.0 0.52 0.0
0.0 64.0 2687.3999999999996 0.0 0.0 190.0 1.68 0.0
0.0 68.0 262.605 24.0 82.0 189.0 0.87 0.0
0.0 64.0 118.218 30.0 101.5 232.9 0.323 1.0
