0.0 68.0 193.614 30.0 101.0 246.25 0.116 0.0
0.0 64.0 27.45 31.0 107.0 248.3 0.075 1.0
0.0 64.0 222.081 28.0 94.0 242.5 0.414 0.0
0.0 63.0 785.538 0.0 0.0 190.0 2.143 0.0
0.0 62.0 870.1400000000001 28.0 94.0 242.5 0.414 0.0
0.0 68.0 89.67 24.0 82.0 181.6 0.98 1.0
0.0 68.0 217.76999999999998 0.0 20.0 189.5 2.38 1.0
0.0 64.0 1066.0800000000002 24.0 82.0 189.0 0.958 0.0
0.0 63.0 1456.68 0.0 0.0 190.0 2.043 0.0
0.0 62.0 51.60000000000001 31.0 105.0 246.25 0.14 0.0
0.0 62.0 69.908 30.0 101.0 246.25 0.188 0.0
0.0 62.0 696.89 24.0 80.0 235.0 0.953 0.0
0.0 66.0 378.627 16.0 56.0 128.0 2.138 0.0
0.0 63.0 338.55 24.0 80.0 235.0 0.925 0.0
0.0 62.0 871.0799999999999 30.0 101.5 232.9 0.38 1.0
0.0 68.0 21.868499999999997 28.0 94.0 242.5 0.239 0.0
0.0 61.0 453.8 28.0 95.0 219.5 0.62 0.0
0.0 68.0 215.4825 30.0 101.5 232.9 0.355 1.0
0.0 63.0 89.06 31.0 106.0 246.25 0.122 1.0
0.0 62.0 1070.184 24.0 88.0 243.0 0.924 1.0
0.0 64.0 321.897 24.0 82.0 181.6 1.518 1.0
0.0 61.0 401.88 28.0 94.0 219.5 1.113 0.0
0.0 63.0 1966.3600000000001 24.0 80.0 235.0 0.692 0.0
0.0 64.0 222.85999999999999 24.0 82.0 220.0 0.616 0.0
0.0 61.0 1683.8400000000001 16.0 55.0 128.0 4.674 0.0
0.0 61.0 2251.2 0.0 4.0 6.0 4.25 0.0
0.0 62.0 2556.0 0.0 4.0 6.0 3.5 0.0
0.0 65.0 1245.6 0.0 4.0 6.0 3.46 0.0
0.0 64.0 321.25 0.0 4.0 6.0 3.5 0.0
0.0 64.0 459.33200000000005 0.0 0.0 190.0 3.008 0.0
0.0 62.0 54.75 31.0 107.0 248.3 0.075 1.0
0.0 64.0 248.57000000000002 28.0 94.0 242.5 0.339 0.0
0.0 63.0 1551.2100000000003 0.0 20.0 6.0 4.235 0.0
0.0 62.0 248.39999999999998 28.0 95.0 215.8 0.69 1.0
0.0 65.0 1175.3999999999999 24.0 82.0 181.6 1.265 1.0
0.0 64.0 242.394 24.0 80.0 235.0 0.659 0.0
0.0 63.0 94.64 30.0 101.0 246.25 0.128 0.0
0.0 64.0 235.15499999999997 0.0 20.0 189.5 2.57 1.0
0.0 63.0 244.86450000000002 28.0 95.0 235.0 0.663 0.0
0.0 66.0 550.8 16.0 56.0 128.0 1.53 0.0
0.0 63.0 116.28 30.0 101.5 235.0 0.323 0.0
0.0 64.0 843.24 28.0 95.0 235.0 0.339 0.0
0.0 68.0 480.375 0.0 4.0 6.0 3.25 0.0
0.0 66.0 7.405 31.0 105.0 246.25 0.07 0.0
0.0 63.0 351.59999999999997 28.0 95.0 219.5 0.48 0.0
0.0 66.0 92.964 30.0 101.5 242.5 0.254 0.0
0.0 68.0 99.36900000000001 16.0 53.0 220.0 1.086 0.0
0.0 64.0 143.45 30.0 101.5 235.0 0.195 0.0
0.0 61.0 1662.6799999999998 16.0 56.0 128.0 2.276 0.0
0.0 65.0 389.8005 0.0 0.0 190.0 2.247 0.0
0.0 63.0 450.08850000000007 0.0 20.0 189.5 2.919 1.0
0.0 62.0 1328.9460000000001 24.0 82.0 181.6 1.631 1.0
0.0 64.0 829.358 28.0 94.0 242.5 0.263 0.0
0.0 68.0 312.015 16.0 55.0 128.0 3.41 0.0
0.0 65.0 13.278 30.0 101.0 246.25 0.132 0.0
0.0 63.0 783.48 0.0 0.0 190.0 2.173 0.0
0.0 66.0 432.0 24.0 82.0 181.6 1.2 1.0
0.0 63.0 1089.8400000000001 24.0 82.0 189.0 1.024 0.0
0.0 64.0 823.5 0.0 20.0 189.5 2.25 1.0
0.0 61.0 59.160000000000004 31.0 105.0 246.25 0.161 0.0
0.0 61.0 117.12 30.0 101.5 242.5 0.322 0.0
0.0 61.0 85.74600000000001 30.0 101.0 246.25 0.231 0.0
0.0 61.0 843.9600000000002 30.0 101.5 235.0 0.341 0.0
0.0 65.0 381.96 28.0 94.0 219.5 1.061 0.0
0.0 62.0 107.64 30.0 104.0 242.5 0.299 1.0
0.0 62.0 2197.04 0.0 0.0 190.0 3.008 0.0
0.0 62.0 115.66000000000001 30.0 101.5 242.5 0.316 0.0
0.0 62.0 701.56 24.0 81.0 189.0 1.946 0.0
0.0 62.0 1396.758 0.0 0.0 190.0 3.813 0.0
0.0 64.0 60.400000000000006 30.0 101.0 246.25 0.165 0.0
0.0 64.0 951.234 28.0 95.0 215.8 0.599 1.0
0.0 63.0 1235.16 24.0 82.0 181.6 1.431 1.0
0.0 63.0 193.19 30.0 101.5 242.5 0.263 0.0
0.0 64.0 244.49 28.0 95.0 219.5 0.66 0.0
0.0 66.0 64.05 30.0 104.0 242.5 0.175 1.0
0.0 62.0 389.90000000000003 24.0 82.0 189.0 1.08 0.0
0.0 62.0 777.82 24.0 82.0 220.0 1.064 0.0
0.0 64.0 687.36 16.0 53.0 220.0 1.906 0.0
0.0 68.0 50.325 28.0 95.0 215.8 0.55 1.0
0.0 66.0 503.535 0.0 4.0 6.0 3.49 0.0
0.0 62.0 360.33 28.0 94.0 242.5 0.491 0.0
0.0 63.0 135.786 30.0 101.5 232.9 0.371 1.0
0.0 62.0 1686.04 30.0 101.5 242.5 0.308 0.0
0.0 67.0 279.44100000000003 24.0 82.0 189.0 1.054 0.0
0.0 67.0 57.5535 24.0 80.0 235.0 0.629 0.0
0.0 62.0 701.56 24.0 81.0 189.0 1.946 0.0
0.0 68.0 17.385 30.0 101.5 242.5 0.19 0.0
0.0 61.0 925.35 28.0 94.0 242.5 0.525 0.0
0.0 67.0 298.656 16.0 53.0 220.0 1.264 0.0
0.0 64.0 320.47 28.0 100.0 235.0 0.439 1.0
0.0 66.0 378.627 16.0 56.0 128.0 2.138 0.0
0.0 64.0 95.76 30.0 101.5 242.5 0.266 0.0
0.0 67.0 11.712 30.0 101.0 246.25 0.128 0.0
0.0 68.0 75.945 24.0 82.0 189.0 0.83 0.0
0.0 66.0 989.2800000000001 0.0 20.0 6.0 0.748 0.0
0.0 62.0 152.28 30.0 101.5 232.9 0.423 1.0
0.0 64.0 1749.8100000000002 0.0 20.0 189.5 0.397 1.0
0.0 64.0 29.282 31.0 105.0 246.25 0.077 0.0
0.0 63.0 3174.77 0.0 20.0 189.5 2.349 1.0
0.0 66.0 190.32 24.0 80.0 235.0 0.52 0.0
0.0 62.0 882.1200000000001 16.0 56.0 128.0 2.447 0.0
0.0 61.0 2440.13 24.0 82.0 189.0 1.341 0.0
0.0 66.0 699.7919999999999 0.0 0.0 190.0 1.912 0.0
0.0 68.0 38.43 24.0 80.0 235.0 0.42 0.0
0.0 61.0 273.402 28.0 100.0 235.0 0.747 1.0
0.0 64.0 614.8000000000001 24.0 81.0 189.0 1.705 0.0
0.0 65.0 10.4415 31.0 105.0 246.25 0.101 0.0
0.0 61.0 1141.9199999999998 24.0 88.0 243.0 1.172 1.0
0.0 68.0 275.232 0.0 0.0 190.0 3.008 0.0
0.0 67.0 279.44100000000003 24.0 82.0 189.0 1.054 0.0
0.0 68.0 165.615 16.0 56.0 128.0 1.81 0.0
0.0 66.0 120.85000000000001 16.0 53.0 220.0 1.3 0.0
0.0 62.0 1645.2 0.0 20.0 189.5 2.57 1.0
0.0 66.0 232.56 28.0 95.0 219.5 0.646 0.0
