46.0 919.0 266.0 843.0 4671.266851956437
12.0 865.0 218.0 1481.0 5249.54268235635
17.0 955.0 183.0 1191.0 4363.298866010416
11.0 468.0 470.0 2108.0 9184.168957287002
8.0 842.0 302.0 1047.0 5490.373101931246
14.0 769.0 336.0 1243.0 6245.621876124623
0.0 578.0 399.0 1965.0 8071.355807762361
17.0 954.0 184.0 1182.0 4373.853240176953
14.0 1158.0 103.0 516.0 2279.1165145846376
29.0 705.0 370.0 1413.0 6841.621750675941
26.0 1017.0 192.0 736.0 3610.791678497966
15.0 1149.0 107.0 548.0 2358.400714780321
16.0 1299.0 46.0 137.0 901.3813948087354
14.0 1160.0 102.0 508.0 2264.083776816754
5.0 860.0 293.0 1008.0 5374.496111119526
20.0 749.0 349.0 1292.0 6467.387669718252
11.0 1335.0 27.0 87.0 597.0604094558042
3.0 1100.0 122.0 801.0 2949.3014653713035
3.0 612.0 387.0 1836.0 7705.762418262166
23.0 1015.0 147.0 1090.0 3767.6595622226387
13.0 450.0 476.0 2181.0 9383.185769404892
10.0 422.0 484.0 2306.0 9653.402543864586
15.0 468.0 470.0 2104.0 9180.876807172457
6.0 246.0 571.0 2871.0 11472.469504581135
11.0 1337.0 26.0 82.0 574.0684926657203
50.0 1222.0 86.0 260.0 1696.096247774429
9.0 463.0 468.0 2145.0 9238.622691581357
11.0 705.0 310.0 1748.0 6788.1671851937235
23.0 495.0 449.0 2087.0 8947.042506636515
1.0 1375.0 9.0 28.0 190.68420862253996
2.0 580.0 396.0 1967.0 8046.059109044922
14.0 904.0 209.0 1290.0 4890.665862946392
38.0 931.0 256.0 838.0 4524.3348731972765
13.0 1155.0 103.0 530.0 2316.181198004707
38.0 1247.0 68.0 234.0 1460.2491266677384
14.0 892.0 214.0 1332.0 5014.0001717817595
43.0 1189.0 89.0 440.0 1979.3826894938243
28.0 1109.0 145.0 553.0 2701.6034093529124
0.0 1381.0 8.0 22.0 141.64675728180214
16.0 466.0 471.0 2110.0 9199.742022200777
18.0 1352.0 3.0 136.0 423.43988989962867
8.0 248.0 571.0 2855.0 11449.603038996544
3.0 1141.0 98.0 712.0 2516.330995693009
30.0 701.0 371.0 1427.0 6887.558832869241
2.0 546.0 420.0 2020.0 8381.199952972866
6.0 861.0 294.0 994.0 5349.517078964132
22.0 1038.0 182.0 683.0 3387.9532599118425
3.0 1369.0 11.0 30.0 248.1459116857103
99.0 1208.0 87.0 319.0 1845.8981807530124
45.0 922.0 263.0 841.0 4640.443102870849
11.0 725.0 309.0 1616.0 6587.566250523677
3.0 382.0 504.0 2421.0 10085.310948681976
2.0 538.0 425.0 2044.0 8481.49761614743
13.0 1160.0 101.0 516.0 2265.7607754125443
45.0 1187.0 90.0 443.0 2005.8951997792255
5.0 861.0 292.0 1008.0 5364.23390860585
51.0 1220.0 88.0 262.0 1719.4096277242281
101.0 1204.0 90.0 326.0 1883.0949700866477
28.0 705.0 370.0 1413.0 6846.50258188192
30.0 1272.0 58.0 179.0 1165.703078997505
10.0 864.0 217.0 1497.0 5256.909138549543
25.0 1026.0 189.0 702.0 3524.6718182533077
18.0 1040.0 180.0 685.0 3369.2833265117015
26.0 1017.0 191.0 737.0 3611.383982250939
4.0 1368.0 11.0 30.0 260.3899628600108
0.0 1380.0 8.0 22.0 148.94002978603547
28.0 703.0 371.0 1415.0 6868.578735028948
15.0 1000.0 163.0 1091.0 3874.194589378221
2.0 290.0 521.0 2934.0 11032.314724731365
3.0 261.0 568.0 2773.0 11342.76355034103
13.0 778.0 332.0 1227.0 6154.334647325531
5.0 862.0 291.0 1008.0 5356.153779598301
17.0 955.0 183.0 1186.0 4364.61590667719
30.0 1342.0 5.0 174.0 535.9188638739827
0.0 575.0 403.0 1962.0 8091.424722686229
3.0 382.0 504.0 2421.0 10085.310948681976
14.0 902.0 209.0 1300.0 4903.897961133894
28.0 1108.0 146.0 553.0 2713.7288131235528
2.0 613.0 385.0 1844.0 7705.108125781128
10.0 839.0 304.0 1055.0 5508.712440347796
97.0 1206.0 90.0 315.0 1867.8366632996583
20.0 1043.0 178.0 679.0 3356.316713180265
2.0 621.0 379.0 1835.0 7643.226500348997
10.0 1356.0 4.0 123.0 379.23851249694957
0.0 577.0 402.0 1957.0 8067.912611073777
9.0 464.0 467.0 2142.0 9223.475881683702
8.0 1083.0 140.0 674.0 3058.1915193154177
0.0 361.0 512.0 2507.0 10305.82419252178
16.0 470.0 468.0 2105.0 9166.819892335847
3.0 1142.0 97.0 705.0 2509.9124080344886
3.0 382.0 506.0 2409.0 10082.292091188736
37.0 1248.0 68.0 231.0 1450.9657660347643
45.0 919.0 264.0 851.0 4668.32974808613
39.0 977.0 218.0 788.0 4018.962830313716
43.0 1189.0 89.0 440.0 1979.3826894938243
2.0 288.0 522.0 2935.0 11056.197633970627
2.0 545.0 421.0 2020.0 8393.074151529378
13.0 720.0 309.0 1640.0 6630.390940809445
14.0 688.0 323.0 1781.0 6970.311049942374
14.0 1156.0 101.0 531.0 2314.609932701072
24.0 1022.0 190.0 721.0 3554.2721474914424
36.0 1259.0 62.0 219.0 1268.328108212905
39.0 976.0 219.0 788.0 4024.3641737468342
2.0 307.0 545.0 2620.0 10824.32767988167
12.0 1352.0 4.0 131.0 426.98139094801
10.0 863.0 217.0 1503.0 5267.321890357848
8.0 1080.0 139.0 689.0 3103.708239343805
15.0 1298.0 47.0 138.0 913.383008464595
19.0 1016.0 149.0 1074.0 3754.6104510517744
8.0 1079.0 141.0 684.0 3111.795293673779
8.0 1080.0 139.0 689.0 3103.708239343805
40.0 1237.0 80.0 233.0 1544.327967517275
39.0 976.0 219.0 788.0 4024.3641737468342
15.0 1156.0 104.0 517.0 2304.2497257812424
41.0 1255.0 64.0 225.0 1307.393511366183
2.0 616.0 382.0 1843.0 7686.438538721184
6.0 792.0 253.0 1671.0 5964.34479442439
14.0 1151.0 107.0 530.0 2356.988529963317
57.0 1217.0 88.0 281.0 1740.374824191665
9.0 1120.0 140.0 548.0 2671.8073208558285
3.0 1367.0 11.0 37.0 263.4001297851587
22.0 1038.0 182.0 683.0 3387.9532599118425
15.0 769.0 336.0 1243.0 6245.035267792829
12.0 1354.0 3.0 127.0 406.48311770044853
4.0 256.0 571.0 2792.0 11390.869306102346
2.0 545.0 421.0 2020.0 8393.074151529378
4.0 831.0 242.0 1507.0 5566.838127272267
16.0 1021.0 149.0 1050.0 3699.4726129620926
9.0 1116.0 141.0 556.0 2719.066956759264
52.0 1222.0 85.0 260.0 1699.0226614810042
97.0 1206.0 90.0 315.0 1867.8366632996583
1.0 305.0 547.0 2622.0 10845.903324926378
15.0 468.0 470.0 2104.0 9180.876807172457
3.0 1366.0 13.0 33.0 272.2829479713506
28.0 704.0 371.0 1413.0 6855.536606711563
11.0 705.0 310.0 1748.0 6788.1671851937235
2.0 613.0 364.0 2024.0 7778.02829519689
8.0 1084.0 139.0 671.0 3060.400343263567
12.0 708.0 309.0 1725.0 6760.400089165299
27.0 1274.0 58.0 173.0 1147.4443300433106
2.0 538.0 425.0 2044.0 8481.49761614743
13.0 689.0 323.0 1772.0 6958.860151869728
51.0 1221.0 87.0 262.0 1711.222865767342
30.0 1272.0 58.0 179.0 1165.703078997505
38.0 932.0 257.0 832.0 4510.631879881383
8.0 1081.0 139.0 679.0 3085.801008630508
2.0 621.0 380.0 1829.0 7640.86201881001
4.0 1368.0 11.0 30.0 260.3899628600108
8.0 1082.0 140.0 674.0 3071.799096394299
0.0 576.0 403.0 1957.0 8078.280784460954
9.0 860.0 219.0 1511.0 5301.087383903945
20.0 1041.0 180.0 682.0 3362.604450372579
40.0 1256.0 63.0 225.0 1300.4612201426019
12.0 1354.0 3.0 127.0 406.48311770044853
41.0 928.0 257.0 845.0 4556.347556115523
13.0 1156.0 103.0 521.0 2304.8870908290405
20.0 745.0 351.0 1302.0 6508.186010885601
79.0 1184.0 96.0 420.0 2018.4524557718821
10.0 423.0 483.0 2306.0 9645.384481640247
5.0 795.0 253.0 1647.0 5928.660067635127
9.0 1084.0 139.0 667.0 3057.7594760995494
2.0 618.0 382.0 1831.0 7670.073800022107
21.0 963.0 206.0 928.0 4182.799903525076
14.0 1151.0 109.0 524.0 2352.9836454696265
5.0 1142.0 96.0 718.0 2510.675396755758
14.0 770.0 336.0 1240.0 6234.675642167146
20.0 746.0 350.0 1302.0 6498.642744822532
21.0 1346.0 4.0 170.0 481.7640292284131
14.0 1159.0 102.0 516.0 2272.546081450135
23.0 1285.0 50.0 175.0 1019.4629654582435
4.0 258.0 570.0 2782.0 11366.96906878417
13.0 1310.0 40.0 120.0 798.6461874788429
22.0 1039.0 181.0 683.0 3381.3828267773392
19.0 1018.0 147.0 1077.0 3751.3274104243096
11.0 1312.0 39.0 119.0 783.2819674250377
37.0 1248.0 68.0 231.0 1450.9657660347643
8.0 1083.0 139.0 674.0 3066.3977529611807
14.0 769.0 336.0 1243.0 6245.621876124623
2.0 621.0 380.0 1829.0 7640.86201881001
12.0 720.0 309.0 1640.0 6630.492316372786
20.0 1041.0 180.0 682.0 3362.604450372579
9.0 860.0 219.0 1511.0 5301.087383903945
5.0 245.0 571.0 2883.0 11492.630868200915
17.0 956.0 183.0 1181.0 4352.882056293157
6.0 246.0 571.0 2871.0 11472.469504581135
2.0 541.0 422.0 2037.0 8449.2837267915
19.0 1018.0 147.0 1077.0 3751.3274104243096
14.0 770.0 336.0 1240.0 6234.675642167146
10.0 863.0 217.0 1503.0 5267.321890357848
16.0 1022.0 148.0 1050.0 3693.840596749117
28.0 703.0 371.0 1421.0 6867.478073976706
5.0 800.0 251.0 1629.0 5894.142611802829
43.0 1189.0 89.0 440.0 1979.3826894938243
5.0 795.0 253.0 1647.0 5928.660067635127
3.0 286.0 523.0 2935.0 11080.068932722668
39.0 977.0 218.0 788.0 4018.962830313716
41.0 1255.0 64.0 225.0 1307.393511366183
6.0 792.0 253.0 1671.0 5964.34479442439
5.0 245.0 571.0 2883.0 11492.630868200915
20.0 965.0 205.0 928.0 4150.69332856476
14.0 1310.0 40.0 118.0 801.291513684019
24.0 1285.0 49.0 178.0 1027.023761488494
14.0 903.0 209.0 1298.0 4895.9842123427525
12.0 1354.0 3.0 127.0 406.48311770044853
13.0 1309.0 41.0 120.0 808.0115729602833
25.0 1026.0 189.0 702.0 3524.6718182533077
4.0 256.0 570.0 2796.0 11386.658118587058
3.0 1100.0 122.0 801.0 2949.3014653713035
50.0 1223.0 85.0 260.0 1690.1534260408082
38.0 931.0 256.0 838.0 4524.3348731972765
39.0 930.0 256.0 838.0 4540.581569176033
27.0 1274.0 58.0 173.0 1147.4443300433106
10.0 843.0 301.0 1044.0 5487.163106454347
14.0 1159.0 102.0 516.0 2272.546081450135
21.0 964.0 205.0 928.0 4170.176300729892
35.0 1260.0 61.0 219.0 1259.878427925239
10.0 863.0 217.0 1503.0 5267.321890357848
2.0 618.0 382.0 1831.0 7670.073800022107
27.0 1274.0 58.0 173.0 1147.4443300433106
11.0 834.0 306.0 1070.0 5584.975521575072
10.0 839.0 304.0 1055.0 5508.712440347796
19.0 1018.0 147.0 1077.0 3751.3274104243096
2.0 545.0 420.0 2027.0 8402.937459414205
5.0 861.0 292.0 1008.0 5364.23390860585
11.0 703.0 311.0 1754.0 6814.31956181947
10.0 421.0 485.0 2306.0 9659.96984326919
3.0 383.0 506.0 2404.0 10074.16432152884
10.0 1312.0 40.0 117.0 780.9528928108232
9.0 463.0 468.0 2145.0 9238.622691581357
2.0 306.0 545.0 2627.0 10830.830492216697
13.0 1158.0 100.0 530.0 2292.3736519020053
0.0 361.0 512.0 2507.0 10305.82419252178
20.0 966.0 205.0 923.0 4142.054174304899
11.0 1311.0 40.0 119.0 789.8214678829713
9.0 835.0 305.0 1070.0 5572.7792823479285
14.0 1300.0 46.0 134.0 895.3839851111222
50.0 1223.0 85.0 260.0 1690.1534260408082
9.0 461.0 468.0 2161.0 9249.090908094342
11.0 724.0 310.0 1616.0 6594.109287163307
40.0 1256.0 63.0 225.0 1300.4612201426019
40.0 1237.0 80.0 233.0 1544.327967517275
14.0 772.0 334.0 1240.0 6215.393449442986
3.0 260.0 568.0 2780.0 11350.385046994039
9.0 1118.0 139.0 556.0 2700.227432325133
13.0 778.0 332.0 1227.0 6154.334647325531
21.0 963.0 206.0 928.0 4182.799903525076
6.0 246.0 571.0 2871.0 11472.469504581135
8.0 841.0 302.0 1054.0 5500.267804899981
19.0 883.0 268.0 1007.0 5086.390463111739
11.0 1337.0 26.0 82.0 574.0684926657203
1.0 1376.0 8.0 28.0 184.44118520888827
8.0 422.0 484.0 2312.0 9656.19587933453
4.0 831.0 242.0 1507.0 5566.838127272267
14.0 903.0 209.0 1298.0 4895.9842123427525
10.0 1312.0 40.0 117.0 780.9528928108232
13.0 1160.0 101.0 516.0 2265.7607754125443
0.0 573.0 404.0 1970.0 8108.528217993027
3.0 383.0 506.0 2404.0 10074.16432152884
0.0 1381.0 8.0 22.0 141.64675728180214
21.0 1209.0 82.0 412.0 1769.23853731684
0.0 1380.0 8.0 22.0 148.94002978603547
1.0 305.0 546.0 2627.0 10847.722563289142
19.0 883.0 268.0 1007.0 5086.390463111739
0.0 357.0 513.0 2525.0 10363.335483250039
20.0 1042.0 178.0 684.0 3369.0091832688554
1.0 305.0 544.0 2642.0 10844.524342272243
23.0 1286.0 49.0 175.0 1013.2199420445918
2.0 287.0 523.0 2935.0 11068.508577437442
5.0 805.0 249.0 1617.0 5839.247607104043
22.0 1287.0 49.0 172.0 1000.8430422393309
0.0 1381.0 8.0 22.0 141.64675728180214
0.0 1381.0 8.0 22.0 141.64675728180214
1.0 303.0 547.0 2636.0 10866.666748536236
0.0 1381.0 8.0 22.0 141.64675728180214
0.0 1381.0 8.0 22.0 141.64675728180214
0.0 1381.0 8.0 22.0 141.64675728180214
0.0 1381.0 8.0 22.0 141.64675728180214
11.0 1338.0 25.0 82.0 567.7493986816269
12.0 1353.0 4.0 127.0 413.8186277157434
3.0 1369.0 11.0 30.0 248.1459116857103
3.0 1369.0 11.0 30.0 248.1459116857103
0.0 1381.0 8.0 22.0 141.64675728180214
1.0 1376.0 8.0 28.0 184.44118520888827
0.0 1380.0 8.0 22.0 148.94002978603547
0.0 1380.0 8.0 22.0 148.94002978603547
0.0 1380.0 8.0 22.0 148.94002978603547
0.0 1380.0 8.0 22.0 148.94002978603547
0.0 1380.0 8.0 22.0 148.94002978603547
0.0 1380.0 8.0 22.0 148.94002978603547
