13.0 631.0 398.0 1654.0 7552.795853971628
0.0 655.0 329.0 2012.0 7413.927886409323
0.0 829.0 275.0 1425.0 5673.2263684692
1.0 470.0 457.0 2248.0 9230.4112436328
5.0 412.0 486.0 2353.0 9814.193756997127
0.0 250.0 566.0 2898.0 11477.365074604242
1.0 466.0 459.0 2259.0 9268.058814308342
14.0 1302.0 43.0 148.0 882.2638658588188
16.0 754.0 339.0 1319.0 6387.654447942838
7.0 1145.0 94.0 696.0 2493.7058251303347
14.0 585.0 369.0 2108.0 8116.514656392392
1.0 735.0 289.0 1815.0 6580.921473258902
15.0 741.0 344.0 1351.0 6526.4126468819095
9.0 816.0 314.0 1150.0 5799.170511436059
1.0 812.0 258.0 1470.0 5813.767138316989
1.0 810.0 255.0 1510.0 5860.640077073946
3.0 329.0 493.0 2833.0 10645.419641048837
0.0 514.0 431.0 2155.0 8738.647877365538
1.0 513.0 430.0 2165.0 8745.153645703465
37.0 1204.0 86.0 386.0 1844.0001031150011
15.0 741.0 343.0 1356.0 6531.728281254269
2.0 356.0 539.0 2377.0 10406.362758678728
4.0 775.0 273.0 1614.0 6219.124962367433
9.0 817.0 313.0 1145.0 5797.210692312597
2.0 356.0 539.0 2377.0 10406.362758678728
14.0 1295.0 47.0 163.0 954.9969179489484
1.0 808.0 254.0 1527.0 5875.163990950312
11.0 678.0 374.0 1526.0 7075.613215824987
10.0 1172.0 85.0 599.0 2232.8140279159093
0.0 1375.0 10.0 52.0 205.9237774301001
1.0 522.0 425.0 2132.0 8662.89985307243
28.0 589.0 421.0 1751.0 8016.001712719736
2.0 274.0 568.0 2686.0 11213.529240662396
14.0 1072.0 138.0 808.0 3182.5174006498214
0.0 515.0 429.0 2159.0 8725.510726585024
0.0 523.0 424.0 2132.0 8653.645078922777
18.0 1336.0 31.0 47.0 555.4945680336465
1.0 515.0 430.0 2150.0 8727.848505289794
11.0 1176.0 83.0 592.0 2196.310826865542
19.0 1252.0 69.0 267.0 1387.9967240181973
10.0 1172.0 86.0 591.0 2239.8126056223387
10.0 932.0 232.0 979.0 4600.179375794506
1.0 811.0 258.0 1475.0 5827.7872861676315
4.0 308.0 556.0 2529.0 10839.988155387915
6.0 1151.0 93.0 672.0 2441.425359271839
0.0 953.0 216.0 1117.0 4344.959233884624
11.0 676.0 375.0 1532.0 7109.962860724535
7.0 1145.0 94.0 696.0 2493.7058251303347
17.0 1246.0 75.0 280.0 1431.7805279476754
1.0 810.0 259.0 1475.0 5837.005340995898
1.0 807.0 261.0 1483.0 5861.283430929121
6.0 1076.0 171.0 617.0 3148.3109738269004
1.0 810.0 259.0 1475.0 5837.005340995898
25.0 1285.0 54.0 173.0 1031.8545812391708
13.0 1345.0 11.0 131.0 479.7316386195553
6.0 1083.0 168.0 601.0 3072.071945161126
9.0 815.0 315.0 1150.0 5808.250810024634
0.0 251.0 566.0 2888.0 11470.671382083945
0.0 524.0 423.0 2132.0 8640.001444884183
15.0 1299.0 44.0 159.0 907.5701115950696
4.0 1080.0 171.0 609.0 3108.685369482397
10.0 906.0 206.0 1265.0 4834.087557190289
1.0 812.0 258.0 1470.0 5813.767138316989
1.0 697.0 302.0 1983.0 6948.030911101179
16.0 1313.0 39.0 113.0 787.5373769923593
17.0 988.0 162.0 1174.0 4024.717786560343
10.0 1173.0 85.0 591.0 2227.521508054043
10.0 933.0 232.0 972.0 4588.914622442614
1.0 735.0 289.0 1815.0 6580.921473258902
23.0 1236.0 82.0 296.0 1537.6594717842647
18.0 1335.0 31.0 48.0 566.0933798675331
11.0 898.0 253.0 1051.0 4906.561014771485
20.0 989.0 158.0 1203.0 4009.7464641138245
15.0 541.0 449.0 1873.0 8505.36804212094
14.0 1302.0 43.0 148.0 882.2638658588188
6.0 1358.0 7.0 104.0 364.4030665136177
5.0 350.0 483.0 2774.0 10451.423843959601
20.0 990.0 158.0 1198.0 3995.758818585325
6.0 1080.0 169.0 609.0 3103.7070952494987
12.0 1176.0 82.0 595.0 2203.5781938305727
0.0 253.0 562.0 2902.0 11450.973346045435
11.0 681.0 372.0 1526.0 7040.59688637387
10.0 932.0 233.0 971.0 4594.5471454375365
5.0 347.0 484.0 2776.0 10473.510859049069
10.0 1169.0 87.0 601.0 2277.005988840237
1.0 809.0 254.0 1527.0 5869.245731572872
22.0 1052.0 136.0 954.0 3453.0348027264963
14.0 1072.0 137.0 808.0 3187.1694701738666
22.0 1052.0 136.0 954.0 3453.0348027264963
7.0 1151.0 93.0 669.0 2436.985457347977
14.0 1073.0 137.0 808.0 3172.565330432914
7.0 1006.0 201.0 809.0 3873.029482273752
16.0 1255.0 70.0 260.0 1349.894950806895
1.0 810.0 259.0 1475.0 5837.005340995898
15.0 1299.0 44.0 155.0 909.0035726104321
9.0 814.0 315.0 1152.0 5822.671954515259
7.0 873.0 230.0 1340.0 5205.469533605915
0.0 1376.0 9.0 34.0 205.41840281885038
18.0 985.0 162.0 1179.0 4068.522072126522
1.0 695.0 302.0 1995.0 6960.224204184773
2.0 1033.0 191.0 725.0 3599.7519881234794
1.0 698.0 301.0 1983.0 6943.653654439358
23.0 1234.0 82.0 300.0 1566.5122139607568
8.0 1354.0 7.0 128.0 404.01774871226706
9.0 816.0 314.0 1150.0 5799.170511436059
6.0 1083.0 168.0 601.0 3072.071945161126
11.0 928.0 240.0 963.0 4634.84878808472
0.0 250.0 566.0 2898.0 11477.365074604242
4.0 1080.0 171.0 609.0 3108.685369482397
0.0 250.0 566.0 2898.0 11477.365074604242
4.0 870.0 231.0 1341.0 5256.082056728658
6.0 1151.0 93.0 672.0 2441.425359271839
6.0 1357.0 7.0 110.0 372.8246435295076
18.0 1334.0 32.0 49.0 577.9035778409856
9.0 1144.0 95.0 689.0 2499.8207782886857
12.0 1346.0 11.0 131.0 468.3490724254269
10.0 904.0 207.0 1270.0 4853.769363701925
1.0 812.0 258.0 1470.0 5813.767138316989
17.0 1257.0 69.0 255.0 1331.7445042548893
18.0 1251.0 71.0 264.0 1401.6620172994753
9.0 642.0 341.0 1948.0 7493.887877315067
11.0 898.0 253.0 1051.0 4906.561014771485
14.0 542.0 448.0 1879.0 8490.413632525773
1.0 809.0 254.0 1527.0 5869.245731572872
6.0 1365.0 16.0 33.0 291.8955295638229
4.0 775.0 273.0 1614.0 6219.124962367433
2.0 1034.0 189.0 730.0 3587.5753871030975
14.0 1073.0 137.0 808.0 3172.565330432914
10.0 932.0 232.0 982.0 4595.608314962914
5.0 412.0 486.0 2353.0 9814.193756997127
16.0 1256.0 69.0 260.0 1340.8131684624238
1.0 736.0 288.0 1815.0 6571.595372165477
12.0 928.0 240.0 965.0 4617.570669851353
6.0 1078.0 170.0 610.0 3124.3292269799585
10.0 906.0 206.0 1265.0 4834.087557190289
1.0 696.0 302.0 1986.0 6955.092819144884
32.0 1135.0 133.0 471.0 2575.1296036166814
14.0 1295.0 47.0 163.0 954.9969179489484
14.0 543.0 447.0 1879.0 8477.534243898406
32.0 1132.0 136.0 471.0 2606.848095194107
15.0 742.0 343.0 1351.0 6519.035811165679
16.0 1298.0 46.0 149.0 906.7887093320923
11.0 930.0 238.0 963.0 4617.6527939273465
3.0 1037.0 186.0 724.0 3551.5518572921897
16.0 1313.0 39.0 113.0 787.5373769923593
10.0 907.0 205.0 1270.0 4830.49959387825
9.0 817.0 313.0 1150.0 5791.537359222114
6.0 1079.0 170.0 609.0 3118.246566614802
10.0 933.0 232.0 972.0 4588.914622442614
18.0 1253.0 69.0 264.0 1380.4391596771968
7.0 1007.0 201.0 800.0 3858.238948387677
14.0 1296.0 47.0 156.0 942.8031187076172
18.0 985.0 162.0 1179.0 4068.522072126522
20.0 967.0 206.0 911.0 4247.805149241192
11.0 898.0 252.0 1060.0 4906.387054259326
0.0 513.0 431.0 2159.0 8746.573010165801
5.0 347.0 484.0 2776.0 10473.510859049069
4.0 312.0 554.0 2519.0 10794.3900343636
32.0 1134.0 134.0 471.0 2584.315725232348
16.0 986.0 162.0 1181.0 4047.342231203931
1.0 735.0 289.0 1815.0 6580.921473258902
10.0 1173.0 85.0 591.0 2227.521508054043
3.0 1074.0 172.0 630.0 3180.132586073471
6.0 1079.0 170.0 609.0 3118.246566614802
49.0 1185.0 111.0 326.0 2052.289209922444
9.0 1145.0 94.0 689.0 2488.7962162123486
1.0 810.0 255.0 1510.0 5860.640077073946
0.0 523.0 424.0 2132.0 8653.645078922777
38.0 1210.0 97.0 310.0 1800.1835080532446
5.0 383.0 510.0 2380.0 10080.329873931785
7.0 1146.0 94.0 692.0 2475.543083368223
2.0 1035.0 189.0 725.0 3575.4496876080684
1.0 736.0 288.0 1815.0 6571.595372165477
16.0 1247.0 75.0 280.0 1419.9788500685602
10.0 1177.0 83.0 583.0 2197.2977239550382
10.0 906.0 206.0 1265.0 4834.087557190289
10.0 932.0 232.0 982.0 4595.608314962914
0.0 1375.0 10.0 33.0 211.43173870279432
20.0 858.0 292.0 1073.0 5320.47007092768
4.0 1076.0 172.0 621.0 3148.9514323018584
16.0 988.0 162.0 1169.0 4028.6305835536004
11.0 1177.0 82.0 592.0 2190.2466705765123
6.0 1124.0 144.0 542.0 2686.4987137149665
1.0 694.0 303.0 1995.0 6973.937343554162
10.0 1179.0 83.0 573.0 2180.853724438125
2.0 273.0 569.0 2686.0 11224.023069712817
5.0 383.0 510.0 2380.0 10080.329873931785
4.0 1081.0 170.0 609.0 3098.150401918118
0.0 1375.0 10.0 33.0 211.43173870279432
32.0 1134.0 134.0 471.0 2584.315725232348
2.0 355.0 538.0 2390.0 10406.162951668717
3.0 329.0 493.0 2833.0 10645.419641048837
1.0 470.0 458.0 2243.0 9233.65772490544
4.0 1076.0 172.0 621.0 3148.9514323018584
0.0 523.0 424.0 2132.0 8653.645078922777
4.0 311.0 555.0 2519.0 10807.38971650334
2.0 1368.0 16.0 31.0 266.5286650140203
3.0 1367.0 16.0 31.0 278.06469575149225
0.0 515.0 429.0 2159.0 8725.510726585024
11.0 680.0 373.0 1526.0 7048.677015381419
6.0 1357.0 7.0 110.0 372.8246435295076
17.0 1257.0 69.0 255.0 1331.7445042548893
21.0 1238.0 80.0 296.0 1514.9074527456949
12.0 631.0 398.0 1655.0 7541.9790297175205
1.0 810.0 259.0 1475.0 5837.005340995898
0.0 1381.0 5.0 61.0 170.47354715298172
16.0 989.0 161.0 1174.0 4016.6387626275555
0.0 1376.0 9.0 34.0 205.41840281885038
17.0 1244.0 77.0 285.0 1454.110229787599
1.0 696.0 302.0 1986.0 6955.092819144884
14.0 1302.0 43.0 148.0 882.2638658588188
11.0 677.0 373.0 1537.0 7087.758130126915
9.0 642.0 341.0 1948.0 7493.887877315067
11.0 670.0 378.0 1556.0 7163.949807928485
1.0 697.0 301.0 1988.0 6955.3635830761705
8.0 1006.0 200.0 811.0 3858.453121013341
18.0 1254.0 68.0 264.0 1368.6189982035933
15.0 1300.0 44.0 149.0 894.1436692504832
2.0 356.0 539.0 2377.0 10406.362758678728
12.0 630.0 398.0 1659.0 7557.926322737244
4.0 871.0 230.0 1347.0 5232.895144045846
20.0 858.0 292.0 1073.0 5320.47007092768
6.0 1357.0 7.0 110.0 372.8246435295076
36.0 1206.0 87.0 375.0 1823.1941136216667
7.0 1008.0 200.0 800.0 3851.3066571640957
32.0 1135.0 133.0 471.0 2575.1296036166814
11.0 678.0 374.0 1526.0 7075.613215824987
2.0 1035.0 189.0 725.0 3575.4496876080684
0.0 1376.0 10.0 32.0 203.4252922505932
0.0 1381.0 5.0 61.0 170.47354715298172
18.0 1253.0 69.0 264.0 1380.4391596771968
12.0 1346.0 11.0 131.0 468.3490724254269
13.0 632.0 398.0 1646.0 7538.837929808301
2.0 1037.0 187.0 725.0 3560.4102554171454
9.0 816.0 314.0 1150.0 5799.170511436059
5.0 411.0 487.0 2353.0 9827.819251042507
0.0 435.0 459.0 2467.0 9558.290966303255
13.0 632.0 398.0 1646.0 7538.837929808301
6.0 1081.0 169.0 607.0 3097.911927255913
5.0 329.0 492.0 2833.0 10647.239451011637
18.0 1336.0 31.0 47.0 555.4945680336465
0.0 1381.0 5.0 61.0 170.47354715298172
9.0 816.0 314.0 1150.0 5799.170511436059
3.0 1367.0 16.0 31.0 278.06469575149225
6.0 1357.0 7.0 110.0 372.8246435295076
6.0 1152.0 93.0 669.0 2428.146987682493
0.0 1381.0 6.0 52.0 168.8544672977372
49.0 1190.0 109.0 312.0 2006.1439819654738
12.0 536.0 451.0 1899.0 8553.601848701303
18.0 1336.0 31.0 47.0 555.4945680336465
2.0 1037.0 187.0 725.0 3560.4102554171454
4.0 871.0 230.0 1347.0 5232.895144045846
16.0 1256.0 69.0 260.0 1340.8131684624238
7.0 1145.0 94.0 696.0 2493.7058251303347
49.0 1190.0 109.0 312.0 2006.1439819654738
1.0 466.0 459.0 2259.0 9268.058814308342
1.0 469.0 458.0 2248.0 9243.658781570573
7.0 1008.0 200.0 801.0 3841.318501017833
0.0 1381.0 6.0 52.0 168.8544672977372
0.0 1381.0 6.0 52.0 168.8544672977372
1.0 464.0 460.0 2269.0 9295.366590286214
4.0 871.0 230.0 1347.0 5232.895144045846
7.0 1008.0 200.0 800.0 3851.3066571640957
0.0 251.0 564.0 2902.0 11474.144527167593
6.0 1150.0 93.0 679.0 2447.581303764929
14.0 1302.0 43.0 148.0 882.2638658588188
16.0 1313.0 39.0 113.0 787.5373769923593
20.0 968.0 206.0 911.0 4236.740208199474
7.0 1147.0 94.0 685.0 2469.960172794351
16.0 1256.0 69.0 260.0 1340.8131684624238
6.0 1358.0 7.0 104.0 364.4030665136177
0.0 1376.0 9.0 34.0 205.41840281885038
0.0 250.0 566.0 2898.0 11477.365074604242
2.0 273.0 569.0 2686.0 11224.023069712817
0.0 1381.0 6.0 52.0 168.8544672977372
0.0 1376.0 10.0 32.0 203.4252922505932
36.0 1206.0 87.0 375.0 1823.1941136216667
0.0 1376.0 10.0 32.0 203.4252922505932
0.0 1376.0 10.0 32.0 203.4252922505932
0.0 1376.0 10.0 32.0 203.4252922505932
0.0 1381.0 5.0 61.0 170.47354715298172
0.0 1381.0 5.0 61.0 170.47354715298172
0.0 1381.0 5.0 61.0 170.47354715298172
