0.0 938.0 232.0 978.0 4566.15514287299
0.0 1381.0 8.0 32.0 156.71569929487754
7.0 1089.0 144.0 678.0 2921.664827333438
19.0 1330.0 10.0 176.0 644.6585989935712
22.0 1328.0 11.0 183.0 674.1196292017718
1.0 1368.0 15.0 17.0 261.01682741930256
3.0 1151.0 91.0 731.0 2379.0034816645502
2.0 693.0 354.0 1546.0 7012.004072180241
37.0 1249.0 73.0 210.0 1425.8148879027608
78.0 1169.0 83.0 671.0 2209.786350537744
16.0 1191.0 108.0 387.0 2034.2834075936028
1.0 854.0 238.0 1409.0 5287.121760060041
38.0 1240.0 79.0 209.0 1530.6754118292743
3.0 1172.0 112.0 480.0 2140.6198203156696
38.0 1240.0 79.0 209.0 1530.6754118292743
14.0 1330.0 35.0 69.0 637.6235979673784
2.0 1130.0 99.0 832.0 2596.2921671743375
12.0 824.0 287.0 1185.0 5653.477580845012
2.0 1167.0 115.0 484.0 2184.6102965088294
1.0 695.0 352.0 1544.0 6984.549509198848
0.0 1381.0 8.0 32.0 156.71569929487754
8.0 879.0 232.0 1260.0 5067.872592201027
5.0 558.0 421.0 1882.0 8309.842728269774
28.0 1270.0 50.0 285.0 1232.5218897385168
30.0 935.0 193.0 1263.0 4591.5843776952415
17.0 1341.0 24.0 41.0 552.8466669680552
23.0 1130.0 138.0 461.0 2614.2611911658205
2.0 750.0 329.0 1399.0 6347.4655183482155
23.0 983.0 198.0 864.0 4010.6624047008636
10.0 670.0 333.0 1789.0 7196.98541878735
10.0 627.0 345.0 2030.0 7682.260918164447
1.0 696.0 352.0 1539.0 6978.759104500712
10.0 669.0 333.0 1794.0 7204.853906287887
4.0 388.0 492.0 2477.0 10024.126419716162
3.0 441.0 478.0 2263.0 9480.479363712988
1.0 852.0 239.0 1415.0 5305.728869589073
1.0 720.0 343.0 1471.0 6736.717725535999
24.0 1325.0 13.0 187.0 701.5632110478864
19.0 1330.0 10.0 179.0 641.7089298390558
13.0 1197.0 105.0 372.0 1983.2031339335185
1.0 1367.0 14.0 22.0 268.8822024772111
18.0 1191.0 108.0 383.0 2039.2462266554364
0.0 316.0 503.0 2892.0 10800.452635302889
2.0 1167.0 114.0 486.0 2186.9288772088444
2.0 1144.0 93.0 760.0 2467.691859880403
10.0 625.0 345.0 2047.0 7704.660975271211
3.0 581.0 397.0 1889.0 8076.642304027016
2.0 751.0 328.0 1390.0 6343.321351578725
21.0 964.0 201.0 936.0 4220.464776621753
0.0 508.0 435.0 2151.0 8818.994394416635
20.0 1338.0 26.0 43.0 589.1991389448596
4.0 850.0 237.0 1439.0 5345.011745003849
7.0 1083.0 148.0 681.0 2981.468718781775
22.0 1030.0 190.0 681.0 3579.1709520839304
13.0 1072.0 175.0 582.0 3182.247809275403
1.0 507.0 435.0 2153.0 8827.7453256765
1.0 1167.0 114.0 490.0 2182.3509983182307
5.0 551.0 427.0 1894.0 8361.208875251845
28.0 1010.0 211.0 694.0 3745.6832298360077
15.0 1339.0 25.0 41.0 582.4888799348197
1.0 848.0 239.0 1437.0 5365.701462173689
1.0 694.0 353.0 1544.0 6998.604665323259
5.0 803.0 253.0 1599.0 5915.863522769469
3.0 1165.0 116.0 489.0 2195.816002655317
7.0 1083.0 148.0 681.0 2981.468718781775
28.0 1271.0 50.0 269.0 1229.3049720624083
3.0 447.0 471.0 2260.0 9430.957527276947
5.0 581.0 396.0 1892.0 8069.813577167848
0.0 1378.0 8.0 37.0 178.04614011121262
3.0 1151.0 91.0 731.0 2379.0034816645502
12.0 928.0 225.0 1035.0 4585.606275999131
7.0 1089.0 144.0 678.0 2921.664827333438
0.0 258.0 567.0 2817.0 11403.755820311806
10.0 1037.0 144.0 1012.0 3465.940156579494
6.0 908.0 206.0 1345.0 4833.978230540632
1.0 696.0 352.0 1540.0 6973.124060180499
5.0 618.0 382.0 1805.0 7686.920735565612
28.0 1269.0 51.0 269.0 1252.0164267159257
23.0 1325.0 14.0 183.0 705.5610540870429
24.0 1326.0 12.0 189.0 692.5875312693275
26.0 1126.0 141.0 471.0 2651.051227388143
2.0 752.0 327.0 1399.0 6331.081884581344
13.0 1196.0 106.0 372.0 1990.0232046254616
2.0 1129.0 99.0 835.0 2607.524132647279
21.0 1328.0 11.0 183.0 674.1909803190168
1.0 1165.0 116.0 489.0 2205.6301136423617
14.0 1342.0 24.0 40.0 543.6387968775601
38.0 1236.0 79.0 233.0 1561.5757711692665
1.0 1381.0 7.0 42.0 155.97472697312392
4.0 1365.0 17.0 21.0 283.71640337065213
4.0 599.0 393.0 1829.0 7884.165042465561
12.0 823.0 288.0 1185.0 5658.9648999691235
5.0 793.0 255.0 1658.0 6026.527608822407
30.0 931.0 227.0 989.0 4645.9910546772135
40.0 1238.0 80.0 218.0 1541.0160631688957
1.0 721.0 342.0 1471.0 6721.549375240478
3.0 383.0 493.0 2501.0 10085.034785689317
10.0 1039.0 143.0 1012.0 3449.726730358866
3.0 1150.0 91.0 731.0 2385.5800701244398
4.0 344.0 535.0 2439.0 10505.648621347742
10.0 671.0 332.0 1785.0 7186.9185938541195
12.0 823.0 287.0 1188.0 5658.546916072762
38.0 1239.0 79.0 218.0 1536.5768593099083
5.0 1149.0 91.0 741.0 2396.1329877412245
2.0 752.0 327.0 1399.0 6331.081884581344
1.0 1168.0 114.0 486.0 2175.863936167126
4.0 905.0 209.0 1345.0 4859.5836915779655
3.0 1151.0 91.0 731.0 2379.0034816645502
0.0 1381.0 8.0 32.0 156.71569929487754
2.0 284.0 560.0 2658.0 11106.710707516308
21.0 1329.0 11.0 179.0 646.6779105949
4.0 341.0 537.0 2444.0 10537.62252754549
10.0 670.0 332.0 1792.0 7194.155786229487
5.0 794.0 255.0 1652.0 6010.533762064697
10.0 669.0 331.0 1803.0 7213.974350730593
10.0 626.0 345.0 2039.0 7694.162656516727
4.0 602.0 390.0 1831.0 7858.389080925783
3.0 1151.0 91.0 731.0 2379.0034816645502
4.0 341.0 536.0 2450.0 10530.33209149632
21.0 966.0 201.0 928.0 4194.146437269139
2.0 1366.0 16.0 21.0 276.3634347250628
13.0 1072.0 176.0 579.0 3189.568818745699
12.0 929.0 224.0 1035.0 4579.6824411873085
5.0 557.0 422.0 1882.0 8319.653605750536
28.0 1270.0 50.0 285.0 1232.5218897385168
3.0 582.0 396.0 1889.0 8064.35120645872
2.0 284.0 560.0 2658.0 11106.710707516308
22.0 963.0 201.0 934.0 4228.958105625831
21.0 964.0 202.0 931.0 4219.976511360673
0.0 1381.0 8.0 32.0 156.71569929487754
4.0 341.0 537.0 2444.0 10537.62252754549
2.0 1144.0 93.0 760.0 2467.691859880403
23.0 1129.0 139.0 461.0 2623.3429735102914
5.0 340.0 537.0 2448.0 10536.182745069831
9.0 395.0 490.0 2422.0 9964.591902329752
13.0 1074.0 175.0 579.0 3169.0835115750197
4.0 797.0 253.0 1634.0 5975.882708844094
21.0 1328.0 11.0 183.0 674.1909803190168
19.0 1331.0 10.0 176.0 634.3479105892675
8.0 877.0 232.0 1275.0 5089.431146484483
5.0 617.0 383.0 1805.0 7703.615920680357
5.0 554.0 424.0 1891.0 8341.840143564345
23.0 983.0 198.0 864.0 4010.6624047008636
27.0 1269.0 50.0 275.0 1251.0925608766102
12.0 1036.0 144.0 1012.0 3486.1273069578656
14.0 1337.0 28.0 47.0 567.0249948228385
26.0 1127.0 142.0 452.0 2649.28809321414
22.0 1026.0 193.0 686.0 3624.5173669789688
0.0 300.0 513.0 2926.0 10978.993727373856
7.0 1089.0 144.0 678.0 2921.664827333438
5.0 1060.0 130.0 997.0 3265.8401098601266
23.0 1130.0 137.0 462.0 2621.3156305262282
0.0 257.0 567.0 2827.0 11410.610055989864
14.0 1341.0 24.0 41.0 558.595154688959
10.0 668.0 333.0 1797.0 7217.8493823567815
11.0 933.0 222.0 1029.0 4532.584538941003
2.0 1130.0 99.0 832.0 2596.2921671743375
4.0 600.0 393.0 1826.0 7871.47775421689
39.0 1240.0 78.0 218.0 1519.0377719732005
22.0 982.0 201.0 856.0 4025.5570647105005
23.0 1129.0 139.0 461.0 2623.3429735102914
38.0 1238.0 79.0 219.0 1539.1356762797018
0.0 1381.0 8.0 32.0 156.71569929487754
12.0 822.0 289.0 1185.0 5669.162091831976
3.0 1152.0 90.0 739.0 2375.535023536762
11.0 800.0 301.0 1233.0 5891.111675575678
4.0 341.0 537.0 2444.0 10537.62252754549
12.0 930.0 224.0 1032.0 4569.604020154705
21.0 965.0 201.0 931.0 4206.801786324419
13.0 1072.0 177.0 579.0 3188.6218541881753
22.0 1028.0 192.0 679.0 3602.994505575424
12.0 825.0 286.0 1190.0 5630.49805617747
12.0 820.0 287.0 1202.0 5681.35720997455
12.0 824.0 288.0 1181.0 5650.3583735351285
28.0 1271.0 50.0 269.0 1229.3049720624083
14.0 1192.0 107.0 383.0 2026.1823027600103
4.0 906.0 208.0 1345.0 4851.396929621079
19.0 876.0 264.0 1071.0 5171.954122929131
5.0 554.0 424.0 1891.0 8341.840143564345
2.0 284.0 560.0 2658.0 11106.710707516308
7.0 907.0 207.0 1346.0 4843.429586433282
11.0 804.0 298.0 1230.0 5834.873860621055
8.0 876.0 232.0 1280.0 5102.039320850938
37.0 1249.0 73.0 210.0 1425.8148879027608
4.0 1065.0 129.0 976.0 3213.596499546655
37.0 1249.0 73.0 210.0 1425.8148879027608
28.0 1269.0 51.0 285.0 1240.136356185223
2.0 443.0 473.0 2274.0 9469.85523579346
5.0 795.0 254.0 1652.0 5997.177248151926
15.0 1064.0 184.0 581.0 3276.509571417165
38.0 1239.0 78.0 221.0 1531.9714556345266
10.0 626.0 345.0 2039.0 7694.162656516727
28.0 1003.0 220.0 691.0 3826.9845483902295
28.0 1271.0 50.0 279.0 1227.7705118623576
29.0 1003.0 219.0 695.0 3821.802658519146
0.0 501.0 436.0 2188.0 8902.272081442301
38.0 1240.0 79.0 209.0 1530.6754118292743
19.0 876.0 263.0 1073.0 5171.614116461781
37.0 1249.0 73.0 210.0 1425.8148879027608
23.0 983.0 198.0 864.0 4010.6624047008636
11.0 799.0 301.0 1233.0 5902.176616617397
18.0 880.0 261.0 1068.0 5131.691930961556
3.0 447.0 471.0 2260.0 9430.957527276947
3.0 581.0 397.0 1889.0 8076.642304027016
10.0 668.0 332.0 1803.0 7220.61432501048
1.0 718.0 344.0 1478.0 6754.175493489792
5.0 551.0 426.0 1897.0 8368.364142975293
37.0 1249.0 73.0 210.0 1425.8148879027608
26.0 1011.0 211.0 688.0 3737.622142251421
38.0 1241.0 77.0 218.0 1512.1274110441946
13.0 1074.0 175.0 579.0 3169.0835115750197
4.0 1062.0 130.0 987.0 3248.0764310968584
7.0 1088.0 145.0 678.0 2931.7938063691317
7.0 1083.0 148.0 681.0 2981.468718781775
1.0 694.0 353.0 1546.0 6991.7278777205565
4.0 1062.0 130.0 989.0 3237.306044149023
23.0 1130.0 138.0 461.0 2614.2611911658205
0.0 394.0 491.0 2464.0 9962.578286479085
10.0 1038.0 143.0 1012.0 3460.791671400584
14.0 1338.0 27.0 47.0 561.0821730892178
3.0 536.0 430.0 1976.0 8526.16803259663
28.0 1271.0 50.0 279.0 1227.7705118623576
1.0 1368.0 14.0 21.0 262.03679359159446
37.0 1246.0 74.0 217.0 1449.1582319243807
12.0 1074.0 175.0 579.0 3173.294480135767
22.0 1030.0 191.0 674.0 3582.720539186939
12.0 824.0 286.0 1188.0 5647.328483711507
15.0 1064.0 184.0 581.0 3276.509571417165
37.0 1250.0 73.0 209.0 1411.8150722124115
4.0 795.0 254.0 1652.0 5998.98898460292
14.0 1333.0 33.0 60.0 602.4735766966944
8.0 878.0 232.0 1266.0 5081.084752658341
3.0 438.0 475.0 2286.0 9520.334334595522
19.0 1331.0 10.0 176.0 634.3479105892675
11.0 800.0 301.0 1233.0 5891.111675575678
2.0 716.0 344.0 1486.0 6774.154176608722
1.0 1368.0 14.0 21.0 262.03679359159446
12.0 824.0 287.0 1185.0 5653.477580845012
12.0 823.0 288.0 1185.0 5658.9648999691235
3.0 387.0 490.0 2495.0 10044.363726142567
0.0 1381.0 8.0 32.0 156.71569929487754
28.0 1003.0 220.0 691.0 3826.9845483902295
3.0 1151.0 91.0 731.0 2379.0034816645502
4.0 1065.0 129.0 976.0 3213.596499546655
0.0 313.0 506.0 2884.0 10827.210729798582
3.0 383.0 493.0 2501.0 10085.034785689317
11.0 934.0 222.0 1027.0 4520.4209426760235
1.0 1168.0 114.0 486.0 2175.863936167126
3.0 533.0 431.0 1986.0 8566.975322433062
22.0 982.0 201.0 856.0 4025.5570647105005
26.0 1012.0 210.0 688.0 3726.501466136597
23.0 983.0 198.0 864.0 4010.6624047008636
2.0 442.0 477.0 2263.0 9470.812715291304
2.0 284.0 560.0 2658.0 11106.710707516308
28.0 1003.0 220.0 691.0 3826.9845483902295
0.0 298.0 514.0 2936.0 11005.347203645479
2.0 281.0 562.0 2671.0 11144.829546763467
2.0 443.0 473.0 2274.0 9469.85523579346
5.0 908.0 207.0 1345.0 4835.495025370281
1.0 1368.0 14.0 21.0 262.03679359159446
1.0 1369.0 13.0 22.0 255.8983404374669
1.0 1369.0 13.0 22.0 255.8983404374669
21.0 968.0 199.0 928.0 4177.211629009862
0.0 502.0 435.0 2185.0 8894.789722048678
2.0 447.0 471.0 2268.0 9432.54753333978
11.0 800.0 301.0 1233.0 5891.111675575678
5.0 617.0 383.0 1805.0 7703.615920680357
0.0 313.0 506.0 2884.0 10827.210729798582
0.0 314.0 505.0 2892.0 10817.531684051122
21.0 1032.0 189.0 681.0 3559.8108310698
13.0 1068.0 178.0 592.0 3224.720277252348
18.0 881.0 260.0 1068.0 5121.929322692226
0.0 1376.0 12.0 18.0 204.47040469278818
38.0 1240.0 78.0 218.0 1525.3604047588083
4.0 1064.0 129.0 983.0 3226.949390573766
1.0 849.0 239.0 1433.0 5353.507063098172
0.0 256.0 567.0 2837.0 11417.725476049598
0.0 1376.0 12.0 18.0 204.47040469278818
3.0 531.0 432.0 1995.0 8586.717213505784
0.0 1379.0 8.0 36.0 172.45645466833332
6.0 1354.0 23.0 30.0 397.2903460861936
28.0 1271.0 50.0 279.0 1227.7705118623576
13.0 1343.0 23.0 40.0 536.6439089094597
4.0 802.0 253.0 1607.0 5926.222416369943
0.0 1379.0 8.0 36.0 172.45645466833332
0.0 255.0 567.0 2847.0 11431.335909181444
0.0 1376.0 12.0 18.0 204.47040469278818
0.0 1379.0 8.0 36.0 172.45645466833332
0.0 1380.0 8.0 36.0 164.64083209513961
0.0 1380.0 8.0 36.0 164.64083209513961
