0.0 1106.0 142.0 666.0 2844.7246562240302
4.0 401.0 502.0 2304.0 9891.571183484786
1.0 302.0 545.0 2619.0 10926.252586501654
4.0 400.0 503.0 2302.0 9903.645973383242
7.0 1067.0 187.0 599.0 3177.2909363911563
16.0 1243.0 69.0 325.0 1455.0793269143257
1.0 301.0 546.0 2626.0 10931.076206682817
0.0 712.0 328.0 1629.0 6727.726906412889
7.0 904.0 264.0 990.0 4827.0974144866595
17.0 895.0 209.0 1381.0 4898.91167997182
4.0 777.0 286.0 1522.0 6087.223818393375
5.0 1053.0 151.0 891.0 3352.712186774988
18.0 1135.0 117.0 522.0 2601.8959920980124
6.0 1044.0 153.0 922.0 3444.363343074613
0.0 710.0 329.0 1644.0 6735.307248923833
1.0 1032.0 214.0 637.0 3504.9854923608937
18.0 894.0 210.0 1381.0 4909.044763702196
1.0 627.0 359.0 1965.0 7529.788949771718
1.0 1377.0 10.0 26.0 173.1557868603221
2.0 970.0 243.0 774.0 4166.2067087005025
2.0 266.0 559.0 2792.0 11317.599688323297
6.0 1045.0 153.0 912.0 3436.5610363602345
1.0 302.0 543.0 2641.0 10915.216010368727
24.0 869.0 215.0 1482.0 5148.799580355731
3.0 972.0 245.0 757.0 4146.401966440765
5.0 1021.0 177.0 854.0 3621.2033273605543
14.0 821.0 313.0 1138.0 5735.1714109213635
0.0 710.0 329.0 1634.0 6743.790507056035
12.0 823.0 311.0 1147.0 5700.60511272722
0.0 708.0 330.0 1640.0 6766.1858773112735
2.0 971.0 244.0 763.0 4158.314146317806
6.0 504.0 444.0 2099.0 8821.684559341049
19.0 1242.0 71.0 316.0 1460.6929074744014
0.0 1370.0 15.0 56.0 256.83641793564686
1.0 1372.0 12.0 30.0 206.6579531853832
12.0 822.0 311.0 1151.0 5709.101735667459
17.0 1146.0 120.0 467.0 2434.476740870803
1.0 1035.0 212.0 633.0 3495.100886727384
8.0 1349.0 5.0 168.0 452.86784244579087
21.0 1317.0 40.0 63.0 747.5037639093593
2.0 350.0 530.0 2457.0 10398.858981438028
0.0 713.0 327.0 1629.0 6715.935181408838
0.0 665.0 342.0 1848.0 7199.167500157421
1.0 521.0 416.0 2221.0 8629.429670955056
3.0 776.0 285.0 1526.0 6098.85030882451
1.0 1376.0 12.0 19.0 183.56629596009316
5.0 412.0 481.0 2375.0 9741.080648223395
15.0 1247.0 68.0 313.0 1408.0785404518426
6.0 501.0 445.0 2108.0 8858.61710873838
3.0 974.0 244.0 751.0 4134.141362665408
4.0 1056.0 150.0 880.0 3314.919782509223
5.0 772.0 283.0 1572.0 6143.475786140293
7.0 515.0 443.0 2044.0 8720.985249006779
4.0 768.0 286.0 1585.0 6185.064082406522
0.0 709.0 330.0 1634.0 6749.959432327514
9.0 983.0 191.0 954.0 3984.0789537405526
1.0 253.0 569.0 2870.0 11437.890830121394
1.0 668.0 337.0 1853.0 7174.606376969773
2.0 349.0 531.0 2454.0 10402.423607023124
5.0 412.0 483.0 2369.0 9745.057153887246
0.0 710.0 329.0 1634.0 6743.790507056035
3.0 973.0 244.0 757.0 4139.870884237732
1.0 626.0 361.0 1956.0 7544.27834208661
1.0 252.0 569.0 2880.0 11445.006250181128
2.0 711.0 328.0 1637.0 6738.595943072933
1.0 1378.0 11.0 15.0 161.02726143933393
5.0 1025.0 176.0 845.0 3580.8500804924024
23.0 1180.0 98.0 407.0 2134.26391884457
16.0 893.0 210.0 1386.0 4919.505097926278
17.0 895.0 209.0 1381.0 4898.91167997182
3.0 1056.0 151.0 879.0 3317.1951387493195
23.0 1202.0 87.0 367.0 1932.334136423523
1.0 1039.0 211.0 623.0 3456.2351444355354
5.0 533.0 423.0 2093.0 8513.888350256866
5.0 413.0 481.0 2371.0 9738.409193267267
19.0 1242.0 70.0 329.0 1467.8568214300494
1.0 1038.0 211.0 626.0 3467.181378393013
12.0 896.0 267.0 1001.0 4913.211330363499
3.0 1358.0 6.0 116.0 371.9144231342256
30.0 1290.0 56.0 129.0 991.9652624234809
3.0 775.0 285.0 1538.0 6113.884358358705
7.0 1068.0 185.0 603.0 3163.1876796099673
1.0 1376.0 11.0 26.0 179.6952873182558
0.0 666.0 341.0 1848.0 7185.106256266658
4.0 1054.0 153.0 879.0 3334.3207754806895
1.0 1031.0 214.0 641.0 3519.817685468999
1.0 625.0 360.0 1972.0 7547.455770715953
14.0 820.0 312.0 1152.0 5732.409008347844
3.0 778.0 284.0 1525.0 6077.528318944071
1.0 624.0 361.0 1970.0 7569.2483318268405
9.0 1160.0 107.0 500.0 2306.3919961640872
5.0 774.0 282.0 1569.0 6119.8050404356545
1.0 1030.0 215.0 641.0 3525.5307545779433
14.0 1245.0 69.0 315.0 1432.9984950247847
2.0 264.0 561.0 2798.0 11329.961683697522
7.0 1067.0 186.0 606.0 3172.868628376109
1.0 304.0 541.0 2641.0 10904.17563230046
1.0 522.0 415.0 2220.0 8631.232023422193
1.0 1377.0 10.0 26.0 173.1557868603221
17.0 1245.0 68.0 321.0 1430.1032380914614
16.0 1135.0 118.0 515.0 2606.315412538452
2.0 1375.0 11.0 20.0 193.81012609944975
1.0 1377.0 10.0 26.0 173.1557868603221
1.0 1377.0 10.0 26.0 173.1557868603221
9.0 1160.0 107.0 500.0 2306.3919961640872
12.0 822.0 311.0 1151.0 5709.101735667459
5.0 1052.0 150.0 894.0 3358.8362572746005
16.0 1245.0 69.0 315.0 1425.1296607139159
24.0 869.0 216.0 1480.0 5143.848684807724
3.0 769.0 286.0 1585.0 6173.262404527407
2.0 522.0 416.0 2213.0 8628.922772547508
1.0 252.0 569.0 2880.0 11445.006250181128
1.0 1031.0 214.0 641.0 3519.817685468999
4.0 398.0 503.0 2321.0 9919.255634846957
23.0 1202.0 87.0 367.0 1932.334136423523
22.0 1123.0 120.0 562.0 2677.165333838064
29.0 1283.0 43.0 226.0 1086.8793552638729
28.0 1292.0 54.0 129.0 970.4121161946489
32.0 590.0 407.0 1776.0 7937.9119689143945
29.0 1291.0 55.0 129.0 979.9553822577163
1.0 1038.0 211.0 626.0 3467.181378393013
19.0 1319.0 38.0 63.0 723.9479257132789
8.0 1349.0 6.0 159.0 446.6775411629678
21.0 1317.0 40.0 63.0 747.5037639093593
12.0 896.0 267.0 1001.0 4913.211330363499
21.0 1123.0 121.0 561.0 2678.5086501504447
23.0 1201.0 88.0 369.0 1944.679236107878
29.0 1283.0 43.0 226.0 1086.8793552638729
6.0 502.0 444.0 2108.0 8847.687627373472
4.0 396.0 505.0 2321.0 9941.076350310726
22.0 1136.0 126.0 468.0 2535.357350939658
1.0 1377.0 10.0 26.0 173.1557868603221
8.0 1351.0 5.0 159.0 434.57018073014626
32.0 586.0 408.0 1786.0 7977.99268746661
20.0 1227.0 77.0 357.0 1601.1736523975267
22.0 1226.0 79.0 346.0 1609.3398954549416
1.0 1377.0 10.0 26.0 173.1557868603221
4.0 400.0 503.0 2304.0 9898.335948984763
1.0 521.0 416.0 2220.0 8637.564613730216
11.0 897.0 266.0 1001.0 4902.796098620586
23.0 1202.0 88.0 364.0 1935.5516897841683
3.0 1358.0 6.0 116.0 371.9144231342256
12.0 822.0 311.0 1151.0 5709.101735667459
7.0 1068.0 186.0 599.0 3162.804739417086
1.0 303.0 541.0 2645.0 10909.50781733958
1.0 1377.0 10.0 26.0 173.1557868603221
2.0 1057.0 150.0 879.0 3307.862567179062
14.0 820.0 312.0 1152.0 5732.409008347844
14.0 1329.0 31.0 58.0 649.3392959198743
1.0 626.0 360.0 1965.0 7536.183393855642
32.0 586.0 408.0 1786.0 7977.99268746661
12.0 823.0 311.0 1147.0 5700.60511272722
23.0 1136.0 125.0 468.0 2530.549483358025
12.0 822.0 311.0 1151.0 5709.101735667459
14.0 1245.0 69.0 315.0 1432.9984950247847
1.0 252.0 569.0 2880.0 11445.006250181128
5.0 410.0 483.0 2375.0 9767.052968276505
35.0 1276.0 44.0 262.0 1134.02404555482
7.0 904.0 264.0 990.0 4827.0974144866595
20.0 1320.0 35.0 65.0 726.0884747368539
23.0 1181.0 97.0 407.0 2123.1981353422784
3.0 972.0 244.0 759.0 4149.891104969453
18.0 1243.0 70.0 317.0 1442.3638840621813
2.0 971.0 243.0 767.0 4153.531729911846
12.0 1339.0 26.0 53.0 557.9435188577855
7.0 900.0 266.0 998.0 4871.373913745557
11.0 897.0 266.0 1001.0 4902.796098620586
6.0 1070.0 185.0 590.0 3139.3382142819587
7.0 903.0 265.0 990.0 4840.812836126507
6.0 1020.0 180.0 836.0 3638.767511543209
6.0 516.0 442.0 2054.0 8703.611430330247
2.0 348.0 531.0 2461.0 10416.888425129626
18.0 1321.0 36.0 63.0 708.6538765577161
24.0 869.0 215.0 1482.0 5148.799580355731
5.0 411.0 483.0 2371.0 9758.11309144258
5.0 409.0 485.0 2366.0 9775.239698037378
1.0 1370.0 13.0 33.0 223.24188943799751
12.0 1339.0 26.0 53.0 557.9435188577855
3.0 777.0 285.0 1525.0 6084.150127352513
1.0 983.0 239.0 737.0 4054.7801290017187
1.0 1377.0 11.0 19.0 168.952394239596
24.0 869.0 216.0 1480.0 5143.848684807724
3.0 778.0 284.0 1525.0 6077.528318944071
32.0 586.0 408.0 1786.0 7977.99268746661
12.0 822.0 311.0 1151.0 5709.101735667459
12.0 948.0 229.0 878.0 4371.714415009956
16.0 893.0 210.0 1386.0 4919.505097926278
22.0 1137.0 125.0 468.0 2520.889787193944
17.0 895.0 209.0 1381.0 4898.91167997182
26.0 858.0 221.0 1516.0 5264.109842395962
8.0 1351.0 5.0 159.0 434.57018073014626
15.0 820.0 314.0 1138.0 5744.431946338068
1.0 1377.0 11.0 19.0 168.952394239596
1.0 668.0 338.0 1852.0 7174.239840575811
6.0 515.0 444.0 2043.0 8721.23437804985
1.0 520.0 417.0 2221.0 8634.644877844969
1.0 1371.0 12.0 33.0 212.07244717159165
3.0 778.0 284.0 1525.0 6077.528318944071
2.0 346.0 532.0 2469.0 10434.20693590437
29.0 1283.0 43.0 226.0 1086.8793552638729
1.0 1377.0 11.0 19.0 168.952394239596
1.0 302.0 543.0 2641.0 10915.216010368727
0.0 666.0 341.0 1848.0 7185.106256266658
8.0 1350.0 5.0 159.0 440.75056535225565
1.0 1031.0 214.0 641.0 3519.817685468999
2.0 1057.0 150.0 879.0 3307.862567179062
23.0 1202.0 88.0 364.0 1935.5516897841683
28.0 1292.0 54.0 129.0 970.4121161946489
1.0 519.0 418.0 2225.0 8642.638546521843
34.0 1277.0 43.0 262.0 1122.6650868203355
19.0 1319.0 38.0 63.0 723.9479257132789
15.0 1245.0 70.0 313.0 1430.631840533814
3.0 769.0 286.0 1585.0 6173.262404527407
9.0 979.0 193.0 963.0 4019.9123214890315
1.0 1038.0 211.0 626.0 3467.181378393013
5.0 776.0 283.0 1543.0 6101.455772567069
21.0 1124.0 120.0 561.0 2671.977567947412
0.0 710.0 329.0 1634.0 6743.790507056035
4.0 397.0 504.0 2321.0 9926.899761566627
30.0 1110.0 129.0 582.0 2822.5320592094936
1.0 252.0 569.0 2880.0 11445.006250181128
14.0 935.0 235.0 914.0 4529.116615348099
1.0 1031.0 214.0 641.0 3519.817685468999
22.0 1123.0 120.0 562.0 2677.165333838064
9.0 983.0 191.0 954.0 3984.0789537405526
9.0 1160.0 107.0 500.0 2306.3919961640872
20.0 1227.0 77.0 357.0 1601.1736523975267
2.0 969.0 243.0 776.0 4173.415956037016
2.0 690.0 337.0 1713.0 6958.237667291098
0.0 713.0 327.0 1629.0 6715.935181408838
14.0 1329.0 31.0 58.0 649.3392959198743
23.0 1202.0 88.0 364.0 1935.5516897841683
2.0 971.0 243.0 767.0 4153.531729911846
1.0 626.0 361.0 1956.0 7544.27834208661
5.0 1053.0 150.0 893.0 3350.8664509665364
15.0 1246.0 69.0 313.0 1418.3407429655188
0.0 666.0 341.0 1848.0 7185.106256266658
2.0 1057.0 150.0 879.0 3307.862567179062
19.0 1319.0 38.0 63.0 723.9479257132789
5.0 1023.0 176.0 851.0 3601.3984021519445
23.0 1202.0 88.0 364.0 1935.5516897841683
1.0 624.0 361.0 1970.0 7569.2483318268405
23.0 1180.0 98.0 407.0 2134.26391884457
1.0 300.0 546.0 2629.0 10943.453106488078
1.0 1031.0 214.0 641.0 3519.817685468999
1.0 252.0 569.0 2880.0 11445.006250181128
20.0 1226.0 78.0 357.0 1607.2733466387372
14.0 1247.0 69.0 313.0 1411.9533266360422
1.0 1377.0 11.0 19.0 168.952394239596
9.0 983.0 191.0 954.0 3984.0789537405526
1.0 627.0 359.0 1965.0 7529.788949771718
1.0 1377.0 10.0 26.0 173.1557868603221
1.0 1372.0 12.0 30.0 206.6579531853832
8.0 1351.0 5.0 159.0 434.57018073014626
23.0 1180.0 98.0 407.0 2134.26391884457
1.0 1377.0 10.0 26.0 173.1557868603221
3.0 1358.0 6.0 116.0 371.9144231342256
22.0 1182.0 97.0 406.0 2116.3599903895006
14.0 1329.0 31.0 58.0 649.3392959198743
1.0 1377.0 10.0 26.0 173.1557868603221
3.0 1358.0 6.0 116.0 371.9144231342256
1.0 1377.0 10.0 26.0 173.1557868603221
1.0 624.0 361.0 1970.0 7569.2483318268405
0.0 713.0 327.0 1629.0 6715.935181408838
1.0 1036.0 212.0 627.0 3489.6617213788304
17.0 1146.0 120.0 467.0 2434.476740870803
22.0 1182.0 97.0 406.0 2116.3599903895006
1.0 283.0 553.0 2717.0 11105.259949599053
1.0 1377.0 10.0 26.0 173.1557868603221
3.0 1358.0 6.0 116.0 371.9144231342256
14.0 1329.0 31.0 58.0 649.3392959198743
16.0 1135.0 117.0 522.0 2605.533516406039
1.0 1377.0 10.0 26.0 173.1557868603221
1.0 252.0 569.0 2880.0 11445.006250181128
6.0 1353.0 5.0 156.0 412.5415458366102
3.0 1358.0 6.0 116.0 371.9144231342256
1.0 1377.0 10.0 26.0 173.1557868603221
