21.0 1064.0 184.0 578.0 3200.4576979272306
14.0 1259.0 63.0 278.0 1311.3426829471512
11.0 1021.0 165.0 911.0 3671.205366746218
19.0 838.0 303.0 1056.0 5483.531880561395
10.0 1189.0 106.0 312.0 2054.815335949842
4.0 1001.0 199.0 783.0 3942.5351034131227
0.0 496.0 446.0 2146.0 8897.930830422438
15.0 743.0 341.0 1342.0 6434.188928778315
2.0 931.0 217.0 1084.0 4541.217239519455
0.0 350.0 518.0 2521.0 10436.50793911314
0.0 1376.0 6.0 68.0 195.7701761804849
0.0 308.0 550.0 2591.0 10880.896289508446
2.0 934.0 215.0 1077.0 4517.99449665974
3.0 647.0 389.0 1666.0 7355.785986791573
25.0 1299.0 39.0 154.0 936.9366704454079
19.0 838.0 303.0 1056.0 5483.531880561395
4.0 1123.0 138.0 504.0 2680.882966908546
2.0 522.0 439.0 2043.0 8658.031574661474
0.0 578.0 396.0 1966.0 8156.827944318752
1.0 935.0 215.0 1086.0 4510.514919388599
0.0 1375.0 7.0 68.0 209.64968037483595
11.0 1057.0 166.0 684.0 3315.058690965482
14.0 1258.0 63.0 284.0 1320.937183335852
34.0 805.0 318.0 1127.0 5828.8635013010335
0.0 351.0 518.0 2515.0 10423.290877751622
12.0 1319.0 40.0 64.0 768.4863563775843
2.0 368.0 511.0 2435.0 10250.850733313244
6.0 983.0 189.0 977.0 4024.6718252197775
9.0 1070.0 132.0 838.0 3234.9286988850254
11.0 725.0 355.0 1372.0 6679.867148889614
19.0 885.0 287.0 966.0 5025.286109736485
4.0 1000.0 199.0 787.0 3950.407332249051
35.0 1245.0 84.0 210.0 1463.6697995954564
3.0 1137.0 109.0 638.0 2532.352878952489
3.0 622.0 402.0 1724.0 7635.286125506009
4.0 418.0 484.0 2329.0 9690.978645459489
6.0 783.0 265.0 1670.0 6026.062464617511
4.0 1000.0 200.0 783.0 3948.11231796971
6.0 1088.0 156.0 575.0 3071.1135364210336
0.0 494.0 448.0 2146.0 8922.966130979545
2.0 713.0 300.0 1870.0 6805.798034490008
6.0 981.0 190.0 980.0 4047.960751427952
1.0 900.0 230.0 1176.0 4849.07105502616
2.0 715.0 300.0 1855.0 6790.904288649881
15.0 744.0 341.0 1339.0 6421.193452709421
4.0 1004.0 198.0 785.0 3901.314868586097
1.0 1375.0 6.0 78.0 201.68218849919273
32.0 817.0 314.0 1088.0 5696.91196068211
0.0 1376.0 6.0 68.0 195.7701761804849
17.0 1239.0 64.0 389.0 1542.8859799569668
4.0 1001.0 200.0 779.0 3938.170690211643
1.0 933.0 218.0 1071.0 4528.5179316159665
6.0 1169.0 110.0 406.0 2246.5619350172205
2.0 1371.0 13.0 23.0 247.03270232731637
14.0 1211.0 83.0 425.0 1770.091567179937
2.0 1370.0 14.0 23.0 252.04325440030556
0.0 272.0 551.0 2872.0 11290.340110424173
19.0 839.0 302.0 1059.0 5469.0892767087025
6.0 1089.0 154.0 576.0 3067.3731612606857
6.0 782.0 266.0 1670.0 6040.857718129115
12.0 1162.0 124.0 345.0 2308.465173519795
0.0 901.0 230.0 1176.0 4837.424382922359
0.0 575.0 399.0 1959.0 8190.734244790209
8.0 1192.0 106.0 313.0 2030.516500799621
10.0 1188.0 107.0 312.0 2066.819431368877
6.0 982.0 190.0 977.0 4033.121505507444
6.0 1169.0 110.0 406.0 2246.5619350172205
0.0 455.0 474.0 2213.0 9335.621852207429
3.0 644.0 390.0 1682.0 7393.418324884694
1.0 899.0 230.0 1183.0 4867.0330969575525
2.0 926.0 219.0 1108.0 4594.745680192465
0.0 576.0 400.0 1951.0 8176.882068408707
14.0 1258.0 64.0 278.0 1320.8278767028928
17.0 1268.0 59.0 237.0 1241.8097447437265
4.0 1004.0 197.0 788.0 3901.591772317952
8.0 1189.0 104.0 336.0 2042.0375976826924
3.0 1368.0 15.0 23.0 270.2700954882995
1.0 899.0 230.0 1185.0 4858.223771458914
11.0 1159.0 125.0 355.0 2344.186572660196
0.0 1376.0 6.0 68.0 195.7701761804849
11.0 1163.0 124.0 344.0 2301.209701906359
17.0 1268.0 59.0 237.0 1241.8097447437265
2.0 1368.0 15.0 24.0 270.24864090096
15.0 746.0 340.0 1334.0 6402.283236328244
8.0 1192.0 103.0 327.0 2010.8590926183053
6.0 1088.0 155.0 581.0 3069.2568912323172
12.0 1021.0 164.0 917.0 3673.7799306748475
8.0 1193.0 103.0 326.0 2003.1022125058496
7.0 1335.0 30.0 58.0 603.2932345703745
17.0 1268.0 59.0 237.0 1241.8097447437265
9.0 1185.0 108.0 326.0 2092.2654724034237
0.0 577.0 399.0 1951.0 8165.45223576706
2.0 1371.0 13.0 23.0 247.03270232731637
0.0 901.0 230.0 1176.0 4837.424382922359
13.0 1161.0 125.0 345.0 2318.008439582862
6.0 1092.0 152.0 575.0 3032.431081685354
2.0 866.0 228.0 1427.0 5278.09954888727
14.0 736.0 352.0 1313.0 6490.259486395657
4.0 1355.0 20.0 43.0 423.87865447984075
6.0 811.0 252.0 1588.0 5756.931962096257
4.0 1117.0 142.0 510.0 2741.591432493944
2.0 714.0 300.0 1863.0 6791.835286672007
12.0 1321.0 38.0 64.0 752.5034146863002
3.0 613.0 408.0 1751.0 7716.155626124393
23.0 680.0 373.0 1481.0 7079.951511247097
32.0 817.0 314.0 1088.0 5696.91196068211
0.0 289.0 522.0 2935.0 11026.593011977973
0.0 1284.0 58.0 316.0 1130.9934776532352
0.0 350.0 518.0 2521.0 10436.50793911314
14.0 736.0 352.0 1312.0 6492.732185995202
3.0 1137.0 109.0 638.0 2532.352878952489
0.0 308.0 550.0 2591.0 10880.896289508446
2.0 367.0 512.0 2435.0 10258.572476255607
9.0 1070.0 132.0 838.0 3234.9286988850254
19.0 834.0 305.0 1068.0 5526.748484719813
2.0 865.0 228.0 1434.0 5292.316826043556
7.0 1336.0 30.0 56.0 591.3283428774644
3.0 1137.0 109.0 638.0 2532.352878952489
9.0 845.0 262.0 1284.0 5352.006337939466
0.0 453.0 472.0 2235.0 9369.929392352953
23.0 680.0 373.0 1481.0 7079.951511247097
17.0 1268.0 59.0 237.0 1241.8097447437265
2.0 714.0 299.0 1872.0 6794.569304254062
0.0 288.0 522.0 2938.0 11036.472749406741
7.0 784.0 262.0 1691.0 6026.903123775077
6.0 1170.0 109.0 406.0 2241.2114449475216
15.0 1155.0 129.0 358.0 2366.1773177805135
3.0 1370.0 13.0 23.0 253.42011865679274
19.0 884.0 287.0 969.0 5034.993610412316
0.0 288.0 523.0 2935.0 11038.739619481155
7.0 266.0 568.0 2731.0 11320.357256133599
3.0 838.0 244.0 1475.0 5561.921652287363
4.0 421.0 485.0 2311.0 9660.584070697074
2.0 710.0 301.0 1885.0 6860.006052061381
15.0 744.0 341.0 1339.0 6421.193452709421
14.0 1211.0 83.0 425.0 1770.091567179937
0.0 490.0 451.0 2151.0 8958.563263862907
19.0 838.0 303.0 1056.0 5483.531880561395
11.0 725.0 355.0 1372.0 6679.867148889614
0.0 1376.0 6.0 68.0 195.7701761804849
0.0 1319.0 41.0 158.0 752.2307417358126
3.0 1138.0 109.0 633.0 2525.1261177323186
3.0 1136.0 109.0 648.0 2541.3861756742554
4.0 1118.0 142.0 501.0 2732.5741782082214
0.0 495.0 447.0 2146.0 8916.544566963588
4.0 1353.0 21.0 46.0 435.92357845886954
5.0 999.0 201.0 784.0 3958.183876461671
4.0 1118.0 141.0 510.0 2731.8441838967365
25.0 679.0 374.0 1471.0 7092.880372304532
2.0 522.0 439.0 2043.0 8658.031574661474
3.0 623.0 402.0 1721.0 7626.002764873034
2.0 715.0 300.0 1855.0 6790.904288649881
2.0 367.0 512.0 2435.0 10258.572476255607
16.0 738.0 350.0 1313.0 6464.512476563158
6.0 815.0 251.0 1571.0 5720.588789616021
10.0 1190.0 105.0 312.0 2049.6668507709323
2.0 523.0 438.0 2043.0 8651.875509397049
17.0 890.0 283.0 966.0 4983.939846969822
11.0 1058.0 166.0 682.0 3305.5653923283594
1.0 934.0 217.0 1071.0 4523.319190426609
6.0 813.0 252.0 1574.0 5736.751679662518
7.0 1336.0 30.0 56.0 591.3283428774644
11.0 1024.0 164.0 899.0 3642.7031451405182
23.0 1301.0 37.0 155.0 928.2022992671456
11.0 1022.0 164.0 911.0 3664.35640851712
3.0 1367.0 15.0 24.0 280.86890732218626
6.0 788.0 262.0 1661.0 5976.922811564699
4.0 416.0 485.0 2336.0 9708.112834570875
19.0 883.0 288.0 969.0 5046.660989636477
4.0 1121.0 140.0 503.0 2701.2830666259297
6.0 1090.0 154.0 575.0 3053.488968607257
36.0 1251.0 79.0 202.0 1399.866806321668
24.0 952.0 238.0 807.0 4425.404701956983
24.0 1300.0 38.0 152.0 933.5294693752402
2.0 368.0 512.0 2430.0 10251.640392337837
23.0 680.0 373.0 1481.0 7079.951511247097
27.0 1297.0 40.0 161.0 967.4127927711608
19.0 837.0 303.0 1059.0 5488.994251270523
19.0 1065.0 184.0 574.0 3194.2031604783506
24.0 953.0 237.0 807.0 4415.142499443307
3.0 612.0 409.0 1751.0 7727.374058485648
0.0 301.0 551.0 2628.0 10954.654872320198
13.0 1059.0 165.0 678.0 3286.20008301082
6.0 983.0 189.0 977.0 4024.6718252197775
14.0 1211.0 83.0 425.0 1770.091567179937
4.0 415.0 487.0 2330.0 9724.080604150431
0.0 1376.0 6.0 68.0 195.7701761804849
0.0 454.0 475.0 2213.0 9350.108049181497
15.0 236.0 575.0 2909.0 11632.525479737795
32.0 818.0 312.0 1090.0 5690.943217487682
0.0 1376.0 6.0 68.0 195.7701761804849
9.0 1068.0 133.0 844.0 3249.54036998421
1.0 901.0 229.0 1173.0 4855.401654115414
12.0 1162.0 124.0 345.0 2308.465173519795
2.0 865.0 229.0 1425.0 5295.4913888517385
1.0 839.0 243.0 1475.0 5551.0524093767
0.0 901.0 230.0 1176.0 4837.424382922359
10.0 1190.0 105.0 312.0 2049.6668507709323
34.0 1247.0 82.0 210.0 1442.2815800455032
24.0 951.0 239.0 807.0 4434.659844497117
0.0 289.0 522.0 2935.0 11026.593011977973
7.0 259.0 570.0 2772.0 11381.731153144925
18.0 1230.0 73.0 366.0 1616.3351736649759
0.0 576.0 400.0 1951.0 8176.882068408707
24.0 953.0 237.0 807.0 4415.142499443307
1.0 1374.0 6.0 72.0 213.57415826105586
36.0 1252.0 78.0 202.0 1394.1013642234468
34.0 805.0 319.0 1126.0 5829.623953007153
15.0 236.0 575.0 2909.0 11632.525479737795
11.0 726.0 355.0 1371.0 6667.785869496724
7.0 1336.0 30.0 56.0 591.3283428774644
2.0 1371.0 13.0 23.0 247.03270232731637
0.0 1376.0 6.0 68.0 195.7701761804849
6.0 788.0 262.0 1661.0 5976.922811564699
3.0 622.0 402.0 1724.0 7635.286125506009
2.0 1371.0 13.0 23.0 247.03270232731637
9.0 843.0 262.0 1289.0 5382.927693513551
0.0 288.0 523.0 2935.0 11038.739619481155
6.0 815.0 251.0 1571.0 5720.588789616021
9.0 1070.0 132.0 838.0 3234.9286988850254
3.0 1136.0 109.0 648.0 2541.3861756742554
6.0 782.0 266.0 1670.0 6040.857718129115
2.0 1371.0 13.0 23.0 247.03270232731637
1.0 713.0 300.0 1878.0 6825.011546500014
7.0 1336.0 30.0 56.0 591.3283428774644
14.0 736.0 352.0 1313.0 6490.259486395657
3.0 646.0 390.0 1666.0 7373.6118969462295
22.0 1303.0 36.0 150.0 910.1253888089333
7.0 267.0 567.0 2731.0 11306.907202049666
3.0 1368.0 15.0 23.0 270.2700954882995
4.0 1001.0 199.0 784.0 3936.461531072488
4.0 1108.0 119.0 777.0 2839.832602023637
4.0 1118.0 141.0 510.0 2731.8441838967365
7.0 259.0 570.0 2772.0 11381.731153144925
19.0 1066.0 183.0 574.0 3184.803522140135
0.0 572.0 399.0 1977.0 8222.933522621895
8.0 1190.0 103.0 336.0 2031.875408211499
23.0 680.0 373.0 1481.0 7079.951511247097
2.0 864.0 232.0 1407.0 5302.348679586883
7.0 1336.0 30.0 56.0 591.3283428774644
3.0 1137.0 109.0 638.0 2532.352878952489
18.0 1230.0 73.0 366.0 1616.3351736649759
4.0 1354.0 20.0 46.0 429.0746202297713
2.0 1371.0 13.0 23.0 247.03270232731637
23.0 1301.0 38.0 150.0 922.8333357107305
0.0 1376.0 6.0 68.0 195.7701761804849
0.0 1376.0 6.0 68.0 195.7701761804849
0.0 1376.0 6.0 68.0 195.7701761804849
0.0 494.0 449.0 2141.0 8922.088051951074
6.0 1169.0 110.0 406.0 2246.5619350172205
17.0 1268.0 59.0 237.0 1241.8097447437265
0.0 576.0 398.0 1966.0 8180.84059418255
4.0 1120.0 140.0 507.0 2711.675639746215
0.0 309.0 548.0 2600.0 10876.03242176217
22.0 1303.0 36.0 150.0 910.1253888089333
0.0 1376.0 6.0 68.0 195.7701761804849
0.0 901.0 230.0 1176.0 4837.424382922359
0.0 306.0 551.0 2600.0 10899.258540291365
4.0 1004.0 198.0 785.0 3901.314868586097
0.0 1376.0 6.0 68.0 195.7701761804849
17.0 1268.0 59.0 237.0 1241.8097447437265
14.0 1259.0 63.0 278.0 1311.3426829471512
3.0 1371.0 13.0 24.0 232.2863196819793
4.0 1123.0 140.0 493.0 2692.5230057810486
0.0 453.0 476.0 2213.0 9363.68388700743
2.0 367.0 512.0 2435.0 10258.572476255607
0.0 306.0 551.0 2600.0 10899.258540291365
22.0 1303.0 36.0 150.0 910.1253888089333
15.0 236.0 575.0 2909.0 11632.525479737795
12.0 1322.0 37.0 64.0 738.604793954834
3.0 1371.0 13.0 24.0 232.2863196819793
8.0 1192.0 105.0 318.0 2026.5340417652374
2.0 1371.0 13.0 23.0 247.03270232731637
8.0 1193.0 103.0 326.0 2003.1022125058496
2.0 522.0 439.0 2043.0 8658.031574661474
0.0 571.0 400.0 1982.0 8234.215181284646
0.0 487.0 454.0 2151.0 8991.90497388358
1.0 935.0 215.0 1086.0 4510.514919388599
4.0 1123.0 140.0 493.0 2692.5230057810486
8.0 1192.0 105.0 318.0 2026.5340417652374
2.0 1371.0 13.0 23.0 247.03270232731637
0.0 487.0 454.0 2151.0 8991.90497388358
0.0 453.0 472.0 2235.0 9369.929392352953
14.0 1323.0 33.0 71.0 732.2830970935898
12.0 1324.0 35.0 64.0 719.0861343952811
4.0 406.0 491.0 2362.0 9827.465829339495
12.0 1324.0 35.0 64.0 719.0861343952811
2.0 1373.0 13.0 22.0 226.49366877352742
