17.0 752.0 347.0 1328.0 6379.362189986185
8.0 926.0 251.0 981.0 4523.632450247039
18.0 1210.0 86.0 395.0 1769.9519068026004
3.0 1372.0 8.0 46.0 231.39130200642396
22.0 1240.0 86.0 189.0 1558.7509371031208
42.0 882.0 268.0 1037.0 4953.17700420926
6.0 1162.0 113.0 502.0 2207.7220363637534
4.0 1370.0 9.0 45.0 251.32134825745945
14.0 809.0 322.0 1172.0 5806.569909907753
3.0 1065.0 174.0 661.0 3224.652440227963
4.0 253.0 564.0 2862.0 11429.249760730348
5.0 273.0 568.0 2702.0 11216.285854320791
0.0 588.0 407.0 1888.0 8003.933072144841
12.0 1109.0 134.0 639.0 2785.6285258605544
9.0 975.0 174.0 1156.0 4135.149126231521
34.0 877.0 270.0 1056.0 5011.885593619055
16.0 1089.0 153.0 607.0 2926.338854353349
8.0 1079.0 144.0 772.0 3052.46571021178
0.0 1337.0 33.0 125.0 569.1153380200732
0.0 639.0 347.0 2063.0 7501.0363905775375
14.0 811.0 320.0 1172.0 5784.689111806318
1.0 397.0 471.0 2557.0 9950.862639828572
4.0 660.0 371.0 1683.0 7311.858062277334
1.0 374.0 485.0 2606.0 10186.881910746173
5.0 1006.0 197.0 830.0 3808.946431849166
16.0 1091.0 151.0 607.0 2906.3113827256825
3.0 1373.0 8.0 43.0 222.10794137344976
7.0 773.0 299.0 1433.0 6215.474100453534
0.0 587.0 408.0 1889.0 8016.046156681031
3.0 615.0 389.0 1829.0 7742.361298475329
0.0 1337.0 34.0 116.0 566.4330936547462
8.0 926.0 251.0 981.0 4523.632450247039
9.0 1140.0 123.0 541.0 2441.8621392736572
0.0 1315.0 48.0 151.0 790.3236083088791
2.0 1056.0 172.0 710.0 3311.632016851065
10.0 1184.0 101.0 458.0 2019.9919086306013
0.0 682.0 331.0 1840.0 7083.70099048137
5.0 750.0 284.0 1756.0 6507.195189686971
0.0 679.0 332.0 1854.0 7104.661444506989
6.0 828.0 242.0 1561.0 5620.834510048915
19.0 1243.0 85.0 189.0 1531.7249895766731
45.0 1302.0 42.0 105.0 892.084070271693
3.0 1066.0 171.0 673.0 3201.8078330187445
6.0 825.0 244.0 1561.0 5653.574629690156
10.0 1183.0 103.0 451.0 2040.8738582247906
6.0 820.0 247.0 1582.0 5695.827315076331
0.0 1158.0 125.0 500.0 2357.488299402418
8.0 1140.0 122.0 550.0 2446.0806618084016
8.0 362.0 520.0 2442.0 10310.130201458513
35.0 877.0 271.0 1053.0 5001.17629783274
5.0 658.0 372.0 1681.0 7333.626931224024
6.0 818.0 249.0 1572.0 5717.6335479400095
2.0 1053.0 176.0 705.0 3344.7674476371717
4.0 748.0 288.0 1751.0 6517.332998576375
6.0 1162.0 112.0 508.0 2200.5081565018563
7.0 274.0 568.0 2693.0 11198.731834256869
7.0 1081.0 144.0 757.0 3040.0151999066074
23.0 951.0 239.0 881.0 4279.659583844891
4.0 1371.0 8.0 47.0 243.95005368756205
0.0 1381.0 8.0 29.0 155.54262509119923
15.0 805.0 324.0 1182.0 5843.886442597482
14.0 806.0 321.0 1184.0 5835.9184741722875
9.0 1173.0 98.0 536.0 2125.9121678184138
12.0 1110.0 133.0 630.0 2776.1993414983017
9.0 949.0 231.0 939.0 4309.837213368891
9.0 967.0 180.0 1147.0 4231.434083903564
18.0 751.0 347.0 1329.0 6387.331996294249
1.0 294.0 520.0 2924.0 11025.101587918683
1.0 538.0 432.0 2000.0 8517.308311262723
10.0 1185.0 101.0 457.0 2013.1464997449848
7.0 762.0 307.0 1452.0 6314.939501652805
16.0 948.0 239.0 899.0 4317.623127605884
4.0 660.0 372.0 1679.0 7318.254247723383
13.0 1261.0 52.0 364.0 1279.872400715122
2.0 398.0 469.0 2562.0 9935.117730171522
3.0 1050.0 177.0 708.0 3375.1563766075174
7.0 761.0 308.0 1452.0 6324.888257601184
4.0 252.0 565.0 2862.0 11442.522139068009
9.0 975.0 175.0 1144.0 4127.514664358188
0.0 1381.0 8.0 29.0 155.54262509119923
0.0 1381.0 8.0 29.0 155.54262509119923
10.0 1182.0 102.0 462.0 2046.0387891897135
41.0 1305.0 41.0 111.0 856.301095848929
6.0 1159.0 114.0 510.0 2241.232884683122
10.0 1185.0 101.0 457.0 2013.1464997449848
9.0 948.0 232.0 939.0 4318.550729758189
6.0 274.0 568.0 2697.0 11193.865377096552
42.0 881.0 269.0 1037.0 4964.201831095444
16.0 1092.0 150.0 607.0 2895.141940459276
0.0 393.0 504.0 2392.0 9994.814364236521
0.0 1380.0 8.0 32.0 161.86682438650004
1.0 599.0 398.0 1865.0 7915.454814060259
24.0 1332.0 31.0 68.0 595.1180019913058
6.0 1161.0 113.0 508.0 2214.6662360123078
11.0 899.0 218.0 1303.0 4897.274110923789
34.0 879.0 269.0 1053.0 4988.023010192651
9.0 975.0 175.0 1144.0 4127.514664358188
13.0 1019.0 155.0 1038.0 3718.7956026738725
25.0 851.0 287.0 1111.0 5306.484058218718
8.0 926.0 251.0 981.0 4523.632450247039
9.0 967.0 180.0 1147.0 4231.434083903564
1.0 530.0 418.0 2159.0 8610.406835889586
7.0 761.0 308.0 1452.0 6324.888257601184
2.0 1053.0 175.0 707.0 3339.315074791956
0.0 681.0 332.0 1840.0 7082.721850893196
24.0 1332.0 30.0 69.0 588.4128471395018
22.0 1240.0 86.0 189.0 1558.7509371031208
14.0 895.0 216.0 1335.0 4951.977322163967
11.0 1358.0 18.0 25.0 366.045116452577
10.0 949.0 234.0 925.0 4306.545325903224
8.0 928.0 250.0 977.0 4498.687224784515
9.0 949.0 231.0 939.0 4309.837213368891
45.0 1302.0 42.0 105.0 892.084070271693
26.0 1285.0 42.0 261.0 1061.5004472794205
13.0 1261.0 52.0 364.0 1279.872400715122
16.0 1257.0 54.0 369.0 1342.8410969077306
8.0 1140.0 122.0 550.0 2446.0806618084016
1.0 533.0 435.0 2022.0 8576.005201627617
2.0 564.0 418.0 1946.0 8278.7074949954
10.0 978.0 174.0 1132.0 4098.433196408521
2.0 1057.0 172.0 707.0 3300.2385108789636
0.0 682.0 331.0 1840.0 7083.70099048137
6.0 826.0 244.0 1554.0 5629.720681465597
6.0 657.0 371.0 1685.0 7340.274301929416
23.0 1237.0 87.0 201.0 1591.6316611534755
10.0 651.0 334.0 2039.0 7355.882432545388
4.0 749.0 287.0 1751.0 6511.619929467431
7.0 1006.0 204.0 792.0 3788.63957064319
15.0 1109.0 142.0 587.0 2728.5463486083427
2.0 397.0 470.0 2562.0 9947.783045715018
5.0 660.0 370.0 1681.0 7313.585698109426
3.0 1063.0 176.0 661.0 3242.8632694723265
11.0 899.0 217.0 1313.0 4894.117318298617
16.0 1091.0 151.0 607.0 2906.3113827256825
17.0 752.0 347.0 1328.0 6379.362189986185
25.0 854.0 284.0 1108.0 5269.309521010667
7.0 1001.0 207.0 804.0 3837.7188413678296
45.0 1301.0 41.0 115.0 907.3225301756061
15.0 1259.0 53.0 370.0 1299.7058139763865
13.0 1352.0 22.0 26.0 419.73064698639166
8.0 1003.0 205.0 794.0 3820.9669362350805
25.0 852.0 286.0 1110.0 5303.546075855159
7.0 779.0 271.0 1633.0 6192.181576507487
30.0 1227.0 96.0 216.0 1686.4575721901278
1.0 471.0 466.0 2184.0 9184.038216688461
3.0 615.0 389.0 1829.0 7742.361298475329
9.0 969.0 179.0 1147.0 4200.376972591621
26.0 1279.0 63.0 141.0 1163.4378227126072
27.0 1228.0 96.0 213.0 1675.6763968608159
11.0 901.0 216.0 1303.0 4882.886203654714
9.0 975.0 174.0 1156.0 4135.149126231521
7.0 829.0 242.0 1551.0 5605.154227733336
9.0 1139.0 123.0 549.0 2448.4815154305957
20.0 1242.0 84.0 195.0 1538.6982638917884
0.0 470.0 467.0 2191.0 9188.220276527622
28.0 1228.0 95.0 214.0 1683.5279460924178
2.0 559.0 421.0 1956.0 8332.698398938703
10.0 1185.0 101.0 457.0 2013.1464997449848
5.0 273.0 568.0 2702.0 11216.285854320791
8.0 865.0 234.0 1384.0 5268.396586209861
4.0 254.0 564.0 2856.0 11416.159631813589
8.0 1142.0 121.0 550.0 2428.7069717360514
0.0 470.0 465.0 2202.0 9192.125619230179
1.0 293.0 521.0 2924.0 11036.404363741056
13.0 1266.0 50.0 357.0 1245.6170863168443
8.0 1141.0 122.0 550.0 2438.1916293301347
2.0 1053.0 176.0 705.0 3344.7674476371717
25.0 853.0 285.0 1108.0 5283.737390833999
14.0 804.0 323.0 1193.0 5842.304545498162
1.0 397.0 471.0 2557.0 9950.862639828572
7.0 1082.0 144.0 753.0 3025.1621227609066
1.0 539.0 432.0 2000.0 8510.731722802831
14.0 813.0 318.0 1172.0 5761.912381579256
26.0 859.0 283.0 1095.0 5235.788382322512
13.0 1092.0 155.0 602.0 2890.8852390775733
0.0 680.0 331.0 1854.0 7100.775680693915
4.0 1008.0 197.0 821.0 3790.961390763035
22.0 1239.0 87.0 193.0 1569.728596739281
5.0 271.0 568.0 2717.0 11234.282516730334
14.0 810.0 321.0 1172.0 5792.141019958735
13.0 1266.0 50.0 357.0 1245.6170863168443
15.0 895.0 214.0 1352.0 4945.200397584722
6.0 1159.0 114.0 510.0 2241.232884683122
1.0 533.0 435.0 2022.0 8576.005201627617
13.0 1261.0 52.0 364.0 1279.872400715122
29.0 1277.0 65.0 139.0 1186.6576162260442
0.0 468.0 465.0 2212.0 9215.18635533695
7.0 772.0 299.0 1447.0 6220.981194786793
0.0 471.0 466.0 2191.0 9179.462853822646
1.0 439.0 482.0 2275.0 9508.880846906855
6.0 825.0 245.0 1554.0 5643.781925356362
4.0 749.0 287.0 1751.0 6511.619929467431
4.0 251.0 565.0 2871.0 11453.878059242183
12.0 1021.0 155.0 1029.0 3704.5454450709854
1.0 442.0 480.0 2266.0 9479.150242570668
1.0 530.0 418.0 2159.0 8610.406835889586
12.0 1021.0 155.0 1029.0 3704.5454450709854
40.0 1306.0 40.0 111.0 849.0873157039621
1.0 439.0 482.0 2275.0 9508.880846906855
9.0 355.0 525.0 2444.0 10391.540666596129
9.0 351.0 526.0 2460.0 10444.176467903328
0.0 467.0 469.0 2196.0 9221.560324166345
14.0 891.0 218.0 1343.0 4982.741096665809
0.0 587.0 407.0 1894.0 8010.903229780631
6.0 827.0 244.0 1552.0 5625.348862248015
0.0 1381.0 8.0 29.0 155.54262509119923
4.0 250.0 566.0 2871.0 11461.213569257478
20.0 1242.0 84.0 195.0 1538.6982638917884
2.0 1053.0 175.0 707.0 3339.315074791956
22.0 1239.0 87.0 193.0 1569.728596739281
17.0 752.0 347.0 1328.0 6379.362189986185
2.0 1053.0 176.0 707.0 3337.1999392350385
5.0 659.0 371.0 1681.0 7322.287307068406
9.0 350.0 527.0 2463.0 10448.253870059063
6.0 1159.0 114.0 510.0 2241.232884683122
0.0 1380.0 8.0 31.0 163.5214187506229
10.0 1185.0 101.0 457.0 2013.1464997449848
3.0 1372.0 8.0 46.0 231.39130200642396
8.0 926.0 251.0 981.0 4523.632450247039
8.0 867.0 234.0 1366.0 5253.654913093498
7.0 772.0 299.0 1447.0 6220.981194786793
9.0 949.0 231.0 939.0 4309.837213368891
1.0 439.0 484.0 2272.0 9492.95778948003
6.0 1160.0 114.0 508.0 2226.950442825824
26.0 1280.0 63.0 137.0 1155.1670114500498
14.0 812.0 319.0 1172.0 5774.531529582958
3.0 1063.0 172.0 677.0 3241.4704786322272
22.0 1334.0 29.0 68.0 573.2097238660158
11.0 1354.0 21.0 25.0 402.4283881897668
3.0 1066.0 171.0 673.0 3201.8078330187445
12.0 1352.0 21.0 28.0 427.02746838373076
0.0 1381.0 8.0 29.0 155.54262509119923
27.0 1283.0 43.0 265.0 1071.999922777017
0.0 1381.0 8.0 29.0 155.54262509119923
0.0 1381.0 8.0 29.0 155.54262509119923
3.0 1008.0 196.0 831.0 3793.6817432599405
3.0 1008.0 195.0 838.0 3790.2619306393085
3.0 1372.0 8.0 46.0 231.39130200642396
47.0 1300.0 42.0 114.0 910.4614985028511
0.0 1381.0 8.0 29.0 155.54262509119923
7.0 1082.0 144.0 753.0 3025.1621227609066
26.0 1280.0 63.0 137.0 1155.1670114500498
1.0 596.0 397.0 1887.0 7928.898347999425
13.0 1266.0 50.0 357.0 1245.6170863168443
4.0 660.0 371.0 1683.0 7311.858062277334
11.0 899.0 217.0 1313.0 4894.117318298617
1.0 598.0 399.0 1865.0 7922.44970202836
7.0 1001.0 207.0 804.0 3837.7188413678296
44.0 1302.0 41.0 114.0 892.4899501084699
3.0 1065.0 174.0 661.0 3224.652440227963
7.0 1004.0 206.0 792.0 3809.1758437532944
0.0 587.0 407.0 1894.0 8010.903229780631
1.0 373.0 486.0 2606.0 10194.49637719288
6.0 1161.0 113.0 508.0 2214.6662360123078
26.0 1280.0 63.0 137.0 1155.1670114500498
19.0 1241.0 86.0 189.0 1548.7469438074286
23.0 1335.0 28.0 68.0 560.625210354146
7.0 1004.0 206.0 792.0 3809.1758437532944
9.0 350.0 526.0 2464.0 10460.209318582161
22.0 1334.0 29.0 68.0 573.2097238660158
10.0 1185.0 101.0 457.0 2013.1464997449848
13.0 1093.0 154.0 602.0 2883.952947853992
19.0 1243.0 85.0 189.0 1531.7249895766731
12.0 1355.0 21.0 23.0 391.03212827312194
19.0 1243.0 85.0 189.0 1531.7249895766731
12.0 1021.0 155.0 1029.0 3704.5454450709854
26.0 1286.0 42.0 261.0 1049.4440744471972
13.0 953.0 234.0 904.0 4261.361638751963
3.0 1373.0 8.0 43.0 222.10794137344976
18.0 1255.0 77.0 191.0 1411.8758042938027
11.0 1358.0 18.0 25.0 366.045116452577
16.0 1349.0 23.0 30.0 448.407499016694
7.0 1164.0 109.0 512.0 2193.7897136586057
0.0 1381.0 8.0 29.0 155.54262509119923
11.0 1354.0 21.0 25.0 402.4283881897668
0.0 1381.0 8.0 29.0 155.54262509119923
0.0 1381.0 8.0 29.0 155.54262509119923
0.0 1381.0 8.0 29.0 155.54262509119923
0.0 1381.0 8.0 29.0 155.54262509119923
0.0 1381.0 8.0 29.0 155.54262509119923
0.0 1381.0 8.0 29.0 155.54262509119923
4.0 251.0 565.0 2871.0 11453.878059242183
0.0 1381.0 8.0 29.0 155.54262509119923
11.0 1358.0 18.0 25.0 366.045116452577
0.0 1381.0 8.0 29.0 155.54262509119923
