9.0 1354.0 23.0 32.0 368.67589300394184
9.0 576.0 416.0 1849.0 8136.581546947513
52.0 1233.0 76.0 293.0 1503.9561664400871
5.0 303.0 549.0 2608.0 10897.990851607168
0.0 355.0 516.0 2483.0 10375.355799931183
27.0 463.0 468.0 2143.0 9270.81012886359
17.0 810.0 317.0 1113.0 5764.063758439727
6.0 763.0 268.0 1749.0 6296.008831914305
24.0 476.0 460.0 2140.0 9125.948773477576
32.0 1041.0 138.0 975.0 3445.9664306605705
6.0 837.0 240.0 1504.0 5526.266618070854
24.0 1284.0 50.0 214.0 1031.2462527157359
39.0 980.0 162.0 1150.0 4093.0808592385297
43.0 1242.0 72.0 274.0 1415.7358027728108
20.0 819.0 312.0 1087.0 5677.425272744899
3.0 647.0 389.0 1608.0 7428.542355208734
42.0 1216.0 85.0 374.0 1719.101035133903
0.0 1178.0 114.0 485.0 2104.8302374660966
7.0 537.0 435.0 1984.0 8490.616811432148
13.0 967.0 232.0 802.0 4174.74595834287
23.0 925.0 260.0 863.0 4641.966082684159
39.0 990.0 156.0 1126.0 3993.9920000606594
22.0 1283.0 51.0 218.0 1043.1113112936318
4.0 489.0 455.0 2098.0 8997.948672221932
18.0 955.0 241.0 821.0 4281.2178589278565
8.0 584.0 412.0 1827.0 8065.335728606642
21.0 864.0 232.0 1333.0 5330.352474344674
16.0 441.0 474.0 2237.0 9462.013426659556
10.0 1145.0 104.0 623.0 2465.082260075261
24.0 476.0 459.0 2148.0 9121.36382133963
2.0 363.0 512.0 2451.0 10301.349343210744
18.0 1090.0 172.0 561.0 2981.349100184427
18.0 894.0 270.0 962.0 4944.342586064631
6.0 764.0 267.0 1749.0 6286.778909276747
9.0 420.0 452.0 2637.0 9734.381647393402
29.0 605.0 405.0 1728.0 7874.6557595495115
8.0 831.0 241.0 1523.0 5609.354272837904
47.0 1234.0 74.0 309.0 1503.2424981190202
10.0 679.0 376.0 1484.0 7102.224187158925
11.0 748.0 347.0 1307.0 6417.663693228662
9.0 266.0 569.0 2729.0 11275.068767905523
8.0 703.0 366.0 1434.0 6872.360130365213
7.0 684.0 312.0 1945.0 7051.014000799598
11.0 746.0 347.0 1314.0 6434.735204743825
39.0 981.0 160.0 1156.0 4084.340103898611
10.0 260.0 571.0 2752.0 11343.25483237978
36.0 1257.0 65.0 267.0 1264.9077807795368
9.0 683.0 373.0 1478.0 7071.116567754231
28.0 1306.0 42.0 166.0 836.9470719109411
32.0 465.0 427.0 2502.0 9339.471194007954
11.0 1352.0 24.0 34.0 397.03416456450225
3.0 283.0 524.0 2957.0 11137.729616038396
11.0 748.0 347.0 1307.0 6417.663693228662
29.0 1028.0 141.0 1038.0 3591.1544481044616
16.0 441.0 473.0 2247.0 9458.066654105081
8.0 578.0 415.0 1842.0 8112.48820958619
7.0 684.0 312.0 1945.0 7051.014000799598
36.0 1254.0 69.0 257.0 1294.2499579094476
10.0 680.0 374.0 1484.0 7096.919528353073
29.0 1030.0 140.0 1027.0 3576.7013555158396
13.0 1338.0 22.0 106.0 553.8185581160171
30.0 465.0 428.0 2501.0 9334.22566622703
11.0 784.0 329.0 1217.0 6014.64530396092
7.0 674.0 318.0 1961.0 7134.390946808131
32.0 1042.0 138.0 968.0 3436.132474733355
39.0 985.0 157.0 1156.0 4046.3661454795465
11.0 783.0 332.0 1207.0 6025.6534288732855
14.0 969.0 232.0 793.0 4164.280427738021
9.0 265.0 571.0 2725.0 11287.19540915233
41.0 909.0 204.0 1301.0 4776.3608062139665
7.0 779.0 266.0 1670.0 6110.763436523712
19.0 862.0 233.0 1342.0 5342.852876458902
16.0 1078.0 176.0 586.0 3111.780287956678
29.0 1272.0 59.0 229.0 1161.380690421716
2.0 411.0 497.0 2287.0 9811.41503249101
9.0 1320.0 31.0 157.0 732.3885394633302
23.0 1011.0 201.0 767.0 3739.9545109675087
7.0 675.0 317.0 1966.0 7131.1187847365745
9.0 1355.0 21.0 34.0 362.91425809062594
16.0 1075.0 177.0 597.0 3140.196379993965
6.0 835.0 241.0 1508.0 5549.2204506820735
7.0 765.0 266.0 1749.0 6275.429920831477
32.0 1039.0 139.0 975.0 3466.7132675565413
20.0 1285.0 50.0 213.0 1023.3116916527351
40.0 944.0 240.0 849.0 4443.170478819008
16.0 1169.0 114.0 471.0 2217.6839595729307
23.0 927.0 258.0 863.0 4627.879441182024
13.0 1178.0 106.0 461.0 2139.4125099143816
24.0 929.0 256.0 861.0 4606.013431414074
5.0 591.0 371.0 2113.0 7926.725352714054
2.0 410.0 497.0 2292.0 9829.312194847449
24.0 1007.0 203.0 775.0 3782.8776432728955
5.0 302.0 548.0 2623.0 10911.150220625665
32.0 851.0 290.0 1026.0 5364.122371914261
5.0 302.0 549.0 2617.0 10904.102084535627
6.0 1152.0 119.0 536.0 2380.212268250875
2.0 411.0 497.0 2287.0 9811.41503249101
7.0 778.0 266.0 1675.0 6121.721624840668
16.0 1080.0 176.0 580.0 3096.5728743405925
0.0 1377.0 4.0 76.0 196.59756958473272
5.0 704.0 306.0 1888.0 6810.401755051531
19.0 821.0 311.0 1084.0 5657.080161362963
40.0 914.0 203.0 1269.0 4720.150255231045
7.0 1354.0 19.0 47.0 378.99708218779716
11.0 1010.0 201.0 775.0 3749.9721154381755
4.0 1055.0 184.0 670.0 3344.034239404006
11.0 1181.0 105.0 448.0 2108.374007288689
9.0 1353.0 24.0 33.0 392.81273490099693
9.0 681.0 374.0 1483.0 7085.555931423971
47.0 1234.0 74.0 309.0 1503.2424981190202
9.0 1354.0 23.0 32.0 368.67589300394184
10.0 1318.0 30.0 175.0 743.5318659935732
2.0 363.0 512.0 2451.0 10301.349343210744
30.0 466.0 427.0 2501.0 9327.870545720518
10.0 1015.0 199.0 764.0 3700.4849448657924
3.0 646.0 390.0 1608.0 7441.66643782057
30.0 475.0 461.0 2139.0 9127.742557039564
44.0 1241.0 71.0 280.0 1433.9910038120063
33.0 1206.0 91.0 385.0 1836.6845201826716
36.0 1255.0 68.0 257.0 1286.7281888485757
13.0 1185.0 104.0 445.0 2060.5367473663377
12.0 244.0 576.0 2853.0 11519.758939645913
35.0 1258.0 65.0 264.0 1256.4929318063776
18.0 821.0 307.0 1097.0 5650.92714074009
16.0 443.0 471.0 2247.0 9442.918090858171
9.0 765.0 266.0 1749.0 6272.864053241125
12.0 245.0 576.0 2844.0 11512.280563317081
23.0 1285.0 49.0 213.0 1030.5835015445655
6.0 590.0 371.0 2119.0 7933.133554692239
6.0 836.0 240.0 1508.0 5541.033688725188
9.0 1095.0 126.0 736.0 2891.7111795273213
49.0 1236.0 73.0 299.0 1478.1359860540033
2.0 1362.0 17.0 38.0 308.31800524282926
32.0 849.0 292.0 1026.0 5380.712722762798
33.0 1209.0 90.0 378.0 1815.9732816357514
11.0 782.0 332.0 1217.0 6034.2761494474435
2.0 288.0 521.0 2943.0 11085.37631157861
2.0 408.0 497.0 2302.0 9851.964200177315
3.0 282.0 525.0 2957.0 11148.993023153012
29.0 1030.0 140.0 1027.0 3576.7013555158396
44.0 1241.0 71.0 280.0 1433.9910038120063
17.0 824.0 306.0 1091.0 5617.719859030399
11.0 1185.0 103.0 451.0 2062.81102685117
8.0 1097.0 127.0 701.0 2868.1101540618824
32.0 1039.0 139.0 975.0 3466.7132675565413
45.0 910.0 202.0 1306.0 4763.823642252182
11.0 748.0 347.0 1307.0 6417.663693228662
0.0 1377.0 4.0 76.0 196.59756958473272
12.0 967.0 232.0 800.0 4178.373341087653
19.0 861.0 233.0 1349.0 5352.489375905423
18.0 895.0 270.0 960.0 4929.533853874706
34.0 1203.0 93.0 388.0 1865.0915728827622
8.0 1103.0 126.0 684.0 2810.6653799211276
11.0 784.0 329.0 1217.0 6014.64530396092
10.0 1353.0 24.0 33.0 389.00723797533544
40.0 912.0 204.0 1271.0 4740.013116926159
3.0 645.0 391.0 1608.0 7456.577368581463
13.0 1338.0 22.0 106.0 553.8185581160171
4.0 1146.0 106.0 609.0 2452.6589524962305
4.0 645.0 394.0 1601.0 7461.353871558091
3.0 646.0 390.0 1608.0 7441.66643782057
5.0 591.0 371.0 2113.0 7926.725352714054
23.0 927.0 258.0 863.0 4627.879441182024
4.0 812.0 249.0 1591.0 5794.2315596350845
16.0 955.0 241.0 824.0 4288.067376024718
39.0 985.0 158.0 1148.0 4043.1240230503545
17.0 810.0 317.0 1113.0 5764.063758439727
8.0 703.0 366.0 1434.0 6872.360130365213
10.0 680.0 375.0 1483.0 7091.63916437921
10.0 1185.0 105.0 444.0 2051.8371579894665
40.0 913.0 204.0 1269.0 4731.14454185401
13.0 967.0 232.0 802.0 4174.74595834287
8.0 1102.0 126.0 691.0 2819.7516194160085
5.0 302.0 549.0 2617.0 10904.102084535627
18.0 897.0 270.0 954.0 4903.569502533917
8.0 1102.0 127.0 687.0 2814.1906327721913
9.0 1036.0 155.0 893.0 3536.7679125207655
8.0 1150.0 120.0 537.0 2400.939197361729
9.0 1145.0 105.0 615.0 2464.4168223685715
18.0 1088.0 173.0 562.0 3000.7342244722336
39.0 982.0 160.0 1150.0 4076.0648209448923
20.0 1285.0 50.0 213.0 1023.3116916527351
8.0 1097.0 127.0 701.0 2868.1101540618824
31.0 1018.0 143.0 1096.0 3713.7429407288905
44.0 1241.0 71.0 280.0 1433.9910038120063
24.0 928.0 257.0 861.0 4615.168352854272
8.0 1102.0 126.0 691.0 2819.7516194160085
12.0 1339.0 22.0 106.0 541.6495991214827
14.0 968.0 232.0 795.0 4170.294697366813
14.0 1172.0 112.0 470.0 2186.1736792175607
33.0 1205.0 92.0 384.0 1844.6434619904383
31.0 852.0 290.0 1028.0 5354.555466535663
9.0 1318.0 30.0 171.0 752.1415904622005
8.0 698.0 367.0 1452.0 6908.3435172730005
6.0 764.0 267.0 1749.0 6286.778909276747
32.0 848.0 293.0 1026.0 5389.394617767483
38.0 986.0 158.0 1142.0 4030.990239879953
18.0 897.0 269.0 952.0 4906.458861099991
19.0 862.0 233.0 1342.0 5342.852876458902
32.0 1041.0 138.0 975.0 3445.9664306605705
9.0 1096.0 126.0 727.0 2884.0200317038407
20.0 1285.0 50.0 213.0 1023.3116916527351
6.0 538.0 434.0 1984.0 8488.639732462332
9.0 1321.0 30.0 157.0 720.5683779897265
19.0 1309.0 41.0 151.0 801.1085938987142
11.0 745.0 347.0 1322.0 6444.514417009477
0.0 1377.0 4.0 76.0 196.59756958473272
43.0 1242.0 72.0 274.0 1415.7358027728108
16.0 1079.0 176.0 584.0 3103.8014942972545
46.0 1237.0 73.0 293.0 1471.78614600653
3.0 646.0 390.0 1608.0 7441.66643782057
3.0 281.0 526.0 2957.0 11160.708263355173
42.0 908.0 204.0 1306.0 4783.709733142445
20.0 1286.0 49.0 212.0 1022.4485037904556
10.0 1016.0 199.0 760.0 3690.232992479313
4.0 812.0 250.0 1583.0 5791.883592649968
33.0 1208.0 90.0 383.0 1826.9314699527063
8.0 1097.0 128.0 704.0 2867.7407114052135
9.0 1146.0 105.0 613.0 2451.3608848132367
9.0 1147.0 104.0 615.0 2440.0933710836
38.0 1220.0 83.0 365.0 1675.8310373705517
14.0 1172.0 112.0 470.0 2186.1736792175607
9.0 1145.0 105.0 615.0 2464.4168223685715
32.0 1041.0 138.0 975.0 3445.9664306605705
8.0 1320.0 29.0 168.0 727.0223310318391
18.0 895.0 270.0 960.0 4929.533853874706
11.0 1183.0 104.0 448.0 2089.4462747207604
17.0 810.0 317.0 1117.0 5757.513848003269
2.0 361.0 513.0 2459.0 10322.572915798712
13.0 967.0 234.0 796.0 4174.992517791471
16.0 1080.0 176.0 580.0 3096.5728743405925
6.0 538.0 434.0 1984.0 8488.639732462332
17.0 824.0 306.0 1091.0 5617.719859030399
29.0 1273.0 58.0 229.0 1151.6334418245085
5.0 591.0 371.0 2113.0 7926.725352714054
10.0 1015.0 199.0 764.0 3700.4849448657924
38.0 987.0 158.0 1134.0 4020.791229368323
20.0 1286.0 49.0 212.0 1022.4485037904556
8.0 583.0 413.0 1827.0 8076.352197927028
0.0 1377.0 4.0 76.0 196.59756958473272
8.0 701.0 366.0 1442.0 6893.869359833587
8.0 1102.0 127.0 687.0 2814.1906327721913
14.0 969.0 232.0 793.0 4164.280427738021
2.0 1362.0 17.0 38.0 308.31800524282926
0.0 1372.0 10.0 48.0 231.71135621844934
14.0 969.0 232.0 793.0 4164.280427738021
17.0 1088.0 172.0 563.0 3004.0181184719336
0.0 1377.0 4.0 76.0 196.59756958473272
13.0 516.0 446.0 2050.0 8681.348095815845
8.0 828.0 242.0 1534.0 5639.748915630156
8.0 1102.0 126.0 691.0 2819.7516194160085
7.0 684.0 312.0 1945.0 7051.014000799598
9.0 1321.0 30.0 157.0 720.5683779897265
32.0 849.0 292.0 1026.0 5380.712722762798
13.0 967.0 234.0 796.0 4174.992517791471
8.0 1357.0 21.0 32.0 346.4696107309321
8.0 577.0 415.0 1849.0 8123.508806817863
17.0 1089.0 171.0 563.0 2996.19861999825
6.0 811.0 251.0 1577.0 5799.9569088637545
2.0 404.0 499.0 2312.0 9896.318026657098
8.0 1102.0 126.0 691.0 2819.7516194160085
0.0 1377.0 4.0 76.0 196.59756958473272
10.0 1015.0 199.0 764.0 3700.4849448657924
0.0 1374.0 5.0 73.0 216.64779975312973
32.0 1041.0 138.0 975.0 3445.9664306605705
0.0 1377.0 4.0 76.0 196.59756958473272
0.0 1377.0 4.0 76.0 196.59756958473272
22.0 446.0 470.0 2230.0 9424.94767146759
2.0 1362.0 17.0 38.0 308.31800524282926
9.0 263.0 571.0 2738.0 11308.233709468082
0.0 1375.0 5.0 72.0 208.22863122099704
9.0 1146.0 105.0 613.0 2451.3608848132367
0.0 353.0 518.0 2483.0 10403.780133894452
0.0 1377.0 4.0 76.0 196.59756958473272
19.0 1307.0 42.0 160.0 816.355546827939
0.0 347.0 520.0 2508.0 10480.421911630243
8.0 577.0 415.0 1849.0 8123.508806817863
0.0 1377.0 4.0 76.0 196.59756958473272
7.0 678.0 316.0 1951.0 7096.028829421377
0.0 1375.0 5.0 72.0 208.22863122099704
13.0 1174.0 111.0 467.0 2170.8943719341964
44.0 1243.0 71.0 274.0 1407.9785755720598
3.0 1359.0 18.0 40.0 332.7432260283065
0.0 1377.0 4.0 76.0 196.59756958473272
12.0 244.0 576.0 2853.0 11519.758939645913
12.0 244.0 576.0 2853.0 11519.758939645913
13.0 516.0 446.0 2050.0 8681.348095815845
2.0 1362.0 17.0 38.0 308.31800524282926
0.0 1372.0 10.0 48.0 231.71135621844934
0.0 1372.0 10.0 48.0 231.71135621844934
0.0 1372.0 10.0 48.0 231.71135621844934
0.0 1372.0 10.0 48.0 231.71135621844934
