1.0 1445.0 84.0 507.0 1869.5868520973468
40.0 1543.0 46.0 180.0 901.0358214203784
0.0 1373.0 120.0 687.0 2604.1359079789504
0.0 1412.0 99.0 595.0 2185.190356386397
22.0 1363.0 144.0 502.0 2688.909446781623
11.0 1479.0 75.0 355.0 1556.204913862905
57.0 1557.0 35.0 172.0 772.3328266536922
12.0 1331.0 161.0 606.0 2989.0664432051394
13.0 1505.0 59.0 325.0 1300.6121666957617
11.0 1479.0 75.0 355.0 1556.204913862905
1.0 1445.0 84.0 507.0 1869.5868520973468
0.0 1393.0 112.0 616.0 2425.153825724972
24.0 1524.0 57.0 217.0 1108.0105193370591
13.0 1505.0 59.0 325.0 1300.6121666957617
1.0 1320.0 142.0 823.0 3161.759780570977
24.0 1524.0 57.0 217.0 1108.0105193370591
0.0 1379.0 116.0 689.0 2523.496272418583
27.0 1528.0 44.0 299.0 1061.6182057950805
12.0 1331.0 161.0 606.0 2989.0664432051394
44.0 1546.0 33.0 245.0 872.209050590318
1.0 1445.0 84.0 507.0 1869.5868520973468
1.0 1468.0 74.0 460.0 1652.4018239873194
1.0 1355.0 123.0 791.0 2773.2210828003235
9.0 1477.0 75.0 371.0 1574.4745737872797
0.0 1328.0 135.0 864.0 3090.3659272755635
13.0 1505.0 59.0 325.0 1300.6121666957617
51.0 1555.0 35.0 180.0 791.9602862983581
0.0 1402.0 101.0 655.0 2323.8791820225842
42.0 1545.0 44.0 180.0 878.6499116482726
39.0 1541.0 34.0 284.0 920.034527200898
1.0 1445.0 84.0 507.0 1869.5868520973468
0.0 1458.0 80.0 479.0 1754.3052117646243
0.0 1423.0 93.0 568.0 2080.912389858842
0.0 1423.0 93.0 568.0 2080.912389858842
22.0 1361.0 146.0 502.0 2702.460267601958
28.0 1457.0 94.0 321.0 1739.4924388737118
0.0 1458.0 80.0 479.0 1754.3052117646243
48.0 1551.0 36.0 189.0 826.2781355539452
22.0 1363.0 144.0 502.0 2688.909446781623
0.0 1393.0 112.0 616.0 2425.153825724972
0.0 1306.0 149.0 867.0 3336.194739459455
9.0 1415.0 107.0 494.0 2146.5253171858662
50.0 1554.0 36.0 180.0 797.7993628037344
0.0 1379.0 116.0 689.0 2523.496272418583
0.0 1412.0 99.0 595.0 2185.190356386397
16.0 1349.0 151.0 553.0 2830.5876280812727
9.0 1441.0 99.0 405.0 1905.4228072462151
0.0 1408.0 107.0 566.0 2215.5312818924367
2.0 1362.0 124.0 710.0 2693.119750081731
8.0 1417.0 107.0 491.0 2121.238103776652
26.0 1526.0 55.0 211.0 1102.7618097150798
43.0 1545.0 33.0 254.0 882.2397163768832
32.0 1375.0 136.0 474.0 2563.564736895897
1.0 1300.0 168.0 784.0 3323.798849869309
1.0 1467.0 74.0 464.0 1663.5405083912829
7.0 1416.0 107.0 492.0 2132.1643602756208
1.0 1470.0 74.0 451.0 1636.2308184350788
1.0 1470.0 74.0 451.0 1636.2308184350788
4.0 1413.0 107.0 520.0 2164.873864650763
44.0 1546.0 33.0 245.0 872.209050590318
54.0 1558.0 34.0 172.0 767.0993819461506
28.0 1527.0 49.0 249.0 1047.9078325809912
12.0 1331.0 161.0 606.0 2989.0664432051394
12.0 1444.0 99.0 378.0 1879.4342994494418
0.0 1437.0 87.0 526.0 1968.6269456856762
0.0 1377.0 113.0 723.0 2569.5367699204403
1.0 1423.0 92.0 578.0 2075.2641728095437
35.0 1537.0 48.0 194.0 964.0575667780437
38.0 1539.0 46.0 191.0 934.2928836801035
1.0 1361.0 125.0 710.0 2707.0734925924276
27.0 1527.0 55.0 209.0 1071.8646132090507
0.0 1328.0 135.0 864.0 3090.3659272755635
19.0 1454.0 96.0 327.0 1772.2209981234043
38.0 1539.0 46.0 191.0 934.2928836801035
0.0 1437.0 87.0 526.0 1968.6269456856762
1.0 1300.0 168.0 784.0 3323.798849869309
27.0 1375.0 137.0 473.0 2564.2765387759473
28.0 1374.0 138.0 468.0 2582.442528235394
22.0 1363.0 144.0 502.0 2688.909446781623
6.0 1485.0 66.0 421.0 1508.9742219440361
13.0 1503.0 62.0 321.0 1313.9475813517836
44.0 1546.0 33.0 245.0 872.209050590318
11.0 1479.0 75.0 355.0 1556.204913862905
27.0 1527.0 55.0 209.0 1071.8646132090507
18.0 1452.0 97.0 335.0 1787.6339089197015
12.0 1332.0 160.0 606.0 2976.8160031233033
1.0 1361.0 125.0 710.0 2707.0734925924276
36.0 1538.0 36.0 293.0 947.4791750126177
36.0 1538.0 36.0 293.0 947.4791750126177
7.0 1486.0 66.0 411.0 1497.9893483029387
0.0 1437.0 87.0 526.0 1968.6269456856762
12.0 1332.0 160.0 606.0 2976.8160031233033
22.0 1521.0 57.0 232.0 1146.9458960079326
31.0 1532.0 52.0 196.0 1021.5719453622319
27.0 1375.0 137.0 473.0 2564.2765387759473
20.0 1456.0 95.0 321.0 1745.5562382849073
39.0 1541.0 34.0 284.0 920.034527200898
17.0 1513.0 57.0 282.0 1221.9851292117721
54.0 1558.0 34.0 172.0 767.0993819461506
54.0 1558.0 34.0 172.0 767.0993819461506
20.0 1456.0 95.0 321.0 1745.5562382849073
28.0 1374.0 138.0 468.0 2582.442528235394
9.0 1477.0 75.0 371.0 1574.4745737872797
13.0 1503.0 62.0 321.0 1313.9475813517836
15.0 1345.0 155.0 560.0 2859.942458164153
17.0 1513.0 57.0 282.0 1221.9851292117721
1.0 1467.0 74.0 464.0 1663.5405083912829
13.0 1503.0 62.0 321.0 1313.9475813517836
1.0 1467.0 74.0 464.0 1663.5405083912829
0.0 1456.0 80.0 488.0 1770.476217316865
0.0 1422.0 93.0 578.0 2089.6486967468486
1.0 1467.0 74.0 464.0 1663.5405083912829
22.0 1363.0 144.0 502.0 2688.909446781623
17.0 1513.0 57.0 282.0 1221.9851292117721
54.0 1558.0 34.0 172.0 767.0993819461506
20.0 1456.0 95.0 321.0 1745.5562382849073
1.0 1467.0 74.0 464.0 1663.5405083912829
27.0 1375.0 137.0 473.0 2564.2765387759473
0.0 1377.0 113.0 723.0 2569.5367699204403
17.0 1513.0 57.0 282.0 1221.9851292117721
54.0 1558.0 34.0 172.0 767.0993819461506
22.0 1363.0 144.0 502.0 2688.909446781623
15.0 1345.0 155.0 560.0 2859.942458164153
0.0 1373.0 120.0 687.0 2604.1359079789504
20.0 1456.0 95.0 321.0 1745.5562382849073
7.0 1416.0 107.0 492.0 2132.1643602756208
22.0 1361.0 146.0 502.0 2702.460267601958
0.0 1424.0 93.0 564.0 2069.773705454879
1.0 1445.0 84.0 507.0 1869.5868520973468
0.0 1402.0 101.0 655.0 2323.8791820225842
13.0 1445.0 99.0 370.0 1868.892711993379
0.0 1436.0 88.0 526.0 1976.3117840136617
1.0 1468.0 74.0 460.0 1652.4018239873194
0.0 1402.0 101.0 655.0 2323.8791820225842
53.0 1557.0 34.0 176.0 775.9235557324517
0.0 1424.0 93.0 564.0 2069.773705454879
10.0 1491.0 65.0 385.0 1447.9076866668167
9.0 1441.0 99.0 405.0 1905.4228072462151
0.0 1402.0 101.0 655.0 2323.8791820225842
12.0 1444.0 99.0 378.0 1879.4342994494418
7.0 1486.0 66.0 411.0 1497.9893483029387
2.0 1471.0 74.0 441.0 1625.2459447939812
2.0 1471.0 74.0 441.0 1625.2459447939812
0.0 1390.0 114.0 620.0 2456.1907289742903
21.0 1519.0 56.0 250.0 1156.464609628815
20.0 1456.0 95.0 321.0 1745.5562382849073
20.0 1456.0 95.0 321.0 1745.5562382849073
0.0 1329.0 135.0 854.0 3079.459971903882
17.0 1451.0 97.0 343.0 1795.089821073564
20.0 1456.0 95.0 321.0 1745.5562382849073
1.0 1320.0 142.0 823.0 3161.759780570977
41.0 1544.0 45.0 180.0 889.2117274333648
14.0 1510.0 57.0 311.0 1254.945782856036
50.0 1554.0 36.0 180.0 797.7993628037344
34.0 1536.0 38.0 293.0 966.241115953603
0.0 1377.0 113.0 723.0 2569.5367699204403
8.0 1475.0 76.0 380.0 1590.0282797054942
0.0 1455.0 80.0 492.0 1781.6149017208284
0.0 1455.0 80.0 492.0 1781.6149017208284
44.0 1546.0 33.0 245.0 872.209050590318
40.0 1543.0 46.0 180.0 901.0358214203784
10.0 1327.0 162.0 632.0 3040.177163806526
10.0 1327.0 162.0 632.0 3040.177163806526
9.0 1441.0 99.0 405.0 1905.4228072462151
0.0 1422.0 93.0 578.0 2089.6486967468486
0.0 1340.0 137.0 758.0 2934.1795476744564
44.0 1546.0 33.0 245.0 872.209050590318
0.0 1340.0 137.0 758.0 2934.1795476744564
13.0 1505.0 59.0 325.0 1300.6121666957617
14.0 1344.0 155.0 569.0 2867.6860038931177
0.0 1455.0 80.0 492.0 1781.6149017208284
10.0 1491.0 65.0 385.0 1447.9076866668167
35.0 1537.0 48.0 194.0 964.0575667780437
30.0 1531.0 53.0 196.0 1035.40859938451
34.0 1536.0 38.0 293.0 966.241115953603
0.0 1292.0 171.0 822.0 3421.472664590319
30.0 1531.0 53.0 196.0 1035.40859938451
35.0 1537.0 48.0 194.0 964.0575667780437
14.0 1510.0 57.0 311.0 1254.945782856036
13.0 1505.0 59.0 325.0 1300.6121666957617
35.0 1537.0 48.0 194.0 964.0575667780437
28.0 1529.0 43.0 299.0 1047.5848960726887
30.0 1531.0 53.0 196.0 1035.40859938451
13.0 1505.0 59.0 325.0 1300.6121666957617
0.0 1354.0 124.0 791.0 2784.250094330397
32.0 1533.0 51.0 196.0 1007.614552639383
1.0 1320.0 142.0 823.0 3161.759780570977
7.0 1474.0 76.0 389.0 1600.0589454920594
0.0 1358.0 127.0 720.0 2738.3796170121627
34.0 1536.0 38.0 293.0 966.241115953603
0.0 1291.0 156.0 931.0 3463.8837155776446
9.0 1477.0 75.0 371.0 1574.4745737872797
11.0 1479.0 75.0 355.0 1556.204913862905
0.0 1354.0 124.0 791.0 2784.250094330397
0.0 1291.0 156.0 931.0 3463.8837155776446
0.0 1340.0 137.0 758.0 2934.1795476744564
48.0 1551.0 36.0 189.0 826.2781355539452
54.0 1558.0 34.0 172.0 767.0993819461506
43.0 1545.0 33.0 254.0 882.2397163768832
20.0 1516.0 60.0 246.0 1187.7699797696132
0.0 1329.0 135.0 854.0 3079.459971903882
53.0 1557.0 34.0 176.0 775.9235557324517
54.0 1558.0 34.0 172.0 767.0993819461506
0.0 1328.0 135.0 864.0 3090.3659272755635
20.0 1516.0 60.0 246.0 1187.7699797696132
20.0 1516.0 60.0 246.0 1187.7699797696132
51.0 1555.0 35.0 180.0 791.9602862983581
15.0 1450.0 98.0 351.0 1818.5095163921935
54.0 1558.0 34.0 172.0 767.0993819461506
19.0 1515.0 57.0 264.0 1200.2430942882286
13.0 1445.0 99.0 370.0 1868.892711993379
32.0 1533.0 51.0 196.0 1007.614552639383
24.0 1524.0 57.0 217.0 1108.0105193370591
24.0 1524.0 57.0 217.0 1108.0105193370591
19.0 1515.0 57.0 264.0 1200.2430942882286
11.0 1479.0 75.0 355.0 1556.204913862905
9.0 1490.0 65.0 394.0 1459.619055803795
54.0 1558.0 34.0 172.0 767.0993819461506
16.0 1349.0 151.0 553.0 2830.5876280812727
28.0 1529.0 43.0 299.0 1047.5848960726887
0.0 1404.0 103.0 617.0 2285.787016312194
0.0 1404.0 103.0 617.0 2285.787016312194
13.0 1506.0 59.0 321.0 1289.4734822917983
8.0 1475.0 76.0 380.0 1590.0282797054942
28.0 1529.0 43.0 299.0 1047.5848960726887
28.0 1374.0 138.0 468.0 2582.442528235394
9.0 1477.0 75.0 371.0 1574.4745737872797
4.0 1481.0 68.0 433.0 1551.4037910939853
27.0 1375.0 137.0 473.0 2564.2765387759473
0.0 1279.0 167.0 925.0 3562.7707178768446
16.0 1349.0 151.0 553.0 2830.5876280812727
0.0 1391.0 113.0 620.0 2443.9773484569214
0.0 1283.0 165.0 905.0 3518.6646350179512
27.0 1375.0 137.0 473.0 2564.2765387759473
50.0 1554.0 36.0 180.0 797.7993628037344
0.0 1283.0 165.0 905.0 3518.6646350179512
42.0 1545.0 44.0 180.0 878.6499116482726
27.0 1528.0 44.0 299.0 1061.6182057950805
31.0 1532.0 52.0 196.0 1021.5719453622319
22.0 1521.0 57.0 232.0 1146.9458960079326
22.0 1521.0 57.0 232.0 1146.9458960079326
13.0 1503.0 62.0 321.0 1313.9475813517836
0.0 1298.0 168.0 798.0 3345.92240791437
16.0 1349.0 151.0 553.0 2830.5876280812727
4.0 1481.0 68.0 433.0 1551.4037910939853
12.0 1444.0 99.0 378.0 1879.4342994494418
48.0 1551.0 36.0 189.0 826.2781355539452
12.0 1444.0 99.0 378.0 1879.4342994494418
9.0 1490.0 65.0 394.0 1459.619055803795
7.0 1486.0 66.0 411.0 1497.9893483029387
0.0 1291.0 156.0 931.0 3463.8837155776446
4.0 1481.0 68.0 433.0 1551.4037910939853
4.0 1481.0 68.0 433.0 1551.4037910939853
0.0 1279.0 167.0 925.0 3562.7707178768446
0.0 1359.0 126.0 720.0 2726.166236494793
0.0 1359.0 126.0 720.0 2726.166236494793
4.0 1413.0 107.0 520.0 2164.873864650763
4.0 1413.0 107.0 520.0 2164.873864650763
46.0 1549.0 38.0 189.0 841.2160146431049
45.0 1548.0 39.0 189.0 851.1496605112728
18.0 1514.0 57.0 273.0 1211.9544634252068
21.0 1519.0 56.0 250.0 1156.464609628815
28.0 1527.0 49.0 249.0 1047.9078325809912
1.0 1300.0 168.0 784.0 3323.798849869309
6.0 1485.0 66.0 421.0 1508.9742219440361
0.0 1423.0 93.0 568.0 2080.912389858842
14.0 1510.0 57.0 311.0 1254.945782856036
9.0 1490.0 65.0 394.0 1459.619055803795
0.0 1455.0 80.0 492.0 1781.6149017208284
7.0 1416.0 107.0 492.0 2132.1643602756208
0.0 1390.0 114.0 620.0 2456.1907289742903
0.0 1390.0 114.0 620.0 2456.1907289742903
1.0 1320.0 142.0 823.0 3161.759780570977
7.0 1416.0 107.0 492.0 2132.1643602756208
22.0 1361.0 146.0 502.0 2702.460267601958
0.0 1279.0 167.0 925.0 3562.7707178768446
15.0 1511.0 57.0 301.0 1243.9609092149385
0.0 1438.0 87.0 522.0 1957.488261281713
15.0 1511.0 57.0 301.0 1243.9609092149385
0.0 1279.0 167.0 925.0 3562.7707178768446
6.0 1485.0 66.0 421.0 1508.9742219440361
6.0 1485.0 66.0 421.0 1508.9742219440361
22.0 1361.0 146.0 502.0 2702.460267601958
1.0 1300.0 168.0 784.0 3323.798849869309
39.0 1541.0 34.0 284.0 920.034527200898
8.0 1440.0 99.0 414.0 1918.6621338263174
8.0 1440.0 99.0 414.0 1918.6621338263174
13.0 1506.0 59.0 321.0 1289.4734822917983
41.0 1544.0 45.0 180.0 889.2117274333648
46.0 1549.0 38.0 189.0 841.2160146431049
0.0 1437.0 87.0 526.0 1968.6269456856762
18.0 1452.0 97.0 335.0 1787.6339089197015
0.0 1373.0 120.0 687.0 2604.1359079789504
24.0 1524.0 57.0 217.0 1108.0105193370591
21.0 1519.0 56.0 250.0 1156.464609628815
0.0 1306.0 149.0 867.0 3336.194739459455
0.0 1408.0 107.0 566.0 2215.5312818924367
0.0 1391.0 113.0 620.0 2443.9773484569214
0.0 1437.0 87.0 526.0 1968.6269456856762
32.0 1533.0 51.0 196.0 1007.614552639383
