24.0 1519.0 48.0 307.0 1142.6346891162198
64.0 1568.0 32.0 155.0 671.3218028943833
64.0 1568.0 32.0 155.0 671.3218028943833
24.0 1521.0 56.0 233.0 1144.8467221204432
24.0 1396.0 132.0 418.0 2387.8556767694063
64.0 1568.0 32.0 155.0 671.3218028943833
26.0 1523.0 54.0 233.0 1117.1832276357084
44.0 1542.0 39.0 205.0 910.2489870474911
10.0 1485.0 67.0 387.0 1497.1804303730958
24.0 1396.0 132.0 418.0 2387.8556767694063
62.0 1567.0 33.0 155.0 684.7862005683376
18.0 1358.0 150.0 532.0 2731.9129973772506
20.0 1357.0 153.0 517.0 2739.4088558536646
32.0 1499.0 82.0 193.0 1379.2031714323725
0.0 1437.0 86.0 521.0 1950.2221151452761
32.0 1500.0 81.0 193.0 1366.9556923975372
24.0 1396.0 132.0 418.0 2387.8556767694063
25.0 1397.0 131.0 418.0 2374.0129179290034
41.0 1540.0 41.0 212.0 922.7661347974063
44.0 1542.0 39.0 205.0 910.2489870474911
0.0 1354.0 124.0 785.0 2783.6033795990375
64.0 1568.0 32.0 155.0 671.3218028943833
62.0 1567.0 33.0 155.0 684.7862005683376
60.0 1565.0 35.0 155.0 704.6008960765366
64.0 1568.0 32.0 155.0 671.3218028943833
12.0 1486.0 69.0 360.0 1484.5285690493813
28.0 1455.0 99.0 296.0 1761.9484545007404
64.0 1568.0 32.0 155.0 671.3218028943833
0.0 1306.0 148.0 904.0 3305.3227802868764
44.0 1542.0 39.0 205.0 910.2489870474911
64.0 1568.0 32.0 155.0 671.3218028943833
44.0 1542.0 39.0 205.0 910.2489870474911
41.0 1540.0 41.0 212.0 922.7661347974063
44.0 1542.0 39.0 205.0 910.2489870474911
64.0 1568.0 32.0 155.0 671.3218028943833
32.0 1384.0 143.0 408.0 2484.010925580643
10.0 1485.0 67.0 387.0 1497.1804303730958
18.0 1358.0 150.0 532.0 2731.9129973772506
31.0 1528.0 43.0 287.0 1046.276364813426
0.0 1408.0 103.0 585.0 2252.154769874013
10.0 1316.0 167.0 673.0 3167.4131892543032
11.0 1434.0 106.0 402.0 1979.85668559157
62.0 1567.0 33.0 155.0 684.7862005683376
0.0 1330.0 142.0 772.0 3050.767394647308
14.0 1465.0 90.0 341.0 1682.0421509425023
30.0 1529.0 53.0 213.0 1066.2689135774156
11.0 1434.0 106.0 402.0 1979.85668559157
14.0 1465.0 90.0 341.0 1682.0421509425023
14.0 1506.0 57.0 325.0 1301.4469818906607
21.0 1516.0 58.0 243.0 1197.186334066342
41.0 1540.0 41.0 212.0 922.7661347974063
48.0 1549.0 38.0 183.0 844.9797401839064
11.0 1434.0 106.0 402.0 1979.85668559157
10.0 1316.0 167.0 673.0 3167.4131892543032
0.0 1412.0 99.0 595.0 2185.190356386397
47.0 1547.0 38.0 193.0 858.6393332541834
1.0 1448.0 81.0 493.0 1839.0822857685584
18.0 1358.0 150.0 532.0 2731.9129973772506
10.0 1316.0 167.0 673.0 3167.4131892543032
14.0 1506.0 57.0 325.0 1301.4469818906607
11.0 1434.0 106.0 402.0 1979.85668559157
40.0 1539.0 42.0 212.0 935.915843440994
26.0 1523.0 54.0 233.0 1117.1832276357084
60.0 1565.0 35.0 155.0 704.6008960765366
26.0 1456.0 99.0 296.0 1756.6016850081626
26.0 1456.0 99.0 296.0 1756.6016850081626
68.0 1569.0 31.0 155.0 657.2453414945824
26.0 1456.0 99.0 296.0 1756.6016850081626
14.0 1505.0 57.0 331.0 1310.1230016843017
12.0 1486.0 69.0 360.0 1484.5285690493813
14.0 1505.0 57.0 331.0 1310.1230016843017
0.0 1322.0 138.0 873.0 3155.785913547092
14.0 1465.0 90.0 341.0 1682.0421509425023
0.0 1416.0 98.0 576.0 2139.732613352785
12.0 1486.0 69.0 360.0 1484.5285690493813
0.0 1322.0 138.0 873.0 3155.785913547092
33.0 1499.0 82.0 193.0 1372.0004821494229
26.0 1456.0 99.0 296.0 1756.6016850081626
26.0 1456.0 99.0 296.0 1756.6016850081626
0.0 1408.0 103.0 585.0 2252.154769874013
26.0 1456.0 99.0 296.0 1756.6016850081626
26.0 1456.0 99.0 296.0 1756.6016850081626
14.0 1505.0 57.0 331.0 1310.1230016843017
0.0 1322.0 138.0 873.0 3155.785913547092
8.0 1482.0 66.0 417.0 1519.9274441650027
8.0 1482.0 66.0 417.0 1519.9274441650027
29.0 1458.0 97.0 296.0 1734.24696597928
0.0 1371.0 116.0 724.0 2601.9900932358055
2.0 1451.0 80.0 479.0 1810.0241637706702
52.0 1554.0 36.0 174.0 804.2144559012613
0.0 1322.0 138.0 873.0 3155.785913547092
26.0 1456.0 99.0 296.0 1756.6016850081626
18.0 1445.0 105.0 335.0 1863.9911418655618
1.0 1334.0 140.0 758.0 3012.821737740767
30.0 1529.0 53.0 213.0 1066.2689135774156
27.0 1524.0 54.0 228.0 1107.6717077008398
25.0 1397.0 131.0 418.0 2374.0129179290034
14.0 1465.0 90.0 341.0 1682.0421509425023
1.0 1468.0 75.0 455.0 1654.3040667918697
0.0 1372.0 115.0 724.0 2596.6186292046964
33.0 1501.0 80.0 193.0 1352.0695858444094
30.0 1527.0 44.0 287.0 1054.6426095396673
2.0 1451.0 80.0 479.0 1810.0241637706702
14.0 1465.0 90.0 341.0 1682.0421509425023
0.0 1404.0 100.0 644.0 2304.45317797943
12.0 1486.0 69.0 360.0 1484.5285690493813
18.0 1445.0 105.0 335.0 1863.9911418655618
24.0 1519.0 48.0 307.0 1142.6346891162198
0.0 1395.0 110.0 614.0 2403.9043827332807
0.0 1388.0 109.0 671.0 2454.043867280683
36.0 1534.0 45.0 219.0 990.2973184997395
14.0 1505.0 57.0 331.0 1310.1230016843017
56.0 1556.0 33.0 178.0 784.6350422467517
0.0 1378.0 113.0 709.0 2536.7607329940897
29.0 1526.0 45.0 287.0 1064.576255407835
0.0 1301.0 159.0 822.0 3348.4564440185577
56.0 1556.0 33.0 178.0 784.6350422467517
8.0 1479.0 74.0 378.0 1555.4480319681543
30.0 1383.0 143.0 414.0 2495.0761243071383
30.0 1383.0 143.0 414.0 2495.0761243071383
22.0 1392.0 134.0 436.0 2431.771451187554
15.0 1508.0 56.0 321.0 1276.6781127243544
0.0 1395.0 110.0 614.0 2403.9043827332807
0.0 1437.0 86.0 521.0 1950.2221151452761
18.0 1447.0 104.0 333.0 1838.314971468985
8.0 1431.0 106.0 428.0 2009.5209584040476
56.0 1556.0 33.0 178.0 784.6350422467517
30.0 1383.0 143.0 414.0 2495.0761243071383
18.0 1447.0 104.0 333.0 1838.314971468985
2.0 1362.0 126.0 698.0 2693.9915688328797
18.0 1445.0 105.0 335.0 1863.9911418655618
25.0 1397.0 131.0 418.0 2374.0129179290034
14.0 1505.0 57.0 331.0 1310.1230016843017
17.0 1511.0 59.0 279.0 1240.7333775053733
17.0 1511.0 59.0 279.0 1240.7333775053733
23.0 1518.0 50.0 298.0 1145.5563289476654
0.0 1372.0 115.0 724.0 2596.6186292046964
30.0 1383.0 143.0 414.0 2495.0761243071383
36.0 1534.0 45.0 219.0 990.2973184997395
16.0 1510.0 59.0 289.0 1250.9881653825794
52.0 1554.0 36.0 174.0 804.2144559012613
32.0 1500.0 81.0 193.0 1366.9556923975372
0.0 1394.0 111.0 614.0 2411.5892210612665
9.0 1315.0 167.0 682.0 3179.124558391281
0.0 1388.0 109.0 671.0 2454.043867280683
25.0 1397.0 131.0 418.0 2374.0129179290034
0.0 1372.0 115.0 724.0 2596.6186292046964
36.0 1534.0 45.0 219.0 990.2973184997395
32.0 1500.0 81.0 193.0 1366.9556923975372
1.0 1334.0 140.0 758.0 3012.821737740767
18.0 1445.0 105.0 335.0 1863.9911418655618
0.0 1378.0 113.0 709.0 2536.7607329940897
1.0 1449.0 80.0 493.0 1832.1477218157306
1.0 1449.0 80.0 493.0 1832.1477218157306
10.0 1316.0 167.0 673.0 3167.4131892543032
2.0 1362.0 126.0 698.0 2693.9915688328797
1.0 1449.0 80.0 493.0 1832.1477218157306
0.0 1305.0 149.0 902.0 3304.480755317245
49.0 1550.0 36.0 191.0 834.6610524533128
21.0 1516.0 58.0 243.0 1197.186334066342
0.0 1417.0 98.0 570.0 2124.966390070075
36.0 1534.0 45.0 219.0 990.2973184997395
21.0 1516.0 58.0 243.0 1197.186334066342
32.0 1500.0 81.0 193.0 1366.9556923975372
0.0 1278.0 168.0 931.0 3570.818449598591
0.0 1417.0 98.0 570.0 2124.966390070075
0.0 1429.0 91.0 546.0 2024.4331710653473
1.0 1449.0 80.0 493.0 1832.1477218157306
8.0 1479.0 74.0 378.0 1555.4480319681543
2.0 1451.0 80.0 479.0 1810.0241637706702
2.0 1451.0 80.0 479.0 1810.0241637706702
1.0 1469.0 74.0 455.0 1647.3695028390418
1.0 1469.0 74.0 455.0 1647.3695028390418
8.0 1479.0 74.0 378.0 1555.4480319681543
0.0 1390.0 114.0 620.0 2456.1907289742903
1.0 1468.0 75.0 455.0 1654.3040667918697
0.0 1390.0 114.0 620.0 2456.1907289742903
34.0 1532.0 46.0 229.0 1014.3695044464324
18.0 1445.0 105.0 335.0 1863.9911418655618
2.0 1451.0 80.0 479.0 1810.0241637706702
51.0 1553.0 37.0 174.0 812.2294948474064
52.0 1554.0 36.0 174.0 804.2144559012613
56.0 1556.0 33.0 178.0 784.6350422467517
56.0 1556.0 33.0 178.0 784.6350422467517
0.0 1278.0 168.0 931.0 3570.818449598591
0.0 1417.0 98.0 570.0 2124.966390070075
2.0 1451.0 80.0 479.0 1810.0241637706702
52.0 1554.0 36.0 174.0 804.2144559012613
30.0 1383.0 143.0 414.0 2495.0761243071383
48.0 1549.0 38.0 183.0 844.9797401839064
30.0 1383.0 143.0 414.0 2495.0761243071383
0.0 1394.0 111.0 614.0 2411.5892210612665
36.0 1534.0 45.0 219.0 990.2973184997395
0.0 1337.0 136.0 792.0 2963.7544946633993
14.0 1507.0 57.0 321.0 1290.3082974866975
0.0 1429.0 91.0 546.0 2024.4331710653473
20.0 1515.0 58.0 251.0 1204.9144065346536
20.0 1515.0 58.0 251.0 1204.9144065346536
20.0 1515.0 58.0 251.0 1204.9144065346536
49.0 1550.0 36.0 191.0 834.6610524533128
20.0 1515.0 58.0 251.0 1204.9144065346536
2.0 1471.0 74.0 441.0 1625.2459447939812
0.0 1278.0 168.0 931.0 3570.818449598591
0.0 1372.0 115.0 724.0 2596.6186292046964
0.0 1354.0 124.0 785.0 2783.6033795990375
14.0 1507.0 57.0 321.0 1290.3082974866975
0.0 1368.0 117.0 744.0 2629.3171938234796
0.0 1438.0 86.0 517.0 1939.0834307413131
0.0 1427.0 93.0 546.0 2042.0550751782916
0.0 1301.0 159.0 822.0 3348.4564440185577
0.0 1418.0 98.0 566.0 2113.8277056661113
0.0 1288.0 165.0 861.0 3464.959597779448
49.0 1550.0 36.0 191.0 834.6610524533128
0.0 1354.0 124.0 785.0 2783.6033795990375
1.0 1449.0 80.0 493.0 1832.1477218157306
15.0 1508.0 56.0 321.0 1276.6781127243544
23.0 1518.0 50.0 298.0 1145.5563289476654
0.0 1412.0 99.0 595.0 2185.190356386397
0.0 1278.0 168.0 931.0 3570.818449598591
0.0 1403.0 100.0 654.0 2315.3591333511117
17.0 1511.0 59.0 279.0 1240.7333775053733
0.0 1278.0 168.0 931.0 3570.818449598591
19.0 1356.0 153.0 524.0 2751.0177077071226
0.0 1278.0 168.0 931.0 3570.818449598591
0.0 1330.0 142.0 772.0 3050.767394647308
1.0 1470.0 74.0 451.0 1636.2308184350788
6.0 1480.0 67.0 427.0 1544.542502568443
25.0 1522.0 55.0 233.0 1131.2165373581004
0.0 1288.0 165.0 861.0 3464.959597779448
40.0 1539.0 42.0 212.0 935.915843440994
32.0 1500.0 81.0 193.0 1366.9556923975372
0.0 1412.0 99.0 595.0 2185.190356386397
24.0 1519.0 48.0 307.0 1142.6346891162198
2.0 1471.0 74.0 441.0 1625.2459447939812
0.0 1288.0 165.0 861.0 3464.959597779448
7.0 1430.0 106.0 437.0 2021.2323275410256
24.0 1521.0 56.0 233.0 1144.8467221204432
7.0 1481.0 67.0 417.0 1533.5576289273456
1.0 1334.0 140.0 758.0 3012.821737740767
0.0 1434.0 88.0 531.0 1975.9154035229653
32.0 1500.0 81.0 193.0 1366.9556923975372
1.0 1470.0 74.0 451.0 1636.2308184350788
15.0 1348.0 156.0 561.0 2836.6171128906294
15.0 1348.0 156.0 561.0 2836.6171128906294
20.0 1357.0 153.0 517.0 2739.4088558536646
1.0 1470.0 74.0 451.0 1636.2308184350788
32.0 1500.0 81.0 193.0 1366.9556923975372
0.0 1436.0 87.0 521.0 1957.9069534732614
0.0 1359.0 127.0 716.0 2722.712390418815
12.0 1486.0 69.0 360.0 1484.5285690493813
12.0 1486.0 69.0 360.0 1484.5285690493813
0.0 1427.0 93.0 546.0 2042.0550751782916
2.0 1362.0 126.0 698.0 2693.9915688328797
17.0 1511.0 59.0 279.0 1240.7333775053733
21.0 1516.0 58.0 243.0 1197.186334066342
23.0 1393.0 134.0 427.0 2420.060082050575
15.0 1348.0 156.0 561.0 2836.6171128906294
1.0 1470.0 74.0 451.0 1636.2308184350788
0.0 1300.0 160.0 822.0 3356.1412823465434
6.0 1480.0 67.0 427.0 1544.542502568443
21.0 1516.0 58.0 243.0 1197.186334066342
51.0 1553.0 37.0 174.0 812.2294948474064
0.0 1368.0 117.0 744.0 2629.3171938234796
24.0 1396.0 132.0 418.0 2387.8556767694063
0.0 1388.0 109.0 671.0 2454.043867280683
8.0 1482.0 66.0 417.0 1519.9274441650027
13.0 1346.0 156.0 579.0 2860.049474153568
13.0 1346.0 156.0 579.0 2860.049474153568
31.0 1528.0 44.0 278.0 1044.6119437531022
24.0 1396.0 132.0 418.0 2387.8556767694063
31.0 1528.0 44.0 278.0 1044.6119437531022
0.0 1438.0 86.0 517.0 1939.0834307413131
47.0 1548.0 38.0 191.0 852.4356523377688
0.0 1438.0 86.0 517.0 1939.0834307413131
0.0 1289.0 164.0 861.0 3457.274759451463
64.0 1568.0 32.0 155.0 671.3218028943833
6.0 1480.0 67.0 427.0 1544.542502568443
6.0 1480.0 67.0 427.0 1544.542502568443
6.0 1480.0 67.0 427.0 1544.542502568443
9.0 1484.0 67.0 397.0 1503.8973797137917
10.0 1316.0 167.0 673.0 3167.4131892543032
56.0 1556.0 33.0 178.0 784.6350422467517
47.0 1548.0 38.0 191.0 852.4356523377688
0.0 1404.0 100.0 644.0 2304.45317797943
64.0 1568.0 32.0 155.0 671.3218028943833
0.0 1437.0 86.0 521.0 1950.2221151452761
24.0 1519.0 48.0 307.0 1142.6346891162198
0.0 1437.0 86.0 521.0 1950.2221151452761
30.0 1527.0 44.0 287.0 1054.6426095396673
3.0 1472.0 74.0 432.0 1613.5519798465011
38.0 1537.0 43.0 219.0 957.2721500840101
27.0 1524.0 54.0 228.0 1107.6717077008398
38.0 1537.0 43.0 219.0 957.2721500840101
16.0 1509.0 60.0 290.0 1260.683611271013
0.0 1337.0 136.0 792.0 2963.7544946633993
8.0 1482.0 66.0 417.0 1519.9274441650027
