0.0 1279.0 167.0 925.0 3562.7707178768446
12.0 1522.0 59.0 261.0 1131.4048148913928
0.0 1279.0 167.0 925.0 3562.7707178768446
12.0 1522.0 59.0 261.0 1131.4048148913928
0.0 1325.0 136.0 877.0 3132.4553685282644
0.0 1299.0 169.0 780.0 3359.177000714321
45.0 1560.0 33.0 190.0 744.6811633786025
8.0 1487.0 68.0 391.0 1486.9355296008002
0.0 1299.0 169.0 780.0 3359.177000714321
0.0 1438.0 86.0 524.0 1928.6689485398088
44.0 1558.0 36.0 177.0 761.4454810085389
1.0 1457.0 78.0 483.0 1756.890575624969
14.0 1443.0 101.0 370.0 1883.9663771767873
1.0 1474.0 73.0 446.0 1602.6981838382173
10.0 1490.0 68.0 371.0 1453.1923137501549
0.0 1411.0 103.0 567.0 2195.688375121094
43.0 1557.0 37.0 177.0 771.2407601395556
0.0 1325.0 136.0 877.0 3132.4553685282644
28.0 1378.0 141.0 458.0 2508.7478398578955
1.0 1474.0 73.0 446.0 1602.6981838382173
26.0 1537.0 53.0 183.0 969.8612479908949
0.0 1438.0 86.0 524.0 1928.6689485398088
0.0 1325.0 136.0 877.0 3132.4553685282644
30.0 1379.0 141.0 448.0 2503.268355474593
23.0 1465.0 91.0 299.0 1642.4973593498405
10.0 1490.0 68.0 371.0 1453.1923137501549
27.0 1538.0 52.0 183.0 956.2012039889045
0.0 1411.0 104.0 560.0 2209.6126975062652
0.0 1423.0 89.0 602.0 2094.772271256531
1.0 1474.0 73.0 446.0 1602.6981838382173
12.0 1522.0 59.0 261.0 1131.4048148913928
0.0 1438.0 86.0 524.0 1928.6689485398088
0.0 1299.0 169.0 780.0 3359.177000714321
18.0 1529.0 57.0 217.0 1058.8139459941242
13.0 1344.0 157.0 575.0 2875.831378574632
18.0 1529.0 57.0 217.0 1058.8139459941242
0.0 1279.0 167.0 925.0 3562.7707178768446
62.0 1568.0 29.0 162.0 673.9197858173559
62.0 1568.0 29.0 162.0 673.9197858173559
1.0 1474.0 73.0 446.0 1602.6981838382173
20.0 1531.0 56.0 205.0 1039.1562022287349
3.0 1478.0 70.0 440.0 1563.0457414332532
0.0 1423.0 89.0 602.0 2094.772271256531
1.0 1474.0 73.0 446.0 1602.6981838382173
10.0 1341.0 157.0 603.0 2908.267809235866
41.0 1554.0 34.0 216.0 787.9735292342941
21.0 1531.0 46.0 296.0 1008.8235726338909
7.0 1311.0 168.0 698.0 3236.414901668733
0.0 1415.0 100.0 561.0 2155.6154093974537
10.0 1341.0 157.0 603.0 2908.267809235866
62.0 1568.0 29.0 162.0 673.9197858173559
12.0 1522.0 59.0 261.0 1131.4048148913928
0.0 1423.0 89.0 602.0 2094.772271256531
1.0 1471.0 74.0 454.0 1633.4520233446508
11.0 1509.0 61.0 327.0 1260.4163592493592
51.0 1563.0 32.0 168.0 724.2674911542535
56.0 1566.0 30.0 166.0 696.1537969538472
29.0 1379.0 140.0 458.0 2494.9111858356177
24.0 1467.0 91.0 293.0 1618.9567381543836
21.0 1372.0 143.0 493.0 2577.1907669360403
1.0 1471.0 74.0 454.0 1633.4520233446508
0.0 1426.0 89.0 576.0 2060.363785714133
20.0 1531.0 56.0 205.0 1039.1562022287349
10.0 1431.0 104.0 424.0 2012.7305948989472
25.0 1468.0 90.0 293.0 1605.1200841321058
30.0 1379.0 141.0 448.0 2503.268355474593
15.0 1525.0 58.0 241.0 1096.20776065024
32.0 1543.0 47.0 183.0 896.5132406223852
0.0 1425.0 89.0 582.0 2075.1300089968427
11.0 1509.0 61.0 327.0 1260.4163592493592
0.0 1371.0 122.0 684.0 2603.6689438110466
11.0 1504.0 63.0 347.0 1305.0788280475758
28.0 1378.0 141.0 458.0 2508.7478398578955
0.0 1438.0 86.0 524.0 1928.6689485398088
0.0 1438.0 86.0 524.0 1928.6689485398088
0.0 1325.0 136.0 877.0 3132.4553685282644
11.0 1507.0 63.0 327.0 1273.5383608504326
11.0 1504.0 63.0 347.0 1305.0788280475758
3.0 1478.0 70.0 440.0 1563.0457414332532
11.0 1507.0 63.0 327.0 1273.5383608504326
51.0 1563.0 32.0 168.0 724.2674911542535
0.0 1399.0 110.0 598.0 2358.987868483929
0.0 1325.0 136.0 877.0 3132.4553685282644
11.0 1507.0 63.0 327.0 1273.5383608504326
26.0 1377.0 141.0 467.0 2525.4565127815295
25.0 1535.0 42.0 296.0 965.041921535132
0.0 1359.0 126.0 720.0 2728.4796107916695
30.0 1379.0 141.0 448.0 2503.268355474593
11.0 1509.0 61.0 327.0 1260.4163592493592
12.0 1522.0 59.0 261.0 1131.4048148913928
12.0 1522.0 59.0 261.0 1131.4048148913928
37.0 1549.0 43.0 178.0 837.2240092319981
29.0 1540.0 38.0 295.0 917.5174418302466
2.0 1454.0 79.0 478.0 1775.2735006929447
16.0 1354.0 152.0 538.0 2764.096044311816
15.0 1434.0 106.0 382.0 1974.2698588098324
1.0 1445.0 81.0 519.0 1867.1909826478382
1.0 1453.0 79.0 488.0 1788.9947805642016
0.0 1394.0 111.0 616.0 2412.903385643137
16.0 1354.0 152.0 538.0 2764.096044311816
29.0 1540.0 38.0 295.0 917.5174418302466
20.0 1361.0 149.0 507.0 2702.1604357681986
0.0 1370.0 114.0 766.0 2653.6386283007414
0.0 1370.0 114.0 766.0 2653.6386283007414
0.0 1415.0 100.0 561.0 2155.6154093974537
28.0 1539.0 51.0 183.0 942.7368063149502
35.0 1548.0 36.0 249.0 838.7387263091749
51.0 1563.0 32.0 168.0 724.2674911542535
15.0 1434.0 106.0 382.0 1974.2698588098324
20.0 1457.0 97.0 312.0 1732.7886910168643
35.0 1548.0 36.0 249.0 838.7387263091749
15.0 1434.0 106.0 382.0 1974.2698588098324
0.0 1380.0 117.0 666.0 2519.4854494023443
30.0 1379.0 141.0 448.0 2503.268355474593
29.0 1540.0 38.0 295.0 917.5174418302466
2.0 1454.0 79.0 478.0 1775.2735006929447
17.0 1442.0 103.0 356.0 1890.9544430437936
0.0 1380.0 117.0 666.0 2519.4854494023443
7.0 1482.0 73.0 383.0 1528.6323467119887
51.0 1563.0 32.0 168.0 724.2674911542535
15.0 1524.0 58.0 242.0 1108.0670219554042
40.0 1553.0 34.0 225.0 795.8423968245231
0.0 1392.0 112.0 620.0 2431.726908375086
6.0 1485.0 69.0 401.0 1512.4253719686683
0.0 1438.0 86.0 524.0 1928.6689485398088
0.0 1311.0 147.0 859.0 3248.0067539826046
6.0 1485.0 69.0 401.0 1512.4253719686683
1.0 1453.0 79.0 488.0 1788.9947805642016
18.0 1454.0 96.0 332.0 1771.7106691950094
4.0 1479.0 70.0 430.0 1552.0608677921555
6.0 1485.0 69.0 401.0 1512.4253719686683
2.0 1454.0 79.0 478.0 1775.2735006929447
33.0 1546.0 37.0 259.0 856.6464400932871
10.0 1490.0 68.0 371.0 1453.1923137501549
12.0 1519.0 56.0 300.0 1157.5159035886315
3.0 1478.0 70.0 440.0 1563.0457414332532
41.0 1554.0 34.0 216.0 787.9735292342941
6.0 1485.0 69.0 401.0 1512.4253719686683
51.0 1563.0 32.0 168.0 724.2674911542535
20.0 1531.0 56.0 205.0 1039.1562022287349
0.0 1284.0 164.0 906.0 3515.771012992257
15.0 1524.0 58.0 242.0 1108.0670219554042
56.0 1566.0 30.0 166.0 696.1537969538472
4.0 1339.0 140.0 706.0 2970.8094299145255
1.0 1471.0 74.0 454.0 1633.4520233446508
15.0 1525.0 58.0 241.0 1096.20776065024
23.0 1465.0 91.0 299.0 1642.4973593498405
56.0 1566.0 30.0 166.0 696.1537969538472
19.0 1457.0 95.0 321.0 1739.1567140393968
7.0 1486.0 69.0 391.0 1501.4404983275708
4.0 1479.0 70.0 430.0 1552.0608677921555
22.0 1533.0 57.0 183.0 1025.5103211654057
0.0 1400.0 109.0 598.0 2346.7744879665593
14.0 1443.0 101.0 370.0 1883.9663771767873
0.0 1404.0 101.0 637.0 2292.3729762127878
25.0 1468.0 90.0 293.0 1605.1200841321058
14.0 1443.0 101.0 370.0 1883.9663771767873
7.0 1486.0 69.0 391.0 1501.4404983275708
56.0 1566.0 30.0 166.0 696.1537969538472
19.0 1457.0 95.0 321.0 1739.1567140393968
31.0 1542.0 48.0 183.0 905.418698577457
17.0 1356.0 151.0 529.0 2744.1391180654823
10.0 1490.0 68.0 371.0 1453.1923137501549
10.0 1490.0 68.0 371.0 1453.1923137501549
12.0 1521.0 55.0 299.0 1142.3419659198137
0.0 1358.0 127.0 720.0 2733.8510748227786
0.0 1335.0 140.0 745.0 3010.1307906300312
45.0 1560.0 33.0 190.0 744.6811633786025
17.0 1356.0 151.0 529.0 2744.1391180654823
29.0 1540.0 50.0 183.0 929.8249825242177
0.0 1412.0 102.0 567.0 2183.4379350392587
51.0 1563.0 32.0 168.0 724.2674911542535
22.0 1533.0 57.0 183.0 1025.5103211654057
10.0 1431.0 104.0 424.0 2012.7305948989472
25.0 1468.0 90.0 293.0 1605.1200841321058
22.0 1533.0 57.0 183.0 1025.5103211654057
10.0 1431.0 104.0 424.0 2012.7305948989472
28.0 1378.0 141.0 458.0 2508.7478398578955
4.0 1479.0 70.0 430.0 1552.0608677921555
0.0 1335.0 140.0 745.0 3010.1307906300312
0.0 1335.0 140.0 745.0 3010.1307906300312
11.0 1508.0 61.0 331.0 1271.5550436533224
28.0 1539.0 50.0 189.0 942.2442716882218
0.0 1290.0 157.0 932.0 3472.4037642491176
56.0 1566.0 30.0 166.0 696.1537969538472
0.0 1378.0 118.0 670.0 2538.3089721342935
0.0 1411.0 104.0 560.0 2209.6126975062652
0.0 1355.0 123.0 785.0 2778.231915567929
24.0 1534.0 43.0 296.0 974.2948012582389
45.0 1560.0 33.0 190.0 744.6811633786025
45.0 1560.0 33.0 190.0 744.6811633786025
21.0 1372.0 143.0 493.0 2577.1907669360403
0.0 1355.0 123.0 785.0 2778.231915567929
38.0 1550.0 42.0 178.0 826.9287922177446
0.0 1335.0 140.0 745.0 3010.1307906300312
0.0 1335.0 140.0 745.0 3010.1307906300312
20.0 1457.0 97.0 312.0 1732.7886910168643
38.0 1550.0 42.0 178.0 826.9287922177446
38.0 1550.0 42.0 178.0 826.9287922177446
0.0 1359.0 126.0 720.0 2728.4796107916695
56.0 1566.0 30.0 166.0 696.1537969538472
24.0 1467.0 91.0 293.0 1618.9567381543836
21.0 1531.0 57.0 192.0 1045.0976549388815
22.0 1533.0 57.0 183.0 1025.5103211654057
22.0 1533.0 57.0 183.0 1025.5103211654057
22.0 1532.0 45.0 296.0 994.790262911499
42.0 1555.0 34.0 207.0 781.5748811537102
14.0 1444.0 100.0 370.0 1876.2815388488018
3.0 1478.0 70.0 440.0 1563.0457414332532
39.0 1552.0 35.0 225.0 802.3417769026397
24.0 1467.0 91.0 293.0 1618.9567381543836
12.0 1521.0 55.0 299.0 1142.3419659198137
35.0 1546.0 44.0 183.0 864.5791916920502
23.0 1465.0 91.0 299.0 1642.4973593498405
23.0 1465.0 91.0 299.0 1642.4973593498405
0.0 1280.0 166.0 925.0 3550.557337359475
20.0 1457.0 97.0 312.0 1732.7886910168643
0.0 1380.0 117.0 666.0 2519.4854494023443
0.0 1433.0 87.0 547.0 1985.2653759773837
0.0 1415.0 100.0 561.0 2155.6154093974537
62.0 1568.0 29.0 162.0 673.9197858173559
62.0 1568.0 29.0 162.0 673.9197858173559
0.0 1311.0 147.0 859.0 3248.0067539826046
15.0 1525.0 58.0 241.0 1096.20776065024
18.0 1454.0 96.0 332.0 1771.7106691950094
0.0 1290.0 157.0 932.0 3472.4037642491176
31.0 1542.0 36.0 295.0 902.5795627410869
1.0 1473.0 73.0 450.0 1613.8368682421806
20.0 1360.0 150.0 508.0 2700.182590184548
37.0 1549.0 43.0 178.0 837.2240092319981
0.0 1392.0 112.0 620.0 2431.726908375086
13.0 1344.0 157.0 575.0 2875.831378574632
7.0 1421.0 107.0 473.0 2093.8020068580645
0.0 1404.0 101.0 637.0 2292.3729762127878
0.0 1358.0 127.0 720.0 2733.8510748227786
0.0 1415.0 100.0 561.0 2155.6154093974537
62.0 1568.0 29.0 162.0 673.9197858173559
0.0 1371.0 122.0 684.0 2603.6689438110466
1.0 1473.0 73.0 450.0 1613.8368682421806
18.0 1529.0 57.0 217.0 1058.8139459941242
40.0 1553.0 34.0 225.0 795.8423968245231
20.0 1459.0 95.0 312.0 1718.5867345389538
1.0 1453.0 79.0 488.0 1788.9947805642016
18.0 1529.0 57.0 217.0 1058.8139459941242
12.0 1519.0 56.0 300.0 1157.5159035886315
0.0 1378.0 118.0 670.0 2538.3089721342935
1.0 1450.0 80.0 496.0 1810.5945552102633
7.0 1421.0 107.0 473.0 2093.8020068580645
7.0 1421.0 107.0 473.0 2093.8020068580645
7.0 1482.0 73.0 383.0 1528.6323467119887
0.0 1355.0 123.0 785.0 2778.231915567929
0.0 1358.0 127.0 720.0 2733.8510748227786
1.0 1450.0 80.0 496.0 1810.5945552102633
1.0 1445.0 81.0 519.0 1867.1909826478382
12.0 1519.0 56.0 300.0 1157.5159035886315
1.0 1457.0 78.0 483.0 1756.890575624969
12.0 1519.0 56.0 300.0 1157.5159035886315
0.0 1426.0 89.0 576.0 2060.363785714133
0.0 1371.0 122.0 684.0 2603.6689438110466
21.0 1372.0 143.0 493.0 2577.1907669360403
21.0 1531.0 46.0 296.0 1008.8235726338909
0.0 1311.0 147.0 859.0 3248.0067539826046
35.0 1548.0 36.0 249.0 838.7387263091749
0.0 1299.0 169.0 780.0 3359.177000714321
22.0 1532.0 45.0 296.0 994.790262911499
33.0 1546.0 37.0 259.0 856.6464400932871
23.0 1465.0 91.0 299.0 1642.4973593498405
7.0 1482.0 73.0 383.0 1528.6323467119887
44.0 1558.0 36.0 177.0 761.4454810085389
13.0 1344.0 157.0 575.0 2875.831378574632
0.0 1371.0 122.0 684.0 2603.6689438110466
31.0 1542.0 48.0 183.0 905.418698577457
0.0 1404.0 101.0 637.0 2292.3729762127878
0.0 1391.0 113.0 620.0 2443.940288892455
0.0 1289.0 162.0 885.0 3445.5789961813575
33.0 1546.0 37.0 259.0 856.6464400932871
12.0 1522.0 59.0 261.0 1131.4048148913928
31.0 1542.0 48.0 183.0 905.418698577457
27.0 1538.0 52.0 183.0 956.2012039889045
7.0 1311.0 168.0 698.0 3236.414901668733
33.0 1544.0 46.0 183.0 886.4561594703504
11.0 1507.0 63.0 327.0 1273.5383608504326
14.0 1433.0 106.0 390.0 1987.378134085193
0.0 1433.0 87.0 547.0 1985.2653759773837
0.0 1391.0 113.0 620.0 2443.940288892455
25.0 1536.0 54.0 183.0 983.7040068312976
12.0 1522.0 59.0 261.0 1131.4048148913928
12.0 1522.0 59.0 261.0 1131.4048148913928
0.0 1299.0 161.0 827.0 3359.1974335189625
0.0 1433.0 87.0 547.0 1985.2653759773837
11.0 1508.0 61.0 331.0 1271.5550436533224
11.0 1508.0 61.0 331.0 1271.5550436533224
20.0 1360.0 150.0 508.0 2700.182590184548
25.0 1536.0 54.0 183.0 983.7040068312976
24.0 1534.0 43.0 296.0 974.2948012582389
7.0 1311.0 168.0 698.0 3236.414901668733
7.0 1311.0 168.0 698.0 3236.414901668733
0.0 1279.0 167.0 925.0 3562.7707178768446
1.0 1450.0 80.0 496.0 1810.5945552102633
1.0 1450.0 80.0 496.0 1810.5945552102633
