21.0 1464.0 91.0 305.0 1666.4965626885482
1.0 1356.0 123.0 776.0 2764.6084238839035
11.0 1451.0 94.0 384.0 1796.0437224016541
3.0 1472.0 74.0 432.0 1613.2941105666607
14.0 1439.0 104.0 376.0 1929.2949548970128
1.0 1394.0 113.0 598.0 2412.496828651644
32.0 1391.0 134.0 428.0 2426.422054457722
11.0 1488.0 70.0 356.0 1463.3533328748235
12.0 1489.0 69.0 356.0 1450.2036242312358
54.0 1558.0 34.0 172.0 767.0993819461506
0.0 1434.0 92.0 514.0 1981.1503891282566
54.0 1558.0 34.0 172.0 767.0993819461506
18.0 1446.0 100.0 346.0 1849.0332933884363
30.0 1530.0 43.0 284.0 1038.707799903035
18.0 1446.0 100.0 346.0 1849.0332933884363
11.0 1488.0 70.0 356.0 1463.3533328748235
20.0 1464.0 91.0 305.0 1675.3950490906084
18.0 1446.0 100.0 346.0 1849.0332933884363
11.0 1488.0 70.0 356.0 1463.3533328748235
0.0 1354.0 124.0 786.0 2786.751964239402
30.0 1530.0 43.0 284.0 1038.707799903035
5.0 1365.0 127.0 665.0 2655.8014453512083
54.0 1558.0 34.0 172.0 767.0993819461506
0.0 1457.0 80.0 483.0 1765.4438961685873
23.0 1380.0 141.0 452.0 2537.156937862743
9.0 1329.0 162.0 618.0 3015.065307190724
17.0 1514.0 61.0 257.0 1224.2192213113115
0.0 1457.0 80.0 483.0 1765.4438961685873
14.0 1504.0 65.0 299.0 1312.4105013082979
10.0 1489.0 63.0 423.0 1435.0171263164723
0.0 1457.0 80.0 483.0 1765.4438961685873
30.0 1530.0 43.0 284.0 1038.707799903035
11.0 1488.0 70.0 356.0 1463.3533328748235
0.0 1457.0 80.0 483.0 1765.4438961685873
0.0 1457.0 80.0 483.0 1765.4438961685873
23.0 1380.0 141.0 452.0 2537.156937862743
52.0 1556.0 35.0 176.0 781.5318538949005
28.0 1386.0 139.0 425.0 2479.2768966277745
19.0 1353.0 151.0 524.0 2787.779451642305
0.0 1437.0 87.0 536.0 1959.5681727844417
26.0 1525.0 56.0 203.0 1107.5533947473623
52.0 1556.0 35.0 176.0 781.5318538949005
9.0 1329.0 162.0 618.0 3015.065307190724
49.0 1552.0 36.0 185.0 817.441948903454
0.0 1331.0 139.0 778.0 3077.126170583768
5.0 1365.0 127.0 665.0 2655.8014453512083
54.0 1558.0 34.0 172.0 767.0993819461506
54.0 1558.0 34.0 172.0 767.0993819461506
54.0 1558.0 34.0 172.0 767.0993819461506
19.0 1516.0 61.0 239.0 1204.629361595122
28.0 1386.0 139.0 425.0 2479.2768966277745
0.0 1413.0 99.0 590.0 2175.9715371366974
54.0 1558.0 34.0 172.0 767.0993819461506
0.0 1340.0 137.0 758.0 2934.1795476744564
19.0 1516.0 61.0 239.0 1204.629361595122
25.0 1388.0 136.0 434.0 2447.7449096606515
49.0 1552.0 36.0 185.0 817.441948903454
1.0 1467.0 76.0 455.0 1661.9889051198552
20.0 1519.0 54.0 274.0 1165.019769784666
54.0 1558.0 34.0 172.0 767.0993819461506
1.0 1394.0 113.0 598.0 2412.496828651644
24.0 1384.0 139.0 440.0 2493.006762102329
4.0 1428.0 102.0 469.0 2026.715038234049
10.0 1489.0 63.0 423.0 1435.0171263164723
0.0 1392.0 112.0 620.0 2431.726908375086
13.0 1335.0 160.0 583.0 2964.581602732876
41.0 1543.0 41.0 202.0 887.8796115035207
0.0 1420.0 103.0 519.0 2112.589773649481
28.0 1528.0 56.0 190.0 1070.515367644208
31.0 1532.0 53.0 189.0 1017.5780915882076
54.0 1558.0 34.0 172.0 767.0993819461506
10.0 1489.0 63.0 423.0 1435.0171263164723
19.0 1516.0 61.0 239.0 1204.629361595122
2.0 1471.0 74.0 441.0 1625.2459447939812
2.0 1471.0 74.0 441.0 1625.2459447939812
42.0 1544.0 40.0 202.0 878.9741535484488
54.0 1558.0 34.0 172.0 767.0993819461506
0.0 1451.0 82.0 499.0 1844.2486574704076
0.0 1434.0 92.0 514.0 1981.1503891282566
19.0 1353.0 151.0 524.0 2787.779451642305
54.0 1558.0 34.0 172.0 767.0993819461506
20.0 1463.0 92.0 305.0 1680.7665131217173
46.0 1548.0 38.0 187.0 849.6905446401597
0.0 1392.0 112.0 620.0 2431.726908375086
19.0 1353.0 151.0 524.0 2787.779451642305
0.0 1375.0 116.0 699.0 2567.9226741921284
14.0 1510.0 61.0 290.0 1268.3089363705565
20.0 1463.0 92.0 305.0 1680.7665131217173
49.0 1552.0 36.0 185.0 817.441948903454
14.0 1510.0 61.0 290.0 1268.3089363705565
41.0 1543.0 41.0 202.0 887.8796115035207
5.0 1429.0 102.0 460.0 2015.003669097071
10.0 1489.0 63.0 423.0 1435.0171263164723
8.0 1484.0 70.0 386.0 1504.2031591283126
1.0 1394.0 113.0 598.0 2412.496828651644
7.0 1482.0 70.0 397.0 1526.2647642350566
20.0 1519.0 54.0 274.0 1165.019769784666
28.0 1386.0 139.0 425.0 2479.2768966277745
20.0 1463.0 92.0 305.0 1680.7665131217173
28.0 1528.0 45.0 284.0 1056.8661375812137
20.0 1463.0 92.0 305.0 1680.7665131217173
0.0 1432.0 88.0 561.0 2023.8315897669218
20.0 1463.0 92.0 305.0 1680.7665131217173
20.0 1463.0 92.0 305.0 1680.7665131217173
0.0 1325.0 141.0 810.0 3115.5445239989212
0.0 1287.0 166.0 859.0 3476.112153404889
16.0 1348.0 153.0 549.0 2832.187645404289
19.0 1353.0 151.0 524.0 2787.779451642305
5.0 1310.0 168.0 714.0 3228.1523722677707
42.0 1544.0 40.0 202.0 878.9741535484488
11.0 1488.0 70.0 356.0 1463.3533328748235
0.0 1307.0 148.0 876.0 3296.3485405503884
46.0 1548.0 38.0 187.0 849.6905446401597
7.0 1482.0 70.0 397.0 1526.2647642350566
19.0 1353.0 151.0 524.0 2787.779451642305
0.0 1287.0 166.0 859.0 3476.112153404889
25.0 1388.0 136.0 434.0 2447.7449096606515
25.0 1388.0 136.0 434.0 2447.7449096606515
0.0 1393.0 113.0 607.0 2424.4486628789646
0.0 1375.0 116.0 699.0 2567.9226741921284
0.0 1413.0 99.0 590.0 2175.9715371366974
5.0 1429.0 102.0 460.0 2015.003669097071
14.0 1503.0 65.0 304.0 1321.671830073951
19.0 1353.0 151.0 524.0 2787.779451642305
0.0 1405.0 107.0 589.0 2243.7962743584008
25.0 1388.0 136.0 434.0 2447.7449096606515
0.0 1413.0 99.0 590.0 2175.9715371366974
27.0 1390.0 134.0 434.0 2431.454707826054
16.0 1348.0 153.0 549.0 2832.187645404289
13.0 1438.0 104.0 385.0 1935.6936029775966
5.0 1365.0 127.0 665.0 2655.8014453512083
20.0 1463.0 92.0 305.0 1680.7665131217173
36.0 1537.0 49.0 184.0 951.2225045651161
25.0 1388.0 136.0 434.0 2447.7449096606515
13.0 1335.0 160.0 583.0 2964.581602732876
34.0 1535.0 51.0 184.0 979.7607830142784
26.0 1525.0 56.0 203.0 1107.5533947473623
0.0 1405.0 107.0 589.0 2243.7962743584008
25.0 1388.0 136.0 434.0 2447.7449096606515
18.0 1515.0 61.0 248.0 1212.498229185351
13.0 1438.0 104.0 385.0 1935.6936029775966
0.0 1392.0 114.0 607.0 2436.6620433963344
14.0 1439.0 104.0 376.0 1929.2949548970128
34.0 1535.0 51.0 184.0 979.7607830142784
0.0 1437.0 87.0 536.0 1959.5681727844417
0.0 1420.0 103.0 519.0 2112.589773649481
0.0 1437.0 87.0 536.0 1959.5681727844417
0.0 1289.0 165.0 855.0 3452.7600884835556
0.0 1331.0 139.0 778.0 3077.126170583768
0.0 1420.0 103.0 519.0 2112.589773649481
0.0 1420.0 103.0 519.0 2112.589773649481
13.0 1335.0 160.0 583.0 2964.581602732876
44.0 1546.0 40.0 187.0 863.112764861291
0.0 1405.0 107.0 589.0 2243.7962743584008
0.0 1374.0 116.0 703.0 2579.061358596092
22.0 1520.0 59.0 221.0 1165.1265161988279
28.0 1528.0 45.0 284.0 1056.8661375812137
16.0 1457.0 94.0 336.0 1741.765128389119
26.0 1525.0 48.0 274.0 1083.4591382938643
0.0 1325.0 141.0 810.0 3115.5445239989212
22.0 1520.0 59.0 221.0 1165.1265161988279
1.0 1470.0 74.0 451.0 1636.2308184350788
18.0 1446.0 100.0 346.0 1849.0332933884363
23.0 1380.0 141.0 452.0 2537.156937862743
6.0 1481.0 70.0 406.0 1538.216598462377
0.0 1422.0 93.0 569.0 2140.663831931654
4.0 1473.0 74.0 423.0 1601.5827414296828
6.0 1481.0 70.0 406.0 1538.216598462377
19.0 1353.0 151.0 524.0 2787.779451642305
0.0 1437.0 87.0 536.0 1959.5681727844417
28.0 1528.0 56.0 190.0 1070.515367644208
0.0 1374.0 116.0 703.0 2579.061358596092
22.0 1520.0 59.0 221.0 1165.1265161988279
5.0 1429.0 102.0 460.0 2015.003669097071
0.0 1437.0 87.0 536.0 1959.5681727844417
37.0 1539.0 42.0 229.0 929.8789324411218
0.0 1432.0 88.0 561.0 2023.8315897669218
16.0 1348.0 153.0 549.0 2832.187645404289
0.0 1458.0 80.0 479.0 1754.3052117646243
1.0 1470.0 74.0 451.0 1636.2308184350788
9.0 1329.0 162.0 618.0 3015.065307190724
18.0 1515.0 61.0 248.0 1212.498229185351
1.0 1470.0 74.0 451.0 1636.2308184350788
6.0 1481.0 70.0 406.0 1538.216598462377
5.0 1310.0 168.0 714.0 3228.1523722677707
0.0 1458.0 80.0 479.0 1754.3052117646243
0.0 1451.0 82.0 499.0 1844.2486574704076
1.0 1468.0 75.0 455.0 1654.3040667918697
5.0 1429.0 102.0 460.0 2015.003669097071
6.0 1481.0 70.0 406.0 1538.216598462377
35.0 1536.0 50.0 184.0 965.7274732918866
0.0 1374.0 116.0 703.0 2579.061358596092
9.0 1329.0 162.0 618.0 3015.065307190724
9.0 1329.0 162.0 618.0 3015.065307190724
1.0 1277.0 169.0 927.0 3586.6425935725356
1.0 1277.0 169.0 927.0 3586.6425935725356
0.0 1360.0 125.0 720.0 2720.794772463684
54.0 1558.0 34.0 172.0 767.0993819461506
15.0 1513.0 59.0 286.0 1234.096720437448
1.0 1277.0 169.0 927.0 3586.6425935725356
54.0 1558.0 34.0 172.0 767.0993819461506
14.0 1504.0 65.0 299.0 1312.4105013082979
14.0 1504.0 65.0 299.0 1312.4105013082979
14.0 1504.0 65.0 299.0 1312.4105013082979
10.0 1489.0 63.0 423.0 1435.0171263164723
1.0 1277.0 169.0 927.0 3586.6425935725356
35.0 1536.0 50.0 184.0 965.7274732918866
1.0 1277.0 169.0 927.0 3586.6425935725356
14.0 1504.0 65.0 299.0 1312.4105013082979
13.0 1335.0 160.0 583.0 2964.581602732876
14.0 1439.0 104.0 376.0 1929.2949548970128
14.0 1439.0 104.0 376.0 1929.2949548970128
0.0 1287.0 166.0 859.0 3476.112153404889
30.0 1531.0 54.0 189.0 1030.6654038938032
25.0 1388.0 136.0 434.0 2447.7449096606515
19.0 1462.0 92.0 312.0 1691.5757357116768
1.0 1469.0 74.0 455.0 1647.3695028390418
0.0 1374.0 116.0 703.0 2579.061358596092
10.0 1489.0 63.0 423.0 1435.0171263164723
0.0 1360.0 125.0 720.0 2720.794772463684
0.0 1360.0 125.0 720.0 2720.794772463684
0.0 1360.0 125.0 720.0 2720.794772463684
0.0 1404.0 101.0 637.0 2292.3729762127878
0.0 1451.0 82.0 499.0 1844.2486574704076
0.0 1451.0 82.0 499.0 1844.2486574704076
46.0 1548.0 38.0 187.0 849.6905446401597
18.0 1461.0 92.0 320.0 1699.3038081799884
46.0 1548.0 38.0 187.0 849.6905446401597
10.0 1489.0 63.0 423.0 1435.0171263164723
0.0 1404.0 101.0 637.0 2292.3729762127878
0.0 1404.0 101.0 637.0 2292.3729762127878
0.0 1437.0 87.0 536.0 1959.5681727844417
38.0 1540.0 41.0 229.0 915.8456227187299
0.0 1318.0 149.0 789.0 3161.9214384339393
38.0 1540.0 41.0 229.0 915.8456227187299
17.0 1514.0 61.0 257.0 1224.2192213113115
20.0 1463.0 92.0 305.0 1680.7665131217173
38.0 1540.0 41.0 229.0 915.8456227187299
36.0 1537.0 49.0 184.0 951.2225045651161
1.0 1467.0 76.0 455.0 1661.9889051198552
43.0 1545.0 40.0 194.0 871.2460810801371
24.0 1523.0 56.0 220.0 1121.4079549818086
0.0 1291.0 156.0 931.0 3463.8837155776446
1.0 1469.0 74.0 455.0 1647.3695028390418
32.0 1533.0 52.0 189.0 1005.4117898662001
0.0 1291.0 156.0 931.0 3463.8837155776446
0.0 1289.0 165.0 855.0 3452.7600884835556
10.0 1486.0 70.0 367.0 1485.3975337920695
30.0 1530.0 43.0 284.0 1038.707799903035
20.0 1463.0 92.0 305.0 1680.7665131217173
0.0 1326.0 141.0 800.0 3106.8082171109136
21.0 1520.0 53.0 274.0 1151.183115762388
0.0 1340.0 137.0 758.0 2934.1795476744564
30.0 1530.0 43.0 284.0 1038.707799903035
0.0 1375.0 116.0 699.0 2567.9226741921284
52.0 1556.0 35.0 176.0 781.5318538949005
0.0 1422.0 93.0 569.0 2140.663831931654
44.0 1546.0 40.0 187.0 863.112764861291
26.0 1525.0 48.0 274.0 1083.4591382938643
17.0 1458.0 94.0 328.0 1731.223540933056
26.0 1525.0 48.0 274.0 1083.4591382938643
15.0 1513.0 59.0 286.0 1234.096720437448
25.0 1388.0 136.0 434.0 2447.7449096606515
0.0 1422.0 93.0 569.0 2140.663831931654
14.0 1504.0 65.0 299.0 1312.4105013082979
0.0 1354.0 124.0 786.0 2786.751964239402
0.0 1354.0 124.0 786.0 2786.751964239402
14.0 1507.0 61.0 304.0 1293.74127068845
14.0 1507.0 61.0 304.0 1293.74127068845
14.0 1507.0 61.0 304.0 1293.74127068845
15.0 1513.0 59.0 286.0 1234.096720437448
11.0 1488.0 70.0 356.0 1463.3533328748235
16.0 1457.0 94.0 336.0 1741.765128389119
25.0 1524.0 56.0 211.0 1115.0093069012248
0.0 1307.0 148.0 876.0 3296.3485405503884
0.0 1422.0 93.0 569.0 2140.663831931654
47.0 1550.0 39.0 178.0 830.3399948142005
0.0 1355.0 124.0 776.0 2775.8460088677202
19.0 1516.0 61.0 239.0 1204.629361595122
0.0 1404.0 101.0 637.0 2292.3729762127878
28.0 1528.0 56.0 190.0 1070.515367644208
28.0 1528.0 56.0 190.0 1070.515367644208
0.0 1374.0 116.0 703.0 2579.061358596092
47.0 1550.0 39.0 178.0 830.3399948142005
36.0 1537.0 49.0 184.0 951.2225045651161
32.0 1533.0 52.0 189.0 1005.4117898662001
36.0 1537.0 49.0 184.0 951.2225045651161
26.0 1525.0 56.0 203.0 1107.5533947473623
0.0 1307.0 148.0 876.0 3296.3485405503884
3.0 1472.0 74.0 432.0 1613.2941105666607
38.0 1540.0 41.0 229.0 915.8456227187299
0.0 1307.0 148.0 876.0 3296.3485405503884
0.0 1307.0 148.0 876.0 3296.3485405503884
14.0 1507.0 61.0 304.0 1293.74127068845
4.0 1473.0 74.0 423.0 1601.5827414296828
18.0 1446.0 100.0 346.0 1849.0332933884363
18.0 1446.0 100.0 346.0 1849.0332933884363
25.0 1524.0 56.0 211.0 1115.0093069012248
8.0 1484.0 70.0 386.0 1504.2031591283126
22.0 1520.0 59.0 221.0 1165.1265161988279
0.0 1458.0 80.0 479.0 1754.3052117646243
0.0 1455.0 80.0 492.0 1781.6149017208284
9.0 1493.0 70.0 336.0 1432.1750882244596
18.0 1512.0 65.0 228.0 1250.8075781051568
6.0 1427.0 106.0 443.0 2042.5324078490598
0.0 1455.0 80.0 492.0 1781.6149017208284
25.0 1522.0 60.0 205.0 1135.639371589292
0.0 1455.0 80.0 492.0 1781.6149017208284
0.0 1305.0 147.0 902.0 3342.458830811317
12.0 1504.0 65.0 290.0 1334.5767828256141
15.0 1349.0 152.0 564.0 2823.42678680747
36.0 1537.0 48.0 187.0 965.2865919925706
19.0 1514.0 55.0 301.0 1215.1865309110144
12.0 1504.0 65.0 290.0 1334.5767828256141
50.0 1551.0 36.0 174.0 830.3977941862299
0.0 1285.0 168.0 867.0 3502.1662090674663
0.0 1326.0 137.0 859.0 3107.16607099091
12.0 1504.0 65.0 290.0 1334.5767828256141
0.0 1455.0 80.0 492.0 1781.6149017208284
4.0 1475.0 71.0 432.0 1585.1030939061936
0.0 1462.0 79.0 474.0 1720.7725771677628
20.0 1516.0 54.0 300.0 1187.1198120891886
12.0 1504.0 65.0 290.0 1334.5767828256141
0.0 1326.0 137.0 859.0 3107.16607099091
31.0 1530.0 45.0 263.0 1016.7255579775496
0.0 1327.0 137.0 849.0 3098.429764102903
32.0 1533.0 50.0 201.0 1013.8517872845831
20.0 1516.0 54.0 300.0 1187.1198120891886
0.0 1455.0 80.0 492.0 1781.6149017208284
0.0 1427.0 90.0 559.0 2061.4185153437206
0.0 1441.0 86.0 513.0 1927.3325439201146
4.0 1311.0 165.0 720.0 3246.90311531845
0.0 1458.0 80.0 479.0 1754.3052117646243
12.0 1504.0 65.0 290.0 1334.5767828256141
9.0 1497.0 66.0 336.0 1396.2598439049239
3.0 1474.0 71.0 442.0 1596.087967547291
13.0 1440.0 103.0 373.0 1900.9292392487357
36.0 1537.0 48.0 187.0 965.2865919925706
0.0 1458.0 80.0 479.0 1754.3052117646243
14.0 1443.0 101.0 363.0 1870.408610563788
0.0 1301.0 159.0 824.0 3358.7779296314034
0.0 1427.0 90.0 559.0 2061.4185153437206
7.0 1478.0 71.0 405.0 1549.718898415935
0.0 1413.0 99.0 584.0 2191.7972013773247
3.0 1474.0 71.0 442.0 1596.087967547291
0.0 1424.0 93.0 552.0 2076.046814934643
0.0 1462.0 79.0 474.0 1720.7725771677628
3.0 1417.0 109.0 491.0 2155.0067599403283
0.0 1427.0 90.0 559.0 2061.4185153437206
0.0 1360.0 128.0 703.0 2715.397085358229
52.0 1553.0 35.0 170.0 813.5585814537837
0.0 1462.0 79.0 474.0 1720.7725771677628
0.0 1424.0 93.0 552.0 2076.046814934643
16.0 1510.0 65.0 246.0 1272.5496130287
0.0 1441.0 86.0 513.0 1927.3325439201146
0.0 1382.0 108.0 733.0 2513.1838264245307
4.0 1475.0 71.0 432.0 1585.1030939061936
41.0 1542.0 38.0 226.0 902.5640245166444
0.0 1441.0 86.0 513.0 1927.3325439201146
0.0 1338.0 138.0 764.0 2954.317234988276
15.0 1509.0 65.0 255.0 1284.2706051546604
3.0 1474.0 71.0 442.0 1596.087967547291
9.0 1497.0 66.0 336.0 1396.2598439049239
13.0 1505.0 65.0 280.0 1323.5919091845167
0.0 1306.0 147.0 892.0 3333.72252392331
9.0 1497.0 66.0 336.0 1396.2598439049239
38.0 1538.0 45.0 194.0 945.1507812571268
0.0 1278.0 168.0 933.0 3576.44487624437
32.0 1531.0 44.0 263.0 1010.226177899433
3.0 1474.0 71.0 442.0 1596.087967547291
9.0 1497.0 66.0 336.0 1396.2598439049239
32.0 1533.0 50.0 201.0 1013.8517872845831
0.0 1305.0 147.0 902.0 3342.458830811317
31.0 1530.0 45.0 263.0 1016.7255579775496
0.0 1338.0 138.0 764.0 2954.317234988276
20.0 1516.0 54.0 300.0 1187.1198120891886
0.0 1441.0 86.0 513.0 1927.3325439201146
0.0 1382.0 108.0 733.0 2513.1838264245307
0.0 1390.0 114.0 620.0 2456.1907289742903
25.0 1522.0 60.0 205.0 1135.639371589292
0.0 1441.0 86.0 513.0 1927.3325439201146
0.0 1360.0 128.0 703.0 2715.397085358229
0.0 1290.0 157.0 931.0 3471.5685539056303
9.0 1497.0 66.0 336.0 1396.2598439049239
9.0 1497.0 66.0 336.0 1396.2598439049239
0.0 1360.0 128.0 703.0 2715.397085358229
9.0 1496.0 67.0 336.0 1403.1944078577517
0.0 1301.0 159.0 824.0 3358.7779296314034
0.0 1376.0 117.0 693.0 2556.015746126522
35.0 1535.0 42.0 246.0 977.3956704991555
0.0 1372.0 115.0 730.0 2607.004493861589
0.0 1305.0 147.0 902.0 3342.458830811317
9.0 1316.0 165.0 675.0 3198.6640341685556
3.0 1474.0 71.0 442.0 1596.087967547291
4.0 1311.0 165.0 720.0 3246.90311531845
0.0 1435.0 89.0 527.0 1979.418915077614
0.0 1390.0 114.0 620.0 2456.1907289742903
0.0 1296.0 170.0 797.0 3388.652060044545
9.0 1496.0 67.0 336.0 1403.1944078577517
15.0 1349.0 152.0 564.0 2823.42678680747
0.0 1296.0 170.0 797.0 3388.652060044545
15.0 1509.0 65.0 255.0 1284.2706051546604
3.0 1474.0 71.0 442.0 1596.087967547291
12.0 1504.0 65.0 290.0 1334.5767828256141
45.0 1545.0 41.0 174.0 878.4263586730732
9.0 1497.0 66.0 336.0 1396.2598439049239
15.0 1509.0 65.0 255.0 1284.2706051546604
0.0 1296.0 170.0 797.0 3388.652060044545
26.0 1523.0 48.0 298.0 1096.8738249800815
16.0 1350.0 152.0 556.0 2815.698714339158
0.0 1444.0 86.0 500.0 1900.0228539639108
0.0 1412.0 99.0 590.0 2206.563424660035
41.0 1542.0 38.0 226.0 902.5640245166444
15.0 1509.0 65.0 255.0 1284.2706051546604
51.0 1552.0 35.0 174.0 822.3827552400849
0.0 1278.0 168.0 933.0 3576.44487624437
51.0 1552.0 35.0 174.0 822.3827552400849
0.0 1424.0 93.0 552.0 2076.046814934643
9.0 1353.0 142.0 616.0 2770.275054741469
0.0 1424.0 93.0 552.0 2076.046814934643
22.0 1518.0 52.0 300.0 1161.4590640798974
0.0 1424.0 93.0 552.0 2076.046814934643
0.0 1390.0 114.0 620.0 2456.1907289742903
27.0 1525.0 59.0 190.0 1117.6101839356215
15.0 1509.0 65.0 255.0 1284.2706051546604
11.0 1355.0 142.0 598.0 2749.6330385934257
0.0 1285.0 168.0 867.0 3502.1662090674663
0.0 1406.0 101.0 617.0 2272.7307139530994
11.0 1355.0 142.0 598.0 2749.6330385934257
3.0 1474.0 71.0 442.0 1596.087967547291
3.0 1472.0 71.0 451.0 1612.2589730995319
30.0 1529.0 50.0 222.0 1048.3440433733113
18.0 1457.0 95.0 312.0 1743.149044524008
19.0 1514.0 55.0 301.0 1215.1865309110144
0.0 1390.0 114.0 620.0 2456.1907289742903
19.0 1458.0 95.0 305.0 1732.3398219340488
3.0 1474.0 71.0 442.0 1596.087967547291
1.0 1393.0 113.0 602.0 2415.689759928992
8.0 1429.0 106.0 425.0 2017.3412470416372
8.0 1429.0 106.0 425.0 2017.3412470416372
42.0 1543.0 37.0 226.0 896.9557263541957
8.0 1429.0 106.0 425.0 2017.3412470416372
0.0 1462.0 79.0 474.0 1720.7725771677628
1.0 1395.0 111.0 602.0 2395.754481519171
42.0 1543.0 37.0 226.0 896.9557263541957
0.0 1424.0 93.0 552.0 2076.046814934643
45.0 1545.0 41.0 174.0 878.4263586730732
12.0 1504.0 65.0 290.0 1334.5767828256141
50.0 1551.0 36.0 174.0 830.3977941862299
9.0 1497.0 66.0 336.0 1396.2598439049239
18.0 1456.0 96.0 312.0 1750.8338828519934
51.0 1552.0 35.0 174.0 822.3827552400849
15.0 1349.0 152.0 564.0 2823.42678680747
0.0 1338.0 138.0 764.0 2954.317234988276
18.0 1456.0 96.0 312.0 1750.8338828519934
4.0 1475.0 71.0 432.0 1585.1030939061936
5.0 1476.0 71.0 423.0 1573.1512596788734
39.0 1539.0 44.0 194.0 932.0010726135391
0.0 1404.0 101.0 637.0 2292.3729762127878
3.0 1417.0 109.0 491.0 2155.0067599403283
3.0 1417.0 109.0 491.0 2155.0067599403283
3.0 1417.0 109.0 491.0 2155.0067599403283
18.0 1456.0 96.0 312.0 1750.8338828519934
39.0 1539.0 44.0 194.0 932.0010726135391
45.0 1545.0 41.0 174.0 878.4263586730732
35.0 1535.0 42.0 246.0 977.3956704991555
19.0 1458.0 95.0 305.0 1732.3398219340488
27.0 1525.0 59.0 190.0 1117.6101839356215
0.0 1404.0 101.0 637.0 2292.3729762127878
13.0 1505.0 65.0 280.0 1323.5919091845167
19.0 1458.0 95.0 305.0 1732.3398219340488
6.0 1477.0 71.0 414.0 1561.430267552913
0.0 1360.0 128.0 703.0 2715.397085358229
27.0 1525.0 59.0 190.0 1117.6101839356215
0.0 1360.0 128.0 703.0 2715.397085358229
38.0 1538.0 45.0 194.0 945.1507812571268
15.0 1349.0 152.0 564.0 2823.42678680747
45.0 1545.0 41.0 174.0 878.4263586730732
10.0 1432.0 105.0 407.0 1990.8603508534545
13.0 1505.0 65.0 280.0 1323.5919091845167
0.0 1449.0 82.0 508.0 1860.4196630226484
0.0 1444.0 86.0 500.0 1900.0228539639108
0.0 1435.0 89.0 527.0 1979.418915077614
0.0 1376.0 117.0 693.0 2556.015746126522
19.0 1513.0 65.0 219.0 1244.4089300245728
0.0 1435.0 89.0 527.0 1979.418915077614
36.0 1537.0 48.0 187.0 965.2865919925706
20.0 1516.0 54.0 300.0 1187.1198120891886
10.0 1432.0 105.0 407.0 1990.8603508534545
3.0 1470.0 72.0 455.0 1631.0824958314806
20.0 1363.0 146.0 516.0 2661.752147488923
25.0 1522.0 60.0 205.0 1135.639371589292
0.0 1444.0 86.0 500.0 1900.0228539639108
20.0 1363.0 146.0 516.0 2661.752147488923
0.0 1413.0 99.0 584.0 2191.7972013773247
18.0 1512.0 65.0 228.0 1250.8075781051568
10.0 1320.0 162.0 668.0 3157.7300386997745
7.0 1478.0 71.0 405.0 1549.718898415935
6.0 1427.0 106.0 443.0 2042.5324078490598
0.0 1413.0 99.0 584.0 2191.7972013773247
52.0 1553.0 35.0 170.0 813.5585814537837
9.0 1494.0 68.0 342.0 1420.91582960828
8.0 1315.0 165.0 684.0 3205.062682249139
14.0 1443.0 101.0 363.0 1870.408610563788
0.0 1458.0 80.0 479.0 1754.3052117646243
6.0 1477.0 71.0 414.0 1561.430267552913
0.0 1424.0 93.0 552.0 2076.046814934643
6.0 1477.0 71.0 414.0 1561.430267552913
26.0 1523.0 48.0 298.0 1096.8738249800815
18.0 1512.0 65.0 228.0 1250.8075781051568
26.0 1523.0 48.0 298.0 1096.8738249800815
20.0 1363.0 146.0 516.0 2661.752147488923
0.0 1376.0 117.0 693.0 2556.015746126522
12.0 1504.0 65.0 290.0 1334.5767828256141
55.0 1557.0 34.0 165.0 779.5620945718438
55.0 1557.0 34.0 165.0 779.5620945718438
0.0 1301.0 159.0 824.0 3358.7779296314034
55.0 1557.0 34.0 165.0 779.5620945718438
55.0 1557.0 34.0 165.0 779.5620945718438
0.0 1384.0 108.0 713.0 2493.5415641648415
5.0 1312.0 165.0 710.0 3235.9182416773524
17.0 1454.0 97.0 321.0 1774.7682554953237
0.0 1278.0 168.0 933.0 3576.44487624437
9.0 1494.0 68.0 342.0 1420.91582960828
1.0 1395.0 111.0 602.0 2395.754481519171
16.0 1510.0 65.0 246.0 1272.5496130287
23.0 1519.0 65.0 188.0 1185.9832373828299
35.0 1536.0 49.0 187.0 979.3199017149625
23.0 1519.0 65.0 188.0 1185.9832373828299
6.0 1427.0 106.0 443.0 2042.5324078490598
0.0 1354.0 124.0 789.0 2778.623667684619
10.0 1498.0 66.0 326.0 1385.2749702638264
0.0 1354.0 124.0 789.0 2778.623667684619
0.0 1384.0 108.0 713.0 2493.5415641648415
0.0 1412.0 99.0 590.0 2206.563424660035
0.0 1384.0 108.0 713.0 2493.5415641648415
9.0 1497.0 66.0 336.0 1396.2598439049239
0.0 1358.0 124.0 748.0 2735.6034961699165
9.0 1497.0 66.0 336.0 1396.2598439049239
17.0 1511.0 65.0 237.0 1262.5189472421348
0.0 1358.0 124.0 748.0 2735.6034961699165
0.0 1458.0 80.0 479.0 1754.3052117646243
13.0 1440.0 103.0 373.0 1900.9292392487357
28.0 1526.0 58.0 190.0 1103.2536549692559
0.0 1338.0 138.0 764.0 2954.317234988276
17.0 1454.0 97.0 321.0 1774.7682554953237
15.0 1444.0 101.0 354.0 1860.3779447772229
0.0 1327.0 137.0 849.0 3098.429764102903
0.0 1327.0 137.0 849.0 3098.429764102903
19.0 1513.0 65.0 219.0 1244.4089300245728
3.0 1470.0 72.0 455.0 1631.0824958314806
32.0 1533.0 50.0 201.0 1013.8517872845831
15.0 1444.0 101.0 354.0 1860.3779447772229
0.0 1372.0 122.0 689.0 2592.1664071341424
22.0 1518.0 52.0 300.0 1161.4590640798974
3.0 1472.0 71.0 451.0 1612.2589730995319
23.0 1519.0 65.0 188.0 1185.9832373828299
27.0 1525.0 59.0 190.0 1117.6101839356215
9.0 1497.0 66.0 336.0 1396.2598439049239
16.0 1510.0 65.0 246.0 1272.5496130287
0.0 1458.0 80.0 479.0 1754.3052117646243
0.0 1306.0 147.0 892.0 3333.72252392331
0.0 1462.0 79.0 474.0 1720.7725771677628
1.0 1393.0 112.0 606.0 2414.57800425112
1.0 1393.0 112.0 606.0 2414.57800425112
0.0 1462.0 79.0 474.0 1720.7725771677628
0.0 1462.0 79.0 474.0 1720.7725771677628
35.0 1536.0 49.0 187.0 979.3199017149625
0.0 1278.0 168.0 933.0 3576.44487624437
0.0 1278.0 168.0 933.0 3576.44487624437
19.0 1513.0 65.0 219.0 1244.4089300245728
32.0 1531.0 44.0 263.0 1010.226177899433
9.0 1493.0 70.0 336.0 1432.1750882244596
4.0 1311.0 165.0 720.0 3246.90311531845
32.0 1533.0 50.0 201.0 1013.8517872845831
30.0 1529.0 50.0 222.0 1048.3440433733113
3.0 1474.0 71.0 442.0 1596.087967547291
3.0 1474.0 71.0 442.0 1596.087967547291
7.0 1478.0 71.0 405.0 1549.718898415935
0.0 1338.0 138.0 764.0 2954.317234988276
0.0 1338.0 138.0 764.0 2954.317234988276
0.0 1290.0 157.0 931.0 3471.5685539056303
47.0 1547.0 39.0 174.0 862.8844146424566
23.0 1519.0 65.0 188.0 1185.9832373828299
0.0 1296.0 170.0 797.0 3388.652060044545
0.0 1296.0 170.0 797.0 3388.652060044545
30.0 1529.0 50.0 222.0 1048.3440433733113
0.0 1376.0 117.0 693.0 2556.015746126522
20.0 1363.0 146.0 516.0 2661.752147488923
0.0 1406.0 101.0 617.0 2272.7307139530994
0.0 1404.0 101.0 637.0 2292.3729762127878
0.0 1360.0 128.0 703.0 2715.397085358229
0.0 1360.0 128.0 703.0 2715.397085358229
23.0 1519.0 65.0 188.0 1185.9832373828299
23.0 1519.0 65.0 188.0 1185.9832373828299
47.0 1547.0 39.0 174.0 862.8844146424566
11.0 1355.0 142.0 598.0 2749.6330385934257
30.0 1529.0 50.0 222.0 1048.3440433733113
4.0 1475.0 71.0 432.0 1585.1030939061936
