44.0 1559.0 36.0 174.0 755.845776541621
49.0 1565.0 34.0 160.0 707.60727604297
11.0 1499.0 65.0 345.0 1321.631505415541
10.0 1516.0 61.0 292.0 1183.302202861325
3.0 1476.0 71.0 434.0 1590.2816173748529
14.0 1349.0 149.0 588.0 2843.0278904249976
24.0 1481.0 80.0 269.0 1496.3894975548847
0.0 1395.0 110.0 614.0 2403.9043827332807
12.0 1518.0 61.0 272.0 1162.0625413430214
30.0 1543.0 50.0 176.0 927.6747979200378
49.0 1565.0 34.0 160.0 707.60727604297
6.0 1480.0 68.0 424.0 1541.8386882673055
44.0 1559.0 36.0 174.0 755.845776541621
0.0 1307.0 155.0 815.0 3259.7762455007096
24.0 1383.0 136.0 442.0 2498.363393318638
3.0 1369.0 124.0 661.0 2619.4426667016355
11.0 1499.0 65.0 345.0 1321.631505415541
11.0 1501.0 63.0 345.0 1307.0121031347276
32.0 1545.0 48.0 176.0 893.5028925276737
33.0 1408.0 123.0 375.0 2254.0153352237876
0.0 1395.0 110.0 614.0 2403.9043827332807
26.0 1483.0 80.0 260.0 1476.874867285886
24.0 1482.0 80.0 267.0 1486.0392615851188
17.0 1525.0 58.0 233.0 1104.7340321800125
46.0 1561.0 34.0 174.0 743.08385989323
46.0 1561.0 34.0 174.0 743.08385989323
0.0 1392.0 112.0 620.0 2431.726908375086
56.0 1571.0 31.0 152.0 659.0545987578365
33.0 1408.0 123.0 375.0 2254.0153352237876
30.0 1543.0 50.0 176.0 927.6747979200378
10.0 1516.0 61.0 292.0 1183.302202861325
0.0 1367.0 115.0 777.0 2688.879735008443
10.0 1516.0 61.0 292.0 1183.302202861325
0.0 1278.0 168.0 931.0 3570.818449598591
30.0 1543.0 50.0 176.0 927.6747979200378
13.0 1519.0 61.0 264.0 1148.8849679572888
48.0 1563.0 33.0 170.0 726.7300506761463
3.0 1476.0 71.0 434.0 1590.2816173748529
3.0 1369.0 124.0 661.0 2619.4426667016355
0.0 1405.0 105.0 589.0 2283.2287326877968
21.0 1533.0 48.0 273.0 1016.0551546199762
24.0 1383.0 136.0 442.0 2498.363393318638
0.0 1404.0 101.0 637.0 2292.3729762127878
1.0 1465.0 75.0 466.0 1675.514458385854
0.0 1404.0 101.0 637.0 2292.3729762127878
32.0 1545.0 48.0 176.0 893.5028925276737
33.0 1408.0 123.0 375.0 2254.0153352237876
11.0 1504.0 63.0 332.0 1279.7024131785236
22.0 1378.0 139.0 458.0 2551.321472626823
0.0 1409.0 104.0 577.0 2216.638062526471
12.0 1451.0 93.0 375.0 1799.7681018901058
0.0 1433.0 90.0 528.0 1979.278954009476
1.0 1456.0 80.0 462.0 1755.6863479518895
22.0 1378.0 139.0 458.0 2551.321472626823
11.0 1501.0 63.0 345.0 1307.0121031347276
0.0 1361.0 127.0 698.0 2707.090668751351
24.0 1481.0 80.0 269.0 1496.3894975548847
0.0 1443.0 86.0 494.0 1884.8994256853982
10.0 1516.0 61.0 292.0 1183.302202861325
20.0 1528.0 58.0 206.0 1081.2992299089176
26.0 1483.0 80.0 260.0 1476.874867285886
13.0 1452.0 93.0 367.0 1788.4543113855325
19.0 1471.0 85.0 300.0 1599.9842238828546
0.0 1329.0 144.0 757.0 3078.105376869855
24.0 1481.0 80.0 269.0 1496.3894975548847
11.0 1504.0 63.0 332.0 1279.7024131785236
1.0 1468.0 75.0 453.0 1648.20476842965
2.0 1331.0 144.0 738.0 3054.317107253295
15.0 1350.0 149.0 579.0 2830.2547418671834
16.0 1524.0 58.0 242.0 1111.1326802605965
28.0 1538.0 41.0 276.0 951.7530088446409
1.0 1456.0 80.0 462.0 1755.6863479518895
11.0 1502.0 63.0 341.0 1295.8734187307643
8.0 1320.0 161.0 687.0 3144.983829399225
10.0 1516.0 61.0 292.0 1183.302202861325
11.0 1504.0 63.0 332.0 1279.7024131785236
27.0 1538.0 52.0 186.0 982.2114656801647
26.0 1482.0 80.0 264.0 1483.3629294070638
22.0 1378.0 139.0 458.0 2551.321472626823
24.0 1482.0 80.0 267.0 1486.0392615851188
0.0 1423.0 92.0 574.0 2127.5772325332337
27.0 1538.0 52.0 186.0 982.2114656801647
0.0 1329.0 144.0 757.0 3078.105376869855
28.0 1538.0 41.0 276.0 951.7530088446409
0.0 1377.0 115.0 689.0 2564.784592777041
6.0 1480.0 68.0 424.0 1541.8386882673055
6.0 1308.0 167.0 716.0 3256.3485955339943
0.0 1329.0 144.0 757.0 3078.105376869855
0.0 1362.0 126.0 698.0 2694.840228669517
0.0 1432.0 94.0 510.0 1989.6055242721627
15.0 1350.0 149.0 579.0 2830.2547418671834
29.0 1404.0 126.0 382.0 2291.0960750068894
24.0 1383.0 136.0 442.0 2498.363393318638
0.0 1432.0 94.0 510.0 1989.6055242721627
2.0 1318.0 139.0 875.0 3166.739713222304
0.0 1377.0 115.0 689.0 2564.784592777041
3.0 1476.0 71.0 434.0 1590.2816173748529
3.0 1476.0 71.0 434.0 1590.2816173748529
10.0 1516.0 61.0 292.0 1183.302202861325
0.0 1278.0 168.0 931.0 3570.818449598591
21.0 1533.0 48.0 273.0 1016.0551546199762
0.0 1278.0 168.0 931.0 3570.818449598591
24.0 1482.0 80.0 267.0 1486.0392615851188
10.0 1516.0 61.0 292.0 1183.302202861325
0.0 1278.0 168.0 931.0 3570.818449598591
0.0 1278.0 168.0 931.0 3570.818449598591
33.0 1546.0 47.0 176.0 880.4117605741209
21.0 1533.0 48.0 273.0 1016.0551546199762
36.0 1548.0 35.0 253.0 855.045777831104
55.0 1570.0 31.0 152.0 664.4210348150798
33.0 1408.0 123.0 375.0 2254.0153352237876
7.0 1462.0 80.0 406.0 1696.4391924185015
32.0 1407.0 124.0 375.0 2261.150310711477
1.0 1317.0 140.0 875.0 3178.280183160497
10.0 1342.0 151.0 633.0 2917.912750813249
0.0 1361.0 127.0 698.0 2707.090668751351
0.0 1355.0 123.0 785.0 2778.231915567929
43.0 1558.0 37.0 174.0 764.2120212678623
33.0 1408.0 123.0 375.0 2254.0153352237876
39.0 1552.0 41.0 176.0 815.221583813306
8.0 1482.0 69.0 397.0 1521.096885994192
13.0 1452.0 93.0 367.0 1788.4543113855325
0.0 1368.0 115.0 767.0 2677.9737796367613
23.0 1381.0 137.0 450.0 2519.1295795593064
10.0 1342.0 151.0 633.0 2917.912750813249
0.0 1289.0 164.0 861.0 3461.969818418529
24.0 1383.0 136.0 442.0 2498.363393318638
0.0 1289.0 164.0 861.0 3461.969818418529
20.0 1528.0 58.0 206.0 1081.2992299089176
6.0 1308.0 167.0 716.0 3256.3485955339943
55.0 1570.0 31.0 152.0 664.4210348150798
13.0 1452.0 93.0 367.0 1788.4543113855325
13.0 1519.0 61.0 264.0 1148.8849679572888
33.0 1546.0 47.0 176.0 880.4117605741209
13.0 1452.0 93.0 367.0 1788.4543113855325
33.0 1546.0 47.0 176.0 880.4117605741209
52.0 1567.0 32.0 158.0 688.7095821710998
36.0 1548.0 35.0 253.0 855.045777831104
0.0 1438.0 91.0 494.0 1927.6602289075972
20.0 1528.0 58.0 206.0 1081.2992299089176
20.0 1528.0 58.0 206.0 1081.2992299089176
52.0 1567.0 32.0 158.0 688.7095821710998
40.0 1553.0 40.0 176.0 805.9687040901991
0.0 1422.0 92.0 584.0 2136.313539421241
36.0 1548.0 35.0 253.0 855.045777831104
29.0 1539.0 40.0 276.0 942.5001291215341
26.0 1398.0 129.0 408.0 2356.767655323657
29.0 1539.0 40.0 276.0 942.5001291215341
29.0 1539.0 40.0 276.0 942.5001291215341
26.0 1398.0 129.0 408.0 2356.767655323657
52.0 1567.0 32.0 158.0 688.7095821710998
29.0 1405.0 125.0 382.0 2284.1615110540615
2.0 1331.0 144.0 738.0 3054.317107253295
43.0 1558.0 37.0 174.0 764.2120212678623
26.0 1536.0 43.0 276.0 977.9283778969924
8.0 1482.0 69.0 397.0 1521.096885994192
25.0 1535.0 53.0 193.0 1020.8745400866378
36.0 1548.0 35.0 253.0 855.045777831104
36.0 1548.0 35.0 253.0 855.045777831104
41.0 1556.0 39.0 174.0 783.2601801219859
35.0 1547.0 36.0 253.0 861.9686179741187
41.0 1556.0 39.0 174.0 783.2601801219859
38.0 1551.0 42.0 176.0 826.1306240808232
0.0 1438.0 91.0 494.0 1927.6602289075972
11.0 1499.0 65.0 345.0 1321.631505415541
8.0 1482.0 69.0 397.0 1521.096885994192
48.0 1563.0 33.0 170.0 726.7300506761463
6.0 1308.0 167.0 716.0 3256.3485955339943
7.0 1462.0 80.0 406.0 1696.4391924185015
0.0 1414.0 102.0 559.0 2177.465797778432
22.0 1378.0 139.0 458.0 2551.321472626823
6.0 1308.0 167.0 716.0 3256.3485955339943
28.0 1538.0 41.0 276.0 951.7530088446409
0.0 1443.0 86.0 494.0 1884.8994256853982
1.0 1456.0 80.0 462.0 1755.6863479518895
0.0 1432.0 94.0 510.0 1989.6055242721627
0.0 1409.0 104.0 577.0 2216.638062526471
23.0 1480.0 80.0 276.0 1504.5228137737308
0.0 1392.0 112.0 620.0 2431.726908375086
0.0 1409.0 104.0 577.0 2216.638062526471
0.0 1443.0 86.0 494.0 1884.8994256853982
7.0 1462.0 80.0 406.0 1696.4391924185015
53.0 1568.0 32.0 154.0 679.8854083847987
1.0 1468.0 75.0 453.0 1648.20476842965
53.0 1568.0 32.0 154.0 679.8854083847987
0.0 1443.0 86.0 494.0 1884.8994256853982
20.0 1528.0 57.0 214.0 1074.522333650459
48.0 1563.0 33.0 170.0 726.7300506761463
22.0 1378.0 139.0 458.0 2551.321472626823
6.0 1303.0 170.0 730.0 3311.61726322364
0.0 1404.0 101.0 637.0 2292.3729762127878
18.0 1468.0 87.0 308.0 1624.662448510959
18.0 1468.0 87.0 308.0 1624.662448510959
6.0 1303.0 170.0 730.0 3311.61726322364
16.0 1524.0 58.0 242.0 1111.1326802605965
0.0 1395.0 110.0 614.0 2403.9043827332807
23.0 1533.0 54.0 201.0 1043.1075812817198
17.0 1466.0 88.0 316.0 1647.4544760488568
16.0 1524.0 58.0 242.0 1111.1326802605965
24.0 1481.0 80.0 269.0 1496.3894975548847
0.0 1395.0 110.0 614.0 2403.9043827332807
10.0 1513.0 63.0 296.0 1211.171127550161
0.0 1284.0 162.0 937.0 3487.4675882152846
4.0 1478.0 69.0 434.0 1567.2080858457077
0.0 1367.0 115.0 777.0 2688.879735008443
1.0 1317.0 140.0 875.0 3178.280183160497
1.0 1317.0 140.0 875.0 3178.280183160497
1.0 1317.0 140.0 875.0 3178.280183160497
14.0 1463.0 88.0 339.0 1679.8811698281127
0.0 1377.0 115.0 689.0 2564.784592777041
0.0 1377.0 115.0 689.0 2564.784592777041
0.0 1377.0 115.0 689.0 2564.784592777041
1.0 1465.0 75.0 466.0 1675.514458385854
0.0 1335.0 136.0 809.0 2992.112115832832
23.0 1533.0 54.0 201.0 1043.1075812817198
0.0 1335.0 136.0 809.0 2992.112115832832
1.0 1465.0 75.0 466.0 1675.514458385854
20.0 1472.0 85.0 293.0 1589.1750012928953
0.0 1284.0 162.0 937.0 3487.4675882152846
0.0 1444.0 86.0 490.0 1873.760741281435
20.0 1472.0 85.0 293.0 1589.1750012928953
0.0 1307.0 155.0 815.0 3259.7762455007096
0.0 1433.0 90.0 528.0 1979.278954009476
0.0 1433.0 90.0 528.0 1979.278954009476
0.0 1433.0 90.0 528.0 1979.278954009476
15.0 1350.0 149.0 579.0 2830.2547418671834
55.0 1570.0 31.0 152.0 664.4210348150798
55.0 1570.0 31.0 152.0 664.4210348150798
31.0 1406.0 125.0 375.0 2272.465462704685
55.0 1570.0 31.0 152.0 664.4210348150798
55.0 1570.0 31.0 152.0 664.4210348150798
0.0 1414.0 102.0 559.0 2177.465797778432
55.0 1570.0 31.0 152.0 664.4210348150798
55.0 1570.0 31.0 152.0 664.4210348150798
55.0 1570.0 31.0 152.0 664.4210348150798
33.0 1546.0 47.0 176.0 880.4117605741209
0.0 1307.0 155.0 815.0 3259.7762455007096
26.0 1398.0 129.0 408.0 2356.767655323657
25.0 1535.0 53.0 193.0 1020.8745400866378
25.0 1535.0 53.0 193.0 1020.8745400866378
17.0 1525.0 58.0 233.0 1104.7340321800125
29.0 1405.0 125.0 382.0 2284.1615110540615
29.0 1405.0 125.0 382.0 2284.1615110540615
29.0 1405.0 125.0 382.0 2284.1615110540615
12.0 1451.0 93.0 375.0 1799.7681018901058
0.0 1423.0 92.0 574.0 2127.5772325332337
11.0 1500.0 64.0 345.0 1313.9466670875554
7.0 1319.0 161.0 696.0 3151.3824774798095
0.0 1414.0 102.0 559.0 2177.465797778432
0.0 1444.0 86.0 490.0 1873.760741281435
11.0 1501.0 63.0 345.0 1307.0121031347276
12.0 1451.0 93.0 375.0 1799.7681018901058
30.0 1543.0 50.0 176.0 927.6747979200378
4.0 1478.0 69.0 434.0 1567.2080858457077
0.0 1444.0 86.0 490.0 1873.760741281435
0.0 1422.0 99.0 536.0 2115.113180729585
0.0 1422.0 99.0 536.0 2115.113180729585
0.0 1380.0 112.0 710.0 2528.035624779917
8.0 1482.0 69.0 397.0 1521.096885994192
20.0 1528.0 58.0 206.0 1081.2992299089176
2.0 1368.0 124.0 670.0 2631.394500928956
17.0 1466.0 88.0 316.0 1647.4544760488568
4.0 1478.0 69.0 434.0 1567.2080858457077
37.0 1550.0 43.0 176.0 836.0642699489911
20.0 1528.0 58.0 206.0 1081.2992299089176
15.0 1350.0 149.0 579.0 2830.2547418671834
15.0 1350.0 149.0 579.0 2830.2547418671834
0.0 1289.0 164.0 861.0 3461.969818418529
0.0 1405.0 105.0 589.0 2283.2287326877968
12.0 1518.0 61.0 272.0 1162.0625413430214
37.0 1550.0 43.0 176.0 836.0642699489911
11.0 1504.0 63.0 332.0 1279.7024131785236
23.0 1533.0 54.0 201.0 1043.1075812817198
10.0 1513.0 63.0 296.0 1211.171127550161
27.0 1538.0 52.0 186.0 982.2114656801647
10.0 1513.0 63.0 296.0 1211.171127550161
4.0 1478.0 69.0 434.0 1567.2080858457077
21.0 1529.0 57.0 206.0 1066.7942611821472
1.0 1468.0 75.0 453.0 1648.20476842965
0.0 1355.0 123.0 785.0 2778.231915567929
1.0 1468.0 75.0 453.0 1648.20476842965
20.0 1472.0 85.0 293.0 1589.1750012928953
0.0 1355.0 123.0 785.0 2778.231915567929
1.0 1468.0 75.0 453.0 1648.20476842965
16.0 1524.0 58.0 242.0 1111.1326802605965
0.0 1361.0 127.0 698.0 2707.090668751351
16.0 1524.0 58.0 242.0 1111.1326802605965
14.0 1520.0 61.0 255.0 1141.0161003670596
35.0 1547.0 36.0 253.0 861.9686179741187
8.0 1482.0 69.0 397.0 1521.096885994192
1.0 1455.0 80.0 466.0 1766.8250323558527
1.0 1455.0 80.0 466.0 1766.8250323558527
1.0 1455.0 80.0 466.0 1766.8250323558527
29.0 1405.0 125.0 382.0 2284.1615110540615
39.0 1552.0 41.0 176.0 815.221583813306
0.0 1416.0 101.0 555.0 2158.6422750464826
14.0 1463.0 88.0 339.0 1679.8811698281127
0.0 1416.0 101.0 555.0 2158.6422750464826
6.0 1480.0 68.0 424.0 1541.8386882673055
11.0 1499.0 65.0 345.0 1321.631505415541
