43.0 1543.0 38.0 208.0 899.4215394291134
1.0 1474.0 74.0 440.0 1608.3770144191403
13.0 1460.0 96.0 338.0 1729.860048871864
18.0 1467.0 94.0 301.0 1657.764091158884
36.0 1534.0 49.0 188.0 996.1232370425296
23.0 1521.0 56.0 230.0 1159.7784804923988
18.0 1467.0 94.0 301.0 1657.764091158884
2.0 1364.0 125.0 691.0 2669.4746199582737
14.0 1506.0 59.0 311.0 1309.5388589239421
0.0 1330.0 148.0 732.0 3048.816760725533
1.0 1474.0 74.0 440.0 1608.3770144191403
1.0 1317.0 141.0 879.0 3173.6491670270043
1.0 1455.0 77.0 485.0 1799.1954265060858
1.0 1316.0 141.0 889.0 3184.555122398686
26.0 1525.0 57.0 204.0 1116.3935678912474
23.0 1363.0 144.0 507.0 2718.605574950181
14.0 1506.0 59.0 311.0 1309.5388589239421
30.0 1528.0 42.0 293.0 1049.48297280005
14.0 1328.0 159.0 647.0 3067.6477377898213
17.0 1436.0 106.0 366.0 1954.2914106064711
1.0 1474.0 74.0 440.0 1608.3770144191403
1.0 1474.0 74.0 440.0 1608.3770144191403
36.0 1534.0 49.0 188.0 996.1232370425296
1.0 1474.0 74.0 440.0 1608.3770144191403
19.0 1357.0 146.0 537.0 2773.601700244687
1.0 1474.0 74.0 440.0 1608.3770144191403
22.0 1366.0 140.0 517.0 2675.0988912952234
8.0 1484.0 71.0 382.0 1504.0367993991404
0.0 1328.0 149.0 736.0 3072.168825646866
26.0 1524.0 55.0 213.0 1131.8151059212255
24.0 1364.0 143.0 507.0 2710.590536004036
7.0 1422.0 108.0 458.0 2107.668834627068
37.0 1537.0 39.0 258.0 951.7331618217702
22.0 1519.0 56.0 240.0 1177.3047821436257
16.0 1435.0 106.0 373.0 1965.1006331964306
17.0 1436.0 106.0 366.0 1954.2914106064711
0.0 1431.0 91.0 534.0 2011.456169151737
25.0 1522.0 46.0 306.0 1116.8174347820704
21.0 1467.0 93.0 310.0 1651.435414041398
17.0 1355.0 146.0 554.0 2793.0816962379545
1.0 1316.0 141.0 889.0 3184.555122398686
17.0 1355.0 146.0 554.0 2793.0816962379545
19.0 1357.0 146.0 537.0 2773.601700244687
22.0 1519.0 56.0 240.0 1177.3047821436257
10.0 1312.0 168.0 676.0 3230.413266736385
1.0 1455.0 77.0 485.0 1799.1954265060858
14.0 1506.0 59.0 311.0 1309.5388589239421
8.0 1484.0 71.0 382.0 1504.0367993991404
0.0 1330.0 148.0 732.0 3048.816760725533
0.0 1417.0 97.0 576.0 2131.9343855057423
17.0 1436.0 106.0 366.0 1954.2914106064711
14.0 1506.0 59.0 311.0 1309.5388589239421
0.0 1431.0 91.0 534.0 2011.456169151737
0.0 1328.0 149.0 736.0 3072.168825646866
1.0 1455.0 77.0 485.0 1799.1954265060858
14.0 1506.0 59.0 311.0 1309.5388589239421
22.0 1366.0 140.0 517.0 2675.0988912952234
1.0 1458.0 77.0 472.0 1771.8857365498818
19.0 1466.0 95.0 301.0 1670.2375211732324
1.0 1458.0 77.0 472.0 1771.8857365498818
10.0 1312.0 168.0 676.0 3230.413266736385
0.0 1417.0 97.0 576.0 2131.9343855057423
17.0 1355.0 146.0 554.0 2793.0816962379545
0.0 1444.0 83.0 509.0 1906.131135431668
22.0 1519.0 56.0 240.0 1177.3047821436257
25.0 1364.0 144.0 501.0 2708.808614292372
24.0 1364.0 144.0 504.0 2710.326934480264
0.0 1442.0 84.0 513.0 1924.9546581636168
16.0 1435.0 106.0 373.0 1965.1006331964306
7.0 1421.0 109.0 458.0 2119.882215144438
32.0 1530.0 54.0 183.0 1052.59386701031
38.0 1536.0 47.0 188.0 969.4519665937516
0.0 1417.0 97.0 576.0 2131.9343855057423
0.0 1291.0 156.0 931.0 3463.8837155776446
16.0 1510.0 58.0 289.0 1273.2442550573255
0.0 1385.0 112.0 668.0 2484.4231279139353
18.0 1513.0 58.0 269.0 1241.431830636418
43.0 1543.0 38.0 208.0 899.4215394291134
0.0 1409.0 102.0 583.0 2243.155766964157
16.0 1510.0 58.0 289.0 1273.2442550573255
1.0 1456.0 77.0 481.0 1788.0567421021226
38.0 1538.0 38.0 258.0 944.8103216787555
0.0 1417.0 97.0 576.0 2131.9343855057423
11.0 1425.0 109.0 424.0 2078.4640046460927
12.0 1499.0 64.0 321.0 1372.1294804570946
44.0 1544.0 37.0 208.0 891.4065004829683
32.0 1530.0 54.0 183.0 1052.59386701031
8.0 1422.0 109.0 450.0 2106.8009670475576
1.0 1473.0 75.0 440.0 1615.3115783719682
13.0 1460.0 96.0 338.0 1729.860048871864
0.0 1429.0 92.0 540.0 2031.593856465556
11.0 1425.0 109.0 424.0 2078.4640046460927
0.0 1429.0 92.0 540.0 2031.593856465556
1.0 1458.0 77.0 472.0 1771.8857365498818
30.0 1528.0 42.0 293.0 1049.48297280005
0.0 1406.0 104.0 589.0 2270.9782926059615
0.0 1446.0 83.0 500.0 1889.9601298794273
8.0 1484.0 71.0 382.0 1504.0367993991404
1.0 1455.0 77.0 485.0 1799.1954265060858
8.0 1484.0 71.0 382.0 1504.0367993991404
0.0 1359.0 126.0 720.0 2726.166236494793
0.0 1279.0 167.0 927.0 3568.3971445226234
15.0 1509.0 58.0 299.0 1283.4990429345314
6.0 1483.0 68.0 419.0 1511.38168321777
19.0 1514.0 58.0 260.0 1233.5629630461888
3.0 1417.0 109.0 494.0 2163.1930161584046
0.0 1279.0 167.0 927.0 3568.3971445226234
17.0 1512.0 58.0 278.0 1251.4624964229831
6.0 1483.0 68.0 419.0 1511.38168321777
6.0 1483.0 68.0 419.0 1511.38168321777
19.0 1357.0 146.0 537.0 2773.601700244687
20.0 1516.0 56.0 259.0 1210.906078372333
9.0 1451.0 98.0 385.0 1820.6144920676863
0.0 1443.0 83.0 513.0 1917.2698198356313
0.0 1406.0 104.0 589.0 2270.9782926059615
12.0 1458.0 97.0 347.0 1748.509137034283
51.0 1552.0 33.0 192.0 833.6663950566073
3.0 1478.0 71.0 431.0 1568.3999506197417
0.0 1403.0 100.0 654.0 2315.3591333511117
3.0 1478.0 71.0 431.0 1568.3999506197417
0.0 1284.0 163.0 914.0 3513.365703390174
19.0 1357.0 146.0 537.0 2773.601700244687
38.0 1538.0 38.0 258.0 944.8103216787555
20.0 1516.0 56.0 259.0 1210.906078372333
3.0 1478.0 71.0 431.0 1568.3999506197417
0.0 1431.0 91.0 534.0 2011.456169151737
20.0 1516.0 51.0 308.0 1190.3833397012684
0.0 1360.0 125.0 720.0 2720.794772463684
0.0 1431.0 91.0 534.0 2011.456169151737
0.0 1284.0 163.0 914.0 3513.365703390174
12.0 1497.0 66.0 321.0 1388.8593235409392
1.0 1458.0 77.0 472.0 1771.8857365498818
40.0 1537.0 46.0 183.0 958.0283476803876
37.0 1537.0 39.0 258.0 951.7331618217702
23.0 1520.0 48.0 306.0 1140.9337586177396
0.0 1446.0 83.0 500.0 1889.9601298794273
1.0 1456.0 77.0 481.0 1788.0567421021226
51.0 1552.0 33.0 192.0 833.6663950566073
6.0 1481.0 71.0 403.0 1533.742250625363
0.0 1415.0 98.0 582.0 2152.072072819561
0.0 1403.0 100.0 654.0 2315.3591333511117
0.0 1392.0 112.0 620.0 2431.726908375086
13.0 1500.0 64.0 312.0 1360.408488331134
0.0 1339.0 134.0 792.0 2949.4851109790334
0.0 1339.0 134.0 792.0 2949.4851109790334
44.0 1544.0 37.0 208.0 891.4065004829683
13.0 1500.0 64.0 312.0 1360.408488331134
17.0 1512.0 58.0 278.0 1251.4624964229831
0.0 1446.0 83.0 500.0 1889.9601298794273
3.0 1417.0 109.0 494.0 2163.1930161584046
9.0 1485.0 71.0 373.0 1492.3428344516603
9.0 1485.0 71.0 373.0 1492.3428344516603
0.0 1442.0 84.0 513.0 1924.9546581636168
0.0 1339.0 134.0 792.0 2949.4851109790334
1.0 1300.0 169.0 768.0 3350.090769103745
0.0 1385.0 112.0 668.0 2484.4231279139353
2.0 1364.0 125.0 691.0 2669.4746199582737
16.0 1510.0 58.0 289.0 1273.2442550573255
30.0 1528.0 42.0 293.0 1049.48297280005
23.0 1363.0 144.0 507.0 2718.605574950181
0.0 1394.0 111.0 616.0 2412.903385643137
26.0 1525.0 57.0 204.0 1116.3935678912474
20.0 1516.0 51.0 308.0 1190.3833397012684
0.0 1353.0 127.0 750.0 2818.465389985253
13.0 1460.0 96.0 338.0 1729.860048871864
1.0 1300.0 169.0 768.0 3350.090769103745
0.0 1375.0 116.0 697.0 2562.077800397225
0.0 1375.0 116.0 697.0 2562.077800397225
18.0 1467.0 94.0 301.0 1657.764091158884
18.0 1467.0 94.0 301.0 1657.764091158884
18.0 1467.0 94.0 301.0 1657.764091158884
0.0 1306.0 157.0 801.0 3286.5881279786854
0.0 1374.0 117.0 697.0 2569.7626387252108
0.0 1385.0 112.0 668.0 2484.4231279139353
18.0 1513.0 58.0 269.0 1241.431830636418
33.0 1531.0 53.0 183.0 1038.7511081699072
0.0 1340.0 134.0 786.0 2934.7188876963232
46.0 1546.0 35.0 206.0 875.8982267380414
0.0 1394.0 111.0 616.0 2412.903385643137
0.0 1340.0 134.0 786.0 2934.7188876963232
26.0 1525.0 57.0 204.0 1116.3935678912474
1.0 1317.0 141.0 879.0 3173.6491670270043
22.0 1366.0 140.0 517.0 2675.0988912952234
0.0 1417.0 97.0 576.0 2131.9343855057423
0.0 1409.0 102.0 583.0 2243.155766964157
53.0 1553.0 33.0 182.0 826.9494457159113
53.0 1553.0 33.0 182.0 826.9494457159113
6.0 1481.0 71.0 403.0 1533.742250625363
1.0 1474.0 74.0 440.0 1608.3770144191403
7.0 1421.0 109.0 458.0 2119.882215144438
57.0 1556.0 32.0 174.0 796.6678279960788
26.0 1525.0 57.0 204.0 1116.3935678912474
23.0 1363.0 144.0 507.0 2718.605574950181
7.0 1421.0 109.0 458.0 2119.882215144438
0.0 1415.0 98.0 582.0 2152.072072819561
0.0 1409.0 102.0 583.0 2243.155766964157
20.0 1516.0 51.0 308.0 1190.3833397012684
12.0 1499.0 64.0 321.0 1372.1294804570946
12.0 1499.0 64.0 321.0 1372.1294804570946
0.0 1360.0 125.0 720.0 2720.794772463684
48.0 1548.0 35.0 194.0 857.0501605324432
26.0 1525.0 57.0 204.0 1116.3935678912474
26.0 1524.0 55.0 213.0 1131.8151059212255
8.0 1484.0 71.0 382.0 1504.0367993991404
0.0 1374.0 117.0 697.0 2569.7626387252108
25.0 1523.0 55.0 221.0 1139.5431783895372
25.0 1522.0 46.0 306.0 1116.8174347820704
29.0 1527.0 43.0 293.0 1063.440365522899
16.0 1353.0 146.0 568.0 2815.2355017006635
30.0 1528.0 42.0 293.0 1049.48297280005
0.0 1376.0 116.0 693.0 2550.9391159932616
22.0 1366.0 140.0 517.0 2675.0988912952234
0.0 1297.0 162.0 831.0 3382.5865580047607
18.0 1513.0 58.0 269.0 1241.431830636418
0.0 1374.0 117.0 697.0 2569.7626387252108
30.0 1528.0 42.0 293.0 1049.48297280005
1.0 1473.0 75.0 440.0 1615.3115783719682
57.0 1556.0 32.0 174.0 796.6678279960788
0.0 1376.0 116.0 693.0 2550.9391159932616
57.0 1556.0 32.0 174.0 796.6678279960788
57.0 1556.0 32.0 174.0 796.6678279960788
40.0 1538.0 46.0 183.0 948.1754008219074
16.0 1435.0 106.0 373.0 1965.1006331964306
43.0 1543.0 38.0 208.0 899.4215394291134
25.0 1522.0 46.0 306.0 1116.8174347820704
12.0 1499.0 64.0 321.0 1372.1294804570946
0.0 1291.0 156.0 931.0 3463.8837155776446
43.0 1543.0 38.0 208.0 899.4215394291134
48.0 1548.0 35.0 194.0 857.0501605324432
14.0 1461.0 96.0 330.0 1719.318461415801
12.0 1499.0 64.0 321.0 1372.1294804570946
9.0 1451.0 98.0 385.0 1820.6144920676863
12.0 1497.0 66.0 321.0 1388.8593235409392
12.0 1497.0 66.0 321.0 1388.8593235409392
48.0 1548.0 35.0 194.0 857.0501605324432
47.0 1547.0 35.0 199.0 867.7649105191953
12.0 1497.0 66.0 321.0 1388.8593235409392
47.0 1547.0 35.0 199.0 867.7649105191953
47.0 1547.0 35.0 199.0 867.7649105191953
12.0 1497.0 66.0 321.0 1388.8593235409392
43.0 1543.0 38.0 208.0 899.4215394291134
22.0 1519.0 56.0 240.0 1177.3047821436257
0.0 1306.0 157.0 801.0 3286.5881279786854
36.0 1534.0 49.0 188.0 996.1232370425296
0.0 1306.0 157.0 801.0 3286.5881279786854
0.0 1306.0 157.0 801.0 3286.5881279786854
32.0 1530.0 54.0 183.0 1052.59386701031
1.0 1317.0 141.0 879.0 3173.6491670270043
43.0 1543.0 38.0 208.0 899.4215394291134
36.0 1534.0 49.0 188.0 996.1232370425296
0.0 1360.0 125.0 720.0 2720.794772463684
0.0 1404.0 100.0 644.0 2304.45317797943
0.0 1443.0 83.0 513.0 1917.2698198356313
0.0 1443.0 83.0 513.0 1917.2698198356313
0.0 1279.0 167.0 927.0 3568.3971445226234
0.0 1279.0 167.0 927.0 3568.3971445226234
0.0 1286.0 165.0 877.0 3495.3679191328506
13.0 1460.0 96.0 338.0 1729.860048871864
0.0 1442.0 84.0 513.0 1924.9546581636168
10.0 1312.0 168.0 676.0 3230.413266736385
0.0 1353.0 127.0 750.0 2818.465389985253
10.0 1312.0 168.0 676.0 3230.413266736385
17.0 1436.0 106.0 366.0 1954.2914106064711
17.0 1436.0 106.0 366.0 1954.2914106064711
5.0 1480.0 71.0 412.0 1545.4632427513238
35.0 1533.0 51.0 183.0 1010.9817969171029
10.0 1312.0 168.0 676.0 3230.413266736385
35.0 1533.0 51.0 183.0 1010.9817969171029
32.0 1530.0 54.0 183.0 1052.59386701031
10.0 1312.0 168.0 676.0 3230.413266736385
0.0 1286.0 165.0 877.0 3495.3679191328506
0.0 1392.0 112.0 620.0 2431.726908375086
0.0 1392.0 112.0 620.0 2431.726908375086
0.0 1392.0 112.0 620.0 2431.726908375086
10.0 1312.0 168.0 676.0 3230.413266736385
23.0 1521.0 56.0 230.0 1159.7784804923988
23.0 1521.0 56.0 230.0 1159.7784804923988
0.0 1406.0 104.0 589.0 2270.9782926059615
0.0 1352.0 128.0 750.0 2826.150228313238
38.0 1536.0 47.0 188.0 969.4519665937516
32.0 1530.0 54.0 183.0 1052.59386701031
3.0 1478.0 71.0 431.0 1568.3999506197417
0.0 1443.0 83.0 513.0 1917.2698198356313
32.0 1530.0 54.0 183.0 1052.59386701031
16.0 1435.0 106.0 373.0 1965.1006331964306
16.0 1435.0 106.0 373.0 1965.1006331964306
38.0 1536.0 47.0 188.0 969.4519665937516
0.0 1359.0 126.0 720.0 2726.166236494793
0.0 1431.0 91.0 534.0 2011.456169151737
15.0 1509.0 58.0 299.0 1283.4990429345314
1.0 1458.0 77.0 472.0 1771.8857365498818
1.0 1458.0 77.0 472.0 1771.8857365498818
1.0 1458.0 77.0 472.0 1771.8857365498818
34.0 1532.0 39.0 284.0 1007.3054113466553
12.0 1499.0 64.0 321.0 1372.1294804570946
34.0 1532.0 39.0 284.0 1007.3054113466553
12.0 1458.0 97.0 347.0 1748.509137034283
12.0 1499.0 64.0 321.0 1372.1294804570946
6.0 1483.0 68.0 419.0 1511.38168321777
6.0 1483.0 68.0 419.0 1511.38168321777
18.0 1358.0 141.0 569.0 2781.9070603575865
0.0 1410.0 99.0 615.0 2204.8326186460854
57.0 1556.0 34.0 173.0 797.1987361887192
40.0 1540.0 43.0 193.0 930.0983036577496
55.0 1558.0 34.0 163.0 781.6062625215147
15.0 1507.0 52.0 358.0 1250.9604827600674
1.0 1469.0 75.0 452.0 1653.3642506793203
6.0 1421.0 102.0 497.0 2086.9234936035546
27.0 1518.0 43.0 361.0 1118.8597684887131
5.0 1303.0 169.0 745.0 3309.158995352191
15.0 1356.0 141.0 578.0 2806.8073664353788
10.0 1341.0 147.0 646.0 2963.3918147517056
46.0 1547.0 37.0 194.0 870.2537283455556
27.0 1451.0 100.0 339.0 1824.3115911321681
52.0 1554.0 35.0 171.0 814.5420176919789
26.0 1526.0 57.0 192.0 1099.586595620597
0.0 1280.0 166.0 933.0 3556.5466573990147
23.0 1360.0 143.0 532.0 2769.6004017628425
17.0 1511.0 50.0 355.0 1204.7782222204362
17.0 1357.0 141.0 575.0 2797.7126647407295
52.0 1554.0 35.0 171.0 814.5420176919789
0.0 1325.0 136.0 859.0 3106.5198289500427
0.0 1445.0 86.0 497.0 1884.4279311922976
5.0 1303.0 169.0 745.0 3309.158995352191
5.0 1420.0 102.0 503.0 2101.374872924682
10.0 1341.0 147.0 646.0 2963.3918147517056
1.0 1460.0 79.0 459.0 1732.7637918480934
21.0 1453.0 100.0 328.0 1802.681462480442
15.0 1507.0 52.0 358.0 1250.9604827600674
5.0 1420.0 102.0 503.0 2101.374872924682
22.0 1454.0 100.0 321.0 1792.7411973679089
0.0 1363.0 125.0 701.0 2686.499863603018
22.0 1454.0 100.0 321.0 1792.7411973679089
0.0 1425.0 91.0 565.0 2086.457922911757
18.0 1514.0 60.0 246.0 1217.7595789672148
21.0 1453.0 100.0 328.0 1802.681462480442
17.0 1511.0 50.0 355.0 1204.7782222204362
0.0 1408.0 94.0 673.0 2337.910053674733
57.0 1557.0 34.0 164.0 792.2919940639786
0.0 1425.0 91.0 565.0 2086.457922911757
47.0 1548.0 41.0 167.0 855.3037110165938
10.0 1341.0 147.0 646.0 2963.3918147517056
46.0 1542.0 33.0 251.0 919.4044616033486
1.0 1459.0 79.0 463.0 1743.9024762520567
57.0 1556.0 36.0 163.0 795.8978852317899
46.0 1547.0 37.0 194.0 870.2537283455556
19.0 1515.0 60.0 237.0 1206.0385868412543
34.0 1534.0 51.0 181.0 1000.6590945013667
32.0 1532.0 40.0 290.0 1002.426617959034
44.0 1545.0 33.0 243.0 894.6549467332119
0.0 1408.0 94.0 673.0 2337.910053674733
22.0 1454.0 100.0 321.0 1792.7411973679089
1.0 1364.0 125.0 692.0 2674.8058986555375
5.0 1303.0 169.0 745.0 3309.158995352191
15.0 1356.0 141.0 578.0 2806.8073664353788
0.0 1390.0 114.0 620.0 2456.1907289742903
28.0 1528.0 56.0 186.0 1073.209913733744
28.0 1528.0 56.0 186.0 1073.209913733744
33.0 1533.0 39.0 290.0 993.5211600039622
3.0 1414.0 104.0 530.0 2164.9559444541555
27.0 1521.0 42.0 342.0 1091.7713888209748
48.0 1549.0 40.0 167.0 848.8043309384772
27.0 1452.0 100.0 331.0 1814.118215284167
43.0 1543.0 42.0 181.0 900.9550204378977
55.0 1558.0 34.0 163.0 781.6062625215147
29.0 1529.0 55.0 186.0 1059.373259711466
0.0 1431.0 90.0 545.0 1996.701416503
11.0 1503.0 60.0 321.0 1314.6820932639887
0.0 1381.0 115.0 678.0 2513.467354124005
0.0 1357.0 124.0 758.0 2744.3398030579237
15.0 1356.0 141.0 578.0 2806.8073664353788
0.0 1325.0 136.0 859.0 3106.5198289500427
1.0 1460.0 79.0 459.0 1732.7637918480934
13.0 1506.0 60.0 301.0 1290.3441880958114
0.0 1286.0 167.0 865.0 3479.6313429372512
23.0 1523.0 59.0 201.0 1135.682745988534
36.0 1536.0 37.0 281.0 962.1086191209653
22.0 1454.0 100.0 321.0 1792.7411973679089
1.0 1472.0 74.0 443.0 1630.2586811742517
11.0 1503.0 60.0 321.0 1314.6820932639887
30.0 1530.0 54.0 186.0 1046.2235510678786
22.0 1454.0 100.0 321.0 1792.7411973679089
3.0 1414.0 104.0 530.0 2164.9559444541555
15.0 1356.0 141.0 578.0 2806.8073664353788
0.0 1328.0 136.0 833.0 3072.1113434076437
43.0 1543.0 42.0 181.0 900.9550204378977
18.0 1514.0 60.0 246.0 1217.7595789672148
34.0 1534.0 51.0 181.0 1000.6590945013667
41.0 1542.0 34.0 262.0 917.2416383658492
1.0 1471.0 74.0 447.0 1641.3973655782152
5.0 1492.0 65.0 373.0 1409.157817520903
55.0 1558.0 34.0 163.0 781.6062625215147
55.0 1558.0 34.0 163.0 781.6062625215147
0.0 1412.0 99.0 595.0 2185.190356386397
4.0 1487.0 69.0 377.0 1457.9894357348246
10.0 1341.0 147.0 646.0 2963.3918147517056
0.0 1426.0 91.0 559.0 2071.6916996290474
5.0 1491.0 67.0 363.0 1421.2464754089506
31.0 1531.0 41.0 290.0 1014.8453885482895
46.0 1547.0 37.0 194.0 870.2537283455556
3.0 1321.0 154.0 739.0 3149.7404963801764
4.0 1486.0 70.0 377.0 1467.0348376917118
0.0 1381.0 115.0 678.0 2513.467354124005
0.0 1412.0 99.0 595.0 2185.190356386397
0.0 1280.0 166.0 933.0 3556.5466573990147
7.0 1328.0 157.0 684.0 3071.7395298200768
31.0 1531.0 41.0 290.0 1014.8453885482895
20.0 1518.0 60.0 226.0 1175.352054706942
20.0 1518.0 60.0 226.0 1175.352054706942
30.0 1530.0 54.0 186.0 1046.2235510678786
13.0 1506.0 60.0 301.0 1290.3441880958114
4.0 1489.0 67.0 377.0 1443.3700334540113
5.0 1492.0 65.0 373.0 1409.157817520903
0.0 1426.0 91.0 559.0 2071.6916996290474
0.0 1398.0 110.0 598.0 2377.0661552249007
14.0 1436.0 105.0 397.0 1978.8184410294532
0.0 1448.0 86.0 480.0 1846.6411296199694
0.0 1392.0 112.0 620.0 2431.726908375086
0.0 1310.0 160.0 785.0 3224.023721257044
44.0 1545.0 33.0 243.0 894.6549467332119
0.0 1431.0 90.0 545.0 1996.701416503
0.0 1406.0 108.0 574.0 2249.628563755857
0.0 1329.0 136.0 829.0 3060.9726590036807
0.0 1448.0 86.0 480.0 1846.6411296199694
0.0 1357.0 124.0 758.0 2744.3398030579237
4.0 1489.0 67.0 377.0 1443.3700334540113
0.0 1448.0 86.0 480.0 1846.6411296199694
49.0 1550.0 39.0 167.0 838.9224273442074
0.0 1448.0 86.0 480.0 1846.6411296199694
49.0 1550.0 39.0 167.0 838.9224273442074
7.0 1499.0 60.0 358.0 1359.1299939545902
0.0 1445.0 86.0 497.0 1884.4279311922976
0.0 1308.0 155.0 809.0 3280.8730941889976
0.0 1302.0 148.0 910.0 3371.9380978676595
0.0 1448.0 86.0 480.0 1846.6411296199694
4.0 1486.0 70.0 377.0 1467.0348376917118
0.0 1302.0 148.0 910.0 3371.9380978676595
0.0 1412.0 99.0 595.0 2185.190356386397
0.0 1328.0 136.0 833.0 3072.1113434076437
55.0 1558.0 34.0 163.0 781.6062625215147
19.0 1513.0 48.0 355.0 1182.4340586971546
21.0 1360.0 142.0 542.0 2767.2102980507752
0.0 1327.0 136.0 839.0 3086.8775666903543
33.0 1533.0 39.0 290.0 993.5211600039622
20.0 1514.0 47.0 355.0 1174.0678139709132
37.0 1537.0 36.0 281.0 953.742374394724
13.0 1506.0 60.0 301.0 1290.3441880958114
13.0 1506.0 60.0 301.0 1290.3441880958114
26.0 1520.0 43.0 342.0 1100.6768467760467
0.0 1447.0 85.0 491.0 1861.9768695816022
23.0 1360.0 143.0 532.0 2769.6004017628425
10.0 1501.0 63.0 319.0 1336.7815974449334
0.0 1431.0 90.0 545.0 1996.701416503
0.0 1280.0 166.0 933.0 3556.5466573990147
28.0 1528.0 56.0 186.0 1073.209913733744
4.0 1484.0 72.0 377.0 1492.7496754475012
0.0 1429.0 90.0 555.0 2022.6063241896734
0.0 1406.0 108.0 574.0 2249.628563755857
0.0 1408.0 94.0 673.0 2337.910053674733
0.0 1397.0 111.0 598.0 2389.3165953067355
0.0 1381.0 115.0 678.0 2513.467354124005
30.0 1530.0 54.0 186.0 1046.2235510678786
0.0 1347.0 130.0 775.0 2872.9578929613153
4.0 1484.0 72.0 377.0 1492.7496754475012
15.0 1437.0 105.0 389.0 1971.3625288755907
21.0 1519.0 60.0 218.0 1167.8961425530797
0.0 1431.0 90.0 545.0 1996.701416503
0.0 1431.0 90.0 545.0 1996.701416503
8.0 1500.0 60.0 348.0 1348.1451203134927
37.0 1537.0 47.0 186.0 958.965615119401
31.0 1531.0 41.0 290.0 1014.8453885482895
15.0 1356.0 141.0 578.0 2806.8073664353788
29.0 1529.0 55.0 186.0 1059.373259711466
0.0 1398.0 110.0 598.0 2377.0661552249007
0.0 1310.0 160.0 785.0 3224.023721257044
5.0 1420.0 102.0 503.0 2101.374872924682
10.0 1501.0 63.0 319.0 1336.7815974449334
0.0 1431.0 90.0 545.0 1996.701416503
17.0 1513.0 60.0 256.0 1229.6950701948338
0.0 1431.0 90.0 545.0 1996.701416503
0.0 1363.0 125.0 701.0 2686.499863603018
10.0 1501.0 63.0 319.0 1336.7815974449334
0.0 1347.0 130.0 775.0 2872.9578929613153
26.0 1526.0 57.0 192.0 1099.586595620597
2.0 1473.0 74.0 433.0 1619.2738075331542
4.0 1484.0 72.0 377.0 1492.7496754475012
1.0 1460.0 79.0 459.0 1732.7637918480934
1.0 1458.0 80.0 463.0 1751.587314580042
17.0 1513.0 60.0 256.0 1229.6950701948338
1.0 1472.0 74.0 443.0 1630.2586811742517
7.0 1499.0 60.0 358.0 1359.1299939545902
1.0 1472.0 74.0 443.0 1630.2586811742517
0.0 1408.0 94.0 673.0 2337.910053674733
1.0 1472.0 74.0 443.0 1630.2586811742517
1.0 1458.0 80.0 463.0 1751.587314580042
2.0 1473.0 74.0 433.0 1619.2738075331542
1.0 1472.0 74.0 443.0 1630.2586811742517
40.0 1540.0 43.0 193.0 930.0983036577496
0.0 1279.0 167.0 933.0 3564.2314957270005
4.0 1488.0 68.0 377.0 1450.304597406839
2.0 1473.0 74.0 433.0 1619.2738075331542
4.0 1489.0 67.0 377.0 1443.3700334540113
0.0 1408.0 94.0 673.0 2337.910053674733
5.0 1492.0 65.0 373.0 1409.157817520903
0.0 1392.0 112.0 620.0 2431.726908375086
24.0 1524.0 59.0 192.0 1127.813878398305
3.0 1301.0 169.0 763.0 3325.986690111786
36.0 1536.0 37.0 281.0 962.1086191209653
3.0 1414.0 104.0 530.0 2164.9559444541555
0.0 1406.0 108.0 574.0 2249.628563755857
0.0 1381.0 115.0 678.0 2513.467354124005
35.0 1535.0 50.0 181.0 986.6257847789748
1.0 1460.0 79.0 459.0 1732.7637918480934
4.0 1489.0 67.0 377.0 1443.3700334540113
0.0 1363.0 125.0 701.0 2686.499863603018
21.0 1453.0 100.0 328.0 1802.681462480442
15.0 1507.0 52.0 358.0 1250.9604827600674
19.0 1513.0 48.0 355.0 1182.4340586971546
1.0 1469.0 75.0 452.0 1653.3642506793203
19.0 1513.0 48.0 355.0 1182.4340586971546
0.0 1347.0 130.0 775.0 2872.9578929613153
0.0 1363.0 125.0 701.0 2686.499863603018
0.0 1285.0 168.0 865.0 3491.844723454621
0.0 1285.0 168.0 865.0 3491.844723454621
0.0 1279.0 167.0 933.0 3564.2314957270005
0.0 1325.0 136.0 859.0 3106.5198289500427
15.0 1507.0 52.0 358.0 1250.9604827600674
11.0 1502.0 63.0 310.0 1330.3829493643495
0.0 1390.0 114.0 620.0 2456.1907289742903
53.0 1555.0 34.0 171.0 808.7029411866026
5.0 1303.0 169.0 745.0 3309.158995352191
0.0 1390.0 114.0 620.0 2456.1907289742903
0.0 1392.0 112.0 620.0 2431.726908375086
12.0 1434.0 105.0 414.0 1996.5308796146103
24.0 1524.0 59.0 192.0 1127.813878398305
24.0 1524.0 59.0 192.0 1127.813878398305
24.0 1524.0 59.0 192.0 1127.813878398305
0.0 1448.0 86.0 480.0 1846.6411296199694
23.0 1523.0 59.0 201.0 1135.682745988534
50.0 1552.0 37.0 171.0 827.1594563056922
10.0 1502.0 60.0 330.0 1324.7127590505538
20.0 1518.0 60.0 226.0 1175.352054706942
0.0 1308.0 155.0 809.0 3280.8730941889976
23.0 1523.0 59.0 201.0 1135.682745988534
0.0 1286.0 167.0 865.0 3479.6313429372512
0.0 1363.0 125.0 701.0 2686.499863603018
0.0 1363.0 125.0 701.0 2686.499863603018
18.0 1514.0 60.0 246.0 1217.7595789672148
5.0 1303.0 169.0 745.0 3309.158995352191
0.0 1328.0 136.0 833.0 3072.1113434076437
35.0 1535.0 50.0 181.0 986.6257847789748
13.0 1435.0 105.0 405.0 1990.1322315340265
0.0 1371.0 118.0 716.0 2622.544940262178
33.0 1533.0 39.0 290.0 993.5211600039622
25.0 1525.0 58.0 192.0 1113.971119557902
18.0 1514.0 60.0 246.0 1217.7595789672148
0.0 1371.0 118.0 716.0 2622.544940262178
0.0 1371.0 118.0 716.0 2622.544940262178
15.0 1437.0 105.0 389.0 1971.3625288755907
0.0 1447.0 85.0 491.0 1861.9768695816022
54.0 1557.0 35.0 163.0 787.2145606839634
1.0 1459.0 79.0 463.0 1743.9024762520567
27.0 1521.0 42.0 342.0 1091.7713888209748
1.0 1468.0 75.0 456.0 1664.5029350832835
4.0 1485.0 71.0 377.0 1479.119490685158
0.0 1447.0 85.0 491.0 1861.9768695816022
8.0 1500.0 60.0 348.0 1348.1451203134927
0.0 1447.0 85.0 491.0 1861.9768695816022
13.0 1506.0 60.0 301.0 1290.3441880958114
52.0 1554.0 35.0 171.0 814.5420176919789
37.0 1537.0 47.0 186.0 958.965615119401
44.0 1545.0 33.0 243.0 894.6549467332119
14.0 1436.0 105.0 397.0 1978.8184410294532
47.0 1548.0 41.0 167.0 855.3037110165938
47.0 1548.0 41.0 167.0 855.3037110165938
1.0 1460.0 79.0 459.0 1732.7637918480934
43.0 1543.0 42.0 181.0 900.9550204378977
1.0 1460.0 79.0 459.0 1732.7637918480934
15.0 1356.0 141.0 578.0 2806.8073664353788
5.0 1491.0 67.0 363.0 1421.2464754089506
38.0 1538.0 47.0 181.0 948.250865132649
15.0 1356.0 141.0 578.0 2806.8073664353788
5.0 1491.0 67.0 363.0 1421.2464754089506
0.0 1302.0 148.0 910.0 3371.9380978676595
5.0 1420.0 102.0 503.0 2101.374872924682
3.0 1321.0 154.0 739.0 3149.7404963801764
20.0 1518.0 60.0 226.0 1175.352054706942
17.0 1511.0 50.0 355.0 1204.7782222204362
5.0 1420.0 102.0 503.0 2101.374872924682
19.0 1515.0 60.0 237.0 1206.0385868412543
7.0 1499.0 60.0 358.0 1359.1299939545902
7.0 1499.0 60.0 358.0 1359.1299939545902
33.0 1533.0 39.0 290.0 993.5211600039622
0.0 1357.0 124.0 758.0 2744.3398030579237
5.0 1491.0 67.0 363.0 1421.2464754089506
38.0 1538.0 47.0 181.0 948.250865132649
39.0 1539.0 46.0 181.0 940.2358261865039
41.0 1542.0 34.0 262.0 917.2416383658492
4.0 1487.0 69.0 377.0 1457.9894357348246
