22.0 1386.0 132.0 450.0 2460.481911381667
0.0 1376.0 119.0 676.0 2569.355645720609
25.0 1454.0 99.0 303.0 1766.469376517216
0.0 1393.0 113.0 607.0 2424.4486628789646
56.0 1557.0 34.0 165.0 784.2061883000326
0.0 1350.0 129.0 754.0 2836.556032071787
56.0 1557.0 34.0 165.0 784.2061883000326
23.0 1455.0 98.0 303.0 1754.55477531265
9.0 1432.0 106.0 415.0 1981.459657138213
0.0 1350.0 129.0 754.0 2836.556032071787
23.0 1456.0 98.0 302.0 1746.4002164248466
39.0 1537.0 39.0 240.0 964.6499202605775
56.0 1557.0 34.0 165.0 784.2061883000326
0.0 1439.0 84.0 536.0 1930.1271390894913
19.0 1449.0 101.0 326.0 1809.9238382156839
39.0 1537.0 39.0 240.0 964.6499202605775
20.0 1379.0 136.0 467.0 2525.583222318856
0.0 1373.0 110.0 788.0 2653.3269874320636
39.0 1537.0 39.0 240.0 964.6499202605775
23.0 1455.0 98.0 303.0 1754.55477531265
0.0 1439.0 84.0 536.0 1930.1271390894913
6.0 1484.0 66.0 428.0 1513.4282663823785
0.0 1405.0 101.0 627.0 2281.467020841106
18.0 1513.0 58.0 270.0 1223.5231821276159
16.0 1444.0 103.0 349.0 1852.6922621002047
0.0 1371.0 116.0 725.0 2633.1869108146766
6.0 1484.0 66.0 428.0 1513.4282663823785
39.0 1537.0 39.0 240.0 964.6499202605775
56.0 1557.0 34.0 165.0 784.2061883000326
56.0 1557.0 34.0 165.0 784.2061883000326
24.0 1387.0 131.0 450.0 2447.1633859863946
30.0 1527.0 45.0 270.0 1074.5112226793472
0.0 1441.0 84.0 527.0 1904.9920445062273
23.0 1520.0 61.0 203.0 1161.2628895417597
28.0 1525.0 47.0 270.0 1097.600756424732
47.0 1547.0 36.0 203.0 870.1018757036545
51.0 1550.0 37.0 173.0 839.5260286344405
13.0 1436.0 106.0 379.0 1942.2186203275687
0.0 1327.0 138.0 837.0 3100.034706067949
30.0 1527.0 45.0 270.0 1074.5112226793472
16.0 1350.0 150.0 540.0 2801.914695795767
53.0 1552.0 35.0 173.0 826.9948903289771
53.0 1552.0 35.0 173.0 826.9948903289771
20.0 1379.0 136.0 467.0 2525.583222318856
22.0 1386.0 132.0 450.0 2460.481911381667
0.0 1428.0 88.0 563.0 2045.675541302221
0.0 1373.0 110.0 788.0 2653.3269874320636
8.0 1320.0 163.0 659.0 3125.5683073351015
41.0 1540.0 45.0 182.0 935.0529904351583
22.0 1386.0 132.0 450.0 2460.481911381667
23.0 1385.0 132.0 457.0 2468.9546352842585
0.0 1416.0 100.0 557.0 2144.4767249934907
13.0 1436.0 106.0 379.0 1942.2186203275687
1.0 1416.0 100.0 551.0 2144.6305357563565
1.0 1451.0 78.0 508.0 1812.0527457599458
15.0 1349.0 150.0 546.0 2814.333984959771
0.0 1425.0 88.0 589.0 2080.0840268446195
18.0 1376.0 137.0 483.0 2556.4529664073593
28.0 1525.0 58.0 188.0 1102.9024571479456
19.0 1448.0 102.0 326.0 1815.1563382093748
0.0 1298.0 170.0 782.0 3363.49694782081
17.0 1369.0 141.0 501.0 2627.78058677102
0.0 1375.0 119.0 680.0 2580.494330124572
5.0 1483.0 66.0 437.0 1525.380100609699
42.0 1541.0 44.0 182.0 924.4911746500661
5.0 1483.0 66.0 437.0 1525.380100609699
51.0 1550.0 37.0 173.0 839.5260286344405
0.0 1313.0 143.0 893.0 3215.2202372939046
9.0 1487.0 62.0 437.0 1468.9441136136559
0.0 1299.0 170.0 778.0 3352.3582634168465
15.0 1349.0 150.0 546.0 2814.333984959771
23.0 1455.0 98.0 303.0 1754.55477531265
6.0 1476.0 75.0 397.0 1579.8804854234006
15.0 1506.0 63.0 268.0 1314.5680948774004
35.0 1534.0 52.0 180.0 1002.0414076729799
0.0 1299.0 170.0 778.0 3352.3582634168465
41.0 1539.0 39.0 222.0 950.3824045897645
56.0 1557.0 34.0 165.0 784.2061883000326
22.0 1518.0 60.0 215.0 1197.5159002772575
56.0 1557.0 34.0 165.0 784.2061883000326
56.0 1557.0 34.0 165.0 784.2061883000326
8.0 1479.0 74.0 379.0 1554.2961137186212
22.0 1386.0 132.0 450.0 2460.481911381667
0.0 1299.0 170.0 778.0 3352.3582634168465
6.0 1476.0 75.0 397.0 1579.8804854234006
17.0 1511.0 63.0 245.0 1269.5489094123225
35.0 1534.0 52.0 180.0 1002.0414076729799
26.0 1467.0 91.0 296.0 1626.11293928748
5.0 1483.0 66.0 437.0 1525.380100609699
5.0 1483.0 66.0 437.0 1525.380100609699
16.0 1368.0 141.0 509.0 2640.8619346837036
8.0 1479.0 74.0 379.0 1554.2961137186212
48.0 1548.0 36.0 194.0 862.2330081134255
0.0 1288.0 165.0 861.0 3464.959597779448
19.0 1449.0 101.0 326.0 1809.9238382156839
15.0 1506.0 63.0 268.0 1314.5680948774004
8.0 1320.0 163.0 659.0 3125.5683073351015
27.0 1524.0 59.0 188.0 1114.2176091411536
18.0 1513.0 58.0 270.0 1223.5231821276159
44.0 1543.0 41.0 187.0 904.5764235116106
22.0 1386.0 132.0 450.0 2460.481911381667
56.0 1557.0 34.0 165.0 784.2061883000326
0.0 1441.0 84.0 527.0 1904.9920445062273
0.0 1395.0 111.0 607.0 2404.5133844691436
0.0 1415.0 100.0 561.0 2155.6154093974537
0.0 1404.0 101.0 637.0 2292.3729762127878
8.0 1479.0 74.0 379.0 1554.2961137186212
53.0 1552.0 35.0 173.0 826.9948903289771
35.0 1534.0 52.0 180.0 1002.0414076729799
0.0 1404.0 101.0 637.0 2292.3729762127878
6.0 1484.0 66.0 428.0 1513.4282663823785
1.0 1456.0 78.0 485.0 1755.0144577172648
0.0 1404.0 101.0 637.0 2292.3729762127878
32.0 1531.0 55.0 180.0 1041.337337902894
0.0 1415.0 100.0 561.0 2155.6154093974537
24.0 1521.0 61.0 197.0 1148.8436003777556
8.0 1479.0 74.0 379.0 1554.2961137186212
1.0 1469.0 74.0 455.0 1647.3695028390418
20.0 1379.0 136.0 467.0 2525.583222318856
0.0 1415.0 100.0 561.0 2155.6154093974537
44.0 1543.0 41.0 187.0 904.5764235116106
20.0 1516.0 61.0 229.0 1203.10375679272
0.0 1278.0 168.0 931.0 3570.818449598591
15.0 1506.0 63.0 268.0 1314.5680948774004
17.0 1511.0 63.0 245.0 1269.5489094123225
44.0 1543.0 41.0 187.0 904.5764235116106
13.0 1504.0 63.0 286.0 1338.0004561403389
1.0 1458.0 78.0 476.0 1738.8434521650242
0.0 1373.0 110.0 788.0 2653.3269874320636
12.0 1501.0 65.0 299.0 1364.8434857933803
33.0 1530.0 44.0 251.0 1033.4960066387378
17.0 1511.0 63.0 245.0 1269.5489094123225
10.0 1489.0 70.0 362.0 1461.609694676773
20.0 1516.0 61.0 229.0 1203.10375679272
0.0 1373.0 110.0 788.0 2653.3269874320636
1.0 1458.0 78.0 476.0 1738.8434521650242
23.0 1519.0 54.0 259.0 1150.2073273247702
1.0 1454.0 79.0 489.0 1773.8379804492138
8.0 1333.0 156.0 626.0 2981.2948847998537
17.0 1511.0 63.0 245.0 1269.5489094123225
34.0 1533.0 53.0 180.0 1013.8655016599934
1.0 1451.0 78.0 508.0 1812.0527457599458
12.0 1501.0 65.0 299.0 1364.8434857933803
0.0 1429.0 88.0 559.0 2034.536856898258
16.0 1444.0 103.0 349.0 1852.6922621002047
27.0 1524.0 59.0 188.0 1114.2176091411536
0.0 1324.0 146.0 776.0 3130.167320409879
3.0 1410.0 109.0 533.0 2195.1089180686304
7.0 1478.0 74.0 388.0 1562.1649813088502
1.0 1470.0 74.0 451.0 1636.2308184350788
48.0 1548.0 36.0 194.0 862.2330081134255
16.0 1444.0 103.0 349.0 1852.6922621002047
48.0 1548.0 36.0 194.0 862.2330081134255
13.0 1437.0 105.0 379.0 1930.005239810199
23.0 1519.0 54.0 259.0 1150.2073273247702
0.0 1444.0 84.0 513.0 1873.0888510468103
1.0 1465.0 74.0 473.0 1680.3365474657967
12.0 1500.0 67.0 295.0 1367.1564834921699
1.0 1451.0 78.0 508.0 1812.0527457599458
8.0 1333.0 156.0 626.0 2981.2948847998537
1.0 1465.0 74.0 473.0 1680.3365474657967
33.0 1530.0 44.0 251.0 1033.4960066387378
11.0 1342.0 153.0 582.0 2879.750628299674
12.0 1500.0 67.0 295.0 1367.1564834921699
18.0 1513.0 58.0 270.0 1223.5231821276159
7.0 1478.0 74.0 388.0 1562.1649813088502
13.0 1504.0 63.0 286.0 1338.0004561403389
0.0 1406.0 101.0 617.0 2272.7307139530994
19.0 1448.0 102.0 326.0 1815.1563382093748
1.0 1466.0 74.0 469.0 1669.1978630618337
1.0 1466.0 74.0 469.0 1669.1978630618337
10.0 1489.0 70.0 362.0 1461.609694676773
0.0 1425.0 88.0 589.0 2080.0840268446195
10.0 1489.0 70.0 362.0 1461.609694676773
0.0 1425.0 88.0 589.0 2080.0840268446195
0.0 1362.0 126.0 703.0 2697.81224080975
1.0 1470.0 74.0 451.0 1636.2308184350788
0.0 1315.0 142.0 883.0 3201.112466374789
28.0 1525.0 58.0 188.0 1102.9024571479456
1.0 1456.0 78.0 485.0 1755.0144577172648
0.0 1315.0 142.0 883.0 3201.112466374789
22.0 1518.0 60.0 215.0 1197.5159002772575
13.0 1504.0 63.0 286.0 1338.0004561403389
13.0 1504.0 63.0 286.0 1338.0004561403389
14.0 1505.0 63.0 276.0 1327.0155824992414
13.0 1504.0 63.0 286.0 1338.0004561403389
19.0 1514.0 57.0 270.0 1210.3734734840282
0.0 1443.0 84.0 517.0 1884.2275354507735
13.0 1436.0 106.0 379.0 1942.2186203275687
2.0 1471.0 73.0 451.0 1621.846294497774
1.0 1458.0 78.0 476.0 1738.8434521650242
12.0 1357.0 143.0 560.0 2759.088458733942
12.0 1497.0 69.0 299.0 1406.096567124585
24.0 1521.0 61.0 197.0 1148.8436003777556
3.0 1410.0 109.0 533.0 2195.1089180686304
15.0 1349.0 150.0 546.0 2814.333984959771
51.0 1550.0 37.0 173.0 839.5260286344405
12.0 1497.0 69.0 299.0 1406.096567124585
3.0 1410.0 109.0 533.0 2195.1089180686304
24.0 1521.0 61.0 197.0 1148.8436003777556
15.0 1349.0 150.0 546.0 2814.333984959771
12.0 1501.0 65.0 299.0 1364.8434857933803
0.0 1315.0 142.0 883.0 3201.112466374789
0.0 1395.0 111.0 607.0 2404.5133844691436
0.0 1292.0 156.0 921.0 3455.1474086896374
39.0 1537.0 39.0 240.0 964.6499202605775
0.0 1362.0 126.0 703.0 2697.81224080975
0.0 1362.0 126.0 703.0 2697.81224080975
0.0 1327.0 138.0 837.0 3100.034706067949
0.0 1287.0 166.0 861.0 3477.1729782968177
11.0 1342.0 153.0 582.0 2879.750628299674
30.0 1527.0 45.0 270.0 1074.5112226793472
7.0 1430.0 106.0 434.0 2004.1384957267906
39.0 1537.0 39.0 240.0 964.6499202605775
11.0 1434.0 106.0 396.0 1964.712042010952
19.0 1514.0 57.0 270.0 1210.3734734840282
7.0 1430.0 106.0 434.0 2004.1384957267906
33.0 1530.0 44.0 251.0 1033.4960066387378
20.0 1379.0 136.0 467.0 2525.583222318856
41.0 1540.0 45.0 182.0 935.0529904351583
0.0 1425.0 90.0 569.0 2073.4980669440256
11.0 1434.0 106.0 396.0 1964.712042010952
12.0 1497.0 69.0 299.0 1406.096567124585
19.0 1449.0 101.0 326.0 1809.9238382156839
55.0 1556.0 34.0 169.0 793.0303620863338
0.0 1362.0 126.0 703.0 2697.81224080975
0.0 1278.0 168.0 931.0 3570.818449598591
19.0 1449.0 101.0 326.0 1809.9238382156839
42.0 1541.0 44.0 182.0 924.4911746500661
32.0 1531.0 55.0 180.0 1041.337337902894
14.0 1505.0 63.0 276.0 1327.0155824992414
4.0 1473.0 76.0 415.0 1610.2203834606867
32.0 1531.0 55.0 180.0 1041.337337902894
17.0 1369.0 141.0 501.0 2627.78058677102
8.0 1333.0 156.0 626.0 2981.2948847998537
15.0 1442.0 104.0 358.0 1871.3383892156237
0.0 1426.0 89.0 569.0 2065.8132286160403
4.0 1473.0 76.0 415.0 1610.2203834606867
56.0 1557.0 34.0 165.0 784.2061883000326
1.0 1470.0 74.0 451.0 1636.2308184350788
56.0 1557.0 34.0 165.0 784.2061883000326
0.0 1327.0 138.0 837.0 3100.034706067949
0.0 1327.0 138.0 837.0 3100.034706067949
9.0 1432.0 106.0 415.0 1981.459657138213
12.0 1500.0 67.0 295.0 1367.1564834921699
22.0 1518.0 60.0 215.0 1197.5159002772575
0.0 1278.0 168.0 931.0 3570.818449598591
0.0 1428.0 88.0 563.0 2045.675541302221
34.0 1533.0 53.0 180.0 1013.8655016599934
0.0 1428.0 88.0 563.0 2045.675541302221
8.0 1333.0 156.0 626.0 2981.2948847998537
0.0 1428.0 88.0 563.0 2045.675541302221
47.0 1547.0 36.0 203.0 870.1018757036545
35.0 1532.0 42.0 251.0 1012.6389738393918
27.0 1524.0 59.0 188.0 1114.2176091411536
18.0 1447.0 102.0 334.0 1822.8844106776867
0.0 1444.0 84.0 513.0 1873.0888510468103
30.0 1527.0 45.0 270.0 1074.5112226793472
0.0 1313.0 143.0 893.0 3215.2202372939046
0.0 1443.0 84.0 517.0 1884.2275354507735
55.0 1556.0 34.0 169.0 793.0303620863338
8.0 1320.0 163.0 659.0 3125.5683073351015
12.0 1497.0 69.0 299.0 1406.096567124585
1.0 1453.0 78.0 499.0 1786.9176511766818
41.0 1539.0 39.0 222.0 950.3824045897645
0.0 1395.0 111.0 607.0 2404.5133844691436
0.0 1376.0 119.0 676.0 2569.355645720609
0.0 1298.0 170.0 782.0 3363.49694782081
0.0 1298.0 170.0 782.0 3363.49694782081
5.0 1483.0 66.0 437.0 1525.380100609699
9.0 1487.0 62.0 437.0 1468.9441136136559
9.0 1487.0 62.0 437.0 1468.9441136136559
24.0 1521.0 61.0 197.0 1148.8436003777556
8.0 1320.0 163.0 659.0 3125.5683073351015
0.0 1390.0 114.0 620.0 2456.1907289742903
0.0 1350.0 129.0 754.0 2836.556032071787
0.0 1393.0 113.0 607.0 2424.4486628789646
22.0 1386.0 132.0 450.0 2460.481911381667
22.0 1386.0 132.0 450.0 2460.481911381667
23.0 1455.0 98.0 303.0 1754.55477531265
11.0 1342.0 153.0 582.0 2879.750628299674
11.0 1342.0 153.0 582.0 2879.750628299674
19.0 1377.0 137.0 475.0 2543.3716184946757
0.0 1348.0 130.0 760.0 2856.693719385606
0.0 1372.0 116.0 719.0 2618.420687531967
0.0 1372.0 116.0 719.0 2618.420687531967
0.0 1375.0 119.0 680.0 2580.494330124572
24.0 1521.0 61.0 197.0 1148.8436003777556
45.0 1544.0 41.0 182.0 893.8616735248586
27.0 1524.0 59.0 188.0 1114.2176091411536
1.0 1470.0 74.0 451.0 1636.2308184350788
28.0 1525.0 47.0 270.0 1097.600756424732
0.0 1439.0 84.0 536.0 1930.1271390894913
27.0 1524.0 48.0 270.0 1109.7670581467394
0.0 1288.0 165.0 861.0 3464.959597779448
0.0 1278.0 168.0 931.0 3570.818449598591
0.0 1278.0 168.0 931.0 3570.818449598591
0.0 1371.0 116.0 725.0 2633.1869108146766
