0.0 1291.0 156.0 933.0 3469.510142223424
6.0 1484.0 68.0 408.0 1522.733037631396
11.0 1353.0 152.0 579.0 2776.074997548831
18.0 1515.0 51.0 314.0 1191.1667506076426
15.0 1450.0 95.0 358.0 1811.8808255205547
3.0 1366.0 125.0 674.0 2650.0538886919226
27.0 1525.0 57.0 195.0 1093.4197337834435
2.0 1473.0 74.0 433.0 1619.2738075331542
22.0 1520.0 60.0 213.0 1154.478197578746
29.0 1395.0 132.0 410.0 2354.629247474797
0.0 1386.0 110.0 678.0 2480.477785360295
6.0 1484.0 68.0 408.0 1522.733037631396
0.0 1416.0 102.0 538.0 2148.674199558614
1.0 1450.0 83.0 477.0 1825.1825325900418
29.0 1395.0 132.0 410.0 2354.629247474797
30.0 1396.0 131.0 410.0 2347.2564495984557
0.0 1289.0 164.0 859.0 3451.648332805684
0.0 1289.0 164.0 859.0 3451.648332805684
38.0 1536.0 47.0 190.0 954.9923222181704
29.0 1395.0 132.0 410.0 2354.629247474797
55.0 1556.0 33.0 172.0 795.5800665449551
17.0 1512.0 61.0 251.0 1247.7117665041947
0.0 1357.0 123.0 768.0 2750.461356753457
7.0 1486.0 68.0 396.0 1501.6777744929343
0.0 1355.0 123.0 788.0 2770.103619013146
1.0 1450.0 83.0 477.0 1825.1825325900418
30.0 1529.0 57.0 177.0 1062.8295396450205
17.0 1512.0 61.0 251.0 1247.7117665041947
49.0 1548.0 36.0 184.0 860.7824934361704
0.0 1404.0 111.0 574.0 2270.3942173370187
0.0 1424.0 101.0 506.0 2063.251525446323
55.0 1556.0 33.0 172.0 795.5800665449551
17.0 1512.0 61.0 251.0 1247.7117665041947
0.0 1386.0 110.0 678.0 2480.477785360295
6.0 1484.0 68.0 408.0 1522.733037631396
17.0 1512.0 61.0 251.0 1247.7117665041947
30.0 1396.0 131.0 410.0 2347.2564495984557
0.0 1460.0 80.0 471.0 1748.3330745037972
0.0 1378.0 113.0 712.0 2556.8381970623996
29.0 1395.0 132.0 410.0 2354.629247474797
0.0 1386.0 110.0 678.0 2480.477785360295
6.0 1484.0 68.0 408.0 1522.733037631396
29.0 1395.0 132.0 410.0 2354.629247474797
29.0 1395.0 132.0 410.0 2354.629247474797
0.0 1424.0 101.0 506.0 2063.251525446323
17.0 1454.0 93.0 344.0 1762.103845903956
0.0 1362.0 125.0 707.0 2701.266086885728
7.0 1442.0 96.0 421.0 1875.7841233223687
4.0 1368.0 125.0 661.0 2627.2038351509814
1.0 1450.0 83.0 477.0 1825.1825325900418
1.0 1450.0 83.0 477.0 1825.1825325900418
0.0 1327.0 136.0 867.0 3111.2704564068945
0.0 1360.0 127.0 707.0 2714.322389244822
0.0 1424.0 101.0 506.0 2063.251525446323
0.0 1424.0 101.0 506.0 2063.251525446323
31.0 1530.0 56.0 177.0 1048.3245709182502
30.0 1396.0 131.0 410.0 2347.2564495984557
37.0 1538.0 38.0 259.0 939.450812317957
9.0 1500.0 63.0 332.0 1359.0953786529985
20.0 1459.0 91.0 322.0 1711.8925969386771
20.0 1459.0 91.0 322.0 1711.8925969386771
7.0 1486.0 68.0 396.0 1501.6777744929343
32.0 1533.0 40.0 287.0 984.8763837736965
9.0 1313.0 168.0 686.0 3190.814967235141
0.0 1434.0 89.0 524.0 1985.3328391585014
19.0 1375.0 142.0 483.0 2551.924224816602
9.0 1500.0 63.0 332.0 1359.0953786529985
31.0 1530.0 56.0 177.0 1048.3245709182502
17.0 1341.0 161.0 559.0 2885.052168584941
16.0 1512.0 55.0 297.0 1230.297138341496
0.0 1323.0 146.0 780.0 3145.2339049465586
0.0 1362.0 125.0 707.0 2701.266086885728
9.0 1500.0 63.0 332.0 1359.0953786529985
19.0 1458.0 91.0 328.0 1722.5383439408588
0.0 1323.0 146.0 780.0 3145.2339049465586
42.0 1540.0 43.0 190.0 915.7628287613608
20.0 1459.0 91.0 322.0 1711.8925969386771
36.0 1535.0 51.0 177.0 983.979217551328
3.0 1474.0 74.0 424.0 1607.3219733058338
15.0 1450.0 95.0 358.0 1811.8808255205547
23.0 1383.0 138.0 452.0 2463.1281983933054
26.0 1524.0 58.0 195.0 1107.2624926238464
9.0 1500.0 63.0 332.0 1359.0953786529985
25.0 1390.0 133.0 438.0 2395.030641319059
17.0 1341.0 161.0 559.0 2885.052168584941
37.0 1538.0 38.0 259.0 939.450812317957
57.0 1558.0 32.0 168.0 783.252603260919
31.0 1530.0 56.0 177.0 1048.3245709182502
0.0 1291.0 156.0 933.0 3469.510142223424
7.0 1486.0 68.0 396.0 1501.6777744929343
37.0 1538.0 38.0 259.0 939.450812317957
9.0 1498.0 66.0 326.0 1383.2345476563637
9.0 1499.0 65.0 326.0 1370.9841075745285
1.0 1472.0 74.0 443.0 1630.2586811742517
15.0 1450.0 95.0 358.0 1811.8808255205547
32.0 1533.0 40.0 287.0 984.8763837736965
9.0 1498.0 66.0 326.0 1383.2345476563637
12.0 1505.0 59.0 315.0 1305.5634184581263
4.0 1368.0 125.0 661.0 2627.2038351509814
1.0 1472.0 74.0 443.0 1630.2586811742517
59.0 1560.0 31.0 168.0 760.9035620588195
3.0 1474.0 74.0 424.0 1607.3219733058338
19.0 1375.0 142.0 483.0 2551.924224816602
20.0 1459.0 91.0 322.0 1711.8925969386771
0.0 1424.0 101.0 506.0 2063.251525446323
51.0 1551.0 35.0 180.0 834.8928160117839
17.0 1341.0 161.0 559.0 2885.052168584941
57.0 1558.0 32.0 168.0 783.252603260919
20.0 1368.0 150.0 477.0 2629.4095585015334
57.0 1558.0 32.0 168.0 783.252603260919
59.0 1560.0 31.0 168.0 760.9035620588195
59.0 1560.0 31.0 168.0 760.9035620588195
0.0 1409.0 98.0 632.0 2227.8187757844094
42.0 1543.0 35.0 242.0 901.2744081308267
23.0 1521.0 60.0 203.0 1143.4933239376485
20.0 1517.0 50.0 304.0 1166.717479292591
24.0 1522.0 60.0 195.0 1136.037411783786
12.0 1505.0 59.0 315.0 1305.5634184581263
20.0 1368.0 150.0 477.0 2629.4095585015334
59.0 1560.0 31.0 168.0 760.9035620588195
0.0 1416.0 102.0 538.0 2148.674199558614
48.0 1547.0 37.0 184.0 866.6215699415467
18.0 1515.0 51.0 314.0 1191.1667506076426
37.0 1535.0 48.0 190.0 963.8977801732423
59.0 1560.0 31.0 168.0 760.9035620588195
45.0 1544.0 40.0 184.0 893.3498129020849
42.0 1543.0 35.0 242.0 901.2744081308267
15.0 1510.0 61.0 269.0 1264.1410803713438
0.0 1378.0 113.0 712.0 2556.8381970623996
28.0 1526.0 45.0 276.0 1060.6463069206393
7.0 1442.0 96.0 421.0 1875.7841233223687
0.0 1376.0 113.0 732.0 2576.4804593220883
30.0 1529.0 57.0 177.0 1062.8295396450205
20.0 1368.0 150.0 477.0 2629.4095585015334
19.0 1375.0 142.0 483.0 2551.924224816602
25.0 1390.0 133.0 438.0 2395.030641319059
1.0 1472.0 74.0 443.0 1630.2586811742517
12.0 1505.0 59.0 315.0 1305.5634184581263
7.0 1442.0 96.0 421.0 1875.7841233223687
1.0 1472.0 74.0 443.0 1630.2586811742517
0.0 1404.0 111.0 574.0 2270.3942173370187
1.0 1472.0 74.0 443.0 1630.2586811742517
18.0 1456.0 92.0 335.0 1742.3929684877055
14.0 1508.0 62.0 278.0 1279.6947862895584
23.0 1521.0 60.0 203.0 1143.4933239376485
59.0 1560.0 31.0 168.0 760.9035620588195
0.0 1278.0 168.0 933.0 3581.1399352114368
0.0 1278.0 168.0 933.0 3581.1399352114368
20.0 1459.0 91.0 322.0 1711.8925969386771
24.0 1522.0 60.0 195.0 1136.037411783786
0.0 1338.0 138.0 764.0 2954.317234988276
0.0 1430.0 86.0 587.0 2057.6528644260306
24.0 1522.0 60.0 195.0 1136.037411783786
17.0 1341.0 161.0 559.0 2885.052168584941
8.0 1312.0 168.0 694.0 3207.7484396835566
24.0 1522.0 60.0 195.0 1136.037411783786
12.0 1505.0 59.0 315.0 1305.5634184581263
0.0 1278.0 168.0 933.0 3581.1399352114368
14.0 1508.0 62.0 278.0 1279.6947862895584
14.0 1508.0 62.0 278.0 1279.6947862895584
24.0 1522.0 60.0 195.0 1136.037411783786
1.0 1470.0 75.0 447.0 1649.0822039062004
28.0 1526.0 45.0 276.0 1060.6463069206393
9.0 1498.0 66.0 326.0 1383.2345476563637
4.0 1475.0 74.0 415.0 1595.6009811798733
48.0 1547.0 37.0 184.0 866.6215699415467
22.0 1519.0 48.0 304.0 1141.4014689269961
4.0 1475.0 74.0 415.0 1595.6009811798733
1.0 1470.0 75.0 447.0 1649.0822039062004
1.0 1472.0 74.0 443.0 1630.2586811742517
4.0 1475.0 74.0 415.0 1595.6009811798733
2.0 1473.0 74.0 433.0 1619.2738075331542
0.0 1376.0 113.0 732.0 2576.4804593220883
1.0 1447.0 83.0 492.0 1856.119761424993
7.0 1442.0 96.0 421.0 1875.7841233223687
32.0 1533.0 40.0 287.0 984.8763837736965
32.0 1533.0 40.0 287.0 984.8763837736965
19.0 1515.0 59.0 243.0 1219.213846523183
0.0 1278.0 168.0 933.0 3581.1399352114368
0.0 1278.0 168.0 933.0 3581.1399352114368
0.0 1396.0 110.0 610.0 2392.7656983293177
0.0 1434.0 89.0 524.0 1985.3328391585014
0.0 1390.0 114.0 620.0 2456.1907289742903
19.0 1515.0 59.0 243.0 1219.213846523183
16.0 1512.0 55.0 297.0 1230.297138341496
34.0 1533.0 53.0 177.0 1012.4415186226372
16.0 1512.0 55.0 297.0 1230.297138341496
0.0 1309.0 152.0 814.0 3258.3825747737037
0.0 1329.0 136.0 847.0 3091.628194147206
0.0 1460.0 80.0 471.0 1748.3330745037972
9.0 1500.0 63.0 332.0 1359.0953786529985
45.0 1544.0 40.0 184.0 893.3498129020849
9.0 1498.0 66.0 326.0 1383.2345476563637
0.0 1416.0 102.0 538.0 2148.674199558614
0.0 1309.0 152.0 814.0 3258.3825747737037
35.0 1534.0 52.0 177.0 998.3637414886329
9.0 1500.0 63.0 332.0 1359.0953786529985
0.0 1360.0 127.0 707.0 2714.322389244822
0.0 1396.0 110.0 610.0 2392.7656983293177
11.0 1502.0 60.0 327.0 1335.0334830288007
23.0 1521.0 60.0 203.0 1143.4933239376485
13.0 1446.0 96.0 378.0 1845.627339248049
20.0 1517.0 50.0 304.0 1166.717479292591
23.0 1521.0 60.0 203.0 1143.4933239376485
18.0 1456.0 92.0 335.0 1742.3929684877055
0.0 1338.0 138.0 764.0 2954.317234988276
23.0 1382.0 139.0 452.0 2472.016802319534
0.0 1420.0 99.0 534.0 2105.38685622746
18.0 1456.0 92.0 335.0 1742.3929684877055
47.0 1546.0 38.0 184.0 873.1209500196633
23.0 1382.0 139.0 452.0 2472.016802319534
0.0 1420.0 99.0 534.0 2105.38685622746
11.0 1502.0 60.0 327.0 1335.0334830288007
38.0 1536.0 47.0 190.0 954.9923222181704
54.0 1555.0 34.0 172.0 801.017229818043
0.0 1434.0 89.0 524.0 1985.3328391585014
0.0 1284.0 166.0 887.0 3513.9957723969824
0.0 1284.0 166.0 887.0 3513.9957723969824
11.0 1353.0 152.0 579.0 2776.074997548831
42.0 1543.0 35.0 242.0 901.2744081308267
20.0 1459.0 91.0 322.0 1711.8925969386771
11.0 1353.0 152.0 579.0 2776.074997548831
22.0 1519.0 48.0 304.0 1141.4014689269961
0.0 1355.0 123.0 788.0 2770.103619013146
0.0 1327.0 136.0 867.0 3111.2704564068945
0.0 1355.0 123.0 788.0 2770.103619013146
59.0 1560.0 31.0 168.0 760.9035620588195
0.0 1390.0 114.0 620.0 2456.1907289742903
13.0 1446.0 96.0 378.0 1845.627339248049
36.0 1534.0 49.0 190.0 977.8551728960912
0.0 1434.0 89.0 524.0 1985.3328391585014
0.0 1409.0 98.0 632.0 2227.8187757844094
26.0 1524.0 58.0 195.0 1107.2624926238464
0.0 1416.0 102.0 538.0 2148.674199558614
0.0 1396.0 110.0 610.0 2392.7656983293177
11.0 1502.0 60.0 327.0 1335.0334830288007
0.0 1424.0 101.0 506.0 2063.251525446323
9.0 1313.0 168.0 686.0 3190.814967235141
29.0 1530.0 42.0 296.0 1016.2267640643827
0.0 1409.0 106.0 566.0 2229.910869309848
0.0 1289.0 164.0 859.0 3451.648332805684
0.0 1289.0 164.0 859.0 3451.648332805684
0.0 1409.0 98.0 632.0 2227.8187757844094
0.0 1442.0 81.0 547.0 1951.94050888651
13.0 1446.0 96.0 378.0 1845.627339248049
42.0 1543.0 35.0 242.0 901.2744081308267
0.0 1323.0 146.0 780.0 3145.2339049465586
0.0 1361.0 126.0 707.0 2706.637550916837
17.0 1513.0 54.0 297.0 1216.0271879083273
0.0 1338.0 138.0 764.0 2954.317234988276
0.0 1442.0 81.0 547.0 1951.94050888651
0.0 1338.0 138.0 764.0 2954.317234988276
9.0 1313.0 168.0 686.0 3190.814967235141
17.0 1341.0 161.0 559.0 2885.052168584941
0.0 1442.0 81.0 547.0 1951.94050888651
0.0 1442.0 81.0 547.0 1951.94050888651
29.0 1530.0 42.0 296.0 1016.2267640643827
29.0 1530.0 42.0 296.0 1016.2267640643827
6.0 1484.0 68.0 408.0 1522.733037631396
6.0 1484.0 68.0 408.0 1522.733037631396
0.0 1430.0 86.0 587.0 2057.6528644260306
0.0 1430.0 86.0 587.0 2057.6528644260306
51.0 1551.0 35.0 180.0 834.8928160117839
27.0 1525.0 46.0 276.0 1071.9614589138473
40.0 1541.0 36.0 250.0 917.983200007796
1.0 1471.0 74.0 447.0 1641.3973655782152
1.0 1449.0 83.0 481.0 1836.3212169940052
1.0 1449.0 83.0 481.0 1836.3212169940052
27.0 1525.0 46.0 276.0 1071.9614589138473
0.0 1460.0 80.0 471.0 1748.3330745037972
0.0 1460.0 80.0 471.0 1748.3330745037972
0.0 1460.0 80.0 471.0 1748.3330745037972
0.0 1434.0 89.0 524.0 1985.3328391585014
46.0 1545.0 39.0 184.0 883.4161670339168
0.0 1390.0 114.0 620.0 2456.1907289742903
1.0 1471.0 74.0 447.0 1641.3973655782152
40.0 1541.0 36.0 250.0 917.983200007796
0.0 1327.0 136.0 867.0 3111.2704564068945
8.0 1312.0 168.0 694.0 3207.7484396835566
47.0 1546.0 38.0 184.0 873.1209500196633
0.0 1410.0 98.0 622.0 2216.912820412728
59.0 1560.0 31.0 168.0 760.9035620588195
59.0 1560.0 31.0 168.0 760.9035620588195
37.0 1535.0 48.0 190.0 963.8977801732423
54.0 1555.0 34.0 172.0 801.017229818043
42.0 1540.0 43.0 190.0 915.7628287613608
19.0 1367.0 150.0 486.0 2637.2784260917624
0.0 1404.0 111.0 574.0 2270.3942173370187
0.0 1311.0 151.0 808.0 3238.244887459885
0.0 1311.0 151.0 808.0 3238.244887459885
1.0 1447.0 83.0 492.0 1856.119761424993
0.0 1311.0 151.0 808.0 3238.244887459885
22.0 1519.0 48.0 304.0 1141.4014689269961
15.0 1510.0 61.0 269.0 1264.1410803713438
20.0 1459.0 91.0 322.0 1711.8925969386771
9.0 1499.0 65.0 326.0 1370.9841075745285
4.0 1368.0 125.0 661.0 2627.2038351509814
0.0 1386.0 110.0 678.0 2480.477785360295
12.0 1505.0 59.0 315.0 1305.5634184581263
51.0 1551.0 35.0 180.0 834.8928160117839
3.0 1474.0 71.0 442.0 1596.2537546356798
15.0 1455.0 95.0 352.0 1804.306043181645
0.0 1432.0 89.0 534.0 2010.2702408347297
51.0 1555.0 34.0 185.0 796.5582560073335
0.0 1361.0 125.0 714.0 2706.028549180974
0.0 1424.0 92.0 562.0 2105.5828020880676
12.0 1503.0 61.0 321.0 1317.1883195393184
3.0 1474.0 71.0 442.0 1596.2537546356798
18.0 1438.0 106.0 362.0 1951.829721414454
0.0 1360.0 127.0 710.0 2719.3536853762157
3.0 1474.0 71.0 442.0 1596.2537546356798
0.0 1302.0 158.0 825.0 3329.4083129941528
15.0 1455.0 95.0 352.0 1804.306043181645
0.0 1432.0 89.0 534.0 2010.2702408347297
17.0 1511.0 60.0 272.0 1235.1211224819851
4.0 1475.0 71.0 432.0 1585.2688809945823
0.0 1409.0 98.0 632.0 2227.8187757844094
11.0 1502.0 61.0 331.0 1328.1731931804159
0.0 1318.0 149.0 786.0 3188.0817176813025
36.0 1538.0 40.0 253.0 942.8483122727378
0.0 1318.0 149.0 786.0 3188.0817176813025
12.0 1503.0 61.0 321.0 1317.1883195393184
20.0 1515.0 57.0 263.0 1187.9832215805532
42.0 1544.0 36.0 236.0 886.7332422292641
18.0 1326.0 169.0 592.0 3066.513678150562
0.0 1318.0 149.0 786.0 3188.0817176813025
9.0 1480.0 74.0 377.0 1524.5520420419937
31.0 1533.0 52.0 194.0 1015.3682644458172
9.0 1480.0 74.0 377.0 1524.5520420419937
0.0 1447.0 82.0 509.0 1867.263084514713
0.0 1302.0 158.0 825.0 3329.4083129941528
6.0 1339.0 143.0 678.0 2954.2812628237634
0.0 1376.0 118.0 686.0 2545.6411469357963
15.0 1455.0 95.0 352.0 1804.306043181645
0.0 1318.0 149.0 786.0 3188.0817176813025
4.0 1315.0 167.0 696.0 3181.479910383044
36.0 1538.0 48.0 190.0 950.4754679371584
0.0 1302.0 158.0 825.0 3329.4083129941528
11.0 1497.0 65.0 335.0 1379.646117620982
0.0 1378.0 117.0 682.0 2526.8176242038476
1.0 1460.0 76.0 477.0 1738.0500067812043
11.0 1497.0 65.0 335.0 1379.646117620982
0.0 1378.0 117.0 682.0 2526.8176242038476
11.0 1502.0 61.0 331.0 1328.1731931804159
0.0 1288.0 165.0 859.0 3459.3331711336696
3.0 1474.0 71.0 442.0 1596.2537546356798
45.0 1548.0 38.0 194.0 851.930764629857
7.0 1485.0 67.0 403.0 1510.1284759684524
0.0 1330.0 134.0 855.0 3072.134138865344
21.0 1514.0 60.0 236.0 1210.652531932681
3.0 1474.0 71.0 442.0 1596.2537546356798
20.0 1515.0 57.0 263.0 1187.9832215805532
1.0 1460.0 76.0 477.0 1738.0500067812043
0.0 1278.0 168.0 933.0 3581.1399352114368
0.0 1410.0 104.0 567.0 2207.901755638464
0.0 1413.0 101.0 567.0 2175.7530967112734
12.0 1431.0 106.0 409.0 2025.2316091384037
7.0 1420.0 109.0 470.0 2140.1848506446786
11.0 1502.0 61.0 331.0 1328.1731931804159
30.0 1531.0 43.0 284.0 1011.3946053962962
0.0 1413.0 101.0 567.0 2175.7530967112734
30.0 1531.0 43.0 284.0 1011.3946053962962
0.0 1448.0 82.0 505.0 1856.1244001107498
11.0 1500.0 61.0 341.0 1347.98789737802
20.0 1515.0 57.0 263.0 1187.9832215805532
5.0 1476.0 71.0 423.0 1573.3170467672621
20.0 1515.0 57.0 263.0 1187.9832215805532
17.0 1438.0 105.0 368.0 1953.7210667903007
25.0 1526.0 48.0 284.0 1075.6603071466186
52.0 1556.0 34.0 181.0 787.7340822210324
52.0 1556.0 34.0 181.0 787.7340822210324
12.0 1503.0 61.0 321.0 1317.1883195393184
5.0 1476.0 71.0 423.0 1573.3170467672621
4.0 1315.0 167.0 696.0 3181.479910383044
0.0 1302.0 158.0 825.0 3329.4083129941528
12.0 1431.0 106.0 409.0 2025.2316091384037
12.0 1503.0 61.0 321.0 1317.1883195393184
1.0 1460.0 76.0 477.0 1738.0500067812043
11.0 1500.0 61.0 341.0 1347.98789737802
0.0 1413.0 101.0 567.0 2175.7530967112734
0.0 1395.0 112.0 603.0 2401.059538393166
12.0 1431.0 106.0 409.0 2025.2316091384037
17.0 1511.0 60.0 272.0 1235.1211224819851
15.0 1507.0 61.0 289.0 1280.5417968817587
0.0 1432.0 89.0 534.0 2010.2702408347297
25.0 1526.0 48.0 284.0 1075.6603071466186
3.0 1474.0 71.0 442.0 1596.2537546356798
0.0 1448.0 82.0 505.0 1856.1244001107498
14.0 1506.0 61.0 299.0 1287.2587462224546
0.0 1413.0 101.0 567.0 2175.7530967112734
31.0 1533.0 52.0 194.0 1015.3682644458172
7.0 1485.0 67.0 403.0 1510.1284759684524
7.0 1485.0 67.0 403.0 1510.1284759684524
1.0 1402.0 100.0 654.0 2320.7059028436893
7.0 1485.0 67.0 403.0 1510.1284759684524
0.0 1293.0 156.0 911.0 3444.2414533179563
11.0 1502.0 61.0 331.0 1328.1731931804159
0.0 1293.0 156.0 911.0 3444.2414533179563
0.0 1447.0 82.0 509.0 1867.263084514713
0.0 1356.0 123.0 775.0 2767.3259601962473
13.0 1504.0 61.0 312.0 1305.4769504023404
0.0 1431.0 89.0 540.0 2025.03646411744
39.0 1541.0 38.0 244.0 910.6414814824996
20.0 1370.0 148.0 498.0 2661.558814308248
1.0 1459.0 76.0 481.0 1749.1886911851675
24.0 1518.0 58.0 219.0 1175.4838035566365
15.0 1507.0 61.0 289.0 1280.5417968817587
24.0 1518.0 58.0 219.0 1175.4838035566365
6.0 1339.0 143.0 678.0 2954.2812628237634
0.0 1447.0 82.0 509.0 1867.263084514713
0.0 1447.0 82.0 509.0 1867.263084514713
22.0 1515.0 60.0 227.0 1204.253883852097
6.0 1339.0 143.0 678.0 2954.2812628237634
24.0 1518.0 58.0 219.0 1175.4838035566365
1.0 1459.0 76.0 481.0 1749.1886911851675
0.0 1278.0 168.0 933.0 3581.1399352114368
0.0 1278.0 168.0 933.0 3581.1399352114368
0.0 1278.0 168.0 933.0 3581.1399352114368
1.0 1459.0 76.0 481.0 1749.1886911851675
4.0 1315.0 167.0 696.0 3181.479910383044
0.0 1447.0 82.0 509.0 1867.263084514713
0.0 1406.0 108.0 575.0 2236.1346635838
0.0 1278.0 168.0 933.0 3581.1399352114368
25.0 1526.0 48.0 284.0 1075.6603071466186
1.0 1459.0 76.0 481.0 1749.1886911851675
0.0 1409.0 98.0 632.0 2227.8187757844094
11.0 1502.0 61.0 331.0 1328.1731931804159
39.0 1541.0 38.0 244.0 910.6414814824996
0.0 1288.0 165.0 859.0 3459.3331711336696
24.0 1518.0 58.0 219.0 1175.4838035566365
26.0 1390.0 141.0 416.0 2435.0628996002365
10.0 1428.0 107.0 427.0 2057.4935404907974
0.0 1361.0 125.0 714.0 2706.028549180974
0.0 1372.0 114.0 720.0 2614.0616556065447
16.0 1457.0 94.0 344.0 1784.327530631498
10.0 1428.0 107.0 427.0 2057.4935404907974
37.0 1539.0 48.0 185.0 939.7607179504064
0.0 1372.0 114.0 720.0 2614.0616556065447
25.0 1387.0 142.0 427.0 2465.370061816336
0.0 1360.0 127.0 710.0 2719.3536853762157
14.0 1506.0 61.0 299.0 1287.2587462224546
0.0 1372.0 114.0 720.0 2614.0616556065447
0.0 1361.0 125.0 714.0 2706.028549180974
15.0 1324.0 169.0 608.0 3092.28489321373
0.0 1361.0 125.0 714.0 2706.028549180974
0.0 1355.0 123.0 785.0 2778.231915567929
10.0 1428.0 107.0 427.0 2057.4935404907974
11.0 1346.0 141.0 634.0 2887.5422059645052
26.0 1522.0 58.0 201.0 1141.8316329623492
16.0 1457.0 94.0 344.0 1784.327530631498
42.0 1544.0 36.0 236.0 886.7332422292641
47.0 1550.0 37.0 189.0 833.2009756969599
16.0 1457.0 94.0 344.0 1784.327530631498
0.0 1330.0 134.0 855.0 3072.134138865344
26.0 1522.0 58.0 201.0 1141.8316329623492
26.0 1389.0 141.0 418.0 2445.413135570003
0.0 1330.0 134.0 855.0 3072.134138865344
7.0 1485.0 67.0 403.0 1510.1284759684524
0.0 1390.0 114.0 620.0 2456.1907289742903
0.0 1448.0 82.0 505.0 1856.1244001107498
16.0 1457.0 94.0 344.0 1784.327530631498
0.0 1448.0 82.0 505.0 1856.1244001107498
0.0 1355.0 123.0 785.0 2778.231915567929
0.0 1330.0 134.0 855.0 3072.134138865344
0.0 1330.0 134.0 855.0 3072.134138865344
52.0 1556.0 34.0 181.0 787.7340822210324
4.0 1315.0 167.0 696.0 3181.479910383044
0.0 1330.0 134.0 855.0 3072.134138865344
21.0 1371.0 148.0 489.0 2655.1601662276644
7.0 1485.0 67.0 403.0 1510.1284759684524
0.0 1425.0 91.0 562.0 2100.211338056959
52.0 1556.0 34.0 181.0 787.7340822210324
49.0 1552.0 35.0 189.0 820.439059048569
0.0 1448.0 82.0 505.0 1856.1244001107498
8.0 1487.0 67.0 392.0 1488.364121523608
8.0 1487.0 67.0 392.0 1488.364121523608
0.0 1288.0 165.0 859.0 3459.3331711336696
52.0 1556.0 34.0 181.0 787.7340822210324
7.0 1485.0 67.0 403.0 1510.1284759684524
7.0 1319.0 166.0 669.0 3136.913144580652
8.0 1487.0 67.0 392.0 1488.364121523608
50.0 1553.0 34.0 189.0 814.8307608861203
14.0 1506.0 61.0 299.0 1287.2587462224546
26.0 1389.0 141.0 418.0 2445.413135570003
26.0 1522.0 58.0 201.0 1141.8316329623492
26.0 1522.0 58.0 201.0 1141.8316329623492
11.0 1501.0 62.0 331.0 1335.1077571332437
14.0 1506.0 61.0 299.0 1287.2587462224546
37.0 1539.0 39.0 253.0 932.9146664045699
15.0 1324.0 169.0 608.0 3092.28489321373
11.0 1498.0 63.0 341.0 1362.6072996588334
16.0 1509.0 61.0 280.0 1253.6478270047648
11.0 1498.0 63.0 341.0 1362.6072996588334
0.0 1432.0 89.0 534.0 2010.2702408347297
25.0 1387.0 142.0 427.0 2465.370061816336
0.0 1432.0 89.0 534.0 2010.2702408347297
36.0 1538.0 40.0 253.0 942.8483122727378
0.0 1318.0 149.0 786.0 3188.0817176813025
0.0 1394.0 112.0 607.0 2412.1982227971293
51.0 1555.0 34.0 185.0 796.5582560073335
24.0 1524.0 51.0 272.0 1085.9119409242103
0.0 1410.0 104.0 567.0 2207.901755638464
52.0 1556.0 34.0 181.0 787.7340822210324
4.0 1475.0 71.0 432.0 1585.2688809945823
4.0 1475.0 71.0 432.0 1585.2688809945823
20.0 1515.0 57.0 263.0 1187.9832215805532
22.0 1515.0 60.0 227.0 1204.253883852097
31.0 1533.0 52.0 194.0 1015.3682644458172
31.0 1533.0 52.0 194.0 1015.3682644458172
0.0 1432.0 89.0 534.0 2010.2702408347297
17.0 1511.0 60.0 272.0 1235.1211224819851
47.0 1550.0 37.0 189.0 833.2009756969599
0.0 1393.0 113.0 607.0 2424.411603314499
0.0 1394.0 112.0 607.0 2412.1982227971293
0.0 1432.0 89.0 534.0 2010.2702408347297
25.0 1526.0 48.0 284.0 1075.6603071466186
49.0 1552.0 35.0 189.0 820.439059048569
0.0 1432.0 89.0 534.0 2010.2702408347297
37.0 1539.0 48.0 185.0 939.7607179504064
0.0 1373.0 114.0 714.0 2599.2954323238346
45.0 1548.0 38.0 194.0 851.930764629857
0.0 1424.0 92.0 562.0 2105.5828020880676
1.0 1460.0 76.0 477.0 1738.0500067812043
0.0 1373.0 114.0 714.0 2599.2954323238346
26.0 1522.0 58.0 201.0 1141.8316329623492
1.0 1460.0 76.0 477.0 1738.0500067812043
20.0 1513.0 60.0 245.0 1220.6831977192464
0.0 1395.0 112.0 603.0 2401.059538393166
26.0 1389.0 141.0 418.0 2445.413135570003
28.0 1528.0 45.0 285.0 1048.8864608151223
0.0 1278.0 168.0 933.0 3581.1399352114368
3.0 1474.0 71.0 442.0 1596.2537546356798
11.0 1346.0 141.0 634.0 2887.5422059645052
28.0 1528.0 45.0 285.0 1048.8864608151223
0.0 1378.0 117.0 682.0 2526.8176242038476
24.0 1524.0 51.0 272.0 1085.9119409242103
17.0 1511.0 60.0 272.0 1235.1211224819851
32.0 1534.0 52.0 189.0 1004.6535144590651
45.0 1548.0 38.0 194.0 851.930764629857
32.0 1534.0 52.0 189.0 1004.6535144590651
11.0 1501.0 62.0 331.0 1335.1077571332437
3.0 1474.0 71.0 442.0 1596.2537546356798
0.0 1373.0 114.0 714.0 2599.2954323238346
45.0 1548.0 38.0 194.0 851.930764629857
21.0 1514.0 60.0 236.0 1210.652531932681
17.0 1511.0 60.0 272.0 1235.1211224819851
35.0 1537.0 49.0 190.0 963.6251765807461
0.0 1370.0 115.0 730.0 2637.218051060061
0.0 1356.0 123.0 775.0 2767.3259601962473
31.0 1533.0 54.0 185.0 1022.7633605047699
35.0 1537.0 49.0 190.0 963.6251765807461
3.0 1474.0 71.0 442.0 1596.2537546356798
8.0 1341.0 143.0 661.0 2929.4885457741025
0.0 1287.0 165.0 869.0 3470.239126505351
0.0 1413.0 101.0 567.0 2175.7530967112734
0.0 1413.0 101.0 567.0 2175.7530967112734
11.0 1347.0 141.0 632.0 2873.132229413871
11.0 1347.0 141.0 632.0 2873.132229413871
0.0 1318.0 149.0 786.0 3188.0817176813025
3.0 1473.0 71.0 446.0 1607.392439039643
3.0 1473.0 71.0 446.0 1607.392439039643
15.0 1324.0 169.0 608.0 3092.28489321373
40.0 1542.0 45.0 185.0 912.7232028552953
31.0 1533.0 54.0 185.0 1022.7633605047699
3.0 1473.0 71.0 446.0 1607.392439039643
11.0 1502.0 61.0 331.0 1328.1731931804159
17.0 1437.0 106.0 368.0 1965.9344473076706
39.0 1541.0 38.0 244.0 910.6414814824996
11.0 1500.0 61.0 341.0 1347.98789737802
30.0 1531.0 43.0 284.0 1011.3946053962962
20.0 1370.0 148.0 498.0 2661.558814308248
39.0 1541.0 46.0 185.0 920.7382418014404
26.0 1388.0 142.0 418.0 2457.6265160873722
30.0 1531.0 43.0 284.0 1011.3946053962962
0.0 1425.0 91.0 562.0 2100.211338056959
34.0 1536.0 50.0 190.0 978.1301453075168
1.0 1402.0 100.0 654.0 2320.7059028436893
7.0 1420.0 109.0 470.0 2140.1848506446786
26.0 1388.0 142.0 418.0 2457.6265160873722
43.0 1545.0 36.0 227.0 876.702576442699
43.0 1545.0 36.0 227.0 876.702576442699
17.0 1438.0 105.0 368.0 1953.7210667903007
17.0 1438.0 105.0 368.0 1953.7210667903007
28.0 1524.0 57.0 197.0 1105.2939489721778
0.0 1395.0 112.0 603.0 2401.059538393166
0.0 1439.0 86.0 530.0 1940.6599248853327
7.0 1340.0 143.0 669.0 2942.569893686786
0.0 1393.0 113.0 607.0 2424.411603314499
0.0 1447.0 82.0 509.0 1867.263084514713
9.0 1480.0 74.0 377.0 1524.5520420419937
0.0 1409.0 98.0 632.0 2227.8187757844094
0.0 1376.0 118.0 686.0 2545.6411469357963
0.0 1439.0 86.0 530.0 1940.6599248853327
0.0 1293.0 156.0 911.0 3444.2414533179563
0.0 1409.0 98.0 632.0 2227.8187757844094
1.0 1460.0 76.0 477.0 1738.0500067812043
1.0 1460.0 76.0 477.0 1738.0500067812043
1.0 1460.0 76.0 477.0 1738.0500067812043
1.0 1460.0 76.0 477.0 1738.0500067812043
1.0 1460.0 76.0 477.0 1738.0500067812043
