0.0 1555.0 165.0 481.0 2776.5383793291467
0.0 1575.0 113.0 678.0 2615.216887673027
0.0 1539.0 133.0 758.0 2968.8817250220736
0.0 1545.0 172.0 493.0 2881.446984986848
0.0 1319.0 286.0 1145.0 5087.728281092685
0.0 1813.0 13.0 70.0 336.2845393508675
0.0 1545.0 172.0 493.0 2881.446984986848
0.0 1511.0 147.0 845.0 3235.6865498727016
0.0 1497.0 152.0 897.0 3377.383477696042
0.0 1497.0 152.0 897.0 3377.383477696042
0.0 1637.0 84.0 504.0 1986.5099775877857
0.0 1603.0 139.0 387.0 2302.7208093889026
0.0 1555.0 165.0 481.0 2776.5383793291467
0.0 1473.0 166.0 938.0 3605.957666782692
0.0 1671.0 69.0 410.0 1667.5616120923958
0.0 1319.0 286.0 1145.0 5087.728281092685
0.0 1565.0 159.0 462.0 2688.0113694030506
0.0 1587.0 108.0 636.0 2484.8156462322227
0.0 1525.0 183.0 548.0 3066.623541381422
0.0 1439.0 222.0 792.0 3928.2876551879426
0.0 1759.0 32.0 186.0 852.9834820489693
0.0 1829.0 6.0 51.0 189.65148065266888
0.0 1237.0 318.0 1480.0 5939.119161142561
0.0 1545.0 172.0 493.0 2881.446984986848
0.0 1587.0 108.0 636.0 2484.8156462322227
0.0 1319.0 286.0 1145.0 5087.728281092685
0.0 1557.0 126.0 690.0 2788.0368195410024
0.0 1319.0 286.0 1145.0 5087.728281092685
0.0 1637.0 84.0 504.0 1986.5099775877857
0.0 1789.0 23.0 104.0 571.5469631040737
0.0 1467.0 207.0 721.0 3651.497269441913
0.0 1269.0 302.0 1356.0 5583.9654987192425
0.0 1467.0 207.0 721.0 3651.497269441913
0.0 1497.0 152.0 897.0 3377.383477696042
0.0 1637.0 121.0 299.0 1988.2859209460069
0.0 1557.0 126.0 690.0 2788.0368195410024
0.0 1689.0 88.0 218.0 1492.122051395425
0.0 1407.0 242.0 858.0 4252.852123205143
0.0 1683.0 60.0 427.0 1576.1032997044504
0.0 1801.0 20.0 76.0 466.06512701820145
0.0 1785.0 24.0 116.0 609.4156583790211
0.0 1407.0 242.0 858.0 4252.852123205143
0.0 1835.0 5.0 34.0 141.83598676258183
0.0 1511.0 147.0 845.0 3235.6865498727016
0.0 1427.0 196.0 1037.0 4055.5704283864725
0.0 1407.0 242.0 858.0 4252.852123205143
0.0 1467.0 207.0 721.0 3651.497269441913
0.0 1801.0 20.0 76.0 466.06512701820145
0.0 1619.0 132.0 338.0 2150.5200837445805
0.0 1813.0 13.0 70.0 336.2845393508675
0.0 1407.0 242.0 858.0 4252.852123205143
0.0 1393.0 216.0 1116.0 4406.538253834743
0.0 1467.0 207.0 721.0 3651.497269441913
0.0 1573.0 154.0 443.0 2612.919811676162
0.0 1841.0 4.0 27.0 78.20877174718103
0.0 1511.0 147.0 845.0 3235.6865498727016
0.0 1467.0 207.0 721.0 3651.497269441913
0.0 1683.0 60.0 427.0 1576.1032997044504
0.0 1557.0 126.0 690.0 2788.0368195410024
0.0 1735.0 62.0 146.0 1073.058578342919
0.0 1393.0 216.0 1116.0 4406.538253834743
0.0 1619.0 132.0 338.0 2150.5200837445805
0.0 1823.0 10.0 49.0 244.74448682546463
0.0 1737.0 59.0 153.0 1029.1279972180223
0.0 1633.0 89.0 480.0 2041.9886732637742
0.0 1843.0 3.0 26.0 63.58086699041833
0.0 1785.0 24.0 116.0 609.4156583790211
0.0 1761.0 32.0 174.0 835.5857437103747
0.0 1743.0 44.0 185.0 975.1392356930712
0.0 1761.0 32.0 174.0 835.5857437103747
0.0 1767.0 38.0 122.0 744.054027592766
0.0 1843.0 3.0 26.0 63.58086699041833
0.0 1843.0 3.0 26.0 63.58086699041833
0.0 1681.0 91.0 240.0 1558.0665030955784
0.0 1795.0 26.0 73.0 508.2295548051716
0.0 1843.0 3.0 26.0 63.58086699041833
0.0 1667.0 103.0 247.0 1704.2187081070886
0.0 1573.0 154.0 443.0 2612.919811676162
0.0 1631.0 123.0 320.0 2040.1927290398655
0.0 1387.0 219.0 1134.0 4471.4370421600715
0.0 1671.0 69.0 410.0 1667.5616120923958
0.0 1671.0 69.0 410.0 1667.5616120923958
0.0 1671.0 69.0 410.0 1667.5616120923958
0.0 1387.0 253.0 917.0 4465.283710705463
0.0 1387.0 253.0 917.0 4465.283710705463
0.0 1247.0 314.0 1429.0 5828.711282389041
0.0 1387.0 253.0 917.0 4465.283710705463
0.0 1735.0 62.0 146.0 1073.058578342919
0.0 1247.0 314.0 1429.0 5828.711282389041
0.0 1585.0 145.0 424.0 2509.740332371441
0.0 1585.0 145.0 424.0 2509.740332371441
0.0 1489.0 199.0 655.0 3434.9210418623834
0.0 1511.0 147.0 845.0 3235.6865498727016
0.0 1843.0 3.0 26.0 63.58086699041833
0.0 1667.0 103.0 247.0 1704.2187081070886
0.0 1695.0 54.0 393.0 1473.6410188690188
0.0 1597.0 105.0 596.0 2384.1717746320737
0.0 1283.0 299.0 1287.0 5437.605590219351
0.0 1767.0 38.0 122.0 744.054027592766
0.0 1795.0 26.0 73.0 508.2295548051716
0.0 1837.0 4.0 33.0 126.02882406294208
0.0 1843.0 3.0 26.0 63.58086699041833
0.0 1365.0 259.0 1015.0 4656.693914959501
0.0 1779.0 34.0 94.0 644.4542972258996
0.0 1843.0 3.0 26.0 63.58086699041833
0.0 1797.0 20.0 89.0 501.7518384339128
0.0 1653.0 80.0 431.0 1834.5952949997936
0.0 1387.0 219.0 1134.0 4471.4370421600715
0.0 1779.0 34.0 94.0 644.4542972258996
0.0 1767.0 38.0 122.0 744.054027592766
0.0 1843.0 3.0 26.0 63.58086699041833
0.0 1667.0 103.0 247.0 1704.2187081070886
0.0 1779.0 34.0 94.0 644.4542972258996
0.0 1723.0 72.0 159.0 1188.2738651198745
0.0 1573.0 154.0 443.0 2612.919811676162
0.0 1377.0 226.0 1181.0 4528.3125676300115
0.0 1843.0 3.0 26.0 63.58086699041833
0.0 1843.0 3.0 26.0 63.58086699041833
0.0 1843.0 3.0 26.0 63.58086699041833
0.0 1813.0 13.0 70.0 336.2845393508675
0.0 1269.0 302.0 1356.0 5583.9654987192425
0.0 1701.0 55.0 345.0 1402.9609819881714
0.0 1573.0 154.0 443.0 2612.919811676162
0.0 1585.0 145.0 424.0 2509.740332371441
0.0 1843.0 3.0 26.0 63.58086699041833
0.0 1825.0 10.0 42.0 230.80270326499496
0.0 1713.0 76.0 178.0 1273.2196706172829
0.0 1305.0 284.0 1231.0 5256.791763593428
0.0 1809.0 16.0 67.0 392.3096318998306
0.0 1709.0 73.0 201.0 1302.513135985807
0.0 1665.0 72.0 422.0 1722.5126693092332
0.0 1649.0 112.0 280.0 1885.1064416412862
0.0 1701.0 55.0 345.0 1402.9609819881714
0.0 1523.0 184.0 552.0 3088.9701118804746
0.0 1797.0 20.0 89.0 501.7518384339128
0.0 1555.0 165.0 481.0 2776.5383793291467
0.0 1643.0 117.0 292.0 1925.844956411382
0.0 1537.0 175.0 520.0 2949.564304735488
0.0 1809.0 16.0 67.0 392.3096318998306
0.0 1649.0 112.0 280.0 1885.1064416412862
0.0 1709.0 73.0 201.0 1302.513135985807
0.0 1649.0 112.0 280.0 1885.1064416412862
0.0 1695.0 54.0 393.0 1473.6410188690188
0.0 1649.0 112.0 280.0 1885.1064416412862
0.0 1649.0 112.0 280.0 1885.1064416412862
0.0 1667.0 103.0 247.0 1704.2187081070886
0.0 1675.0 97.0 240.0 1621.5365956805626
0.0 1779.0 34.0 94.0 644.4542972258996
0.0 1637.0 121.0 299.0 1988.2859209460069
0.0 1779.0 34.0 94.0 644.4542972258996
0.0 1637.0 121.0 299.0 1988.2859209460069
0.0 1283.0 299.0 1287.0 5437.605590219351
0.0 1843.0 3.0 26.0 63.58086699041833
0.0 1633.0 89.0 480.0 2041.9886732637742
0.0 1843.0 3.0 26.0 63.58086699041833
0.0 1689.0 88.0 218.0 1492.122051395425
0.0 1843.0 3.0 26.0 63.58086699041833
0.0 1843.0 3.0 26.0 63.58086699041833
0.0 1843.0 3.0 26.0 63.58086699041833
0.0 1701.0 55.0 345.0 1402.9609819881714
0.0 1843.0 3.0 26.0 63.58086699041833
0.0 1843.0 3.0 26.0 63.58086699041833
0.0 1703.0 78.0 202.0 1368.0487176626611
0.0 1637.0 84.0 504.0 1986.5099775877857
0.0 1489.0 199.0 655.0 3434.9210418623834
0.0 1695.0 54.0 393.0 1473.6410188690188
0.0 1489.0 199.0 655.0 3434.9210418623834
0.0 1489.0 199.0 655.0 3434.9210418623834
0.0 1689.0 88.0 218.0 1492.122051395425
0.0 1489.0 199.0 655.0 3434.9210418623834
0.0 1489.0 199.0 655.0 3434.9210418623834
0.0 1515.0 182.0 601.0 3155.424723879744
0.0 1637.0 121.0 299.0 1988.2859209460069
0.0 1751.0 47.0 139.0 893.3952912889937
0.0 1837.0 4.0 33.0 126.02882406294208
0.0 1413.0 203.0 1082.0 4206.0973643296265
0.0 1759.0 32.0 186.0 852.9834820489693
0.0 1603.0 139.0 387.0 2302.7208093889026
0.0 1331.0 267.0 1173.0 4983.614693078207
0.0 1697.0 84.0 202.0 1419.554706361594
0.0 1835.0 5.0 34.0 141.83598676258183
0.0 1615.0 93.0 569.0 2219.7978521635437
0.0 1597.0 105.0 596.0 2384.1717746320737
0.0 1575.0 113.0 678.0 2615.216887673027
0.0 1653.0 80.0 431.0 1834.5952949997936
0.0 1771.0 27.0 166.0 746.6190272079616
0.0 1565.0 159.0 462.0 2688.0113694030506
0.0 1615.0 93.0 569.0 2219.7978521635437
0.0 1241.0 316.0 1461.0 5894.3321586309885
0.0 1713.0 76.0 178.0 1273.2196706172829
0.0 1823.0 10.0 49.0 244.74448682546463
0.0 1473.0 166.0 938.0 3605.957666782692
0.0 1473.0 166.0 938.0 3605.957666782692
0.0 1615.0 92.0 581.0 2213.6892393192998
0.0 1653.0 72.0 529.0 1869.2639084734656
0.0 1461.0 211.0 741.0 3712.593778436791
0.0 1615.0 92.0 581.0 2213.6892393192998
0.0 1497.0 152.0 897.0 3377.383477696042
0.0 1539.0 133.0 758.0 2968.8817250220736
0.0 1615.0 92.0 581.0 2213.6892393192998
0.0 1653.0 72.0 529.0 1869.2639084734656
0.0 1789.0 23.0 104.0 571.5469631040737
0.0 1467.0 169.0 956.0 3670.8564551080185
0.0 1575.0 113.0 678.0 2615.216887673027
0.0 1809.0 16.0 67.0 392.3096318998306
0.0 1539.0 133.0 758.0 2968.8817250220736
0.0 1789.0 23.0 104.0 571.5469631040737
0.0 1665.0 72.0 422.0 1722.5126693092332
0.0 1795.0 26.0 73.0 508.2295548051716
0.0 1619.0 132.0 338.0 2150.5200837445805
0.0 1619.0 132.0 338.0 2150.5200837445805
0.0 1591.0 141.0 417.0 2447.299367836816
0.0 1269.0 302.0 1356.0 5583.9654987192425
0.0 1765.0 42.0 111.0 773.8941871535856
0.0 1765.0 42.0 111.0 773.8941871535856
0.0 1735.0 62.0 146.0 1073.058578342919
0.0 1717.0 47.0 314.0 1265.4044955663908
0.0 1467.0 169.0 956.0 3670.8564551080185
0.0 1681.0 91.0 240.0 1558.0665030955784
0.0 1283.0 299.0 1287.0 5437.605590219351
0.0 1615.0 92.0 581.0 2213.6892393192998
0.0 1673.0 96.0 246.0 1653.8200266387735
0.0 1523.0 184.0 552.0 3088.9701118804746
0.0 1673.0 96.0 246.0 1653.8200266387735
0.0 1523.0 184.0 552.0 3088.9701118804746
0.0 1597.0 105.0 596.0 2384.1717746320737
0.0 1539.0 133.0 758.0 2968.8817250220736
0.0 1539.0 133.0 758.0 2968.8817250220736
0.0 1817.0 13.0 57.0 300.5978279351561
0.0 1291.0 294.0 1268.0 5361.204545752973
0.0 1497.0 152.0 897.0 3377.383477696042
0.0 1237.0 318.0 1480.0 5939.119161142561
0.0 1515.0 182.0 601.0 3155.424723879744
0.0 1835.0 5.0 34.0 141.83598676258183
0.0 1237.0 318.0 1480.0 5939.119161142561
0.0 1361.0 263.0 1015.0 4719.074207343398
0.0 1717.0 47.0 314.0 1265.4044955663908
0.0 1727.0 54.0 202.0 1128.7937856864207
0.0 1423.0 233.0 817.0 4093.306465718334
0.0 1361.0 263.0 1015.0 4719.074207343398
0.0 1423.0 233.0 817.0 4093.306465718334
0.0 1723.0 72.0 159.0 1188.2738651198745
0.0 1727.0 54.0 202.0 1128.7937856864207
0.0 1423.0 233.0 817.0 4093.306465718334
0.0 1751.0 47.0 139.0 893.3952912889937
0.0 1423.0 233.0 817.0 4093.306465718334
0.0 1423.0 233.0 817.0 4093.306465718334
0.0 1361.0 263.0 1015.0 4719.074207343398
0.0 1331.0 267.0 1173.0 4983.614693078207
0.0 1717.0 47.0 314.0 1265.4044955663908
0.0 1361.0 263.0 1015.0 4719.074207343398
0.0 1331.0 267.0 1173.0 4983.614693078207
0.0 1587.0 108.0 636.0 2484.8156462322227
0.0 1751.0 47.0 139.0 893.3952912889937
0.0 1751.0 47.0 139.0 893.3952912889937
0.0 1751.0 47.0 139.0 893.3952912889937
0.0 1587.0 108.0 636.0 2484.8156462322227
0.0 1755.0 45.0 132.0 865.4342396789883
0.0 1255.0 312.0 1391.0 5750.590290390442
0.0 1273.0 302.0 1331.0 5545.7356294825595
0.0 1729.0 49.0 224.0 1121.5676162595696
0.0 1697.0 84.0 202.0 1419.554706361594
0.0 1729.0 49.0 224.0 1121.5676162595696
0.0 1255.0 312.0 1391.0 5750.590290390442
0.0 1697.0 84.0 202.0 1419.554706361594
0.0 1305.0 284.0 1231.0 5256.791763593428
0.0 1697.0 84.0 202.0 1419.554706361594
0.0 1727.0 54.0 202.0 1128.7937856864207
0.0 1523.0 184.0 552.0 3088.9701118804746
0.0 1717.0 47.0 314.0 1265.4044955663908
0.0 1237.0 318.0 1480.0 5939.119161142561
0.0 1825.0 10.0 42.0 230.80270326499496
0.0 1727.0 54.0 202.0 1128.7937856864207
0.0 1825.0 10.0 42.0 230.80270326499496
0.0 1743.0 44.0 185.0 975.1392356930712
0.0 1237.0 318.0 1480.0 5939.119161142561
0.0 1449.0 182.0 982.0 3835.4706959597124
0.0 1437.0 223.0 802.0 3944.874595580187
0.0 1437.0 223.0 802.0 3944.874595580187
0.0 1823.0 10.0 49.0 244.74448682546463
0.0 1437.0 223.0 802.0 3944.874595580187
0.0 1611.0 130.0 372.0 2273.9948591217326
0.0 1743.0 44.0 185.0 975.1392356930712
0.0 1743.0 44.0 185.0 975.1392356930712
0.0 1449.0 182.0 982.0 3835.4706959597124
0.0 1413.0 203.0 1082.0 4206.0973643296265
0.0 1537.0 175.0 520.0 2949.564304735488
0.0 1291.0 294.0 1268.0 5361.204545752973
0.0 1545.0 172.0 493.0 2881.446984986848
0.0 1771.0 27.0 166.0 746.6190272079616
0.0 1237.0 318.0 1480.0 5939.119161142561
0.0 1237.0 318.0 1480.0 5939.119161142561
0.0 1829.0 6.0 51.0 189.65148065266888
0.0 1591.0 141.0 417.0 2447.299367836816
0.0 1619.0 132.0 338.0 2150.5200837445805
0.0 1637.0 84.0 504.0 1986.5099775877857
0.0 1813.0 13.0 70.0 336.2845393508675
0.0 1449.0 182.0 982.0 3835.4706959597124
0.0 1319.0 278.0 1182.0 5102.464501325262
0.0 1717.0 47.0 314.0 1265.4044955663908
