0.0 1599.0 147.0 362.0 2390.5140603891755
0.0 1757.0 52.0 116.0 862.6059049712668
0.0 1267.0 304.0 1365.0 5643.593960184538
0.0 1643.0 78.0 542.0 1951.59266051974
0.0 1787.0 16.0 187.0 592.2938271793574
0.0 1757.0 52.0 116.0 862.6059049712668
0.0 1597.0 94.0 704.0 2404.3156387964186
0.0 1557.0 123.0 730.0 2766.8041621497205
0.0 1699.0 50.0 410.0 1436.675816535394
0.0 1761.0 24.0 298.0 854.5189118822435
0.0 1411.0 201.0 1098.0 4160.013328961386
0.0 1661.0 113.0 235.0 1797.0023089026363
0.0 1285.0 300.0 1279.0 5452.038600034538
0.0 1597.0 94.0 704.0 2404.3156387964186
0.0 1731.0 39.0 302.0 1116.4234373864447
0.0 1811.0 12.0 80.0 356.95548153788906
0.0 1597.0 94.0 704.0 2404.3156387964186
0.0 1433.0 186.0 1061.0 3974.053881743873
0.0 1787.0 16.0 187.0 592.2938271793574
0.0 1379.0 221.0 1174.0 4488.155015818266
0.0 1811.0 12.0 80.0 356.95548153788906
0.0 1735.0 38.0 288.0 1081.5983105899097
0.0 1577.0 113.0 695.0 2562.3119161030645
0.0 1597.0 94.0 704.0 2404.3156387964186
0.0 1807.0 26.0 46.0 392.53804317447896
0.0 1569.0 162.0 431.0 2663.537880396402
0.0 1285.0 300.0 1279.0 5452.038600034538
0.0 1811.0 12.0 80.0 356.95548153788906
0.0 1735.0 38.0 288.0 1081.5983105899097
0.0 1735.0 38.0 288.0 1081.5983105899097
0.0 1807.0 26.0 46.0 392.53804317447896
0.0 1557.0 123.0 730.0 2766.8041621497205
0.0 1245.0 315.0 1443.0 5856.850956035513
0.0 1633.0 92.0 489.0 2029.8995612350532
0.0 1549.0 174.0 479.0 2841.0027867113977
0.0 1523.0 181.0 562.0 3132.6594789229644
0.0 1567.0 163.0 435.0 2684.6787110605183
0.0 1735.0 38.0 288.0 1081.5983105899097
0.0 1811.0 12.0 80.0 356.95548153788906
0.0 1807.0 26.0 46.0 392.53804317447896
0.0 1771.0 27.0 185.0 734.8724375069485
0.0 1433.0 186.0 1061.0 3974.053881743873
0.0 1433.0 186.0 1061.0 3974.053881743873
0.0 1767.0 36.0 140.0 797.3538609691542
0.0 1819.0 10.0 59.0 279.02930851246447
0.0 1557.0 123.0 730.0 2766.8041621497205
0.0 1567.0 163.0 435.0 2684.6787110605183
0.0 1767.0 28.0 199.0 769.6975643034835
0.0 1557.0 123.0 730.0 2766.8041621497205
0.0 1295.0 297.0 1240.0 5344.587886218148
0.0 1791.0 33.0 69.0 544.5498707015702
0.0 1619.0 89.0 603.0 2159.0891811966058
0.0 1717.0 77.0 163.0 1264.3284735664533
0.0 1237.0 318.0 1480.0 5939.119161142561
0.0 1761.0 24.0 298.0 854.5189118822435
0.0 1443.0 237.0 725.0 3922.5815341888933
0.0 1791.0 33.0 69.0 544.5498707015702
0.0 1237.0 318.0 1480.0 5939.119161142561
0.0 1361.0 234.0 1206.0 4681.4898853004515
0.0 1253.0 310.0 1420.0 5778.259594045017
0.0 1553.0 127.0 717.0 2807.9597428411594
0.0 1791.0 33.0 69.0 544.5498707015702
0.0 1689.0 94.0 202.0 1526.1592723998851
0.0 1245.0 315.0 1443.0 5856.850956035513
0.0 1237.0 318.0 1480.0 5939.119161142561
0.0 1779.0 40.0 84.0 674.7708958805391
0.0 1661.0 113.0 235.0 1797.0023089026363
0.0 1683.0 56.0 456.0 1584.5059243622668
0.0 1373.0 264.0 961.0 4587.454006398179
0.0 1567.0 163.0 435.0 2684.6787110605183
0.0 1503.0 146.0 920.0 3295.8475630132157
0.0 1683.0 56.0 456.0 1584.5059243622668
0.0 1661.0 113.0 235.0 1797.0023089026363
0.0 1731.0 39.0 302.0 1116.4234373864447
0.0 1645.0 124.0 260.0 1928.3221035601114
0.0 1463.0 169.0 978.0 3691.196442599069
0.0 1661.0 113.0 235.0 1797.0023089026363
0.0 1675.0 105.0 214.0 1654.0619321574238
0.0 1577.0 156.0 422.0 2592.090512530909
0.0 1699.0 50.0 410.0 1436.675816535394
0.0 1823.0 7.0 57.0 254.63158677866537
0.0 1825.0 7.0 51.0 232.04170428936325
0.0 1701.0 83.0 192.0 1416.0167759278
0.0 1727.0 65.0 163.0 1163.8913974509353
0.0 1549.0 174.0 479.0 2841.0027867113977
0.0 1735.0 38.0 288.0 1081.5983105899097
0.0 1393.0 213.0 1132.0 4341.465144948252
0.0 1549.0 174.0 479.0 2841.0027867113977
0.0 1621.0 138.0 305.0 2180.163864044361
0.0 1519.0 138.0 846.0 3169.1247409892862
0.0 1543.0 133.0 739.0 2898.2973145966794
0.0 1685.0 55.0 453.0 1561.9341406512217
0.0 1335.0 250.0 1263.0 4976.701264270292
0.0 1237.0 318.0 1480.0 5939.119161142561
0.0 1605.0 142.0 352.0 2336.2700433708014
0.0 1703.0 54.0 340.0 1382.3279243669085
0.0 1703.0 54.0 340.0 1382.3279243669085
0.0 1597.0 94.0 704.0 2404.3156387964186
0.0 1689.0 94.0 202.0 1526.1592723998851
0.0 1783.0 17.0 200.0 637.8074394871038
0.0 1405.0 204.0 1117.0 4228.111837840905
0.0 1783.0 17.0 200.0 637.8074394871038
0.0 1819.0 10.0 59.0 279.02930851246447
0.0 1291.0 279.0 1359.0 5411.257324355639
0.0 1605.0 142.0 352.0 2336.2700433708014
0.0 1387.0 260.0 909.0 4428.184219260214
0.0 1335.0 250.0 1263.0 4976.701264270292
0.0 1605.0 142.0 352.0 2336.2700433708014
0.0 1689.0 94.0 202.0 1526.1592723998851
0.0 1411.0 255.0 815.0 4194.003624345002
0.0 1533.0 130.0 832.0 3033.4584022256477
0.0 1405.0 204.0 1117.0 4228.111837840905
0.0 1411.0 201.0 1098.0 4160.013328961386
0.0 1387.0 260.0 909.0 4428.184219260214
0.0 1505.0 193.0 601.0 3282.9320910670235
0.0 1689.0 94.0 202.0 1526.1592723998851
0.0 1533.0 130.0 832.0 3033.4584022256477
0.0 1819.0 10.0 59.0 279.02930851246447
0.0 1339.0 281.0 1076.0 4905.664492610505
0.0 1411.0 255.0 815.0 4194.003624345002
0.0 1379.0 221.0 1174.0 4488.155015818266
0.0 1339.0 281.0 1076.0 4905.664492610505
0.0 1291.0 279.0 1359.0 5411.257324355639
0.0 1675.0 105.0 214.0 1654.0619321574238
0.0 1569.0 162.0 431.0 2663.537880396402
0.0 1379.0 221.0 1174.0 4488.155015818266
0.0 1527.0 132.0 858.0 3087.633095973977
0.0 1387.0 260.0 909.0 4428.184219260214
0.0 1767.0 28.0 199.0 769.6975643034835
0.0 1633.0 92.0 489.0 2029.8995612350532
0.0 1495.0 208.0 599.0 3377.667732415528
0.0 1519.0 138.0 846.0 3169.1247409892862
0.0 1513.0 197.0 555.0 3221.3436567646513
0.0 1477.0 220.0 637.0 3545.805004365682
0.0 1411.0 255.0 815.0 4194.003624345002
0.0 1533.0 130.0 832.0 3033.4584022256477
0.0 1649.0 120.0 260.0 1883.2685274211485
0.0 1703.0 54.0 340.0 1382.3279243669085
0.0 1805.0 14.0 104.0 419.73377334274284
0.0 1619.0 89.0 603.0 2159.0891811966058
0.0 1699.0 55.0 354.0 1417.1530511634437
0.0 1267.0 304.0 1365.0 5643.593960184538
0.0 1645.0 124.0 260.0 1928.3221035601114
0.0 1791.0 33.0 69.0 544.5498707015702
0.0 1671.0 108.0 218.0 1685.6830267061098
0.0 1705.0 80.0 188.0 1384.395681379114
0.0 1717.0 77.0 163.0 1264.3284735664533
0.0 1705.0 80.0 188.0 1384.395681379114
0.0 1843.0 3.0 26.0 63.58086699041833
0.0 1237.0 318.0 1480.0 5939.119161142561
0.0 1717.0 77.0 163.0 1264.3284735664533
0.0 1685.0 55.0 453.0 1561.9341406512217
0.0 1827.0 6.0 50.0 211.5305405497758
0.0 1699.0 55.0 354.0 1417.1530511634437
0.0 1591.0 147.0 396.0 2462.7699152536397
0.0 1253.0 310.0 1420.0 5778.259594045017
0.0 1659.0 63.0 564.0 1833.146955335104
0.0 1837.0 4.0 30.0 123.02429897157782
0.0 1795.0 23.0 94.0 518.4766440103742
0.0 1503.0 146.0 920.0 3295.8475630132157
0.0 1641.0 125.0 270.0 1980.3753495952494
0.0 1675.0 105.0 214.0 1654.0619321574238
0.0 1671.0 108.0 218.0 1685.6830267061098
0.0 1491.0 193.0 660.0 3434.7587224889926
0.0 1671.0 108.0 218.0 1685.6830267061098
0.0 1523.0 181.0 562.0 3132.6594789229644
0.0 1791.0 33.0 69.0 544.5498707015702
0.0 1569.0 162.0 431.0 2663.537880396402
0.0 1657.0 68.0 522.0 1838.6430745352104
0.0 1491.0 193.0 660.0 3434.7587224889926
0.0 1597.0 94.0 704.0 2404.3156387964186
0.0 1745.0 51.0 155.0 994.9699122655767
0.0 1463.0 230.0 668.0 3695.813718957832
0.0 1523.0 181.0 562.0 3132.6594789229644
0.0 1837.0 4.0 30.0 123.02429897157782
0.0 1731.0 39.0 302.0 1116.4234373864447
0.0 1523.0 181.0 562.0 3132.6594789229644
0.0 1633.0 128.0 288.0 2064.708676839695
0.0 1459.0 233.0 677.0 3738.550625368498
0.0 1633.0 128.0 288.0 2064.708676839695
0.0 1843.0 3.0 26.0 63.58086699041833
0.0 1631.0 93.0 492.0 2052.471344946098
0.0 1237.0 318.0 1480.0 5939.119161142561
0.0 1425.0 248.0 769.0 4078.90560983977
0.0 1237.0 318.0 1480.0 5939.119161142561
0.0 1465.0 200.0 764.0 3671.0119554617395
0.0 1767.0 28.0 199.0 769.6975643034835
0.0 1685.0 55.0 453.0 1561.9341406512217
0.0 1731.0 39.0 302.0 1116.4234373864447
0.0 1425.0 248.0 769.0 4078.90560983977
0.0 1425.0 248.0 769.0 4078.90560983977
0.0 1291.0 279.0 1359.0 5411.257324355639
0.0 1519.0 136.0 881.0 3152.770684873677
0.0 1495.0 208.0 599.0 3377.667732415528
0.0 1513.0 197.0 555.0 3221.3436567646513
0.0 1651.0 120.0 253.0 1869.056067398723
0.0 1425.0 248.0 769.0 4078.90560983977
0.0 1513.0 197.0 555.0 3221.3436567646513
0.0 1775.0 43.0 88.0 706.3919904292252
0.0 1643.0 78.0 542.0 1951.59266051974
0.0 1725.0 67.0 165.0 1178.074386967555
0.0 1495.0 208.0 599.0 3377.667732415528
0.0 1357.0 270.0 1016.0 4756.177270609656
0.0 1633.0 92.0 489.0 2029.8995612350532
0.0 1519.0 136.0 881.0 3152.770684873677
0.0 1497.0 157.0 848.0 3351.60334199942
0.0 1725.0 67.0 165.0 1178.074386967555
0.0 1743.0 61.0 133.0 1005.8802113004776
0.0 1727.0 65.0 163.0 1163.8913974509353
0.0 1315.0 287.0 1171.0 5151.521844492735
0.0 1623.0 131.0 321.0 2149.7132023832037
0.0 1301.0 293.0 1223.0 5290.358937500626
0.0 1757.0 52.0 116.0 862.6059049712668
0.0 1597.0 103.0 625.0 2395.7294392615954
0.0 1767.0 36.0 140.0 797.3538609691542
0.0 1621.0 138.0 305.0 2180.163864044361
0.0 1745.0 51.0 155.0 994.9699122655767
0.0 1757.0 52.0 116.0 862.6059049712668
0.0 1843.0 3.0 26.0 63.58086699041833
0.0 1701.0 83.0 192.0 1416.0167759278
0.0 1621.0 138.0 305.0 2180.163864044361
0.0 1843.0 3.0 26.0 63.58086699041833
0.0 1843.0 3.0 26.0 63.58086699041833
0.0 1701.0 83.0 192.0 1416.0167759278
0.0 1795.0 23.0 94.0 518.4766440103742
0.0 1843.0 3.0 26.0 63.58086699041833
0.0 1463.0 169.0 978.0 3691.196442599069
0.0 1835.0 5.0 31.0 143.53546271116522
0.0 1433.0 186.0 1061.0 3974.053881743873
0.0 1783.0 17.0 200.0 637.8074394871038
0.0 1393.0 213.0 1132.0 4341.465144948252
0.0 1463.0 169.0 978.0 3691.196442599069
0.0 1843.0 3.0 26.0 63.58086699041833
0.0 1549.0 174.0 479.0 2841.0027867113977
0.0 1775.0 43.0 88.0 706.3919904292252
0.0 1757.0 52.0 116.0 862.6059049712668
0.0 1477.0 220.0 637.0 3545.805004365682
0.0 1477.0 220.0 637.0 3545.805004365682
0.0 1841.0 3.0 28.0 79.48999805420569
0.0 1841.0 3.0 28.0 79.48999805420569
0.0 1477.0 220.0 637.0 3545.805004365682
0.0 1841.0 3.0 28.0 79.48999805420569
0.0 1827.0 6.0 50.0 211.5305405497758
0.0 1841.0 3.0 28.0 79.48999805420569
0.0 1843.0 3.0 26.0 63.58086699041833
0.0 1827.0 6.0 50.0 211.5305405497758
0.0 1841.0 3.0 28.0 79.48999805420569
0.0 1463.0 169.0 978.0 3691.196442599069
0.0 1463.0 169.0 978.0 3691.196442599069
0.0 1463.0 169.0 978.0 3691.196442599069
0.0 1443.0 237.0 725.0 3922.5815341888933
0.0 1591.0 147.0 396.0 2462.7699152536397
0.0 1463.0 169.0 978.0 3691.196442599069
0.0 1743.0 61.0 133.0 1005.8802113004776
0.0 1683.0 56.0 456.0 1584.5059243622668
0.0 1819.0 10.0 59.0 279.02930851246447
0.0 1671.0 108.0 218.0 1685.6830267061098
0.0 1657.0 68.0 522.0 1838.6430745352104
0.0 1657.0 68.0 522.0 1838.6430745352104
0.0 1843.0 3.0 26.0 63.58086699041833
0.0 1657.0 68.0 522.0 1838.6430745352104
0.0 1843.0 3.0 26.0 63.58086699041833
0.0 1549.0 174.0 479.0 2841.0027867113977
0.0 1843.0 3.0 26.0 63.58086699041833
0.0 1549.0 174.0 479.0 2841.0027867113977
0.0 1315.0 287.0 1171.0 5151.521844492735
0.0 1239.0 317.0 1471.0 5916.082273821735
0.0 1623.0 131.0 321.0 2149.7132023832037
0.0 1357.0 270.0 1016.0 4756.177270609656
0.0 1357.0 270.0 1016.0 4756.177270609656
0.0 1619.0 89.0 603.0 2159.0891811966058
0.0 1619.0 89.0 603.0 2159.0891811966058
0.0 1619.0 89.0 603.0 2159.0891811966058
0.0 1647.0 122.0 260.0 1904.2535934134137
0.0 1599.0 147.0 362.0 2390.5140603891755
0.0 1725.0 67.0 165.0 1178.074386967555
0.0 1787.0 16.0 187.0 592.2938271793574
0.0 1835.0 5.0 31.0 143.53546271116522
0.0 1811.0 12.0 80.0 356.95548153788906
0.0 1775.0 43.0 88.0 706.3919904292252
0.0 1503.0 146.0 920.0 3295.8475630132157
0.0 1513.0 197.0 555.0 3221.3436567646513
0.0 1659.0 63.0 564.0 1833.146955335104
0.0 1659.0 63.0 564.0 1833.146955335104
0.0 1605.0 142.0 352.0 2336.2700433708014
0.0 1743.0 61.0 133.0 1005.8802113004776
0.0 1443.0 237.0 725.0 3922.5815341888933
0.0 1577.0 113.0 695.0 2562.3119161030645
0.0 1633.0 128.0 288.0 2064.708676839695
0.0 1727.0 65.0 163.0 1163.8913974509353
0.0 1351.0 240.0 1229.0 4806.684602470138
0.0 1699.0 55.0 354.0 1417.1530511634437
0.0 1837.0 4.0 30.0 123.02429897157782
0.0 1577.0 156.0 422.0 2592.090512530909
0.0 1577.0 156.0 422.0 2592.090512530909
0.0 1757.0 52.0 116.0 862.6059049712668
0.0 1843.0 3.0 26.0 63.58086699041833
0.0 1843.0 3.0 26.0 63.58086699041833
0.0 1843.0 3.0 26.0 63.58086699041833
0.0 1651.0 66.0 602.0 1912.8625481077872
