0.0 1839.0 4.0 27.0 94.29851501534998
0.0 1697.0 81.0 205.0 1464.0053815144934
0.0 1361.0 267.0 984.0 4755.216139745344
0.0 1443.0 229.0 726.0 3934.322656063849
0.0 1547.0 172.0 484.0 2883.948515026096
0.0 1471.0 213.0 654.0 3641.2890245233216
0.0 1395.0 216.0 1099.0 4346.714036770347
0.0 1767.0 38.0 120.0 768.655678983524
0.0 1547.0 172.0 484.0 2883.948515026096
0.0 1563.0 160.0 464.0 2720.6702685504206
0.0 1697.0 81.0 205.0 1464.0053815144934
0.0 1795.0 21.0 95.0 496.8330154525593
0.0 1551.0 134.0 666.0 2808.2133710295916
0.0 1697.0 81.0 205.0 1464.0053815144934
0.0 1761.0 42.0 127.0 815.6300931324522
0.0 1609.0 107.0 513.0 2243.319419964116
0.0 1547.0 172.0 484.0 2883.948515026096
0.0 1379.0 264.0 907.0 4579.502085273307
0.0 1547.0 172.0 484.0 2883.948515026096
0.0 1639.0 91.0 456.0 1969.3122438634207
0.0 1639.0 91.0 456.0 1969.3122438634207
0.0 1387.0 260.0 884.0 4488.003710373866
0.0 1251.0 312.0 1413.0 5787.463976117891
0.0 1457.0 221.0 693.0 3794.7650678257
0.0 1795.0 21.0 95.0 496.8330154525593
0.0 1713.0 58.0 265.0 1241.8439605072936
0.0 1443.0 229.0 726.0 3934.322656063849
0.0 1719.0 70.0 168.0 1234.7890260462611
0.0 1633.0 93.0 479.0 2030.454055482426
0.0 1681.0 84.0 265.0 1567.7200712973852
0.0 1681.0 84.0 265.0 1567.7200712973852
0.0 1697.0 81.0 205.0 1464.0053815144934
0.0 1511.0 154.0 767.0 3227.0144162468
0.0 1251.0 312.0 1413.0 5787.463976117891
0.0 1387.0 260.0 884.0 4488.003710373866
0.0 1719.0 70.0 168.0 1234.7890260462611
0.0 1641.0 101.0 359.0 1957.8727177806763
0.0 1723.0 67.0 163.0 1204.9142942534834
0.0 1641.0 101.0 359.0 1957.8727177806763
0.0 1293.0 294.0 1249.0 5380.410742235399
0.0 1469.0 173.0 921.0 3635.543738922604
0.0 1483.0 205.0 635.0 3519.709938474611
0.0 1487.0 204.0 623.0 3478.6120324627786
0.0 1409.0 248.0 820.0 4263.055597187152
0.0 1469.0 173.0 921.0 3635.543738922604
0.0 1469.0 173.0 921.0 3635.543738922604
0.0 1433.0 193.0 999.0 3981.0171325935607
0.0 1487.0 167.0 830.0 3447.743635482822
0.0 1681.0 84.0 265.0 1567.7200712973852
0.0 1533.0 182.0 510.0 3042.0790601980666
0.0 1801.0 18.0 86.0 439.073373140348
0.0 1487.0 167.0 830.0 3447.743635482822
0.0 1361.0 267.0 984.0 4755.216139745344
0.0 1801.0 18.0 86.0 439.073373140348
0.0 1827.0 9.0 45.0 205.979183885295
0.0 1527.0 145.0 735.0 3072.3684700740173
0.0 1641.0 101.0 359.0 1957.8727177806763
0.0 1585.0 118.0 561.0 2496.328221233233
0.0 1533.0 182.0 510.0 3042.0790601980666
0.0 1293.0 294.0 1249.0 5380.410742235399
0.0 1569.0 124.0 620.0 2651.6156255762817
0.0 1805.0 16.0 83.0 401.3992135176973
0.0 1615.0 124.0 374.0 2220.1038858195043
0.0 1569.0 124.0 620.0 2651.6156255762817
0.0 1687.0 69.0 337.0 1504.6298581889248
0.0 1417.0 202.0 1048.0 4141.52509513659
0.0 1671.0 97.0 250.0 1718.4953551103201
0.0 1533.0 182.0 510.0 3042.0790601980666
0.0 1293.0 294.0 1249.0 5380.410742235399
0.0 1507.0 157.0 769.0 3257.0470800663047
0.0 1751.0 49.0 133.0 920.0841165870439
0.0 1719.0 70.0 168.0 1234.7890260462611
0.0 1237.0 318.0 1480.0 5939.119161142561
0.0 1781.0 30.0 110.0 628.3327520777564
0.0 1237.0 318.0 1480.0 5939.119161142561
0.0 1237.0 318.0 1480.0 5939.119161142561
0.0 1369.0 232.0 1164.0 4590.340159999426
0.0 1839.0 4.0 27.0 94.29851501534998
0.0 1527.0 145.0 735.0 3072.3684700740173
0.0 1237.0 318.0 1480.0 5939.119161142561
0.0 1723.0 54.0 238.0 1153.1871237500252
0.0 1369.0 232.0 1164.0 4590.340159999426
0.0 1681.0 84.0 265.0 1567.7200712973852
0.0 1737.0 46.0 224.0 1016.3755848986779
0.0 1671.0 97.0 250.0 1718.4953551103201
0.0 1245.0 314.0 1443.0 5856.923794134797
0.0 1251.0 312.0 1413.0 5787.463976117891
0.0 1723.0 54.0 238.0 1153.1871237500252
0.0 1333.0 285.0 1081.0 4980.701277035398
0.0 1593.0 150.0 375.0 2466.163399390593
0.0 1781.0 30.0 110.0 628.3327520777564
0.0 1791.0 24.0 93.0 547.8132887413564
0.0 1671.0 97.0 250.0 1718.4953551103201
0.0 1333.0 285.0 1081.0 4980.701277035398
0.0 1831.0 6.0 41.0 179.5032459405932
0.0 1827.0 9.0 45.0 205.979183885295
0.0 1737.0 46.0 224.0 1016.3755848986779
0.0 1671.0 97.0 250.0 1718.4953551103201
0.0 1671.0 97.0 250.0 1718.4953551103201
0.0 1831.0 6.0 41.0 179.5032459405932
0.0 1493.0 160.0 857.0 3409.9811365383343
0.0 1267.0 304.0 1367.0 5617.456609699817
0.0 1763.0 40.0 127.0 795.3889452405514
0.0 1653.0 108.0 293.0 1874.448727522594
0.0 1737.0 46.0 224.0 1016.3755848986779
0.0 1425.0 197.0 1025.0 4062.9337331460943
0.0 1493.0 160.0 857.0 3409.9811365383343
0.0 1361.0 267.0 984.0 4755.216139745344
0.0 1763.0 40.0 127.0 795.3889452405514
0.0 1275.0 301.0 1327.0 5551.911958321834
0.0 1493.0 164.0 811.0 3393.023962293359
0.0 1577.0 150.0 438.0 2577.4502527641735
0.0 1379.0 264.0 907.0 4579.502085273307
0.0 1727.0 66.0 155.0 1170.8463378829128
0.0 1773.0 32.0 135.0 690.819660631692
0.0 1597.0 138.0 393.0 2392.442290726972
0.0 1805.0 16.0 83.0 401.3992135176973
0.0 1443.0 229.0 726.0 3934.322656063849
0.0 1521.0 179.0 563.0 3149.782800224198
0.0 1433.0 193.0 999.0 3981.0171325935607
0.0 1551.0 134.0 666.0 2808.2133710295916
0.0 1597.0 138.0 393.0 2392.442290726972
0.0 1551.0 134.0 666.0 2808.2133710295916
0.0 1597.0 138.0 393.0 2392.442290726972
0.0 1773.0 32.0 135.0 690.819660631692
0.0 1275.0 301.0 1327.0 5551.911958321834
0.0 1551.0 134.0 666.0 2808.2133710295916
0.0 1483.0 205.0 635.0 3519.709938474611
0.0 1597.0 138.0 393.0 2392.442290726972
0.0 1773.0 32.0 135.0 690.819660631692
0.0 1541.0 140.0 674.0 2923.8602441879975
0.0 1831.0 6.0 41.0 179.5032459405932
0.0 1369.0 232.0 1164.0 4590.340159999426
0.0 1405.0 250.0 833.0 4307.828405834099
0.0 1771.0 36.0 117.0 729.067493305136
0.0 1811.0 13.0 73.0 352.7487441292952
0.0 1811.0 13.0 73.0 352.7487441292952
0.0 1771.0 36.0 117.0 729.067493305136
0.0 1311.0 270.0 1295.0 5198.230364458776
0.0 1843.0 3.0 26.0 63.58086699041833
0.0 1311.0 270.0 1295.0 5198.230364458776
0.0 1843.0 3.0 26.0 63.58086699041833
0.0 1831.0 6.0 41.0 179.5032459405932
0.0 1749.0 41.0 193.0 908.8822500808968
0.0 1535.0 141.0 715.0 2984.802461454589
0.0 1811.0 13.0 73.0 352.7487441292952
0.0 1667.0 75.0 421.0 1700.5939037121284
0.0 1811.0 13.0 73.0 352.7487441292952
0.0 1395.0 216.0 1099.0 4346.714036770347
0.0 1501.0 191.0 608.0 3334.790762261399
0.0 1541.0 140.0 674.0 2923.8602441879975
0.0 1801.0 18.0 86.0 439.073373140348
0.0 1703.0 62.0 290.0 1333.1304581347656
0.0 1801.0 18.0 86.0 439.073373140348
0.0 1633.0 93.0 479.0 2030.454055482426
0.0 1667.0 75.0 421.0 1700.5939037121284
0.0 1351.0 244.0 1210.0 4760.885264016188
0.0 1667.0 75.0 421.0 1700.5939037121284
0.0 1641.0 101.0 359.0 1957.8727177806763
0.0 1501.0 191.0 608.0 3334.790762261399
0.0 1815.0 11.0 70.0 315.0745845066445
0.0 1687.0 69.0 337.0 1504.6298581889248
0.0 1351.0 244.0 1210.0 4760.885264016188
0.0 1471.0 213.0 654.0 3641.2890245233216
0.0 1501.0 191.0 608.0 3334.790762261399
0.0 1597.0 138.0 393.0 2392.442290726972
0.0 1471.0 213.0 654.0 3641.2890245233216
0.0 1343.0 249.0 1233.0 4839.476626006684
0.0 1581.0 119.0 577.0 2538.7645778618416
0.0 1815.0 11.0 70.0 315.0745845066445
0.0 1569.0 124.0 620.0 2651.6156255762817
0.0 1581.0 119.0 577.0 2538.7645778618416
0.0 1239.0 318.0 1467.0 5910.633795184599
0.0 1815.0 11.0 70.0 315.0745845066445
0.0 1293.0 294.0 1249.0 5380.410742235399
0.0 1293.0 294.0 1249.0 5380.410742235399
0.0 1815.0 11.0 70.0 315.0745845066445
0.0 1417.0 202.0 1048.0 4141.52509513659
0.0 1585.0 118.0 561.0 2496.328221233233
0.0 1697.0 81.0 205.0 1464.0053815144934
0.0 1839.0 4.0 27.0 94.29851501534998
0.0 1331.0 276.0 1110.0 5036.480139895887
0.0 1331.0 276.0 1110.0 5036.480139895887
0.0 1331.0 276.0 1110.0 5036.480139895887
0.0 1417.0 237.0 820.0 4170.151873072933
0.0 1535.0 141.0 715.0 2984.802461454589
0.0 1843.0 3.0 26.0 63.58086699041833
0.0 1843.0 3.0 26.0 63.58086699041833
0.0 1749.0 41.0 193.0 908.8822500808968
0.0 1471.0 213.0 654.0 3641.2890245233216
0.0 1273.0 304.0 1324.0 5572.556665489826
0.0 1843.0 3.0 26.0 63.58086699041833
0.0 1787.0 26.0 100.0 574.5465549983838
0.0 1715.0 72.0 178.0 1268.3340752337328
0.0 1641.0 101.0 359.0 1957.8727177806763
0.0 1843.0 3.0 26.0 63.58086699041833
0.0 1703.0 62.0 290.0 1333.1304581347656
0.0 1237.0 318.0 1480.0 5939.119161142561
0.0 1511.0 154.0 767.0 3227.0144162468
0.0 1609.0 107.0 513.0 2243.319419964116
0.0 1703.0 62.0 290.0 1333.1304581347656
0.0 1703.0 62.0 290.0 1333.1304581347656
0.0 1609.0 107.0 513.0 2243.319419964116
0.0 1571.0 156.0 437.0 2656.6584093742126
0.0 1675.0 89.0 262.0 1670.629882929959
0.0 1697.0 81.0 205.0 1464.0053815144934
0.0 1763.0 40.0 127.0 795.3889452405514
0.0 1843.0 3.0 26.0 63.58086699041833
0.0 1755.0 38.0 183.0 865.0897593465381
0.0 1715.0 72.0 178.0 1268.3340752337328
0.0 1729.0 62.0 164.0 1136.2735260773509
0.0 1387.0 260.0 884.0 4488.003710373866
0.0 1729.0 62.0 164.0 1136.2735260773509
0.0 1843.0 3.0 26.0 63.58086699041833
0.0 1581.0 119.0 577.0 2538.7645778618416
0.0 1763.0 40.0 127.0 795.3889452405514
0.0 1237.0 318.0 1480.0 5939.119161142561
0.0 1635.0 122.0 312.0 2046.7871324300604
0.0 1237.0 318.0 1480.0 5939.119161142561
0.0 1471.0 213.0 654.0 3641.2890245233216
0.0 1237.0 318.0 1480.0 5939.119161142561
0.0 1395.0 216.0 1099.0 4346.714036770347
0.0 1425.0 197.0 1025.0 4062.9337331460943
0.0 1667.0 75.0 421.0 1700.5939037121284
0.0 1667.0 75.0 421.0 1700.5939037121284
0.0 1511.0 154.0 767.0 3227.0144162468
0.0 1507.0 198.0 569.0 3304.615516330562
0.0 1755.0 38.0 183.0 865.0897593465381
0.0 1657.0 93.0 335.0 1788.5742091491418
0.0 1447.0 185.0 966.0 3841.459544355408
0.0 1635.0 122.0 312.0 2046.7871324300604
0.0 1645.0 115.0 294.0 1982.7114737575614
0.0 1547.0 172.0 484.0 2883.948515026096
0.0 1747.0 51.0 140.0 946.8173828440714
0.0 1747.0 51.0 140.0 946.8173828440714
0.0 1747.0 51.0 140.0 946.8173828440714
0.0 1447.0 185.0 966.0 3841.459544355408
0.0 1447.0 185.0 966.0 3841.459544355408
0.0 1593.0 150.0 375.0 2466.163399390593
0.0 1447.0 185.0 966.0 3841.459544355408
0.0 1747.0 51.0 140.0 946.8173828440714
0.0 1747.0 51.0 140.0 946.8173828440714
0.0 1635.0 122.0 312.0 2046.7871324300604
0.0 1841.0 3.0 27.0 83.80435791795394
0.0 1521.0 179.0 563.0 3149.782800224198
0.0 1435.0 234.0 747.0 3994.5931672158076
0.0 1841.0 3.0 27.0 83.80435791795394
0.0 1657.0 93.0 335.0 1788.5742091491418
0.0 1435.0 234.0 747.0 3994.5931672158076
0.0 1435.0 234.0 747.0 3994.5931672158076
0.0 1623.0 115.0 378.0 2130.2111226881425
0.0 1657.0 93.0 335.0 1788.5742091491418
0.0 1597.0 138.0 393.0 2392.442290726972
0.0 1635.0 122.0 312.0 2046.7871324300604
0.0 1409.0 248.0 820.0 4263.055597187152
0.0 1795.0 21.0 95.0 496.8330154525593
0.0 1815.0 11.0 70.0 315.0745845066445
0.0 1409.0 248.0 820.0 4263.055597187152
0.0 1703.0 62.0 290.0 1333.1304581347656
0.0 1501.0 191.0 608.0 3334.790762261399
0.0 1687.0 69.0 337.0 1504.6298581889248
0.0 1521.0 179.0 563.0 3149.782800224198
0.0 1761.0 42.0 127.0 815.6300931324522
0.0 1839.0 4.0 27.0 94.29851501534998
0.0 1839.0 4.0 27.0 94.29851501534998
0.0 1823.0 11.0 52.0 232.7124501423223
0.0 1723.0 54.0 238.0 1153.1871237500252
0.0 1457.0 221.0 693.0 3794.7650678257
0.0 1843.0 3.0 26.0 63.58086699041833
0.0 1839.0 4.0 27.0 94.29851501534998
0.0 1839.0 4.0 27.0 94.29851501534998
0.0 1609.0 104.0 532.0 2273.5605677686203
0.0 1609.0 104.0 532.0 2273.5605677686203
0.0 1609.0 104.0 532.0 2273.5605677686203
0.0 1723.0 67.0 163.0 1204.9142942534834
0.0 1841.0 3.0 27.0 83.80435791795394
0.0 1593.0 150.0 375.0 2466.163399390593
0.0 1615.0 124.0 374.0 2220.1038858195043
0.0 1737.0 46.0 224.0 1016.3755848986779
0.0 1843.0 3.0 26.0 63.58086699041833
0.0 1843.0 3.0 26.0 63.58086699041833
0.0 1843.0 3.0 26.0 63.58086699041833
0.0 1843.0 3.0 26.0 63.58086699041833
0.0 1843.0 3.0 26.0 63.58086699041833
0.0 1843.0 3.0 26.0 63.58086699041833
0.0 1843.0 3.0 26.0 63.58086699041833
0.0 1585.0 118.0 561.0 2496.328221233233
0.0 1737.0 46.0 224.0 1016.3755848986779
0.0 1621.0 117.0 374.0 2160.3243850106146
0.0 1787.0 26.0 100.0 574.5465549983838
0.0 1787.0 26.0 100.0 574.5465549983838
0.0 1571.0 156.0 437.0 2656.6584093742126
0.0 1571.0 156.0 437.0 2656.6584093742126
0.0 1571.0 156.0 437.0 2656.6584093742126
0.0 1787.0 26.0 100.0 574.5465549983838
0.0 1787.0 26.0 100.0 574.5465549983838
0.0 1621.0 117.0 374.0 2160.3243850106146
0.0 1621.0 117.0 374.0 2160.3243850106146
0.0 1253.0 311.0 1408.0 5768.0067176706125
0.0 1713.0 58.0 265.0 1241.8439605072936
