0.0 1413.0 239.0 839.0 4170.518549980256
0.0 1537.0 127.0 890.0 2942.7882503985684
0.0 1617.0 120.0 389.0 2169.2578245963314
0.0 1555.0 116.0 845.0 2777.573871612185
0.0 1307.0 283.0 1215.0 5234.7609386762015
0.0 1763.0 42.0 131.0 779.0394180559169
0.0 1637.0 73.0 644.0 2042.9203329949316
0.0 1617.0 120.0 389.0 2169.2578245963314
0.0 1755.0 45.0 145.0 869.4143835397294
0.0 1715.0 64.0 220.0 1247.5923046644598
0.0 1353.0 262.0 1049.0 4760.08878052517
0.0 1603.0 93.0 704.0 2322.3507239967716
0.0 1671.0 88.0 295.0 1674.3621323853422
0.0 1307.0 283.0 1215.0 5234.7609386762015
0.0 1271.0 303.0 1336.0 5593.941370307577
0.0 1603.0 93.0 704.0 2322.3507239967716
0.0 1819.0 11.0 60.0 271.6165931406813
0.0 1617.0 120.0 389.0 2169.2578245963314
0.0 1545.0 166.0 519.0 2880.5768415513917
0.0 1671.0 88.0 295.0 1674.3621323853422
0.0 1795.0 20.0 102.0 487.3748181705799
0.0 1603.0 93.0 704.0 2322.3507239967716
0.0 1237.0 318.0 1480.0 5939.119161142561
0.0 1555.0 116.0 845.0 2777.573871612185
0.0 1237.0 318.0 1480.0 5939.119161142561
0.0 1493.0 194.0 653.0 3374.5511971232886
0.0 1683.0 85.0 258.0 1550.9402636754712
0.0 1795.0 20.0 102.0 487.3748181705799
0.0 1799.0 20.0 90.0 443.19780918168084
0.0 1843.0 3.0 26.0 63.58086699041833
0.0 1387.0 253.0 913.0 4436.956250443404
0.0 1657.0 65.0 582.0 1828.8104017775022
0.0 1353.0 262.0 1049.0 4760.08878052517
0.0 1843.0 3.0 26.0 63.58086699041833
0.0 1703.0 72.0 230.0 1361.704504557553
0.0 1843.0 3.0 26.0 63.58086699041833
0.0 1237.0 318.0 1480.0 5939.119161142561
0.0 1835.0 5.0 40.0 123.05149564779197
0.0 1555.0 116.0 845.0 2777.573871612185
0.0 1843.0 3.0 26.0 63.58086699041833
0.0 1555.0 116.0 845.0 2777.573871612185
0.0 1843.0 3.0 26.0 63.58086699041833
0.0 1597.0 132.0 430.0 2353.208601952412
0.0 1577.0 144.0 470.0 2539.8176175802396
0.0 1701.0 49.0 419.0 1404.1273287730828
0.0 1563.0 153.0 489.0 2716.2683158468767
0.0 1577.0 144.0 470.0 2539.8176175802396
0.0 1735.0 57.0 181.0 1040.1384823767419
0.0 1507.0 184.0 627.0 3236.132155850824
0.0 1545.0 166.0 519.0 2880.5768415513917
0.0 1781.0 30.0 111.0 622.3683074470185
0.0 1271.0 303.0 1336.0 5593.941370307577
0.0 1809.0 15.0 77.0 360.0800848548585
0.0 1743.0 41.0 218.0 994.9850341185572
0.0 1691.0 55.0 424.0 1494.5652406229158
0.0 1735.0 57.0 181.0 1040.1384823767419
0.0 1237.0 318.0 1480.0 5939.119161142561
0.0 1401.0 247.0 861.0 4292.3779659146685
0.0 1701.0 49.0 419.0 1404.1273287730828
0.0 1803.0 18.0 87.0 408.9920154396204
0.0 1703.0 72.0 230.0 1361.704504557553
0.0 1645.0 105.0 345.0 1893.9100548324209
0.0 1703.0 72.0 230.0 1361.704504557553
0.0 1703.0 72.0 230.0 1361.704504557553
0.0 1545.0 166.0 519.0 2880.5768415513917
0.0 1701.0 49.0 419.0 1404.1273287730828
0.0 1445.0 223.0 757.0 3857.543603124241
0.0 1545.0 166.0 519.0 2880.5768415513917
0.0 1703.0 72.0 230.0 1361.704504557553
0.0 1401.0 247.0 861.0 4292.3779659146685
0.0 1743.0 41.0 218.0 994.9850341185572
0.0 1703.0 72.0 230.0 1361.704504557553
0.0 1743.0 41.0 218.0 994.9850341185572
0.0 1641.0 76.0 572.0 1967.7723215903459
0.0 1577.0 144.0 470.0 2539.8176175802396
0.0 1377.0 254.0 961.0 4536.5768778922
0.0 1453.0 219.0 737.0 3788.625463349222
0.0 1325.0 281.0 1119.0 5048.231064498012
0.0 1473.0 205.0 702.0 3557.9824506589225
0.0 1815.0 12.0 70.0 298.04376003493667
0.0 1755.0 45.0 145.0 869.4143835397294
0.0 1815.0 12.0 70.0 298.04376003493667
0.0 1835.0 5.0 40.0 123.05149564779197
0.0 1491.0 155.0 976.0 3393.4134000361732
0.0 1507.0 152.0 854.0 3236.309610698518
0.0 1345.0 267.0 1074.0 4829.843123356165
0.0 1815.0 12.0 70.0 298.04376003493667
0.0 1329.0 271.0 1149.0 5005.131582753827
0.0 1421.0 203.0 1044.0 4066.7083731237844
0.0 1433.0 231.0 778.0 3979.421820318816
0.0 1465.0 213.0 703.0 3683.9911869144175
0.0 1237.0 318.0 1480.0 5939.119161142561
0.0 1433.0 231.0 778.0 3979.421820318816
0.0 1237.0 318.0 1480.0 5939.119161142561
0.0 1689.0 82.0 248.0 1500.9679258828812
0.0 1433.0 231.0 778.0 3979.421820318816
0.0 1835.0 5.0 40.0 123.05149564779197
0.0 1537.0 127.0 890.0 2942.7882503985684
0.0 1427.0 200.0 1021.0 4002.1362791828246
0.0 1243.0 315.0 1451.0 5879.589666660399
0.0 1563.0 153.0 489.0 2716.2683158468767
0.0 1713.0 45.0 394.0 1287.3267525547574
0.0 1507.0 184.0 627.0 3236.132155850824
0.0 1577.0 144.0 470.0 2539.8176175802396
0.0 1507.0 152.0 854.0 3236.309610698518
0.0 1591.0 134.0 450.0 2415.950214738835
0.0 1625.0 114.0 378.0 2091.3831092808714
0.0 1577.0 104.0 787.0 2574.132788112426
0.0 1493.0 194.0 653.0 3374.5511971232886
0.0 1237.0 318.0 1480.0 5939.119161142561
0.0 1625.0 114.0 378.0 2091.3831092808714
0.0 1625.0 114.0 378.0 2091.3831092808714
0.0 1755.0 45.0 145.0 869.4143835397294
0.0 1237.0 318.0 1480.0 5939.119161142561
0.0 1237.0 318.0 1480.0 5939.119161142561
0.0 1537.0 127.0 890.0 2942.7882503985684
0.0 1577.0 104.0 787.0 2574.132788112426
0.0 1777.0 31.0 122.0 648.7939181815314
0.0 1655.0 100.0 324.0 1801.509161537106
0.0 1237.0 318.0 1480.0 5939.119161142561
0.0 1493.0 194.0 653.0 3374.5511971232886
0.0 1755.0 45.0 145.0 869.4143835397294
0.0 1835.0 5.0 40.0 123.05149564779197
0.0 1413.0 239.0 839.0 4170.518549980256
0.0 1713.0 45.0 394.0 1287.3267525547574
0.0 1577.0 144.0 470.0 2539.8176175802396
0.0 1755.0 45.0 145.0 869.4143835397294
0.0 1329.0 271.0 1149.0 5005.131582753827
0.0 1675.0 59.0 506.0 1660.7056167809958
0.0 1581.0 102.0 778.0 2539.4787651676947
0.0 1737.0 53.0 182.0 1041.874613333904
0.0 1563.0 153.0 489.0 2716.2683158468767
0.0 1657.0 65.0 582.0 1828.8104017775022
0.0 1737.0 53.0 182.0 1041.874613333904
0.0 1563.0 153.0 489.0 2716.2683158468767
0.0 1715.0 64.0 220.0 1247.5923046644598
0.0 1641.0 104.0 359.0 1940.4801663722221
0.0 1581.0 102.0 778.0 2539.4787651676947
0.0 1563.0 153.0 489.0 2716.2683158468767
0.0 1491.0 196.0 660.0 3369.7488731588583
0.0 1401.0 247.0 861.0 4292.3779659146685
0.0 1445.0 189.0 976.0 3836.9219003964413
0.0 1689.0 82.0 248.0 1500.9679258828812
0.0 1401.0 247.0 861.0 4292.3779659146685
0.0 1581.0 102.0 778.0 2539.4787651676947
0.0 1713.0 45.0 394.0 1287.3267525547574
0.0 1777.0 31.0 122.0 648.7939181815314
0.0 1655.0 100.0 324.0 1801.509161537106
0.0 1783.0 22.0 150.0 588.1291518075011
0.0 1777.0 31.0 122.0 648.7939181815314
0.0 1445.0 223.0 757.0 3857.543603124241
0.0 1657.0 65.0 582.0 1828.8104017775022
0.0 1445.0 223.0 757.0 3857.543603124241
0.0 1421.0 203.0 1044.0 4066.7083731237844
0.0 1789.0 27.0 97.0 531.993341963206
0.0 1577.0 104.0 787.0 2574.132788112426
0.0 1783.0 22.0 150.0 588.1291518075011
0.0 1783.0 22.0 150.0 588.1291518075011
0.0 1819.0 11.0 60.0 271.6165931406813
0.0 1545.0 166.0 519.0 2880.5768415513917
0.0 1789.0 27.0 97.0 531.993341963206
0.0 1829.0 8.0 46.0 165.15327915926005
0.0 1789.0 27.0 97.0 531.993341963206
0.0 1465.0 213.0 703.0 3683.9911869144175
0.0 1819.0 11.0 60.0 271.6165931406813
0.0 1545.0 166.0 519.0 2880.5768415513917
0.0 1421.0 203.0 1044.0 4066.7083731237844
0.0 1473.0 205.0 702.0 3557.9824506589225
0.0 1671.0 88.0 295.0 1674.3621323853422
0.0 1829.0 8.0 46.0 165.15327915926005
0.0 1789.0 27.0 97.0 531.993341963206
0.0 1829.0 8.0 46.0 165.15327915926005
0.0 1585.0 138.0 464.0 2457.8428783872178
0.0 1641.0 76.0 572.0 1967.7723215903459
0.0 1799.0 20.0 90.0 443.19780918168084
0.0 1655.0 100.0 324.0 1801.509161537106
0.0 1819.0 11.0 60.0 271.6165931406813
0.0 1307.0 283.0 1215.0 5234.7609386762015
0.0 1783.0 22.0 150.0 588.1291518075011
0.0 1843.0 3.0 26.0 63.58086699041833
0.0 1683.0 85.0 258.0 1550.9402636754712
0.0 1799.0 20.0 90.0 443.19780918168084
0.0 1683.0 85.0 258.0 1550.9402636754712
0.0 1843.0 3.0 26.0 63.58086699041833
0.0 1267.0 304.0 1355.0 5634.1305021456765
0.0 1593.0 136.0 433.0 2404.149854362151
0.0 1325.0 281.0 1119.0 5048.231064498012
0.0 1325.0 281.0 1119.0 5048.231064498012
0.0 1433.0 231.0 778.0 3979.421820318816
0.0 1253.0 311.0 1409.0 5774.828440881338
0.0 1751.0 39.0 195.0 907.2801697772763
0.0 1767.0 39.0 128.0 743.0088638237967
0.0 1525.0 176.0 573.0 3054.1292577612153
0.0 1535.0 169.0 554.0 2967.695447372161
0.0 1647.0 103.0 346.0 1863.845288197177
0.0 1535.0 169.0 554.0 2967.695447372161
0.0 1363.0 243.0 1118.0 4666.850226926516
0.0 1295.0 293.0 1245.0 5348.579794323285
0.0 1683.0 85.0 258.0 1550.9402636754712
0.0 1683.0 85.0 258.0 1550.9402636754712
0.0 1675.0 59.0 506.0 1660.7056167809958
0.0 1295.0 293.0 1245.0 5348.579794323285
0.0 1683.0 85.0 258.0 1550.9402636754712
0.0 1729.0 53.0 211.0 1117.3468047900742
0.0 1829.0 8.0 46.0 165.15327915926005
0.0 1647.0 103.0 346.0 1863.845288197177
0.0 1473.0 205.0 702.0 3557.9824506589225
0.0 1719.0 61.0 217.0 1211.5617504323395
0.0 1641.0 104.0 359.0 1940.4801663722221
0.0 1605.0 126.0 419.0 2275.3338866369513
0.0 1691.0 55.0 424.0 1494.5652406229158
0.0 1773.0 34.0 125.0 684.8244724136516
0.0 1671.0 88.0 295.0 1674.3621323853422
0.0 1605.0 126.0 419.0 2275.3338866369513
0.0 1729.0 53.0 211.0 1117.3468047900742
0.0 1413.0 239.0 839.0 4170.518549980256
0.0 1525.0 176.0 573.0 3054.1292577612153
0.0 1387.0 253.0 913.0 4436.956250443404
0.0 1525.0 176.0 573.0 3054.1292577612153
0.0 1387.0 253.0 913.0 4436.956250443404
0.0 1731.0 52.0 208.0 1100.5474430584807
0.0 1641.0 104.0 359.0 1940.4801663722221
0.0 1737.0 53.0 182.0 1041.874613333904
0.0 1701.0 49.0 419.0 1404.1273287730828
0.0 1461.0 210.0 736.0 3687.5073427191405
0.0 1765.0 29.0 199.0 786.0783769262158
0.0 1353.0 262.0 1049.0 4760.08878052517
0.0 1665.0 94.0 309.0 1700.965544998972
0.0 1491.0 155.0 976.0 3393.4134000361732
0.0 1505.0 188.0 619.0 3269.916920688484
0.0 1637.0 73.0 644.0 2042.9203329949316
0.0 1763.0 42.0 131.0 779.0394180559169
0.0 1491.0 155.0 976.0 3393.4134000361732
0.0 1491.0 155.0 976.0 3393.4134000361732
0.0 1505.0 188.0 619.0 3269.916920688484
0.0 1795.0 20.0 102.0 487.3748181705799
0.0 1831.0 6.0 50.0 149.4786625420473
0.0 1243.0 315.0 1451.0 5879.589666660399
0.0 1773.0 34.0 125.0 684.8244724136516
0.0 1597.0 132.0 430.0 2353.208601952412
0.0 1631.0 75.0 673.0 2098.7304180194874
0.0 1809.0 15.0 77.0 360.0800848548585
0.0 1525.0 176.0 573.0 3054.1292577612153
0.0 1843.0 3.0 26.0 63.58086699041833
0.0 1809.0 15.0 77.0 360.0800848548585
0.0 1843.0 3.0 26.0 63.58086699041833
0.0 1843.0 3.0 26.0 63.58086699041833
0.0 1691.0 72.0 282.0 1494.3462842211006
0.0 1631.0 75.0 673.0 2098.7304180194874
0.0 1715.0 64.0 220.0 1247.5923046644598
0.0 1751.0 39.0 195.0 907.2801697772763
0.0 1773.0 34.0 125.0 684.8244724136516
0.0 1525.0 176.0 573.0 3054.1292577612153
0.0 1763.0 42.0 131.0 779.0394180559169
0.0 1345.0 267.0 1074.0 4829.843123356165
0.0 1345.0 267.0 1074.0 4829.843123356165
0.0 1843.0 3.0 26.0 63.58086699041833
0.0 1843.0 3.0 26.0 63.58086699041833
0.0 1843.0 3.0 26.0 63.58086699041833
0.0 1843.0 3.0 26.0 63.58086699041833
0.0 1843.0 3.0 26.0 63.58086699041833
0.0 1843.0 3.0 26.0 63.58086699041833
0.0 1843.0 3.0 26.0 63.58086699041833
0.0 1843.0 3.0 26.0 63.58086699041833
0.0 1663.0 63.0 557.0 1786.3420449870196
0.0 1719.0 61.0 217.0 1211.5617504323395
0.0 1675.0 59.0 506.0 1660.7056167809958
0.0 1261.0 307.0 1378.0 5698.702596086637
0.0 1363.0 243.0 1118.0 4666.850226926516
0.0 1505.0 188.0 619.0 3269.916920688484
0.0 1455.0 183.0 960.0 3750.3704055029543
0.0 1469.0 169.0 1007.0 3616.659698577901
0.0 1287.0 290.0 1310.0 5415.742561003831
0.0 1363.0 243.0 1118.0 4666.850226926516
0.0 1287.0 290.0 1310.0 5415.742561003831
0.0 1841.0 4.0 27.0 79.82960183536558
0.0 1249.0 312.0 1428.0 5815.017572719439
0.0 1655.0 100.0 324.0 1801.509161537106
0.0 1725.0 60.0 203.0 1140.4179774490542
0.0 1469.0 169.0 1007.0 3616.659698577901
0.0 1631.0 75.0 673.0 2098.7304180194874
0.0 1815.0 12.0 70.0 298.04376003493667
0.0 1597.0 132.0 430.0 2353.208601952412
0.0 1597.0 132.0 430.0 2353.208601952412
0.0 1271.0 303.0 1336.0 5593.941370307577
0.0 1479.0 198.0 699.0 3511.8442650024845
0.0 1479.0 198.0 699.0 3511.8442650024845
0.0 1843.0 3.0 26.0 63.58086699041833
0.0 1843.0 3.0 26.0 63.58086699041833
0.0 1843.0 3.0 26.0 63.58086699041833
0.0 1725.0 60.0 203.0 1140.4179774490542
0.0 1605.0 126.0 419.0 2275.3338866369513
0.0 1305.0 287.0 1211.0 5243.607686657732
0.0 1617.0 120.0 389.0 2169.2578245963314
0.0 1843.0 3.0 26.0 63.58086699041833
0.0 1843.0 3.0 26.0 63.58086699041833
0.0 1671.0 88.0 295.0 1674.3621323853422
0.0 1625.0 114.0 378.0 2091.3831092808714
0.0 1625.0 114.0 378.0 2091.3831092808714
0.0 1625.0 114.0 378.0 2091.3831092808714
