0.0 1743.0 43.0 227.0 981.1824269009214
0.0 1657.0 111.0 254.0 1836.4869571605486
0.0 1405.0 244.0 849.0 4305.869697885503
0.0 1403.0 208.0 1141.0 4285.874627872825
0.0 1729.0 44.0 298.0 1122.7102574542826
0.0 1513.0 194.0 532.0 3258.304635057383
0.0 1547.0 127.0 779.0 2855.876805709705
0.0 1513.0 194.0 532.0 3258.304635057383
0.0 1667.0 104.0 249.0 1711.228913331809
0.0 1423.0 197.0 1078.0 4094.18008012244
0.0 1685.0 94.0 215.0 1542.6069709899443
0.0 1605.0 98.0 627.0 2286.16439221381
0.0 1285.0 302.0 1252.0 5502.2833383252955
0.0 1817.0 14.0 60.0 281.0789372144504
0.0 1703.0 91.0 165.0 1392.114407925004
0.0 1531.0 138.0 788.0 2999.5710166142226
0.0 1605.0 98.0 627.0 2286.16439221381
0.0 1285.0 302.0 1252.0 5502.2833383252955
0.0 1685.0 94.0 215.0 1542.6069709899443
0.0 1631.0 133.0 276.0 2085.38100257821
0.0 1605.0 98.0 627.0 2286.16439221381
0.0 1511.0 145.0 864.0 3189.1002416578613
0.0 1423.0 197.0 1078.0 4094.18008012244
0.0 1575.0 114.0 699.0 2578.915837353075
0.0 1385.0 221.0 1148.0 4448.490365283571
0.0 1703.0 91.0 165.0 1392.114407925004
0.0 1785.0 35.0 74.0 571.5789962382388
0.0 1685.0 94.0 215.0 1542.6069709899443
0.0 1481.0 211.0 619.0 3588.38854783955
0.0 1385.0 221.0 1148.0 4448.490365283571
0.0 1723.0 75.0 145.0 1194.6538897607875
0.0 1715.0 66.0 221.0 1195.729854220355
0.0 1493.0 201.0 609.0 3448.31408724253
0.0 1729.0 44.0 298.0 1122.7102574542826
0.0 1703.0 91.0 165.0 1392.114407925004
0.0 1605.0 98.0 627.0 2286.16439221381
0.0 1305.0 275.0 1283.0 5253.993331296196
0.0 1757.0 52.0 107.0 828.0349460495844
0.0 1423.0 197.0 1078.0 4094.18008012244
0.0 1807.0 20.0 63.0 368.9056901476524
0.0 1567.0 117.0 721.0 2646.784476248061
0.0 1475.0 214.0 629.0 3639.873753073436
0.0 1807.0 20.0 63.0 368.9056901476524
0.0 1641.0 123.0 279.0 1977.9375084742328
0.0 1513.0 194.0 532.0 3258.304635057383
0.0 1567.0 117.0 721.0 2646.784476248061
0.0 1693.0 95.0 185.0 1489.5338091517247
0.0 1529.0 138.0 800.0 3025.364105345835
0.0 1631.0 133.0 276.0 2085.38100257821
0.0 1493.0 155.0 912.0 3364.4528771575024
0.0 1591.0 155.0 358.0 2483.6211170578385
0.0 1657.0 111.0 254.0 1836.4869571605486
0.0 1657.0 111.0 254.0 1836.4869571605486
0.0 1493.0 155.0 912.0 3364.4528771575024
0.0 1567.0 162.0 438.0 2729.542844008175
0.0 1771.0 31.0 161.0 722.5640263903819
0.0 1565.0 117.0 726.0 2700.365478324502
0.0 1567.0 162.0 438.0 2729.542844008175
0.0 1837.0 6.0 26.0 115.98670423879791
0.0 1515.0 144.0 843.0 3145.7626006633855
0.0 1519.0 191.0 522.0 3206.819429823497
0.0 1515.0 144.0 843.0 3145.7626006633855
0.0 1605.0 98.0 627.0 2286.16439221381
0.0 1605.0 98.0 627.0 2286.16439221381
0.0 1821.0 14.0 44.0 254.24388531358002
0.0 1661.0 110.0 244.0 1802.6071495600145
0.0 1511.0 145.0 864.0 3189.1002416578613
0.0 1655.0 80.0 461.0 1814.373636336938
0.0 1669.0 79.0 382.0 1653.553193136021
0.0 1709.0 81.0 174.0 1311.7215175306646
0.0 1567.0 117.0 721.0 2646.784476248061
0.0 1673.0 65.0 495.0 1655.5428544229374
0.0 1583.0 112.0 662.0 2501.5946515473615
0.0 1567.0 162.0 438.0 2729.542844008175
0.0 1567.0 162.0 438.0 2729.542844008175
0.0 1729.0 44.0 298.0 1122.7102574542826
0.0 1567.0 117.0 721.0 2646.784476248061
0.0 1631.0 133.0 276.0 2085.38100257821
0.0 1559.0 127.0 691.0 2718.143705030131
0.0 1789.0 26.0 108.0 532.1850229648708
0.0 1785.0 35.0 74.0 571.5789962382388
0.0 1783.0 37.0 74.0 585.5272085076651
0.0 1477.0 165.0 935.0 3548.3948599926402
0.0 1729.0 44.0 298.0 1122.7102574542826
0.0 1631.0 133.0 276.0 2085.38100257821
0.0 1249.0 314.0 1411.0 5818.09339545179
0.0 1767.0 44.0 103.0 727.68900058785
0.0 1583.0 112.0 662.0 2501.5946515473615
0.0 1723.0 47.0 326.0 1174.5766051841176
0.0 1637.0 87.0 523.0 1974.2538082891308
0.0 1475.0 214.0 629.0 3639.873753073436
0.0 1781.0 39.0 74.0 602.4321554430221
0.0 1791.0 25.0 104.0 514.4739279565438
0.0 1583.0 112.0 662.0 2501.5946515473615
0.0 1715.0 66.0 221.0 1195.729854220355
0.0 1667.0 104.0 249.0 1711.228913331809
0.0 1715.0 66.0 221.0 1195.729854220355
0.0 1475.0 214.0 629.0 3639.873753073436
0.0 1477.0 165.0 935.0 3548.3948599926402
0.0 1683.0 61.0 452.0 1548.159808011456
0.0 1325.0 284.0 1107.0 5080.209331394079
0.0 1781.0 39.0 74.0 602.4321554430221
0.0 1475.0 214.0 629.0 3639.873753073436
0.0 1475.0 214.0 629.0 3639.873753073436
0.0 1657.0 111.0 254.0 1836.4869571605486
0.0 1695.0 57.0 421.0 1456.897424925407
0.0 1731.0 71.0 133.0 1112.2653182694335
0.0 1683.0 61.0 452.0 1548.159808011456
0.0 1767.0 49.0 82.0 750.7688969959544
0.0 1843.0 3.0 26.0 63.58086699041833
0.0 1637.0 87.0 523.0 1974.2538082891308
0.0 1843.0 3.0 26.0 63.58086699041833
0.0 1237.0 318.0 1480.0 5939.119161142561
0.0 1799.0 22.0 75.0 451.31495687836616
0.0 1391.0 251.0 889.0 4423.10518112332
0.0 1609.0 144.0 319.0 2312.659226003618
0.0 1609.0 144.0 319.0 2312.659226003618
0.0 1547.0 127.0 779.0 2855.876805709705
0.0 1679.0 72.0 367.0 1586.5586431701881
0.0 1547.0 127.0 779.0 2855.876805709705
0.0 1609.0 144.0 319.0 2312.659226003618
0.0 1237.0 318.0 1480.0 5939.119161142561
0.0 1711.0 52.0 339.0 1307.1224764854617
0.0 1325.0 284.0 1107.0 5080.209331394079
0.0 1237.0 318.0 1480.0 5939.119161142561
0.0 1415.0 239.0 818.0 4213.927651272705
0.0 1237.0 318.0 1480.0 5939.119161142561
0.0 1237.0 318.0 1480.0 5939.119161142561
0.0 1621.0 100.0 498.0 2164.2053288026063
0.0 1641.0 123.0 279.0 1977.9375084742328
0.0 1629.0 90.0 546.0 2053.306796792884
0.0 1609.0 144.0 319.0 2312.659226003618
0.0 1609.0 144.0 319.0 2312.659226003618
0.0 1609.0 144.0 319.0 2312.659226003618
0.0 1627.0 135.0 284.0 2124.4662125238633
0.0 1627.0 135.0 284.0 2124.4662125238633
0.0 1325.0 284.0 1107.0 5080.209331394079
0.0 1723.0 75.0 145.0 1194.6538897607875
0.0 1285.0 302.0 1252.0 5502.2833383252955
0.0 1449.0 227.0 700.0 3874.939293015368
0.0 1325.0 284.0 1107.0 5080.209331394079
0.0 1477.0 165.0 935.0 3548.3948599926402
0.0 1745.0 42.0 220.0 965.9617108258507
0.0 1745.0 42.0 220.0 965.9617108258507
0.0 1745.0 42.0 220.0 965.9617108258507
0.0 1295.0 281.0 1310.0 5354.931263785745
0.0 1415.0 239.0 818.0 4213.927651272705
0.0 1711.0 52.0 339.0 1307.1224764854617
0.0 1661.0 110.0 244.0 1802.6071495600145
0.0 1481.0 211.0 619.0 3588.38854783955
0.0 1715.0 66.0 221.0 1195.729854220355
0.0 1295.0 281.0 1310.0 5354.931263785745
0.0 1843.0 3.0 26.0 63.58086699041833
0.0 1693.0 95.0 185.0 1489.5338091517247
0.0 1843.0 3.0 26.0 63.58086699041833
0.0 1669.0 79.0 382.0 1653.553193136021
0.0 1843.0 3.0 26.0 63.58086699041833
0.0 1449.0 227.0 700.0 3874.939293015368
0.0 1711.0 52.0 339.0 1307.1224764854617
0.0 1415.0 239.0 818.0 4213.927651272705
0.0 1513.0 194.0 532.0 3258.304635057383
0.0 1693.0 95.0 185.0 1489.5338091517247
0.0 1449.0 227.0 700.0 3874.939293015368
0.0 1709.0 81.0 174.0 1311.7215175306646
0.0 1761.0 42.0 141.0 775.9282789322527
0.0 1643.0 88.0 467.0 1925.3912387999846
0.0 1843.0 3.0 26.0 63.58086699041833
0.0 1843.0 3.0 26.0 63.58086699041833
0.0 1843.0 3.0 26.0 63.58086699041833
0.0 1405.0 244.0 849.0 4305.869697885503
0.0 1461.0 175.0 973.0 3706.7064440096037
0.0 1789.0 26.0 108.0 532.1850229648708
0.0 1843.0 3.0 26.0 63.58086699041833
0.0 1711.0 52.0 339.0 1307.1224764854617
0.0 1843.0 3.0 26.0 63.58086699041833
0.0 1843.0 3.0 26.0 63.58086699041833
0.0 1669.0 79.0 382.0 1653.553193136021
0.0 1531.0 138.0 788.0 2999.5710166142226
0.0 1843.0 3.0 26.0 63.58086699041833
0.0 1349.0 243.0 1219.0 4813.733184398972
0.0 1771.0 31.0 161.0 722.5640263903819
0.0 1801.0 21.0 73.0 427.1275668046283
0.0 1771.0 31.0 161.0 722.5640263903819
0.0 1761.0 42.0 141.0 775.9282789322527
0.0 1527.0 186.0 511.0 3130.6985374026613
0.0 1493.0 201.0 609.0 3448.31408724253
0.0 1527.0 186.0 511.0 3130.6985374026613
0.0 1621.0 100.0 498.0 2164.2053288026063
0.0 1843.0 3.0 26.0 63.58086699041833
0.0 1437.0 231.0 744.0 3976.1496433176644
0.0 1843.0 3.0 26.0 63.58086699041833
0.0 1371.0 261.0 949.0 4624.250905354574
0.0 1553.0 174.0 455.0 2844.7284360878216
0.0 1553.0 174.0 455.0 2844.7284360878216
0.0 1371.0 261.0 949.0 4624.250905354574
0.0 1349.0 243.0 1219.0 4813.733184398972
0.0 1391.0 251.0 889.0 4423.10518112332
0.0 1817.0 14.0 60.0 281.0789372144504
0.0 1771.0 31.0 161.0 722.5640263903819
0.0 1391.0 251.0 889.0 4423.10518112332
0.0 1437.0 231.0 744.0 3976.1496433176644
0.0 1843.0 3.0 26.0 63.58086699041833
0.0 1349.0 243.0 1219.0 4813.733184398972
0.0 1801.0 21.0 73.0 427.1275668046283
0.0 1437.0 231.0 744.0 3976.1496433176644
0.0 1843.0 3.0 26.0 63.58086699041833
0.0 1843.0 3.0 26.0 63.58086699041833
0.0 1801.0 21.0 73.0 427.1275668046283
0.0 1771.0 31.0 161.0 722.5640263903819
0.0 1527.0 186.0 511.0 3130.6985374026613
0.0 1801.0 21.0 73.0 427.1275668046283
0.0 1843.0 3.0 26.0 63.58086699041833
0.0 1527.0 186.0 511.0 3130.6985374026613
0.0 1343.0 274.0 1051.0 4900.239041142355
0.0 1667.0 104.0 249.0 1711.228913331809
0.0 1655.0 80.0 461.0 1814.373636336938
0.0 1447.0 183.0 1006.0 3846.2640322477546
0.0 1371.0 261.0 949.0 4624.250905354574
0.0 1783.0 37.0 74.0 585.5272085076651
0.0 1753.0 55.0 106.0 877.8547889287189
0.0 1683.0 61.0 452.0 1548.159808011456
0.0 1449.0 227.0 700.0 3874.939293015368
0.0 1731.0 71.0 133.0 1112.2653182694335
0.0 1683.0 61.0 452.0 1548.159808011456
0.0 1643.0 88.0 467.0 1925.3912387999846
0.0 1449.0 227.0 700.0 3874.939293015368
0.0 1683.0 61.0 452.0 1548.159808011456
0.0 1461.0 175.0 973.0 3706.7064440096037
0.0 1753.0 55.0 106.0 877.8547889287189
0.0 1593.0 153.0 358.0 2470.877534814264
0.0 1513.0 194.0 532.0 3258.304635057383
0.0 1753.0 55.0 106.0 877.8547889287189
0.0 1617.0 93.0 607.0 2158.131403210146
0.0 1593.0 153.0 358.0 2470.877534814264
0.0 1753.0 55.0 106.0 877.8547889287189
0.0 1371.0 261.0 949.0 4624.250905354574
0.0 1753.0 55.0 106.0 877.8547889287189
0.0 1513.0 194.0 532.0 3258.304635057383
0.0 1617.0 93.0 607.0 2158.131403210146
0.0 1593.0 153.0 358.0 2470.877534814264
0.0 1371.0 261.0 949.0 4624.250905354574
0.0 1305.0 275.0 1283.0 5253.993331296196
0.0 1593.0 153.0 358.0 2470.877534814264
0.0 1593.0 153.0 358.0 2470.877534814264
0.0 1627.0 135.0 284.0 2124.4662125238633
0.0 1553.0 174.0 455.0 2844.7284360878216
0.0 1679.0 72.0 367.0 1586.5586431701881
0.0 1731.0 71.0 133.0 1112.2653182694335
0.0 1827.0 10.0 41.0 188.99831152822335
0.0 1679.0 72.0 367.0 1586.5586431701881
0.0 1529.0 138.0 800.0 3025.364105345835
0.0 1827.0 10.0 41.0 188.99831152822335
0.0 1827.0 10.0 41.0 188.99831152822335
0.0 1629.0 90.0 546.0 2053.306796792884
0.0 1629.0 90.0 546.0 2053.306796792884
0.0 1305.0 293.0 1189.0 5284.015866779045
0.0 1553.0 174.0 455.0 2844.7284360878216
0.0 1553.0 174.0 455.0 2844.7284360878216
0.0 1253.0 313.0 1386.0 5790.749906040842
0.0 1253.0 313.0 1386.0 5790.749906040842
0.0 1553.0 174.0 455.0 2844.7284360878216
0.0 1753.0 55.0 106.0 877.8547889287189
0.0 1837.0 6.0 26.0 115.98670423879791
0.0 1837.0 6.0 26.0 115.98670423879791
0.0 1237.0 318.0 1480.0 5939.119161142561
0.0 1237.0 318.0 1480.0 5939.119161142561
0.0 1791.0 28.0 80.0 529.8591187427303
0.0 1403.0 208.0 1141.0 4285.874627872825
0.0 1447.0 183.0 1006.0 3846.2640322477546
0.0 1447.0 183.0 1006.0 3846.2640322477546
0.0 1493.0 155.0 912.0 3364.4528771575024
0.0 1511.0 145.0 864.0 3189.1002416578613
0.0 1837.0 6.0 26.0 115.98670423879791
0.0 1837.0 6.0 26.0 115.98670423879791
0.0 1659.0 113.0 244.0 1813.471875829177
0.0 1737.0 61.0 156.0 1009.6293762647631
0.0 1641.0 123.0 279.0 1977.9375084742328
0.0 1709.0 81.0 174.0 1311.7215175306646
0.0 1673.0 65.0 495.0 1655.5428544229374
0.0 1269.0 301.0 1357.0 5618.293807805266
0.0 1559.0 127.0 691.0 2718.143705030131
0.0 1343.0 274.0 1051.0 4900.239041142355
0.0 1263.0 306.0 1363.0 5687.178559546381
0.0 1343.0 274.0 1051.0 4900.239041142355
0.0 1263.0 306.0 1363.0 5687.178559546381
0.0 1827.0 10.0 41.0 188.99831152822335
0.0 1805.0 21.0 63.0 390.1642732038305
0.0 1493.0 155.0 912.0 3364.4528771575024
0.0 1821.0 14.0 44.0 254.24388531358002
0.0 1827.0 10.0 41.0 188.99831152822335
0.0 1827.0 10.0 41.0 188.99831152822335
0.0 1799.0 22.0 75.0 451.31495687836616
0.0 1817.0 14.0 60.0 281.0789372144504
0.0 1737.0 61.0 156.0 1009.6293762647631
0.0 1745.0 42.0 220.0 965.9617108258507
0.0 1799.0 22.0 75.0 451.31495687836616
0.0 1767.0 49.0 82.0 750.7688969959544
0.0 1709.0 81.0 174.0 1311.7215175306646
0.0 1243.0 316.0 1443.0 5881.80320781462
0.0 1767.0 49.0 82.0 750.7688969959544
