0.0 1817.0 14.0 50.0 273.68271273729687
0.0 1237.0 318.0 1480.0 5939.119161142561
0.0 1843.0 3.0 26.0 63.58086699041833
0.0 1843.0 3.0 26.0 63.58086699041833
0.0 1843.0 3.0 26.0 63.58086699041833
0.0 1783.0 31.0 94.0 591.8147302669897
0.0 1843.0 3.0 26.0 63.58086699041833
0.0 1719.0 69.0 170.0 1165.8851955895457
0.0 1763.0 41.0 121.0 765.5880286850697
0.0 1843.0 3.0 26.0 63.58086699041833
0.0 1675.0 90.0 259.0 1594.5651738996255
0.0 1843.0 3.0 26.0 63.58086699041833
0.0 1843.0 3.0 26.0 63.58086699041833
0.0 1553.0 160.0 519.0 2747.7438208387125
0.0 1843.0 3.0 26.0 63.58086699041833
0.0 1237.0 318.0 1480.0 5939.119161142561
0.0 1303.0 282.0 1249.0 5262.521502329274
0.0 1237.0 318.0 1480.0 5939.119161142561
0.0 1675.0 90.0 259.0 1594.5651738996255
0.0 1843.0 3.0 26.0 63.58086699041833
0.0 1843.0 3.0 26.0 63.58086699041833
0.0 1353.0 246.0 1166.0 4750.684973874311
0.0 1237.0 318.0 1480.0 5939.119161142561
0.0 1417.0 226.0 890.0 4098.486773409127
0.0 1707.0 74.0 201.0 1271.1065696623232
0.0 1417.0 226.0 890.0 4098.486773409127
0.0 1763.0 41.0 121.0 765.5880286850697
0.0 1263.0 305.0 1372.0 5647.070543070365
0.0 1455.0 203.0 801.0 3717.230321639811
0.0 1237.0 318.0 1480.0 5939.119161142561
0.0 1541.0 151.0 607.0 2873.5426886117602
0.0 1763.0 41.0 121.0 765.5880286850697
0.0 1645.0 90.0 423.0 1910.1106319257226
0.0 1645.0 90.0 423.0 1910.1106319257226
0.0 1237.0 318.0 1480.0 5939.119161142561
0.0 1643.0 91.0 426.0 1929.9069142981964
0.0 1671.0 78.0 348.0 1646.8880051416127
0.0 1455.0 203.0 801.0 3717.230321639811
0.0 1455.0 203.0 801.0 3717.230321639811
0.0 1241.0 316.0 1461.0 5891.92322776245
0.0 1381.0 248.0 980.0 4466.511679314614
0.0 1819.0 12.0 50.0 259.24345284685506
0.0 1353.0 246.0 1166.0 4750.684973874311
0.0 1819.0 12.0 50.0 259.24345284685506
0.0 1381.0 248.0 980.0 4466.511679314614
0.0 1237.0 318.0 1480.0 5939.119161142561
0.0 1237.0 318.0 1480.0 5939.119161142561
0.0 1237.0 318.0 1480.0 5939.119161142561
0.0 1455.0 203.0 801.0 3717.230321639811
0.0 1309.0 286.0 1202.0 5190.410428714054
0.0 1243.0 316.0 1448.0 5867.391567007403
0.0 1553.0 160.0 519.0 2747.7438208387125
0.0 1763.0 41.0 121.0 765.5880286850697
0.0 1641.0 94.0 412.0 1943.3721301079038
0.0 1811.0 18.0 57.0 327.38614924867693
0.0 1435.0 218.0 838.0 3922.452161021291
0.0 1625.0 125.0 330.0 2067.364281577692
0.0 1801.0 21.0 77.0 421.87124218588167
0.0 1801.0 21.0 77.0 421.87124218588167
0.0 1465.0 186.0 842.0 3626.7721688096985
0.0 1801.0 21.0 77.0 421.87124218588167
0.0 1829.0 8.0 36.0 180.61744603842217
0.0 1753.0 44.0 150.0 852.5797340235652
0.0 1841.0 3.0 28.0 85.85658485161244
0.0 1763.0 41.0 121.0 765.5880286850697
0.0 1413.0 229.0 898.0 4134.572056215012
0.0 1821.0 12.0 43.0 245.30166928638536
0.0 1753.0 44.0 150.0 852.5797340235652
0.0 1603.0 117.0 476.0 2294.78836016945
0.0 1753.0 44.0 150.0 852.5797340235652
0.0 1697.0 67.0 302.0 1411.3923638347303
0.0 1745.0 51.0 148.0 927.4683692920146
0.0 1413.0 229.0 898.0 4134.572056215012
0.0 1465.0 186.0 842.0 3626.7721688096985
0.0 1473.0 194.0 750.0 3555.1967395966453
0.0 1841.0 3.0 28.0 85.85658485161244
0.0 1783.0 31.0 94.0 591.8147302669897
0.0 1739.0 53.0 160.0 984.3901912514825
0.0 1481.0 201.0 700.0 3461.4202677577546
0.0 1753.0 44.0 150.0 852.5797340235652
0.0 1661.0 95.0 303.0 1716.0962822094464
0.0 1671.0 78.0 348.0 1646.8880051416127
0.0 1719.0 69.0 170.0 1165.8851955895457
0.0 1503.0 171.0 709.0 3242.1210615784425
0.0 1473.0 194.0 750.0 3555.1967395966453
0.0 1689.0 83.0 227.0 1474.1653942556761
0.0 1743.0 51.0 156.0 943.8238004658976
0.0 1521.0 176.0 610.0 3069.915665717543
0.0 1521.0 176.0 610.0 3069.915665717543
0.0 1521.0 176.0 610.0 3069.915665717543
0.0 1393.0 226.0 1035.0 4355.8642511953
0.0 1763.0 41.0 121.0 765.5880286850697
0.0 1489.0 174.0 776.0 3385.5573652522066
0.0 1661.0 95.0 303.0 1716.0962822094464
0.0 1367.0 253.0 1033.0 4611.990252709244
0.0 1821.0 12.0 43.0 245.30166928638536
0.0 1811.0 18.0 57.0 327.38614924867693
0.0 1435.0 218.0 838.0 3922.452161021291
0.0 1393.0 226.0 1035.0 4355.8642511953
0.0 1573.0 131.0 550.0 2576.3629350761184
0.0 1261.0 306.0 1380.0 5663.153090348885
0.0 1503.0 171.0 709.0 3242.1210615784425
0.0 1301.0 289.0 1224.0 5281.656576048588
0.0 1781.0 31.0 101.0 605.7565138274593
0.0 1659.0 108.0 250.0 1758.729346857413
0.0 1659.0 84.0 393.0 1782.583154784759
0.0 1413.0 229.0 898.0 4134.572056215012
0.0 1781.0 31.0 101.0 605.7565138274593
0.0 1413.0 229.0 898.0 4134.572056215012
0.0 1719.0 69.0 170.0 1165.8851955895457
0.0 1781.0 31.0 101.0 605.7565138274593
0.0 1443.0 207.0 844.0 3843.8736419458037
0.0 1719.0 69.0 170.0 1165.8851955895457
0.0 1283.0 296.0 1296.0 5452.5095745010285
0.0 1697.0 72.0 250.0 1387.6998336406402
0.0 1615.0 133.0 336.0 2182.7820715250746
0.0 1781.0 31.0 101.0 605.7565138274593
0.0 1271.0 302.0 1337.0 5578.988239589277
0.0 1531.0 153.0 659.0 2958.6910433365056
0.0 1301.0 289.0 1224.0 5281.656576048588
0.0 1531.0 153.0 659.0 2958.6910433365056
0.0 1531.0 153.0 659.0 2958.6910433365056
0.0 1697.0 72.0 250.0 1387.6998336406402
0.0 1271.0 302.0 1337.0 5578.988239589277
0.0 1473.0 194.0 750.0 3555.1967395966453
0.0 1581.0 127.0 533.0 2505.507254047462
0.0 1715.0 63.0 212.0 1228.775023056483
0.0 1565.0 136.0 563.0 2647.829723939751
0.0 1503.0 171.0 709.0 3242.1210615784425
0.0 1707.0 74.0 201.0 1271.1065696623232
0.0 1707.0 74.0 201.0 1271.1065696623232
0.0 1797.0 26.0 74.0 451.5896229079243
0.0 1659.0 108.0 250.0 1758.729346857413
0.0 1629.0 105.0 405.0 2029.8304005020304
0.0 1659.0 108.0 250.0 1758.729346857413
0.0 1763.0 41.0 121.0 765.5880286850697
0.0 1739.0 53.0 160.0 984.3901912514825
0.0 1773.0 36.0 109.0 668.885399534911
0.0 1739.0 53.0 160.0 984.3901912514825
0.0 1325.0 273.0 1168.0 5043.673144347683
0.0 1589.0 121.0 537.0 2438.0853888437537
0.0 1629.0 105.0 405.0 2029.8304005020304
0.0 1827.0 9.0 37.0 195.24535079518492
0.0 1727.0 62.0 168.0 1094.110757093035
0.0 1603.0 117.0 476.0 2294.78836016945
0.0 1629.0 105.0 405.0 2029.8304005020304
0.0 1263.0 305.0 1372.0 5647.070543070365
0.0 1727.0 62.0 168.0 1094.110757093035
0.0 1541.0 151.0 607.0 2873.5426886117602
0.0 1745.0 51.0 148.0 927.4683692920146
0.0 1681.0 85.0 256.0 1540.2506295532683
0.0 1681.0 85.0 256.0 1540.2506295532683
0.0 1773.0 36.0 109.0 668.885399534911
0.0 1739.0 53.0 160.0 984.3901912514825
0.0 1755.0 45.0 134.0 854.285177204654
0.0 1789.0 28.0 88.0 541.7584117757892
0.0 1697.0 72.0 250.0 1387.6998336406402
0.0 1689.0 83.0 227.0 1474.1653942556761
0.0 1325.0 273.0 1168.0 5043.673144347683
0.0 1773.0 36.0 109.0 668.885399534911
0.0 1371.0 239.0 1094.0 4566.88156631332
0.0 1841.0 4.0 26.0 74.871456564341
0.0 1817.0 14.0 50.0 273.68271273729687
0.0 1503.0 171.0 709.0 3242.1210615784425
0.0 1789.0 28.0 88.0 541.7584117757892
0.0 1335.0 257.0 1213.0 4923.292340573756
0.0 1773.0 36.0 109.0 668.885399534911
0.0 1581.0 127.0 533.0 2505.507254047462
0.0 1367.0 253.0 1033.0 4611.990252709244
0.0 1525.0 160.0 644.0 3044.5086052791157
0.0 1335.0 269.0 1133.0 4926.676784123019
0.0 1789.0 28.0 88.0 541.7584117757892
0.0 1515.0 162.0 698.0 3136.1402180111495
0.0 1689.0 83.0 227.0 1474.1653942556761
0.0 1843.0 3.0 26.0 63.58086699041833
0.0 1819.0 12.0 50.0 259.24345284685506
0.0 1545.0 144.0 626.0 2839.430686553021
0.0 1649.0 110.0 287.0 1841.2838173319863
0.0 1843.0 3.0 26.0 63.58086699041833
0.0 1843.0 3.0 26.0 63.58086699041833
0.0 1625.0 125.0 330.0 2067.364281577692
0.0 1843.0 3.0 26.0 63.58086699041833
0.0 1843.0 3.0 26.0 63.58086699041833
0.0 1843.0 3.0 26.0 63.58086699041833
0.0 1689.0 83.0 227.0 1474.1653942556761
0.0 1843.0 3.0 26.0 63.58086699041833
0.0 1255.0 309.0 1403.0 5728.006420044446
0.0 1465.0 186.0 842.0 3626.7721688096985
0.0 1501.0 169.0 737.0 3258.287150871674
0.0 1553.0 160.0 519.0 2747.7438208387125
0.0 1493.0 188.0 681.0 3334.825577665273
0.0 1283.0 296.0 1296.0 5452.5095745010285
0.0 1649.0 110.0 287.0 1841.2838173319863
0.0 1563.0 154.0 495.0 2642.433251637191
0.0 1649.0 110.0 287.0 1841.2838173319863
0.0 1493.0 188.0 681.0 3334.825577665273
0.0 1707.0 74.0 201.0 1271.1065696623232
0.0 1615.0 133.0 336.0 2182.7820715250746
0.0 1715.0 63.0 212.0 1228.775023056483
0.0 1283.0 296.0 1296.0 5452.5095745010285
0.0 1347.0 265.0 1090.0 4816.922429372756
0.0 1619.0 108.0 441.0 2142.362367048183
0.0 1689.0 83.0 227.0 1474.1653942556761
0.0 1609.0 112.0 479.0 2232.0729522424967
0.0 1625.0 125.0 330.0 2067.364281577692
0.0 1835.0 5.0 33.0 135.9174951989656
0.0 1715.0 63.0 212.0 1228.775023056483
0.0 1697.0 72.0 250.0 1387.6998336406402
0.0 1603.0 117.0 476.0 2294.78836016945
0.0 1715.0 63.0 212.0 1228.775023056483
0.0 1565.0 136.0 563.0 2647.829723939751
0.0 1835.0 5.0 33.0 135.9174951989656
0.0 1835.0 5.0 33.0 135.9174951989656
0.0 1843.0 3.0 26.0 63.58086699041833
0.0 1843.0 3.0 26.0 63.58086699041833
0.0 1667.0 80.0 376.0 1721.4628916510449
0.0 1483.0 182.0 760.0 3439.622870347396
0.0 1335.0 269.0 1133.0 4926.676784123019
0.0 1335.0 269.0 1133.0 4926.676784123019
0.0 1719.0 69.0 170.0 1165.8851955895457
0.0 1739.0 53.0 160.0 984.3901912514825
0.0 1347.0 265.0 1090.0 4816.922429372756
0.0 1799.0 22.0 81.0 439.5441244651414
0.0 1669.0 100.0 244.0 1643.3115569100298
0.0 1669.0 100.0 244.0 1643.3115569100298
0.0 1669.0 100.0 244.0 1643.3115569100298
0.0 1595.0 143.0 389.0 2369.0648341838073
0.0 1731.0 57.0 177.0 1055.2458722801382
0.0 1731.0 57.0 177.0 1055.2458722801382
0.0 1799.0 22.0 81.0 439.5441244651414
0.0 1669.0 100.0 244.0 1643.3115569100298
0.0 1489.0 174.0 776.0 3385.5573652522066
0.0 1579.0 146.0 450.0 2499.3932245993688
0.0 1579.0 146.0 450.0 2499.3932245993688
0.0 1381.0 248.0 980.0 4466.511679314614
0.0 1421.0 212.0 951.0 4070.622759602617
0.0 1493.0 188.0 681.0 3334.825577665273
0.0 1731.0 57.0 177.0 1055.2458722801382
0.0 1493.0 188.0 681.0 3334.825577665273
0.0 1827.0 9.0 37.0 195.24535079518492
0.0 1563.0 154.0 495.0 2642.433251637191
0.0 1573.0 131.0 550.0 2576.3629350761184
0.0 1421.0 212.0 951.0 4070.622759602617
0.0 1443.0 207.0 844.0 3843.8736419458037
0.0 1615.0 133.0 336.0 2182.7820715250746
0.0 1563.0 154.0 495.0 2642.433251637191
0.0 1615.0 133.0 336.0 2182.7820715250746
0.0 1827.0 9.0 37.0 195.24535079518492
0.0 1829.0 8.0 36.0 180.61744603842217
0.0 1579.0 146.0 450.0 2499.3932245993688
0.0 1827.0 9.0 37.0 195.24535079518492
0.0 1615.0 133.0 336.0 2182.7820715250746
0.0 1811.0 16.0 65.0 331.5503265392913
0.0 1595.0 143.0 389.0 2369.0648341838073
0.0 1615.0 133.0 336.0 2182.7820715250746
0.0 1633.0 121.0 315.0 1998.1878060322554
0.0 1371.0 239.0 1094.0 4566.88156631332
0.0 1465.0 186.0 842.0 3626.7721688096985
0.0 1545.0 144.0 626.0 2839.430686553021
0.0 1595.0 143.0 389.0 2369.0648341838073
0.0 1545.0 144.0 626.0 2839.430686553021
0.0 1525.0 160.0 644.0 3044.5086052791157
0.0 1545.0 144.0 626.0 2839.430686553021
0.0 1363.0 254.0 1053.0 4649.15773789096
0.0 1641.0 94.0 412.0 1943.3721301079038
0.0 1645.0 90.0 423.0 1910.1106319257226
0.0 1423.0 212.0 940.0 4044.393412916118
0.0 1553.0 160.0 519.0 2747.7438208387125
0.0 1423.0 212.0 940.0 4044.393412916118
0.0 1841.0 4.0 26.0 74.871456564341
0.0 1659.0 108.0 250.0 1758.729346857413
0.0 1573.0 128.0 585.0 2563.7130017689183
0.0 1841.0 4.0 26.0 74.871456564341
0.0 1595.0 143.0 389.0 2369.0648341838073
0.0 1493.0 188.0 681.0 3334.825577665273
0.0 1637.0 115.0 321.0 1945.662681124532
0.0 1435.0 218.0 838.0 3922.452161021291
0.0 1643.0 91.0 426.0 1929.9069142981964
0.0 1595.0 143.0 389.0 2369.0648341838073
0.0 1501.0 169.0 737.0 3258.287150871674
0.0 1573.0 128.0 585.0 2563.7130017689183
0.0 1811.0 16.0 65.0 331.5503265392913
0.0 1609.0 112.0 479.0 2232.0729522424967
0.0 1677.0 78.0 340.0 1584.7564343093297
0.0 1381.0 248.0 980.0 4466.511679314614
0.0 1381.0 248.0 980.0 4466.511679314614
0.0 1309.0 286.0 1202.0 5190.410428714054
0.0 1303.0 282.0 1249.0 5262.521502329274
0.0 1625.0 125.0 330.0 2067.364281577692
0.0 1693.0 80.0 225.0 1435.0292554804905
0.0 1589.0 121.0 537.0 2438.0853888437537
0.0 1253.0 309.0 1416.0 5752.5380807994925
0.0 1727.0 62.0 168.0 1094.110757093035
0.0 1393.0 226.0 1035.0 4355.8642511953
0.0 1751.0 48.0 141.0 871.7497739809451
0.0 1801.0 21.0 77.0 421.87124218588167
0.0 1289.0 294.0 1273.0 5394.268149920058
0.0 1801.0 21.0 77.0 421.87124218588167
0.0 1389.0 238.0 996.0 4355.000284513636
0.0 1773.0 36.0 109.0 668.885399534911
