0.0 1643.0 117.0 292.0 1974.4020989910703
0.0 1521.0 133.0 947.0 3157.830233810389
0.0 1559.0 113.0 837.0 2767.4720373062996
0.0 1643.0 117.0 292.0 1974.4020989910703
0.0 1509.0 194.0 560.0 3283.7962206563134
0.0 1521.0 133.0 947.0 3157.830233810389
0.0 1817.0 15.0 50.0 279.0872094641694
0.0 1461.0 217.0 689.0 3776.733646644125
0.0 1597.0 144.0 379.0 2435.089661939908
0.0 1559.0 113.0 837.0 2767.4720373062996
0.0 1715.0 78.0 169.0 1282.591587406568
0.0 1843.0 3.0 26.0 63.58086699041833
0.0 1671.0 101.0 238.0 1697.2801791181107
0.0 1643.0 117.0 292.0 1974.4020989910703
0.0 1739.0 61.0 146.0 1018.6378552516093
0.0 1703.0 85.0 189.0 1399.451575287337
0.0 1483.0 211.0 611.0 3525.4766053867747
0.0 1707.0 46.0 415.0 1342.2818186435327
0.0 1597.0 144.0 379.0 2435.089661939908
0.0 1739.0 61.0 146.0 1018.6378552516093
0.0 1715.0 78.0 169.0 1282.591587406568
0.0 1643.0 117.0 292.0 1974.4020989910703
0.0 1539.0 178.0 495.0 2984.6684191235736
0.0 1649.0 64.0 621.0 1905.3701716140597
0.0 1649.0 64.0 621.0 1905.3701716140597
0.0 1643.0 117.0 292.0 1974.4020989910703
0.0 1661.0 108.0 253.0 1787.9462440584273
0.0 1671.0 101.0 238.0 1697.2801791181107
0.0 1669.0 56.0 558.0 1689.6159159973492
0.0 1739.0 61.0 146.0 1018.6378552516093
0.0 1435.0 234.0 762.0 3978.8735802864458
0.0 1709.0 60.0 293.0 1285.6060289105765
0.0 1769.0 42.0 107.0 731.0485787215888
0.0 1393.0 210.0 1191.0 4384.626294766951
0.0 1703.0 85.0 189.0 1399.451575287337
0.0 1729.0 63.0 167.0 1114.2758359424
0.0 1741.0 40.0 251.0 991.8896175598899
0.0 1649.0 64.0 621.0 1905.3701716140597
0.0 1269.0 303.0 1345.0 5589.880602450537
0.0 1715.0 78.0 169.0 1282.591587406568
0.0 1661.0 108.0 253.0 1787.9462440584273
0.0 1661.0 108.0 253.0 1787.9462440584273
0.0 1573.0 160.0 423.0 2665.69712007985
0.0 1483.0 211.0 611.0 3525.4766053867747
0.0 1567.0 163.0 438.0 2722.242290540784
0.0 1649.0 64.0 621.0 1905.3701716140597
0.0 1671.0 101.0 238.0 1697.2801791181107
0.0 1443.0 178.0 1125.0 3921.3057668539195
0.0 1387.0 252.0 917.0 4492.021573902655
0.0 1675.0 98.0 237.0 1656.419577471211
0.0 1609.0 84.0 750.0 2259.0681892585576
0.0 1559.0 113.0 837.0 2767.4720373062996
0.0 1751.0 54.0 132.0 890.783516724152
0.0 1447.0 225.0 723.0 3918.4968205829314
0.0 1387.0 252.0 917.0 4492.021573902655
0.0 1443.0 178.0 1125.0 3921.3057668539195
0.0 1739.0 59.0 156.0 1001.6884834643398
0.0 1449.0 175.0 1102.0 3861.9311330508444
0.0 1741.0 40.0 251.0 991.8896175598899
0.0 1483.0 211.0 611.0 3525.4766053867747
0.0 1327.0 281.0 1112.0 5040.473318674646
0.0 1781.0 33.0 103.0 609.5152648951205
0.0 1775.0 37.0 107.0 667.1396864998869
0.0 1805.0 21.0 66.0 399.6641167010197
0.0 1631.0 124.0 322.0 2072.405027740574
0.0 1791.0 29.0 81.0 530.0527197930871
0.0 1775.0 22.0 212.0 667.8433635480703
0.0 1775.0 22.0 212.0 667.8433635480703
0.0 1405.0 203.0 1166.0 4276.807985309359
0.0 1675.0 98.0 237.0 1656.419577471211
0.0 1509.0 194.0 560.0 3283.7962206563134
0.0 1327.0 281.0 1112.0 5040.473318674646
0.0 1303.0 291.0 1199.0 5262.130107585739
0.0 1269.0 303.0 1345.0 5589.880602450537
0.0 1405.0 203.0 1166.0 4276.807985309359
0.0 1755.0 28.0 266.0 858.8227648114581
0.0 1691.0 48.0 472.0 1502.7545881618232
0.0 1405.0 203.0 1166.0 4276.807985309359
0.0 1755.0 28.0 266.0 858.8227648114581
0.0 1675.0 98.0 237.0 1656.419577471211
0.0 1269.0 303.0 1345.0 5589.880602450537
0.0 1297.0 292.0 1231.0 5308.319416004794
0.0 1609.0 84.0 750.0 2259.0681892585576
0.0 1269.0 303.0 1345.0 5589.880602450537
0.0 1693.0 48.0 464.0 1481.7004256248122
0.0 1843.0 3.0 26.0 63.58086699041833
0.0 1691.0 48.0 472.0 1502.7545881618232
0.0 1843.0 3.0 26.0 63.58086699041833
0.0 1453.0 222.0 708.0 3861.9516501219982
0.0 1479.0 157.0 1043.0 3557.498367088633
0.0 1781.0 33.0 103.0 609.5152648951205
0.0 1367.0 262.0 976.0 4685.56144924498
0.0 1415.0 241.0 817.0 4191.253721762643
0.0 1415.0 241.0 817.0 4191.253721762643
0.0 1817.0 15.0 50.0 279.0872094641694
0.0 1415.0 241.0 817.0 4191.253721762643
0.0 1817.0 15.0 50.0 279.0872094641694
0.0 1599.0 91.0 730.0 2383.6101578248836
0.0 1669.0 56.0 558.0 1689.6159159973492
0.0 1577.0 101.0 826.0 2592.116677359614
0.0 1251.0 311.0 1419.0 5791.108588743273
0.0 1817.0 15.0 50.0 279.0872094641694
0.0 1415.0 241.0 817.0 4191.253721762643
0.0 1577.0 101.0 826.0 2592.116677359614
0.0 1573.0 160.0 423.0 2665.69712007985
0.0 1833.0 5.0 38.0 151.52175682351458
0.0 1775.0 22.0 212.0 667.8433635480703
0.0 1775.0 22.0 212.0 667.8433635480703
0.0 1541.0 124.0 863.0 2938.1650861292337
0.0 1775.0 22.0 212.0 667.8433635480703
0.0 1667.0 56.0 571.0 1714.1475767523955
0.0 1415.0 241.0 817.0 4191.253721762643
0.0 1415.0 241.0 817.0 4191.253721762643
0.0 1729.0 36.0 373.0 1091.2699159390406
0.0 1769.0 42.0 107.0 731.0485787215888
0.0 1483.0 206.0 625.0 3559.4430972945324
0.0 1729.0 36.0 373.0 1091.2699159390406
0.0 1613.0 136.0 347.0 2265.519616333435
0.0 1761.0 47.0 117.0 800.1174517838355
0.0 1843.0 3.0 26.0 63.58086699041833
0.0 1237.0 318.0 1480.0 5939.119161142561
0.0 1701.0 80.0 215.0 1384.6516231168591
0.0 1761.0 47.0 117.0 800.1174517838355
0.0 1237.0 318.0 1480.0 5939.119161142561
0.0 1237.0 318.0 1480.0 5939.119161142561
0.0 1237.0 318.0 1480.0 5939.119161142561
0.0 1809.0 12.0 97.0 378.5277691651799
0.0 1813.0 17.0 55.0 321.4995784886382
0.0 1797.0 24.0 81.0 470.79689174889177
0.0 1567.0 163.0 438.0 2722.242290540784
0.0 1367.0 262.0 976.0 4685.56144924498
0.0 1631.0 124.0 322.0 2072.405027740574
0.0 1667.0 56.0 571.0 1714.1475767523955
0.0 1709.0 60.0 293.0 1285.6060289105765
0.0 1769.0 42.0 107.0 731.0485787215888
0.0 1691.0 48.0 472.0 1502.7545881618232
0.0 1813.0 17.0 55.0 321.4995784886382
0.0 1237.0 318.0 1480.0 5939.119161142561
0.0 1541.0 124.0 863.0 2938.1650861292337
0.0 1629.0 127.0 318.0 2098.701323073975
0.0 1629.0 127.0 318.0 2098.701323073975
0.0 1629.0 127.0 318.0 2098.701323073975
0.0 1609.0 84.0 750.0 2259.0681892585576
0.0 1615.0 134.0 347.0 2242.8338760407637
0.0 1573.0 151.0 463.0 2625.1458993346987
0.0 1541.0 124.0 863.0 2938.1650861292337
0.0 1519.0 190.0 534.0 3173.415870804509
0.0 1615.0 134.0 347.0 2242.8338760407637
0.0 1483.0 206.0 625.0 3559.4430972945324
0.0 1529.0 180.0 526.0 3096.3550073186675
0.0 1541.0 124.0 863.0 2938.1650861292337
0.0 1597.0 144.0 379.0 2435.089661939908
0.0 1729.0 36.0 373.0 1091.2699159390406
0.0 1597.0 144.0 379.0 2435.089661939908
0.0 1609.0 139.0 351.0 2310.6842335931483
0.0 1519.0 190.0 534.0 3173.415870804509
0.0 1519.0 190.0 534.0 3173.415870804509
0.0 1603.0 141.0 368.0 2372.376748842542
0.0 1559.0 113.0 837.0 2767.4720373062996
0.0 1609.0 139.0 351.0 2310.6842335931483
0.0 1601.0 89.0 745.0 2343.9005725785473
0.0 1729.0 36.0 373.0 1091.2699159390406
0.0 1703.0 85.0 189.0 1399.451575287337
0.0 1443.0 227.0 734.0 3955.313791928768
0.0 1671.0 101.0 238.0 1697.2801791181107
0.0 1237.0 318.0 1480.0 5939.119161142561
0.0 1729.0 36.0 373.0 1091.2699159390406
0.0 1729.0 36.0 373.0 1091.2699159390406
0.0 1809.0 12.0 97.0 378.5277691651799
0.0 1547.0 172.0 484.0 2901.8269533292396
0.0 1593.0 146.0 391.0 2474.835470669248
0.0 1691.0 48.0 472.0 1502.7545881618232
0.0 1503.0 194.0 579.0 3363.8668538592287
0.0 1723.0 67.0 176.0 1161.6280456021984
0.0 1843.0 3.0 26.0 63.58086699041833
0.0 1691.0 48.0 472.0 1502.7545881618232
0.0 1593.0 146.0 391.0 2474.835470669248
0.0 1723.0 67.0 176.0 1161.6280456021984
0.0 1503.0 194.0 579.0 3363.8668538592287
0.0 1297.0 292.0 1231.0 5308.319416004794
0.0 1547.0 172.0 484.0 2901.8269533292396
0.0 1687.0 95.0 207.0 1559.2491979947201
0.0 1461.0 217.0 689.0 3776.733646644125
0.0 1843.0 3.0 26.0 63.58086699041833
0.0 1831.0 6.0 38.0 169.92525302638072
0.0 1687.0 95.0 207.0 1559.2491979947201
0.0 1687.0 95.0 207.0 1559.2491979947201
0.0 1355.0 266.0 1020.0 4782.9355609343465
0.0 1303.0 291.0 1199.0 5262.130107585739
0.0 1631.0 74.0 676.0 2077.821458416302
0.0 1287.0 295.0 1277.0 5414.802414252916
0.0 1593.0 92.0 784.0 2429.522201800637
0.0 1703.0 85.0 189.0 1399.451575287337
0.0 1287.0 295.0 1277.0 5414.802414252916
0.0 1691.0 48.0 472.0 1502.7545881618232
0.0 1655.0 116.0 257.0 1838.2016136021236
0.0 1303.0 291.0 1199.0 5262.130107585739
0.0 1843.0 3.0 26.0 63.58086699041833
0.0 1355.0 266.0 1020.0 4782.9355609343465
0.0 1483.0 155.0 1034.0 3512.4374597984556
0.0 1255.0 310.0 1400.0 5750.91945690517
0.0 1245.0 314.0 1442.0 5855.680682684233
0.0 1245.0 314.0 1442.0 5855.680682684233
0.0 1503.0 194.0 579.0 3363.8668538592287
0.0 1761.0 47.0 117.0 800.1174517838355
0.0 1435.0 234.0 762.0 3978.8735802864458
0.0 1507.0 140.0 985.0 3258.5564445961663
0.0 1507.0 140.0 985.0 3258.5564445961663
0.0 1573.0 160.0 423.0 2665.69712007985
0.0 1573.0 160.0 423.0 2665.69712007985
0.0 1387.0 252.0 917.0 4492.021573902655
0.0 1831.0 6.0 38.0 169.92525302638072
0.0 1341.0 274.0 1067.0 4914.636614001978
0.0 1327.0 281.0 1112.0 5040.473318674646
0.0 1615.0 134.0 347.0 2242.8338760407637
0.0 1341.0 274.0 1067.0 4914.636614001978
0.0 1755.0 28.0 266.0 858.8227648114581
0.0 1843.0 3.0 26.0 63.58086699041833
0.0 1751.0 55.0 128.0 894.3940717648821
0.0 1843.0 3.0 26.0 63.58086699041833
0.0 1387.0 252.0 917.0 4492.021573902655
0.0 1547.0 172.0 484.0 2901.8269533292396
0.0 1843.0 3.0 26.0 63.58086699041833
0.0 1831.0 6.0 38.0 169.92525302638072
0.0 1843.0 3.0 26.0 63.58086699041833
0.0 1649.0 64.0 621.0 1905.3701716140597
0.0 1843.0 3.0 26.0 63.58086699041833
0.0 1649.0 64.0 621.0 1905.3701716140597
0.0 1769.0 42.0 107.0 731.0485787215888
0.0 1355.0 266.0 1020.0 4782.9355609343465
0.0 1843.0 3.0 26.0 63.58086699041833
0.0 1443.0 227.0 734.0 3955.313791928768
0.0 1631.0 74.0 676.0 2077.821458416302
0.0 1631.0 74.0 676.0 2077.821458416302
0.0 1467.0 164.0 1068.0 3665.3166765462247
0.0 1599.0 91.0 730.0 2383.6101578248836
0.0 1631.0 74.0 676.0 2077.821458416302
0.0 1601.0 89.0 745.0 2343.9005725785473
0.0 1599.0 91.0 730.0 2383.6101578248836
0.0 1791.0 29.0 81.0 530.0527197930871
0.0 1687.0 95.0 207.0 1559.2491979947201
0.0 1599.0 91.0 730.0 2383.6101578248836
0.0 1841.0 3.0 28.0 79.48999805420569
0.0 1467.0 164.0 1068.0 3665.3166765462247
0.0 1841.0 3.0 28.0 79.48999805420569
0.0 1467.0 164.0 1068.0 3665.3166765462247
0.0 1841.0 3.0 28.0 79.48999805420569
0.0 1577.0 101.0 826.0 2592.116677359614
0.0 1797.0 24.0 81.0 470.79689174889177
0.0 1833.0 6.0 33.0 153.5221100681063
0.0 1507.0 140.0 985.0 3258.5564445961663
0.0 1507.0 140.0 985.0 3258.5564445961663
0.0 1841.0 3.0 28.0 79.48999805420569
0.0 1841.0 3.0 28.0 79.48999805420569
0.0 1797.0 24.0 81.0 470.79689174889177
0.0 1573.0 151.0 463.0 2625.1458993346987
0.0 1525.0 186.0 525.0 3119.169549463057
0.0 1497.0 197.0 601.0 3406.3715630861248
0.0 1573.0 151.0 463.0 2625.1458993346987
0.0 1755.0 28.0 266.0 858.8227648114581
0.0 1805.0 21.0 66.0 399.6641167010197
0.0 1755.0 28.0 266.0 858.8227648114581
0.0 1755.0 28.0 266.0 858.8227648114581
0.0 1793.0 29.0 74.0 516.1109362326176
0.0 1539.0 178.0 495.0 2984.6684191235736
0.0 1661.0 108.0 253.0 1787.9462440584273
0.0 1661.0 108.0 253.0 1787.9462440584273
0.0 1707.0 46.0 415.0 1342.2818186435327
0.0 1669.0 56.0 558.0 1689.6159159973492
0.0 1531.0 131.0 879.0 3022.9468542106033
0.0 1793.0 29.0 74.0 516.1109362326176
0.0 1669.0 56.0 558.0 1689.6159159973492
0.0 1393.0 210.0 1191.0 4384.626294766951
0.0 1237.0 318.0 1480.0 5939.119161142561
0.0 1479.0 157.0 1043.0 3557.498367088633
0.0 1781.0 33.0 103.0 609.5152648951205
0.0 1535.0 177.0 511.0 3039.8098368577353
0.0 1393.0 210.0 1191.0 4384.626294766951
0.0 1751.0 55.0 128.0 894.3940717648821
0.0 1535.0 177.0 511.0 3039.8098368577353
0.0 1827.0 8.0 43.0 201.7606527239972
0.0 1827.0 8.0 43.0 201.7606527239972
0.0 1827.0 8.0 43.0 201.7606527239972
0.0 1827.0 8.0 43.0 201.7606527239972
0.0 1667.0 56.0 571.0 1714.1475767523955
0.0 1759.0 49.0 117.0 822.8031920765067
0.0 1469.0 215.0 656.0 3696.4582846487724
0.0 1551.0 169.0 480.0 2866.3520383714867
0.0 1379.0 257.0 941.0 4568.355114932314
0.0 1551.0 169.0 480.0 2866.3520383714867
0.0 1469.0 215.0 656.0 3696.4582846487724
0.0 1469.0 215.0 656.0 3696.4582846487724
0.0 1841.0 3.0 28.0 79.48999805420569
0.0 1723.0 67.0 176.0 1161.6280456021984
0.0 1809.0 12.0 97.0 378.5277691651799
0.0 1797.0 24.0 81.0 470.79689174889177
0.0 1723.0 67.0 176.0 1161.6280456021984
0.0 1723.0 67.0 176.0 1161.6280456021984
0.0 1693.0 48.0 464.0 1481.7004256248122
0.0 1723.0 67.0 176.0 1161.6280456021984
