0.0 1583.0 101.0 756.0 2569.6913341737177
0.0 1601.0 94.0 700.0 2391.4291949933026
0.0 1311.0 274.0 1252.0 5190.270578375605
0.0 1673.0 108.0 219.0 1642.8848991975858
0.0 1547.0 179.0 474.0 2896.081796755704
0.0 1601.0 94.0 700.0 2391.4291949933026
0.0 1675.0 98.0 253.0 1607.435531689844
0.0 1719.0 39.0 409.0 1233.4741835850211
0.0 1455.0 226.0 719.0 3797.5674112187335
0.0 1703.0 88.0 178.0 1354.3351721098488
0.0 1505.0 201.0 581.0 3291.702874042122
0.0 1609.0 137.0 360.0 2268.394211080613
0.0 1437.0 228.0 787.0 3979.5763993642477
0.0 1237.0 318.0 1480.0 5939.119161142561
0.0 1609.0 137.0 360.0 2268.394211080613
0.0 1703.0 88.0 178.0 1354.3351721098488
0.0 1279.0 294.0 1345.0 5481.9723203884505
0.0 1455.0 226.0 719.0 3797.5674112187335
0.0 1311.0 274.0 1252.0 5190.270578375605
0.0 1691.0 91.0 212.0 1461.0991973232235
0.0 1303.0 281.0 1269.0 5254.526907342548
0.0 1751.0 29.0 290.0 911.7633693203887
0.0 1581.0 157.0 400.0 2556.889016140046
0.0 1843.0 3.0 26.0 63.58086699041833
0.0 1437.0 228.0 787.0 3979.5763993642477
0.0 1279.0 294.0 1345.0 5481.9723203884505
0.0 1655.0 110.0 280.0 1823.8413351190127
0.0 1673.0 57.0 533.0 1682.892352258604
0.0 1839.0 4.0 32.0 91.5462615114769
0.0 1643.0 129.0 262.0 1921.829461671769
0.0 1843.0 3.0 26.0 63.58086699041833
0.0 1843.0 3.0 26.0 63.58086699041833
0.0 1439.0 183.0 1109.0 3944.39870195048
0.0 1843.0 3.0 26.0 63.58086699041833
0.0 1329.0 268.0 1178.0 5033.991870959172
0.0 1525.0 132.0 920.0 3129.1046805124784
0.0 1385.0 249.0 962.0 4466.5758463194925
0.0 1769.0 50.0 91.0 709.7454112561359
0.0 1759.0 44.0 155.0 800.1399137676658
0.0 1741.0 33.0 323.0 1012.4264831504896
0.0 1317.0 292.0 1152.0 5146.817376360703
0.0 1317.0 292.0 1152.0 5146.817376360703
0.0 1807.0 14.0 111.0 359.8517970764793
0.0 1643.0 129.0 262.0 1921.829461671769
0.0 1659.0 63.0 579.0 1810.57904149226
0.0 1437.0 228.0 787.0 3979.5763993642477
0.0 1445.0 224.0 771.0 3876.838869827804
0.0 1645.0 74.0 581.0 1932.8777801362974
0.0 1621.0 86.0 621.0 2221.5904371095576
0.0 1591.0 98.0 731.0 2486.8738296771203
0.0 1555.0 115.0 834.0 2840.075468016164
0.0 1659.0 63.0 579.0 1810.57904149226
0.0 1593.0 143.0 416.0 2413.233144831545
0.0 1783.0 43.0 68.0 592.3432161861169
0.0 1783.0 43.0 68.0 592.3432161861169
0.0 1783.0 43.0 68.0 592.3432161861169
0.0 1763.0 24.0 259.0 803.7050057236621
0.0 1645.0 74.0 581.0 1932.8777801362974
0.0 1629.0 126.0 317.0 2080.965463134491
0.0 1679.0 55.0 520.0 1614.1524172422658
0.0 1547.0 179.0 474.0 2896.081796755704
0.0 1583.0 101.0 756.0 2569.6913341737177
0.0 1787.0 15.0 192.0 573.7940460991041
0.0 1625.0 129.0 324.0 2116.444125796507
0.0 1599.0 141.0 392.0 2358.0792091382186
0.0 1787.0 15.0 192.0 573.7940460991041
0.0 1241.0 317.0 1457.0 5894.788215093501
0.0 1425.0 190.0 1151.0 4088.233942719636
0.0 1701.0 45.0 476.0 1407.5522585547249
0.0 1237.0 318.0 1480.0 5939.119161142561
0.0 1343.0 266.0 1117.0 4872.400524417959
0.0 1551.0 177.0 464.0 2852.530552809415
0.0 1475.0 209.0 677.0 3601.6001732962823
0.0 1659.0 63.0 579.0 1810.57904149226
0.0 1725.0 37.0 390.0 1182.168164371771
0.0 1781.0 45.0 68.0 614.5003287901288
0.0 1551.0 177.0 464.0 2852.530552809415
0.0 1237.0 318.0 1480.0 5939.119161142561
0.0 1689.0 100.0 193.0 1491.206191049877
0.0 1425.0 190.0 1151.0 4088.233942719636
0.0 1479.0 208.0 663.0 3566.775046499746
0.0 1769.0 50.0 91.0 709.7454112561359
0.0 1237.0 318.0 1480.0 5939.119161142561
0.0 1249.0 314.0 1422.0 5825.677740943944
0.0 1415.0 240.0 843.0 4192.132996891472
0.0 1725.0 37.0 390.0 1182.168164371771
0.0 1241.0 317.0 1457.0 5894.788215093501
0.0 1633.0 76.0 666.0 2077.33712312073
0.0 1459.0 172.0 1047.0 3755.7593082367243
0.0 1583.0 101.0 756.0 2569.6913341737177
0.0 1831.0 5.0 48.0 170.86480916203018
0.0 1769.0 50.0 91.0 709.7454112561359
0.0 1725.0 37.0 390.0 1182.168164371771
0.0 1245.0 314.0 1447.0 5854.21257912571
0.0 1769.0 50.0 91.0 709.7454112561359
0.0 1833.0 5.0 41.0 156.9230256015605
0.0 1831.0 5.0 48.0 170.86480916203018
0.0 1439.0 183.0 1109.0 3944.39870195048
0.0 1769.0 50.0 91.0 709.7454112561359
0.0 1689.0 100.0 193.0 1491.206191049877
0.0 1409.0 242.0 868.0 4256.455257249153
0.0 1719.0 39.0 409.0 1233.4741835850211
0.0 1769.0 50.0 91.0 709.7454112561359
0.0 1831.0 5.0 48.0 170.86480916203018
0.0 1805.0 25.0 59.0 402.82486085734826
0.0 1747.0 62.0 128.0 913.2962796271512
0.0 1527.0 188.0 524.0 3082.857008836346
0.0 1691.0 91.0 212.0 1461.0991973232235
0.0 1707.0 44.0 451.0 1334.8356920014496
0.0 1805.0 25.0 59.0 402.82486085734826
0.0 1701.0 45.0 476.0 1407.5522585547249
0.0 1501.0 155.0 874.0 3358.0764319980435
0.0 1527.0 188.0 524.0 3082.857008836346
0.0 1727.0 71.0 158.0 1109.3809245324337
0.0 1805.0 25.0 59.0 402.82486085734826
0.0 1701.0 45.0 476.0 1407.5522585547249
0.0 1527.0 188.0 524.0 3082.857008836346
0.0 1561.0 171.0 449.0 2756.8145833302156
0.0 1471.0 165.0 1020.0 3636.7832806964548
0.0 1489.0 209.0 622.0 3450.157390795328
0.0 1459.0 172.0 1047.0 3755.7593082367243
0.0 1843.0 3.0 26.0 63.58086699041833
0.0 1843.0 3.0 26.0 63.58086699041833
0.0 1421.0 239.0 822.0 4143.366086534468
0.0 1843.0 3.0 26.0 63.58086699041833
0.0 1735.0 71.0 132.0 1031.8342800042858
0.0 1843.0 3.0 26.0 63.58086699041833
0.0 1787.0 15.0 192.0 573.7940460991041
0.0 1751.0 29.0 290.0 911.7633693203887
0.0 1595.0 97.0 710.0 2456.8165299749394
0.0 1679.0 55.0 520.0 1614.1524172422658
0.0 1787.0 15.0 192.0 573.7940460991041
0.0 1571.0 107.0 791.0 2694.8211199524776
0.0 1381.0 252.0 972.0 4513.309551949128
0.0 1261.0 304.0 1399.0 5678.796877930631
0.0 1739.0 68.0 130.0 992.6981412290996
0.0 1261.0 304.0 1399.0 5678.796877930631
0.0 1261.0 304.0 1399.0 5678.796877930631
0.0 1465.0 223.0 681.0 3710.832049854139
0.0 1679.0 55.0 520.0 1614.1524172422658
0.0 1571.0 107.0 791.0 2694.8211199524776
0.0 1551.0 177.0 464.0 2852.530552809415
0.0 1843.0 3.0 26.0 63.58086699041833
0.0 1489.0 209.0 622.0 3450.157390795328
0.0 1711.0 84.0 168.0 1273.7894162712412
0.0 1699.0 49.0 446.0 1435.9393039247427
0.0 1837.0 4.0 37.0 110.45991766662853
0.0 1727.0 71.0 158.0 1109.3809245324337
0.0 1825.0 6.0 75.0 198.66750191018585
0.0 1279.0 294.0 1345.0 5481.9723203884505
0.0 1839.0 4.0 32.0 91.5462615114769
0.0 1763.0 24.0 259.0 803.7050057236621
0.0 1663.0 114.0 234.0 1738.6008686767855
0.0 1763.0 24.0 259.0 803.7050057236621
0.0 1501.0 155.0 874.0 3358.0764319980435
0.0 1525.0 132.0 920.0 3129.1046805124784
0.0 1275.0 297.0 1355.0 5522.547956356242
0.0 1763.0 24.0 259.0 803.7050057236621
0.0 1839.0 4.0 32.0 91.5462615114769
0.0 1747.0 62.0 128.0 913.2962796271512
0.0 1415.0 240.0 843.0 4192.132996891472
0.0 1629.0 126.0 317.0 2080.965463134491
0.0 1787.0 15.0 192.0 573.7940460991041
0.0 1505.0 193.0 603.0 3308.634277434955
0.0 1533.0 179.0 532.0 3034.539540954929
0.0 1599.0 141.0 392.0 2358.0792091382186
0.0 1303.0 281.0 1269.0 5254.526907342548
0.0 1599.0 141.0 392.0 2358.0792091382186
0.0 1673.0 108.0 219.0 1642.8848991975858
0.0 1675.0 98.0 253.0 1607.435531689844
0.0 1575.0 157.0 437.0 2603.7850687735336
0.0 1521.0 191.0 542.0 3137.7168800974177
0.0 1527.0 188.0 524.0 3082.857008836346
0.0 1415.0 240.0 843.0 4192.132996891472
0.0 1385.0 249.0 962.0 4466.5758463194925
0.0 1385.0 249.0 962.0 4466.5758463194925
0.0 1821.0 6.0 94.0 238.85628780368424
0.0 1415.0 240.0 843.0 4192.132996891472
0.0 1613.0 90.0 643.0 2293.533132205515
0.0 1527.0 188.0 524.0 3082.857008836346
0.0 1747.0 62.0 128.0 913.2962796271512
0.0 1369.0 260.0 1009.0 4624.780980050943
0.0 1311.0 274.0 1252.0 5190.270578375605
0.0 1471.0 165.0 1020.0 3636.7832806964548
0.0 1489.0 209.0 622.0 3450.157390795328
0.0 1799.0 18.0 112.0 454.7650036825556
0.0 1821.0 6.0 94.0 238.85628780368424
0.0 1703.0 88.0 178.0 1354.3351721098488
0.0 1471.0 165.0 1020.0 3636.7832806964548
0.0 1703.0 88.0 178.0 1354.3351721098488
0.0 1571.0 160.0 444.0 2639.2637314355497
0.0 1673.0 57.0 533.0 1682.892352258604
0.0 1471.0 165.0 1020.0 3636.7832806964548
0.0 1663.0 114.0 234.0 1738.6008686767855
0.0 1663.0 114.0 234.0 1738.6008686767855
0.0 1791.0 15.0 173.0 533.6052602056056
0.0 1655.0 110.0 280.0 1823.8413351190127
0.0 1663.0 114.0 234.0 1738.6008686767855
0.0 1673.0 108.0 219.0 1642.8848991975858
0.0 1585.0 101.0 743.0 2541.4220865099965
0.0 1643.0 129.0 262.0 1921.829461671769
0.0 1237.0 318.0 1480.0 5939.119161142561
0.0 1643.0 129.0 262.0 1921.829461671769
0.0 1715.0 79.0 175.0 1217.6977616901333
0.0 1237.0 318.0 1480.0 5939.119161142561
0.0 1503.0 201.0 589.0 3308.9358578633746
0.0 1385.0 249.0 962.0 4466.5758463194925
0.0 1555.0 115.0 834.0 2840.075468016164
0.0 1791.0 15.0 173.0 533.6052602056056
0.0 1587.0 162.0 377.0 2490.586328796897
0.0 1587.0 162.0 377.0 2490.586328796897
0.0 1555.0 115.0 834.0 2840.075468016164
0.0 1573.0 108.0 762.0 2666.105614696145
0.0 1555.0 115.0 834.0 2840.075468016164
0.0 1521.0 191.0 542.0 3137.7168800974177
0.0 1609.0 137.0 360.0 2268.394211080613
0.0 1715.0 79.0 175.0 1217.6977616901333
0.0 1575.0 157.0 437.0 2603.7850687735336
0.0 1843.0 3.0 26.0 63.58086699041833
0.0 1763.0 24.0 259.0 803.7050057236621
0.0 1357.0 269.0 1037.0 4758.695396446054
0.0 1673.0 57.0 533.0 1682.892352258604
0.0 1513.0 139.0 947.0 3248.080708052748
0.0 1475.0 209.0 677.0 3601.6001732962823
0.0 1609.0 137.0 360.0 2268.394211080613
0.0 1843.0 3.0 26.0 63.58086699041833
0.0 1513.0 139.0 947.0 3248.080708052748
0.0 1575.0 157.0 437.0 2603.7850687735336
0.0 1673.0 57.0 533.0 1682.892352258604
0.0 1825.0 13.0 37.0 226.83809475944096
0.0 1843.0 3.0 26.0 63.58086699041833
0.0 1781.0 45.0 68.0 614.5003287901288
0.0 1843.0 3.0 26.0 63.58086699041833
0.0 1513.0 139.0 947.0 3248.080708052748
0.0 1503.0 201.0 589.0 3308.9358578633746
0.0 1843.0 3.0 26.0 63.58086699041833
0.0 1525.0 132.0 920.0 3129.1046805124784
0.0 1843.0 3.0 26.0 63.58086699041833
0.0 1843.0 3.0 26.0 63.58086699041833
0.0 1843.0 3.0 26.0 63.58086699041833
0.0 1587.0 162.0 377.0 2490.586328796897
0.0 1621.0 86.0 621.0 2221.5904371095576
0.0 1741.0 33.0 323.0 1012.4264831504896
0.0 1545.0 122.0 842.0 2942.5448556774904
0.0 1629.0 126.0 317.0 2080.965463134491
0.0 1843.0 3.0 26.0 63.58086699041833
0.0 1843.0 3.0 26.0 63.58086699041833
0.0 1843.0 3.0 26.0 63.58086699041833
0.0 1843.0 3.0 26.0 63.58086699041833
0.0 1609.0 137.0 360.0 2268.394211080613
0.0 1629.0 126.0 317.0 2080.965463134491
0.0 1799.0 18.0 112.0 454.7650036825556
0.0 1571.0 160.0 444.0 2639.2637314355497
0.0 1545.0 122.0 842.0 2942.5448556774904
0.0 1479.0 208.0 663.0 3566.775046499746
0.0 1741.0 33.0 323.0 1012.4264831504896
0.0 1655.0 118.0 253.0 1805.923207470273
0.0 1793.0 36.0 63.0 500.45597125038273
0.0 1825.0 13.0 37.0 226.83809475944096
0.0 1329.0 268.0 1178.0 5033.991870959172
0.0 1727.0 71.0 158.0 1109.3809245324337
0.0 1711.0 84.0 168.0 1273.7894162712412
0.0 1711.0 84.0 168.0 1273.7894162712412
0.0 1401.0 206.0 1195.0 4324.079314046557
0.0 1343.0 266.0 1117.0 4872.400524417959
0.0 1343.0 266.0 1117.0 4872.400524417959
0.0 1645.0 74.0 581.0 1932.8777801362974
0.0 1621.0 86.0 621.0 2221.5904371095576
0.0 1633.0 76.0 666.0 2077.33712312073
0.0 1237.0 318.0 1480.0 5939.119161142561
0.0 1375.0 255.0 994.0 4563.475386005353
0.0 1659.0 63.0 579.0 1810.57904149226
0.0 1739.0 68.0 130.0 992.6981412290996
0.0 1303.0 281.0 1269.0 5254.526907342548
0.0 1739.0 68.0 130.0 992.6981412290996
0.0 1825.0 6.0 75.0 198.66750191018585
0.0 1357.0 269.0 1037.0 4758.695396446054
0.0 1691.0 91.0 212.0 1461.0991973232235
0.0 1237.0 318.0 1480.0 5939.119161142561
0.0 1793.0 36.0 63.0 500.45597125038273
0.0 1823.0 12.0 46.0 248.81027053729494
0.0 1399.0 207.0 1204.0 4347.116201367382
0.0 1635.0 123.0 309.0 2020.7281563173076
0.0 1691.0 91.0 212.0 1461.0991973232235
0.0 1751.0 29.0 290.0 911.7633693203887
0.0 1751.0 29.0 290.0 911.7633693203887
0.0 1821.0 6.0 94.0 238.85628780368424
0.0 1797.0 18.0 122.0 471.9172481998309
0.0 1735.0 71.0 132.0 1031.8342800042858
0.0 1551.0 177.0 464.0 2852.530552809415
0.0 1629.0 126.0 317.0 2080.965463134491
0.0 1719.0 39.0 409.0 1233.4741835850211
0.0 1425.0 190.0 1151.0 4088.233942719636
0.0 1809.0 22.0 57.0 368.3058043860137
0.0 1809.0 22.0 57.0 368.3058043860137
0.0 1735.0 71.0 132.0 1031.8342800042858
0.0 1719.0 39.0 409.0 1233.4741835850211
0.0 1735.0 71.0 132.0 1031.8342800042858
0.0 1465.0 223.0 681.0 3710.832049854139
0.0 1679.0 55.0 520.0 1614.1524172422658
