0.0 1769.0 26.0 206.0 788.5862111037004
0.0 1769.0 26.0 206.0 788.5862111037004
0.0 1519.0 148.0 827.0 3138.870006521693
0.0 1519.0 148.0 827.0 3138.870006521693
0.0 1713.0 51.0 331.0 1324.2679792810015
0.0 1249.0 314.0 1417.0 5806.776776888641
0.0 1519.0 148.0 827.0 3138.870006521693
0.0 1825.0 10.0 45.0 223.628482145437
0.0 1425.0 227.0 832.0 4062.6846113396914
0.0 1709.0 81.0 170.0 1277.1882392406567
0.0 1533.0 173.0 533.0 3012.979945598725
0.0 1713.0 51.0 331.0 1324.2679792810015
0.0 1769.0 26.0 206.0 788.5862111037004
0.0 1787.0 30.0 94.0 557.6060238909789
0.0 1825.0 10.0 45.0 223.628482145437
0.0 1519.0 148.0 827.0 3138.870006521693
0.0 1321.0 279.0 1167.0 5074.950544510232
0.0 1605.0 138.0 357.0 2294.024557287118
0.0 1495.0 189.0 648.0 3354.585318880102
0.0 1775.0 41.0 85.0 686.6217493360782
0.0 1415.0 234.0 853.0 4160.422694439297
0.0 1411.0 237.0 858.0 4211.295720113057
0.0 1357.0 262.0 1034.0 4720.066936503527
0.0 1249.0 314.0 1417.0 5806.776776888641
0.0 1709.0 81.0 170.0 1277.1882392406567
0.0 1797.0 31.0 54.0 474.60332176379484
0.0 1761.0 49.0 100.0 820.757728604876
0.0 1809.0 17.0 72.0 376.305360528777
0.0 1843.0 3.0 26.0 63.58086699041833
0.0 1533.0 173.0 533.0 3012.979945598725
0.0 1347.0 268.0 1060.0 4829.046454936704
0.0 1825.0 10.0 45.0 223.628482145437
0.0 1741.0 62.0 124.0 983.2475971500577
0.0 1761.0 49.0 100.0 820.757728604876
0.0 1775.0 41.0 85.0 686.6217493360782
0.0 1739.0 64.0 120.0 1015.6848837424666
0.0 1475.0 199.0 705.0 3550.4994436181623
0.0 1237.0 318.0 1480.0 5939.119161142561
0.0 1761.0 49.0 100.0 820.757728604876
0.0 1739.0 64.0 120.0 1015.6848837424666
0.0 1401.0 242.0 890.0 4302.751675709624
0.0 1685.0 61.0 448.0 1577.0249830332993
0.0 1809.0 17.0 72.0 376.305360528777
0.0 1753.0 54.0 109.0 898.210117044802
0.0 1641.0 123.0 269.0 1946.5734563076132
0.0 1643.0 80.0 534.0 2002.7488937825108
0.0 1739.0 64.0 120.0 1015.6848837424666
0.0 1401.0 242.0 890.0 4302.751675709624
0.0 1775.0 31.0 136.0 678.0607254676745
0.0 1475.0 199.0 705.0 3550.4994436181623
0.0 1717.0 47.0 353.0 1287.167991995922
0.0 1471.0 201.0 716.0 3598.4345099179372
0.0 1533.0 173.0 533.0 3012.979945598725
0.0 1305.0 291.0 1198.0 5242.906508027767
0.0 1571.0 116.0 708.0 2682.794445085627
0.0 1667.0 72.0 463.0 1739.0663985545561
0.0 1679.0 97.0 220.0 1560.365898949826
0.0 1679.0 97.0 220.0 1560.365898949826
0.0 1667.0 72.0 463.0 1739.0663985545561
0.0 1679.0 97.0 220.0 1560.365898949826
0.0 1437.0 223.0 788.0 3941.2899342933288
0.0 1757.0 53.0 104.0 834.3108104655
0.0 1641.0 123.0 269.0 1946.5734563076132
0.0 1715.0 77.0 164.0 1227.4006839829106
0.0 1679.0 97.0 220.0 1560.365898949826
0.0 1725.0 72.0 145.0 1150.6598213238428
0.0 1735.0 42.0 265.0 1117.5855549921307
0.0 1239.0 318.0 1462.0 5912.2614899090195
0.0 1787.0 30.0 94.0 557.6060238909789
0.0 1283.0 298.0 1296.0 5456.231431180643
0.0 1667.0 72.0 463.0 1739.0663985545561
0.0 1509.0 184.0 597.0 3213.04840544751
0.0 1477.0 197.0 705.0 3528.8587789732665
0.0 1311.0 288.0 1175.0 5178.334414086807
0.0 1239.0 318.0 1462.0 5912.2614899090195
0.0 1811.0 22.0 45.0 351.46520785312134
0.0 1371.0 258.0 974.0 4582.239314936026
0.0 1839.0 4.0 31.0 92.98868024296598
0.0 1395.0 245.0 907.0 4363.766382673567
0.0 1721.0 66.0 187.0 1164.5295416465294
0.0 1701.0 55.0 384.0 1428.0337115091
0.0 1371.0 258.0 974.0 4582.239314936026
0.0 1237.0 318.0 1480.0 5939.119161142561
0.0 1237.0 318.0 1480.0 5939.119161142561
0.0 1385.0 228.0 1110.0 4450.440140623515
0.0 1347.0 268.0 1060.0 4829.046454936704
0.0 1651.0 115.0 259.0 1836.5962528964344
0.0 1727.0 44.0 307.0 1199.4708732431482
0.0 1239.0 318.0 1462.0 5912.2614899090195
0.0 1491.0 160.0 940.0 3433.3893650582545
0.0 1701.0 55.0 384.0 1428.0337115091
0.0 1831.0 7.0 42.0 166.13715398194236
0.0 1237.0 318.0 1480.0 5939.119161142561
0.0 1571.0 154.0 443.0 2630.227413844795
0.0 1843.0 3.0 26.0 63.58086699041833
0.0 1271.0 305.0 1328.0 5582.098530492079
0.0 1251.0 314.0 1406.0 5784.461915735539
0.0 1237.0 318.0 1480.0 5939.119161142561
0.0 1237.0 318.0 1480.0 5939.119161142561
0.0 1305.0 291.0 1198.0 5242.906508027767
0.0 1601.0 103.0 598.0 2385.5544562701934
0.0 1819.0 16.0 43.0 273.85302717939504
0.0 1751.0 34.0 265.0 946.0705654684565
0.0 1753.0 54.0 109.0 898.210117044802
0.0 1697.0 87.0 189.0 1393.6652005568988
0.0 1697.0 87.0 189.0 1393.6652005568988
0.0 1819.0 16.0 43.0 273.85302717939504
0.0 1653.0 76.0 517.0 1873.2204881190476
0.0 1549.0 165.0 493.0 2850.2644528346996
0.0 1685.0 61.0 448.0 1577.0249830332993
0.0 1775.0 31.0 136.0 678.0607254676745
0.0 1685.0 61.0 448.0 1577.0249830332993
0.0 1733.0 67.0 133.0 1060.699985589984
0.0 1267.0 308.0 1340.0 5624.3557632799375
0.0 1607.0 136.0 357.0 2272.383892642223
0.0 1735.0 50.0 209.0 1047.5042196179231
0.0 1251.0 314.0 1406.0 5784.461915735539
0.0 1371.0 258.0 974.0 4582.239314936026
0.0 1735.0 42.0 265.0 1117.5855549921307
0.0 1715.0 77.0 164.0 1227.4006839829106
0.0 1797.0 18.0 114.0 496.7600621054729
0.0 1663.0 107.0 242.0 1764.2542390047572
0.0 1643.0 80.0 534.0 2002.7488937825108
0.0 1735.0 42.0 265.0 1117.5855549921307
0.0 1631.0 87.0 546.0 2113.4227811802944
0.0 1429.0 201.0 1018.0 4009.6424446077403
0.0 1685.0 61.0 448.0 1577.0249830332993
0.0 1357.0 262.0 1034.0 4720.066936503527
0.0 1571.0 116.0 708.0 2682.794445085627
0.0 1717.0 47.0 353.0 1287.167991995922
0.0 1583.0 151.0 410.0 2531.720647029111
0.0 1663.0 107.0 242.0 1764.2542390047572
0.0 1797.0 18.0 114.0 496.7600621054729
0.0 1797.0 18.0 114.0 496.7600621054729
0.0 1601.0 103.0 598.0 2385.5544562701934
0.0 1623.0 90.0 572.0 2203.90439510778
0.0 1607.0 136.0 357.0 2272.383892642223
0.0 1651.0 115.0 259.0 1836.5962528964344
0.0 1347.0 268.0 1060.0 4829.046454936704
0.0 1843.0 3.0 26.0 63.58086699041833
0.0 1843.0 3.0 26.0 63.58086699041833
0.0 1843.0 3.0 26.0 63.58086699041833
0.0 1843.0 3.0 26.0 63.58086699041833
0.0 1843.0 3.0 26.0 63.58086699041833
0.0 1843.0 3.0 26.0 63.58086699041833
0.0 1601.0 101.0 622.0 2390.0613735540555
0.0 1679.0 97.0 220.0 1560.365898949826
0.0 1395.0 245.0 907.0 4363.766382673567
0.0 1679.0 97.0 220.0 1560.365898949826
0.0 1275.0 305.0 1305.0 5537.5060102932
0.0 1595.0 144.0 383.0 2422.898762049625
0.0 1571.0 154.0 443.0 2630.227413844795
0.0 1775.0 41.0 85.0 686.6217493360782
0.0 1569.0 156.0 443.0 2651.868078489691
0.0 1533.0 173.0 533.0 3012.979945598725
0.0 1565.0 157.0 453.0 2699.850889151239
0.0 1565.0 157.0 453.0 2699.850889151239
0.0 1495.0 189.0 648.0 3354.585318880102
0.0 1495.0 189.0 648.0 3354.585318880102
0.0 1609.0 99.0 581.0 2316.2906082752643
0.0 1623.0 132.0 309.0 2123.05925135123
0.0 1495.0 189.0 648.0 3354.585318880102
0.0 1545.0 167.0 504.0 2898.199519134475
0.0 1491.0 160.0 940.0 3433.3893650582545
0.0 1635.0 127.0 280.0 2016.149187252284
0.0 1491.0 160.0 940.0 3433.3893650582545
0.0 1623.0 132.0 309.0 2123.05925135123
0.0 1709.0 81.0 170.0 1277.1882392406567
0.0 1735.0 50.0 209.0 1047.5042196179231
0.0 1325.0 283.0 1124.0 5036.797500654214
0.0 1385.0 228.0 1110.0 4450.440140623515
0.0 1601.0 101.0 622.0 2390.0613735540555
0.0 1443.0 219.0 777.0 3871.714203348658
0.0 1443.0 219.0 777.0 3871.714203348658
0.0 1429.0 201.0 1018.0 4009.6424446077403
0.0 1385.0 228.0 1110.0 4450.440140623515
0.0 1429.0 201.0 1018.0 4009.6424446077403
0.0 1733.0 67.0 133.0 1060.699985589984
0.0 1429.0 201.0 1018.0 4009.6424446077403
0.0 1351.0 266.0 1048.0 4786.851436953216
0.0 1631.0 87.0 546.0 2113.4227811802944
0.0 1725.0 45.0 312.0 1213.3972267171307
0.0 1701.0 55.0 384.0 1428.0337115091
0.0 1741.0 62.0 124.0 983.2475971500577
0.0 1837.0 4.0 38.0 106.93046380343566
0.0 1325.0 283.0 1124.0 5036.797500654214
0.0 1437.0 223.0 788.0 3941.2899342933288
0.0 1803.0 20.0 75.0 433.7966886922716
0.0 1549.0 165.0 493.0 2850.2644528346996
0.0 1789.0 35.0 67.0 552.2620478485641
0.0 1825.0 10.0 45.0 223.628482145437
0.0 1841.0 4.0 26.0 74.07502408781437
0.0 1803.0 20.0 75.0 433.7966886922716
0.0 1381.0 253.0 940.0 4504.98791560552
0.0 1751.0 34.0 265.0 946.0705654684565
0.0 1819.0 16.0 43.0 273.85302717939504
0.0 1837.0 4.0 38.0 106.93046380343566
0.0 1653.0 76.0 517.0 1873.2204881190476
0.0 1841.0 4.0 26.0 74.07502408781437
0.0 1469.0 202.0 723.0 3622.5164544529152
0.0 1491.0 160.0 940.0 3433.3893650582545
0.0 1605.0 138.0 357.0 2294.024557287118
0.0 1469.0 202.0 723.0 3622.5164544529152
0.0 1841.0 4.0 26.0 74.07502408781437
0.0 1741.0 62.0 124.0 983.2475971500577
0.0 1443.0 219.0 777.0 3871.714203348658
0.0 1577.0 115.0 666.0 2603.682596793009
0.0 1443.0 219.0 777.0 3871.714203348658
0.0 1843.0 3.0 26.0 63.58086699041833
0.0 1283.0 298.0 1296.0 5456.231431180643
0.0 1283.0 298.0 1296.0 5456.231431180643
0.0 1843.0 3.0 26.0 63.58086699041833
0.0 1843.0 3.0 26.0 63.58086699041833
0.0 1623.0 90.0 572.0 2203.90439510778
0.0 1381.0 253.0 940.0 4504.98791560552
0.0 1405.0 240.0 879.0 4254.816609409849
0.0 1443.0 219.0 777.0 3871.714203348658
0.0 1651.0 115.0 259.0 1836.5962528964344
0.0 1795.0 31.0 61.0 488.54510532426445
0.0 1679.0 97.0 220.0 1560.365898949826
0.0 1557.0 124.0 741.0 2822.352033323778
0.0 1645.0 120.0 264.0 1905.5034723584515
0.0 1651.0 115.0 259.0 1836.5962528964344
0.0 1635.0 127.0 280.0 2016.149187252284
0.0 1591.0 106.0 647.0 2496.3573517022687
0.0 1797.0 31.0 54.0 474.60332176379484
0.0 1437.0 223.0 788.0 3941.2899342933288
0.0 1843.0 3.0 26.0 63.58086699041833
0.0 1843.0 3.0 26.0 63.58086699041833
0.0 1843.0 3.0 26.0 63.58086699041833
0.0 1843.0 3.0 26.0 63.58086699041833
0.0 1605.0 138.0 357.0 2294.024557287118
0.0 1645.0 120.0 264.0 1905.5034723584515
0.0 1565.0 157.0 453.0 2699.850889151239
0.0 1529.0 175.0 544.0 3060.915011898501
0.0 1583.0 151.0 410.0 2531.720647029111
0.0 1549.0 165.0 493.0 2850.2644528346996
0.0 1581.0 110.0 688.0 2593.4673616792084
0.0 1333.0 260.0 1237.0 4966.343548827249
0.0 1673.0 101.0 231.0 1629.9416298944968
0.0 1569.0 156.0 443.0 2651.868078489691
0.0 1641.0 123.0 269.0 1946.5734563076132
0.0 1321.0 279.0 1167.0 5074.950544510232
0.0 1415.0 234.0 853.0 4160.422694439297
0.0 1411.0 237.0 858.0 4211.295720113057
0.0 1709.0 81.0 170.0 1277.1882392406567
0.0 1611.0 96.0 606.0 2290.2903980079514
0.0 1757.0 53.0 104.0 834.3108104655
0.0 1831.0 7.0 42.0 166.13715398194236
0.0 1557.0 124.0 741.0 2822.352033323778
0.0 1797.0 18.0 114.0 496.7600621054729
0.0 1509.0 184.0 597.0 3213.04840544751
0.0 1509.0 184.0 597.0 3213.04840544751
0.0 1769.0 26.0 206.0 788.5862111037004
0.0 1549.0 165.0 493.0 2850.2644528346996
0.0 1557.0 124.0 741.0 2822.352033323778
0.0 1841.0 4.0 26.0 74.07502408781437
0.0 1491.0 160.0 940.0 3433.3893650582545
0.0 1631.0 87.0 546.0 2113.4227811802944
0.0 1557.0 124.0 741.0 2822.352033323778
0.0 1773.0 32.0 140.0 695.7718204760017
0.0 1549.0 165.0 493.0 2850.2644528346996
0.0 1697.0 87.0 189.0 1393.6652005568988
0.0 1725.0 72.0 145.0 1150.6598213238428
0.0 1697.0 87.0 189.0 1393.6652005568988
0.0 1623.0 132.0 309.0 2123.05925135123
0.0 1509.0 184.0 597.0 3213.04840544751
0.0 1701.0 55.0 384.0 1428.0337115091
0.0 1509.0 184.0 597.0 3213.04840544751
0.0 1757.0 53.0 104.0 834.3108104655
0.0 1843.0 3.0 26.0 63.58086699041833
0.0 1475.0 199.0 705.0 3550.4994436181623
0.0 1843.0 3.0 26.0 63.58086699041833
0.0 1651.0 115.0 259.0 1836.5962528964344
0.0 1605.0 138.0 357.0 2294.024557287118
0.0 1605.0 138.0 357.0 2294.024557287118
0.0 1623.0 132.0 309.0 2123.05925135123
0.0 1623.0 132.0 309.0 2123.05925135123
0.0 1803.0 25.0 56.0 424.3787767298369
0.0 1839.0 4.0 31.0 92.98868024296598
0.0 1833.0 7.0 35.0 152.1953704214727
0.0 1509.0 184.0 597.0 3213.04840544751
0.0 1509.0 184.0 597.0 3213.04840544751
0.0 1653.0 76.0 517.0 1873.2204881190476
0.0 1789.0 35.0 67.0 552.2620478485641
0.0 1275.0 305.0 1305.0 5537.5060102932
0.0 1803.0 25.0 56.0 424.3787767298369
0.0 1775.0 41.0 85.0 686.6217493360782
0.0 1643.0 80.0 534.0 2002.7488937825108
0.0 1591.0 107.0 639.0 2479.5459456883414
0.0 1825.0 10.0 45.0 223.628482145437
0.0 1311.0 288.0 1175.0 5178.334414086807
0.0 1773.0 32.0 140.0 695.7718204760017
0.0 1697.0 87.0 189.0 1393.6652005568988
0.0 1673.0 101.0 231.0 1629.9416298944968
0.0 1583.0 151.0 410.0 2531.720647029111
0.0 1581.0 110.0 688.0 2593.4673616792084
0.0 1811.0 22.0 45.0 351.46520785312134
0.0 1311.0 288.0 1175.0 5178.334414086807
0.0 1697.0 87.0 189.0 1393.6652005568988
