0.0 1471.0 213.0 682.0 3617.1434217585543
0.0 1417.0 240.0 851.0 4119.33709348089
0.0 1743.0 65.0 126.0 992.4114457083845
0.0 1471.0 213.0 682.0 3617.1434217585543
0.0 1725.0 76.0 149.0 1168.4899897923867
0.0 1453.0 180.0 991.0 3787.7512190832804
0.0 1765.0 41.0 134.0 767.2057464454516
0.0 1633.0 84.0 518.0 2059.9785910864766
0.0 1725.0 76.0 149.0 1168.4899897923867
0.0 1725.0 49.0 257.0 1147.7903395956282
0.0 1725.0 49.0 257.0 1147.7903395956282
0.0 1725.0 76.0 149.0 1168.4899897923867
0.0 1245.0 315.0 1438.0 5847.588422153509
0.0 1245.0 315.0 1438.0 5847.588422153509
0.0 1245.0 315.0 1438.0 5847.588422153509
0.0 1743.0 65.0 126.0 992.4114457083845
0.0 1293.0 297.0 1249.0 5355.682008413135
0.0 1633.0 84.0 518.0 2059.9785910864766
0.0 1585.0 152.0 411.0 2487.8079528583708
0.0 1777.0 30.0 132.0 651.9726027652579
0.0 1685.0 96.0 216.0 1534.9782595894453
0.0 1357.0 265.0 1037.0 4747.753017813666
0.0 1671.0 65.0 444.0 1682.7306987963052
0.0 1357.0 265.0 1037.0 4747.753017813666
0.0 1375.0 258.0 983.0 4570.998284608422
0.0 1673.0 81.0 324.0 1636.8835797895342
0.0 1593.0 103.0 617.0 2440.4617911627433
0.0 1357.0 265.0 1037.0 4747.753017813666
0.0 1375.0 258.0 983.0 4570.998284608422
0.0 1629.0 130.0 308.0 2077.16142594767
0.0 1707.0 48.0 364.0 1345.6766008087045
0.0 1335.0 250.0 1270.0 4941.496680802237
0.0 1519.0 183.0 577.0 3175.350643087781
0.0 1385.0 222.0 1112.0 4463.949008930668
0.0 1551.0 168.0 499.0 2816.510336966654
0.0 1293.0 297.0 1249.0 5355.682008413135
0.0 1807.0 20.0 65.0 386.95701669396226
0.0 1589.0 152.0 394.0 2468.7479628703286
0.0 1777.0 24.0 161.0 664.54931361092
0.0 1607.0 143.0 351.0 2288.1237237930222
0.0 1777.0 24.0 161.0 664.54931361092
0.0 1579.0 158.0 416.0 2565.563978111611
0.0 1557.0 171.0 459.0 2781.6883600585606
0.0 1557.0 171.0 459.0 2781.6883600585606
0.0 1837.0 4.0 35.0 122.8518443827326
0.0 1265.0 311.0 1347.0 5630.288980957896
0.0 1649.0 79.0 463.0 1884.847668597756
0.0 1557.0 171.0 459.0 2781.6883600585606
0.0 1307.0 289.0 1210.0 5229.29969466568
0.0 1705.0 90.0 177.0 1354.0867033507666
0.0 1579.0 158.0 416.0 2565.563978111611
0.0 1265.0 311.0 1347.0 5630.288980957896
0.0 1265.0 311.0 1347.0 5630.288980957896
0.0 1707.0 48.0 364.0 1345.6766008087045
0.0 1407.0 206.0 1084.0 4242.639478303027
0.0 1705.0 90.0 177.0 1354.0867033507666
0.0 1399.0 247.0 905.0 4296.091826686133
0.0 1237.0 318.0 1480.0 5939.119161142561
0.0 1557.0 171.0 459.0 2781.6883600585606
0.0 1691.0 56.0 402.0 1486.4213031498386
0.0 1621.0 88.0 558.0 2184.701737437778
0.0 1237.0 318.0 1480.0 5939.119161142561
0.0 1621.0 88.0 558.0 2184.701737437778
0.0 1237.0 318.0 1480.0 5939.119161142561
0.0 1237.0 318.0 1480.0 5939.119161142561
0.0 1843.0 3.0 26.0 63.58086699041833
0.0 1557.0 171.0 459.0 2781.6883600585606
0.0 1529.0 184.0 545.0 3018.4320736111326
0.0 1673.0 81.0 324.0 1636.8835797895342
0.0 1655.0 75.0 458.0 1824.5679337500685
0.0 1735.0 38.0 285.0 1063.103796501105
0.0 1655.0 75.0 458.0 1824.5679337500685
0.0 1645.0 121.0 279.0 1926.4983570756901
0.0 1655.0 75.0 458.0 1824.5679337500685
0.0 1619.0 135.0 335.0 2164.47944066674
0.0 1373.0 228.0 1149.0 4568.079930088798
0.0 1519.0 183.0 577.0 3175.350643087781
0.0 1717.0 80.0 168.0 1236.038491336742
0.0 1341.0 274.0 1086.0 4895.071656930352
0.0 1373.0 228.0 1149.0 4568.079930088798
0.0 1327.0 281.0 1130.0 5069.2761903747605
0.0 1735.0 38.0 285.0 1063.103796501105
0.0 1373.0 228.0 1149.0 4568.079930088798
0.0 1629.0 130.0 308.0 2077.16142594767
0.0 1237.0 318.0 1480.0 5939.119161142561
0.0 1327.0 281.0 1130.0 5069.2761903747605
0.0 1407.0 206.0 1084.0 4242.639478303027
0.0 1303.0 271.0 1331.0 5244.958457733197
0.0 1237.0 318.0 1480.0 5939.119161142561
0.0 1777.0 30.0 132.0 651.9726027652579
0.0 1303.0 271.0 1331.0 5244.958457733197
0.0 1663.0 110.0 250.0 1755.356832095753
0.0 1777.0 24.0 161.0 664.54931361092
0.0 1497.0 153.0 893.0 3375.1009202465175
0.0 1519.0 183.0 577.0 3175.350643087781
0.0 1737.0 36.0 297.0 1036.4845388905565
0.0 1441.0 219.0 803.0 3921.6260778755377
0.0 1645.0 121.0 279.0 1926.4983570756901
0.0 1587.0 107.0 622.0 2500.741526010431
0.0 1753.0 47.0 152.0 872.6787192718555
0.0 1777.0 24.0 161.0 664.54931361092
0.0 1587.0 107.0 622.0 2500.741526010431
0.0 1549.0 125.0 761.0 2861.842157507149
0.0 1571.0 159.0 445.0 2631.6581743193005
0.0 1691.0 56.0 402.0 1486.4213031498386
0.0 1549.0 125.0 761.0 2861.842157507149
0.0 1737.0 36.0 297.0 1036.4845388905565
0.0 1423.0 197.0 1044.0 4102.478002912776
0.0 1475.0 167.0 934.0 3572.558431056498
0.0 1441.0 219.0 803.0 3921.6260778755377
0.0 1803.0 16.0 94.0 430.15577532885163
0.0 1803.0 16.0 94.0 430.15577532885163
0.0 1803.0 16.0 94.0 430.15577532885163
0.0 1541.0 176.0 515.0 2945.876084842304
0.0 1619.0 135.0 335.0 2164.47944066674
0.0 1607.0 143.0 351.0 2288.1237237930222
0.0 1607.0 143.0 351.0 2288.1237237930222
0.0 1523.0 140.0 814.0 3105.1227848677763
0.0 1607.0 143.0 351.0 2288.1237237930222
0.0 1607.0 143.0 351.0 2288.1237237930222
0.0 1549.0 125.0 761.0 2861.842157507149
0.0 1607.0 143.0 351.0 2288.1237237930222
0.0 1787.0 37.0 75.0 573.0698473241303
0.0 1683.0 97.0 218.0 1559.2274402050127
0.0 1757.0 31.0 222.0 859.5881808887092
0.0 1831.0 6.0 43.0 180.91079973266605
0.0 1683.0 97.0 218.0 1559.2274402050127
0.0 1645.0 80.0 481.0 1933.7132828052202
0.0 1817.0 13.0 56.0 305.10067228698165
0.0 1723.0 42.0 322.0 1185.8959184370135
0.0 1831.0 6.0 43.0 180.91079973266605
0.0 1499.0 196.0 613.0 3363.959555324381
0.0 1663.0 110.0 250.0 1755.356832095753
0.0 1823.0 10.0 50.0 245.01867870908947
0.0 1523.0 140.0 814.0 3105.1227848677763
0.0 1293.0 297.0 1249.0 5355.682008413135
0.0 1475.0 167.0 934.0 3572.558431056498
0.0 1483.0 203.0 657.0 3506.1601000345054
0.0 1733.0 59.0 176.0 1044.9723927005493
0.0 1725.0 76.0 149.0 1168.4899897923867
0.0 1499.0 196.0 613.0 3363.959555324381
0.0 1723.0 42.0 322.0 1185.8959184370135
0.0 1475.0 167.0 934.0 3572.558431056498
0.0 1499.0 196.0 613.0 3363.959555324381
0.0 1373.0 228.0 1149.0 4568.079930088798
0.0 1567.0 120.0 659.0 2682.1977707476867
0.0 1787.0 37.0 75.0 573.0698473241303
0.0 1787.0 37.0 75.0 573.0698473241303
0.0 1707.0 61.0 275.0 1298.1485640750323
0.0 1335.0 250.0 1270.0 4941.496680802237
0.0 1303.0 271.0 1331.0 5244.958457733197
0.0 1593.0 103.0 617.0 2440.4617911627433
0.0 1669.0 106.0 242.0 1704.3489753066585
0.0 1281.0 285.0 1401.0 5467.182662863999
0.0 1787.0 37.0 75.0 573.0698473241303
0.0 1483.0 203.0 657.0 3506.1601000345054
0.0 1569.0 116.0 680.0 2678.5085193251307
0.0 1757.0 31.0 222.0 859.5881808887092
0.0 1733.0 59.0 176.0 1044.9723927005493
0.0 1237.0 318.0 1480.0 5939.119161142561
0.0 1589.0 104.0 641.0 2472.0084616126696
0.0 1499.0 196.0 613.0 3363.959555324381
0.0 1795.0 19.0 116.0 493.78552993543815
0.0 1691.0 55.0 408.0 1502.2773778021112
0.0 1335.0 250.0 1270.0 4941.496680802237
0.0 1705.0 62.0 278.0 1317.1060759857942
0.0 1723.0 42.0 322.0 1185.8959184370135
0.0 1663.0 110.0 250.0 1755.356832095753
0.0 1593.0 103.0 617.0 2440.4617911627433
0.0 1405.0 244.0 886.0 4233.21695455536
0.0 1755.0 46.0 151.0 847.3484664485712
0.0 1697.0 67.0 285.0 1412.1040847642196
0.0 1757.0 31.0 222.0 859.5881808887092
0.0 1509.0 147.0 848.0 3254.5780749002333
0.0 1795.0 19.0 116.0 493.78552993543815
0.0 1405.0 244.0 886.0 4233.21695455536
0.0 1509.0 147.0 848.0 3254.5780749002333
0.0 1843.0 3.0 26.0 63.58086699041833
0.0 1589.0 150.0 402.0 2451.033935241994
0.0 1795.0 19.0 116.0 493.78552993543815
0.0 1497.0 153.0 893.0 3375.1009202465175
0.0 1753.0 47.0 152.0 872.6787192718555
0.0 1685.0 96.0 216.0 1534.9782595894453
0.0 1509.0 147.0 848.0 3254.5780749002333
0.0 1837.0 4.0 35.0 122.8518443827326
0.0 1803.0 16.0 94.0 430.15577532885163
0.0 1509.0 147.0 848.0 3254.5780749002333
0.0 1655.0 75.0 458.0 1824.5679337500685
0.0 1807.0 14.0 88.0 397.167240510596
0.0 1839.0 3.0 33.0 104.77024100676405
0.0 1551.0 168.0 499.0 2816.510336966654
0.0 1653.0 114.0 269.0 1850.0867796384837
0.0 1589.0 104.0 641.0 2472.0084616126696
0.0 1685.0 96.0 216.0 1534.9782595894453
0.0 1653.0 114.0 269.0 1850.0867796384837
0.0 1807.0 14.0 88.0 397.167240510596
0.0 1399.0 247.0 905.0 4296.091826686133
0.0 1653.0 114.0 269.0 1850.0867796384837
0.0 1653.0 114.0 269.0 1850.0867796384837
0.0 1475.0 167.0 934.0 3572.558431056498
0.0 1567.0 161.0 454.0 2668.432191935677
0.0 1769.0 26.0 191.0 730.4462404487124
0.0 1601.0 100.0 591.0 2371.8224382321373
0.0 1483.0 203.0 657.0 3506.1601000345054
0.0 1483.0 203.0 657.0 3506.1601000345054
0.0 1281.0 304.0 1291.0 5462.465732534725
0.0 1743.0 65.0 126.0 992.4114457083845
0.0 1681.0 61.0 412.0 1593.3239590127248
0.0 1341.0 274.0 1086.0 4895.071656930352
0.0 1423.0 197.0 1044.0 4102.478002912776
0.0 1823.0 10.0 50.0 245.01867870908947
0.0 1615.0 92.0 563.0 2244.9814722854658
0.0 1399.0 247.0 905.0 4296.091826686133
0.0 1743.0 54.0 159.0 964.8296726974295
0.0 1695.0 91.0 203.0 1442.853016058669
0.0 1747.0 62.0 123.0 956.3808914762642
0.0 1623.0 88.0 545.0 2160.1700766827316
0.0 1601.0 100.0 591.0 2371.8224382321373
0.0 1623.0 88.0 545.0 2160.1700766827316
0.0 1421.0 235.0 848.0 4090.5974208642256
0.0 1769.0 26.0 191.0 730.4462404487124
0.0 1585.0 152.0 411.0 2487.8079528583708
0.0 1531.0 135.0 795.0 3033.118287130089
0.0 1453.0 180.0 991.0 3787.7512190832804
0.0 1615.0 92.0 563.0 2244.9814722854658
0.0 1415.0 238.0 864.0 4144.003144829476
0.0 1453.0 180.0 991.0 3787.7512190832804
0.0 1253.0 307.0 1433.0 5781.4670499527165
0.0 1629.0 130.0 308.0 2077.16142594767
0.0 1633.0 84.0 518.0 2059.9785910864766
0.0 1681.0 61.0 412.0 1593.3239590127248
0.0 1795.0 19.0 116.0 493.78552993543815
0.0 1529.0 184.0 545.0 3018.4320736111326
0.0 1629.0 130.0 308.0 2077.16142594767
0.0 1569.0 116.0 680.0 2678.5085193251307
0.0 1417.0 240.0 851.0 4119.33709348089
0.0 1569.0 116.0 680.0 2678.5085193251307
0.0 1455.0 214.0 753.0 3779.014950381057
0.0 1455.0 214.0 753.0 3779.014950381057
0.0 1673.0 81.0 324.0 1636.8835797895342
0.0 1707.0 48.0 364.0 1345.6766008087045
0.0 1843.0 3.0 26.0 63.58086699041833
0.0 1843.0 3.0 26.0 63.58086699041833
0.0 1843.0 3.0 26.0 63.58086699041833
0.0 1843.0 3.0 26.0 63.58086699041833
0.0 1737.0 36.0 297.0 1036.4845388905565
0.0 1843.0 3.0 26.0 63.58086699041833
0.0 1843.0 3.0 26.0 63.58086699041833
0.0 1843.0 3.0 26.0 63.58086699041833
0.0 1843.0 3.0 26.0 63.58086699041833
0.0 1843.0 3.0 26.0 63.58086699041833
0.0 1843.0 3.0 26.0 63.58086699041833
0.0 1843.0 3.0 26.0 63.58086699041833
0.0 1637.0 81.0 520.0 2031.123931369929
0.0 1843.0 3.0 26.0 63.58086699041833
0.0 1843.0 3.0 26.0 63.58086699041833
0.0 1707.0 48.0 364.0 1345.6766008087045
0.0 1819.0 11.0 56.0 291.1524600175553
0.0 1843.0 3.0 26.0 63.58086699041833
0.0 1843.0 3.0 26.0 63.58086699041833
0.0 1819.0 11.0 56.0 291.1524600175553
0.0 1819.0 11.0 56.0 291.1524600175553
0.0 1629.0 130.0 308.0 2077.16142594767
0.0 1701.0 82.0 210.0 1386.3723929134874
0.0 1697.0 67.0 285.0 1412.1040847642196
0.0 1831.0 6.0 43.0 180.91079973266605
0.0 1787.0 37.0 75.0 573.0698473241303
0.0 1645.0 121.0 279.0 1926.4983570756901
0.0 1823.0 10.0 50.0 245.01867870908947
0.0 1823.0 10.0 50.0 245.01867870908947
0.0 1817.0 13.0 56.0 305.10067228698165
0.0 1307.0 289.0 1210.0 5229.29969466568
0.0 1839.0 3.0 33.0 104.77024100676405
0.0 1839.0 3.0 33.0 104.77024100676405
0.0 1471.0 213.0 682.0 3617.1434217585543
0.0 1747.0 62.0 123.0 956.3808914762642
0.0 1529.0 184.0 545.0 3018.4320736111326
0.0 1671.0 65.0 444.0 1682.7306987963052
0.0 1839.0 3.0 33.0 104.77024100676405
0.0 1531.0 135.0 795.0 3033.118287130089
0.0 1671.0 65.0 444.0 1682.7306987963052
0.0 1769.0 26.0 191.0 730.4462404487124
0.0 1549.0 125.0 761.0 2861.842157507149
0.0 1765.0 41.0 134.0 767.2057464454516
0.0 1733.0 59.0 176.0 1044.9723927005493
0.0 1683.0 97.0 218.0 1559.2274402050127
0.0 1423.0 197.0 1044.0 4102.478002912776
0.0 1471.0 213.0 682.0 3617.1434217585543
0.0 1533.0 134.0 792.0 3011.035945167395
0.0 1843.0 3.0 26.0 63.58086699041833
0.0 1769.0 26.0 191.0 730.4462404487124
0.0 1769.0 26.0 191.0 730.4462404487124
0.0 1743.0 54.0 159.0 964.8296726974295
0.0 1433.0 192.0 1036.0 3981.9092529014533
0.0 1533.0 134.0 792.0 3011.035945167395
0.0 1567.0 120.0 659.0 2682.1977707476867
0.0 1447.0 216.0 784.0 3858.751205744765
0.0 1707.0 48.0 364.0 1345.6766008087045
0.0 1807.0 20.0 65.0 386.95701669396226
0.0 1683.0 97.0 218.0 1559.2274402050127
