0.0 1659.0 70.0 539.0 1750.0569463376962
0.0 1737.0 45.0 247.0 1003.2654198730168
0.0 1611.0 141.0 322.0 2250.98820192583
0.0 1541.0 126.0 846.0 2865.1069570382006
0.0 1715.0 73.0 174.0 1202.1864839679406
0.0 1769.0 41.0 108.0 734.2248529060689
0.0 1741.0 39.0 297.0 970.3241251640931
0.0 1595.0 147.0 363.0 2389.8828520013635
0.0 1443.0 225.0 748.0 3864.3673581971298
0.0 1641.0 78.0 589.0 1900.2184938227026
0.0 1497.0 197.0 601.0 3349.344609085734
0.0 1815.0 10.0 91.0 319.9133341110237
0.0 1815.0 10.0 91.0 319.9133341110237
0.0 1555.0 142.0 594.0 2757.973337583428
0.0 1787.0 35.0 70.0 586.8159733165043
0.0 1695.0 57.0 400.0 1438.0993696239743
0.0 1695.0 57.0 400.0 1438.0993696239743
0.0 1649.0 118.0 252.0 1872.6433418314552
0.0 1665.0 67.0 526.0 1683.639380586623
0.0 1715.0 73.0 174.0 1202.1864839679406
0.0 1381.0 255.0 931.0 4466.091316366503
0.0 1599.0 94.0 723.0 2314.2098728705205
0.0 1667.0 110.0 216.0 1676.1369196612654
0.0 1805.0 25.0 52.0 422.50962083327306
0.0 1665.0 67.0 526.0 1683.639380586623
0.0 1599.0 94.0 723.0 2314.2098728705205
0.0 1541.0 126.0 846.0 2865.1069570382006
0.0 1649.0 118.0 252.0 1872.6433418314552
0.0 1629.0 129.0 294.0 2061.8921854081213
0.0 1787.0 35.0 70.0 586.8159733165043
0.0 1659.0 70.0 539.0 1750.0569463376962
0.0 1757.0 54.0 105.0 841.9663270728853
0.0 1461.0 173.0 985.0 3639.002813574188
0.0 1751.0 38.0 218.0 903.3319127581317
0.0 1649.0 118.0 252.0 1872.6433418314552
0.0 1837.0 4.0 34.0 131.99036616007822
0.0 1523.0 138.0 869.0 3046.819087860905
0.0 1579.0 155.0 398.0 2570.6348508012547
0.0 1613.0 112.0 465.0 2221.3145903694317
0.0 1759.0 30.0 271.0 813.991098632558
0.0 1843.0 3.0 26.0 63.58086699041833
0.0 1687.0 94.0 195.0 1476.9546204542746
0.0 1843.0 3.0 26.0 63.58086699041833
0.0 1443.0 225.0 748.0 3864.3673581971298
0.0 1759.0 30.0 271.0 813.991098632558
0.0 1725.0 68.0 153.0 1123.007755559654
0.0 1245.0 315.0 1432.0 5841.664854677304
0.0 1843.0 3.0 26.0 63.58086699041833
0.0 1843.0 3.0 26.0 63.58086699041833
0.0 1443.0 225.0 748.0 3864.3673581971298
0.0 1823.0 8.0 65.0 252.2371277470764
0.0 1843.0 3.0 26.0 63.58086699041833
0.0 1617.0 87.0 675.0 2148.7428155886105
0.0 1291.0 289.0 1283.0 5337.945491951267
0.0 1843.0 3.0 26.0 63.58086699041833
0.0 1579.0 155.0 398.0 2570.6348508012547
0.0 1291.0 289.0 1283.0 5337.945491951267
0.0 1833.0 8.0 32.0 155.9619401653575
0.0 1579.0 155.0 398.0 2570.6348508012547
0.0 1277.0 300.0 1311.0 5502.236151063659
0.0 1733.0 64.0 135.0 1058.7585296307982
0.0 1833.0 8.0 32.0 155.9619401653575
0.0 1733.0 64.0 135.0 1058.7585296307982
0.0 1671.0 101.0 229.0 1646.168918395323
0.0 1733.0 64.0 135.0 1058.7585296307982
0.0 1843.0 3.0 26.0 63.58086699041833
0.0 1579.0 155.0 398.0 2570.6348508012547
0.0 1569.0 112.0 777.0 2613.84071050505
0.0 1843.0 3.0 26.0 63.58086699041833
0.0 1255.0 310.0 1392.0 5743.148690515274
0.0 1843.0 3.0 26.0 63.58086699041833
0.0 1751.0 38.0 218.0 903.3319127581317
0.0 1541.0 126.0 846.0 2865.1069570382006
0.0 1759.0 30.0 271.0 813.991098632558
0.0 1843.0 3.0 26.0 63.58086699041833
0.0 1757.0 54.0 105.0 841.9663270728853
0.0 1579.0 155.0 398.0 2570.6348508012547
0.0 1843.0 3.0 26.0 63.58086699041833
0.0 1565.0 161.0 442.0 2683.914108716357
0.0 1569.0 112.0 777.0 2613.84071050505
0.0 1757.0 54.0 105.0 841.9663270728853
0.0 1843.0 3.0 26.0 63.58086699041833
0.0 1443.0 225.0 748.0 3864.3673581971298
0.0 1843.0 3.0 26.0 63.58086699041833
0.0 1709.0 85.0 152.0 1288.9752303947446
0.0 1709.0 85.0 152.0 1288.9752303947446
0.0 1843.0 3.0 26.0 63.58086699041833
0.0 1541.0 126.0 846.0 2865.1069570382006
0.0 1759.0 30.0 271.0 813.991098632558
0.0 1733.0 64.0 135.0 1058.7585296307982
0.0 1541.0 126.0 846.0 2865.1069570382006
0.0 1843.0 3.0 26.0 63.58086699041833
0.0 1795.0 17.0 138.0 512.6064591974441
0.0 1733.0 64.0 135.0 1058.7585296307982
0.0 1841.0 3.0 28.0 85.85658485161244
0.0 1733.0 64.0 135.0 1058.7585296307982
0.0 1271.0 302.0 1340.0 5555.416343710399
0.0 1751.0 38.0 218.0 903.3319127581317
0.0 1569.0 112.0 777.0 2613.84071050505
0.0 1569.0 112.0 777.0 2613.84071050505
0.0 1687.0 94.0 195.0 1476.9546204542746
0.0 1537.0 174.0 509.0 2967.6712256148357
0.0 1457.0 219.0 710.0 3737.7465909969837
0.0 1687.0 94.0 195.0 1476.9546204542746
0.0 1483.0 202.0 645.0 3472.551560016035
0.0 1825.0 12.0 38.0 232.39725012825633
0.0 1353.0 240.0 1217.0 4720.956291876368
0.0 1483.0 202.0 645.0 3472.551560016035
0.0 1381.0 255.0 931.0 4466.091316366503
0.0 1457.0 219.0 710.0 3737.7465909969837
0.0 1483.0 160.0 958.0 3422.11501787196
0.0 1457.0 219.0 710.0 3737.7465909969837
0.0 1769.0 41.0 108.0 734.2248529060689
0.0 1769.0 41.0 108.0 734.2248529060689
0.0 1653.0 88.0 409.0 1807.6543875119526
0.0 1599.0 94.0 723.0 2314.2098728705205
0.0 1673.0 99.0 229.0 1626.447411187798
0.0 1673.0 99.0 229.0 1626.447411187798
0.0 1665.0 67.0 526.0 1683.639380586623
0.0 1353.0 240.0 1217.0 4720.956291876368
0.0 1345.0 272.0 1041.0 4818.199247347876
0.0 1667.0 110.0 216.0 1676.1369196612654
0.0 1773.0 45.0 80.0 710.949739126113
0.0 1667.0 110.0 216.0 1676.1369196612654
0.0 1667.0 110.0 216.0 1676.1369196612654
0.0 1665.0 67.0 526.0 1683.639380586623
0.0 1667.0 110.0 216.0 1676.1369196612654
0.0 1375.0 226.0 1164.0 4483.221338150597
0.0 1701.0 54.0 393.0 1382.25474115151
0.0 1237.0 318.0 1480.0 5939.119161142561
0.0 1701.0 54.0 393.0 1382.25474115151
0.0 1375.0 226.0 1164.0 4483.221338150597
0.0 1375.0 226.0 1164.0 4483.221338150597
0.0 1375.0 226.0 1164.0 4483.221338150597
0.0 1237.0 318.0 1480.0 5939.119161142561
0.0 1261.0 307.0 1372.0 5674.246388020666
0.0 1701.0 54.0 393.0 1382.25474115151
0.0 1701.0 54.0 393.0 1382.25474115151
0.0 1557.0 166.0 452.0 2773.7406800818067
0.0 1237.0 318.0 1480.0 5939.119161142561
0.0 1237.0 318.0 1480.0 5939.119161142561
0.0 1823.0 8.0 65.0 252.2371277470764
0.0 1595.0 147.0 363.0 2389.8828520013635
0.0 1237.0 318.0 1480.0 5939.119161142561
0.0 1427.0 194.0 1051.0 3968.7793486057585
0.0 1647.0 117.0 266.0 1874.2248501566119
0.0 1841.0 3.0 28.0 85.85658485161244
0.0 1507.0 146.0 910.0 3183.5073513903876
0.0 1541.0 178.0 480.0 2929.5264329761458
0.0 1435.0 190.0 1023.0 3881.672191459965
0.0 1541.0 178.0 480.0 2929.5264329761458
0.0 1255.0 310.0 1392.0 5743.148690515274
0.0 1527.0 180.0 533.0 3061.7353458701114
0.0 1781.0 38.0 76.0 646.8979668943964
0.0 1507.0 146.0 910.0 3183.5073513903876
0.0 1599.0 94.0 723.0 2314.2098728705205
0.0 1391.0 249.0 912.0 4358.640842963494
0.0 1381.0 255.0 931.0 4466.091316366503
0.0 1595.0 147.0 363.0 2389.8828520013635
0.0 1541.0 178.0 480.0 2929.5264329761458
0.0 1743.0 62.0 116.0 987.8142768318413
0.0 1617.0 87.0 675.0 2148.7428155886105
0.0 1497.0 197.0 601.0 3349.344609085734
0.0 1497.0 197.0 601.0 3349.344609085734
0.0 1595.0 147.0 363.0 2389.8828520013635
0.0 1555.0 142.0 594.0 2757.973337583428
0.0 1381.0 255.0 931.0 4466.091316366503
0.0 1599.0 94.0 723.0 2314.2098728705205
0.0 1497.0 197.0 601.0 3349.344609085734
0.0 1617.0 87.0 675.0 2148.7428155886105
0.0 1795.0 17.0 138.0 512.6064591974441
0.0 1467.0 206.0 711.0 3614.014128294734
0.0 1599.0 94.0 723.0 2314.2098728705205
0.0 1589.0 124.0 518.0 2453.2322198212046
0.0 1507.0 146.0 910.0 3183.5073513903876
0.0 1737.0 45.0 247.0 1003.2654198730168
0.0 1635.0 81.0 596.0 1956.063122295167
0.0 1711.0 79.0 156.0 1293.3329573326878
0.0 1329.0 280.0 1101.0 4985.617714004512
0.0 1635.0 81.0 596.0 1956.063122295167
0.0 1237.0 318.0 1480.0 5939.119161142561
0.0 1635.0 81.0 596.0 1956.063122295167
0.0 1237.0 318.0 1480.0 5939.119161142561
0.0 1589.0 124.0 518.0 2453.2322198212046
0.0 1707.0 78.0 186.0 1279.9697564164621
0.0 1639.0 126.0 264.0 1949.0480208205677
0.0 1639.0 126.0 264.0 1949.0480208205677
0.0 1423.0 237.0 805.0 4077.477492511047
0.0 1803.0 20.0 74.0 434.40968449015907
0.0 1629.0 129.0 294.0 2061.8921854081213
0.0 1639.0 126.0 264.0 1949.0480208205677
0.0 1635.0 81.0 596.0 1956.063122295167
0.0 1805.0 25.0 52.0 422.50962083327306
0.0 1843.0 3.0 26.0 63.58086699041833
0.0 1599.0 94.0 723.0 2314.2098728705205
0.0 1297.0 294.0 1214.0 5310.195993082873
0.0 1783.0 26.0 140.0 591.3071599065612
0.0 1461.0 173.0 985.0 3639.002813574188
0.0 1783.0 26.0 140.0 591.3071599065612
0.0 1261.0 307.0 1372.0 5674.246388020666
0.0 1461.0 173.0 985.0 3639.002813574188
0.0 1683.0 61.0 441.0 1547.7217984334195
0.0 1421.0 230.0 837.0 4058.2493556228933
0.0 1619.0 134.0 315.0 2166.047565874337
0.0 1423.0 237.0 805.0 4077.477492511047
0.0 1783.0 26.0 140.0 591.3071599065612
0.0 1683.0 61.0 441.0 1547.7217984334195
0.0 1683.0 61.0 441.0 1547.7217984334195
0.0 1557.0 166.0 452.0 2773.7406800818067
0.0 1635.0 127.0 275.0 1999.1696045592796
0.0 1819.0 16.0 41.0 285.9326001927522
0.0 1819.0 16.0 41.0 285.9326001927522
0.0 1483.0 202.0 645.0 3472.551560016035
0.0 1483.0 202.0 645.0 3472.551560016035
0.0 1483.0 202.0 645.0 3472.551560016035
0.0 1819.0 16.0 41.0 285.9326001927522
0.0 1427.0 194.0 1051.0 3968.7793486057585
0.0 1245.0 315.0 1432.0 5841.664854677304
0.0 1245.0 315.0 1432.0 5841.664854677304
0.0 1437.0 189.0 1014.0 3865.9329758900826
0.0 1565.0 161.0 442.0 2683.914108716357
0.0 1507.0 146.0 910.0 3183.5073513903876
0.0 1683.0 61.0 441.0 1547.7217984334195
0.0 1759.0 36.0 188.0 828.1984079349967
0.0 1671.0 101.0 229.0 1646.168918395323
0.0 1329.0 280.0 1101.0 4985.617714004512
0.0 1461.0 173.0 985.0 3639.002813574188
0.0 1345.0 272.0 1041.0 4818.199247347876
0.0 1653.0 88.0 409.0 1807.6543875119526
0.0 1841.0 3.0 28.0 85.85658485161244
0.0 1513.0 186.0 566.0 3193.093979468866
0.0 1513.0 186.0 566.0 3193.093979468866
0.0 1513.0 186.0 566.0 3193.093979468866
0.0 1635.0 127.0 275.0 1999.1696045592796
0.0 1513.0 186.0 566.0 3193.093979468866
0.0 1803.0 20.0 74.0 434.40968449015907
0.0 1751.0 56.0 113.0 914.1979608133734
0.0 1299.0 285.0 1257.0 5256.656322271084
0.0 1593.0 148.0 368.0 2411.9844633756456
0.0 1319.0 282.0 1148.0 5068.394418770847
0.0 1609.0 142.0 326.0 2273.3347724248824
0.0 1773.0 45.0 80.0 710.949739126113
0.0 1795.0 17.0 138.0 512.6064591974441
0.0 1319.0 282.0 1148.0 5068.394418770847
0.0 1795.0 17.0 138.0 512.6064591974441
0.0 1721.0 49.0 329.0 1146.8160311913632
0.0 1339.0 275.0 1064.0 4882.771341288836
0.0 1721.0 49.0 329.0 1146.8160311913632
0.0 1721.0 49.0 329.0 1146.8160311913632
0.0 1345.0 272.0 1041.0 4818.199247347876
0.0 1773.0 45.0 80.0 710.949739126113
0.0 1773.0 45.0 80.0 710.949739126113
0.0 1483.0 160.0 958.0 3422.11501787196
0.0 1647.0 117.0 266.0 1874.2248501566119
0.0 1345.0 272.0 1041.0 4818.199247347876
0.0 1345.0 272.0 1041.0 4818.199247347876
0.0 1537.0 174.0 509.0 2967.6712256148357
0.0 1841.0 3.0 28.0 85.85658485161244
0.0 1841.0 3.0 28.0 85.85658485161244
0.0 1841.0 3.0 28.0 85.85658485161244
0.0 1537.0 174.0 509.0 2967.6712256148357
0.0 1687.0 94.0 195.0 1476.9546204542746
0.0 1277.0 300.0 1311.0 5502.236151063659
0.0 1611.0 141.0 322.0 2250.98820192583
0.0 1687.0 94.0 195.0 1476.9546204542746
0.0 1725.0 68.0 153.0 1123.007755559654
0.0 1825.0 12.0 38.0 232.39725012825633
0.0 1837.0 4.0 34.0 131.99036616007822
0.0 1557.0 166.0 452.0 2773.7406800818067
0.0 1423.0 237.0 805.0 4077.477492511047
0.0 1421.0 230.0 837.0 4058.2493556228933
0.0 1687.0 94.0 195.0 1476.9546204542746
0.0 1611.0 141.0 322.0 2250.98820192583
0.0 1687.0 94.0 195.0 1476.9546204542746
0.0 1725.0 68.0 153.0 1123.007755559654
0.0 1711.0 79.0 156.0 1293.3329573326878
0.0 1467.0 206.0 711.0 3614.014128294734
0.0 1803.0 20.0 74.0 434.40968449015907
0.0 1613.0 112.0 465.0 2221.3145903694317
0.0 1803.0 20.0 74.0 434.40968449015907
0.0 1523.0 138.0 869.0 3046.819087860905
0.0 1297.0 294.0 1214.0 5310.195993082873
0.0 1483.0 160.0 958.0 3422.11501787196
0.0 1711.0 79.0 156.0 1293.3329573326878
0.0 1397.0 247.0 896.0 4299.360447426152
0.0 1619.0 134.0 315.0 2166.047565874337
0.0 1743.0 62.0 116.0 987.8142768318413
0.0 1619.0 134.0 315.0 2166.047565874337
0.0 1421.0 197.0 1074.0 4033.3514425467183
0.0 1557.0 166.0 452.0 2773.7406800818067
0.0 1715.0 73.0 174.0 1202.1864839679406
0.0 1737.0 45.0 247.0 1003.2654198730168
0.0 1825.0 12.0 38.0 232.39725012825633
0.0 1513.0 186.0 566.0 3193.093979468866
0.0 1781.0 38.0 76.0 646.8979668943964
0.0 1815.0 10.0 91.0 319.9133341110237
0.0 1787.0 35.0 70.0 586.8159733165043
0.0 1803.0 20.0 74.0 434.40968449015907
0.0 1641.0 78.0 589.0 1900.2184938227026
0.0 1391.0 249.0 912.0 4358.640842963494
