0.0 1491.0 193.0 662.0 3386.7659558113774
0.0 1659.0 98.0 303.0 1765.5962615743442
0.0 1509.0 186.0 602.0 3218.324041364691
0.0 1431.0 223.0 827.0 3986.249169048752
0.0 1755.0 44.0 151.0 875.7362559694254
0.0 1749.0 49.0 155.0 933.6998924378468
0.0 1601.0 138.0 385.0 2337.3135229326867
0.0 1671.0 90.0 285.0 1664.4970170081008
0.0 1659.0 98.0 303.0 1765.5962615743442
0.0 1671.0 90.0 285.0 1664.4970170081008
0.0 1471.0 198.0 738.0 3587.1078314747106
0.0 1671.0 90.0 285.0 1664.4970170081008
0.0 1805.0 20.0 71.0 414.8219833258314
0.0 1711.0 70.0 213.0 1281.7080277760322
0.0 1711.0 70.0 213.0 1281.7080277760322
0.0 1695.0 64.0 380.0 1416.3752037252054
0.0 1531.0 144.0 791.0 3016.4063817771485
0.0 1567.0 151.0 482.0 2652.79451955071
0.0 1313.0 281.0 1194.0 5177.92739116331
0.0 1589.0 110.0 686.0 2471.429903366424
0.0 1727.0 62.0 181.0 1151.4872184163837
0.0 1407.0 237.0 895.0 4224.923582720768
0.0 1727.0 62.0 181.0 1151.4872184163837
0.0 1707.0 74.0 215.0 1309.432785658918
0.0 1453.0 206.0 799.0 3746.132179957227
0.0 1509.0 185.0 606.0 3220.429463971843
0.0 1531.0 144.0 791.0 3016.4063817771485
0.0 1275.0 300.0 1328.0 5558.237938155099
0.0 1763.0 42.0 134.0 793.1665526467996
0.0 1587.0 139.0 449.0 2453.709260922415
0.0 1505.0 158.0 848.0 3258.8866776579275
0.0 1671.0 90.0 285.0 1664.4970170081008
0.0 1531.0 144.0 791.0 3016.4063817771485
0.0 1589.0 110.0 686.0 2471.429903366424
0.0 1723.0 62.0 201.0 1164.5821206901583
0.0 1313.0 281.0 1194.0 5177.92739116331
0.0 1509.0 186.0 602.0 3218.324041364691
0.0 1755.0 44.0 151.0 875.7362559694254
0.0 1755.0 44.0 151.0 875.7362559694254
0.0 1517.0 180.0 599.0 3132.4042102499784
0.0 1743.0 54.0 157.0 988.3820949142912
0.0 1683.0 88.0 255.0 1556.4581207928452
0.0 1609.0 105.0 587.0 2284.324759472674
0.0 1795.0 25.0 85.0 508.08533244367356
0.0 1453.0 206.0 799.0 3746.132179957227
0.0 1589.0 110.0 686.0 2471.429903366424
0.0 1551.0 161.0 507.0 2815.6566117091434
0.0 1453.0 206.0 799.0 3746.132179957227
0.0 1695.0 64.0 380.0 1416.3752037252054
0.0 1763.0 42.0 134.0 793.1665526467996
0.0 1743.0 54.0 157.0 988.3820949142912
0.0 1743.0 54.0 157.0 988.3820949142912
0.0 1601.0 138.0 385.0 2337.3135229326867
0.0 1733.0 58.0 184.0 1062.2804709721452
0.0 1775.0 36.0 110.0 694.8128438400504
0.0 1789.0 29.0 91.0 562.7303688409457
0.0 1299.0 288.0 1245.0 5304.4698551174815
0.0 1813.0 14.0 68.0 342.71739532954666
0.0 1311.0 280.0 1221.0 5153.877057804309
0.0 1659.0 98.0 303.0 1765.5962615743442
0.0 1841.0 4.0 26.0 84.26302048765143
0.0 1253.0 308.0 1428.0 5769.799416771243
0.0 1299.0 288.0 1245.0 5304.4698551174815
0.0 1421.0 228.0 855.0 4095.146918149987
0.0 1833.0 6.0 44.0 139.09433259281013
0.0 1833.0 6.0 44.0 139.09433259281013
0.0 1755.0 44.0 151.0 875.7362559694254
0.0 1789.0 29.0 91.0 562.7303688409457
0.0 1793.0 23.0 104.0 507.8655215091484
0.0 1373.0 252.0 1003.0 4576.885518292252
0.0 1535.0 172.0 537.0 2969.801285942286
0.0 1535.0 172.0 537.0 2969.801285942286
0.0 1311.0 280.0 1221.0 5153.877057804309
0.0 1421.0 228.0 855.0 4095.146918149987
0.0 1647.0 105.0 329.0 1891.2439502989216
0.0 1373.0 252.0 1003.0 4576.885518292252
0.0 1391.0 246.0 942.0 4389.014735262302
0.0 1695.0 64.0 380.0 1416.3752037252054
0.0 1385.0 231.0 1063.0 4424.277760022077
0.0 1655.0 83.0 509.0 1856.5065018001994
0.0 1385.0 231.0 1063.0 4424.277760022077
0.0 1713.0 60.0 285.0 1250.410890495572
0.0 1793.0 23.0 104.0 507.8655215091484
0.0 1535.0 172.0 537.0 2969.801285942286
0.0 1509.0 174.0 660.0 3208.1678995603943
0.0 1755.0 44.0 151.0 875.7362559694254
0.0 1749.0 40.0 243.0 928.8413070640603
0.0 1349.0 263.0 1082.0 4796.363874136334
0.0 1535.0 172.0 537.0 2969.801285942286
0.0 1629.0 115.0 361.0 2064.704920294874
0.0 1357.0 249.0 1125.0 4683.354550417563
0.0 1535.0 172.0 537.0 2969.801285942286
0.0 1841.0 4.0 26.0 84.26302048765143
0.0 1497.0 162.0 878.0 3335.8984590070418
0.0 1561.0 127.0 721.0 2727.7069627246583
0.0 1645.0 106.0 333.0 1913.5905207979742
0.0 1841.0 3.0 33.0 75.05118999051787
0.0 1793.0 23.0 104.0 507.8655215091484
0.0 1837.0 5.0 34.0 115.13862625892494
0.0 1829.0 7.0 51.0 184.18447199565728
0.0 1427.0 208.0 958.0 3977.0411161419893
0.0 1733.0 58.0 184.0 1062.2804709721452
0.0 1561.0 127.0 721.0 2727.7069627246583
0.0 1555.0 130.0 736.0 2782.068440169939
0.0 1331.0 271.0 1145.0 4969.153434163214
0.0 1429.0 224.0 833.0 4006.1058727506897
0.0 1457.0 210.0 758.0 3735.620991019194
0.0 1723.0 62.0 201.0 1164.5821206901583
0.0 1427.0 208.0 958.0 3977.0411161419893
0.0 1741.0 55.0 160.0 1010.9538786253363
0.0 1829.0 7.0 51.0 184.18447199565728
0.0 1835.0 5.0 41.0 126.60894925902448
0.0 1805.0 20.0 71.0 414.8219833258314
0.0 1589.0 110.0 686.0 2471.429903366424
0.0 1813.0 14.0 68.0 342.71739532954666
0.0 1815.0 13.0 65.0 325.3492075238474
0.0 1741.0 55.0 160.0 1010.9538786253363
0.0 1619.0 117.0 408.0 2136.0202468934876
0.0 1733.0 58.0 184.0 1062.2804709721452
0.0 1587.0 139.0 449.0 2453.709260922415
0.0 1581.0 140.0 470.0 2520.3141681792686
0.0 1601.0 138.0 385.0 2337.3135229326867
0.0 1349.0 264.0 1079.0 4790.9029662481325
0.0 1835.0 5.0 41.0 126.60894925902448
0.0 1671.0 90.0 285.0 1664.4970170081008
0.0 1733.0 58.0 184.0 1062.2804709721452
0.0 1545.0 166.0 512.0 2878.2288854386634
0.0 1253.0 313.0 1400.0 5785.4658947614
0.0 1647.0 105.0 329.0 1891.2439502989216
0.0 1647.0 105.0 329.0 1891.2439502989216
0.0 1683.0 88.0 255.0 1556.4581207928452
0.0 1619.0 117.0 408.0 2136.0202468934876
0.0 1457.0 210.0 758.0 3735.620991019194
0.0 1509.0 186.0 602.0 3218.324041364691
0.0 1509.0 186.0 602.0 3218.324041364691
0.0 1407.0 237.0 895.0 4224.923582720768
0.0 1823.0 10.0 55.0 247.09153128998136
0.0 1775.0 36.0 110.0 694.8128438400504
0.0 1723.0 62.0 201.0 1164.5821206901583
0.0 1509.0 186.0 602.0 3218.324041364691
0.0 1705.0 75.0 218.0 1332.004569369963
0.0 1241.0 318.0 1453.0 5896.102201683312
0.0 1705.0 75.0 218.0 1332.004569369963
0.0 1683.0 88.0 255.0 1556.4581207928452
0.0 1769.0 37.0 130.0 735.2029161783782
0.0 1843.0 3.0 26.0 63.58086699041833
0.0 1843.0 3.0 26.0 63.58086699041833
0.0 1383.0 247.0 975.0 4465.7587537662985
0.0 1843.0 3.0 26.0 63.58086699041833
0.0 1843.0 3.0 26.0 63.58086699041833
0.0 1843.0 3.0 26.0 63.58086699041833
0.0 1843.0 3.0 26.0 63.58086699041833
0.0 1617.0 126.0 362.0 2188.2348480476517
0.0 1637.0 112.0 337.0 2008.2614320515502
0.0 1769.0 37.0 130.0 735.2029161783782
0.0 1683.0 88.0 255.0 1556.4581207928452
0.0 1819.0 14.0 48.0 291.171816995773
0.0 1559.0 155.0 501.0 2727.0592152772924
0.0 1633.0 111.0 359.0 2036.980162411988
0.0 1667.0 94.0 287.0 1692.2217748909864
0.0 1701.0 78.0 221.0 1376.7101033524636
0.0 1655.0 83.0 509.0 1856.5065018001994
0.0 1567.0 151.0 482.0 2652.79451955071
0.0 1609.0 105.0 587.0 2284.324759472674
0.0 1237.0 318.0 1480.0 5939.119161142561
0.0 1843.0 3.0 26.0 63.58086699041833
0.0 1823.0 10.0 55.0 247.09153128998136
0.0 1843.0 3.0 26.0 63.58086699041833
0.0 1707.0 74.0 215.0 1309.432785658918
0.0 1555.0 130.0 736.0 2782.068440169939
0.0 1843.0 3.0 26.0 63.58086699041833
0.0 1819.0 14.0 48.0 291.171816995773
0.0 1843.0 3.0 26.0 63.58086699041833
0.0 1383.0 247.0 975.0 4465.7587537662985
0.0 1757.0 51.0 120.0 868.153549742002
0.0 1483.0 192.0 704.0 3472.8594637251495
0.0 1843.0 3.0 26.0 63.58086699041833
0.0 1843.0 3.0 26.0 63.58086699041833
0.0 1555.0 130.0 736.0 2782.068440169939
0.0 1843.0 3.0 26.0 63.58086699041833
0.0 1843.0 3.0 26.0 63.58086699041833
0.0 1601.0 138.0 385.0 2337.3135229326867
0.0 1843.0 3.0 26.0 63.58086699041833
0.0 1601.0 138.0 385.0 2337.3135229326867
0.0 1843.0 3.0 26.0 63.58086699041833
0.0 1813.0 14.0 68.0 342.71739532954666
0.0 1601.0 138.0 385.0 2337.3135229326867
0.0 1843.0 3.0 26.0 63.58086699041833
0.0 1843.0 3.0 26.0 63.58086699041833
0.0 1655.0 83.0 509.0 1856.5065018001994
0.0 1409.0 235.0 891.0 4212.095598034411
0.0 1719.0 65.0 205.0 1202.8138107631924
0.0 1553.0 160.0 503.0 2793.3100412100907
0.0 1505.0 158.0 848.0 3258.8866776579275
0.0 1795.0 25.0 85.0 508.08533244367356
0.0 1237.0 318.0 1480.0 5939.119161142561
0.0 1237.0 318.0 1480.0 5939.119161142561
0.0 1237.0 318.0 1480.0 5939.119161142561
0.0 1237.0 318.0 1480.0 5939.119161142561
0.0 1471.0 198.0 738.0 3587.1078314747106
0.0 1373.0 252.0 1003.0 4576.885518292252
0.0 1471.0 198.0 738.0 3587.1078314747106
0.0 1299.0 289.0 1241.0 5302.364432510329
0.0 1433.0 222.0 823.0 3963.902598549699
0.0 1815.0 13.0 65.0 325.3492075238474
0.0 1671.0 90.0 285.0 1664.4970170081008
0.0 1253.0 308.0 1428.0 5769.799416771243
0.0 1491.0 193.0 662.0 3386.7659558113774
0.0 1237.0 318.0 1480.0 5939.119161142561
0.0 1491.0 193.0 662.0 3386.7659558113774
0.0 1389.0 229.0 1052.0 4387.033723577885
0.0 1237.0 318.0 1480.0 5939.119161142561
0.0 1843.0 3.0 26.0 63.58086699041833
0.0 1775.0 36.0 110.0 694.8128438400504
0.0 1749.0 49.0 155.0 933.6998924378468
0.0 1619.0 117.0 408.0 2136.0202468934876
0.0 1781.0 30.0 117.0 635.7917922168882
0.0 1323.0 276.0 1168.0 5044.9194689671385
0.0 1491.0 193.0 662.0 3386.7659558113774
0.0 1323.0 276.0 1168.0 5044.9194689671385
0.0 1483.0 192.0 704.0 3472.8594637251495
0.0 1283.0 295.0 1308.0 5446.179694372258
0.0 1769.0 37.0 130.0 735.2029161783782
0.0 1769.0 37.0 130.0 735.2029161783782
0.0 1781.0 30.0 117.0 635.7917922168882
0.0 1545.0 166.0 512.0 2878.2288854386634
0.0 1545.0 166.0 512.0 2878.2288854386634
0.0 1781.0 30.0 117.0 635.7917922168882
0.0 1637.0 112.0 337.0 2008.2614320515502
0.0 1629.0 115.0 361.0 2064.704920294874
0.0 1609.0 105.0 587.0 2284.324759472674
0.0 1695.0 81.0 236.0 1424.4136065361747
0.0 1799.0 19.0 103.0 459.97197075516306
0.0 1551.0 161.0 507.0 2815.6566117091434
0.0 1719.0 65.0 205.0 1202.8138107631924
0.0 1497.0 162.0 878.0 3335.8984590070418
0.0 1567.0 151.0 482.0 2652.79451955071
0.0 1695.0 81.0 236.0 1424.4136065361747
0.0 1545.0 166.0 512.0 2878.2288854386634
0.0 1567.0 151.0 482.0 2652.79451955071
0.0 1567.0 151.0 482.0 2652.79451955071
0.0 1505.0 158.0 848.0 3258.8866776579275
0.0 1695.0 81.0 236.0 1424.4136065361747
0.0 1239.0 318.0 1465.0 5919.453092335206
0.0 1609.0 105.0 587.0 2284.324759472674
0.0 1467.0 200.0 750.0 3631.19127815013
0.0 1407.0 237.0 895.0 4224.923582720768
0.0 1721.0 67.0 194.0 1168.8994458678706
0.0 1617.0 126.0 362.0 2188.2348480476517
0.0 1337.0 268.0 1126.0 4903.260186605283
0.0 1695.0 64.0 380.0 1416.3752037252054
0.0 1657.0 100.0 303.0 1785.945699481657
0.0 1341.0 267.0 1109.0 4867.035694693756
0.0 1695.0 64.0 380.0 1416.3752037252054
0.0 1617.0 126.0 362.0 2188.2348480476517
0.0 1749.0 40.0 243.0 928.8413070640603
0.0 1831.0 7.0 44.0 164.85261057226583
0.0 1275.0 300.0 1328.0 5558.237938155099
0.0 1363.0 258.0 1032.0 4668.373083308258
0.0 1617.0 126.0 362.0 2188.2348480476517
0.0 1617.0 126.0 362.0 2188.2348480476517
0.0 1431.0 206.0 947.0 3939.797079697798
0.0 1431.0 206.0 947.0 3939.797079697798
0.0 1657.0 100.0 303.0 1785.945699481657
0.0 1769.0 37.0 130.0 735.2029161783782
0.0 1711.0 70.0 213.0 1281.7080277760322
0.0 1657.0 100.0 303.0 1785.945699481657
0.0 1695.0 64.0 380.0 1416.3752037252054
0.0 1457.0 210.0 758.0 3735.620991019194
0.0 1265.0 302.0 1386.0 5639.300817100571
0.0 1603.0 107.0 612.0 2328.3601841901655
0.0 1583.0 142.0 454.0 2496.0403867600344
0.0 1603.0 107.0 612.0 2328.3601841901655
0.0 1263.0 309.0 1364.0 5671.174108591255
0.0 1805.0 20.0 71.0 414.8219833258314
0.0 1805.0 20.0 71.0 414.8219833258314
0.0 1667.0 94.0 287.0 1692.2217748909864
0.0 1667.0 94.0 287.0 1692.2217748909864
0.0 1789.0 29.0 91.0 562.7303688409457
0.0 1775.0 36.0 110.0 694.8128438400504
0.0 1587.0 139.0 449.0 2453.709260922415
0.0 1701.0 78.0 221.0 1376.7101033524636
0.0 1793.0 23.0 104.0 507.8655215091484
0.0 1819.0 11.0 65.0 273.5186981842367
0.0 1553.0 160.0 503.0 2793.3100412100907
0.0 1633.0 111.0 359.0 2036.980162411988
0.0 1583.0 142.0 454.0 2496.0403867600344
0.0 1331.0 271.0 1145.0 4969.153434163214
0.0 1349.0 264.0 1079.0 4790.9029662481325
0.0 1285.0 294.0 1300.0 5427.9748397210715
0.0 1589.0 110.0 686.0 2471.429903366424
0.0 1497.0 162.0 878.0 3335.8984590070418
0.0 1819.0 11.0 65.0 273.5186981842367
0.0 1637.0 112.0 337.0 2008.2614320515502
0.0 1389.0 229.0 1052.0 4387.033723577885
0.0 1803.0 17.0 97.0 426.9834359369073
0.0 1433.0 222.0 823.0 3963.902598549699
0.0 1285.0 294.0 1300.0 5427.9748397210715
0.0 1433.0 222.0 823.0 3963.902598549699
0.0 1357.0 249.0 1125.0 4683.354550417563
