0.0 1701.0 94.0 160.0 1399.1251143478967
0.0 1237.0 318.0 1480.0 5939.119161142561
0.0 1613.0 90.0 659.0 2246.840187245161
0.0 1659.0 72.0 479.0 1822.7909709763228
0.0 1495.0 159.0 869.0 3382.1312212781186
0.0 1237.0 318.0 1480.0 5939.119161142561
0.0 1591.0 161.0 362.0 2450.915820593271
0.0 1671.0 113.0 215.0 1664.804505492381
0.0 1829.0 7.0 48.0 173.62453356752334
0.0 1587.0 111.0 639.0 2488.865104464724
0.0 1651.0 76.0 499.0 1895.9408570083947
0.0 1731.0 71.0 131.0 1094.3099356209168
0.0 1759.0 51.0 114.0 816.6146156255104
0.0 1619.0 149.0 284.0 2177.395965174688
0.0 1251.0 313.0 1414.0 5790.5082142696265
0.0 1711.0 47.0 369.0 1331.8153909666992
0.0 1315.0 278.0 1203.0 5184.402263090136
0.0 1761.0 50.0 110.0 798.9417333462507
0.0 1717.0 45.0 346.0 1275.6173215431404
0.0 1591.0 161.0 362.0 2450.915820593271
0.0 1711.0 47.0 369.0 1331.8153909666992
0.0 1637.0 85.0 521.0 2022.1247023159644
0.0 1687.0 62.0 402.0 1534.9809929817627
0.0 1711.0 47.0 369.0 1331.8153909666992
0.0 1237.0 318.0 1480.0 5939.119161142561
0.0 1603.0 156.0 330.0 2353.237102220056
0.0 1637.0 85.0 521.0 2022.1247023159644
0.0 1767.0 44.0 107.0 746.7673714249294
0.0 1711.0 47.0 369.0 1331.8153909666992
0.0 1687.0 62.0 402.0 1534.9809929817627
0.0 1431.0 194.0 1038.0 4009.5090073674132
0.0 1809.0 16.0 76.0 360.71185485733196
0.0 1237.0 318.0 1480.0 5939.119161142561
0.0 1619.0 149.0 284.0 2177.395965174688
0.0 1591.0 161.0 362.0 2450.915820593271
0.0 1649.0 77.0 503.0 1913.6137392876544
0.0 1619.0 149.0 284.0 2177.395965174688
0.0 1459.0 219.0 721.0 3750.3700831347237
0.0 1731.0 71.0 131.0 1094.3099356209168
0.0 1251.0 313.0 1414.0 5790.5082142696265
0.0 1407.0 209.0 1087.0 4266.0622829707345
0.0 1643.0 79.0 524.0 1985.8059395443618
0.0 1237.0 318.0 1480.0 5939.119161142561
0.0 1843.0 3.0 26.0 63.58086699041833
0.0 1619.0 149.0 284.0 2177.395965174688
0.0 1431.0 194.0 1038.0 4009.5090073674132
0.0 1619.0 149.0 284.0 2177.395965174688
0.0 1787.0 20.0 158.0 565.8752467313095
0.0 1843.0 3.0 26.0 63.58086699041833
0.0 1659.0 72.0 479.0 1822.7909709763228
0.0 1441.0 231.0 769.0 3935.3727613604538
0.0 1843.0 3.0 26.0 63.58086699041833
0.0 1441.0 231.0 769.0 3935.3727613604538
0.0 1843.0 3.0 26.0 63.58086699041833
0.0 1819.0 12.0 57.0 270.77778001115234
0.0 1843.0 3.0 26.0 63.58086699041833
0.0 1701.0 94.0 160.0 1399.1251143478967
0.0 1741.0 67.0 109.0 1017.3539135126376
0.0 1843.0 3.0 26.0 63.58086699041833
0.0 1729.0 41.0 308.0 1164.377400738811
0.0 1795.0 25.0 86.0 483.27432634022335
0.0 1701.0 94.0 160.0 1399.1251143478967
0.0 1731.0 71.0 131.0 1094.3099356209168
0.0 1601.0 96.0 690.0 2354.8458982427264
0.0 1843.0 3.0 26.0 63.58086699041833
0.0 1747.0 37.0 241.0 965.419672085102
0.0 1441.0 231.0 769.0 3935.3727613604538
0.0 1747.0 55.0 141.0 931.6037343944511
0.0 1747.0 37.0 241.0 965.419672085102
0.0 1715.0 86.0 140.0 1265.8779098295993
0.0 1661.0 71.0 475.0 1805.118088697063
0.0 1575.0 116.0 672.0 2600.1622209119014
0.0 1661.0 71.0 475.0 1805.118088697063
0.0 1677.0 105.0 226.0 1601.5390187390753
0.0 1413.0 206.0 1069.0 4203.201912500522
0.0 1699.0 95.0 164.0 1416.7979966271564
0.0 1459.0 219.0 721.0 3750.3700831347237
0.0 1357.0 243.0 1162.0 4752.011131320745
0.0 1555.0 176.0 450.0 2816.3572624565713
0.0 1303.0 286.0 1232.0 5303.141445020164
0.0 1315.0 278.0 1203.0 5184.402263090136
0.0 1263.0 308.0 1370.0 5658.195515537297
0.0 1555.0 176.0 450.0 2816.3572624565713
0.0 1699.0 95.0 164.0 1416.7979966271564
0.0 1701.0 94.0 160.0 1399.1251143478967
0.0 1671.0 113.0 215.0 1664.804505492381
0.0 1623.0 92.0 563.0 2150.087834400518
0.0 1501.0 197.0 609.0 3331.4754842559355
0.0 1285.0 296.0 1287.0 5495.5228182219535
0.0 1699.0 95.0 164.0 1416.7979966271564
0.0 1837.0 4.0 32.0 112.19887231552694
0.0 1299.0 288.0 1245.0 5352.601111969278
0.0 1787.0 20.0 158.0 565.8752467313095
0.0 1285.0 296.0 1287.0 5495.5228182219535
0.0 1331.0 270.0 1148.0 5026.70223763005
0.0 1795.0 25.0 86.0 483.27432634022335
0.0 1717.0 45.0 346.0 1275.6173215431404
0.0 1781.0 37.0 88.0 617.8068223523244
0.0 1239.0 317.0 1470.0 5918.790352245768
0.0 1781.0 37.0 88.0 617.8068223523244
0.0 1239.0 317.0 1470.0 5918.790352245768
0.0 1339.0 265.0 1131.0 4929.201860144352
0.0 1781.0 37.0 88.0 617.8068223523244
0.0 1459.0 219.0 721.0 3750.3700831347237
0.0 1459.0 219.0 721.0 3750.3700831347237
0.0 1669.0 114.0 219.0 1682.4773877716407
0.0 1459.0 219.0 721.0 3750.3700831347237
0.0 1481.0 211.0 662.0 3531.658526430844
0.0 1413.0 206.0 1069.0 4203.201912500522
0.0 1839.0 3.0 29.0 99.71348898174129
0.0 1717.0 45.0 346.0 1275.6173215431404
0.0 1495.0 159.0 869.0 3382.1312212781186
0.0 1715.0 86.0 140.0 1265.8779098295993
0.0 1753.0 58.0 112.0 874.3776160692854
0.0 1559.0 123.0 725.0 2759.9204358311804
0.0 1339.0 265.0 1131.0 4929.201860144352
0.0 1559.0 123.0 725.0 2759.9204358311804
0.0 1425.0 240.0 817.0 4107.611898176013
0.0 1715.0 86.0 140.0 1265.8779098295993
0.0 1481.0 211.0 662.0 3531.658526430844
0.0 1453.0 181.0 983.0 3791.45631537876
0.0 1819.0 12.0 57.0 270.77778001115234
0.0 1643.0 134.0 244.0 1943.75664009181
0.0 1453.0 181.0 983.0 3791.45631537876
0.0 1737.0 69.0 118.0 1041.269845003484
0.0 1643.0 134.0 244.0 1943.75664009181
0.0 1803.0 23.0 71.0 401.10759990999924
0.0 1387.0 245.0 965.0 4485.786305817305
0.0 1727.0 40.0 328.0 1183.454365129422
0.0 1643.0 79.0 524.0 1985.8059395443618
0.0 1495.0 159.0 869.0 3382.1312212781186
0.0 1671.0 70.0 429.0 1694.7148380307665
0.0 1681.0 65.0 414.0 1593.0148524765789
0.0 1643.0 134.0 244.0 1943.75664009181
0.0 1453.0 181.0 983.0 3791.45631537876
0.0 1699.0 95.0 164.0 1416.7979966271564
0.0 1795.0 25.0 86.0 483.27432634022335
0.0 1405.0 249.0 879.0 4311.111451535673
0.0 1803.0 23.0 71.0 401.10759990999924
0.0 1829.0 7.0 48.0 173.62453356752334
0.0 1761.0 50.0 110.0 798.9417333462507
0.0 1787.0 20.0 158.0 565.8752467313095
0.0 1737.0 69.0 118.0 1041.269845003484
0.0 1643.0 134.0 244.0 1943.75664009181
0.0 1761.0 50.0 110.0 798.9417333462507
0.0 1819.0 12.0 57.0 270.77778001115234
0.0 1785.0 21.0 162.0 583.5481290105693
0.0 1563.0 173.0 424.0 2747.0198738378776
0.0 1643.0 134.0 244.0 1943.75664009181
0.0 1619.0 149.0 284.0 2177.395965174688
0.0 1737.0 69.0 118.0 1041.269845003484
0.0 1237.0 318.0 1480.0 5939.119161142561
0.0 1471.0 172.0 939.0 3605.0590699975023
0.0 1369.0 260.0 1017.0 4633.466289980686
0.0 1349.0 256.0 1127.0 4815.054222960241
0.0 1563.0 173.0 424.0 2747.0198738378776
0.0 1563.0 173.0 424.0 2747.0198738378776
0.0 1481.0 211.0 662.0 3531.658526430844
0.0 1613.0 90.0 659.0 2246.840187245161
0.0 1587.0 111.0 639.0 2488.865104464724
0.0 1727.0 40.0 328.0 1183.454365129422
0.0 1501.0 197.0 609.0 3331.4754842559355
0.0 1563.0 173.0 424.0 2747.0198738378776
0.0 1471.0 172.0 939.0 3605.0590699975023
0.0 1839.0 3.0 29.0 99.71348898174129
0.0 1501.0 197.0 609.0 3331.4754842559355
0.0 1819.0 12.0 57.0 270.77778001115234
0.0 1659.0 72.0 479.0 1822.7909709763228
0.0 1727.0 40.0 328.0 1183.454365129422
0.0 1349.0 256.0 1127.0 4815.054222960241
0.0 1501.0 197.0 609.0 3331.4754842559355
0.0 1819.0 12.0 57.0 270.77778001115234
0.0 1471.0 172.0 939.0 3605.0590699975023
0.0 1529.0 190.0 511.0 3073.3908845350657
0.0 1501.0 197.0 609.0 3331.4754842559355
0.0 1801.0 15.0 127.0 433.2132456831092
0.0 1665.0 117.0 227.0 1717.3595760204298
0.0 1601.0 96.0 690.0 2354.8458982427264
0.0 1565.0 120.0 710.0 2706.847591251885
0.0 1747.0 55.0 141.0 931.6037343944511
0.0 1563.0 173.0 424.0 2747.0198738378776
0.0 1727.0 40.0 328.0 1183.454365129422
0.0 1563.0 173.0 424.0 2747.0198738378776
0.0 1507.0 149.0 881.0 3279.841887368713
0.0 1601.0 96.0 690.0 2354.8458982427264
0.0 1777.0 38.0 99.0 649.4214881920539
0.0 1529.0 190.0 511.0 3073.3908845350657
0.0 1817.0 16.0 49.0 289.2305824081659
0.0 1281.0 298.0 1300.0 5544.982485171067
0.0 1555.0 176.0 450.0 2816.3572624565713
0.0 1579.0 116.0 649.0 2558.1897674005104
0.0 1263.0 308.0 1370.0 5658.195515537297
0.0 1269.0 301.0 1368.0 5610.972884409387
0.0 1603.0 156.0 330.0 2353.237102220056
0.0 1669.0 114.0 219.0 1682.4773877716407
0.0 1603.0 105.0 588.0 2333.1633396590037
0.0 1523.0 142.0 830.0 3112.890882885404
0.0 1649.0 77.0 503.0 1913.6137392876544
0.0 1753.0 29.0 282.0 907.7837981527813
0.0 1387.0 245.0 965.0 4485.786305817305
0.0 1459.0 219.0 721.0 3750.3700831347237
0.0 1575.0 116.0 672.0 2600.1622209119014
0.0 1575.0 116.0 672.0 2600.1622209119014
0.0 1777.0 38.0 99.0 649.4214881920539
0.0 1623.0 92.0 563.0 2150.087834400518
0.0 1809.0 16.0 76.0 360.71185485733196
0.0 1521.0 192.0 542.0 3142.9248865359127
0.0 1391.0 244.0 952.0 4427.675596753994
0.0 1547.0 178.0 479.0 2892.8034607458885
0.0 1761.0 50.0 110.0 798.9417333462507
0.0 1753.0 29.0 282.0 907.7837981527813
0.0 1777.0 38.0 99.0 649.4214881920539
0.0 1753.0 29.0 282.0 907.7837981527813
0.0 1291.0 292.0 1273.0 5433.135814536987
0.0 1405.0 249.0 879.0 4311.111451535673
0.0 1753.0 29.0 282.0 907.7837981527813
0.0 1797.0 25.0 79.0 469.3325427797536
0.0 1737.0 69.0 118.0 1041.269845003484
0.0 1255.0 311.0 1400.0 5753.049216778727
0.0 1597.0 106.0 615.0 2398.042336153393
0.0 1771.0 26.0 207.0 721.0420163470176
0.0 1699.0 95.0 164.0 1416.7979966271564
0.0 1643.0 134.0 244.0 1943.75664009181
0.0 1357.0 243.0 1162.0 4752.011131320745
0.0 1543.0 130.0 784.0 2916.211133523772
0.0 1357.0 243.0 1162.0 4752.011131320745
0.0 1543.0 130.0 784.0 2916.211133523772
0.0 1391.0 244.0 952.0 4427.675596753994
0.0 1543.0 130.0 784.0 2916.211133523772
0.0 1687.0 62.0 402.0 1534.9809929817627
0.0 1631.0 82.0 602.0 2089.8745917498786
0.0 1615.0 151.0 296.0 2211.750689567106
0.0 1687.0 62.0 402.0 1534.9809929817627
0.0 1643.0 134.0 244.0 1943.75664009181
0.0 1751.0 35.0 235.0 926.3213650281389
0.0 1771.0 26.0 207.0 721.0420163470176
0.0 1643.0 134.0 244.0 1943.75664009181
0.0 1839.0 3.0 29.0 99.71348898174129
0.0 1843.0 3.0 26.0 63.58086699041833
0.0 1843.0 3.0 26.0 63.58086699041833
0.0 1843.0 3.0 26.0 63.58086699041833
0.0 1843.0 3.0 26.0 63.58086699041833
0.0 1839.0 3.0 29.0 99.71348898174129
0.0 1339.0 265.0 1131.0 4929.201860144352
0.0 1437.0 191.0 1014.0 3953.336325580542
0.0 1839.0 3.0 29.0 99.71348898174129
0.0 1843.0 3.0 26.0 63.58086699041833
0.0 1839.0 3.0 29.0 99.71348898174129
0.0 1591.0 161.0 362.0 2450.915820593271
0.0 1843.0 3.0 26.0 63.58086699041833
0.0 1591.0 161.0 362.0 2450.915820593271
0.0 1843.0 3.0 26.0 63.58086699041833
0.0 1369.0 260.0 1017.0 4633.466289980686
0.0 1843.0 3.0 26.0 63.58086699041833
0.0 1839.0 3.0 29.0 99.71348898174129
0.0 1843.0 3.0 26.0 63.58086699041833
0.0 1603.0 105.0 588.0 2333.1633396590037
0.0 1535.0 186.0 503.0 3011.8257725056005
0.0 1407.0 209.0 1087.0 4266.0622829707345
0.0 1407.0 209.0 1087.0 4266.0622829707345
0.0 1507.0 149.0 881.0 3279.841887368713
0.0 1631.0 82.0 602.0 2089.8745917498786
0.0 1731.0 71.0 131.0 1094.3099356209168
0.0 1809.0 16.0 76.0 360.71185485733196
0.0 1543.0 130.0 784.0 2916.211133523772
0.0 1837.0 4.0 32.0 112.19887231552694
0.0 1833.0 5.0 43.0 143.81353815525637
0.0 1809.0 16.0 76.0 360.71185485733196
0.0 1671.0 113.0 215.0 1664.804505492381
0.0 1613.0 90.0 659.0 2246.840187245161
0.0 1671.0 113.0 215.0 1664.804505492381
0.0 1307.0 284.0 1218.0 5265.682447529264
0.0 1615.0 151.0 296.0 2211.750689567106
0.0 1543.0 130.0 784.0 2916.211133523772
0.0 1769.0 27.0 211.0 738.7148986262773
0.0 1671.0 70.0 429.0 1694.7148380307665
0.0 1677.0 105.0 226.0 1601.5390187390753
0.0 1829.0 7.0 48.0 173.62453356752334
0.0 1665.0 117.0 227.0 1717.3595760204298
0.0 1681.0 65.0 414.0 1593.0148524765789
0.0 1331.0 270.0 1148.0 5026.70223763005
0.0 1529.0 190.0 511.0 3073.3908845350657
0.0 1529.0 190.0 511.0 3073.3908845350657
0.0 1419.0 235.0 860.0 4133.185825596606
0.0 1829.0 7.0 48.0 173.62453356752334
0.0 1559.0 123.0 725.0 2759.9204358311804
0.0 1507.0 153.0 848.0 3239.198037247483
0.0 1303.0 286.0 1232.0 5303.141445020164
0.0 1521.0 192.0 542.0 3142.9248865359127
0.0 1837.0 4.0 32.0 112.19887231552694
0.0 1711.0 87.0 151.0 1297.4925756693287
0.0 1793.0 26.0 90.0 500.9472086194831
0.0 1615.0 151.0 296.0 2211.750689567106
0.0 1523.0 142.0 830.0 3112.890882885404
0.0 1523.0 142.0 830.0 3112.890882885404
0.0 1787.0 20.0 158.0 565.8752467313095
0.0 1425.0 240.0 817.0 4107.611898176013
0.0 1731.0 71.0 131.0 1094.3099356209168
0.0 1237.0 318.0 1480.0 5939.119161142561
0.0 1237.0 318.0 1480.0 5939.119161142561
