0.0 1555.0 167.0 453.0 2797.4581214024274
0.0 1465.0 220.0 648.0 3657.995530024928
0.0 1465.0 168.0 970.0 3767.5565456367976
0.0 1643.0 84.0 497.0 1992.0803701165755
0.0 1615.0 139.0 323.0 2207.903751791206
0.0 1423.0 244.0 763.0 4106.839272117642
0.0 1841.0 4.0 26.0 74.07502408781437
0.0 1389.0 215.0 1139.0 4510.677208562766
0.0 1373.0 263.0 937.0 4571.605257266085
0.0 1529.0 184.0 492.0 3051.499421449214
0.0 1755.0 35.0 218.0 870.0453778272124
0.0 1571.0 161.0 411.0 2633.2788819337284
0.0 1237.0 318.0 1480.0 5939.119161142561
0.0 1529.0 184.0 492.0 3051.499421449214
0.0 1551.0 122.0 782.0 2909.192113964198
0.0 1237.0 318.0 1480.0 5939.119161142561
0.0 1829.0 8.0 42.0 184.75176532388903
0.0 1423.0 244.0 763.0 4106.839272117642
0.0 1827.0 9.0 43.0 205.2629290634765
0.0 1835.0 7.0 30.0 128.33015421736545
0.0 1507.0 145.0 867.0 3362.243093726418
0.0 1617.0 90.0 616.0 2263.4244883599436
0.0 1571.0 161.0 411.0 2633.2788819337284
0.0 1501.0 149.0 875.0 3398.4310202059573
0.0 1839.0 3.0 33.0 104.77024100676405
0.0 1373.0 263.0 937.0 4571.605257266085
0.0 1821.0 9.0 64.0 266.2704016759553
0.0 1619.0 135.0 323.0 2166.3092704493533
0.0 1551.0 122.0 782.0 2909.192113964198
0.0 1237.0 318.0 1480.0 5939.119161142561
0.0 1603.0 143.0 345.0 2340.0765283915534
0.0 1507.0 145.0 867.0 3362.243093726418
0.0 1821.0 9.0 64.0 266.2704016759553
0.0 1501.0 149.0 875.0 3398.4310202059573
0.0 1537.0 131.0 784.0 3055.337123696623
0.0 1501.0 149.0 875.0 3398.4310202059573
0.0 1619.0 135.0 323.0 2166.3092704493533
0.0 1545.0 174.0 472.0 2894.264702532123
0.0 1237.0 318.0 1480.0 5939.119161142561
0.0 1683.0 61.0 439.0 1597.026587000808
0.0 1501.0 149.0 875.0 3398.4310202059573
0.0 1713.0 80.0 161.0 1258.779268655473
0.0 1373.0 263.0 937.0 4571.605257266085
0.0 1697.0 55.0 401.0 1461.5454831194018
0.0 1553.0 166.0 471.0 2803.277746039651
0.0 1763.0 49.0 95.0 804.880244583076
0.0 1555.0 176.0 431.0 2807.779809398298
0.0 1237.0 318.0 1480.0 5939.119161142561
0.0 1515.0 191.0 529.0 3168.386709521243
0.0 1721.0 50.0 295.0 1225.3835059054377
0.0 1571.0 112.0 736.0 2707.919463744399
0.0 1619.0 135.0 323.0 2166.3092704493533
0.0 1839.0 3.0 33.0 104.77024100676405
0.0 1715.0 68.0 185.0 1271.4572540863655
0.0 1707.0 74.0 191.0 1347.6088768206357
0.0 1651.0 112.0 267.0 1891.049783623374
0.0 1791.0 28.0 83.0 541.1740569446839
0.0 1707.0 74.0 191.0 1347.6088768206357
0.0 1553.0 166.0 471.0 2803.277746039651
0.0 1839.0 3.0 33.0 104.77024100676405
0.0 1617.0 90.0 616.0 2263.4244883599436
0.0 1317.0 290.0 1128.0 5130.232353029758
0.0 1707.0 74.0 191.0 1347.6088768206357
0.0 1747.0 51.0 138.0 961.9305659798428
0.0 1843.0 3.0 26.0 63.58086699041833
0.0 1373.0 263.0 937.0 4571.605257266085
0.0 1693.0 92.0 187.0 1475.559873950496
0.0 1705.0 53.0 368.0 1384.4352881248326
0.0 1689.0 87.0 214.0 1520.0050469707728
0.0 1465.0 220.0 648.0 3657.995530024928
0.0 1675.0 102.0 211.0 1649.3216400137949
0.0 1327.0 287.0 1086.0 5030.577362968432
0.0 1617.0 90.0 616.0 2263.4244883599436
0.0 1635.0 122.0 293.0 2045.218451940495
0.0 1793.0 21.0 102.0 520.07727934893
0.0 1739.0 63.0 123.0 1021.8919389137537
0.0 1501.0 201.0 552.0 3349.6800625261562
0.0 1705.0 53.0 368.0 1384.4352881248326
0.0 1827.0 9.0 43.0 205.2629290634765
0.0 1705.0 53.0 368.0 1384.4352881248326
0.0 1515.0 191.0 529.0 3168.386709521243
0.0 1809.0 15.0 73.0 373.496127192352
0.0 1809.0 15.0 73.0 373.496127192352
0.0 1821.0 9.0 64.0 266.2704016759553
0.0 1809.0 15.0 73.0 373.496127192352
0.0 1763.0 44.0 113.0 786.4381521148881
0.0 1809.0 15.0 73.0 373.496127192352
0.0 1651.0 74.0 533.0 1946.7820846587601
0.0 1793.0 21.0 102.0 520.07727934893
0.0 1809.0 15.0 73.0 373.496127192352
0.0 1255.0 313.0 1380.0 5757.249988128365
0.0 1515.0 191.0 529.0 3168.386709521243
0.0 1651.0 74.0 533.0 1946.7820846587601
0.0 1515.0 191.0 529.0 3168.386709521243
0.0 1767.0 26.0 221.0 769.7757560797896
0.0 1811.0 14.0 73.0 352.23754413617394
0.0 1451.0 176.0 1013.0 3897.3001658005683
0.0 1571.0 112.0 736.0 2707.919463744399
0.0 1501.0 201.0 552.0 3349.6800625261562
0.0 1779.0 37.0 89.0 648.6576163901707
0.0 1629.0 87.0 567.0 2143.5456705853303
0.0 1811.0 14.0 73.0 352.23754413617394
0.0 1463.0 169.0 974.0 3784.264925278044
0.0 1635.0 122.0 293.0 2045.218451940495
0.0 1737.0 65.0 123.0 1042.8770049060192
0.0 1315.0 265.0 1305.0 5166.722484399527
0.0 1661.0 105.0 246.0 1804.7440407880222
0.0 1635.0 122.0 293.0 2045.218451940495
0.0 1463.0 169.0 974.0 3784.264925278044
0.0 1661.0 105.0 246.0 1804.7440407880222
0.0 1675.0 102.0 211.0 1649.3216400137949
0.0 1415.0 198.0 1087.0 4262.582744097808
0.0 1415.0 198.0 1087.0 4262.582744097808
0.0 1661.0 105.0 246.0 1804.7440407880222
0.0 1465.0 220.0 648.0 3657.995530024928
0.0 1463.0 169.0 974.0 3784.264925278044
0.0 1661.0 105.0 246.0 1804.7440407880222
0.0 1843.0 3.0 26.0 63.58086699041833
0.0 1415.0 198.0 1087.0 4262.582744097808
0.0 1359.0 270.0 980.0 4712.675763730738
0.0 1661.0 105.0 246.0 1804.7440407880222
0.0 1843.0 3.0 26.0 63.58086699041833
0.0 1843.0 3.0 26.0 63.58086699041833
0.0 1241.0 317.0 1457.0 5891.8040543911475
0.0 1605.0 139.0 353.0 2312.701322393495
0.0 1843.0 3.0 26.0 63.58086699041833
0.0 1737.0 65.0 123.0 1042.8770049060192
0.0 1571.0 112.0 736.0 2707.919463744399
0.0 1843.0 3.0 26.0 63.58086699041833
0.0 1587.0 150.0 386.0 2475.8986705087063
0.0 1415.0 198.0 1087.0 4262.582744097808
0.0 1597.0 103.0 640.0 2445.296231312673
0.0 1347.0 242.0 1244.0 4900.538575827864
0.0 1515.0 191.0 529.0 3168.386709521243
0.0 1423.0 244.0 763.0 4106.839272117642
0.0 1585.0 152.0 386.0 2500.826676702773
0.0 1605.0 139.0 353.0 2312.701322393495
0.0 1481.0 213.0 599.0 3527.592849776363
0.0 1537.0 131.0 784.0 3055.337123696623
0.0 1317.0 290.0 1128.0 5130.232353029758
0.0 1439.0 235.0 722.0 3904.023512139514
0.0 1593.0 147.0 372.0 2425.424657142339
0.0 1347.0 242.0 1244.0 4900.538575827864
0.0 1675.0 102.0 211.0 1649.3216400137949
0.0 1679.0 99.0 207.0 1617.7005454651087
0.0 1537.0 131.0 784.0 3055.337123696623
0.0 1605.0 139.0 353.0 2312.701322393495
0.0 1585.0 152.0 386.0 2500.826676702773
0.0 1255.0 313.0 1380.0 5757.249988128365
0.0 1603.0 143.0 345.0 2340.0765283915534
0.0 1399.0 209.0 1112.0 4409.739276073217
0.0 1649.0 114.0 267.0 1915.9777898174407
0.0 1399.0 209.0 1112.0 4409.739276073217
0.0 1439.0 235.0 722.0 3904.023512139514
0.0 1603.0 143.0 345.0 2340.0765283915534
0.0 1241.0 317.0 1457.0 5891.8040543911475
0.0 1525.0 136.0 830.0 3149.956709745076
0.0 1581.0 106.0 719.0 2612.114640959251
0.0 1797.0 19.0 99.0 486.3333129589663
0.0 1649.0 114.0 267.0 1915.9777898174407
0.0 1713.0 80.0 161.0 1258.779268655473
0.0 1725.0 64.0 163.0 1171.384609869417
0.0 1451.0 228.0 689.0 3797.5698042479394
0.0 1793.0 21.0 102.0 520.07727934893
0.0 1713.0 80.0 161.0 1258.779268655473
0.0 1725.0 64.0 163.0 1171.384609869417
0.0 1451.0 228.0 689.0 3797.5698042479394
0.0 1737.0 65.0 123.0 1042.8770049060192
0.0 1773.0 32.0 130.0 698.940300658971
0.0 1481.0 213.0 599.0 3527.592849776363
0.0 1767.0 26.0 221.0 769.7757560797896
0.0 1779.0 37.0 89.0 648.6576163901707
0.0 1723.0 73.0 147.0 1166.335123304575
0.0 1661.0 68.0 520.0 1837.635027559398
0.0 1573.0 156.0 420.0 2618.643300110745
0.0 1541.0 179.0 469.0 2939.4279127124437
0.0 1263.0 310.0 1342.0 5672.227183414583
0.0 1661.0 68.0 520.0 1837.635027559398
0.0 1355.0 273.0 990.0 4752.716196916652
0.0 1389.0 215.0 1139.0 4510.677208562766
0.0 1345.0 243.0 1253.0 4918.083128090728
0.0 1725.0 64.0 163.0 1171.384609869417
0.0 1679.0 99.0 207.0 1617.7005454651087
0.0 1751.0 55.0 113.0 901.725331768651
0.0 1327.0 287.0 1086.0 5030.577362968432
0.0 1651.0 112.0 267.0 1891.049783623374
0.0 1753.0 31.0 272.0 936.1363681965187
0.0 1355.0 273.0 990.0 4752.716196916652
0.0 1721.0 50.0 295.0 1225.3835059054377
0.0 1721.0 50.0 295.0 1225.3835059054377
0.0 1593.0 147.0 372.0 2425.424657142339
0.0 1779.0 37.0 89.0 648.6576163901707
0.0 1723.0 73.0 147.0 1166.335123304575
0.0 1745.0 37.0 271.0 992.0281782253935
0.0 1263.0 310.0 1342.0 5672.227183414583
0.0 1279.0 304.0 1277.0 5507.718101903355
0.0 1263.0 310.0 1342.0 5672.227183414583
0.0 1675.0 95.0 234.0 1668.9444420871857
0.0 1771.0 33.0 133.0 714.0925051844556
0.0 1373.0 263.0 937.0 4571.605257266085
0.0 1661.0 68.0 520.0 1837.635027559398
0.0 1843.0 3.0 26.0 63.58086699041833
0.0 1843.0 3.0 26.0 63.58086699041833
0.0 1789.0 22.0 117.0 560.4065416846503
0.0 1617.0 90.0 616.0 2263.4244883599436
0.0 1279.0 304.0 1277.0 5507.718101903355
0.0 1279.0 304.0 1277.0 5507.718101903355
0.0 1371.0 228.0 1173.0 4650.544894484878
0.0 1739.0 63.0 123.0 1021.8919389137537
0.0 1617.0 90.0 616.0 2263.4244883599436
0.0 1617.0 90.0 616.0 2263.4244883599436
0.0 1551.0 122.0 782.0 2909.192113964198
0.0 1279.0 304.0 1277.0 5507.718101903355
0.0 1747.0 51.0 138.0 961.9305659798428
0.0 1789.0 22.0 117.0 560.4065416846503
0.0 1597.0 103.0 640.0 2445.296231312673
0.0 1345.0 277.0 1026.0 4864.191873301893
0.0 1803.0 19.0 82.0 417.8018393655495
0.0 1411.0 251.0 796.0 4213.292980009217
0.0 1767.0 26.0 221.0 769.7757560797896
0.0 1493.0 206.0 566.0 3421.1391418847884
0.0 1767.0 26.0 221.0 769.7757560797896
0.0 1827.0 9.0 45.0 197.23714865767468
0.0 1411.0 251.0 796.0 4213.292980009217
0.0 1581.0 106.0 719.0 2612.114640959251
0.0 1525.0 136.0 830.0 3149.956709745076
0.0 1581.0 106.0 719.0 2612.114640959251
0.0 1707.0 74.0 191.0 1347.6088768206357
0.0 1843.0 3.0 26.0 63.58086699041833
0.0 1763.0 44.0 113.0 786.4381521148881
0.0 1843.0 3.0 26.0 63.58086699041833
0.0 1525.0 136.0 830.0 3149.956709745076
0.0 1693.0 92.0 187.0 1475.559873950496
0.0 1751.0 55.0 113.0 901.725331768651
0.0 1843.0 3.0 26.0 63.58086699041833
0.0 1843.0 3.0 26.0 63.58086699041833
0.0 1531.0 182.0 492.0 3030.514355456948
0.0 1751.0 55.0 113.0 901.725331768651
0.0 1735.0 59.0 148.0 1082.0971731249456
0.0 1581.0 106.0 719.0 2612.114640959251
0.0 1581.0 106.0 719.0 2612.114640959251
0.0 1411.0 251.0 796.0 4213.292980009217
0.0 1305.0 295.0 1173.0 5262.627076326415
0.0 1631.0 124.0 303.0 2085.0564367504417
0.0 1411.0 251.0 796.0 4213.292980009217
0.0 1635.0 122.0 293.0 2045.218451940495
0.0 1841.0 4.0 26.0 74.07502408781437
0.0 1639.0 119.0 289.0 2013.5973573918086
0.0 1841.0 4.0 26.0 74.07502408781437
0.0 1837.0 6.0 27.0 115.84477088357983
0.0 1797.0 19.0 99.0 486.3333129589663
0.0 1773.0 32.0 130.0 698.940300658971
0.0 1745.0 37.0 271.0 992.0281782253935
0.0 1305.0 295.0 1173.0 5262.627076326415
0.0 1763.0 49.0 95.0 804.880244583076
0.0 1465.0 168.0 970.0 3767.5565456367976
0.0 1629.0 87.0 567.0 2143.5456705853303
0.0 1675.0 102.0 211.0 1649.3216400137949
0.0 1697.0 55.0 401.0 1461.5454831194018
0.0 1573.0 156.0 420.0 2618.643300110745
0.0 1531.0 182.0 492.0 3030.514355456948
0.0 1763.0 44.0 113.0 786.4381521148881
0.0 1843.0 3.0 26.0 63.58086699041833
0.0 1843.0 3.0 26.0 63.58086699041833
0.0 1843.0 3.0 26.0 63.58086699041833
0.0 1841.0 4.0 26.0 74.07502408781437
0.0 1755.0 35.0 218.0 870.0453778272124
0.0 1689.0 87.0 214.0 1520.0050469707728
0.0 1539.0 176.0 485.0 2958.807892172557
0.0 1827.0 9.0 45.0 197.23714865767468
0.0 1679.0 62.0 458.0 1635.4638116509439
0.0 1697.0 55.0 401.0 1461.5454831194018
0.0 1689.0 87.0 214.0 1520.0050469707728
0.0 1679.0 62.0 458.0 1635.4638116509439
0.0 1697.0 55.0 401.0 1461.5454831194018
0.0 1529.0 184.0 492.0 3051.499421449214
0.0 1679.0 62.0 458.0 1635.4638116509439
0.0 1451.0 176.0 1013.0 3897.3001658005683
0.0 1661.0 68.0 520.0 1837.635027559398
0.0 1451.0 176.0 1013.0 3897.3001658005683
0.0 1829.0 8.0 42.0 184.75176532388903
0.0 1493.0 206.0 566.0 3421.1391418847884
0.0 1439.0 235.0 722.0 3904.023512139514
0.0 1631.0 124.0 303.0 2085.0564367504417
0.0 1493.0 206.0 566.0 3421.1391418847884
0.0 1493.0 206.0 566.0 3421.1391418847884
0.0 1771.0 33.0 133.0 714.0925051844556
0.0 1781.0 36.0 86.0 636.172233056385
0.0 1595.0 149.0 360.0 2397.7379944277377
0.0 1715.0 68.0 185.0 1271.4572540863655
0.0 1485.0 159.0 918.0 3553.1026465637947
0.0 1473.0 216.0 625.0 3591.582255319267
0.0 1473.0 216.0 625.0 3591.582255319267
0.0 1683.0 61.0 439.0 1597.026587000808
0.0 1643.0 84.0 497.0 1992.0803701165755
0.0 1793.0 21.0 102.0 520.07727934893
0.0 1571.0 161.0 411.0 2633.2788819337284
0.0 1571.0 161.0 411.0 2633.2788819337284
0.0 1237.0 318.0 1480.0 5939.119161142561
0.0 1237.0 318.0 1480.0 5939.119161142561
