0.0 1841.0 4.0 28.0 78.24970700582024
0.0 1245.0 315.0 1441.0 5853.045872782278
0.0 1237.0 318.0 1480.0 5939.119161142561
0.0 1285.0 298.0 1273.0 5476.383498329231
0.0 1525.0 181.0 581.0 3079.691321537608
0.0 1843.0 3.0 26.0 63.58086699041833
0.0 1237.0 318.0 1480.0 5939.119161142561
0.0 1609.0 95.0 636.0 2281.383552713359
0.0 1609.0 95.0 636.0 2281.383552713359
0.0 1615.0 136.0 365.0 2237.6706949045993
0.0 1721.0 50.0 307.0 1195.0812957979795
0.0 1843.0 3.0 26.0 63.58086699041833
0.0 1609.0 95.0 636.0 2281.383552713359
0.0 1625.0 128.0 355.0 2132.964840291235
0.0 1747.0 56.0 144.0 951.8061911291685
0.0 1843.0 3.0 26.0 63.58086699041833
0.0 1635.0 120.0 348.0 2027.598988603996
0.0 1429.0 232.0 846.0 3995.143749965192
0.0 1743.0 41.0 263.0 978.1190075212224
0.0 1843.0 3.0 26.0 63.58086699041833
0.0 1407.0 242.0 905.0 4227.72622627077
0.0 1843.0 3.0 26.0 63.58086699041833
0.0 1821.0 12.0 55.0 253.9190384602965
0.0 1237.0 318.0 1480.0 5939.119161142561
0.0 1743.0 41.0 263.0 978.1190075212224
0.0 1315.0 263.0 1326.0 5154.185506956368
0.0 1237.0 318.0 1480.0 5939.119161142561
0.0 1843.0 3.0 26.0 63.58086699041833
0.0 1803.0 22.0 76.0 406.0649498400137
0.0 1843.0 3.0 26.0 63.58086699041833
0.0 1495.0 154.0 902.0 3434.4659589112625
0.0 1821.0 12.0 55.0 253.9190384602965
0.0 1615.0 136.0 365.0 2237.6706949045993
0.0 1469.0 169.0 967.0 3628.0203657687025
0.0 1237.0 318.0 1480.0 5939.119161142561
0.0 1843.0 3.0 26.0 63.58086699041833
0.0 1625.0 128.0 355.0 2132.964840291235
0.0 1843.0 3.0 26.0 63.58086699041833
0.0 1595.0 101.0 673.0 2427.5812948269895
0.0 1803.0 22.0 76.0 406.0649498400137
0.0 1345.0 246.0 1231.0 4885.021036746696
0.0 1843.0 3.0 26.0 63.58086699041833
0.0 1599.0 136.0 434.0 2337.828581587787
0.0 1287.0 298.0 1263.0 5459.231253811956
0.0 1821.0 12.0 55.0 253.9190384602965
0.0 1775.0 38.0 112.0 661.1124253769261
0.0 1803.0 22.0 76.0 406.0649498400137
0.0 1843.0 3.0 26.0 63.58086699041833
0.0 1737.0 60.0 168.0 1038.409475193026
0.0 1747.0 56.0 144.0 951.8061911291685
0.0 1615.0 136.0 365.0 2237.6706949045993
0.0 1843.0 3.0 26.0 63.58086699041833
0.0 1737.0 60.0 168.0 1038.409475193026
0.0 1665.0 71.0 475.0 1749.9883440041467
0.0 1715.0 51.0 339.0 1241.2706042170344
0.0 1803.0 22.0 76.0 406.0649498400137
0.0 1419.0 198.0 1100.0 4164.49260793486
0.0 1615.0 136.0 365.0 2237.6706949045993
0.0 1843.0 3.0 26.0 63.58086699041833
0.0 1729.0 70.0 161.0 1109.4010191509856
0.0 1601.0 144.0 395.0 2356.2488802395096
0.0 1785.0 26.0 149.0 569.3591278320077
0.0 1537.0 173.0 560.0 2980.438212424593
0.0 1651.0 107.0 330.0 1865.4330361790724
0.0 1763.0 44.0 136.0 769.627822812396
0.0 1537.0 173.0 560.0 2980.438212424593
0.0 1657.0 110.0 295.0 1824.3141854049454
0.0 1525.0 181.0 581.0 3079.691321537608
0.0 1601.0 99.0 648.0 2370.909196529319
0.0 1649.0 78.0 520.0 1903.8644003590182
0.0 1713.0 79.0 193.0 1267.839884827078
0.0 1509.0 145.0 884.0 3292.4257547530183
0.0 1591.0 103.0 685.0 2471.0365794167074
0.0 1569.0 154.0 491.0 2654.568026764608
0.0 1727.0 70.0 168.0 1123.3428027114553
0.0 1537.0 173.0 560.0 2980.438212424593
0.0 1803.0 22.0 76.0 406.0649498400137
0.0 1549.0 120.0 819.0 2884.3066233097147
0.0 1263.0 309.0 1355.0 5680.274450042221
0.0 1537.0 173.0 560.0 2980.438212424593
0.0 1453.0 215.0 797.0 3783.30962777268
0.0 1689.0 61.0 408.0 1508.8939270969329
0.0 1309.0 289.0 1188.0 5235.162066323077
0.0 1309.0 289.0 1188.0 5235.162066323077
0.0 1669.0 104.0 269.0 1702.7155195327834
0.0 1631.0 83.0 594.0 2089.4414067886123
0.0 1667.0 108.0 259.0 1736.9938427130253
0.0 1419.0 198.0 1100.0 4164.49260793486
0.0 1549.0 120.0 819.0 2884.3066233097147
0.0 1727.0 70.0 168.0 1123.3428027114553
0.0 1537.0 173.0 560.0 2980.438212424593
0.0 1351.0 269.0 1067.0 4779.949058451606
0.0 1457.0 218.0 776.0 3729.818265938433
0.0 1667.0 108.0 259.0 1736.9938427130253
0.0 1667.0 108.0 259.0 1736.9938427130253
0.0 1689.0 61.0 408.0 1508.8939270969329
0.0 1689.0 89.0 247.0 1460.307689570919
0.0 1775.0 38.0 112.0 661.1124253769261
0.0 1475.0 207.0 732.0 3557.8177240933082
0.0 1631.0 83.0 594.0 2089.4414067886123
0.0 1475.0 207.0 732.0 3557.8177240933082
0.0 1439.0 184.0 1061.0 3956.3077700261892
0.0 1593.0 146.0 418.0 2440.9554981036504
0.0 1591.0 103.0 685.0 2471.0365794167074
0.0 1439.0 184.0 1061.0 3956.3077700261892
0.0 1593.0 146.0 418.0 2440.9554981036504
0.0 1373.0 228.0 1163.0 4604.319907833702
0.0 1475.0 207.0 732.0 3557.8177240933082
0.0 1469.0 169.0 967.0 3628.0203657687025
0.0 1549.0 120.0 819.0 2884.3066233097147
0.0 1439.0 184.0 1061.0 3956.3077700261892
0.0 1549.0 120.0 819.0 2884.3066233097147
0.0 1373.0 228.0 1163.0 4604.319907833702
0.0 1549.0 120.0 819.0 2884.3066233097147
0.0 1549.0 120.0 819.0 2884.3066233097147
0.0 1391.0 253.0 933.0 4397.8287986109835
0.0 1549.0 120.0 819.0 2884.3066233097147
0.0 1387.0 219.0 1138.0 4481.2044756337555
0.0 1631.0 83.0 594.0 2089.4414067886123
0.0 1573.0 110.0 746.0 2672.716451237612
0.0 1391.0 253.0 933.0 4397.8287986109835
0.0 1709.0 82.0 200.0 1294.531971196658
0.0 1631.0 83.0 594.0 2089.4414067886123
0.0 1649.0 78.0 520.0 1903.8644003590182
0.0 1631.0 83.0 594.0 2089.4414067886123
0.0 1457.0 218.0 776.0 3729.818265938433
0.0 1495.0 154.0 902.0 3434.4659589112625
0.0 1765.0 47.0 119.0 750.9725478229791
0.0 1641.0 82.0 532.0 1993.3900441749781
0.0 1351.0 269.0 1067.0 4779.949058451606
0.0 1833.0 7.0 35.0 152.99180289799935
0.0 1669.0 104.0 269.0 1702.7155195327834
0.0 1243.0 316.0 1448.0 5871.751327772675
0.0 1685.0 63.0 416.0 1554.8144173576623
0.0 1509.0 145.0 884.0 3292.4257547530183
0.0 1509.0 145.0 884.0 3292.4257547530183
0.0 1729.0 70.0 161.0 1109.4010191509856
0.0 1841.0 4.0 28.0 78.24970700582024
0.0 1295.0 296.0 1233.0 5377.489691250554
0.0 1469.0 169.0 967.0 3628.0203657687025
0.0 1469.0 169.0 967.0 3628.0203657687025
0.0 1803.0 22.0 76.0 406.0649498400137
0.0 1391.0 253.0 933.0 4397.8287986109835
0.0 1763.0 44.0 136.0 769.627822812396
0.0 1439.0 184.0 1061.0 3956.3077700261892
0.0 1569.0 154.0 491.0 2654.568026764608
0.0 1569.0 154.0 491.0 2654.568026764608
0.0 1783.0 33.0 107.0 593.477087423448
0.0 1401.0 247.0 911.0 4296.891275464921
0.0 1811.0 19.0 67.0 327.94460350635535
0.0 1523.0 140.0 850.0 3104.7172223994303
0.0 1243.0 316.0 1448.0 5871.751327772675
0.0 1749.0 54.0 144.0 929.8940777575561
0.0 1401.0 247.0 911.0 4296.891275464921
0.0 1677.0 99.0 255.0 1641.840501710833
0.0 1715.0 51.0 339.0 1241.2706042170344
0.0 1419.0 239.0 863.0 4132.5033145842235
0.0 1763.0 34.0 203.0 798.1130958057475
0.0 1713.0 79.0 193.0 1267.839884827078
0.0 1677.0 66.0 450.0 1630.9583782636005
0.0 1667.0 108.0 259.0 1736.9938427130253
0.0 1725.0 49.0 292.0 1151.9321105710335
0.0 1725.0 49.0 292.0 1151.9321105710335
0.0 1755.0 52.0 136.0 851.137341547639
0.0 1503.0 147.0 916.0 3354.9786033594924
0.0 1509.0 187.0 637.0 3233.284231133567
0.0 1667.0 108.0 259.0 1736.9938427130253
0.0 1663.0 72.0 473.0 1783.1504656740233
0.0 1635.0 120.0 348.0 2027.598988603996
0.0 1803.0 22.0 76.0 406.0649498400137
0.0 1509.0 187.0 637.0 3233.284231133567
0.0 1429.0 232.0 846.0 3995.143749965192
0.0 1515.0 182.0 629.0 3175.8241333220076
0.0 1429.0 232.0 846.0 3995.143749965192
0.0 1429.0 232.0 846.0 3995.143749965192
0.0 1509.0 187.0 637.0 3233.284231133567
0.0 1391.0 253.0 933.0 4397.8287986109835
0.0 1823.0 12.0 51.0 230.59373382105113
0.0 1753.0 39.0 211.0 902.3880155056008
0.0 1715.0 51.0 339.0 1241.2706042170344
0.0 1649.0 114.0 315.0 1892.0585391713644
0.0 1715.0 51.0 339.0 1241.2706042170344
0.0 1843.0 3.0 26.0 63.58086699041833
0.0 1245.0 315.0 1441.0 5853.045872782278
0.0 1843.0 3.0 26.0 63.58086699041833
0.0 1753.0 39.0 211.0 902.3880155056008
0.0 1559.0 163.0 501.0 2748.0739934318653
0.0 1789.0 31.0 89.0 554.8702082450005
0.0 1709.0 82.0 200.0 1294.531971196658
0.0 1789.0 31.0 89.0 554.8702082450005
0.0 1527.0 177.0 593.0 3072.010403298186
0.0 1257.0 311.0 1386.0 5738.601603113874
0.0 1721.0 50.0 307.0 1195.0812957979795
0.0 1503.0 147.0 916.0 3354.9786033594924
0.0 1595.0 101.0 673.0 2427.5812948269895
0.0 1595.0 101.0 673.0 2427.5812948269895
0.0 1741.0 42.0 267.0 992.366890444464
0.0 1567.0 156.0 496.0 2653.3672367299478
0.0 1833.0 7.0 35.0 152.99180289799935
0.0 1811.0 19.0 67.0 327.94460350635535
0.0 1761.0 46.0 136.0 789.8689707042968
0.0 1559.0 163.0 501.0 2748.0739934318653
0.0 1811.0 19.0 67.0 327.94460350635535
0.0 1515.0 182.0 629.0 3175.8241333220076
0.0 1559.0 163.0 501.0 2748.0739934318653
0.0 1559.0 163.0 501.0 2748.0739934318653
0.0 1559.0 163.0 501.0 2748.0739934318653
0.0 1499.0 194.0 661.0 3335.817068061482
0.0 1327.0 279.0 1139.0 5031.690014555718
0.0 1315.0 263.0 1326.0 5154.185506956368
0.0 1663.0 72.0 473.0 1783.1504656740233
0.0 1783.0 33.0 107.0 593.477087423448
0.0 1327.0 279.0 1139.0 5031.690014555718
0.0 1833.0 7.0 35.0 152.99180289799935
0.0 1641.0 82.0 532.0 1993.3900441749781
0.0 1685.0 63.0 416.0 1554.8144173576623
0.0 1363.0 261.0 1038.0 4663.818472543505
0.0 1453.0 215.0 797.0 3783.30962777268
0.0 1285.0 298.0 1273.0 5476.383498329231
0.0 1689.0 89.0 247.0 1460.307689570919
0.0 1689.0 89.0 247.0 1460.307689570919
0.0 1695.0 59.0 384.0 1462.5281899757072
0.0 1689.0 89.0 247.0 1460.307689570919
0.0 1689.0 89.0 247.0 1460.307689570919
0.0 1689.0 89.0 247.0 1460.307689570919
0.0 1285.0 298.0 1273.0 5476.383498329231
0.0 1695.0 59.0 384.0 1462.5281899757072
0.0 1665.0 71.0 475.0 1749.9883440041467
0.0 1363.0 261.0 1038.0 4663.818472543505
0.0 1601.0 144.0 395.0 2356.2488802395096
0.0 1729.0 70.0 161.0 1109.4010191509856
0.0 1729.0 70.0 161.0 1109.4010191509856
0.0 1499.0 194.0 661.0 3335.817068061482
0.0 1381.0 221.0 1177.0 4524.832552281933
0.0 1499.0 194.0 661.0 3335.817068061482
0.0 1677.0 66.0 450.0 1630.9583782636005
0.0 1597.0 141.0 421.0 2378.042654791742
0.0 1601.0 144.0 395.0 2356.2488802395096
0.0 1767.0 45.0 119.0 730.7313999310783
0.0 1263.0 309.0 1355.0 5680.274450042221
0.0 1263.0 309.0 1355.0 5680.274450042221
0.0 1439.0 184.0 1061.0 3956.3077700261892
0.0 1381.0 221.0 1177.0 4524.832552281933
0.0 1571.0 111.0 750.0 2695.0630217366647
0.0 1599.0 136.0 434.0 2337.828581587787
0.0 1833.0 7.0 35.0 152.99180289799935
0.0 1755.0 52.0 136.0 851.137341547639
0.0 1327.0 279.0 1139.0 5031.690014555718
0.0 1625.0 128.0 355.0 2132.964840291235
0.0 1833.0 7.0 35.0 152.99180289799935
0.0 1567.0 156.0 496.0 2653.3672367299478
0.0 1625.0 128.0 355.0 2132.964840291235
0.0 1663.0 72.0 473.0 1783.1504656740233
0.0 1483.0 200.0 717.0 3489.409977657442
0.0 1345.0 246.0 1231.0 4885.021036746696
0.0 1821.0 12.0 55.0 253.9190384602965
0.0 1657.0 110.0 295.0 1824.3141854049454
0.0 1821.0 12.0 55.0 253.9190384602965
0.0 1593.0 146.0 418.0 2440.9554981036504
0.0 1641.0 115.0 340.0 1970.1388907924365
0.0 1821.0 12.0 55.0 253.9190384602965
0.0 1327.0 279.0 1139.0 5031.690014555718
0.0 1833.0 7.0 35.0 152.99180289799935
0.0 1471.0 168.0 963.0 3610.3474834894423
0.0 1789.0 31.0 89.0 554.8702082450005
0.0 1483.0 200.0 717.0 3489.409977657442
0.0 1843.0 3.0 26.0 63.58086699041833
0.0 1843.0 3.0 26.0 63.58086699041833
0.0 1419.0 239.0 863.0 4132.5033145842235
0.0 1775.0 38.0 112.0 661.1124253769261
0.0 1775.0 38.0 112.0 661.1124253769261
0.0 1641.0 115.0 340.0 1970.1388907924365
0.0 1699.0 90.0 210.0 1399.2378258100223
0.0 1609.0 95.0 636.0 2281.383552713359
0.0 1649.0 78.0 520.0 1903.8644003590182
0.0 1749.0 54.0 144.0 929.8940777575561
0.0 1699.0 90.0 210.0 1399.2378258100223
0.0 1775.0 38.0 112.0 661.1124253769261
0.0 1833.0 7.0 35.0 152.99180289799935
0.0 1795.0 26.0 94.0 477.55256800598545
0.0 1775.0 38.0 112.0 661.1124253769261
0.0 1727.0 70.0 168.0 1123.3428027114553
0.0 1843.0 3.0 26.0 63.58086699041833
0.0 1843.0 3.0 26.0 63.58086699041833
0.0 1843.0 3.0 26.0 63.58086699041833
0.0 1453.0 215.0 797.0 3783.30962777268
0.0 1785.0 26.0 149.0 569.3591278320077
0.0 1741.0 42.0 267.0 992.366890444464
0.0 1795.0 26.0 94.0 477.55256800598545
0.0 1795.0 26.0 94.0 477.55256800598545
0.0 1363.0 261.0 1038.0 4663.818472543505
0.0 1573.0 110.0 746.0 2672.716451237612
0.0 1573.0 110.0 746.0 2672.716451237612
0.0 1555.0 120.0 781.0 2825.7603719953822
0.0 1709.0 82.0 200.0 1294.531971196658
0.0 1763.0 34.0 203.0 798.1130958057475
0.0 1705.0 56.0 349.0 1364.4240672449343
0.0 1705.0 56.0 349.0 1364.4240672449343
0.0 1237.0 318.0 1480.0 5939.119161142561
0.0 1237.0 318.0 1480.0 5939.119161142561
