0.0 1555.0 131.0 701.0 2791.0041227744255
0.0 1715.0 56.0 322.0 1237.4508530336527
0.0 1389.0 225.0 1103.0 4391.61508060544
0.0 1687.0 88.0 229.0 1516.788555583429
0.0 1571.0 157.0 434.0 2691.7898723836406
0.0 1587.0 145.0 411.0 2538.6002069225565
0.0 1587.0 145.0 411.0 2538.6002069225565
0.0 1469.0 176.0 917.0 3658.8770468379557
0.0 1687.0 88.0 229.0 1516.788555583429
0.0 1703.0 85.0 174.0 1382.3470634135458
0.0 1647.0 115.0 278.0 1915.088200298076
0.0 1353.0 264.0 1062.0 4790.526402102208
0.0 1647.0 115.0 278.0 1915.088200298076
0.0 1597.0 138.0 394.0 2430.804983386044
0.0 1671.0 79.0 366.0 1695.5562705414125
0.0 1555.0 131.0 701.0 2791.0041227744255
0.0 1585.0 117.0 614.0 2498.288855722113
0.0 1477.0 172.0 888.0 3585.2843257745703
0.0 1705.0 63.0 293.0 1355.7328814449018
0.0 1389.0 225.0 1103.0 4391.61508060544
0.0 1671.0 79.0 366.0 1695.5562705414125
0.0 1353.0 264.0 1062.0 4790.526402102208
0.0 1381.0 253.0 962.0 4543.827070571119
0.0 1353.0 264.0 1062.0 4790.526402102208
0.0 1607.0 110.0 516.0 2305.0389529901568
0.0 1381.0 253.0 962.0 4543.827070571119
0.0 1247.0 315.0 1422.0 5818.673092077276
0.0 1785.0 35.0 76.0 613.9647155032143
0.0 1643.0 90.0 471.0 1933.3978774943673
0.0 1367.0 257.0 1019.0 4658.369614997391
0.0 1703.0 85.0 174.0 1382.3470634135458
0.0 1415.0 214.0 1004.0 4136.948272622102
0.0 1703.0 85.0 174.0 1382.3470634135458
0.0 1705.0 63.0 293.0 1355.7328814449018
0.0 1703.0 85.0 174.0 1382.3470634135458
0.0 1643.0 90.0 471.0 1933.3978774943673
0.0 1623.0 126.0 339.0 2162.0523187856993
0.0 1705.0 63.0 293.0 1355.7328814449018
0.0 1483.0 169.0 883.0 3511.1585224300616
0.0 1709.0 80.0 172.0 1326.6851498253995
0.0 1721.0 72.0 154.0 1222.269413666956
0.0 1779.0 27.0 151.0 670.460249387944
0.0 1767.0 46.0 95.0 775.0446537157776
0.0 1755.0 40.0 178.0 879.1626780434286
0.0 1721.0 72.0 154.0 1222.269413666956
0.0 1521.0 181.0 570.0 3151.287184841513
0.0 1359.0 245.0 1166.0 4687.750163362451
0.0 1803.0 17.0 111.0 425.013290362616
0.0 1521.0 181.0 570.0 3151.287184841513
0.0 1617.0 136.0 333.0 2210.3215069791804
0.0 1755.0 55.0 104.0 877.4018389074765
0.0 1247.0 315.0 1422.0 5818.673092077276
0.0 1829.0 9.0 42.0 196.52798682088323
0.0 1617.0 136.0 333.0 2210.3215069791804
0.0 1357.0 261.0 1055.0 4755.387788265169
0.0 1521.0 181.0 570.0 3151.287184841513
0.0 1779.0 27.0 151.0 670.460249387944
0.0 1745.0 58.0 125.0 985.4473304957651
0.0 1779.0 27.0 151.0 670.460249387944
0.0 1735.0 68.0 128.0 1072.7112281021289
0.0 1547.0 140.0 659.0 2896.5943915983776
0.0 1477.0 172.0 888.0 3585.2843257745703
0.0 1605.0 132.0 386.0 2344.3654794524746
0.0 1735.0 68.0 128.0 1072.7112281021289
0.0 1755.0 55.0 104.0 877.4018389074765
0.0 1421.0 212.0 967.0 4111.518653701453
0.0 1509.0 153.0 830.0 3261.3740807868667
0.0 1745.0 58.0 125.0 985.4473304957651
0.0 1709.0 80.0 172.0 1326.6851498253995
0.0 1763.0 48.0 102.0 801.7779199728049
0.0 1633.0 96.0 488.0 2026.9392988156935
0.0 1715.0 56.0 322.0 1237.4508530336527
0.0 1763.0 48.0 102.0 801.7779199728049
0.0 1749.0 41.0 207.0 932.801091016398
0.0 1711.0 62.0 264.0 1302.0944684719325
0.0 1711.0 62.0 264.0 1302.0944684719325
0.0 1661.0 106.0 260.0 1787.3301383830642
0.0 1605.0 132.0 386.0 2344.3654794524746
0.0 1673.0 98.0 240.0 1655.3734397494445
0.0 1561.0 163.0 456.0 2785.965324297867
0.0 1673.0 98.0 240.0 1655.3734397494445
0.0 1673.0 98.0 240.0 1655.3734397494445
0.0 1673.0 98.0 240.0 1655.3734397494445
0.0 1687.0 88.0 229.0 1516.788555583429
0.0 1673.0 98.0 240.0 1655.3734397494445
0.0 1597.0 138.0 394.0 2430.804983386044
0.0 1239.0 318.0 1461.0 5910.684149736962
0.0 1239.0 318.0 1461.0 5910.684149736962
0.0 1259.0 308.0 1387.0 5698.981570920253
0.0 1823.0 15.0 33.0 253.2151496512005
0.0 1415.0 214.0 1004.0 4136.948272622102
0.0 1477.0 172.0 888.0 3585.2843257745703
0.0 1367.0 257.0 1019.0 4658.369614997391
0.0 1563.0 162.0 452.0 2763.6187537988144
0.0 1469.0 176.0 917.0 3658.8770468379557
0.0 1539.0 173.0 511.0 2999.4091110510994
0.0 1843.0 3.0 26.0 63.58086699041833
0.0 1775.0 42.0 84.0 696.8295951284011
0.0 1843.0 3.0 26.0 63.58086699041833
0.0 1469.0 176.0 917.0 3658.8770468379557
0.0 1641.0 119.0 289.0 1981.137848791423
0.0 1333.0 273.0 1121.0 5006.31791835502
0.0 1791.0 31.0 71.0 551.7715249387344
0.0 1749.0 41.0 207.0 932.801091016398
0.0 1333.0 273.0 1121.0 5006.31791835502
0.0 1571.0 157.0 434.0 2691.7898723836406
0.0 1641.0 119.0 289.0 1981.137848791423
0.0 1759.0 52.0 102.0 836.7780532272524
0.0 1811.0 18.0 57.0 367.9068555487757
0.0 1617.0 136.0 333.0 2210.3215069791804
0.0 1569.0 149.0 471.0 2698.8516484970337
0.0 1319.0 281.0 1165.0 5140.913433908728
0.0 1755.0 55.0 104.0 877.4018389074765
0.0 1671.0 79.0 366.0 1695.5562705414125
0.0 1575.0 152.0 435.0 2650.213763868849
0.0 1633.0 96.0 488.0 2026.9392988156935
0.0 1775.0 42.0 84.0 696.8295951284011
0.0 1623.0 126.0 339.0 2162.0523187856993
0.0 1279.0 299.0 1312.0 5501.188087967013
0.0 1319.0 281.0 1165.0 5140.913433908728
0.0 1633.0 96.0 488.0 2026.9392988156935
0.0 1661.0 106.0 260.0 1787.3301383830642
0.0 1661.0 106.0 260.0 1787.3301383830642
0.0 1795.0 21.0 119.0 502.04275814870755
0.0 1623.0 126.0 339.0 2162.0523187856993
0.0 1597.0 114.0 541.0 2396.521743848713
0.0 1741.0 46.0 216.0 1004.6754072214719
0.0 1503.0 194.0 601.0 3343.2166697743846
0.0 1815.0 19.0 41.0 330.2446174372923
0.0 1815.0 19.0 41.0 330.2446174372923
0.0 1829.0 9.0 42.0 196.52798682088323
0.0 1509.0 153.0 830.0 3261.3740807868667
0.0 1827.0 12.0 33.0 217.9372985454868
0.0 1785.0 35.0 76.0 613.9647155032143
0.0 1641.0 119.0 289.0 1981.137848791423
0.0 1575.0 123.0 631.0 2591.830277043439
0.0 1237.0 318.0 1480.0 5939.119161142561
0.0 1405.0 246.0 867.0 4310.226010806607
0.0 1237.0 318.0 1480.0 5939.119161142561
0.0 1421.0 212.0 967.0 4111.518653701453
0.0 1237.0 318.0 1480.0 5939.119161142561
0.0 1489.0 200.0 635.0 3481.769879034978
0.0 1681.0 75.0 337.0 1606.6400064627298
0.0 1533.0 139.0 786.0 3015.9412223545924
0.0 1449.0 224.0 731.0 3878.5655113133334
0.0 1333.0 273.0 1121.0 5006.31791835502
0.0 1597.0 114.0 541.0 2396.521743848713
0.0 1449.0 224.0 731.0 3878.5655113133334
0.0 1449.0 224.0 731.0 3878.5655113133334
0.0 1769.0 33.0 168.0 737.6503335201337
0.0 1597.0 114.0 541.0 2396.521743848713
0.0 1575.0 152.0 435.0 2650.213763868849
0.0 1573.0 158.0 425.0 2673.9424710921935
0.0 1533.0 139.0 786.0 3015.9412223545924
0.0 1259.0 308.0 1387.0 5698.981570920253
0.0 1769.0 33.0 168.0 737.6503335201337
0.0 1489.0 200.0 635.0 3481.769879034978
0.0 1389.0 225.0 1103.0 4391.61508060544
0.0 1389.0 225.0 1103.0 4391.61508060544
0.0 1389.0 225.0 1103.0 4391.61508060544
0.0 1597.0 114.0 541.0 2396.521743848713
0.0 1279.0 299.0 1312.0 5501.188087967013
0.0 1587.0 145.0 411.0 2538.6002069225565
0.0 1791.0 31.0 71.0 551.7715249387344
0.0 1741.0 46.0 216.0 1004.6754072214719
0.0 1741.0 46.0 216.0 1004.6754072214719
0.0 1843.0 3.0 26.0 63.58086699041833
0.0 1415.0 244.0 824.0 4205.204962195782
0.0 1843.0 3.0 26.0 63.58086699041833
0.0 1843.0 3.0 26.0 63.58086699041833
0.0 1843.0 3.0 26.0 63.58086699041833
0.0 1843.0 3.0 26.0 63.58086699041833
0.0 1681.0 75.0 337.0 1606.6400064627298
0.0 1843.0 3.0 26.0 63.58086699041833
0.0 1415.0 244.0 824.0 4205.204962195782
0.0 1415.0 244.0 824.0 4205.204962195782
0.0 1843.0 3.0 26.0 63.58086699041833
0.0 1575.0 123.0 631.0 2591.830277043439
0.0 1465.0 214.0 703.0 3713.53315176726
0.0 1843.0 3.0 26.0 63.58086699041833
0.0 1815.0 15.0 57.0 332.62900444306194
0.0 1533.0 139.0 786.0 3015.9412223545924
0.0 1415.0 244.0 824.0 4205.204962195782
0.0 1533.0 139.0 786.0 3015.9412223545924
0.0 1561.0 163.0 456.0 2785.965324297867
0.0 1465.0 214.0 703.0 3713.53315176726
0.0 1507.0 189.0 598.0 3296.078396495687
0.0 1279.0 299.0 1312.0 5501.188087967013
0.0 1615.0 126.0 366.0 2255.098493005235
0.0 1843.0 3.0 26.0 63.58086699041833
0.0 1835.0 8.0 29.0 132.9723303875244
0.0 1843.0 3.0 26.0 63.58086699041833
0.0 1843.0 3.0 26.0 63.58086699041833
0.0 1507.0 189.0 598.0 3296.078396495687
0.0 1405.0 246.0 867.0 4310.226010806607
0.0 1507.0 189.0 598.0 3296.078396495687
0.0 1507.0 189.0 598.0 3296.078396495687
0.0 1789.0 26.0 111.0 550.0085145344866
0.0 1843.0 3.0 26.0 63.58086699041833
0.0 1613.0 106.0 509.0 2260.447248769158
0.0 1843.0 3.0 26.0 63.58086699041833
0.0 1243.0 317.0 1438.0 5866.353203687902
0.0 1835.0 8.0 29.0 132.9723303875244
0.0 1843.0 3.0 26.0 63.58086699041833
0.0 1843.0 3.0 26.0 63.58086699041833
0.0 1585.0 117.0 614.0 2498.288855722113
0.0 1843.0 3.0 26.0 63.58086699041833
0.0 1547.0 140.0 659.0 2896.5943915983776
0.0 1613.0 106.0 509.0 2260.447248769158
0.0 1843.0 3.0 26.0 63.58086699041833
0.0 1303.0 291.0 1214.0 5273.644870935593
0.0 1841.0 4.0 28.0 81.01897202248458
0.0 1307.0 284.0 1226.0 5228.322781958376
0.0 1303.0 291.0 1214.0 5273.644870935593
0.0 1307.0 284.0 1226.0 5228.322781958376
0.0 1843.0 3.0 26.0 63.58086699041833
0.0 1657.0 86.0 397.0 1817.0028608642049
0.0 1613.0 106.0 509.0 2260.447248769158
0.0 1811.0 18.0 57.0 367.9068555487757
0.0 1415.0 244.0 824.0 4205.204962195782
0.0 1643.0 90.0 471.0 1933.3978774943673
0.0 1797.0 28.0 65.0 492.1801621847092
0.0 1807.0 21.0 57.0 409.31528255952213
0.0 1731.0 65.0 147.0 1125.1980833656714
0.0 1797.0 28.0 65.0 492.1801621847092
0.0 1705.0 63.0 293.0 1355.7328814449018
0.0 1441.0 228.0 757.0 3965.5713898602858
0.0 1643.0 90.0 471.0 1933.3978774943673
0.0 1723.0 61.0 205.0 1180.6214674447867
0.0 1441.0 228.0 757.0 3965.5713898602858
0.0 1695.0 88.0 195.0 1461.513671716233
0.0 1695.0 88.0 195.0 1461.513671716233
0.0 1819.0 12.0 69.0 272.96100817343864
0.0 1695.0 88.0 195.0 1461.513671716233
0.0 1597.0 138.0 394.0 2430.804983386044
0.0 1263.0 307.0 1369.0 5668.1259062191075
0.0 1819.0 12.0 69.0 272.96100817343864
0.0 1647.0 115.0 278.0 1915.088200298076
0.0 1617.0 136.0 333.0 2210.3215069791804
0.0 1647.0 115.0 278.0 1915.088200298076
0.0 1647.0 115.0 278.0 1915.088200298076
0.0 1721.0 72.0 154.0 1222.269413666956
0.0 1453.0 210.0 777.0 3818.592850970208
0.0 1247.0 315.0 1422.0 5818.673092077276
0.0 1537.0 175.0 511.0 3022.09485134377
0.0 1553.0 161.0 494.0 2852.0413139581174
0.0 1285.0 300.0 1269.0 5459.9408311378165
0.0 1285.0 300.0 1269.0 5459.9408311378165
0.0 1489.0 200.0 635.0 3481.769879034978
0.0 1653.0 115.0 255.0 1889.788529770314
0.0 1715.0 56.0 322.0 1237.4508530336527
0.0 1673.0 98.0 240.0 1655.3734397494445
0.0 1555.0 131.0 701.0 2791.0041227744255
0.0 1555.0 131.0 701.0 2791.0041227744255
0.0 1537.0 175.0 511.0 3022.09485134377
0.0 1657.0 86.0 397.0 1817.0028608642049
0.0 1657.0 86.0 397.0 1817.0028608642049
0.0 1721.0 72.0 154.0 1222.269413666956
0.0 1721.0 72.0 154.0 1222.269413666956
0.0 1749.0 41.0 207.0 932.801091016398
0.0 1657.0 86.0 397.0 1817.0028608642049
0.0 1483.0 169.0 883.0 3511.1585224300616
0.0 1837.0 6.0 30.0 122.78755716892502
0.0 1509.0 153.0 830.0 3261.3740807868667
0.0 1465.0 214.0 703.0 3713.53315176726
0.0 1749.0 41.0 207.0 932.801091016398
0.0 1791.0 31.0 71.0 551.7715249387344
0.0 1731.0 65.0 147.0 1125.1980833656714
0.0 1775.0 42.0 84.0 696.8295951284011
0.0 1759.0 52.0 102.0 836.7780532272524
0.0 1775.0 42.0 84.0 696.8295951284011
0.0 1335.0 272.0 1116.0 4986.48995151986
0.0 1681.0 75.0 337.0 1606.6400064627298
0.0 1421.0 212.0 967.0 4111.518653701453
0.0 1509.0 153.0 830.0 3261.3740807868667
0.0 1525.0 157.0 669.0 3102.19326406561
0.0 1789.0 26.0 111.0 550.0085145344866
0.0 1755.0 40.0 178.0 879.1626780434286
0.0 1553.0 161.0 494.0 2852.0413139581174
0.0 1585.0 117.0 614.0 2498.288855722113
0.0 1735.0 68.0 128.0 1072.7112281021289
0.0 1807.0 21.0 57.0 409.31528255952213
0.0 1807.0 21.0 57.0 409.31528255952213
0.0 1823.0 15.0 33.0 253.2151496512005
0.0 1489.0 200.0 635.0 3481.769879034978
0.0 1489.0 200.0 635.0 3481.769879034978
0.0 1489.0 200.0 635.0 3481.769879034978
0.0 1449.0 224.0 731.0 3878.5655113133334
0.0 1449.0 224.0 731.0 3878.5655113133334
0.0 1823.0 15.0 33.0 253.2151496512005
0.0 1767.0 46.0 95.0 775.0446537157776
0.0 1299.0 287.0 1257.0 5313.051443931064
0.0 1803.0 17.0 111.0 425.013290362616
0.0 1797.0 28.0 65.0 492.1801621847092
0.0 1829.0 9.0 42.0 196.52798682088323
0.0 1739.0 50.0 190.0 1043.0595766805582
0.0 1537.0 175.0 511.0 3022.09485134377
0.0 1537.0 175.0 511.0 3022.09485134377
0.0 1237.0 318.0 1480.0 5939.119161142561
0.0 1237.0 318.0 1480.0 5939.119161142561
