0.0 1263.0 309.0 1357.0 5659.435551825277
0.0 1451.0 182.0 989.0 3825.333330762945
0.0 1843.0 3.0 26.0 63.58086699041833
0.0 1289.0 295.0 1268.0 5408.44793255115
0.0 1457.0 212.0 755.0 3746.4864291548906
0.0 1843.0 3.0 26.0 63.58086699041833
0.0 1769.0 37.0 137.0 706.8661324410594
0.0 1457.0 212.0 755.0 3746.4864291548906
0.0 1711.0 54.0 320.0 1241.2146479993328
0.0 1457.0 212.0 755.0 3746.4864291548906
0.0 1727.0 61.0 206.0 1080.6348742063074
0.0 1431.0 236.0 806.0 4003.294375754953
0.0 1369.0 232.0 1186.0 4610.113051346527
0.0 1843.0 3.0 26.0 63.58086699041833
0.0 1659.0 79.0 426.0 1730.3961342388461
0.0 1797.0 24.0 88.0 462.111360456754
0.0 1811.0 19.0 54.0 357.44093653120683
0.0 1633.0 91.0 505.0 1967.0985585175965
0.0 1289.0 295.0 1268.0 5408.44793255115
0.0 1537.0 175.0 546.0 2913.3042099053514
0.0 1493.0 199.0 663.0 3371.7960052969997
0.0 1239.0 317.0 1470.0 5918.790352245768
0.0 1573.0 115.0 712.0 2593.946239278338
0.0 1423.0 196.0 1080.0 4088.28681217441
0.0 1797.0 24.0 88.0 462.111360456754
0.0 1545.0 175.0 516.0 2854.2968056426944
0.0 1633.0 91.0 505.0 1967.0985585175965
0.0 1739.0 61.0 162.0 976.43416767467
0.0 1423.0 196.0 1080.0 4088.28681217441
0.0 1805.0 18.0 82.0 395.55220955585264
0.0 1649.0 85.0 441.0 1824.5588164783453
0.0 1763.0 30.0 219.0 771.0301717492579
0.0 1797.0 24.0 88.0 462.111360456754
0.0 1549.0 123.0 800.0 2831.2813645189226
0.0 1789.0 27.0 104.0 539.3426773907408
0.0 1679.0 69.0 386.0 1544.0023094808205
0.0 1809.0 16.0 77.0 354.9128595322725
0.0 1237.0 318.0 1480.0 5939.119161142561
0.0 1649.0 85.0 441.0 1824.5588164783453
0.0 1549.0 123.0 800.0 2831.2813645189226
0.0 1769.0 37.0 137.0 706.8661324410594
0.0 1431.0 236.0 806.0 4003.294375754953
0.0 1549.0 123.0 800.0 2831.2813645189226
0.0 1841.0 3.0 28.0 79.48999805420569
0.0 1809.0 16.0 77.0 354.9128595322725
0.0 1565.0 165.0 467.0 2651.8577488060805
0.0 1667.0 111.0 259.0 1657.577992460214
0.0 1675.0 104.0 252.0 1571.026245336583
0.0 1649.0 85.0 441.0 1824.5588164783453
0.0 1237.0 318.0 1480.0 5939.119161142561
0.0 1477.0 166.0 947.0 3572.7397143694348
0.0 1237.0 318.0 1480.0 5939.119161142561
0.0 1465.0 173.0 966.0 3679.96928006438
0.0 1609.0 140.0 368.0 2218.113212663097
0.0 1479.0 205.0 697.0 3504.183309693268
0.0 1507.0 150.0 858.0 3253.875313149957
0.0 1507.0 150.0 858.0 3253.875313149957
0.0 1549.0 123.0 800.0 2831.2813645189226
0.0 1537.0 175.0 546.0 2913.3042099053514
0.0 1465.0 173.0 966.0 3679.96928006438
0.0 1841.0 3.0 28.0 79.48999805420569
0.0 1719.0 77.0 183.0 1179.3017926965385
0.0 1237.0 318.0 1480.0 5939.119161142561
0.0 1755.0 48.0 146.0 844.0106010094753
0.0 1289.0 295.0 1268.0 5408.44793255115
0.0 1643.0 121.0 302.0 1906.2782931641134
0.0 1549.0 123.0 800.0 2831.2813645189226
0.0 1479.0 205.0 697.0 3504.183309693268
0.0 1565.0 165.0 467.0 2651.8577488060805
0.0 1675.0 104.0 252.0 1571.026245336583
0.0 1643.0 121.0 302.0 1906.2782931641134
0.0 1759.0 46.0 139.0 807.8545520081587
0.0 1643.0 121.0 302.0 1906.2782931641134
0.0 1573.0 115.0 712.0 2593.946239278338
0.0 1237.0 318.0 1480.0 5939.119161142561
0.0 1643.0 121.0 302.0 1906.2782931641134
0.0 1549.0 123.0 800.0 2831.2813645189226
0.0 1643.0 121.0 302.0 1906.2782931641134
0.0 1487.0 202.0 674.0 3422.6714120733836
0.0 1537.0 175.0 546.0 2913.3042099053514
0.0 1755.0 48.0 146.0 844.0106010094753
0.0 1301.0 288.0 1244.0 5290.263286940023
0.0 1315.0 278.0 1216.0 5145.199150801802
0.0 1519.0 188.0 582.0 3091.0468518468474
0.0 1559.0 169.0 480.0 2716.1745346436855
0.0 1571.0 116.0 718.0 2611.069855262752
0.0 1415.0 238.0 854.0 4179.4251044422335
0.0 1341.0 274.0 1089.0 4910.377773980044
0.0 1365.0 263.0 1017.0 4683.629194518609
0.0 1625.0 90.0 564.0 2085.420320396834
0.0 1625.0 90.0 564.0 2085.420320396834
0.0 1603.0 104.0 593.0 2260.2343934752475
0.0 1397.0 253.0 912.0 4348.153538093355
0.0 1771.0 35.0 137.0 692.8468643915238
0.0 1843.0 3.0 26.0 63.58086699041833
0.0 1625.0 96.0 505.0 2068.9218272948156
0.0 1843.0 3.0 26.0 63.58086699041833
0.0 1843.0 3.0 26.0 63.58086699041833
0.0 1843.0 3.0 26.0 63.58086699041833
0.0 1633.0 123.0 335.0 1977.388704137453
0.0 1789.0 27.0 104.0 539.3426773907408
0.0 1779.0 32.0 118.0 620.3372906208278
0.0 1843.0 3.0 26.0 63.58086699041833
0.0 1843.0 3.0 26.0 63.58086699041833
0.0 1237.0 318.0 1480.0 5939.119161142561
0.0 1613.0 137.0 361.0 2181.6913629083215
0.0 1247.0 315.0 1426.0 5834.916558397368
0.0 1843.0 3.0 26.0 63.58086699041833
0.0 1843.0 3.0 26.0 63.58086699041833
0.0 1841.0 3.0 28.0 79.48999805420569
0.0 1549.0 123.0 800.0 2831.2813645189226
0.0 1695.0 92.0 215.0 1399.6926502077522
0.0 1843.0 3.0 26.0 63.58086699041833
0.0 1843.0 3.0 26.0 63.58086699041833
0.0 1843.0 3.0 26.0 63.58086699041833
0.0 1789.0 27.0 104.0 539.3426773907408
0.0 1615.0 94.0 601.0 2191.0290368089977
0.0 1257.0 311.0 1381.0 5729.431845376989
0.0 1843.0 3.0 26.0 63.58086699041833
0.0 1625.0 96.0 505.0 2068.9218272948156
0.0 1843.0 3.0 26.0 63.58086699041833
0.0 1659.0 76.0 459.0 1735.1850187666673
0.0 1659.0 79.0 426.0 1730.3961342388461
0.0 1341.0 274.0 1089.0 4910.377773980044
0.0 1339.0 250.0 1269.0 4909.412518722796
0.0 1591.0 105.0 681.0 2412.1914963630356
0.0 1759.0 46.0 139.0 807.8545520081587
0.0 1451.0 182.0 989.0 3825.333330762945
0.0 1339.0 250.0 1269.0 4909.412518722796
0.0 1811.0 19.0 54.0 357.44093653120683
0.0 1673.0 84.0 325.0 1602.0083155940827
0.0 1719.0 77.0 183.0 1179.3017926965385
0.0 1613.0 137.0 361.0 2181.6913629083215
0.0 1263.0 309.0 1357.0 5659.435551825277
0.0 1263.0 309.0 1357.0 5659.435551825277
0.0 1301.0 288.0 1244.0 5290.263286940023
0.0 1745.0 39.0 242.0 922.8339398943465
0.0 1745.0 39.0 242.0 922.8339398943465
0.0 1767.0 38.0 139.0 735.0561891815662
0.0 1315.0 278.0 1216.0 5145.199150801802
0.0 1745.0 39.0 242.0 922.8339398943465
0.0 1771.0 35.0 137.0 692.8468643915238
0.0 1729.0 47.0 263.0 1081.77077588826
0.0 1415.0 238.0 854.0 4179.4251044422335
0.0 1571.0 116.0 718.0 2611.069855262752
0.0 1679.0 69.0 386.0 1544.0023094808205
0.0 1423.0 196.0 1080.0 4088.28681217441
0.0 1745.0 39.0 242.0 922.8339398943465
0.0 1719.0 77.0 183.0 1179.3017926965385
0.0 1415.0 238.0 854.0 4179.4251044422335
0.0 1689.0 96.0 224.0 1460.3018900362651
0.0 1729.0 47.0 263.0 1081.77077588826
0.0 1423.0 196.0 1080.0 4088.28681217441
0.0 1745.0 39.0 242.0 922.8339398943465
0.0 1415.0 238.0 854.0 4179.4251044422335
0.0 1705.0 58.0 325.0 1299.4395131120166
0.0 1581.0 153.0 439.0 2487.798672658215
0.0 1357.0 267.0 1032.0 4760.049757593262
0.0 1365.0 263.0 1017.0 4683.629194518609
0.0 1487.0 202.0 674.0 3422.6714120733836
0.0 1487.0 202.0 674.0 3422.6714120733836
0.0 1487.0 202.0 674.0 3422.6714120733836
0.0 1579.0 158.0 431.0 2527.4411286311033
0.0 1777.0 26.0 182.0 622.7529942532025
0.0 1397.0 212.0 1142.0 4352.24767561325
0.0 1823.0 7.0 70.0 223.2786196081407
0.0 1581.0 153.0 439.0 2487.798672658215
0.0 1695.0 92.0 215.0 1399.6926502077522
0.0 1823.0 7.0 70.0 223.2786196081407
0.0 1827.0 8.0 47.0 204.51773779170313
0.0 1717.0 51.0 302.0 1183.5697064591525
0.0 1507.0 150.0 858.0 3253.875313149957
0.0 1483.0 164.0 921.0 3497.8162355518816
0.0 1369.0 232.0 1186.0 4610.113051346527
0.0 1737.0 63.0 162.0 999.1199079673412
0.0 1519.0 188.0 582.0 3091.0468518468474
0.0 1737.0 63.0 162.0 999.1199079673412
0.0 1581.0 153.0 439.0 2487.798672658215
0.0 1519.0 188.0 582.0 3091.0468518468474
0.0 1415.0 238.0 854.0 4179.4251044422335
0.0 1717.0 51.0 302.0 1183.5697064591525
0.0 1717.0 51.0 302.0 1183.5697064591525
0.0 1685.0 66.0 373.0 1498.0290589270744
0.0 1779.0 32.0 118.0 620.3372906208278
0.0 1507.0 150.0 858.0 3253.875313149957
0.0 1591.0 105.0 681.0 2412.1914963630356
0.0 1779.0 32.0 118.0 620.3372906208278
0.0 1507.0 150.0 858.0 3253.875313149957
0.0 1665.0 111.0 266.0 1671.5197760206836
0.0 1415.0 238.0 854.0 4179.4251044422335
0.0 1655.0 113.0 289.0 1783.1114586553292
0.0 1257.0 311.0 1381.0 5729.431845376989
0.0 1693.0 93.0 219.0 1415.664544194698
0.0 1695.0 92.0 215.0 1399.6926502077522
0.0 1725.0 72.0 177.0 1121.305312541551
0.0 1667.0 111.0 259.0 1657.577992460214
0.0 1647.0 86.0 448.0 1839.4562824234838
0.0 1675.0 104.0 252.0 1571.026245336583
0.0 1693.0 93.0 219.0 1415.664544194698
0.0 1695.0 92.0 215.0 1399.6926502077522
0.0 1695.0 92.0 215.0 1399.6926502077522
0.0 1843.0 3.0 26.0 63.58086699041833
0.0 1483.0 164.0 921.0 3497.8162355518816
0.0 1841.0 3.0 28.0 79.48999805420569
0.0 1779.0 32.0 118.0 620.3372906208278
0.0 1811.0 19.0 54.0 357.44093653120683
0.0 1779.0 32.0 118.0 620.3372906208278
0.0 1565.0 165.0 467.0 2651.8577488060805
0.0 1591.0 105.0 681.0 2412.1914963630356
0.0 1397.0 253.0 912.0 4348.153538093355
0.0 1523.0 187.0 566.0 3053.5503111358607
0.0 1809.0 16.0 77.0 354.9128595322725
0.0 1811.0 19.0 54.0 357.44093653120683
0.0 1841.0 3.0 28.0 79.48999805420569
0.0 1523.0 187.0 566.0 3053.5503111358607
0.0 1371.0 231.0 1182.0 4587.766480847474
0.0 1397.0 212.0 1142.0 4352.24767561325
0.0 1807.0 17.0 81.0 369.1607424555141
0.0 1627.0 127.0 344.0 2037.997943965966
0.0 1371.0 231.0 1182.0 4587.766480847474
0.0 1679.0 69.0 386.0 1544.0023094808205
0.0 1763.0 30.0 219.0 771.0301717492579
0.0 1565.0 165.0 467.0 2651.8577488060805
0.0 1763.0 30.0 219.0 771.0301717492579
0.0 1523.0 187.0 566.0 3053.5503111358607
0.0 1837.0 4.0 36.0 108.05968637143806
0.0 1837.0 4.0 36.0 108.05968637143806
0.0 1523.0 187.0 566.0 3053.5503111358607
0.0 1837.0 4.0 36.0 108.05968637143806
0.0 1357.0 267.0 1032.0 4760.049757593262
0.0 1689.0 65.0 359.0 1458.6916986414026
0.0 1705.0 58.0 325.0 1299.4395131120166
0.0 1537.0 175.0 546.0 2913.3042099053514
0.0 1755.0 48.0 146.0 844.0106010094753
0.0 1457.0 212.0 755.0 3746.4864291548906
0.0 1535.0 132.0 823.0 2976.6454152174883
0.0 1357.0 267.0 1032.0 4760.049757593262
0.0 1357.0 267.0 1032.0 4760.049757593262
0.0 1457.0 212.0 755.0 3746.4864291548906
0.0 1579.0 158.0 431.0 2527.4411286311033
0.0 1279.0 302.0 1300.0 5500.651081809625
0.0 1357.0 267.0 1032.0 4760.049757593262
0.0 1615.0 136.0 359.0 2157.5039728345837
0.0 1841.0 3.0 28.0 79.48999805420569
0.0 1841.0 3.0 28.0 79.48999805420569
0.0 1535.0 132.0 823.0 2976.6454152174883
0.0 1627.0 127.0 344.0 2037.997943965966
0.0 1603.0 104.0 593.0 2260.2343934752475
0.0 1535.0 132.0 823.0 2976.6454152174883
0.0 1787.0 28.0 108.0 553.5905603139825
0.0 1833.0 6.0 35.0 161.70016655122905
0.0 1779.0 32.0 118.0 620.3372906208278
0.0 1607.0 140.0 376.0 2235.3461964843495
0.0 1537.0 175.0 546.0 2913.3042099053514
0.0 1669.0 74.0 415.0 1624.4035727469002
0.0 1431.0 236.0 806.0 4003.294375754953
0.0 1717.0 51.0 302.0 1183.5697064591525
0.0 1829.0 7.0 43.0 190.26985486846147
0.0 1829.0 7.0 43.0 190.26985486846147
0.0 1717.0 51.0 302.0 1183.5697064591525
0.0 1829.0 7.0 43.0 190.26985486846147
0.0 1239.0 317.0 1470.0 5918.790352245768
0.0 1279.0 302.0 1300.0 5500.651081809625
0.0 1743.0 60.0 151.0 948.2445011909587
0.0 1735.0 43.0 274.0 1008.8154624473672
0.0 1457.0 212.0 755.0 3746.4864291548906
0.0 1593.0 147.0 412.0 2381.1748799418383
0.0 1593.0 147.0 412.0 2381.1748799418383
0.0 1725.0 72.0 177.0 1121.305312541551
0.0 1739.0 61.0 162.0 976.43416767467
0.0 1603.0 104.0 593.0 2260.2343934752475
0.0 1729.0 47.0 263.0 1081.77077588826
0.0 1603.0 104.0 593.0 2260.2343934752475
0.0 1465.0 173.0 966.0 3679.96928006438
0.0 1603.0 104.0 593.0 2260.2343934752475
0.0 1685.0 66.0 373.0 1498.0290589270744
0.0 1609.0 140.0 368.0 2218.113212663097
0.0 1559.0 169.0 480.0 2716.1745346436855
0.0 1625.0 90.0 564.0 2085.420320396834
0.0 1457.0 212.0 755.0 3746.4864291548906
0.0 1737.0 63.0 162.0 999.1199079673412
0.0 1317.0 282.0 1183.0 5148.3731279226695
0.0 1689.0 65.0 359.0 1458.6916986414026
0.0 1605.0 140.0 383.0 2260.948438575472
0.0 1823.0 7.0 70.0 223.2786196081407
0.0 1823.0 7.0 70.0 223.2786196081407
0.0 1247.0 315.0 1426.0 5834.916558397368
0.0 1591.0 105.0 681.0 2412.1914963630356
0.0 1655.0 113.0 289.0 1783.1114586553292
0.0 1659.0 79.0 426.0 1730.3961342388461
0.0 1805.0 18.0 82.0 395.55220955585264
0.0 1675.0 71.0 399.0 1572.8877639863779
0.0 1659.0 76.0 459.0 1735.1850187666673
0.0 1711.0 54.0 320.0 1241.2146479993328
0.0 1799.0 20.0 102.0 440.255072079282
0.0 1341.0 274.0 1089.0 4910.377773980044
0.0 1613.0 137.0 361.0 2181.6913629083215
0.0 1823.0 7.0 70.0 223.2786196081407
0.0 1237.0 318.0 1480.0 5939.119161142561
0.0 1237.0 318.0 1480.0 5939.119161142561
