13092.0 3473.0 1714.0 8156.0 34377.96365961626
12000.0 3483.0 1703.0 8396.0 34236.43796138172
7668.0 3359.0 1785.0 8508.0 35386.68346058572
9541.0 3470.0 1733.0 8169.0 34496.887714887154
42461.0 3482.0 1719.0 8286.0 34282.12849024732
8475.0 3452.0 1729.0 8336.0 34254.89569688972
14708.0 3463.0 1756.0 8198.0 34424.86480415083
11171.0 3482.0 1691.0 8423.0 34183.21769561399
15601.0 3505.0 1699.0 8220.0 33813.58584681554
13190.0 3416.0 1743.0 8476.0 35260.18049906704
20132.0 3429.0 1727.0 8538.0 34656.83037672885
32372.0 3576.0 1691.0 7894.0 33211.64846352379
11569.0 3547.0 1706.0 8067.0 33939.66247592504
19343.0 3465.0 1783.0 8061.0 34315.88408660605
11769.0 3541.0 1726.0 8020.0 33607.71521131694
10556.0 3457.0 1719.0 8315.0 34435.15585926382
22962.0 3492.0 1691.0 8201.0 34095.59578684521
8505.0 3378.0 1764.0 8515.0 35579.81647569511
6466.0 3516.0 1747.0 7869.0 33948.87952076772
11786.0 3467.0 1726.0 8192.0 34623.35183161006
24199.0 3499.0 1713.0 8260.0 34050.93850952653
7645.0 3464.0 1739.0 8361.0 34510.03100684921
9948.0 3500.0 1714.0 8092.0 34123.620388419804
26211.0 3501.0 1700.0 8231.0 33986.63673990193
6199.0 3493.0 1721.0 8079.0 34065.9928291613
7077.0 3462.0 1753.0 8246.0 34535.803690260516
19206.0 3490.0 1738.0 8061.0 34157.54472505184
19346.0 3480.0 1737.0 8298.0 34024.43478698946
11969.0 3467.0 1701.0 8574.0 34404.71440550424
9933.0 3558.0 1721.0 7836.0 33570.93573337101
7070.0 3429.0 1729.0 8392.0 34714.42683134601
15825.0 3459.0 1747.0 8335.0 34350.18263062872
22602.0 3520.0 1743.0 8078.0 33735.63711362103
14611.0 3503.0 1744.0 7996.0 34251.11371606661
7858.0 3398.0 1753.0 8412.0 35059.48538166776
11842.0 3461.0 1706.0 8265.0 34324.05794417275
15583.0 3416.0 1746.0 8385.0 34869.33627421492
12251.0 3445.0 1728.0 8345.0 34599.767651033486
10428.0 3446.0 1744.0 8192.0 34671.13078568331
10951.0 3526.0 1709.0 8160.0 33798.18813583106
11898.0 3529.0 1712.0 7965.0 33943.0073531021
22749.0 3517.0 1676.0 8287.0 33713.42291240597
7804.0 3437.0 1725.0 8427.0 34876.13004599477
8250.0 3487.0 1749.0 8044.0 34293.63454116301
8930.0 3472.0 1720.0 8229.0 34429.115162846116
7287.0 3459.0 1725.0 8382.0 34447.37285421924
18580.0 3501.0 1706.0 8188.0 34004.69196026403
40073.0 3506.0 1686.0 8307.0 33955.39957190899
10028.0 3521.0 1719.0 7925.0 33833.41207702833
20800.0 3477.0 1711.0 8298.0 34288.923707529924
9312.0 3514.0 1713.0 8113.0 33935.3759238238
9077.0 3430.0 1756.0 8270.0 34650.83955561188
10659.0 3450.0 1722.0 8264.0 34526.879510437255
10795.0 3421.0 1723.0 8432.0 34681.50567337514
15285.0 3491.0 1739.0 8053.0 34154.29815469202
10615.0 3543.0 1678.0 8188.0 33709.91929559536
5459.0 3506.0 1694.0 8295.0 34036.52876632862
10254.0 3380.0 1789.0 8362.0 35377.14139776607
10804.0 3432.0 1713.0 8540.0 34638.91734178855
25872.0 3524.0 1700.0 8197.0 33916.038953421354
8245.0 3491.0 1739.0 8158.0 33999.13756198105
26383.0 3394.0 1781.0 8399.0 35306.64566873525
16203.0 3401.0 1777.0 8376.0 34955.197893516946
23935.0 3421.0 1756.0 8269.0 34779.942532284826
9103.0 3452.0 1734.0 8171.0 34659.73606540791
14776.0 3431.0 1782.0 8197.0 34869.06094653039
9686.0 3507.0 1715.0 8069.0 33790.12969950757
6955.0 3438.0 1737.0 8348.0 34622.467629709805
11826.0 3511.0 1709.0 8074.0 33908.21189234154
11395.0 3479.0 1699.0 8355.0 34303.35337954982
10216.0 3391.0 1783.0 8369.0 35025.4041424704
11847.0 3484.0 1695.0 8264.0 34156.6142687899
8885.0 3469.0 1711.0 8334.0 34380.358307179544
25484.0 3492.0 1705.0 8131.0 34347.37443076139
0.0 641.0 3167.0 15105.0 62717.84488553284
0.0 641.0 3167.0 15105.0 62717.84488553284
6685.0 3430.0 1753.0 8258.0 34828.28300850254
10761.0 3454.0 1741.0 8206.0 34503.436297771455
8541.0 3418.0 1695.0 8727.0 34876.926519066306
8563.0 3492.0 1720.0 8276.0 34190.62178588096
20313.0 3439.0 1736.0 8355.0 34642.7764394038
7420.0 3445.0 1757.0 8185.0 34475.524216351
8623.0 3485.0 1750.0 8086.0 34316.6714632674
8502.0 3462.0 1713.0 8354.0 34504.95199817269
20435.0 3431.0 1714.0 8511.0 34737.520585953724
7072.0 3479.0 1702.0 8266.0 34370.436744374325
20349.0 3505.0 1689.0 8278.0 34086.13619511673
11616.0 3472.0 1763.0 8049.0 34395.36096869021
9169.0 3538.0 1705.0 8107.0 33692.57797589008
7664.0 3391.0 1735.0 8567.0 35065.779894638225
10532.0 3448.0 1769.0 8242.0 34422.57754081839
6303.0 3471.0 1692.0 8458.0 34338.95166267931
9472.0 3414.0 1729.0 8497.0 34867.0127625125
11020.0 3486.0 1699.0 8373.0 34330.36249711636
11401.0 3398.0 1776.0 8318.0 35029.41690708382
11117.0 3489.0 1701.0 8228.0 34221.52389088573
42076.0 3427.0 1749.0 8332.0 34795.50277076502
8770.0 3468.0 1689.0 8597.0 34364.16693617435
26496.0 3509.0 1720.0 8058.0 33824.86399595688
7616.0 3427.0 1796.0 7965.0 34664.040557998014
28556.0 3447.0 1741.0 8264.0 34644.694956115796
20311.0 3423.0 1764.0 8292.0 34862.1408036064
8946.0 3524.0 1728.0 8083.0 33835.46277324022
10248.0 3489.0 1715.0 8136.0 34076.677882384494
16202.0 3479.0 1729.0 8198.0 34123.22354130372
10423.0 3424.0 1733.0 8414.0 34754.76737352684
8345.0 3513.0 1683.0 8457.0 33605.950327987615
14655.0 3427.0 1738.0 8342.0 34681.88918135665
31530.0 3431.0 1737.0 8410.0 34706.78046180426
15895.0 3475.0 1743.0 8319.0 34193.45498866308
6832.0 3501.0 1670.0 8520.0 33919.765458916205
11453.0 3379.0 1816.0 8259.0 35349.162462393666
24585.0 3439.0 1792.0 8141.0 34606.46523357032
10391.0 3463.0 1705.0 8339.0 34447.50506452444
8469.0 3440.0 1748.0 8352.0 34478.04994178731
11377.0 3499.0 1693.0 8316.0 34038.95723157962
7557.0 3453.0 1733.0 8364.0 34593.123142228374
46426.0 3487.0 1726.0 8139.0 34064.373833890946
7511.0 3512.0 1708.0 8050.0 34032.61789550111
7298.0 3427.0 1706.0 8631.0 34825.246134488545
10723.0 3480.0 1757.0 8025.0 34338.454939023955
14813.0 3444.0 1764.0 8127.0 34711.803601948835
17929.0 3506.0 1689.0 8388.0 33960.04070707339
38290.0 3432.0 1771.0 8281.0 34613.26360686244
8834.0 3471.0 1750.0 8030.0 34482.492259272
9217.0 3533.0 1678.0 8310.0 33593.42819624748
16847.0 3516.0 1740.0 8035.0 33800.97847825978
10419.0 3503.0 1759.0 7890.0 34006.991183767204
7172.0 3514.0 1715.0 8163.0 33872.886081968805
20962.0 3451.0 1761.0 8280.0 34455.43590241643
25519.0 3535.0 1701.0 8119.0 33592.4781599251
12624.0 3459.0 1713.0 8464.0 34384.322597881444
14566.0 3443.0 1708.0 8533.0 34739.85398232374
10828.0 3536.0 1714.0 8062.0 33651.57185551618
8572.0 3418.0 1751.0 8302.0 34554.34766776085
20458.0 3522.0 1692.0 8260.0 33769.520436227285
9428.0 3390.0 1769.0 8425.0 35323.530944379265
13266.0 3461.0 1753.0 8223.0 34361.99253532784
12138.0 3508.0 1698.0 8256.0 34089.7424254861
12189.0 3483.0 1741.0 8232.0 34192.608027541246
8019.0 3461.0 1743.0 8238.0 34453.98254926104
16649.0 3448.0 1766.0 8163.0 34637.88847959982
17495.0 3458.0 1758.0 8025.0 34426.28150241596
8486.0 3480.0 1722.0 8154.0 34501.494246784336
7766.0 3483.0 1739.0 8088.0 34421.270935584296
7748.0 3455.0 1729.0 8364.0 34584.11412405447
14681.0 3403.0 1779.0 8332.0 34927.1144445902
13588.0 3418.0 1805.0 8123.0 34888.55167243348
8347.0 3472.0 1734.0 8365.0 34363.554370668935
16546.0 3468.0 1759.0 8067.0 34380.851235325325
13347.0 3481.0 1695.0 8371.0 34464.08061988771
7379.0 3516.0 1718.0 8079.0 33903.529467976085
7494.0 3456.0 1784.0 8040.0 34557.41476382234
16837.0 3485.0 1687.0 8513.0 34119.50050793631
10200.0 3471.0 1720.0 8407.0 34253.11764095929
10627.0 3529.0 1718.0 8000.0 33789.53481095875
14795.0 3438.0 1756.0 8132.0 34843.44084357013
7869.0 3499.0 1717.0 8198.0 33839.96828797215
17069.0 3413.0 1767.0 8274.0 34813.585332886025
7332.0 3471.0 1732.0 8271.0 34408.814038420314
8695.0 3386.0 1760.0 8511.0 35099.779272914
14269.0 3525.0 1705.0 8122.0 33700.0104712455
6500.0 3458.0 1731.0 8409.0 34504.20665534065
8459.0 3552.0 1683.0 8151.0 33399.74606426397
14191.0 3448.0 1727.0 8430.0 34581.2251047078
15629.0 3409.0 1754.0 8462.0 34926.94479952101
15404.0 3511.0 1664.0 8226.0 33958.57148847859
9577.0 3498.0 1651.0 8512.0 33904.0444645502
8010.0 3455.0 1780.0 7973.0 34372.06402324711
9481.0 3401.0 1736.0 8551.0 34862.82212924052
9605.0 3435.0 1705.0 8670.0 34776.12278093796
8014.0 3555.0 1662.0 8278.0 33608.64244043697
7151.0 3464.0 1780.0 8019.0 34462.1001705129
13742.0 3603.0 1708.0 7613.0 32962.13999784279
8382.0 3417.0 1778.0 8312.0 34798.69704546967
21871.0 3514.0 1690.0 8306.0 33876.79257703346
8713.0 3422.0 1743.0 8535.0 34933.459455232194
9349.0 3463.0 1745.0 8228.0 34514.834901735456
6967.0 3516.0 1671.0 8292.0 33802.79003301528
17485.0 3542.0 1719.0 8124.0 33601.90872479871
15546.0 3412.0 1765.0 8362.0 34935.19554621731
18700.0 3465.0 1693.0 8454.0 34373.32047929904
10728.0 3418.0 1747.0 8302.0 34843.47172237581
10145.0 3492.0 1735.0 8043.0 34218.55802044954
9247.0 3441.0 1771.0 8192.0 34858.62959728887
11001.0 3500.0 1706.0 8350.0 34043.05446368559
10509.0 3485.0 1777.0 8021.0 34439.64312247905
9121.0 3552.0 1717.0 8092.0 33403.73845536234
8886.0 3439.0 1744.0 8490.0 34599.42812284656
7895.0 3476.0 1718.0 8324.0 34238.67229888982
8620.0 3490.0 1688.0 8279.0 34112.01332295789
12563.0 3468.0 1754.0 8161.0 34437.345063982335
13924.0 3506.0 1727.0 8118.0 33999.88040408327
8887.0 3511.0 1735.0 8048.0 33931.66562041997
14417.0 3424.0 1749.0 8231.0 34897.82895313967
18295.0 3439.0 1708.0 8650.0 34665.71707473883
36858.0 3487.0 1759.0 7989.0 34199.55389507273
18736.0 3537.0 1656.0 8434.0 33697.529221727375
6861.0 3423.0 1803.0 8120.0 34839.49324663795
21429.0 3435.0 1754.0 8247.0 34544.580864911295
22991.0 3461.0 1717.0 8511.0 34211.54394193997
8356.0 3473.0 1693.0 8452.0 34479.036582917215
22311.0 3448.0 1734.0 8287.0 34672.25096436946
7841.0 3421.0 1760.0 8340.0 34869.442795728
8496.0 3491.0 1711.0 8165.0 34213.18582846066
13746.0 3423.0 1766.0 8264.0 34947.84942912878
9460.0 3424.0 1741.0 8446.0 34884.462625544125
10429.0 3379.0 1756.0 8542.0 35138.28069642752
9083.0 3497.0 1711.0 8262.0 33996.07067903134
10076.0 3482.0 1710.0 8349.0 34042.53806129563
24600.0 3412.0 1730.0 8534.0 35001.5450139696
7779.0 3433.0 1696.0 8800.0 34540.007393693726
20135.0 3542.0 1681.0 8130.0 33747.69537273541
8595.0 3515.0 1683.0 8424.0 33883.473134095126
5995.0 3392.0 1751.0 8515.0 35187.08927743257
12602.0 3437.0 1758.0 8198.0 34786.60837067942
13854.0 3360.0 1795.0 8404.0 35621.00733859888
44283.0 3419.0 1734.0 8570.0 34818.01287041554
19333.0 3519.0 1723.0 8028.0 33979.07519868774
8844.0 3444.0 1755.0 8180.0 34591.082319504654
10949.0 3394.0 1789.0 8267.0 35150.17781600798
7171.0 3421.0 1746.0 8537.0 34853.3520508757
11662.0 3416.0 1768.0 8316.0 35179.79343159311
6252.0 3399.0 1719.0 8658.0 34995.57197485551
8747.0 3520.0 1701.0 8149.0 34010.72449504094
9708.0 3532.0 1697.0 8191.0 33822.7806556414
29312.0 3476.0 1742.0 8042.0 34253.337066316984
13643.0 3425.0 1764.0 8276.0 34784.70494386107
24862.0 3560.0 1652.0 8031.0 33467.2393196726
18000.0 3510.0 1706.0 8205.0 33817.83869594502
13245.0 3476.0 1718.0 8385.0 34019.609193471704
8342.0 3435.0 1729.0 8585.0 34489.12296672629
12265.0 3454.0 1710.0 8358.0 34564.37566824292
11313.0 3515.0 1698.0 8235.0 34028.041013116126
7475.0 3508.0 1731.0 8192.0 33976.03688545251
11690.0 3427.0 1780.0 8269.0 34946.214002583205
13453.0 3467.0 1718.0 8245.0 34453.16402714917
13165.0 3361.0 1784.0 8431.0 35305.39460663226
10622.0 3455.0 1740.0 8312.0 34542.68594924933
