19936.0 3470.0 1715.0 8291.0 34365.33858623049
11190.0 3410.0 1761.0 8224.0 35066.39188754191
23178.0 3459.0 1760.0 8045.0 34548.56810097214
7481.0 3473.0 1728.0 8428.0 34285.817726090696
8391.0 3437.0 1787.0 8093.0 34813.97884091956
21630.0 3450.0 1693.0 8792.0 34681.66179026764
29151.0 3445.0 1735.0 8434.0 34326.0525972143
6798.0 3545.0 1661.0 8221.0 33596.93640495555
14896.0 3404.0 1772.0 8502.0 34951.629643397544
5863.0 3411.0 1742.0 8384.0 35032.72737331606
12920.0 3434.0 1759.0 8223.0 34733.42771730253
7391.0 3433.0 1752.0 8310.0 34776.2400802075
10230.0 3506.0 1689.0 8211.0 34028.9868355867
10372.0 3530.0 1682.0 8201.0 33907.13131939717
11025.0 3439.0 1743.0 8207.0 34610.780440208284
7740.0 3449.0 1780.0 8049.0 34527.745541836404
21129.0 3428.0 1770.0 8189.0 35002.76700679347
10569.0 3430.0 1745.0 8357.0 34889.46834259687
6062.0 3401.0 1764.0 8410.0 35027.19647047599
14397.0 3490.0 1689.0 8332.0 34166.51608454844
10434.0 3444.0 1728.0 8368.0 34680.33919394076
18113.0 3401.0 1777.0 8357.0 34992.09974688973
19014.0 3498.0 1707.0 8124.0 34019.80284824077
7145.0 3426.0 1744.0 8394.0 34912.64129608163
14235.0 3519.0 1725.0 7912.0 33839.77468392223
6266.0 3395.0 1749.0 8353.0 35090.033194856944
10073.0 3410.0 1763.0 8434.0 34948.75681859253
28086.0 3423.0 1712.0 8605.0 34833.0673798479
9406.0 3427.0 1750.0 8218.0 34810.127204277465
18729.0 3401.0 1752.0 8491.0 35061.15600165994
8774.0 3503.0 1711.0 8067.0 34023.1453710523
20453.0 3421.0 1766.0 8293.0 35001.3393947687
7371.0 3466.0 1740.0 8164.0 34300.95752998952
12552.0 3507.0 1684.0 8401.0 34177.407966486826
9336.0 3453.0 1741.0 8253.0 34453.507390532795
15634.0 3488.0 1715.0 8234.0 34166.09271384349
12094.0 3526.0 1714.0 7967.0 33929.75873145298
13066.0 3421.0 1780.0 8211.0 34953.13587576327
12203.0 3490.0 1727.0 7971.0 34221.802210649475
12570.0 3487.0 1755.0 8066.0 34156.74307826067
8774.0 3500.0 1752.0 8083.0 34044.55169636281
20374.0 3444.0 1715.0 8416.0 34517.0475521115
7598.0 3411.0 1755.0 8394.0 35012.66506647669
8532.0 3478.0 1749.0 7908.0 34189.59997388756
9259.0 3501.0 1697.0 8291.0 34084.74405218323
8601.0 3465.0 1727.0 8138.0 34256.47021359983
6108.0 3523.0 1694.0 8213.0 33912.61536289992
15527.0 3582.0 1670.0 8017.0 33188.21581934068
20223.0 3414.0 1753.0 8366.0 34839.508082518274
14442.0 3514.0 1720.0 8116.0 33847.54523723133
8154.0 3455.0 1759.0 8339.0 34542.474145625405
6436.0 3391.0 1772.0 8474.0 35145.286963362436
18590.0 3517.0 1689.0 8179.0 33921.36803958978
8828.0 3429.0 1747.0 8469.0 34834.371610092276
15691.0 3521.0 1711.0 8063.0 33778.080169287336
12969.0 3529.0 1713.0 8010.0 33688.16920179577
7457.0 3416.0 1727.0 8622.0 34984.26167741545
27859.0 3482.0 1748.0 7971.0 34273.741492537316
8739.0 3438.0 1738.0 8300.0 34767.65588454224
8713.0 3500.0 1709.0 8244.0 34308.79874333759
9180.0 3439.0 1723.0 8441.0 34703.83809656166
7107.0 3489.0 1727.0 8054.0 34056.04111281382
11346.0 3497.0 1697.0 8220.0 34306.026768201955
21224.0 3491.0 1740.0 8026.0 34123.56753137527
16762.0 3434.0 1745.0 8387.0 34616.13764899548
14387.0 3433.0 1764.0 8187.0 34758.17161559079
8627.0 3479.0 1719.0 8374.0 34200.19703821807
9947.0 3480.0 1711.0 8291.0 34338.83228890842
8969.0 3452.0 1714.0 8386.0 34505.0152825216
14320.0 3481.0 1740.0 8098.0 34010.34603571137
11169.0 3428.0 1729.0 8425.0 34857.900979545724
8275.0 3433.0 1734.0 8408.0 34804.617188142496
9095.0 3519.0 1676.0 8450.0 33709.9734582764
14611.0 3414.0 1792.0 8165.0 34988.38609546313
7784.0 3479.0 1708.0 8471.0 34229.43485213181
12906.0 3450.0 1779.0 8079.0 34431.77196897675
7401.0 3418.0 1759.0 8564.0 34907.456674573514
7589.0 3439.0 1764.0 8284.0 34619.7604086865
17046.0 3415.0 1729.0 8453.0 34840.13404907598
17028.0 3460.0 1716.0 8531.0 34223.842531438786
7332.0 3428.0 1765.0 8201.0 34580.70856511854
14475.0 3425.0 1749.0 8374.0 34689.93934725573
11491.0 3523.0 1666.0 8472.0 33883.60044711003
24307.0 3541.0 1725.0 7894.0 33715.76317233511
6910.0 3501.0 1722.0 8334.0 33897.37635268701
9194.0 3375.0 1775.0 8422.0 35491.50673769613
9928.0 3399.0 1726.0 8619.0 35105.1276254945
6599.0 3511.0 1752.0 7982.0 34093.51032519208
10006.0 3415.0 1728.0 8485.0 34997.500935360724
13785.0 3435.0 1739.0 8410.0 34665.15141998485
16276.0 3443.0 1777.0 8077.0 34705.00107630256
7703.0 3454.0 1746.0 8288.0 34563.64954435289
9633.0 3394.0 1745.0 8649.0 34961.45890194943
9137.0 3411.0 1763.0 8477.0 34910.07357993891
20094.0 3483.0 1728.0 8025.0 34198.560934761226
7153.0 3446.0 1761.0 8182.0 34646.44129142685
36862.0 3496.0 1754.0 7929.0 34125.478564732526
11673.0 3518.0 1717.0 8045.0 33838.653755181025
20411.0 3442.0 1768.0 8169.0 34472.385913406346
34089.0 3485.0 1717.0 8406.0 34091.390918663514
7903.0 3450.0 1720.0 8520.0 34690.55880867954
6930.0 3460.0 1747.0 8229.0 34448.92274935245
9343.0 3462.0 1728.0 8215.0 34443.436695676304
5984.0 3425.0 1770.0 8247.0 34978.7305927499
22970.0 3465.0 1710.0 8371.0 34288.25311858633
35145.0 3507.0 1686.0 8307.0 33957.09762199521
7889.0 3488.0 1713.0 8236.0 34081.26439534862
10238.0 3477.0 1755.0 8026.0 34270.330100562314
8037.0 3465.0 1701.0 8317.0 34439.58062063903
13527.0 3442.0 1743.0 8434.0 34570.3626292234
15636.0 3482.0 1779.0 7970.0 34057.42563689246
14818.0 3342.0 1766.0 8613.0 35832.61043640005
7261.0 3530.0 1712.0 8114.0 33939.164500504434
10756.0 3424.0 1752.0 8315.0 34808.31660918136
17682.0 3539.0 1685.0 8137.0 33538.0645908419
13155.0 3360.0 1791.0 8414.0 35524.174033435644
14055.0 3439.0 1700.0 8543.0 34603.30552585209
6501.0 3466.0 1750.0 8138.0 34291.31148617856
7619.0 3389.0 1772.0 8448.0 35293.73795335752
27969.0 3430.0 1753.0 8120.0 34872.08443043704
11196.0 3447.0 1749.0 8081.0 34433.15062070223
13018.0 3434.0 1726.0 8543.0 34614.808442082955
10112.0 3431.0 1743.0 8281.0 34869.05387647482
11710.0 3482.0 1704.0 8254.0 34171.26198203876
10711.0 3460.0 1712.0 8361.0 34431.57404051579
9267.0 3498.0 1741.0 8304.0 33933.273926236994
6259.0 3448.0 1724.0 8414.0 34460.55992099597
7283.0 3540.0 1693.0 7945.0 33627.89868383992
11905.0 3441.0 1742.0 8465.0 34563.41014493384
20678.0 3482.0 1699.0 8376.0 34118.801213819934
7961.0 3441.0 1744.0 8092.0 34709.664109448204
11169.0 3454.0 1740.0 8373.0 34643.75545931767
8611.0 3483.0 1715.0 8207.0 34212.51973842212
8987.0 3389.0 1782.0 8433.0 35232.36395059143
6811.0 3460.0 1734.0 8294.0 34282.2131018802
11267.0 3568.0 1694.0 8032.0 33275.166750501616
11472.0 3472.0 1711.0 8279.0 34250.859129001845
12930.0 3372.0 1770.0 8608.0 35370.393719408305
11664.0 3543.0 1691.0 8071.0 33586.62015077557
15619.0 3384.0 1782.0 8399.0 35169.900369414216
7390.0 3586.0 1683.0 7958.0 33261.59167724787
8468.0 3410.0 1738.0 8486.0 34943.50292687652
14751.0 3499.0 1737.0 8124.0 33959.17698650181
10252.0 3494.0 1709.0 8375.0 33878.16807637858
15562.0 3532.0 1743.0 7898.0 33544.091026405666
12604.0 3461.0 1717.0 8301.0 34489.24588312909
8879.0 3488.0 1703.0 8493.0 34281.327374472196
12820.0 3465.0 1744.0 8131.0 34339.74810591523
27537.0 3423.0 1769.0 8166.0 34869.55369803629
8686.0 3519.0 1705.0 8077.0 33913.1795836793
21867.0 3426.0 1743.0 8399.0 34669.6295273983
18302.0 3458.0 1771.0 8198.0 34253.509386769445
12861.0 3474.0 1741.0 8145.0 34199.2173648192
6897.0 3436.0 1745.0 8522.0 34581.784498637666
14037.0 3497.0 1707.0 8186.0 34073.18866615955
12388.0 3430.0 1732.0 8521.0 34850.982361317416
16805.0 3384.0 1776.0 8443.0 35119.198280630866
45581.0 3527.0 1698.0 8252.0 33615.134556288554
8595.0 3440.0 1752.0 8152.0 34521.41959632121
22823.0 3545.0 1718.0 7969.0 33527.91859514742
9514.0 3460.0 1744.0 8100.0 34417.37119304713
19088.0 3443.0 1739.0 8314.0 34758.809518679845
16614.0 3429.0 1734.0 8505.0 34789.15721080354
11122.0 3491.0 1708.0 8157.0 34030.42820275294
10890.0 3472.0 1747.0 8146.0 34252.40585674983
12125.0 3502.0 1655.0 8460.0 33892.06370510676
12886.0 3379.0 1790.0 8381.0 35321.675422774984
10547.0 3451.0 1767.0 8164.0 34393.411168856626
8089.0 3531.0 1699.0 7911.0 33716.832275757566
18036.0 3353.0 1774.0 8616.0 35688.24664098052
8312.0 3481.0 1722.0 8213.0 34170.59648218406
14873.0 3541.0 1686.0 8097.0 33600.169707970475
11117.0 3583.0 1665.0 7855.0 33149.90963526346
12765.0 3375.0 1725.0 8769.0 35223.0166878317
9859.0 3484.0 1731.0 8155.0 34143.867089024214
13787.0 3423.0 1757.0 8298.0 34836.13354918917
9155.0 3526.0 1718.0 8029.0 33766.60472997088
8444.0 3422.0 1765.0 8437.0 34803.02113863453
8634.0 3428.0 1778.0 8175.0 34800.302262730904
18537.0 3409.0 1745.0 8541.0 35121.530842042936
7803.0 3467.0 1693.0 8618.0 34409.98511515081
18837.0 3503.0 1687.0 8379.0 34076.72943440476
16094.0 3495.0 1701.0 8136.0 33889.12208327731
15633.0 3513.0 1742.0 7866.0 33918.58994565659
20995.0 3518.0 1651.0 8599.0 34069.51754387632
22992.0 3411.0 1777.0 8374.0 34959.585451185805
11880.0 3454.0 1762.0 8072.0 34439.85767991322
10035.0 3467.0 1758.0 8015.0 34564.64194281802
9006.0 3471.0 1712.0 8286.0 34310.23222993469
10566.0 3508.0 1740.0 8035.0 33953.46720138627
30866.0 3485.0 1733.0 8158.0 34041.38971356094
19371.0 3457.0 1719.0 8345.0 34635.36724160508
25411.0 3445.0 1750.0 8106.0 34539.85818199355
12267.0 3451.0 1756.0 8308.0 34304.63277401953
18810.0 3515.0 1689.0 8184.0 33728.8256661872
8398.0 3409.0 1768.0 8452.0 34986.22976785859
26176.0 3454.0 1731.0 8272.0 34629.92928722401
44750.0 3457.0 1703.0 8372.0 34438.17070703026
8729.0 3502.0 1706.0 8203.0 33831.77396149198
12641.0 3501.0 1705.0 8180.0 34151.26575115851
7728.0 3460.0 1765.0 8124.0 34615.358079921614
11075.0 3482.0 1695.0 8325.0 34217.37414740035
10569.0 3433.0 1748.0 8265.0 34421.48010809435
9281.0 3378.0 1818.0 8296.0 35650.360572754784
7971.0 3504.0 1699.0 8252.0 33993.991696143545
7539.0 3427.0 1757.0 8342.0 34514.69510819136
10439.0 3408.0 1727.0 8783.0 34921.3696431427
11427.0 3420.0 1729.0 8469.0 34974.15943714119
12951.0 3424.0 1753.0 8308.0 34968.299489367906
8900.0 3502.0 1707.0 8135.0 33931.18569665557
14674.0 3392.0 1751.0 8442.0 35136.19646336834
36043.0 3427.0 1707.0 8619.0 34787.23269393994
17855.0 3390.0 1777.0 8382.0 35053.032977885974
14619.0 3439.0 1768.0 8132.0 34686.14043149381
0.0 647.0 3162.0 15107.0 62657.87360443046
0.0 647.0 3162.0 15107.0 62657.87360443046
8604.0 3525.0 1712.0 8185.0 33825.47108954435
13241.0 3436.0 1766.0 8186.0 34818.5151620086
15373.0 3411.0 1736.0 8483.0 35012.19566986729
9188.0 3542.0 1687.0 8112.0 33574.524778655046
20338.0 3423.0 1766.0 8258.0 34847.3934355375
12522.0 3462.0 1747.0 8361.0 34141.47254206343
11690.0 3458.0 1735.0 8282.0 34510.05710086209
8282.0 3506.0 1713.0 8109.0 33962.46722981124
23527.0 3479.0 1730.0 8110.0 34120.99097931285
9071.0 3501.0 1701.0 8278.0 34024.01921040774
