14744.0 3405.0 1734.0 8639.0 35263.85200085932
9428.0 3456.0 1781.0 7929.0 34572.98396265207
7042.0 3470.0 1725.0 8433.0 34200.091252695944
8523.0 3438.0 1689.0 8675.0 34893.46406871404
14079.0 3390.0 1749.0 8472.0 35170.667001316724
8434.0 3443.0 1735.0 8293.0 34862.44687452273
10072.0 3439.0 1723.0 8403.0 34522.42850828052
29336.0 3460.0 1738.0 8295.0 34274.936714272146
18541.0 3522.0 1711.0 8011.0 33733.600456116794
13420.0 3435.0 1736.0 8301.0 34713.448936297995
13354.0 3487.0 1701.0 8247.0 34254.62662880147
11129.0 3520.0 1746.0 7838.0 33722.811668913724
16439.0 3438.0 1750.0 8297.0 34679.69177293207
8785.0 3474.0 1686.0 8464.0 34132.33384065963
8087.0 3450.0 1726.0 8236.0 34667.89574413178
31014.0 3422.0 1737.0 8444.0 34922.06639684139
9206.0 3496.0 1713.0 8189.0 33988.332141388855
8841.0 3474.0 1698.0 8305.0 34265.18750241255
9650.0 3370.0 1758.0 8663.0 35317.77713057573
12775.0 3522.0 1682.0 8288.0 33755.08206481949
12212.0 3539.0 1683.0 8031.0 33605.330974505516
8447.0 3448.0 1702.0 8384.0 34694.68096428559
12132.0 3435.0 1749.0 8437.0 34672.09466470996
21096.0 3496.0 1710.0 8181.0 33666.67942589486
14349.0 3412.0 1796.0 8281.0 34900.373056933495
12810.0 3502.0 1693.0 8348.0 34129.84941475004
6670.0 3494.0 1727.0 8209.0 33934.74899787076
13348.0 3458.0 1740.0 8261.0 34596.51889029499
7345.0 3469.0 1737.0 8282.0 34563.84197331832
9152.0 3508.0 1684.0 8311.0 34072.77584865639
11923.0 3477.0 1745.0 8000.0 34256.069329634316
10615.0 3459.0 1712.0 8574.0 34341.176213762985
10837.0 3511.0 1672.0 8390.0 33831.79771840417
7030.0 3512.0 1692.0 8254.0 34102.85041520643
23162.0 3529.0 1697.0 8103.0 33661.61645775263
8738.0 3459.0 1764.0 8245.0 34615.13277845419
15366.0 3384.0 1748.0 8539.0 34965.96705345179
25291.0 3487.0 1678.0 8463.0 34124.171667946845
15295.0 3458.0 1739.0 8453.0 34285.47823055349
10374.0 3509.0 1674.0 8320.0 33970.26133770042
13965.0 3409.0 1758.0 8494.0 35117.30475462324
14358.0 3450.0 1731.0 8270.0 34448.61878871806
33797.0 3466.0 1760.0 8121.0 34244.1654512302
9316.0 3458.0 1732.0 8254.0 34631.291199574014
10970.0 3474.0 1727.0 8234.0 34210.67514060446
9487.0 3474.0 1735.0 8373.0 34118.15773356537
8506.0 3376.0 1730.0 8711.0 35033.955960301144
18042.0 3446.0 1754.0 8017.0 34723.71782923798
7534.0 3452.0 1686.0 8522.0 34468.624125779075
8821.0 3413.0 1776.0 8429.0 34971.90044272232
17209.0 3510.0 1689.0 8221.0 34067.09801801312
16193.0 3503.0 1659.0 8436.0 34001.480271074724
14801.0 3455.0 1748.0 8188.0 34550.6317247997
17221.0 3471.0 1718.0 8320.0 34342.31277089679
41000.0 3492.0 1722.0 8169.0 34390.54268812148
8631.0 3420.0 1769.0 8168.0 34851.70706767835
15765.0 3494.0 1679.0 8373.0 34264.65458720589
9802.0 3426.0 1722.0 8616.0 34788.336371366604
11373.0 3476.0 1729.0 8123.0 34356.58879883882
22070.0 3471.0 1687.0 8447.0 34488.073404943534
17725.0 3465.0 1721.0 8251.0 34304.19581653934
17469.0 3467.0 1772.0 8001.0 34522.67411119474
10815.0 3545.0 1680.0 8055.0 33618.08804219354
6379.0 3485.0 1702.0 8442.0 34305.36869221492
15530.0 3474.0 1686.0 8603.0 34108.85803913491
12071.0 3524.0 1686.0 8212.0 33906.73353141164
17687.0 3433.0 1708.0 8507.0 34728.65064561524
14953.0 3477.0 1729.0 8187.0 34146.41479470469
6512.0 3411.0 1739.0 8396.0 35043.423667469906
13160.0 3489.0 1739.0 8143.0 34125.28179408226
24841.0 3522.0 1680.0 8245.0 33899.45438554039
8932.0 3455.0 1785.0 8065.0 34525.51510117239
17367.0 3452.0 1764.0 8120.0 34541.142113047965
12821.0 3511.0 1719.0 8016.0 33956.60543506577
11032.0 3466.0 1715.0 8575.0 34284.456198078966
18958.0 3411.0 1763.0 8391.0 34850.49535457421
18399.0 3497.0 1693.0 8284.0 34027.03354345009
8626.0 3516.0 1721.0 7976.0 33776.16881630316
17069.0 3419.0 1735.0 8321.0 34953.50683149081
12276.0 3478.0 1724.0 8158.0 34255.582285657125
17056.0 3474.0 1719.0 8135.0 34584.35629069143
9143.0 3517.0 1717.0 8180.0 34015.9707921328
8372.0 3577.0 1694.0 7988.0 33352.640232202575
14458.0 3433.0 1749.0 8354.0 34810.96538313774
10604.0 3463.0 1717.0 8474.0 34403.19879207789
21594.0 3429.0 1757.0 8260.0 34913.662918520524
11733.0 3420.0 1767.0 8323.0 34796.43182429914
8204.0 3513.0 1721.0 8297.0 33691.901758711385
8298.0 3438.0 1741.0 8378.0 34607.585323673746
8630.0 3471.0 1701.0 8394.0 34467.765892522264
6904.0 3433.0 1736.0 8522.0 34778.01172967239
10518.0 3560.0 1686.0 8041.0 33645.94778404662
6508.0 3522.0 1731.0 8093.0 33769.435140678244
18979.0 3458.0 1779.0 8136.0 34434.197213294414
10063.0 3472.0 1752.0 8410.0 34134.09261767973
15947.0 3514.0 1693.0 8100.0 33813.233000113825
15635.0 3430.0 1727.0 8390.0 34489.26054353002
16927.0 3509.0 1683.0 8380.0 33901.264000775256
9954.0 3520.0 1692.0 8169.0 33884.02713852627
11640.0 3527.0 1694.0 8115.0 33849.88315016734
8117.0 3465.0 1748.0 8079.0 34463.0945460481
9000.0 3469.0 1730.0 8287.0 34292.35172775856
21332.0 3471.0 1705.0 8249.0 34301.90906438239
12938.0 3484.0 1708.0 8279.0 34099.95268803878
8305.0 3469.0 1732.0 8388.0 34186.732327692735
7506.0 3436.0 1783.0 8201.0 34751.61938024958
15552.0 3473.0 1732.0 8125.0 34308.73125814498
9209.0 3428.0 1765.0 8228.0 34876.19362544689
6593.0 3530.0 1679.0 8209.0 33806.37740393818
17747.0 3428.0 1753.0 8288.0 34843.75856552211
6832.0 3482.0 1718.0 8328.0 34067.88151281311
9365.0 3490.0 1718.0 8208.0 34151.50648491536
7297.0 3495.0 1670.0 8493.0 34315.329315852745
14482.0 3526.0 1719.0 8026.0 33879.23577477969
10471.0 3479.0 1734.0 8256.0 34184.097145130596
9473.0 3470.0 1731.0 8269.0 34350.04970111681
9524.0 3457.0 1725.0 8400.0 34475.65369758017
10634.0 3475.0 1731.0 8116.0 34314.5152087362
31594.0 3544.0 1718.0 7960.0 33729.16269760907
8430.0 3462.0 1762.0 8057.0 34545.48508050781
17281.0 3459.0 1704.0 8506.0 34420.69142596871
11227.0 3546.0 1687.0 8114.0 33491.82126247673
10629.0 3443.0 1786.0 8072.0 34912.72570956433
9769.0 3428.0 1737.0 8424.0 34982.01405899806
7333.0 3398.0 1735.0 8592.0 35106.436078274906
13160.0 3534.0 1705.0 8114.0 33726.78144237892
25908.0 3454.0 1733.0 8409.0 34339.37463040356
7338.0 3439.0 1771.0 8285.0 34477.305704468476
19912.0 3456.0 1734.0 8355.0 34427.42754760467
12762.0 3464.0 1695.0 8385.0 34612.905438530965
17086.0 3477.0 1700.0 8346.0 34238.70118398982
23163.0 3493.0 1745.0 8133.0 33874.453866355616
0.0 644.0 3162.0 15122.0 62671.074461153235
0.0 644.0 3162.0 15122.0 62671.074461153235
16405.0 3461.0 1733.0 8273.0 34413.0973394802
14062.0 3531.0 1695.0 8133.0 33665.32399051167
14532.0 3394.0 1757.0 8550.0 35144.32836889737
16407.0 3483.0 1707.0 8210.0 34350.6691814828
47038.0 3456.0 1769.0 8021.0 34448.09537531666
16999.0 3408.0 1776.0 8371.0 35122.05056176167
10828.0 3398.0 1792.0 8282.0 34972.670298576275
11507.0 3397.0 1772.0 8454.0 35076.29460057007
14132.0 3502.0 1710.0 8200.0 34044.70142345113
8106.0 3432.0 1716.0 8579.0 34611.30417990589
6639.0 3508.0 1704.0 8311.0 33814.53996360426
6505.0 3480.0 1715.0 8282.0 34209.5980419328
8758.0 3444.0 1744.0 8357.0 34530.171329887075
7982.0 3438.0 1756.0 8185.0 34686.72993754487
10848.0 3410.0 1708.0 8730.0 34777.89704631499
14229.0 3490.0 1777.0 7991.0 34129.92669193495
8061.0 3432.0 1705.0 8612.0 34731.27189552093
9743.0 3423.0 1751.0 8441.0 34862.03290848579
6681.0 3494.0 1681.0 8364.0 34103.185261941384
11567.0 3473.0 1717.0 8383.0 34338.38961503703
14225.0 3490.0 1743.0 8023.0 34027.00689377812
12596.0 3518.0 1700.0 8239.0 33653.58167595535
18666.0 3412.0 1773.0 8308.0 35021.66781755755
11744.0 3463.0 1725.0 8352.0 34295.81968190441
10401.0 3459.0 1713.0 8348.0 34519.91086657637
15919.0 3457.0 1735.0 8403.0 34362.29234977654
6267.0 3495.0 1720.0 8267.0 34265.05247531306
16335.0 3468.0 1693.0 8599.0 34435.039017086325
21347.0 3468.0 1742.0 8335.0 34164.197369617155
13104.0 3437.0 1731.0 8393.0 34694.00253270227
19539.0 3458.0 1769.0 8159.0 34471.35254013221
7238.0 3387.0 1779.0 8466.0 35334.36708453354
7280.0 3565.0 1679.0 8061.0 33298.15593483636
29513.0 3469.0 1739.0 8213.0 34440.730623934156
11916.0 3470.0 1757.0 8008.0 34401.51026739214
9245.0 3472.0 1720.0 8212.0 34419.164811794835
19742.0 3534.0 1679.0 8194.0 33694.29118441699
20260.0 3481.0 1702.0 8417.0 34217.945760104885
10884.0 3441.0 1751.0 8354.0 34666.36106545883
12441.0 3468.0 1732.0 8255.0 34356.82579761943
14396.0 3452.0 1759.0 8123.0 34568.48959539631
20767.0 3523.0 1702.0 8021.0 33753.07639758108
9423.0 3532.0 1708.0 8010.0 33638.601573441425
11486.0 3419.0 1771.0 8528.0 34939.53318639399
9014.0 3461.0 1747.0 8210.0 34556.694313803804
15731.0 3516.0 1682.0 8206.0 33910.829663742516
11420.0 3416.0 1778.0 8317.0 35048.68247312667
15929.0 3452.0 1715.0 8311.0 34464.54305277512
13894.0 3474.0 1722.0 8189.0 34264.98366579988
18131.0 3466.0 1698.0 8467.0 34574.827159550885
8831.0 3449.0 1741.0 8187.0 34638.389378862164
7017.0 3523.0 1694.0 8258.0 33845.37154687632
12182.0 3424.0 1741.0 8418.0 34701.55548626828
11345.0 3426.0 1797.0 8078.0 34833.35381472913
7197.0 3490.0 1728.0 8323.0 34100.3461090094
10048.0 3442.0 1701.0 8352.0 34631.11662875022
29636.0 3383.0 1780.0 8417.0 35125.44199020004
21736.0 3475.0 1713.0 8501.0 34057.92295898858
20879.0 3393.0 1762.0 8275.0 35234.84372185526
11266.0 3443.0 1748.0 8294.0 34715.60601006566
9945.0 3427.0 1757.0 8356.0 34792.05342301418
7635.0 3429.0 1778.0 8245.0 34866.22500034895
32596.0 3464.0 1740.0 8159.0 34253.3601563397
17858.0 3482.0 1721.0 8249.0 34190.307669372334
10177.0 3479.0 1690.0 8382.0 34392.77158898574
10758.0 3474.0 1713.0 8242.0 34264.1963477353
15957.0 3405.0 1774.0 8376.0 35246.20242103589
41437.0 3406.0 1768.0 8378.0 34881.66407416036
7550.0 3488.0 1735.0 8223.0 34195.61428362368
8520.0 3444.0 1760.0 8194.0 34635.769896033904
24988.0 3409.0 1746.0 8515.0 34843.25800476413
11601.0 3472.0 1739.0 8213.0 34184.45267486706
24581.0 3523.0 1691.0 8036.0 33887.481542044836
16680.0 3505.0 1670.0 8391.0 34018.47839188031
11959.0 3381.0 1782.0 8530.0 35240.66057177586
9129.0 3532.0 1660.0 8485.0 33803.39276665985
10875.0 3452.0 1795.0 7945.0 34497.45302052062
16010.0 3383.0 1757.0 8379.0 35270.99690405866
7699.0 3408.0 1783.0 8193.0 34926.61957567673
26884.0 3419.0 1783.0 8146.0 34994.92233887786
7587.0 3440.0 1747.0 8434.0 34755.672043927196
5680.0 3432.0 1733.0 8361.0 34887.56329396955
12108.0 3474.0 1710.0 8424.0 34124.672971326865
8589.0 3437.0 1769.0 8252.0 34609.33449637721
9557.0 3431.0 1742.0 8407.0 34703.20425570474
13643.0 3473.0 1729.0 8365.0 34187.92865097445
9775.0 3417.0 1756.0 8542.0 34886.35414141495
8517.0 3452.0 1742.0 8347.0 34561.002563575945
8365.0 3475.0 1725.0 8165.0 34370.714995981514
6268.0 3494.0 1782.0 7947.0 34139.30253446105
7527.0 3473.0 1760.0 8134.0 34366.45055586019
22610.0 3487.0 1745.0 8138.0 34153.147392074556
14080.0 3523.0 1666.0 8208.0 33761.11416919362
16990.0 3493.0 1705.0 8419.0 34113.49174768507
11573.0 3506.0 1704.0 8339.0 34066.333144080076
17064.0 3460.0 1746.0 8061.0 34512.80791827431
7937.0 3458.0 1769.0 8189.0 34450.12160422465
18832.0 3591.0 1680.0 8008.0 33006.87038484963
12654.0 3454.0 1761.0 8240.0 34553.27533331731
10996.0 3527.0 1702.0 8141.0 33662.51323628482
8501.0 3514.0 1687.0 8315.0 34112.2099409317
22800.0 3464.0 1693.0 8452.0 34326.3140505827
9060.0 3455.0 1732.0 8341.0 34454.57616905848
8439.0 3513.0 1682.0 8441.0 33916.75681741419
9311.0 3482.0 1706.0 8442.0 34184.71113207431
9674.0 3526.0 1679.0 8194.0 33762.2733075621
25843.0 3457.0 1757.0 8157.0 34516.484108994446
15715.0 3421.0 1766.0 8290.0 34803.6028190918
12254.0 3480.0 1755.0 8188.0 34232.3380814681
7950.0 3486.0 1713.0 8382.0 34166.3748981054
18598.0 3460.0 1683.0 8510.0 34689.79382207466
28553.0 3478.0 1719.0 8101.0 34468.996010273906
7916.0 3476.0 1662.0 8594.0 34304.38067906425
10816.0 3530.0 1704.0 8092.0 33823.83292450631
9354.0 3420.0 1752.0 8286.0 34844.48369845607
21778.0 3522.0 1698.0 8057.0 33779.74015606261
12319.0 3353.0 1783.0 8562.0 35466.50418754859
10676.0 3479.0 1727.0 8167.0 34318.69355115806
19283.0 3561.0 1694.0 8054.0 33486.529108385286
16733.0 3515.0 1678.0 8239.0 33899.89583895761
17153.0 3420.0 1748.0 8510.0 34863.529038446584
5975.0 3424.0 1752.0 8361.0 35024.37698357314
24034.0 3500.0 1711.0 8109.0 34112.5403314657
