8315.0 3421.0 1768.0 8237.0 34913.407943629645
12577.0 3383.0 1763.0 8608.0 35311.20821336956
8996.0 3410.0 1764.0 8655.0 35151.69215726648
8932.0 3443.0 1769.0 8255.0 34573.27412461756
9478.0 3445.0 1761.0 8237.0 34514.028417999565
12404.0 3414.0 1764.0 8531.0 34718.07357400723
7945.0 3425.0 1743.0 8476.0 34833.20496540251
7565.0 3517.0 1688.0 8151.0 33877.083932957714
15419.0 3415.0 1776.0 8366.0 34883.076934085206
14218.0 3469.0 1723.0 8328.0 34280.97532479762
12440.0 3413.0 1750.0 8397.0 34772.663919003186
9522.0 3487.0 1761.0 7981.0 33952.37281797325
5824.0 3464.0 1721.0 8297.0 34439.56981846034
6960.0 3477.0 1744.0 8225.0 34449.805268482225
7760.0 3370.0 1773.0 8525.0 35487.53857178637
8044.0 3457.0 1747.0 8114.0 34261.47645983689
10014.0 3404.0 1746.0 8425.0 35011.094760285916
15127.0 3471.0 1733.0 8117.0 34224.072095778814
14412.0 3467.0 1700.0 8261.0 34164.93550917364
24031.0 3384.0 1770.0 8573.0 35125.04368705851
6963.0 3448.0 1741.0 8308.0 34480.53505573289
9774.0 3489.0 1713.0 8291.0 34151.73529240473
11147.0 3436.0 1763.0 8128.0 34739.85402708421
8039.0 3469.0 1753.0 8224.0 34202.689855222685
12350.0 3448.0 1717.0 8292.0 34549.86909573831
12734.0 3433.0 1761.0 8397.0 34559.39789832213
11219.0 3483.0 1725.0 8368.0 34076.57013219123
14434.0 3497.0 1685.0 8211.0 34224.23015177103
20190.0 3533.0 1679.0 8169.0 33710.765115856986
7555.0 3454.0 1705.0 8359.0 34452.2091871393
9915.0 3554.0 1670.0 8250.0 33463.25028124656
9072.0 3523.0 1720.0 8099.0 33722.771211969026
7945.0 3471.0 1768.0 7943.0 34366.18491362852
10474.0 3508.0 1702.0 8257.0 33930.29174200075
6663.0 3446.0 1730.0 8432.0 34388.451102813
13441.0 3485.0 1695.0 8447.0 34189.59284990614
7474.0 3456.0 1722.0 8533.0 34580.10095343183
8301.0 3439.0 1740.0 8231.0 34662.2957507032
12192.0 3547.0 1654.0 8226.0 33659.131973946925
10598.0 3422.0 1745.0 8369.0 34691.42267253803
19472.0 3515.0 1721.0 7994.0 33919.02557655956
24404.0 3436.0 1713.0 8578.0 34699.86534181783
7282.0 3505.0 1717.0 8138.0 33976.07762643475
13014.0 3413.0 1740.0 8495.0 34880.94693662447
7467.0 3424.0 1745.0 8367.0 34893.808964242875
7125.0 3418.0 1729.0 8523.0 34741.17094323087
7295.0 3472.0 1717.0 8271.0 34465.662002678575
13723.0 3440.0 1752.0 8155.0 34657.263782648326
8956.0 3438.0 1701.0 8680.0 34524.19113342818
5696.0 3375.0 1776.0 8519.0 35463.22251481711
6941.0 3522.0 1663.0 8432.0 33929.60051604916
15834.0 3454.0 1701.0 8606.0 34252.618614502506
24882.0 3480.0 1677.0 8503.0 34477.70387669546
15319.0 3502.0 1694.0 8253.0 33967.49256765929
18777.0 3418.0 1748.0 8385.0 34954.81881240887
8417.0 3518.0 1749.0 7790.0 33707.748337289915
6554.0 3449.0 1688.0 8662.0 34389.5464152045
27153.0 3467.0 1723.0 8223.0 34493.44231917094
13436.0 3460.0 1733.0 8221.0 34499.78247950349
17035.0 3424.0 1772.0 8213.0 34901.767836059684
8511.0 3469.0 1727.0 8324.0 34298.453107201174
11711.0 3538.0 1698.0 8104.0 33802.86704755644
11752.0 3557.0 1693.0 7990.0 33348.85714236778
16241.0 3544.0 1677.0 8315.0 33711.11194403643
16095.0 3510.0 1727.0 7921.0 33994.8231911778
21588.0 3459.0 1739.0 8181.0 34382.89912063115
30350.0 3394.0 1751.0 8394.0 35200.41666397496
8564.0 3456.0 1767.0 8148.0 34304.31670745097
10336.0 3446.0 1701.0 8465.0 34455.6468869765
18965.0 3418.0 1725.0 8481.0 34716.494694595785
15034.0 3436.0 1781.0 8191.0 34712.61318749315
8750.0 3453.0 1739.0 8270.0 34548.73334185923
16751.0 3413.0 1766.0 8414.0 34759.20616438401
15548.0 3431.0 1726.0 8451.0 34686.48152775276
10289.0 3480.0 1713.0 8093.0 34178.141277077215
14042.0 3475.0 1719.0 8199.0 34227.346883991464
5536.0 3461.0 1755.0 8236.0 34332.54214733591
6957.0 3437.0 1722.0 8431.0 34751.35577022828
5811.0 3527.0 1693.0 8198.0 33745.01280622331
12920.0 3461.0 1720.0 8290.0 34405.314302342485
8586.0 3414.0 1742.0 8597.0 34920.22668923216
10663.0 3409.0 1747.0 8436.0 34784.91002511831
9137.0 3513.0 1658.0 8280.0 33944.83545732333
9871.0 3460.0 1673.0 8717.0 34506.082409161776
22879.0 3438.0 1724.0 8401.0 34729.55293979507
7020.0 3519.0 1682.0 8380.0 33673.985869667966
21449.0 3498.0 1694.0 8214.0 34065.71703444345
8174.0 3478.0 1731.0 8061.0 34054.93049209458
9834.0 3357.0 1763.0 8884.0 35551.42603950044
14967.0 3415.0 1777.0 8378.0 34725.88387610485
13903.0 3533.0 1734.0 7863.0 33745.172744504715
10472.0 3561.0 1697.0 7972.0 33425.51241877417
9306.0 3528.0 1696.0 8243.0 33682.83064072913
23079.0 3405.0 1759.0 8474.0 34877.130532052215
9717.0 3434.0 1744.0 8256.0 34669.242456025204
10649.0 3472.0 1724.0 8269.0 34231.49634913338
12879.0 3511.0 1699.0 8257.0 33863.98603999829
13452.0 3433.0 1741.0 8297.0 34604.72172550665
9695.0 3464.0 1732.0 8346.0 34435.53716676878
14163.0 3437.0 1755.0 8195.0 34936.22721198346
6526.0 3434.0 1749.0 8298.0 34561.10297320086
10310.0 3473.0 1693.0 8360.0 34361.26246200507
9705.0 3438.0 1768.0 8265.0 34742.07969344203
22019.0 3481.0 1700.0 8379.0 34122.97670125308
15836.0 3499.0 1705.0 7998.0 34113.342769029805
9551.0 3557.0 1698.0 8142.0 33634.48063301134
21067.0 3536.0 1660.0 8263.0 33881.972721440456
16294.0 3404.0 1788.0 8396.0 34931.20755363926
7097.0 3504.0 1734.0 8225.0 33892.14067400456
17028.0 3420.0 1752.0 8288.0 34879.44628118836
14393.0 3483.0 1711.0 8311.0 34260.94174355226
22430.0 3527.0 1699.0 8053.0 33739.43251996956
6171.0 3518.0 1728.0 8028.0 33919.4281369353
11517.0 3504.0 1728.0 8066.0 33882.13864970959
12285.0 3490.0 1686.0 8336.0 34081.781392158395
28816.0 3453.0 1734.0 8249.0 34700.7123308408
10196.0 3483.0 1716.0 8174.0 34291.20625048104
11507.0 3483.0 1728.0 8296.0 34062.120023796204
30591.0 3495.0 1755.0 7962.0 34139.21949194513
9925.0 3486.0 1720.0 8222.0 34139.686125120184
12894.0 3477.0 1723.0 8166.0 34406.09061137557
6481.0 3446.0 1741.0 8246.0 34502.18779954517
8764.0 3437.0 1743.0 8412.0 34856.463163957334
10645.0 3439.0 1768.0 8273.0 34575.26283855291
11305.0 3509.0 1699.0 8260.0 33963.36103300473
11769.0 3504.0 1704.0 8299.0 34071.61754379446
9910.0 3423.0 1725.0 8342.0 34797.0091458363
8169.0 3491.0 1694.0 8203.0 34085.61540110684
8392.0 3444.0 1743.0 8425.0 34595.04269338483
4741.0 3512.0 1701.0 8129.0 33771.92615407411
10629.0 3488.0 1684.0 8535.0 34186.26086768345
10749.0 3415.0 1750.0 8281.0 35014.99828592046
21495.0 3382.0 1784.0 8463.0 35262.34206940632
11387.0 3499.0 1745.0 8004.0 34157.15818037826
18669.0 3475.0 1676.0 8538.0 34388.749349461534
15579.0 3551.0 1671.0 8137.0 33707.1566685108
16862.0 3438.0 1756.0 8239.0 34612.66213727074
11556.0 3441.0 1751.0 8195.0 34665.40120546945
9036.0 3425.0 1745.0 8345.0 35030.32463279112
17043.0 3441.0 1715.0 8438.0 34649.7451762307
23571.0 3401.0 1759.0 8476.0 35096.31953920799
13044.0 3486.0 1691.0 8204.0 34071.98774268825
0.0 639.0 3163.0 15131.0 62723.30745773744
0.0 639.0 3163.0 15131.0 62723.30745773744
13182.0 3455.0 1741.0 8232.0 34443.25852692582
9995.0 3451.0 1723.0 8325.0 34660.08321898014
20446.0 3473.0 1713.0 8186.0 34403.80935531665
9407.0 3472.0 1730.0 8172.0 34056.5521350532
6846.0 3506.0 1733.0 7943.0 33900.349847137055
10372.0 3426.0 1738.0 8301.0 34842.882996702196
7733.0 3452.0 1758.0 8234.0 34649.35387936001
27076.0 3447.0 1739.0 8363.0 34681.23477969694
7799.0 3401.0 1747.0 8583.0 35157.10411788163
12902.0 3499.0 1701.0 8229.0 33844.94037623288
9450.0 3513.0 1706.0 8122.0 34117.75527062223
7444.0 3458.0 1751.0 8138.0 34461.68885305185
8669.0 3460.0 1740.0 8338.0 34447.94611657976
14076.0 3463.0 1764.0 8098.0 34275.67232720072
22332.0 3484.0 1731.0 8045.0 34172.06153897776
10733.0 3449.0 1760.0 8097.0 34636.26553769779
12176.0 3417.0 1741.0 8602.0 34872.696491472685
28156.0 3431.0 1768.0 8191.0 34904.487498316616
9095.0 3452.0 1753.0 8197.0 34517.48918186126
10831.0 3442.0 1712.0 8494.0 34509.95014804622
7047.0 3526.0 1714.0 8068.0 33589.09510227922
13739.0 3457.0 1741.0 8131.0 34319.547506878516
27513.0 3503.0 1720.0 8219.0 33930.545225039445
12643.0 3547.0 1667.0 8170.0 33432.36272282386
14215.0 3446.0 1708.0 8436.0 34504.40679000887
21462.0 3470.0 1743.0 8199.0 34241.04420308293
9458.0 3490.0 1714.0 8235.0 34362.41195674807
19129.0 3505.0 1677.0 8381.0 34211.35431957733
9953.0 3530.0 1699.0 8098.0 33793.27572825821
10486.0 3450.0 1767.0 8114.0 34567.11289728937
10407.0 3388.0 1794.0 8416.0 35021.57122608991
8563.0 3423.0 1762.0 8398.0 34993.96843776641
7272.0 3451.0 1726.0 8467.0 34424.88206207635
21244.0 3517.0 1753.0 7938.0 33883.08675804105
13603.0 3432.0 1732.0 8371.0 34774.87892771693
7013.0 3441.0 1709.0 8593.0 34655.37572574581
7489.0 3519.0 1707.0 8299.0 33677.85498129853
11476.0 3550.0 1694.0 7818.0 33437.897621213524
12570.0 3474.0 1719.0 8424.0 34194.08566567396
23869.0 3406.0 1761.0 8424.0 34887.11280425846
8178.0 3479.0 1723.0 8246.0 34090.78556273129
14264.0 3403.0 1753.0 8260.0 35302.483159261275
8105.0 3558.0 1698.0 8076.0 33578.25911566429
14205.0 3413.0 1799.0 8116.0 35012.065672067816
10745.0 3469.0 1719.0 8338.0 34481.28137182992
13559.0 3455.0 1761.0 8177.0 34434.63697962006
8566.0 3398.0 1786.0 8383.0 35088.253579303426
16390.0 3500.0 1702.0 8089.0 34046.600689743085
10951.0 3519.0 1729.0 7932.0 33848.92825053317
9766.0 3515.0 1693.0 8331.0 33769.93473765098
10059.0 3371.0 1791.0 8555.0 35419.63227843692
19777.0 3400.0 1759.0 8416.0 35213.11957306951
15745.0 3392.0 1795.0 8265.0 35047.73208098256
5978.0 3441.0 1696.0 8620.0 34474.82971735891
15167.0 3419.0 1761.0 8397.0 34743.70724233477
9161.0 3460.0 1738.0 8326.0 34595.68739288385
18423.0 3537.0 1686.0 7961.0 33625.05624049301
10873.0 3506.0 1706.0 8233.0 33889.1716683527
9172.0 3483.0 1733.0 8213.0 34024.10344195038
9713.0 3455.0 1717.0 8398.0 34388.200105679214
17670.0 3472.0 1731.0 8110.0 34223.99350366503
21142.0 3358.0 1753.0 8682.0 35545.04644137124
14003.0 3439.0 1739.0 8518.0 34725.1144717915
19019.0 3434.0 1726.0 8602.0 34555.524867567896
16024.0 3453.0 1744.0 8354.0 34396.20143589053
8479.0 3474.0 1732.0 8135.0 34114.25593619547
9182.0 3497.0 1715.0 8143.0 34075.08681243499
12100.0 3512.0 1727.0 8032.0 33818.08487911937
25970.0 3425.0 1757.0 8305.0 34807.525533245265
14081.0 3533.0 1684.0 8049.0 33729.880412641454
