7244.0 3444.0 1744.0 8289.0 34617.8712208867
15157.0 3456.0 1742.0 8003.0 34476.84859189272
9626.0 3449.0 1715.0 8466.0 34516.78899559901
6473.0 3463.0 1710.0 8414.0 34330.79307270613
6940.0 3433.0 1747.0 8347.0 34643.513530040975
16075.0 3460.0 1724.0 8530.0 34327.40480386158
9011.0 3524.0 1699.0 8129.0 33798.41581355526
7531.0 3475.0 1725.0 8212.0 34359.461755551645
19408.0 3339.0 1808.0 8382.0 35404.27666534655
13136.0 3495.0 1723.0 8243.0 34008.83215691692
14689.0 3528.0 1718.0 7997.0 33802.09703900016
19699.0 3528.0 1737.0 7837.0 33755.82887619043
21173.0 3447.0 1694.0 8651.0 34539.40148245104
21187.0 3397.0 1788.0 8454.0 35114.08721352968
6637.0 3510.0 1699.0 8195.0 34186.05935934426
7854.0 3413.0 1715.0 8705.0 34982.39038975128
7518.0 3474.0 1748.0 8061.0 34511.01792093685
13111.0 3529.0 1703.0 8197.0 33683.284840711414
12808.0 3428.0 1770.0 8212.0 34996.43032099236
9951.0 3476.0 1748.0 8144.0 34116.62432154368
10897.0 3469.0 1771.0 8166.0 34393.67683561368
27906.0 3456.0 1753.0 8238.0 34303.675619204936
20585.0 3428.0 1766.0 8186.0 34853.35354235179
7862.0 3467.0 1743.0 8317.0 34463.16152447458
11321.0 3505.0 1727.0 8027.0 33969.56811014388
12592.0 3512.0 1695.0 8315.0 33877.62386622656
23205.0 3374.0 1759.0 8609.0 35294.19543183575
19635.0 3502.0 1717.0 8178.0 33998.943633816496
8749.0 3419.0 1756.0 8302.0 34588.75250520201
8714.0 3432.0 1728.0 8582.0 34668.364805512996
14587.0 3417.0 1747.0 8395.0 34930.5744675438
9958.0 3471.0 1732.0 8203.0 34381.73547022595
12205.0 3487.0 1703.0 8358.0 34131.78580608435
13802.0 3540.0 1681.0 7999.0 33623.718832073355
19099.0 3442.0 1728.0 8405.0 34641.78886026999
8100.0 3432.0 1752.0 8269.0 34578.87932512432
21624.0 3507.0 1684.0 8294.0 34189.60280626582
8689.0 3464.0 1749.0 7888.0 34597.70827955383
9047.0 3444.0 1737.0 8453.0 34789.60027024975
14226.0 3438.0 1741.0 8184.0 34833.72029711624
9768.0 3457.0 1717.0 8360.0 34621.56800466562
11413.0 3476.0 1744.0 8213.0 34322.22494171775
9419.0 3431.0 1763.0 8301.0 34721.16506678467
11694.0 3458.0 1731.0 8171.0 34400.5704120784
11252.0 3417.0 1759.0 8313.0 34842.49823843039
14060.0 3544.0 1676.0 8157.0 33626.6721562969
27095.0 3493.0 1735.0 8246.0 34013.938588713216
10548.0 3416.0 1733.0 8610.0 34881.632672154105
19810.0 3432.0 1732.0 8320.0 34628.15577139118
9402.0 3505.0 1706.0 8298.0 34037.441024489686
9419.0 3419.0 1769.0 8300.0 34697.71983840983
9308.0 3474.0 1701.0 8358.0 34303.14860201253
21866.0 3487.0 1722.0 8321.0 34045.75153731905
13367.0 3480.0 1725.0 8112.0 34217.12924012747
7703.0 3447.0 1760.0 8234.0 34304.8747821404
12078.0 3472.0 1746.0 8199.0 34222.04660548946
12238.0 3409.0 1774.0 8433.0 34958.73405485713
13077.0 3455.0 1742.0 8284.0 34611.34441866171
13876.0 3418.0 1737.0 8513.0 34758.441726432844
12574.0 3426.0 1774.0 8182.0 34722.484328033745
8988.0 3426.0 1750.0 8388.0 34584.00085175989
12286.0 3432.0 1770.0 8171.0 34823.681334414374
11412.0 3476.0 1714.0 8235.0 34180.067143264976
6753.0 3487.0 1712.0 8154.0 34180.64699973667
8394.0 3431.0 1782.0 8289.0 34965.00885761361
8618.0 3439.0 1745.0 8324.0 34640.852527843
15849.0 3405.0 1761.0 8525.0 34848.893114684004
12017.0 3558.0 1643.0 8286.0 33575.97841022192
9289.0 3470.0 1751.0 8074.0 34357.675351366386
28637.0 3542.0 1683.0 8007.0 33497.76500163751
10093.0 3430.0 1738.0 8342.0 34748.07161909426
24195.0 3430.0 1737.0 8290.0 34730.65995637744
12089.0 3421.0 1740.0 8337.0 34739.596883298276
6311.0 3481.0 1724.0 8327.0 34312.893235830656
8788.0 3509.0 1708.0 8192.0 33838.015587232294
9706.0 3455.0 1747.0 8226.0 34610.870958432715
19982.0 3484.0 1736.0 8150.0 34214.70941325889
13368.0 3498.0 1734.0 8141.0 34118.9488337973
11335.0 3503.0 1770.0 7924.0 33917.36150566242
12455.0 3435.0 1731.0 8483.0 34616.932586578136
12415.0 3540.0 1689.0 8202.0 33691.06947163499
11870.0 3415.0 1739.0 8530.0 34818.75379867268
9734.0 3463.0 1775.0 8176.0 34350.728294746055
8940.0 3436.0 1755.0 8119.0 34519.63164232864
16682.0 3498.0 1695.0 8298.0 34065.46022464206
8522.0 3517.0 1744.0 8045.0 33856.13478053535
11699.0 3487.0 1739.0 8070.0 34277.490020631616
20178.0 3415.0 1738.0 8438.0 35102.08794160598
6222.0 3459.0 1726.0 8313.0 34649.06468571166
10195.0 3405.0 1796.0 8161.0 35042.594502289336
16700.0 3508.0 1675.0 8357.0 33770.91072043615
14265.0 3496.0 1757.0 8076.0 33987.19743722833
24855.0 3504.0 1730.0 8076.0 34020.42979252334
19030.0 3439.0 1734.0 8395.0 34547.17652748894
8207.0 3538.0 1691.0 8231.0 33722.235072614974
9460.0 3525.0 1702.0 8095.0 33826.09495469698
6702.0 3444.0 1746.0 8294.0 34493.18341940393
6415.0 3445.0 1748.0 8391.0 34408.747282613294
13686.0 3441.0 1738.0 8267.0 34601.56159009327
19834.0 3479.0 1741.0 8070.0 34177.191838658524
8992.0 3376.0 1785.0 8441.0 35397.49626624131
12438.0 3538.0 1708.0 8016.0 33903.84576299113
19325.0 3409.0 1735.0 8611.0 34906.96242029063
25630.0 3515.0 1717.0 8025.0 33787.91113453776
6550.0 3422.0 1720.0 8482.0 34792.1005394022
8285.0 3407.0 1777.0 8350.0 34950.3997455107
17582.0 3547.0 1737.0 7865.0 33724.96605937127
9800.0 3459.0 1789.0 7949.0 34710.83488958092
12373.0 3487.0 1712.0 8165.0 34077.74671265182
21434.0 3479.0 1717.0 8082.0 34225.37848496029
13735.0 3541.0 1737.0 7872.0 33706.11482311561
13427.0 3500.0 1720.0 8198.0 34036.120042882714
36577.0 3409.0 1752.0 8602.0 34852.79325364885
10531.0 3421.0 1800.0 8107.0 34831.068247231095
18213.0 3420.0 1733.0 8660.0 34762.13662347006
7926.0 3318.0 1855.0 8429.0 35934.263331037386
11856.0 3391.0 1748.0 8580.0 35036.2541604945
12606.0 3558.0 1667.0 8076.0 33588.78946186593
12419.0 3477.0 1733.0 8160.0 34260.174039699355
17740.0 3471.0 1739.0 8103.0 34315.02787019532
11708.0 3477.0 1719.0 8139.0 34348.26888320278
12019.0 3441.0 1750.0 8389.0 34491.06409781525
8233.0 3429.0 1756.0 8094.0 35014.181321036
8760.0 3550.0 1718.0 7899.0 33468.1467761672
11463.0 3494.0 1691.0 8450.0 34081.78131255638
32683.0 3398.0 1784.0 8229.0 34930.84305764162
7259.0 3497.0 1722.0 8346.0 34028.07755482958
14730.0 3506.0 1694.0 8207.0 33933.03309074455
8536.0 3466.0 1747.0 8306.0 34376.42908483597
12550.0 3531.0 1675.0 8301.0 33627.37983159739
8887.0 3434.0 1722.0 8482.0 34731.084285258905
9027.0 3424.0 1727.0 8480.0 34974.789822384184
15311.0 3511.0 1710.0 8181.0 34059.34610364221
28263.0 3460.0 1701.0 8456.0 34697.49861623528
12958.0 3447.0 1766.0 8075.0 34713.05968167637
17045.0 3407.0 1793.0 8310.0 35116.60753791905
11211.0 3424.0 1706.0 8438.0 34792.288364975626
9806.0 3520.0 1703.0 8203.0 33673.50686903539
8881.0 3384.0 1788.0 8474.0 35221.56410149844
7209.0 3476.0 1741.0 8219.0 34438.350763081806
10738.0 3465.0 1730.0 8310.0 34361.87104363655
7342.0 3462.0 1736.0 8349.0 34423.45697365104
10805.0 3470.0 1721.0 8337.0 34373.938557654656
10226.0 3500.0 1710.0 8250.0 34215.39870215639
16718.0 3433.0 1722.0 8414.0 34534.23299400633
6104.0 3498.0 1758.0 7940.0 34024.46631256842
9212.0 3427.0 1712.0 8502.0 34985.07320966875
9140.0 3475.0 1725.0 8180.0 34349.722880693254
6612.0 3492.0 1749.0 8134.0 33963.339123867
17817.0 3368.0 1739.0 8811.0 35439.92839608196
10180.0 3471.0 1706.0 8383.0 34404.22133650813
14500.0 3500.0 1702.0 8261.0 33899.47464549578
10043.0 3522.0 1659.0 8389.0 33633.79001582536
11846.0 3443.0 1704.0 8463.0 34570.91531600448
9580.0 3457.0 1768.0 8075.0 34483.58162018778
9325.0 3466.0 1727.0 8327.0 34432.07505346088
15899.0 3493.0 1703.0 8331.0 33971.650530924744
9746.0 3431.0 1776.0 8183.0 34604.45378845345
8426.0 3397.0 1758.0 8616.0 34978.30528483327
12784.0 3434.0 1703.0 8538.0 34948.793727747114
11335.0 3455.0 1700.0 8500.0 34528.91682858741
10366.0 3469.0 1733.0 8360.0 34367.986057269365
6203.0 3499.0 1729.0 8285.0 34008.82754328722
15098.0 3418.0 1729.0 8645.0 34767.25104085326
16887.0 3486.0 1753.0 8016.0 34293.17213983084
11635.0 3439.0 1735.0 8343.0 34927.11704488935
10714.0 3459.0 1739.0 8298.0 34400.67454311551
13151.0 3488.0 1758.0 8159.0 33969.877692570444
37152.0 3509.0 1732.0 7986.0 34143.023880823865
14400.0 3526.0 1678.0 8131.0 33735.712348276706
8777.0 3433.0 1739.0 8311.0 34761.67606040903
16455.0 3491.0 1683.0 8333.0 33940.51170186488
11072.0 3542.0 1698.0 8047.0 33727.07958633767
29899.0 3503.0 1699.0 8152.0 34120.540492703854
14889.0 3453.0 1710.0 8437.0 34438.29525508366
9999.0 3448.0 1725.0 8373.0 34716.70358794221
16468.0 3463.0 1749.0 8330.0 34200.83436772662
7023.0 3516.0 1648.0 8411.0 33834.62826816969
10369.0 3547.0 1647.0 8280.0 33652.938726069
10016.0 3537.0 1674.0 8137.0 33777.302754689306
15272.0 3474.0 1747.0 8136.0 34421.19089006475
11736.0 3543.0 1690.0 8164.0 33523.71004544692
7825.0 3391.0 1744.0 8574.0 35041.835963179394
8587.0 3467.0 1755.0 8083.0 34409.78648369956
17545.0 3515.0 1728.0 8177.0 33832.34476504493
8061.0 3425.0 1738.0 8510.0 34759.81363829546
8113.0 3480.0 1741.0 8050.0 34326.16247419474
6739.0 3514.0 1672.0 8227.0 33735.61626773234
12705.0 3412.0 1733.0 8631.0 35021.4273313001
7558.0 3527.0 1735.0 7943.0 33819.50772843042
7902.0 3477.0 1714.0 8161.0 34101.83882412514
9583.0 3473.0 1776.0 8145.0 34338.058341850854
26212.0 3400.0 1773.0 8448.0 35182.60331152807
9979.0 3497.0 1711.0 8357.0 34209.877033029516
13259.0 3413.0 1744.0 8438.0 34772.037872160305
11884.0 3511.0 1729.0 8037.0 33908.91867058294
32059.0 3504.0 1698.0 8362.0 33885.36243728711
11708.0 3443.0 1744.0 8281.0 34579.90591863128
29148.0 3525.0 1691.0 8169.0 33878.14992192726
10652.0 3510.0 1728.0 8038.0 33882.624651658996
13808.0 3470.0 1723.0 8216.0 34496.65535425542
9842.0 3466.0 1766.0 8212.0 34264.88702793007
16516.0 3481.0 1736.0 8225.0 34079.513990555344
10768.0 3481.0 1742.0 8230.0 34045.74152396386
19127.0 3440.0 1743.0 8285.0 34614.30905334136
9389.0 3460.0 1729.0 8211.0 34435.298200442514
31060.0 3407.0 1713.0 8515.0 35004.1206473433
8087.0 3388.0 1803.0 8270.0 35276.69834899474
7774.0 3523.0 1710.0 8031.0 33702.728298561175
0.0 644.0 3166.0 15104.0 62676.74455950579
0.0 644.0 3166.0 15104.0 62676.74455950579
7035.0 3567.0 1681.0 8041.0 33592.3475258923
11348.0 3501.0 1700.0 8418.0 34075.22442673114
27468.0 3482.0 1689.0 8400.0 34248.537558411605
9079.0 3535.0 1710.0 7929.0 33631.504154847644
13922.0 3532.0 1638.0 8540.0 33781.82894081666
10343.0 3413.0 1762.0 8507.0 35110.14081480202
28613.0 3468.0 1704.0 8322.0 34307.46400424895
9133.0 3467.0 1717.0 8338.0 34455.86405112994
8120.0 3502.0 1711.0 8360.0 34052.39109047976
13527.0 3475.0 1712.0 8262.0 34179.70420755945
10609.0 3566.0 1665.0 8198.0 33418.39064888766
21900.0 3490.0 1714.0 8243.0 34021.42860469277
15044.0 3480.0 1697.0 8245.0 34110.62602950007
8317.0 3531.0 1709.0 7951.0 33754.98389266892
