17611.0 3381.0 1795.0 8249.0 35433.20543432399
20645.0 3445.0 1768.0 8135.0 34660.95090971587
20503.0 3421.0 1770.0 8194.0 34803.85996176016
10237.0 3459.0 1724.0 8352.0 34405.80044604403
6953.0 3484.0 1718.0 8358.0 34192.66952375681
30028.0 3539.0 1703.0 8187.0 33433.63887072202
9619.0 3444.0 1792.0 8103.0 34728.462921913786
10075.0 3458.0 1745.0 8205.0 34465.05018225821
24042.0 3546.0 1675.0 8055.0 33611.373487915196
6682.0 3530.0 1713.0 7963.0 33715.62782087192
10955.0 3545.0 1657.0 8419.0 33488.77363896303
15011.0 3473.0 1761.0 8065.0 34351.19860145875
34948.0 3370.0 1748.0 8770.0 35358.30660712792
14054.0 3492.0 1731.0 8180.0 33901.942051798884
13876.0 3455.0 1760.0 8245.0 34612.90720848077
12931.0 3392.0 1801.0 8277.0 35146.119279040475
10129.0 3410.0 1731.0 8538.0 35023.314922646845
19378.0 3366.0 1794.0 8408.0 35541.91434500189
12301.0 3491.0 1738.0 8117.0 34242.06959116924
5623.0 3497.0 1671.0 8345.0 33995.752741014156
12116.0 3519.0 1719.0 8001.0 33896.30701187513
11839.0 3522.0 1702.0 7997.0 33832.8085819686
13405.0 3466.0 1708.0 8287.0 34232.8726751322
11409.0 3470.0 1788.0 7799.0 34445.48377140505
9040.0 3527.0 1724.0 7819.0 33618.94072846355
13089.0 3498.0 1720.0 8100.0 34020.77518262887
6866.0 3456.0 1735.0 8296.0 34462.449227061545
7008.0 3420.0 1795.0 8305.0 35064.57794168883
18300.0 3378.0 1815.0 8261.0 35290.96904749176
7711.0 3444.0 1717.0 8423.0 34678.36484450276
10250.0 3484.0 1714.0 8419.0 34054.248062999
10737.0 3445.0 1718.0 8497.0 34456.30810134133
12186.0 3536.0 1684.0 7977.0 33687.891443470886
14940.0 3433.0 1728.0 8393.0 34721.05159577726
6068.0 3450.0 1749.0 8253.0 34372.960659584016
13331.0 3544.0 1658.0 8212.0 33443.84715489494
13624.0 3526.0 1684.0 8329.0 33632.378735112456
9154.0 3431.0 1754.0 8281.0 34761.61145269263
6618.0 3475.0 1740.0 8087.0 34302.5838128036
16779.0 3527.0 1680.0 8160.0 33714.603814499096
9871.0 3441.0 1772.0 8190.0 34743.34711673232
8288.0 3420.0 1766.0 8306.0 34762.05686371939
12227.0 3485.0 1734.0 8156.0 34179.73499011039
7659.0 3416.0 1775.0 8247.0 34812.83591500856
8025.0 3432.0 1753.0 8293.0 34710.037010691114
7814.0 3488.0 1705.0 8379.0 34301.77341223336
10177.0 3454.0 1722.0 8544.0 34471.39581683252
10350.0 3478.0 1691.0 8338.0 34424.76259822012
12316.0 3442.0 1752.0 8297.0 34649.16880681167
18949.0 3393.0 1753.0 8595.0 35082.12275225936
13416.0 3527.0 1684.0 8258.0 33671.279146712914
15370.0 3458.0 1740.0 8249.0 34465.666145081115
10677.0 3521.0 1720.0 8078.0 34110.49972708168
8333.0 3460.0 1741.0 8093.0 34450.29251050198
10250.0 3495.0 1725.0 8229.0 34072.404764684215
11494.0 3477.0 1720.0 8048.0 34388.01350218099
12089.0 3384.0 1772.0 8449.0 35434.25370295301
10698.0 3466.0 1742.0 8104.0 34335.95059650085
17362.0 3470.0 1696.0 8240.0 34064.544137955054
8885.0 3423.0 1758.0 8531.0 34870.01101723443
5946.0 3351.0 1794.0 8653.0 35554.26306224077
24031.0 3407.0 1749.0 8578.0 34794.754805264434
15274.0 3444.0 1788.0 8140.0 34718.66388332998
16381.0 3443.0 1709.0 8495.0 34681.231599739935
10787.0 3432.0 1761.0 8198.0 34661.98999814721
12250.0 3413.0 1715.0 8838.0 34969.05884214685
8764.0 3458.0 1730.0 8270.0 34623.46102112271
8983.0 3398.0 1803.0 8111.0 35082.02695195784
8043.0 3434.0 1750.0 8428.0 34773.60085709456
15905.0 3433.0 1731.0 8508.0 34636.11658266646
10342.0 3446.0 1740.0 8314.0 34694.37212787303
9379.0 3378.0 1752.0 8544.0 35369.815305493656
10310.0 3363.0 1799.0 8516.0 35174.54325979433
9502.0 3529.0 1678.0 8329.0 33692.691181962924
18376.0 3445.0 1742.0 8263.0 34734.902169552275
10015.0 3487.0 1720.0 8270.0 34208.528990907784
38114.0 3507.0 1703.0 8256.0 33861.520128835735
11545.0 3464.0 1738.0 8188.0 34415.83808533844
7720.0 3476.0 1720.0 8398.0 34402.8458649317
17521.0 3446.0 1754.0 8162.0 34454.72762607533
9068.0 3444.0 1749.0 8184.0 34693.675687871604
8465.0 3469.0 1724.0 8321.0 34380.103714028424
7584.0 3437.0 1720.0 8486.0 34744.0396135549
8474.0 3482.0 1670.0 8454.0 34067.55716699346
13282.0 3408.0 1748.0 8666.0 35018.518964523064
9634.0 3398.0 1750.0 8576.0 34832.850559468
9000.0 3452.0 1722.0 8657.0 34330.489208868785
8073.0 3456.0 1725.0 8344.0 34251.115800062355
20102.0 3506.0 1714.0 8074.0 34125.694195888405
8530.0 3492.0 1703.0 8331.0 33892.32864426927
8858.0 3493.0 1693.0 8352.0 34032.54300971745
10798.0 3422.0 1761.0 8344.0 34997.70821655884
8924.0 3392.0 1764.0 8486.0 35309.22172451641
9503.0 3483.0 1713.0 8316.0 34208.97086799093
11750.0 3422.0 1773.0 8283.0 34849.25563179671
9389.0 3425.0 1745.0 8193.0 34805.68450326237
8055.0 3484.0 1743.0 8272.0 34084.05140154012
8132.0 3472.0 1732.0 8150.0 34316.01984608257
12035.0 3409.0 1748.0 8291.0 34858.17973183142
10096.0 3452.0 1718.0 8489.0 34676.52975183134
8227.0 3401.0 1766.0 8367.0 35109.09350832988
8052.0 3474.0 1687.0 8418.0 34310.12606438528
9803.0 3486.0 1738.0 8187.0 34152.730643008996
8735.0 3446.0 1720.0 8392.0 34717.462285905785
10081.0 3499.0 1673.0 8342.0 33936.61933203666
24125.0 3397.0 1762.0 8299.0 35054.7378544151
7249.0 3472.0 1727.0 8337.0 34280.855031090476
9438.0 3506.0 1735.0 7991.0 33951.18358082031
10482.0 3499.0 1708.0 8210.0 34265.63427913302
11246.0 3486.0 1724.0 8256.0 34148.576549994985
6884.0 3460.0 1729.0 8242.0 34416.59322505042
9544.0 3467.0 1708.0 8541.0 34371.789286897045
16620.0 3455.0 1764.0 8202.0 34526.66432474518
6952.0 3492.0 1728.0 8288.0 33990.87358329316
6257.0 3506.0 1712.0 8113.0 34171.08975486958
11737.0 3420.0 1743.0 8381.0 34734.40919252744
13023.0 3449.0 1736.0 8336.0 34367.893451846234
23028.0 3441.0 1737.0 8321.0 34685.035217142125
23559.0 3484.0 1726.0 8212.0 34146.94947858962
8764.0 3423.0 1792.0 8127.0 34835.997430793504
18215.0 3465.0 1741.0 8137.0 34437.16190962281
10712.0 3447.0 1718.0 8442.0 34387.42733640844
9182.0 3518.0 1738.0 7954.0 34041.32567099559
10197.0 3426.0 1810.0 8072.0 34606.88584629524
7053.0 3440.0 1747.0 8240.0 34778.12692528019
5711.0 3511.0 1706.0 8304.0 33843.59792622315
6794.0 3439.0 1728.0 8375.0 34434.89413447217
10494.0 3480.0 1695.0 8496.0 34185.29972360878
13594.0 3396.0 1731.0 8865.0 35093.308406390366
8107.0 3524.0 1721.0 8045.0 33813.66990509568
13119.0 3522.0 1698.0 8190.0 33879.416400079914
19799.0 3446.0 1687.0 8548.0 34664.852999011404
0.0 647.0 3162.0 15095.0 62649.3692758543
0.0 647.0 3162.0 15095.0 62649.3692758543
14754.0 3586.0 1649.0 8236.0 33299.6631787732
10599.0 3443.0 1749.0 8208.0 34698.57097782839
6408.0 3442.0 1760.0 8260.0 34677.4211404172
30798.0 3454.0 1712.0 8372.0 34871.586747284404
12084.0 3417.0 1760.0 8376.0 34798.93468009442
10427.0 3607.0 1690.0 7818.0 32999.21125126081
8793.0 3434.0 1739.0 8470.0 34808.72177706962
12208.0 3508.0 1725.0 8051.0 33978.44458605495
21137.0 3457.0 1757.0 8136.0 34583.22389486052
29651.0 3516.0 1695.0 8142.0 33958.587428350824
6336.0 3524.0 1718.0 8149.0 33802.846984675074
10877.0 3480.0 1760.0 8145.0 34159.67415581402
12114.0 3477.0 1716.0 8241.0 34206.08798612147
18668.0 3412.0 1743.0 8422.0 34862.2755769921
12961.0 3385.0 1793.0 8439.0 35329.31421107018
16789.0 3499.0 1721.0 8239.0 33870.198826252454
8871.0 3425.0 1802.0 8116.0 34751.82841267564
15987.0 3354.0 1752.0 8768.0 35382.3322855918
14848.0 3371.0 1788.0 8495.0 35546.097237201706
9939.0 3506.0 1705.0 8200.0 33948.57992295161
8415.0 3531.0 1701.0 8117.0 33785.291898716554
9083.0 3518.0 1704.0 8336.0 33862.75811466391
11580.0 3523.0 1700.0 8045.0 33897.482199270205
15384.0 3375.0 1818.0 8126.0 35394.22711078056
7372.0 3457.0 1745.0 8393.0 34423.851642256624
11946.0 3496.0 1711.0 8131.0 34015.529544751065
15635.0 3419.0 1747.0 8432.0 34793.4379576575
9087.0 3386.0 1793.0 8353.0 35357.458817277045
14354.0 3500.0 1711.0 8280.0 33952.49801043274
14944.0 3447.0 1716.0 8407.0 34578.395627781516
27817.0 3457.0 1735.0 8225.0 34257.174981411656
10115.0 3462.0 1740.0 8229.0 34190.422152731626
13013.0 3487.0 1700.0 8237.0 33996.44581368955
10704.0 3497.0 1663.0 8356.0 34146.610403921135
10482.0 3402.0 1794.0 8236.0 34904.53863995862
15013.0 3467.0 1714.0 8284.0 34366.97844675004
19158.0 3411.0 1769.0 8320.0 34845.495550811276
37798.0 3519.0 1717.0 8103.0 33808.54863553084
9639.0 3536.0 1652.0 8400.0 33732.83661514809
8644.0 3464.0 1696.0 8298.0 34483.759762415335
7609.0 3413.0 1767.0 8321.0 34854.340335739995
27078.0 3597.0 1692.0 7828.0 33128.689706492114
8522.0 3460.0 1748.0 8325.0 34326.51001170443
8708.0 3479.0 1735.0 8117.0 34401.07975939509
9455.0 3425.0 1749.0 8346.0 34727.07322119628
10064.0 3465.0 1753.0 8165.0 34447.07362859435
7561.0 3454.0 1741.0 8374.0 34511.2211151002
11295.0 3522.0 1660.0 8297.0 33663.48765288022
11279.0 3500.0 1713.0 8310.0 33776.42559722032
11779.0 3431.0 1737.0 8362.0 34847.18865110812
19504.0 3446.0 1701.0 8623.0 34539.84584522426
15117.0 3545.0 1687.0 8194.0 33448.85836995326
11775.0 3434.0 1720.0 8395.0 34561.588991219905
10770.0 3482.0 1693.0 8302.0 34307.2291352234
9103.0 3535.0 1700.0 8090.0 33683.89310086936
9200.0 3459.0 1718.0 8454.0 34379.091387498636
8509.0 3490.0 1727.0 8231.0 34128.590306086255
16142.0 3510.0 1687.0 8243.0 34121.856270673314
8480.0 3391.0 1780.0 8340.0 35083.57161910386
9454.0 3449.0 1744.0 8244.0 34614.280437461195
17903.0 3532.0 1720.0 8016.0 33540.47478159089
10390.0 3451.0 1707.0 8421.0 34775.29686078565
10152.0 3393.0 1771.0 8312.0 35147.757102101416
6436.0 3460.0 1715.0 8542.0 34473.2893619507
10074.0 3464.0 1734.0 8212.0 34347.080705584805
11848.0 3484.0 1693.0 8392.0 34210.86625387646
9734.0 3517.0 1677.0 8395.0 33916.65790864386
14771.0 3444.0 1741.0 8301.0 34558.650948529794
8433.0 3486.0 1697.0 8320.0 33994.56257325513
18885.0 3458.0 1737.0 8282.0 34505.47532869777
7071.0 3532.0 1682.0 8336.0 33671.3500359321
25627.0 3476.0 1741.0 8102.0 34285.675702112334
6312.0 3521.0 1682.0 8207.0 33908.55768208958
11012.0 3564.0 1689.0 8006.0 33338.03833912811
10004.0 3478.0 1701.0 8423.0 34151.778344943654
23773.0 3419.0 1738.0 8452.0 34869.73253990645
13152.0 3442.0 1744.0 8360.0 34575.733919831575
7904.0 3462.0 1704.0 8520.0 34516.70609372974
6958.0 3454.0 1767.0 8208.0 34501.22569402552
9256.0 3500.0 1721.0 8030.0 34225.04229324184
14796.0 3510.0 1717.0 8155.0 34008.12421407761
9770.0 3438.0 1717.0 8274.0 34700.36026748019
6237.0 3476.0 1754.0 8238.0 34373.64392379943
12707.0 3450.0 1766.0 8120.0 34372.4831891405
22710.0 3476.0 1769.0 7982.0 34192.33979483383
13332.0 3407.0 1791.0 8398.0 34997.967423553586
8926.0 3436.0 1734.0 8450.0 34645.12110652409
11620.0 3485.0 1710.0 8302.0 34179.332389122705
13249.0 3468.0 1705.0 8244.0 34647.86970955134
12294.0 3495.0 1689.0 8329.0 33942.45248271208
18902.0 3488.0 1704.0 8175.0 34280.047600728896
13909.0 3455.0 1757.0 8210.0 34287.05455860686
10318.0 3469.0 1690.0 8340.0 34419.083642676705
7865.0 3484.0 1739.0 8200.0 34352.81998556286
6863.0 3513.0 1707.0 8171.0 33865.81475584709
