15026.0 3436.0 1730.0 8336.0 34783.16026332111
12201.0 3396.0 1772.0 8338.0 35060.819816360694
9715.0 3422.0 1744.0 8235.0 34711.66303677714
29949.0 3473.0 1718.0 8247.0 34270.16416129541
9431.0 3567.0 1692.0 7859.0 33573.18162485967
10938.0 3489.0 1692.0 8392.0 34001.86505770625
15437.0 3483.0 1709.0 8418.0 34076.21355216608
7183.0 3503.0 1692.0 8301.0 34018.283696818326
10071.0 3551.0 1724.0 7907.0 33494.53460962888
45222.0 3473.0 1711.0 8304.0 34198.692667213785
16870.0 3382.0 1746.0 8504.0 35214.63745517096
8938.0 3478.0 1758.0 8121.0 34397.79835276391
7289.0 3415.0 1755.0 8526.0 34714.23024607732
11723.0 3392.0 1773.0 8435.0 35280.563493718524
13357.0 3468.0 1717.0 8284.0 34417.27628666245
18389.0 3412.0 1763.0 8365.0 34922.27858951768
17422.0 3478.0 1721.0 8196.0 34209.30372551072
6981.0 3525.0 1665.0 8273.0 33774.48679844945
27432.0 3391.0 1768.0 8269.0 35129.03544281669
21700.0 3459.0 1712.0 8368.0 34424.924361989244
9526.0 3471.0 1742.0 8215.0 34275.26160759133
7549.0 3515.0 1761.0 7978.0 33688.6132376585
16135.0 3410.0 1743.0 8607.0 35054.241116312354
9389.0 3463.0 1760.0 8243.0 34521.88116691101
11753.0 3473.0 1740.0 8110.0 34307.31317658631
8760.0 3450.0 1731.0 8300.0 34714.506399763326
8759.0 3481.0 1756.0 7992.0 34250.00112536542
13909.0 3501.0 1732.0 8009.0 34186.77331137058
11694.0 3499.0 1688.0 8315.0 34078.30745899488
19571.0 3453.0 1714.0 8336.0 34598.66763944491
12654.0 3519.0 1719.0 7908.0 33854.44367348264
44146.0 3489.0 1710.0 8138.0 34110.19009295497
22128.0 3474.0 1699.0 8260.0 34388.59589635054
9323.0 3510.0 1730.0 8193.0 33910.93443828946
8153.0 3458.0 1751.0 8184.0 34589.68126957377
8046.0 3473.0 1765.0 8147.0 34272.6029135809
21163.0 3493.0 1738.0 8258.0 33875.55800366378
16757.0 3432.0 1714.0 8339.0 34907.896451938526
10971.0 3522.0 1706.0 7886.0 33710.25836045475
14639.0 3545.0 1708.0 7948.0 33480.79427839408
19738.0 3469.0 1710.0 8197.0 34308.920133256215
20205.0 3394.0 1766.0 8439.0 35075.07122817219
6910.0 3403.0 1742.0 8533.0 35154.90986167746
6058.0 3444.0 1753.0 8282.0 34550.69024457962
15356.0 3487.0 1736.0 8164.0 34218.0685467651
12061.0 3446.0 1756.0 8222.0 34550.26936231755
36518.0 3490.0 1732.0 8082.0 34310.65189323905
8899.0 3414.0 1780.0 8335.0 34929.155550932795
21829.0 3517.0 1694.0 8171.0 34078.005579827404
14931.0 3497.0 1704.0 8255.0 34077.75724900739
10004.0 3414.0 1748.0 8508.0 34799.42810518645
13122.0 3449.0 1707.0 8540.0 34568.03446932822
12103.0 3404.0 1782.0 8252.0 34907.6059497394
16084.0 3452.0 1760.0 8101.0 34664.59446360659
10645.0 3501.0 1702.0 8205.0 34093.84057139724
6871.0 3533.0 1721.0 8026.0 33785.96366266525
8193.0 3484.0 1732.0 8188.0 34445.63160782347
11002.0 3428.0 1760.0 8563.0 34570.39530125018
7329.0 3452.0 1682.0 8448.0 34572.430969120236
7653.0 3536.0 1696.0 8036.0 33695.37123965864
10564.0 3559.0 1699.0 7854.0 33286.81427752108
6571.0 3460.0 1743.0 8262.0 34664.14454296188
10847.0 3449.0 1748.0 8268.0 34413.8354257019
12985.0 3516.0 1713.0 8113.0 33815.332638005435
9595.0 3371.0 1774.0 8570.0 35306.50567802855
7901.0 3469.0 1736.0 8255.0 34426.98443845809
11263.0 3490.0 1708.0 8320.0 34273.00166920381
10849.0 3434.0 1764.0 8328.0 34499.52249303067
14016.0 3510.0 1741.0 7949.0 34119.26851399649
7191.0 3433.0 1756.0 8332.0 34739.95907804054
10960.0 3489.0 1698.0 8270.0 34275.605777779405
8394.0 3482.0 1744.0 8175.0 34218.67114472939
8165.0 3510.0 1679.0 8456.0 33923.5230222235
26758.0 3523.0 1732.0 7798.0 33828.88387426214
11769.0 3472.0 1717.0 8337.0 34294.791249635244
10471.0 3444.0 1739.0 8372.0 34605.0039385437
5860.0 3378.0 1794.0 8298.0 35412.39870284744
11684.0 3477.0 1813.0 7806.0 34146.72142565843
14814.0 3405.0 1756.0 8329.0 34949.140135710746
9141.0 3393.0 1719.0 8646.0 35111.03284311581
46963.0 3430.0 1721.0 8506.0 34829.58895834753
9303.0 3474.0 1738.0 8166.0 34490.7285360778
18948.0 3447.0 1733.0 8360.0 34684.18504687593
13653.0 3453.0 1715.0 8548.0 34465.109527254535
19294.0 3442.0 1705.0 8414.0 34816.490010895555
9368.0 3546.0 1660.0 8348.0 33641.34516794592
14330.0 3432.0 1775.0 8223.0 34686.85019535365
22600.0 3476.0 1739.0 8183.0 34226.73108934618
9175.0 3395.0 1755.0 8487.0 34994.38794486806
11939.0 3476.0 1715.0 8328.0 34362.2494273031
12978.0 3394.0 1744.0 8559.0 35013.855893947424
9481.0 3500.0 1731.0 8119.0 33916.025789180785
13176.0 3466.0 1704.0 8259.0 34436.749771238436
25640.0 3417.0 1758.0 8308.0 34973.10324606692
38577.0 3400.0 1748.0 8503.0 34938.50539589686
10259.0 3454.0 1741.0 8260.0 34501.01502425568
11996.0 3496.0 1711.0 8086.0 34099.26997240076
16793.0 3539.0 1681.0 8204.0 33742.80759893908
17835.0 3497.0 1686.0 8370.0 34196.37791929277
14093.0 3424.0 1761.0 8225.0 34858.90501256689
11644.0 3503.0 1753.0 8042.0 34191.22309955562
6363.0 3506.0 1695.0 8179.0 33928.47736716597
8768.0 3493.0 1704.0 8371.0 34022.04328264525
19294.0 3512.0 1678.0 8361.0 33684.98050210171
15480.0 3474.0 1729.0 8259.0 34240.568141303214
9446.0 3467.0 1744.0 8041.0 34238.17915569295
13337.0 3543.0 1709.0 8030.0 33605.265232300735
10248.0 3339.0 1800.0 8502.0 35664.23201812213
12924.0 3498.0 1676.0 8388.0 33968.62550666351
31461.0 3452.0 1749.0 8255.0 34268.528213903104
12688.0 3497.0 1666.0 8408.0 34032.71825343089
27418.0 3430.0 1786.0 8152.0 34612.01455445883
9064.0 3425.0 1761.0 8252.0 34666.59490720636
10496.0 3532.0 1664.0 8330.0 33644.85330368741
11324.0 3533.0 1672.0 8277.0 33770.49642105401
11235.0 3344.0 1773.0 8699.0 35609.8947095163
13290.0 3450.0 1725.0 8282.0 34556.43771898895
9595.0 3466.0 1718.0 8385.0 34642.63034026207
24561.0 3460.0 1714.0 8266.0 34604.22876268035
16767.0 3477.0 1714.0 8278.0 34394.11549781602
6291.0 3491.0 1717.0 8291.0 34174.505115164466
14643.0 3406.0 1740.0 8569.0 35219.62879022435
6844.0 3466.0 1718.0 8460.0 34405.817466067136
11679.0 3445.0 1735.0 8205.0 34693.51939241607
6523.0 3410.0 1729.0 8685.0 34887.87105118719
0.0 642.0 3164.0 15122.0 62708.727469453406
0.0 642.0 3164.0 15122.0 62708.727469453406
8127.0 3445.0 1768.0 8291.0 34420.02092188717
11291.0 3532.0 1723.0 8077.0 33669.89928699855
10988.0 3459.0 1717.0 8292.0 34422.2789819648
18358.0 3539.0 1702.0 7990.0 33739.839120437435
6759.0 3413.0 1758.0 8501.0 34753.614203243254
33024.0 3414.0 1766.0 8253.0 34866.42148380171
30408.0 3403.0 1770.0 8477.0 34967.047625531624
7101.0 3406.0 1762.0 8476.0 35047.353759315396
19922.0 3452.0 1707.0 8503.0 34541.840416559215
10292.0 3455.0 1755.0 8066.0 34450.83985355913
10963.0 3524.0 1744.0 7939.0 33747.60414370684
13973.0 3472.0 1715.0 8376.0 34110.883790683074
7785.0 3556.0 1664.0 8164.0 33597.75155599962
11281.0 3501.0 1694.0 8266.0 33947.35553754366
9888.0 3520.0 1690.0 8126.0 33973.07884758877
6915.0 3434.0 1723.0 8388.0 35004.46212944961
10397.0 3477.0 1728.0 8327.0 34226.417026627954
16435.0 3513.0 1723.0 8140.0 33804.649593122005
6850.0 3455.0 1727.0 8287.0 34353.750176509275
7527.0 3397.0 1768.0 8475.0 35013.357351626044
9872.0 3511.0 1679.0 8269.0 33934.66022217154
7658.0 3474.0 1777.0 7921.0 34643.81026807987
8409.0 3479.0 1749.0 8133.0 34389.256589964
8221.0 3450.0 1722.0 8473.0 34672.18052087171
9328.0 3476.0 1684.0 8545.0 34436.70932832175
11988.0 3558.0 1686.0 7821.0 33613.98871656234
7488.0 3508.0 1704.0 8022.0 33953.64399701256
7563.0 3440.0 1777.0 8072.0 34727.77772865043
15316.0 3457.0 1782.0 8081.0 34353.195887362206
8912.0 3479.0 1710.0 8419.0 34275.66111015651
9551.0 3518.0 1681.0 8179.0 33779.848440440306
8901.0 3439.0 1732.0 8484.0 34720.716315719874
6686.0 3494.0 1711.0 8110.0 34091.103039419555
11717.0 3452.0 1761.0 8207.0 34646.796780811586
22956.0 3463.0 1756.0 8133.0 34421.04226715004
9344.0 3469.0 1753.0 8141.0 34477.03292970783
10996.0 3430.0 1719.0 8481.0 34839.78258731672
15478.0 3401.0 1750.0 8523.0 34968.082199787605
12181.0 3476.0 1712.0 8279.0 34047.19324681745
24991.0 3429.0 1724.0 8551.0 34675.55624948193
7840.0 3479.0 1730.0 8306.0 34175.291183884605
8680.0 3544.0 1677.0 7978.0 33419.36346568915
28099.0 3420.0 1740.0 8506.0 34782.92131168207
11406.0 3445.0 1723.0 8454.0 34455.7925913002
9940.0 3480.0 1700.0 8321.0 34179.27146467448
10277.0 3418.0 1723.0 8641.0 35087.321117591295
28293.0 3432.0 1780.0 8158.0 34692.65023043715
10055.0 3456.0 1752.0 8132.0 34654.98982581344
14366.0 3486.0 1671.0 8470.0 34381.422959618365
32749.0 3495.0 1710.0 8139.0 34082.76427387183
6625.0 3460.0 1724.0 8290.0 34302.455109254784
11014.0 3392.0 1734.0 8549.0 35335.0169519137
15475.0 3435.0 1731.0 8426.0 34717.28299021454
9214.0 3430.0 1743.0 8337.0 34774.52731410339
10777.0 3517.0 1706.0 8172.0 33622.683611922286
9862.0 3473.0 1736.0 8144.0 34235.40787000093
28517.0 3468.0 1695.0 8364.0 34414.068164835815
13270.0 3466.0 1754.0 8110.0 34386.820609337155
27330.0 3452.0 1737.0 8170.0 34545.21854649996
9308.0 3427.0 1737.0 8588.0 34859.70403125546
7780.0 3437.0 1770.0 8270.0 34826.420102741045
7614.0 3417.0 1796.0 8149.0 35063.54901657489
7988.0 3540.0 1703.0 7992.0 33645.71336892899
9336.0 3519.0 1718.0 8122.0 33793.15492499091
12395.0 3516.0 1732.0 8077.0 33792.94373368165
22149.0 3464.0 1724.0 8273.0 34519.585934006675
7073.0 3500.0 1731.0 8185.0 33762.284654198
8945.0 3472.0 1742.0 8188.0 34370.55206488676
7510.0 3437.0 1732.0 8463.0 34801.68071156433
11085.0 3404.0 1811.0 8082.0 34934.76988757625
10595.0 3419.0 1749.0 8478.0 34662.43096843751
8669.0 3511.0 1718.0 8132.0 33845.87126903844
16073.0 3494.0 1734.0 8013.0 33942.9627787503
10005.0 3533.0 1680.0 8093.0 33837.986555038304
9177.0 3484.0 1701.0 8399.0 34338.86960859785
8165.0 3436.0 1751.0 8305.0 34654.959928477656
11921.0 3511.0 1675.0 8252.0 33952.53884620932
21573.0 3490.0 1695.0 8340.0 34099.673141498555
11038.0 3448.0 1709.0 8613.0 34618.94229253881
13061.0 3562.0 1641.0 8251.0 33512.22454909453
9858.0 3439.0 1736.0 8432.0 34835.39819365881
8094.0 3417.0 1768.0 8078.0 34731.46309849447
8259.0 3441.0 1751.0 8273.0 34702.39943786458
8768.0 3435.0 1728.0 8643.0 34604.924653345646
10744.0 3413.0 1756.0 8553.0 34785.760900687026
8829.0 3510.0 1693.0 8412.0 34012.28955900423
15325.0 3434.0 1734.0 8244.0 34904.13089444228
16324.0 3468.0 1696.0 8459.0 34073.84925207709
8322.0 3490.0 1711.0 8094.0 34003.17871887896
13505.0 3424.0 1736.0 8385.0 34651.85577956096
15222.0 3485.0 1702.0 8276.0 34373.26325462781
12221.0 3488.0 1710.0 8315.0 34015.48559957262
29389.0 3458.0 1709.0 8443.0 34453.82790448327
7860.0 3466.0 1743.0 8209.0 34487.44489479759
7933.0 3449.0 1776.0 8180.0 34921.29191246209
12503.0 3489.0 1725.0 8122.0 33998.720516757836
24379.0 3460.0 1798.0 7887.0 34470.90612359546
8760.0 3444.0 1772.0 8352.0 34466.81636080018
29876.0 3560.0 1656.0 8066.0 33388.430935405064
13281.0 3421.0 1757.0 8309.0 34770.53570565916
8279.0 3539.0 1700.0 8075.0 33603.77441483201
9708.0 3513.0 1736.0 8006.0 33785.154392608594
26147.0 3508.0 1692.0 8338.0 33832.87834148929
6540.0 3443.0 1756.0 8249.0 34564.12726108866
13309.0 3421.0 1755.0 8415.0 34867.18785996786
16731.0 3411.0 1769.0 8200.0 35022.02375777867
11786.0 3390.0 1752.0 8590.0 35316.90403664179
7398.0 3402.0 1772.0 8328.0 34946.89249706223
8428.0 3505.0 1697.0 8260.0 34042.537692924794
6890.0 3395.0 1752.0 8598.0 35108.78107139213
