1.0 988.0 140.0 454.0 2422.707450141516
0.0 1244.0 0.0 0.0 0.0
0.0 1244.0 0.0 0.0 0.0
0.0 585.0 366.0 1238.0 6493.7676622995705
0.0 193.0 546.0 2265.0 10476.654693638873
0.0 502.0 410.0 1408.0 7313.4589230153
1.0 397.0 333.0 2457.0 8455.930135148206
0.0 957.0 104.0 807.0 2765.628636931626
0.0 957.0 104.0 807.0 2765.628636931626
1.0 1243.0 0.0 0.0 8.511742727478815
0.0 823.0 155.0 1172.0 4178.62423945143
0.0 1001.0 130.0 451.0 2272.0884435184926
0.0 344.0 361.0 2583.0 8969.995836827755
0.0 1244.0 0.0 0.0 0.0
0.0 1244.0 0.0 0.0 0.0
0.0 1009.0 114.0 480.0 2167.0904149054154
0.0 1244.0 0.0 0.0 0.0
3.0 961.0 98.0 808.0 2740.747242701605
0.0 613.0 288.0 1456.0 6186.3400793301835
0.0 237.0 417.0 2886.0 10023.17750190239
0.0 87.0 562.0 2918.0 11574.597824568767
0.0 520.0 276.0 2163.0 7257.292624735549
0.0 1244.0 0.0 0.0 0.0
0.0 300.0 384.0 2689.0 9386.514952555743
0.0 181.0 556.0 2275.0 10623.115425064425
0.0 541.0 278.0 1978.0 7015.672992932055
0.0 1222.0 10.0 31.0 192.08892343550963
0.0 1218.0 10.0 48.0 223.49879384248314
2.0 970.0 100.0 728.0 2608.360122294753
0.0 661.0 262.0 1357.0 5727.852871909804
1.0 457.0 309.0 2252.0 7885.36561150337
0.0 150.0 566.0 2390.0 10939.408066426788
0.0 1244.0 0.0 0.0 0.0
0.0 1244.0 0.0 0.0 0.0
0.0 891.0 151.0 790.0 3445.2393612094447
0.0 630.0 352.0 1110.0 6153.884496114093
0.0 152.0 566.0 2380.0 10916.184933411532
0.0 477.0 321.0 2023.0 7612.113897294583
0.0 804.0 237.0 777.0 4370.141435863675
0.0 1218.0 10.0 48.0 223.49879384248314
0.0 578.0 259.0 1893.0 6702.453623798198
0.0 290.0 508.0 1946.0 9496.223014793224
0.0 667.0 259.0 1343.0 5673.948028794463
0.0 738.0 188.0 1477.0 5078.835053650676
0.0 436.0 437.0 1562.0 7969.61930416835
0.0 567.0 383.0 1243.0 6714.891372085644
0.0 778.0 171.0 1323.0 4632.483137547959
0.0 237.0 417.0 2886.0 10023.17750190239
0.0 406.0 339.0 2348.0 8365.107815175776
0.0 222.0 429.0 2897.0 10186.504400158716
0.0 727.0 189.0 1573.0 5193.57979905772
0.0 181.0 556.0 2275.0 10623.115425064425
0.0 420.0 449.0 1579.0 8166.59991376031
0.0 667.0 259.0 1343.0 5673.948028794463
0.0 590.0 297.0 1529.0 6389.388174230572
0.0 356.0 360.0 2488.0 8848.917208175519
0.0 356.0 360.0 2488.0 8848.917208175519
0.0 738.0 188.0 1477.0 5078.835053650676
0.0 564.0 386.0 1243.0 6758.452150905667
0.0 87.0 562.0 2918.0 11574.597824568767
0.0 863.0 190.0 729.0 3699.0042131562736
0.0 1029.0 79.0 555.0 2024.2687894048095
0.0 1133.0 51.0 219.0 1025.6036878322475
0.0 622.0 239.0 1800.0 6233.372547051518
0.0 1069.0 92.0 322.0 1727.86630509388
0.0 506.0 404.0 1416.0 7256.611569173705
0.0 684.0 315.0 1041.0 5565.798934321798
0.0 845.0 208.0 726.0 3919.375738604499
0.0 753.0 267.0 884.0 4884.312756022464
0.0 698.0 303.0 1034.0 5390.053694615395
0.0 1029.0 79.0 555.0 2024.2687894048095
1.0 244.0 532.0 2064.0 9956.050958999407
0.0 983.0 104.0 624.0 2474.1915981401894
0.0 437.0 436.0 1562.0 7955.384396357466
0.0 348.0 487.0 1738.0 8892.048771081692
0.0 834.0 221.0 723.0 4054.409859163089
0.0 348.0 487.0 1738.0 8892.048771081692
0.0 1244.0 0.0 0.0 0.0
0.0 361.0 481.0 1699.0 8776.97419775604
0.0 631.0 352.0 1107.0 6140.662650527203
0.0 748.0 271.0 889.0 4949.534956242822
0.0 622.0 239.0 1800.0 6233.372547051518
0.0 801.0 240.0 777.0 4405.717119071298
0.0 558.0 386.0 1268.0 6817.33433636759
0.0 690.0 205.0 1639.0 5568.74353575515
0.0 748.0 271.0 889.0 4949.534956242822
0.0 621.0 239.0 1808.0 6243.5196916336445
0.0 1099.0 80.0 242.0 1447.123013009084
0.0 936.0 163.0 554.0 2964.197267607925
0.0 640.0 322.0 1192.0 5892.109147713572
0.0 1120.0 53.0 267.0 1170.2524187816389
0.0 748.0 271.0 889.0 4949.534956242822
0.0 701.0 204.0 1559.0 5465.681025330982
0.0 933.0 166.0 554.0 2999.588739361795
0.0 960.0 114.0 682.0 2704.1843862059513
0.0 1156.0 40.0 165.0 814.7341967582007
0.0 406.0 339.0 2348.0 8365.107815175776
0.0 814.0 229.0 771.0 4237.2097369286375
0.0 148.0 566.0 2403.0 10962.713769897788
0.0 887.0 131.0 1018.0 3533.704647189684
0.0 963.0 111.0 682.0 2686.350942088075
0.0 771.0 256.0 850.0 4690.080828997445
0.0 899.0 188.0 604.0 3374.7067793511374
0.0 753.0 267.0 884.0 4884.312756022464
0.0 667.0 259.0 1343.0 5673.948028794463
0.0 834.0 221.0 723.0 4054.409859163089
0.0 640.0 322.0 1192.0 5892.109147713572
0.0 1150.0 35.0 211.0 899.6596844766225
0.0 237.0 417.0 2886.0 10023.17750190239
0.0 1206.0 13.0 88.0 345.9992600388542
0.0 696.0 305.0 1034.0 5417.138445894016
0.0 906.0 183.0 597.0 3291.6864886760955
0.0 981.0 103.0 641.0 2504.714999003816
0.0 994.0 137.0 449.0 2361.330906770405
0.0 957.0 104.0 807.0 2765.628636931626
0.0 178.0 557.0 2285.0 10657.690445562695
0.0 1064.0 70.0 423.0 1710.8976797459225
0.0 1024.0 79.0 585.0 2082.578774590296
0.0 1178.0 29.0 115.0 620.2415655997813
0.0 1244.0 0.0 0.0 0.0
0.0 1244.0 0.0 0.0 0.0
0.0 1180.0 28.0 112.0 603.7804307635769
0.0 945.0 148.0 578.0 2842.599933727577
0.0 150.0 566.0 2390.0 10939.408066426788
0.0 860.0 200.0 706.0 3740.9814757611653
0.0 1120.0 53.0 267.0 1170.2524187816389
0.0 223.0 428.0 2897.0 10178.278030533014
0.0 857.0 203.0 706.0 3776.5365735226405
0.0 497.0 414.0 1412.0 7363.323681813059
0.0 621.0 239.0 1808.0 6243.5196916336445
0.0 294.0 384.0 2743.0 9458.994244403648
0.0 294.0 384.0 2743.0 9458.994244403648
0.0 237.0 417.0 2886.0 10023.17750190239
0.0 1217.0 11.0 48.0 230.39841038381869
0.0 887.0 131.0 1018.0 3533.704647189684
0.0 704.0 204.0 1535.0 5448.216072524958
0.0 1099.0 80.0 242.0 1447.123013009084
0.0 576.0 259.0 1912.0 6713.538946810654
0.0 1137.0 47.0 219.0 988.4710406887831
0.0 704.0 204.0 1535.0 5448.216072524958
1.0 244.0 532.0 2064.0 9956.050958999407
0.0 1171.0 32.0 132.0 679.6288777672785
1.0 457.0 309.0 2252.0 7885.36561150337
0.0 488.0 382.0 1573.0 7393.280356894638
0.0 1022.0 81.0 585.0 2095.0216095951955
0.0 684.0 315.0 1041.0 5565.798934321798
0.0 497.0 414.0 1412.0 7363.323681813059
0.0 971.0 106.0 681.0 2578.356394645303
0.0 1160.0 34.0 171.0 795.7825437452829
0.0 936.0 163.0 554.0 2964.197267607925
0.0 380.0 477.0 1638.0 8574.735578443462
0.0 1048.0 72.0 495.0 1861.63737665771
0.0 684.0 315.0 1041.0 5565.798934321798
0.0 737.0 275.0 936.0 5061.521146664398
0.0 969.0 106.0 692.0 2603.76198548612
0.0 1083.0 56.0 399.0 1558.318494105901
0.0 737.0 275.0 936.0 5061.521146664398
0.0 1180.0 28.0 112.0 603.7804307635769
0.0 1048.0 72.0 495.0 1861.63737665771
0.0 398.0 458.0 1644.0 8345.720049139825
1.0 457.0 309.0 2252.0 7885.36561150337
0.0 1133.0 51.0 219.0 1025.6036878322475
0.0 1150.0 35.0 211.0 899.6596844766225
0.0 1118.0 55.0 267.0 1185.8842763122193
0.0 1155.0 41.0 165.0 825.2190228044727
0.0 640.0 343.0 1107.0 6043.843904086566
0.0 536.0 271.0 2102.0 7086.643804749987
0.0 953.0 147.0 550.0 2770.4560933954776
0.0 783.0 171.0 1280.0 4587.662536406419
0.0 355.0 360.0 2496.0 8859.276666885784
0.0 1048.0 72.0 495.0 1861.63737665771
0.0 1206.0 13.0 88.0 345.9992600388542
0.0 476.0 321.0 2028.0 7625.726378744421
0.0 1137.0 47.0 219.0 988.4710406887831
0.0 290.0 508.0 1946.0 9496.223014793224
0.0 344.0 361.0 2583.0 8969.995836827755
0.0 1083.0 56.0 399.0 1558.318494105901
0.0 891.0 151.0 790.0 3445.2393612094447
0.0 833.0 155.0 1097.0 4070.3209350478064
0.0 149.0 566.0 2396.0 10951.736825411925
0.0 816.0 227.0 771.0 4214.128712247693
0.0 969.0 106.0 692.0 2603.76198548612
0.0 1090.0 60.0 352.0 1492.886230544537
0.0 775.0 252.0 850.0 4635.9600701875
0.0 934.0 165.0 554.0 2985.1909193014917
1.0 245.0 532.0 2059.0 9950.09511554888
0.0 895.0 131.0 957.0 3450.6292000812373
0.0 994.0 137.0 449.0 2361.330906770405
0.0 845.0 208.0 726.0 3919.375738604499
0.0 1069.0 92.0 322.0 1727.86630509388
0.0 834.0 151.0 1135.0 4061.5623950302515
0.0 895.0 131.0 957.0 3450.6292000812373
0.0 585.0 366.0 1238.0 6493.7676622995705
0.0 406.0 339.0 2348.0 8365.107815175776
0.0 632.0 331.0 1188.0 5983.222305465708
0.0 448.0 429.0 1546.0 7822.842552013818
0.0 516.0 390.0 1431.0 7117.609774544761
0.0 87.0 562.0 2918.0 11574.597824568767
0.0 1222.0 10.0 31.0 192.08892343550963
0.0 901.0 187.0 600.0 3354.2001873574573
0.0 891.0 151.0 790.0 3445.2393612094447
0.0 1222.0 10.0 31.0 192.08892343550963
0.0 476.0 321.0 2028.0 7625.726378744421
0.0 677.0 206.0 1749.0 5721.530040026869
0.0 983.0 104.0 624.0 2474.1915981401894
0.0 812.0 232.0 768.0 4267.717364618734
0.0 789.0 246.0 809.0 4526.075833932391
0.0 841.0 151.0 1088.0 3987.6448469524166
0.0 380.0 477.0 1638.0 8574.735578443462
0.0 1030.0 79.0 550.0 2014.7631022386593
0.0 1206.0 13.0 88.0 345.9992600388542
0.0 1206.0 13.0 88.0 345.9992600388542
0.0 347.0 487.0 1743.0 8901.65942264711
0.0 613.0 288.0 1456.0 6186.3400793301835
0.0 836.0 151.0 1122.0 4034.3318605622026
0.0 472.0 397.0 1577.0 7555.137432866893
0.0 299.0 384.0 2697.0 9397.771670998205
0.0 1175.0 28.0 132.0 644.7518194654194
0.0 1180.0 28.0 112.0 603.7804307635769
0.0 796.0 167.0 1232.0 4449.865244664072
0.0 1150.0 35.0 211.0 899.6596844766225
0.0 849.0 151.0 1049.0 3897.485880570851
0.0 590.0 297.0 1529.0 6389.388174230572
0.0 1069.0 60.0 450.0 1701.8871195356908
0.0 590.0 297.0 1529.0 6389.388174230572
0.0 569.0 260.0 1956.0 6790.815146662216
0.0 797.0 167.0 1223.0 4444.577056166059
0.0 1042.0 106.0 381.0 1929.5401102446267
0.0 581.0 370.0 1238.0 6543.950991052047
0.0 841.0 151.0 1088.0 3987.6448469524166
0.0 420.0 449.0 1579.0 8166.59991376031
0.0 520.0 276.0 2163.0 7257.292624735549
0.0 947.0 148.0 569.0 2828.201414930103
0.0 520.0 276.0 2163.0 7257.292624735549
0.0 536.0 271.0 2102.0 7086.643804749987
0.0 1217.0 11.0 48.0 230.39841038381869
0.0 688.0 205.0 1656.0 5597.123393350918
0.0 1240.0 0.0 17.0 31.40987040697352
0.0 677.0 206.0 1749.0 5721.530040026869
0.0 488.0 382.0 1573.0 7393.280356894638
0.0 1240.0 0.0 17.0 31.40987040697352
0.0 933.0 166.0 554.0 2999.588739361795
0.0 780.0 171.0 1308.0 4607.019767489857
0.0 858.0 202.0 706.0 3762.4522468921336
0.0 801.0 240.0 777.0 4405.717119071298
0.0 1001.0 130.0 451.0 2272.0884435184926
0.0 1162.0 35.0 162.0 757.98588007956
0.0 893.0 131.0 971.0 3465.4267421327313
0.0 1084.0 56.0 395.0 1544.2832385083284
0.0 1175.0 28.0 132.0 644.7518194654194
0.0 1024.0 79.0 585.0 2082.578774590296
0.0 763.0 173.0 1426.0 4797.5839666706115
0.0 893.0 131.0 971.0 3465.4267421327313
0.0 905.0 183.0 600.0 3299.8745816612686
0.0 824.0 155.0 1163.0 4170.396656836543
0.0 763.0 173.0 1426.0 4797.5839666706115
0.0 289.0 508.0 1950.0 9509.992292843417
0.0 1005.0 118.0 480.0 2207.530438664598
0.0 766.0 173.0 1401.0 4767.195481406386
0.0 913.0 176.0 599.0 3199.9376856564068
0.0 387.0 472.0 1632.0 8489.242178805927
0.0 1105.0 75.0 239.0 1366.5251771975772
0.0 1107.0 73.0 239.0 1340.231935826897
0.0 690.0 205.0 1639.0 5568.74353575515
0.0 448.0 429.0 1546.0 7822.842552013818
0.0 1090.0 60.0 352.0 1492.886230544537
0.0 784.0 171.0 1274.0 4573.381359940968
0.0 1009.0 114.0 480.0 2167.0904149054154
0.0 1043.0 105.0 381.0 1915.9160253764287
0.0 1179.0 28.0 115.0 613.3419490584458
0.0 1222.0 10.0 31.0 192.08892343550963
0.0 1064.0 70.0 423.0 1710.8976797459225
0.0 1070.0 60.0 445.0 1688.8102876800126
0.0 578.0 259.0 1893.0 6702.453623798198
0.0 1084.0 56.0 395.0 1544.2832385083284
0.0 996.0 135.0 449.0 2336.969736315583
0.0 1084.0 56.0 395.0 1544.2832385083284
0.0 865.0 189.0 726.0 3677.1532905504946
0.0 397.0 459.0 1644.0 8355.676345777792
0.0 631.0 352.0 1107.0 6140.662650527203
0.0 792.0 171.0 1214.0 4495.799726618855
0.0 1137.0 47.0 219.0 988.4710406887831
0.0 771.0 256.0 850.0 4690.080828997445
0.0 564.0 386.0 1243.0 6758.452150905667
0.0 631.0 352.0 1107.0 6140.662650527203
0.0 541.0 278.0 1978.0 7015.672992932055
0.0 1118.0 55.0 267.0 1185.8842763122193
0.0 1171.0 32.0 132.0 679.6288777672785
0.0 344.0 361.0 2583.0 8969.995836827755
0.0 312.0 499.0 1876.0 9279.176810271952
0.0 1244.0 0.0 0.0 0.0
0.0 1244.0 0.0 0.0 0.0
0.0 1244.0 0.0 0.0 0.0
0.0 1244.0 0.0 0.0 0.0
0.0 1244.0 0.0 0.0 0.0
0.0 1244.0 0.0 0.0 0.0
0.0 1244.0 0.0 0.0 0.0
0.0 1244.0 0.0 0.0 0.0
0.0 96.0 562.0 2877.0 11519.626086966198
0.0 96.0 562.0 2877.0 11519.626086966198
