0.0 653.0 248.0 1539.0 5863.306356579104
0.0 952.0 106.0 732.0 2907.581601032246
0.0 842.0 146.0 1112.0 3968.111912623172
0.0 254.0 410.0 2788.0 9858.860753198056
0.0 938.0 108.0 821.0 3043.5791747551834
0.0 1045.0 74.0 479.0 1932.176598462266
0.0 691.0 302.0 1013.0 5521.813897655865
0.0 642.0 326.0 1131.0 5975.942121529102
0.0 771.0 167.0 1446.0 4717.859428731685
0.0 738.0 174.0 1639.0 5059.787232186009
0.0 1114.0 66.0 224.0 1290.797723563756
0.0 199.0 551.0 2217.0 10454.803270932804
0.0 1002.0 91.0 572.0 2370.568854214243
0.0 691.0 302.0 1013.0 5521.813897655865
0.0 594.0 364.0 1197.0 6484.850253787489
0.0 1244.0 0.0 0.0 0.0
0.0 354.0 367.0 2440.0 8831.420292746869
0.0 653.0 248.0 1539.0 5863.306356579104
0.0 1153.0 41.0 170.0 831.5393922087457
0.0 1094.0 79.0 275.0 1455.5619623884506
0.0 830.0 211.0 780.0 4196.179396171929
0.0 1134.0 32.0 329.0 1064.7771185797144
0.0 948.0 107.0 750.0 2945.7646460723345
0.0 953.0 106.0 729.0 2892.6336254193748
0.0 882.0 125.0 1075.0 3564.2916688512137
0.0 642.0 326.0 1131.0 5975.942121529102
0.0 804.0 158.0 1272.0 4388.907752397897
0.0 594.0 364.0 1197.0 6484.850253787489
0.0 706.0 289.0 1006.0 5343.39436821594
0.0 673.0 200.0 1837.0 5739.443055535949
0.0 1244.0 0.0 0.0 0.0
0.0 265.0 519.0 2019.0 9792.087873238026
0.0 515.0 304.0 1914.0 7300.419146270416
0.0 433.0 431.0 1598.0 8092.930675177009
0.0 1160.0 30.0 180.0 788.8262082688137
0.0 1244.0 0.0 0.0 0.0
0.0 265.0 519.0 2019.0 9792.087873238026
0.0 901.0 123.0 947.0 3367.203082085434
1.0 956.0 153.0 513.0 2884.1766599173525
0.0 154.0 566.0 2377.0 10915.674611595377
0.0 1207.0 12.0 84.0 333.3590922442799
0.0 198.0 552.0 2217.0 10468.432895525366
2.0 564.0 249.0 2150.0 6863.528762255267
0.0 642.0 326.0 1131.0 5975.942121529102
0.0 751.0 267.0 877.0 4981.639755553305
0.0 255.0 409.0 2788.0 9850.136743505978
0.0 624.0 315.0 1261.0 6114.806547778467
0.0 1175.0 28.0 127.0 647.5560394600434
0.0 837.0 148.0 1136.0 4017.4609611246765
0.0 597.0 361.0 1197.0 6451.139939901756
0.0 405.0 454.0 1624.0 8416.269697500997
0.0 842.0 201.0 773.0 4056.532422387498
0.0 771.0 250.0 864.0 4743.824433485597
0.0 705.0 290.0 1006.0 5353.822362943505
0.0 882.0 125.0 1075.0 3564.2916688512137
0.0 963.0 123.0 608.0 2739.316715768805
0.0 541.0 367.0 1410.0 7022.370327297257
1.0 607.0 232.0 2003.0 6403.989557714814
0.0 1002.0 91.0 572.0 2370.568854214243
0.0 978.0 119.0 554.0 2577.4540774834686
0.0 747.0 268.0 891.0 5013.906776754191
0.0 993.0 99.0 577.0 2436.7462117066393
0.0 436.0 430.0 1592.0 8057.584624670946
0.0 344.0 483.0 1779.0 9039.595288684313
0.0 748.0 268.0 886.0 5003.346925335833
0.0 1072.0 94.0 303.0 1702.7646337041297
0.0 1114.0 66.0 224.0 1290.797723563756
0.0 1014.0 87.0 538.0 2247.022273168403
0.0 450.0 418.0 1588.0 7887.656104510953
0.0 939.0 108.0 812.0 3031.254636289116
0.0 578.0 375.0 1214.0 6695.512196564612
0.0 449.0 418.0 1591.0 7897.754381741446
0.0 930.0 142.0 664.0 3082.6342112082098
0.0 696.0 296.0 1017.0 5457.363567909817
0.0 576.0 281.0 1738.0 6603.032179873489
0.0 273.0 511.0 2019.0 9682.358654162097
0.0 500.0 402.0 1438.0 7490.797338146314
0.0 1083.0 54.0 408.0 1558.8646926813415
0.0 1207.0 12.0 84.0 333.3590922442799
0.0 1142.0 44.0 193.0 1008.3889799814763
0.0 1079.0 56.0 411.0 1598.7053551976805
1.0 607.0 232.0 2003.0 6403.989557714814
0.0 653.0 248.0 1539.0 5863.306356579104
0.0 1207.0 12.0 84.0 333.3590922442799
0.0 1072.0 94.0 303.0 1702.7646337041297
0.0 405.0 454.0 1624.0 8416.269697500997
0.0 1129.0 48.0 232.0 1142.1163555758415
0.0 306.0 383.0 2652.0 9344.838239658464
0.0 1072.0 94.0 303.0 1702.7646337041297
0.0 364.0 476.0 1721.0 8834.415297422893
0.0 471.0 319.0 2069.0 7703.785209265153
0.0 151.0 566.0 2390.0 10950.259794904054
0.0 343.0 483.0 1783.0 9053.321253583488
0.0 831.0 210.0 780.0 4183.4834703380775
0.0 915.0 156.0 665.0 3255.653797979285
0.0 663.0 203.0 1897.0 5854.9480529449675
0.0 1244.0 0.0 0.0 0.0
0.0 1244.0 0.0 0.0 0.0
0.0 1244.0 0.0 0.0 0.0
0.0 471.0 319.0 2069.0 7703.785209265153
0.0 663.0 203.0 1897.0 5854.9480529449675
0.0 1244.0 0.0 0.0 0.0
0.0 1244.0 0.0 0.0 0.0
0.0 1244.0 0.0 0.0 0.0
0.0 1244.0 0.0 0.0 0.0
0.0 87.0 562.0 2911.0 11582.256200143836
0.0 900.0 174.0 655.0 3439.4147557079295
0.0 842.0 201.0 773.0 4056.532422387498
1.0 956.0 153.0 513.0 2884.1766599173525
0.0 198.0 552.0 2217.0 10468.432895525366
0.0 1240.0 0.0 17.0 31.40987040697352
0.0 1088.0 54.0 386.0 1521.5970984719781
0.0 885.0 184.0 673.0 3604.7702775589837
0.0 638.0 329.0 1134.0 6027.576989958981
0.0 752.0 171.0 1552.0 4907.69441924017
0.0 1129.0 48.0 232.0 1142.1163555758415
0.0 978.0 119.0 554.0 2577.4540774834686
0.0 783.0 239.0 862.0 4606.6209003822405
0.0 1007.0 89.0 557.0 2321.4869915187223
0.0 353.0 367.0 2448.0 8838.591081323288
0.0 87.0 562.0 2911.0 11582.256200143836
0.0 575.0 281.0 1744.0 6613.460964724272
0.0 708.0 195.0 1600.0 5377.554788950998
0.0 842.0 146.0 1112.0 3968.111912623172
0.0 897.0 177.0 655.0 3474.362700589657
0.0 915.0 156.0 665.0 3255.653797979285
0.0 620.0 318.0 1265.0 6157.995202137247
0.0 1049.0 68.0 488.0 1909.9700894355017
0.0 815.0 156.0 1213.0 4279.878266111155
0.0 332.0 368.0 2596.0 9103.365380600366
0.0 471.0 319.0 2069.0 7703.785209265153
0.0 1134.0 32.0 329.0 1064.7771185797144
0.0 332.0 368.0 2596.0 9103.365380600366
0.0 1062.0 61.0 460.0 1770.825167025123
0.0 515.0 304.0 1914.0 7300.419146270416
0.0 708.0 195.0 1600.0 5377.554788950998
0.0 854.0 150.0 996.0 3853.0160637409267
0.0 842.0 146.0 1112.0 3968.111912623172
0.0 425.0 337.0 2205.0 8152.396171751165
0.0 854.0 150.0 996.0 3853.0160637409267
1.0 607.0 232.0 2003.0 6403.989557714814
0.0 484.0 413.0 1481.0 7607.482011962
0.0 1223.0 10.0 28.0 181.99064620501673
0.0 622.0 316.0 1265.0 6136.49894790422
0.0 516.0 304.0 1907.0 7289.409547598952
0.0 1049.0 68.0 488.0 1909.9700894355017
0.0 708.0 195.0 1600.0 5377.554788950998
0.0 512.0 392.0 1423.0 7346.86980154236
0.0 671.0 200.0 1857.0 5764.745234482721
0.0 1014.0 87.0 538.0 2247.022273168403
0.0 1134.0 32.0 329.0 1064.7771185797144
0.0 423.0 336.0 2230.0 8173.455322761231
0.0 854.0 150.0 996.0 3853.0160637409267
0.0 500.0 402.0 1438.0 7490.797338146314
1.0 956.0 153.0 513.0 2884.1766599173525
0.0 423.0 336.0 2228.0 8178.703727507308
0.0 870.0 188.0 715.0 3790.0460687282152
0.0 771.0 167.0 1446.0 4717.859428731685
0.0 883.0 125.0 1065.0 3552.317785169124
0.0 1014.0 87.0 538.0 2247.022273168403
0.0 883.0 125.0 1065.0 3552.317785169124
1.0 608.0 232.0 1994.0 6389.875867651069
0.0 751.0 171.0 1560.0 4918.951137682632
0.0 405.0 454.0 1624.0 8416.269697500997
0.0 344.0 483.0 1779.0 9039.595288684313
0.0 306.0 383.0 2652.0 9344.838239658464
0.0 885.0 183.0 676.0 3603.724033249319
0.0 930.0 142.0 664.0 3082.6342112082098
0.0 800.0 158.0 1304.0 4436.569946053219
0.0 1040.0 77.0 493.0 1970.921540415853
0.0 706.0 289.0 1006.0 5343.39436821594
0.0 1062.0 61.0 460.0 1770.825167025123
0.0 254.0 410.0 2788.0 9858.860753198056
0.0 395.0 346.0 2375.0 8420.847455954758
0.0 978.0 119.0 554.0 2577.4540774834686
0.0 830.0 211.0 780.0 4196.179396171929
0.0 989.0 101.0 587.0 2481.93307518059
0.0 978.0 119.0 554.0 2577.4540774834686
0.0 689.0 302.0 1022.0 5541.2763096476
0.0 1244.0 0.0 0.0 0.0
0.0 1244.0 0.0 0.0 0.0
0.0 886.0 183.0 673.0 3590.3448708368187
0.0 1244.0 0.0 0.0 0.0
0.0 748.0 268.0 886.0 5003.346925335833
0.0 1244.0 0.0 0.0 0.0
0.0 395.0 346.0 2375.0 8420.847455954758
0.0 376.0 348.0 2503.0 8654.301184217415
0.0 1244.0 0.0 0.0 0.0
0.0 1244.0 0.0 0.0 0.0
0.0 993.0 99.0 577.0 2436.7462117066393
0.0 1175.0 28.0 127.0 647.5560394600434
0.0 788.0 235.0 857.0 4565.6609059818375
0.0 1244.0 0.0 0.0 0.0
0.0 800.0 226.0 847.0 4431.5651123421685
0.0 1244.0 0.0 0.0 0.0
0.0 638.0 329.0 1134.0 6027.576989958981
0.0 748.0 268.0 886.0 5003.346925335833
0.0 1190.0 16.0 132.0 499.04734461552835
0.0 770.0 167.0 1453.0 4732.006801169273
0.0 520.0 388.0 1407.0 7257.72456370635
0.0 1171.0 28.0 144.0 678.965909867017
0.0 424.0 336.0 2221.0 8164.55635506972
0.0 1113.0 67.0 224.0 1305.0326313746407
0.0 1068.0 58.0 447.0 1708.5656535994774
0.0 141.0 566.0 2454.0 11052.181886236209
0.0 1134.0 32.0 329.0 1064.7771185797144
0.0 190.0 550.0 2263.0 10534.835479829968
0.0 1083.0 54.0 408.0 1558.8646926813415
0.0 738.0 174.0 1639.0 5059.787232186009
0.0 804.0 158.0 1272.0 4388.907752397897
0.0 151.0 566.0 2390.0 10950.259794904054
0.0 151.0 566.0 2390.0 10950.259794904054
0.0 674.0 200.0 1829.0 5724.939429098222
0.0 1189.0 16.0 136.0 512.7733095147032
0.0 762.0 257.0 871.0 4853.082217340348
0.0 619.0 350.0 1150.0 6268.074938683329
0.0 1007.0 89.0 557.0 2321.4869915187223
0.0 686.0 196.0 1779.0 5600.828656529184
0.0 870.0 188.0 715.0 3790.0460687282152
0.0 1113.0 67.0 224.0 1305.0326313746407
0.0 1194.0 16.0 115.0 467.63747420855486
0.0 810.0 156.0 1248.0 4330.765756072158
0.0 706.0 289.0 1006.0 5343.39436821594
0.0 519.0 389.0 1407.0 7269.580479131079
0.0 219.0 433.0 2899.0 10191.454567086248
0.0 725.0 217.0 1324.0 5126.085171800967
0.0 1222.0 10.0 31.0 192.08892343550963
0.0 376.0 348.0 2503.0 8654.301184217415
0.0 1014.0 87.0 538.0 2247.022273168403
0.0 902.0 123.0 940.0 3364.7393922063716
0.0 1014.0 87.0 538.0 2247.022273168403
0.0 952.0 106.0 732.0 2907.581601032246
0.0 288.0 394.0 2685.0 9519.230038877116
0.0 272.0 511.0 2023.0 9693.057416568756
0.0 1190.0 16.0 132.0 499.04734461552835
0.0 254.0 410.0 2788.0 9858.860753198056
0.0 691.0 302.0 1013.0 5521.813897655865
0.0 575.0 281.0 1744.0 6613.460964724272
0.0 725.0 217.0 1324.0 5126.085171800967
0.0 762.0 257.0 871.0 4853.082217340348
2.0 564.0 249.0 2150.0 6863.528762255267
0.0 948.0 107.0 750.0 2945.7646460723345
0.0 976.0 120.0 559.0 2596.8344019006845
0.0 425.0 337.0 2205.0 8152.396171751165
0.0 515.0 304.0 1914.0 7300.419146270416
0.0 1217.0 11.0 48.0 230.39841038381869
0.0 687.0 196.0 1770.0 5592.20649895649
0.0 1094.0 79.0 275.0 1455.5619623884506
0.0 901.0 123.0 947.0 3367.203082085434
0.0 843.0 202.0 766.0 4052.710540723087
0.0 930.0 142.0 664.0 3082.6342112082098
0.0 429.0 434.0 1602.0 8140.016742145141
0.0 525.0 382.0 1411.0 7196.437626220634
0.0 581.0 374.0 1206.0 6666.73663806227
0.0 1160.0 30.0 180.0 788.8262082688137
0.0 802.0 158.0 1288.0 4409.085189993327
0.0 800.0 226.0 847.0 4431.5651123421685
0.0 800.0 226.0 847.0 4431.5651123421685
0.0 1194.0 16.0 115.0 467.63747420855486
0.0 939.0 108.0 812.0 3031.254636289116
0.0 783.0 239.0 862.0 4606.6209003822405
0.0 899.0 175.0 655.0 3449.4812262126984
0.0 1175.0 28.0 127.0 647.5560394600434
0.0 364.0 476.0 1721.0 8834.415297422893
0.0 470.0 319.0 2077.0 7713.932353847277
0.0 267.0 518.0 2013.0 9783.615150551046
0.0 576.0 281.0 1738.0 6603.032179873489
0.0 576.0 281.0 1738.0 6603.032179873489
0.0 578.0 375.0 1214.0 6695.512196564612
0.0 412.0 448.0 1621.0 8326.092719006467
0.0 773.0 248.0 864.0 4721.188422932452
0.0 1088.0 54.0 386.0 1521.5970984719781
0.0 1171.0 28.0 144.0 678.965909867017
0.0 228.0 425.0 2892.0 10121.682898711802
0.0 1068.0 58.0 447.0 1708.5656535994774
0.0 1068.0 58.0 447.0 1708.5656535994774
0.0 87.0 562.0 2911.0 11582.256200143836
0.0 1160.0 30.0 180.0 788.8262082688137
0.0 1114.0 66.0 224.0 1290.797723563756
0.0 1223.0 10.0 28.0 181.99064620501673
0.0 1134.0 53.0 191.0 1083.6921703469375
0.0 1218.0 10.0 48.0 223.49879384248314
0.0 382.0 458.0 1707.0 8623.113020934023
0.0 830.0 211.0 780.0 4196.179396171929
0.0 900.0 123.0 955.0 3377.562540795699
0.0 1217.0 11.0 48.0 230.39841038381869
0.0 228.0 425.0 2892.0 10121.682898711802
0.0 1153.0 41.0 170.0 831.5393922087457
0.0 343.0 483.0 1783.0 9053.321253583488
0.0 1153.0 41.0 170.0 831.5393922087457
0.0 1045.0 74.0 479.0 1932.176598462266
0.0 1079.0 56.0 411.0 1598.7053551976805
0.0 1062.0 61.0 460.0 1770.825167025123
0.0 1240.0 0.0 17.0 31.40987040697352
0.0 1160.0 30.0 180.0 788.8262082688137
0.0 775.0 166.0 1427.0 4681.9332683283255
0.0 578.0 375.0 1214.0 6695.512196564612
0.0 1222.0 10.0 31.0 192.08892343550963
0.0 96.0 562.0 2877.0 11519.626086966198
0.0 96.0 562.0 2877.0 11519.626086966198
