0.0 777.0 247.0 898.0 4494.6039891130895
0.0 783.0 242.0 895.0 4434.385674342085
0.0 1244.0 0.0 0.0 0.0
0.0 624.0 234.0 1815.0 6142.062219658213
0.0 1244.0 0.0 0.0 0.0
0.0 1123.0 48.0 277.0 1139.3921222506472
0.0 1225.0 10.0 20.0 169.81706563943357
0.0 1222.0 10.0 31.0 196.92669447942598
0.0 1128.0 47.0 251.0 1089.633563552669
0.0 524.0 278.0 2102.0 7139.954435725791
0.0 957.0 107.0 752.0 2804.4972963368914
0.0 1244.0 0.0 0.0 0.0
0.0 1207.0 15.0 74.0 357.87060526544104
0.0 1177.0 25.0 143.0 640.538402611586
0.0 1244.0 0.0 0.0 0.0
0.0 1076.0 96.0 264.0 1708.699955670663
0.0 980.0 133.0 521.0 2524.4540967150906
0.0 264.0 397.0 2852.0 9778.321017484128
0.0 667.0 307.0 1096.0 5725.623795499879
0.0 245.0 520.0 2117.0 9990.830253112004
0.0 454.0 309.0 2330.0 7853.900299627152
0.0 1244.0 0.0 0.0 0.0
0.0 219.0 536.0 2175.0 10271.457234460064
0.0 928.0 174.0 562.0 3138.9633612340835
0.0 1244.0 0.0 0.0 0.0
0.0 917.0 182.0 575.0 3261.9356181013195
1.0 863.0 154.0 930.0 3694.100730914022
0.0 1244.0 0.0 0.0 0.0
0.0 1149.0 38.0 196.0 888.6152284260113
0.0 692.0 218.0 1473.0 5456.186221346641
0.0 727.0 196.0 1431.0 5042.260273968276
0.0 1244.0 0.0 0.0 0.0
0.0 1244.0 0.0 0.0 0.0
0.0 489.0 398.0 1531.0 7498.105889016127
0.0 140.0 568.0 2461.0 11038.829377759188
0.0 754.0 191.0 1310.0 4797.970700898225
0.0 1244.0 0.0 0.0 0.0
0.0 1244.0 0.0 0.0 0.0
0.0 1086.0 77.0 292.0 1559.3633140088746
0.0 589.0 251.0 1891.0 6525.627461524759
0.0 1244.0 0.0 0.0 0.0
1.0 875.0 151.0 880.0 3580.1804993740475
0.0 1244.0 0.0 0.0 0.0
0.0 371.0 354.0 2480.0 8716.752345410012
0.0 531.0 278.0 2048.0 7070.658820143391
0.0 1244.0 0.0 0.0 0.0
0.0 980.0 133.0 521.0 2524.4540967150906
0.0 735.0 276.0 944.0 4984.5848810444895
0.0 773.0 250.0 901.0 4544.861019489806
0.0 169.0 561.0 2326.0 10740.301273843746
0.0 87.0 562.0 2911.0 11580.544969345294
0.0 928.0 174.0 562.0 3138.9633612340835
0.0 942.0 161.0 559.0 2967.812370194873
0.0 798.0 177.0 1156.0 4329.602238103959
0.0 1135.0 44.0 231.0 1021.4687578989885
0.0 640.0 232.0 1716.0 5992.8879493160475
0.0 894.0 197.0 605.0 3543.1048562370324
0.0 579.0 358.0 1262.0 6590.878640088732
0.0 739.0 272.0 944.0 4937.808002140169
0.0 330.0 490.0 1837.0 9124.61460078068
0.0 784.0 241.0 895.0 4419.592528204663
0.0 980.0 133.0 521.0 2524.4540967150906
0.0 364.0 467.0 1781.0 8746.904873972193
0.0 827.0 171.0 1023.0 4060.072664857002
0.0 942.0 161.0 559.0 2967.812370194873
0.0 938.0 98.0 982.0 3053.7802621243814
0.0 462.0 410.0 1599.0 7726.20638038217
0.0 1055.0 59.0 520.0 1836.6355079348978
0.0 306.0 379.0 2745.0 9400.149515239616
0.0 452.0 309.0 2348.0 7875.760209646745
0.0 347.0 481.0 1794.0 8950.222512846818
0.0 306.0 379.0 2745.0 9400.149515239616
0.0 484.0 304.0 2122.0 7546.625763291001
0.0 432.0 332.0 2261.0 8066.413571949822
0.0 894.0 197.0 605.0 3543.1048562370324
0.0 1119.0 53.0 271.0 1174.0426582825899
0.0 417.0 436.0 1688.0 8161.893340141006
0.0 460.0 412.0 1599.0 7750.45963810514
0.0 394.0 456.0 1700.0 8464.92771536245
0.0 1128.0 47.0 251.0 1089.633563552669
0.0 696.0 299.0 1011.0 5370.74513100986
0.0 805.0 177.0 1105.0 4252.977978460757
0.0 554.0 373.0 1314.0 6860.019528120989
0.0 506.0 285.0 2192.0 7337.412344974353
0.0 607.0 341.0 1206.0 6291.385320654802
0.0 710.0 286.0 1004.0 5196.393194495754
0.0 245.0 520.0 2117.0 9990.830253112004
0.0 733.0 278.0 944.0 5011.770795931619
0.0 805.0 177.0 1105.0 4252.977978460757
0.0 171.0 561.0 2317.0 10722.186125682363
1.0 830.0 220.0 775.0 3990.0516988382337
0.0 667.0 307.0 1096.0 5725.623795499879
0.0 916.0 182.0 577.0 3275.9863856800034
1.0 836.0 213.0 778.0 3910.497835265234
0.0 1089.0 74.0 292.0 1521.3428226632964
0.0 604.0 344.0 1206.0 6332.698938767081
0.0 936.0 167.0 559.0 3033.900203971706
0.0 139.0 568.0 2467.0 11053.025166529238
0.0 650.0 311.0 1160.0 5801.476083776235
0.0 1244.0 0.0 0.0 0.0
1.0 830.0 220.0 775.0 3990.0516988382337
0.0 1156.0 35.0 180.0 832.1098833736319
0.0 1031.0 122.0 360.0 2164.195446672496
0.0 1034.0 69.0 555.0 2032.0225865028278
0.0 634.0 234.0 1736.0 6040.921208286671
0.0 1144.0 41.0 203.0 941.6540045636932
0.0 1072.0 92.0 299.0 1693.605458719806
0.0 713.0 197.0 1538.0 5172.3079365923795
0.0 936.0 101.0 974.0 3062.497587779422
0.0 1148.0 38.0 198.0 906.1097041722699
0.0 798.0 177.0 1156.0 4329.602238103959
0.0 484.0 304.0 2122.0 7546.625763291001
0.0 704.0 198.0 1605.0 5286.234447030612
0.0 990.0 84.0 729.0 2432.6150810698346
0.0 640.0 232.0 1716.0 5992.8879493160475
0.0 753.0 255.0 965.0 4688.862386757638
0.0 804.0 177.0 1112.0 4263.98757713222
0.0 172.0 560.0 2317.0 10707.45667020512
0.0 1201.0 18.0 89.0 413.852084502297
0.0 554.0 373.0 1314.0 6860.019528120989
0.0 381.0 354.0 2400.0 8610.858859837896
0.0 87.0 562.0 2911.0 11580.544969345294
0.0 976.0 137.0 521.0 2570.5121477199696
0.0 414.0 438.0 1691.0 8197.015076003316
0.0 1222.0 10.0 31.0 196.92669447942598
0.0 532.0 278.0 2041.0 7060.746483395593
0.0 604.0 344.0 1206.0 6332.698938767081
0.0 379.0 354.0 2416.0 8627.71403324488
0.0 787.0 238.0 895.0 4390.126630786008
0.0 578.0 359.0 1262.0 6605.3132961027895
0.0 525.0 278.0 2094.0 7128.6977172833285
0.0 553.0 373.0 1319.0 6870.579379539347
0.0 884.0 202.0 631.0 3627.8939103383627
0.0 1062.0 59.0 488.0 1758.8871321634033
0.0 360.0 357.0 2545.0 8833.63799626486
0.0 1201.0 18.0 89.0 413.852084502297
0.0 696.0 299.0 1011.0 5370.74513100986
0.0 827.0 171.0 1023.0 4060.072664857002
0.0 1156.0 35.0 180.0 832.1098833736319
0.0 613.0 334.0 1211.0 6211.06810415168
0.0 264.0 397.0 2852.0 9778.321017484128
0.0 727.0 196.0 1431.0 5042.260273968276
0.0 1106.0 67.0 244.0 1371.461766873047
0.0 140.0 568.0 2461.0 11038.829377759188
0.0 169.0 561.0 2326.0 10740.301273843746
0.0 1148.0 38.0 198.0 906.1097041722699
0.0 704.0 198.0 1605.0 5286.234447030612
0.0 754.0 191.0 1310.0 4797.970700898225
0.0 737.0 197.0 1359.0 4942.343093944001
0.0 1110.0 65.0 236.0 1329.287175485834
0.0 1244.0 0.0 0.0 0.0
0.0 884.0 202.0 631.0 3627.8939103383627
0.0 487.0 400.0 1531.0 7523.29122123415
0.0 787.0 238.0 895.0 4390.126630786008
0.0 364.0 467.0 1781.0 8746.904873972193
0.0 460.0 412.0 1599.0 7750.45963810514
0.0 996.0 80.0 711.0 2380.482554101439
0.0 953.0 97.0 860.0 2881.7144856940176
1.0 876.0 151.0 875.0 3574.224655923521
0.0 642.0 320.0 1146.0 5965.41392538713
0.0 1031.0 122.0 360.0 2164.195446672496
0.0 884.0 202.0 631.0 3627.8939103383627
0.0 264.0 397.0 2852.0 9778.321017484128
0.0 905.0 190.0 589.0 3421.284792597587
0.0 1055.0 59.0 520.0 1836.6355079348978
0.0 778.0 246.0 898.0 4481.908063279238
0.0 264.0 397.0 2852.0 9778.321017484128
0.0 1063.0 59.0 486.0 1744.8363645847196
0.0 531.0 278.0 2048.0 7070.658820143391
0.0 1003.0 79.0 671.0 2319.7146374917775
0.0 1244.0 0.0 0.0 0.0
0.0 966.0 152.0 507.0 2736.851063920196
0.0 1244.0 0.0 0.0 0.0
0.0 561.0 370.0 1298.0 6784.96759333536
0.0 264.0 397.0 2852.0 9778.321017484128
0.0 916.0 182.0 577.0 3275.9863856800034
0.0 1222.0 10.0 31.0 196.92669447942598
0.0 140.0 568.0 2461.0 11038.829377759188
0.0 997.0 80.0 702.0 2374.79812245028
0.0 417.0 436.0 1688.0 8161.893340141006
1.0 875.0 151.0 880.0 3580.1804993740475
0.0 1039.0 119.0 337.0 2088.058707045661
0.0 972.0 141.0 521.0 2628.379133402936
0.0 1171.0 28.0 154.0 687.9698550341727
0.0 401.0 449.0 1699.0 8365.636800938844
0.0 1059.0 59.0 500.0 1791.5349398549224
0.0 290.0 397.0 2639.0 9476.780167606435
0.0 525.0 278.0 2094.0 7128.6977172833285
0.0 822.0 171.0 1057.0 4100.233838993993
0.0 290.0 397.0 2639.0 9476.780167606435
0.0 998.0 80.0 696.0 2362.469363465141
0.0 214.0 536.0 2200.0 10311.610007171626
1.0 875.0 151.0 880.0 3580.1804993740475
0.0 822.0 171.0 1057.0 4100.233838993993
0.0 957.0 107.0 752.0 2804.4972963368914
0.0 515.0 389.0 1457.0 7252.788953029197
0.0 905.0 190.0 589.0 3421.284792597587
0.0 1242.0 0.0 8.0 17.011351609499513
0.0 695.0 299.0 1015.0 5381.443893416521
0.0 1089.0 74.0 292.0 1521.3428226632964
0.0 613.0 334.0 1211.0 6211.06810415168
0.0 243.0 521.0 2120.0 10019.090473893582
1.0 836.0 213.0 778.0 3910.497835265234
0.0 243.0 521.0 2120.0 10019.090473893582
0.0 1225.0 10.0 20.0 169.81706563943357
0.0 578.0 251.0 1977.0 6629.022791330108
0.0 976.0 137.0 521.0 2570.5121477199696
0.0 717.0 288.0 965.0 5192.071157204157
0.0 583.0 355.0 1259.0 6538.836992552994
0.0 1051.0 113.0 309.0 1971.6376006751682
0.0 1154.0 35.0 188.0 849.1212349831314
0.0 1207.0 15.0 74.0 357.87060526544104
0.0 1059.0 59.0 500.0 1791.5349398549224
0.0 453.0 309.0 2338.0 7866.793353667845
0.0 1051.0 113.0 309.0 1971.6376006751682
0.0 753.0 191.0 1314.0 4811.739978948419
0.0 1015.0 75.0 631.0 2202.4177894239356
0.0 1242.0 0.0 8.0 17.011351609499513
0.0 1023.0 72.0 602.0 2130.270043105039
0.0 961.0 103.0 752.0 2773.378689990689
0.0 1023.0 72.0 602.0 2130.270043105039
0.0 618.0 331.0 1203.0 6164.251393285912
0.0 704.0 198.0 1605.0 5286.234447030612
0.0 773.0 250.0 901.0 4544.861019489806
0.0 371.0 354.0 2480.0 8716.752345410012
0.0 1216.0 13.0 46.0 252.90817371628185
0.0 1089.0 74.0 292.0 1521.3428226632964
0.0 589.0 251.0 1891.0 6525.627461524759
0.0 330.0 490.0 1837.0 9124.61460078068
0.0 940.0 98.0 965.0 3027.648991162907
0.0 325.0 491.0 1856.0 9178.981157459742
0.0 220.0 536.0 2172.0 10258.235388873174
0.0 827.0 171.0 1023.0 4060.072664857002
0.0 827.0 171.0 1023.0 4060.072664857002
0.0 579.0 251.0 1968.0 6614.909101266363
0.0 352.0 478.0 1784.0 8900.935474395304
0.0 624.0 234.0 1815.0 6142.062219658213
0.0 579.0 251.0 1968.0 6614.909101266363
0.0 696.0 299.0 1011.0 5370.74513100986
0.0 1108.0 65.0 244.0 1346.2985270953334
0.0 1119.0 53.0 271.0 1174.0426582825899
0.0 1224.0 10.0 23.0 179.91534286992646
0.0 1034.0 69.0 555.0 2032.0225865028278
0.0 1172.0 27.0 154.0 681.0702384928372
0.0 360.0 357.0 2545.0 8833.63799626486
0.0 750.0 258.0 965.0 4725.296755111028
0.0 1076.0 96.0 264.0 1708.699955670663
0.0 652.0 309.0 1160.0 5776.0358534430225
0.0 1034.0 69.0 555.0 2032.0225865028278
0.0 452.0 309.0 2348.0 7875.760209646745
0.0 621.0 234.0 1840.0 6175.116663399459
1.0 863.0 154.0 930.0 3694.100730914022
0.0 1062.0 59.0 488.0 1758.8871321634033
0.0 955.0 97.0 845.0 2864.5655051934073
0.0 996.0 80.0 711.0 2380.482554101439
0.0 1176.0 25.0 146.0 650.6366798420788
0.0 1207.0 15.0 74.0 357.87060526544104
0.0 1177.0 25.0 143.0 640.538402611586
0.0 1216.0 13.0 46.0 252.90817371628185
0.0 1171.0 28.0 154.0 687.9698550341727
0.0 644.0 319.0 1142.0 5945.75676195492
0.0 1003.0 79.0 671.0 2319.7146374917775
0.0 961.0 103.0 752.0 2773.378689990689
0.0 1152.0 36.0 191.0 868.0657844214431
0.0 488.0 399.0 1531.0 7509.458160662676
0.0 730.0 196.0 1409.0 5013.431299942343
0.0 730.0 196.0 1409.0 5013.431299942343
0.0 346.0 481.0 1798.0 8960.09261105577
0.0 633.0 234.0 1744.0 6050.439482192724
0.0 87.0 562.0 2911.0 11580.544969345294
0.0 1055.0 59.0 520.0 1836.6355079348978
0.0 552.0 373.0 1325.0 6875.933400184353
0.0 713.0 197.0 1538.0 5172.3079365923795
0.0 1177.0 25.0 143.0 640.538402611586
0.0 1176.0 25.0 146.0 650.6366798420788
0.0 1065.0 59.0 478.0 1733.8897630225724
0.0 1106.0 67.0 244.0 1371.461766873047
0.0 710.0 286.0 1004.0 5196.393194495754
0.0 414.0 438.0 1691.0 8197.015076003316
0.0 461.0 411.0 1599.0 7735.781224373698
0.0 398.0 452.0 1699.0 8406.608456040965
0.0 692.0 218.0 1473.0 5456.186221346641
0.0 750.0 191.0 1331.0 4846.804644654165
0.0 1039.0 119.0 337.0 2088.058707045661
0.0 272.0 396.0 2801.0 9685.777673248818
0.0 1244.0 0.0 0.0 0.0
0.0 1244.0 0.0 0.0 0.0
0.0 1244.0 0.0 0.0 0.0
0.0 1144.0 41.0 203.0 941.6540045636932
0.0 913.0 185.0 577.0 3320.591035401935
0.0 1016.0 75.0 625.0 2190.089030438797
0.0 1135.0 44.0 231.0 1021.4687578989885
0.0 798.0 177.0 1156.0 4329.602238103959
0.0 952.0 97.0 869.0 2890.774619324237
0.0 639.0 232.0 1724.0 5998.108319869459
0.0 939.0 98.0 974.0 3041.762681226651
0.0 324.0 491.0 1861.0 9188.59180902516
0.0 939.0 98.0 974.0 3041.762681226651
0.0 96.0 562.0 2877.0 11519.626086966198
0.0 96.0 562.0 2877.0 11519.626086966198
