0.0 755.0 199.0 1253.0 4818.418412255656
0.0 945.0 152.0 541.0 2941.8620217720063
0.0 161.0 564.0 2352.0 10830.95586666938
0.0 226.0 534.0 2133.0 10180.426582674145
0.0 662.0 223.0 1688.0 5718.441429012079
0.0 947.0 122.0 650.0 2978.551003330544
0.0 703.0 287.0 1005.0 5317.396742449461
0.0 793.0 252.0 767.0 4518.475744820111
0.0 443.0 327.0 2193.0 7934.696478052651
0.0 947.0 122.0 650.0 2978.551003330544
0.0 755.0 199.0 1253.0 4818.418412255656
0.0 907.0 122.0 953.0 3281.6428871552284
0.0 754.0 199.0 1258.0 4828.978263674014
0.0 852.0 215.0 646.0 3887.710418079181
0.0 1153.0 41.0 166.0 838.5433531404473
0.0 312.0 502.0 1879.0 9323.923212509066
0.0 770.0 261.0 829.0 4750.073787793895
0.0 255.0 524.0 2054.0 9889.269239262752
0.0 697.0 217.0 1469.0 5371.492598360847
0.0 502.0 415.0 1356.0 7412.716306964765
0.0 87.0 563.0 2904.0 11599.500979588209
0.0 697.0 217.0 1469.0 5371.492598360847
0.0 263.0 401.0 2821.0 9772.524804433737
0.0 87.0 563.0 2904.0 11599.500979588209
0.0 1166.0 30.0 156.0 736.949973957988
0.0 662.0 223.0 1688.0 5718.441429012079
0.0 915.0 172.0 581.0 3265.8505144254545
0.0 1042.0 99.0 378.0 1951.1414434918909
0.0 1103.0 54.0 363.0 1343.9074293307654
0.0 1244.0 0.0 0.0 0.0
0.0 672.0 319.0 1002.0 5714.277347599664
0.0 1244.0 0.0 0.0 0.0
0.0 824.0 164.0 1102.0 4131.59433114573
0.0 467.0 432.0 1452.0 7775.882616099314
0.0 1244.0 0.0 0.0 0.0
0.0 504.0 308.0 1956.0 7366.6239342326135
0.0 922.0 128.0 763.0 3214.986239608064
0.0 1129.0 52.0 239.0 1067.558403350749
0.0 146.0 566.0 2424.0 10980.665754561138
0.0 1166.0 30.0 156.0 736.949973957988
0.0 255.0 524.0 2054.0 9889.269239262752
0.0 796.0 165.0 1320.0 4422.96269320375
0.0 867.0 155.0 877.0 3802.778814422294
0.0 221.0 537.0 2143.0 10250.470452768724
0.0 770.0 261.0 829.0 4750.073787793895
0.0 1042.0 99.0 378.0 1951.1414434918909
0.0 664.0 223.0 1674.0 5697.11258989709
0.0 840.0 220.0 676.0 4022.905690452201
0.0 1244.0 0.0 0.0 0.0
0.0 704.0 286.0 1005.0 5305.985821367989
0.0 729.0 207.0 1345.0 5052.811438384425
0.0 1103.0 54.0 363.0 1343.9074293307654
0.0 682.0 312.0 992.0 5590.359323033507
0.0 642.0 246.0 1589.0 5971.212456243878
0.0 1103.0 54.0 363.0 1343.9074293307654
0.0 798.0 164.0 1319.0 4406.646561569233
0.0 973.0 98.0 713.0 2703.31025498522
0.0 510.0 411.0 1340.0 7319.686373202427
0.0 853.0 214.0 646.0 3872.8620966687595
0.0 798.0 164.0 1319.0 4406.646561569233
0.0 227.0 533.0 2133.0 10166.434131096328
0.0 840.0 220.0 676.0 4022.905690452201
0.0 872.0 202.0 625.0 3668.8218486704695
1.0 620.0 339.0 1126.0 6158.991870645903
0.0 262.0 402.0 2821.0 9779.001038124006
0.0 682.0 312.0 992.0 5590.359323033507
0.0 798.0 164.0 1319.0 4406.646561569233
0.0 1099.0 54.0 387.0 1378.7481879365316
0.0 466.0 431.0 1459.0 7785.581809660416
0.0 586.0 256.0 1927.0 6537.178847139063
0.0 968.0 137.0 520.0 2633.1478309604545
0.0 999.0 88.0 678.0 2383.9767557418404
0.0 1244.0 0.0 0.0 0.0
0.0 439.0 327.0 2225.0 7974.215902407764
0.0 87.0 563.0 2904.0 11599.500979588209
0.0 895.0 181.0 623.0 3393.507833113837
0.0 389.0 351.0 2364.0 8441.80292056794
0.0 1210.0 17.0 57.0 281.97891070695516
0.0 824.0 164.0 1102.0 4131.59433114573
0.0 973.0 98.0 713.0 2703.31025498522
0.0 389.0 351.0 2364.0 8441.80292056794
0.0 1233.0 4.0 19.0 91.44784090135536
0.0 312.0 502.0 1879.0 9323.923212509066
0.0 317.0 388.0 2547.0 9181.076734121309
0.0 400.0 463.0 1628.0 8415.018997442936
0.0 1056.0 67.0 497.0 1786.8344163955755
0.0 999.0 88.0 678.0 2383.9767557418404
0.0 387.0 473.0 1635.0 8590.871645513998
0.0 317.0 388.0 2547.0 9181.076734121309
0.0 1063.0 65.0 469.0 1732.6562606417672
0.0 1244.0 0.0 0.0 0.0
0.0 545.0 385.0 1290.0 6939.5493408002585
0.0 1031.0 107.0 392.0 2042.7046626000822
0.0 1194.0 23.0 100.0 449.82243803430583
0.0 1244.0 0.0 0.0 0.0
1.0 615.0 346.0 1121.0 6225.547095283083
0.0 858.0 148.0 1025.0 3751.815274851266
0.0 943.0 154.0 541.0 2967.7040257637404
0.0 1000.0 88.0 671.0 2372.967157070377
0.0 1244.0 0.0 0.0 0.0
0.0 521.0 398.0 1345.0 7176.169330193793
0.0 1244.0 0.0 0.0 0.0
0.0 888.0 123.0 1098.0 3454.0493536446616
0.0 1210.0 17.0 57.0 281.97891070695516
0.0 265.0 402.0 2794.0 9747.539739299697
0.0 409.0 445.0 1657.0 8308.560316929295
0.0 959.0 102.0 771.0 2864.110575989551
0.0 617.0 245.0 1796.0 6224.749226732147
0.0 378.0 354.0 2412.0 8575.203760136452
0.0 965.0 142.0 512.0 2671.6906528171407
0.0 915.0 172.0 581.0 3265.8505144254545
0.0 378.0 354.0 2412.0 8575.203760136452
0.0 1229.0 4.0 36.0 122.85771130832889
0.0 235.0 428.0 2814.0 10018.674252487805
0.0 510.0 411.0 1340.0 7319.686373202427
0.0 148.0 566.0 2410.0 10964.397861065769
0.0 1244.0 0.0 0.0 0.0
0.0 1244.0 0.0 0.0 0.0
0.0 535.0 301.0 1844.0 7065.932601574994
0.0 672.0 319.0 1002.0 5714.277347599664
0.0 943.0 154.0 541.0 2967.7040257637404
0.0 1220.0 9.0 47.0 204.41922893318295
0.0 1244.0 0.0 0.0 0.0
0.0 1244.0 0.0 0.0 0.0
0.0 721.0 278.0 973.0 5175.856881243478
1.0 615.0 346.0 1121.0 6225.547095283083
0.0 161.0 564.0 2352.0 10830.95586666938
0.0 835.0 148.0 1204.0 3988.1840147056714
0.0 687.0 308.0 989.0 5538.299057628933
0.0 1058.0 66.0 486.0 1783.429611566654
0.0 853.0 214.0 646.0 3872.8620966687595
0.0 835.0 148.0 1204.0 3988.1840147056714
0.0 692.0 217.0 1512.0 5414.111447911442
0.0 858.0 148.0 1025.0 3751.815274851266
0.0 87.0 563.0 2904.0 11599.500979588209
1.0 588.0 360.0 1185.0 6509.185100984332
0.0 959.0 102.0 771.0 2864.110575989551
0.0 672.0 319.0 1002.0 5714.277347599664
0.0 381.0 476.0 1649.0 8648.80280738174
0.0 521.0 398.0 1345.0 7176.169330193793
0.0 1244.0 0.0 0.0 0.0
0.0 762.0 271.0 823.0 4868.4759109362285
1.0 338.0 493.0 1766.0 9083.716055582441
0.0 1153.0 41.0 166.0 838.5433531404473
0.0 617.0 245.0 1796.0 6224.749226732147
0.0 692.0 217.0 1512.0 5414.111447911442
2.0 1076.0 88.0 268.0 1636.00109020891
0.0 771.0 260.0 829.0 4739.1126203764225
0.0 721.0 278.0 973.0 5175.856881243478
0.0 457.0 435.0 1482.0 7899.495129286468
0.0 762.0 271.0 823.0 4868.4759109362285
0.0 1022.0 117.0 388.0 2156.72355707129
0.0 408.0 446.0 1657.0 8319.55395464839
1.0 338.0 493.0 1766.0 9083.716055582441
0.0 999.0 88.0 678.0 2383.9767557418404
0.0 544.0 386.0 1290.0 6957.2914650975645
2.0 1076.0 88.0 268.0 1636.00109020891
0.0 1028.0 74.0 601.0 2129.940350820764
0.0 1041.0 100.0 378.0 1961.4154173633503
0.0 762.0 271.0 823.0 4868.4759109362285
0.0 703.0 287.0 1005.0 5317.396742449461
0.0 835.0 148.0 1204.0 3988.1840147056714
0.0 793.0 252.0 767.0 4518.475744820111
0.0 968.0 137.0 520.0 2633.1478309604545
0.0 1063.0 65.0 469.0 1732.6562606417672
0.0 1177.0 26.0 131.0 631.4981828090225
0.0 1031.0 107.0 392.0 2042.7046626000822
0.0 1233.0 4.0 19.0 91.44784090135536
0.0 695.0 217.0 1483.0 5392.414533780109
0.0 872.0 202.0 625.0 3668.8218486704695
0.0 424.0 334.0 2274.0 8112.555758919472
0.0 905.0 123.0 962.0 3292.1165719365367
0.0 87.0 563.0 2904.0 11599.500979588209
0.0 964.0 143.0 512.0 2686.67016795118
0.0 1177.0 26.0 131.0 631.4981828090225
0.0 729.0 207.0 1345.0 5052.811438384425
0.0 1063.0 65.0 469.0 1732.6562606417672
2.0 1076.0 88.0 268.0 1636.00109020891
0.0 906.0 123.0 953.0 3286.826205474377
0.0 906.0 123.0 953.0 3286.826205474377
0.0 480.0 316.0 2042.0 7559.170348236696
0.0 381.0 476.0 1649.0 8648.80280738174
0.0 1100.0 54.0 381.0 1366.4194289513928
0.0 648.0 230.0 1730.0 5854.199896899311
0.0 648.0 230.0 1730.0 5854.199896899311
0.0 1220.0 9.0 47.0 204.41922893318295
0.0 438.0 327.0 2232.0 7988.525871270255
0.0 1130.0 51.0 239.0 1058.929326331859
0.0 880.0 190.0 641.0 3550.2277352400943
0.0 1115.0 57.0 277.0 1218.8916625713475
0.0 729.0 207.0 1345.0 5052.811438384425
0.0 1168.0 32.0 139.0 720.2965401077975
0.0 729.0 207.0 1345.0 5052.811438384425
0.0 466.0 432.0 1455.0 7789.535012298874
0.0 504.0 308.0 1956.0 7366.6239342326135
0.0 890.0 123.0 1079.0 3440.847708730567
0.0 968.0 137.0 520.0 2633.1478309604545
1.0 591.0 358.0 1182.0 6466.959322574165
1.0 588.0 360.0 1185.0 6509.185100984332
0.0 1179.0 26.0 126.0 610.8061120043175
1.0 621.0 338.0 1126.0 6148.36211574625
0.0 148.0 566.0 2410.0 10964.397861065769
0.0 888.0 123.0 1098.0 3454.0493536446616
0.0 161.0 564.0 2352.0 10830.95586666938
0.0 1220.0 9.0 47.0 204.41922893318295
0.0 265.0 402.0 2794.0 9747.539739299697
0.0 1019.0 120.0 388.0 2196.9958717967615
0.0 914.0 172.0 584.0 3274.0386074106277
0.0 420.0 334.0 2311.0 8148.840432939196
0.0 457.0 326.0 2096.0 7794.658178186458
0.0 1058.0 66.0 486.0 1783.429611566654
0.0 502.0 415.0 1356.0 7412.716306964765
0.0 502.0 415.0 1356.0 7412.716306964765
0.0 887.0 184.0 637.0 3471.541453827694
0.0 1148.0 39.0 201.0 901.4116457757833
0.0 1166.0 30.0 156.0 736.949973957988
0.0 817.0 233.0 725.0 4257.81681122654
0.0 1042.0 99.0 378.0 1951.1414434918909
0.0 817.0 233.0 725.0 4257.81681122654
0.0 1154.0 40.0 166.0 827.0518084142611
0.0 481.0 316.0 2034.0 7553.679904597746
0.0 965.0 142.0 512.0 2671.6906528171407
0.0 1154.0 40.0 166.0 827.0518084142611
0.0 457.0 326.0 2096.0 7794.658178186458
0.0 1042.0 99.0 378.0 1951.1414434918909
0.0 1028.0 74.0 601.0 2129.940350820764
0.0 1015.0 121.0 402.0 2231.124276096351
0.0 1028.0 74.0 601.0 2129.940350820764
0.0 922.0 128.0 763.0 3214.986239608064
0.0 1028.0 74.0 601.0 2129.940350820764
0.0 1148.0 44.0 175.0 899.8449252495511
0.0 586.0 256.0 1927.0 6537.178847139063
0.0 551.0 379.0 1291.0 6874.75957375601
0.0 1179.0 26.0 126.0 610.8061120043175
0.0 1128.0 53.0 239.0 1077.6248738555178
0.0 292.0 400.0 2601.0 9429.319088034566
0.0 221.0 537.0 2143.0 10250.470452768724
0.0 590.0 254.0 1910.0 6492.176770185638
0.0 551.0 379.0 1291.0 6874.75957375601
0.0 590.0 254.0 1910.0 6492.176770185638
0.0 1233.0 4.0 19.0 91.44784090135536
0.0 793.0 252.0 767.0 4518.475744820111
0.0 221.0 537.0 2143.0 10250.470452768724
0.0 1063.0 65.0 469.0 1732.6562606417672
0.0 535.0 301.0 1844.0 7065.932601574994
0.0 399.0 463.0 1631.0 8425.565094524489
0.0 1115.0 57.0 277.0 1218.8916625713475
0.0 546.0 384.0 1290.0 6928.437347541828
0.0 852.0 215.0 646.0 3887.710418079181
0.0 443.0 327.0 2193.0 7934.696478052651
0.0 1173.0 26.0 148.0 662.9080532159961
1.0 623.0 343.0 1102.0 6147.36578866709
0.0 1115.0 57.0 277.0 1218.8916625713475
0.0 262.0 402.0 2821.0 9779.001038124006
0.0 1057.0 66.0 497.0 1781.760914559376
0.0 262.0 402.0 2821.0 9779.001038124006
0.0 590.0 254.0 1910.0 6492.176770185638
0.0 852.0 215.0 646.0 3887.710418079181
0.0 818.0 232.0 725.0 4246.123446848552
0.0 968.0 137.0 520.0 2633.1478309604545
0.0 1208.0 18.0 62.0 298.4891788137072
0.0 672.0 319.0 1002.0 5714.277347599664
0.0 887.0 184.0 637.0 3471.541453827694
0.0 535.0 301.0 1844.0 7065.932601574994
0.0 1244.0 0.0 0.0 0.0
0.0 1220.0 9.0 47.0 204.41922893318295
0.0 312.0 502.0 1879.0 9323.923212509066
2.0 1076.0 88.0 268.0 1636.00109020891
0.0 1114.0 57.0 284.0 1224.653343310717
0.0 480.0 316.0 2042.0 7559.170348236696
0.0 633.0 251.0 1606.0 6058.0000992506175
0.0 1229.0 4.0 36.0 122.85771130832889
0.0 897.0 179.0 623.0 3375.45925352523
0.0 368.0 358.0 2474.0 8680.543901674391
0.0 1244.0 0.0 0.0 0.0
0.0 971.0 98.0 728.0 2726.2171433824365
0.0 387.0 473.0 1635.0 8590.871645513998
0.0 1022.0 117.0 388.0 2156.72355707129
0.0 672.0 319.0 1002.0 5714.277347599664
0.0 1208.0 18.0 62.0 298.4891788137072
0.0 1244.0 0.0 0.0 0.0
0.0 1244.0 0.0 0.0 0.0
0.0 1244.0 0.0 0.0 0.0
0.0 1244.0 0.0 0.0 0.0
0.0 1244.0 0.0 0.0 0.0
0.0 1244.0 0.0 0.0 0.0
0.0 1173.0 26.0 148.0 662.9080532159961
0.0 633.0 251.0 1606.0 6058.0000992506175
0.0 1148.0 39.0 201.0 901.4116457757833
0.0 868.0 154.0 877.0 3796.102052397556
0.0 708.0 284.0 999.0 5268.8183315909655
0.0 752.0 199.0 1269.0 4852.913488366866
0.0 1137.0 46.0 225.0 1004.3776535750753
0.0 1137.0 46.0 225.0 1004.3776535750753
0.0 888.0 123.0 1098.0 3454.0493536446616
0.0 292.0 400.0 2601.0 9429.319088034566
0.0 1015.0 121.0 402.0 2231.124276096351
0.0 817.0 233.0 725.0 4257.81681122654
0.0 96.0 562.0 2877.0 11519.626086966198
0.0 96.0 562.0 2877.0 11519.626086966198
