0.0 578.0 373.0 1268.0 6631.2192005146935
0.0 877.0 197.0 713.0 3548.014620770901
0.0 410.0 456.0 1623.0 8324.853848643073
0.0 509.0 292.0 2109.0 7366.150292261394
0.0 509.0 292.0 2109.0 7366.150292261394
1.0 923.0 172.0 596.0 3166.6070450463912
0.0 509.0 292.0 2109.0 7366.150292261394
0.0 923.0 171.0 606.0 3160.9689636913167
0.0 1029.0 127.0 370.0 2091.1562981550137
0.0 828.0 138.0 1326.0 4117.596730008581
0.0 1128.0 37.0 334.0 1158.474076703809
0.0 1015.0 97.0 523.0 2167.457273193533
0.0 1154.0 43.0 175.0 865.6218191793427
0.0 427.0 365.0 2012.0 8081.039442904721
0.0 1206.0 20.0 58.0 320.16700689776434
0.0 1210.0 20.0 41.0 288.75713649079086
1.0 662.0 225.0 1631.0 5823.30890645238
0.0 1208.0 20.0 49.0 305.76848810029037
0.0 790.0 231.0 912.0 4451.241746106867
0.0 1177.0 18.0 184.0 661.3262742900149
0.0 926.0 102.0 991.0 3144.25989956616
0.0 1040.0 117.0 367.0 1950.211484595234
0.0 1025.0 61.0 718.0 2178.943767741573
0.0 979.0 144.0 470.0 2568.3798421911597
0.0 753.0 263.0 929.0 4871.361678602633
0.0 607.0 249.0 1799.0 6362.4928392314205
0.0 564.0 265.0 1980.0 6788.585153970108
0.0 546.0 356.0 1474.0 6826.629907104865
0.0 607.0 249.0 1799.0 6362.4928392314205
0.0 1177.0 18.0 184.0 661.3262742900149
0.0 290.0 401.0 2597.0 9480.81769030637
0.0 87.0 562.0 2915.0 11582.422163624005
0.0 805.0 240.0 840.0 4271.729837351092
0.0 87.0 562.0 2915.0 11582.422163624005
0.0 451.0 433.0 1546.0 7885.117619621011
0.0 424.0 444.0 1607.0 8169.562956457018
0.0 816.0 154.0 1220.0 4286.180370671455
0.0 676.0 306.0 1115.0 5625.337904437539
0.0 698.0 192.0 1698.0 5449.384860665362
0.0 451.0 433.0 1546.0 7885.117619621011
0.0 676.0 306.0 1115.0 5625.337904437539
0.0 87.0 562.0 2915.0 11582.422163624005
0.0 667.0 199.0 1891.0 5771.719007064177
0.0 876.0 197.0 715.0 3557.1013181194144
0.0 712.0 193.0 1583.0 5300.9399668662545
0.0 242.0 521.0 2134.0 10038.191164263626
0.0 159.0 565.0 2341.0 10854.87573780186
0.0 288.0 401.0 2611.0 9506.397629572664
0.0 241.0 418.0 2856.0 9989.21987539842
0.0 159.0 565.0 2341.0 10854.87573780186
0.0 864.0 133.0 1106.0 3755.7671955565174
0.0 427.0 365.0 2012.0 8081.039442904721
0.0 1193.0 14.0 129.0 501.46765432181905
0.0 456.0 317.0 2323.0 7878.994603696711
0.0 802.0 244.0 837.0 4311.375742347815
0.0 739.0 269.0 963.0 5019.102429151961
0.0 1056.0 54.0 546.0 1867.995466336111
0.0 578.0 373.0 1268.0 6631.2192005146935
0.0 302.0 502.0 1920.0 9393.083007069561
0.0 653.0 319.0 1149.0 5908.320284070094
0.0 950.0 160.0 526.0 2893.098446260531
0.0 1020.0 62.0 754.0 2240.0477896977177
0.0 869.0 203.0 718.0 3621.7257897653158
0.0 189.0 548.0 2276.0 10518.48183472383
0.0 802.0 244.0 837.0 4311.375742347815
0.0 984.0 139.0 470.0 2510.9645379758003
0.0 569.0 338.0 1455.0 6568.137776384799
0.0 562.0 265.0 1999.0 6809.733843587889
0.0 766.0 254.0 914.0 4723.473763283698
0.0 290.0 401.0 2597.0 9480.81769030637
0.0 712.0 193.0 1583.0 5300.9399668662545
0.0 608.0 344.0 1251.0 6278.605372145102
0.0 410.0 456.0 1623.0 8324.853848643073
0.0 955.0 96.0 861.0 2823.3780680387217
0.0 894.0 108.0 1180.0 3471.1009341919003
0.0 1089.0 58.0 383.0 1497.0763823605926
0.0 523.0 396.0 1399.0 7125.198433504493
0.0 806.0 154.0 1277.0 4397.644449460913
0.0 816.0 154.0 1220.0 4286.180370671455
0.0 908.0 104.0 1117.0 3329.7556451464884
0.0 922.0 172.0 606.0 3174.76369460584
0.0 1078.0 51.0 455.0 1651.4076751786465
0.0 1148.0 47.0 188.0 927.2462792794043
0.0 1184.0 27.0 108.0 566.5873337486292
0.0 301.0 503.0 1920.0 9405.518276020306
0.0 1091.0 57.0 380.0 1478.2156744327608
0.0 361.0 476.0 1777.0 8804.517519876303
0.0 893.0 108.0 1189.0 3484.948494650224
0.0 1108.0 41.0 404.0 1350.283142774569
0.0 950.0 160.0 526.0 2893.098446260531
0.0 1078.0 51.0 455.0 1651.4076751786465
0.0 288.0 401.0 2611.0 9506.397629572664
0.0 241.0 418.0 2856.0 9989.21987539842
0.0 1108.0 41.0 404.0 1350.283142774569
0.0 695.0 192.0 1724.0 5478.979869160411
0.0 609.0 343.0 1251.0 6267.646982026611
0.0 816.0 153.0 1229.0 4283.687499403033
0.0 758.0 261.0 918.0 4809.153522202169
0.0 489.0 425.0 1432.0 7521.052248835402
0.0 633.0 333.0 1178.0 6122.731400741548
0.0 729.0 277.0 976.0 5144.774205644038
0.0 843.0 219.0 759.0 3916.8892665937856
0.0 1089.0 92.0 264.0 1542.1179231724893
0.0 563.0 265.0 1989.0 6797.785647079675
0.0 729.0 277.0 976.0 5144.774205644038
0.0 1039.0 118.0 367.0 1960.1677812332023
0.0 1244.0 0.0 0.0 0.0
0.0 967.0 151.0 488.0 2703.696564147365
0.0 843.0 219.0 759.0 3916.8892665937856
0.0 898.0 107.0 1158.0 3425.7335757341266
0.0 607.0 249.0 1799.0 6362.4928392314205
0.0 569.0 338.0 1455.0 6568.137776384799
0.0 1115.0 71.0 243.0 1220.7900278668533
0.0 1029.0 127.0 370.0 2091.1562981550137
0.0 1115.0 71.0 243.0 1220.7900278668533
0.0 864.0 133.0 1106.0 3755.7671955565174
0.0 1044.0 54.0 636.0 1998.7786274050484
0.0 344.0 487.0 1805.0 8973.039737311847
0.0 192.0 546.0 2271.0 10483.887309886924
0.0 1034.0 58.0 680.0 2084.6995021945036
0.0 1098.0 87.0 248.0 1429.5094169266338
0.0 192.0 546.0 2271.0 10483.887309886924
0.0 942.0 97.0 946.0 2965.596406947745
0.0 942.0 97.0 946.0 2965.596406947745
0.0 712.0 193.0 1583.0 5300.9399668662545
0.0 967.0 151.0 488.0 2703.696564147365
0.0 661.0 202.0 1913.0 5838.614944449491
0.0 922.0 172.0 606.0 3174.76369460584
0.0 958.0 96.0 839.0 2804.2839581056824
0.0 648.0 324.0 1149.0 5968.319164519349
0.0 712.0 193.0 1583.0 5300.9399668662545
0.0 786.0 158.0 1388.0 4594.889456034318
0.0 348.0 485.0 1796.0 8929.01040581863
0.0 408.0 343.0 2385.0 8325.004419227422
0.0 663.0 224.0 1631.0 5815.783614997014
0.0 242.0 521.0 2134.0 10038.191164263626
0.0 638.0 231.0 1753.0 6056.974497738025
0.0 242.0 521.0 2134.0 10038.191164263626
0.0 1034.0 58.0 680.0 2084.6995021945036
0.0 994.0 107.0 569.0 2370.777977973724
0.0 768.0 161.0 1516.0 4777.585444717546
0.0 712.0 193.0 1583.0 5300.9399668662545
0.0 1193.0 14.0 129.0 501.46765432181905
0.0 1167.0 35.0 148.0 737.7787238590148
0.0 1078.0 51.0 455.0 1651.4076751786465
0.0 176.0 555.0 2306.0 10658.092386507418
0.0 649.0 323.0 1149.0 5953.699954774498
0.0 501.0 292.0 2169.0 7442.484741656513
0.0 775.0 161.0 1454.0 4705.626550011194
0.0 1005.0 100.0 552.0 2269.019974811741
0.0 1171.0 32.0 143.0 691.2988110958047
0.0 1078.0 51.0 455.0 1651.4076751786465
0.0 1244.0 0.0 0.0 0.0
0.0 873.0 133.0 1046.0 3664.2675812499174
0.0 501.0 415.0 1415.0 7388.861487559416
0.0 503.0 292.0 2154.0 7416.944001175475
0.0 1193.0 14.0 129.0 501.46765432181905
0.0 866.0 206.0 718.0 3655.727314377102
0.0 1244.0 0.0 0.0 0.0
0.0 1193.0 14.0 129.0 501.46765432181905
0.0 828.0 138.0 1326.0 4117.596730008581
0.0 1244.0 0.0 0.0 0.0
0.0 1244.0 0.0 0.0 0.0
0.0 1244.0 0.0 0.0 0.0
0.0 1244.0 0.0 0.0 0.0
0.0 1244.0 0.0 0.0 0.0
0.0 1244.0 0.0 0.0 0.0
0.0 1244.0 0.0 0.0 0.0
0.0 456.0 317.0 2323.0 7878.994603696711
0.0 979.0 144.0 470.0 2568.3798421911597
0.0 1244.0 0.0 0.0 0.0
0.0 635.0 332.0 1174.0 6095.66272399395
0.0 766.0 254.0 914.0 4723.473763283698
0.0 679.0 303.0 1115.0 5584.690354597219
0.0 1066.0 53.0 502.0 1778.3489873711535
0.0 348.0 485.0 1796.0 8929.01040581863
0.0 361.0 476.0 1777.0 8804.517519876303
0.0 270.0 403.0 2763.0 9696.469097919824
0.0 270.0 403.0 2763.0 9696.469097919824
0.0 829.0 138.0 1317.0 4108.536596378362
0.0 523.0 396.0 1399.0 7125.198433504493
0.0 423.0 445.0 1607.0 8183.065311801275
0.0 990.0 131.0 478.0 2435.136987680355
0.0 301.0 503.0 1920.0 9405.518276020306
0.0 973.0 150.0 471.0 2642.8799863444046
0.0 884.0 184.0 739.0 3453.1987434608936
0.0 523.0 396.0 1399.0 7125.198433504493
0.0 661.0 224.0 1645.0 5830.973733814323
0.0 1033.0 123.0 370.0 2033.330370148688
0.0 873.0 133.0 1046.0 3664.2675812499174
0.0 1220.0 10.0 40.0 211.32521327689997
0.0 1220.0 10.0 40.0 211.32521327689997
0.0 1220.0 10.0 40.0 211.32521327689997
0.0 1100.0 86.0 245.0 1404.167248569126
0.0 321.0 397.0 2418.0 9181.498079531031
0.0 1100.0 86.0 245.0 1404.167248569126
0.0 427.0 365.0 2012.0 8081.039442904721
0.0 838.0 138.0 1250.0 4016.2330966478726
0.0 360.0 368.0 2500.0 8785.12426254169
0.0 585.0 369.0 1254.0 6546.521004001793
0.0 585.0 369.0 1254.0 6546.521004001793
0.0 781.0 238.0 920.0 4544.117969834259
0.0 589.0 257.0 1851.0 6547.545090809467
0.0 589.0 257.0 1851.0 6547.545090809467
0.0 301.0 503.0 1920.0 9405.518276020306
0.0 975.0 149.0 468.0 2621.3201741569806
0.0 843.0 219.0 759.0 3916.8892665937856
0.0 408.0 343.0 2385.0 8325.004419227422
0.0 1177.0 18.0 184.0 661.3262742900149
0.0 1240.0 0.0 17.0 31.40987040697352
0.0 1225.0 10.0 20.0 169.81706563943357
0.0 1056.0 54.0 546.0 1867.995466336111
0.0 1089.0 92.0 264.0 1542.1179231724893
0.0 1205.0 21.0 58.0 332.9024163705798
0.0 427.0 365.0 2012.0 8081.039442904721
0.0 669.0 199.0 1873.0 5743.332740064606
0.0 768.0 161.0 1516.0 4777.585444717546
0.0 1171.0 32.0 143.0 691.2988110958047
0.0 742.0 267.0 960.0 4977.294087794806
0.0 992.0 109.0 569.0 2386.009424083143
0.0 958.0 96.0 839.0 2804.2839581056824
0.0 408.0 343.0 2385.0 8325.004419227422
0.0 806.0 154.0 1277.0 4397.644449460913
0.0 843.0 219.0 759.0 3916.8892665937856
0.0 958.0 96.0 839.0 2804.2839581056824
0.0 1025.0 61.0 718.0 2178.943767741573
0.0 770.0 161.0 1498.0 4753.634208839803
0.0 955.0 96.0 861.0 2823.3780680387217
0.0 790.0 231.0 912.0 4451.241746106867
0.0 528.0 393.0 1394.0 7074.805734536686
0.0 790.0 231.0 912.0 4451.241746106867
0.0 989.0 132.0 478.0 2445.766742580008
0.0 361.0 368.0 2490.0 8773.732239528608
0.0 1148.0 47.0 188.0 927.2462792794043
0.0 788.0 158.0 1374.0 4571.305908134399
0.0 717.0 289.0 990.0 5260.733576957899
0.0 1047.0 54.0 615.0 1963.0994748349608
0.0 1057.0 54.0 541.0 1854.4890264940416
0.0 1158.0 40.0 171.0 818.0843508628598
0.0 1127.0 37.0 337.0 1169.0201737853636
0.0 758.0 261.0 918.0 4809.153522202169
0.0 1181.0 29.0 111.0 600.1589619626326
0.0 1124.0 37.0 351.0 1192.4259852452908
0.0 447.0 437.0 1546.0 7937.063537730941
0.0 411.0 454.0 1625.0 8312.13863311647
0.0 1225.0 10.0 20.0 169.81706563943357
0.0 1244.0 0.0 0.0 0.0
0.0 1244.0 0.0 0.0 0.0
0.0 1244.0 0.0 0.0 0.0
0.0 1244.0 0.0 0.0 0.0
0.0 1244.0 0.0 0.0 0.0
0.0 1244.0 0.0 0.0 0.0
0.0 1184.0 27.0 108.0 566.5873337486292
0.0 873.0 133.0 1046.0 3664.2675812499174
0.0 1114.0 72.0 243.0 1234.7568347389374
0.0 321.0 397.0 2418.0 9181.498079531031
0.0 926.0 102.0 991.0 3144.25989956616
0.0 1019.0 63.0 754.0 2246.9298440752987
0.0 925.0 102.0 998.0 3156.1932775113255
0.0 489.0 425.0 1432.0 7521.052248835402
0.0 667.0 199.0 1891.0 5771.719007064177
0.0 1070.0 79.0 376.0 1678.537855658589
0.0 240.0 419.0 2856.0 9994.728869312245
0.0 714.0 290.0 999.0 5288.916647834854
0.0 714.0 290.0 999.0 5288.916647834854
0.0 739.0 269.0 963.0 5019.102429151961
0.0 548.0 354.0 1474.0 6804.324711187441
0.0 954.0 96.0 869.0 2831.71231344882
0.0 1039.0 118.0 367.0 1960.1677812332023
0.0 926.0 102.0 991.0 3144.25989956616
0.0 866.0 206.0 718.0 3655.727314377102
0.0 922.0 172.0 606.0 3174.76369460584
0.0 501.0 292.0 2169.0 7442.484741656513
0.0 1002.0 101.0 562.0 2297.8273498757035
0.0 153.0 565.0 2373.0 10918.223680752271
0.0 153.0 565.0 2373.0 10918.223680752271
0.0 1015.0 97.0 523.0 2167.457273193533
0.0 501.0 415.0 1415.0 7388.861487559416
0.0 1124.0 37.0 351.0 1192.4259852452908
0.0 876.0 197.0 715.0 3557.1013181194144
0.0 908.0 104.0 1117.0 3329.7556451464884
0.0 950.0 160.0 526.0 2893.098446260531
0.0 1057.0 54.0 541.0 1854.4890264940416
0.0 785.0 158.0 1396.0 4607.7825100750115
0.0 885.0 183.0 739.0 3444.831348870247
0.0 653.0 319.0 1149.0 5908.320284070094
0.0 501.0 292.0 2169.0 7442.484741656513
0.0 1148.0 47.0 188.0 927.2462792794043
0.0 1154.0 43.0 175.0 865.6218191793427
0.0 504.0 412.0 1415.0 7345.699955149076
0.0 805.0 240.0 840.0 4271.729837351092
0.0 1224.0 10.0 23.0 179.91534286992646
0.0 1240.0 0.0 17.0 31.40987040697352
0.0 696.0 192.0 1715.0 5465.103638002372
0.0 698.0 192.0 1698.0 5449.384860665362
0.0 852.0 213.0 749.0 3809.096202059853
0.0 1127.0 37.0 337.0 1169.0201737853636
0.0 96.0 562.0 2877.0 11519.626086966198
0.0 96.0 562.0 2877.0 11519.626086966198
