0.0 1030.0 107.0 400.0 2098.5018173406384
0.0 265.0 404.0 2783.0 9769.055502110768
0.0 919.0 115.0 900.0 3167.5404340957834
0.0 966.0 100.0 679.0 2696.059788221238
1.0 712.0 282.0 1036.0 5247.227976179651
0.0 384.0 450.0 1783.0 8531.142404235377
0.0 1212.0 13.0 63.0 279.480273079339
0.0 1172.0 26.0 150.0 681.1452521781704
0.0 1240.0 0.0 17.0 31.40987040697352
0.0 334.0 476.0 1891.0 9094.255713331775
0.0 1198.0 20.0 88.0 403.5159867222681
0.0 88.0 561.0 2918.0 11562.977885588783
0.0 982.0 93.0 625.0 2561.630558543
0.0 154.0 566.0 2381.0 10891.788930332876
0.0 828.0 168.0 1073.0 4054.21703804013
0.0 966.0 100.0 679.0 2696.059788221238
0.0 604.0 250.0 1831.0 6321.36145389543
0.0 515.0 291.0 2091.0 7278.934668530469
1.0 838.0 231.0 653.0 4075.7970807349575
0.0 358.0 464.0 1830.0 8828.982933735002
0.0 832.0 166.0 1061.0 4018.1139111988127
0.0 1108.0 51.0 332.0 1314.4554644128332
0.0 987.0 91.0 610.0 2512.5486958474794
0.0 987.0 91.0 610.0 2512.5486958474794
0.0 265.0 404.0 2783.0 9769.055502110768
0.0 358.0 464.0 1830.0 8828.982933735002
0.0 154.0 566.0 2381.0 10891.788930332876
1.0 838.0 231.0 653.0 4075.7970807349575
0.0 891.0 116.0 1113.0 3475.745906605438
0.0 380.0 455.0 1779.0 8591.3898266702
0.0 207.0 444.0 2896.0 10324.85123313704
0.0 1244.0 0.0 0.0 0.0
0.0 952.0 143.0 536.0 2854.8600568562015
0.0 467.0 422.0 1497.0 7753.829969036726
0.0 931.0 156.0 564.0 3106.69972394942
0.0 1136.0 42.0 235.0 997.299952537109
0.0 1009.0 126.0 409.0 2363.4556166941593
0.0 943.0 146.0 558.0 2954.050294837493
0.0 359.0 464.0 1827.0 8815.330537535441
1.0 1089.0 73.0 273.0 1490.711879820478
0.0 1244.0 0.0 0.0 0.0
0.0 955.0 138.0 542.0 2814.5854789059717
0.0 958.0 99.0 747.0 2798.7159697152156
0.0 1244.0 0.0 0.0 0.0
0.0 901.0 134.0 814.0 3386.6437165764855
0.0 958.0 99.0 747.0 2798.7159697152156
0.0 703.0 222.0 1422.0 5349.801694519803
0.0 1122.0 52.0 258.0 1141.8759369448323
0.0 519.0 393.0 1398.0 7187.794779206674
0.0 1244.0 0.0 0.0 0.0
0.0 1122.0 52.0 258.0 1141.8759369448323
0.0 1160.0 31.0 183.0 787.5689231531004
1.0 838.0 231.0 653.0 4075.7970807349575
0.0 154.0 566.0 2381.0 10891.788930332876
0.0 642.0 316.0 1199.0 5918.187405681153
0.0 1160.0 31.0 183.0 787.5689231531004
0.0 847.0 153.0 1054.0 3911.11148626536
0.0 790.0 160.0 1417.0 4536.322008790996
0.0 1160.0 31.0 183.0 787.5689231531004
0.0 154.0 566.0 2381.0 10891.788930332876
0.0 570.0 363.0 1300.0 6667.966282958318
0.0 760.0 265.0 886.0 4874.404334159637
0.0 971.0 98.0 664.0 2646.977925525717
0.0 847.0 153.0 1054.0 3911.11148626536
0.0 794.0 242.0 838.0 4480.568857567777
0.0 773.0 256.0 870.0 4714.405985024195
0.0 154.0 566.0 2381.0 10891.788930332876
0.0 269.0 495.0 2117.0 9670.865555088863
0.0 686.0 222.0 1543.0 5516.793988537738
0.0 571.0 363.0 1296.0 6661.271369566099
1.0 859.0 215.0 641.0 3815.2005222718917
1.0 712.0 282.0 1036.0 5247.227976179651
1.0 712.0 282.0 1036.0 5247.227976179651
0.0 514.0 308.0 1853.0 7290.774757058591
0.0 1225.0 9.0 22.0 167.6882423678971
0.0 1106.0 51.0 346.0 1325.8695051651102
0.0 384.0 450.0 1783.0 8531.142404235377
0.0 496.0 406.0 1431.0 7455.500708198656
0.0 884.0 173.0 706.0 3551.461366527683
1.0 838.0 231.0 653.0 4075.7970807349575
0.0 905.0 132.0 803.0 3351.28781878014
0.0 901.0 134.0 814.0 3386.6437165764855
0.0 1220.0 9.0 42.0 209.1963900053635
0.0 666.0 222.0 1703.0 5717.1489563837185
0.0 496.0 406.0 1431.0 7455.500708198656
0.0 1055.0 63.0 472.0 1875.9452370468352
0.0 1070.0 63.0 426.0 1664.6662366821681
0.0 1244.0 0.0 0.0 0.0
0.0 1030.0 107.0 400.0 2098.5018173406384
0.0 475.0 324.0 1958.0 7647.019030160735
0.0 754.0 206.0 1240.0 4828.66306006489
1.0 680.0 301.0 1081.0 5621.4397192507795
0.0 598.0 344.0 1268.0 6341.815616550638
0.0 647.0 311.0 1199.0 5868.022559863018
0.0 629.0 334.0 1185.0 6085.269856239406
0.0 702.0 232.0 1349.0 5364.129809916261
0.0 754.0 206.0 1240.0 4828.66306006489
0.0 790.0 160.0 1417.0 4536.322008790996
0.0 894.0 117.0 1075.0 3432.9068506011436
0.0 467.0 422.0 1497.0 7753.829969036726
0.0 1011.0 85.0 556.0 2292.5677611671076
1.0 318.0 377.0 2647.0 9211.708291630488
0.0 1202.0 20.0 71.0 372.1061163152946
0.0 888.0 118.0 1108.0 3502.3360318017394
0.0 533.0 381.0 1388.0 7021.049733761312
0.0 685.0 222.0 1551.0 5526.377231326185
1.0 320.0 377.0 2634.0 9190.84092162261
0.0 685.0 222.0 1551.0 5526.377231326185
1.0 1089.0 73.0 273.0 1490.711879820478
1.0 857.0 216.0 643.0 3839.484098169788
0.0 773.0 256.0 870.0 4714.405985024195
0.0 665.0 222.0 1713.0 5728.540979396801
0.0 1043.0 67.0 513.0 1974.3763305865484
0.0 1011.0 85.0 556.0 2292.5677611671076
0.0 207.0 444.0 2896.0 10324.85123313704
0.0 1135.0 43.0 235.0 1006.2353352888977
0.0 794.0 242.0 838.0 4480.568857567777
0.0 1175.0 26.0 136.0 659.8336590016896
0.0 253.0 511.0 2116.0 9872.687227869168
0.0 1176.0 26.0 133.0 649.7353817711968
0.0 125.0 567.0 2567.0 11185.386227988176
0.0 1225.0 9.0 22.0 167.6882423678971
0.0 632.0 250.0 1622.0 6049.455881863831
0.0 230.0 524.0 2162.0 10143.03235350172
0.0 215.0 531.0 2209.0 10295.095576687896
0.0 1225.0 9.0 22.0 167.6882423678971
0.0 869.0 181.0 733.0 3719.5482514065943
0.0 854.0 189.0 770.0 3875.450407938589
0.0 1176.0 26.0 133.0 649.7353817711968
0.0 309.0 401.0 2443.0 9301.880698994177
0.0 918.0 115.0 908.0 3177.8998928060487
0.0 472.0 324.0 1980.0 7676.0757403327625
0.0 1108.0 51.0 332.0 1314.4554644128332
0.0 821.0 152.0 1256.0 4196.369687977268
0.0 854.0 189.0 770.0 3875.450407938589
0.0 788.0 160.0 1432.0 4559.663318886665
0.0 771.0 258.0 870.0 4742.907823064331
0.0 1070.0 63.0 426.0 1664.6662366821681
0.0 871.0 180.0 728.0 3699.616729167723
0.0 703.0 222.0 1422.0 5349.801694519803
0.0 1029.0 108.0 400.0 2109.1315722402906
0.0 1070.0 63.0 426.0 1664.6662366821681
0.0 1149.0 37.0 199.0 884.2288966100436
0.0 598.0 344.0 1268.0 6341.815616550638
0.0 1136.0 42.0 235.0 997.299952537109
1.0 838.0 231.0 653.0 4075.7970807349575
0.0 886.0 118.0 1128.0 3524.8277693009586
0.0 1149.0 37.0 199.0 884.2288966100436
0.0 1244.0 0.0 0.0 0.0
0.0 467.0 422.0 1497.0 7753.829969036726
0.0 871.0 180.0 728.0 3699.616729167723
0.0 1244.0 0.0 0.0 0.0
1.0 858.0 215.0 643.0 3827.266179046252
0.0 514.0 308.0 1853.0 7290.774757058591
0.0 1070.0 63.0 426.0 1664.6662366821681
0.0 1244.0 0.0 0.0 0.0
0.0 476.0 324.0 1952.0 7636.946909488208
0.0 1244.0 0.0 0.0 0.0
0.0 1244.0 0.0 0.0 0.0
0.0 1043.0 67.0 513.0 1974.3763305865484
0.0 987.0 91.0 610.0 2512.5486958474794
0.0 230.0 524.0 2162.0 10143.03235350172
0.0 1244.0 0.0 0.0 0.0
0.0 1244.0 0.0 0.0 0.0
0.0 1244.0 0.0 0.0 0.0
0.0 556.0 377.0 1306.0 6842.445512065588
0.0 1244.0 0.0 0.0 0.0
0.0 1244.0 0.0 0.0 0.0
0.0 1244.0 0.0 0.0 0.0
1.0 1083.0 74.0 295.0 1545.5745894481208
0.0 952.0 143.0 536.0 2854.8600568562015
0.0 255.0 510.0 2113.0 9846.612139622819
0.0 632.0 250.0 1622.0 6049.455881863831
0.0 966.0 100.0 679.0 2696.059788221238
0.0 1217.0 11.0 48.0 230.39841038381869
0.0 593.0 251.0 1916.0 6455.8653026888205
0.0 604.0 250.0 1831.0 6321.36145389543
0.0 409.0 354.0 2178.0 8309.397899372252
0.0 582.0 356.0 1281.0 6538.455521677257
1.0 318.0 377.0 2647.0 9211.708291630488
0.0 1055.0 63.0 472.0 1875.9452370468352
0.0 820.0 152.0 1265.0 4210.245919135308
0.0 516.0 291.0 2084.0 7264.787296092881
0.0 1149.0 37.0 199.0 884.2288966100436
0.0 754.0 206.0 1240.0 4828.66306006489
0.0 306.0 401.0 2464.0 9333.940721983661
0.0 987.0 91.0 610.0 2512.5486958474794
0.0 1171.0 27.0 150.0 689.0020721936179
0.0 782.0 160.0 1487.0 4637.887276402324
0.0 469.0 421.0 1493.0 7725.425590406112
0.0 646.0 312.0 1199.0 5875.879379878465
0.0 631.0 250.0 1629.0 6055.108241876738
0.0 930.0 157.0 564.0 3119.1592245059637
0.0 305.0 401.0 2473.0 9342.168304598548
0.0 255.0 510.0 2113.0 9846.612139622819
0.0 87.0 562.0 2918.0 11574.597824568767
0.0 380.0 455.0 1779.0 8591.3898266702
0.0 87.0 562.0 2918.0 11574.597824568767
0.0 1125.0 49.0 258.0 1104.4291240460577
0.0 143.0 567.0 2439.0 11014.97746101192
0.0 566.0 289.0 1708.0 6761.958439332694
0.0 216.0 530.0 2209.0 10281.568259154941
0.0 1009.0 126.0 409.0 2363.4556166941593
0.0 828.0 168.0 1073.0 4054.21703804013
0.0 646.0 312.0 1199.0 5875.879379878465
0.0 518.0 394.0 1398.0 7200.254279763218
0.0 884.0 173.0 706.0 3551.461366527683
0.0 1149.0 37.0 199.0 884.2288966100436
0.0 951.0 143.0 539.0 2865.406153937756
0.0 453.0 317.0 2234.0 7876.502210800841
0.0 556.0 377.0 1306.0 6842.445512065588
0.0 1198.0 20.0 88.0 403.5159867222681
0.0 629.0 334.0 1185.0 6085.269856239406
1.0 1089.0 73.0 273.0 1490.711879820478
0.0 782.0 160.0 1487.0 4637.887276402324
0.0 1134.0 44.0 235.0 1017.6527384796948
0.0 566.0 289.0 1708.0 6761.958439332694
0.0 1043.0 67.0 513.0 1974.3763305865484
0.0 532.0 382.0 1388.0 7033.990331021249
0.0 782.0 160.0 1487.0 4637.887276402324
1.0 697.0 290.0 1057.0 5429.397744921919
0.0 475.0 324.0 1958.0 7647.019030160735
0.0 266.0 404.0 2775.0 9754.524360301193
0.0 566.0 289.0 1708.0 6761.958439332694
0.0 1198.0 20.0 88.0 403.5159867222681
0.0 1043.0 67.0 513.0 1974.3763305865484
0.0 1196.0 21.0 94.0 417.81839055938775
0.0 1136.0 42.0 235.0 997.299952537109
0.0 500.0 404.0 1423.0 7414.52224337562
0.0 927.0 160.0 564.0 3162.644847007821
0.0 410.0 354.0 2170.0 8301.55742081425
0.0 410.0 354.0 2170.0 8301.55742081425
0.0 1244.0 0.0 0.0 0.0
0.0 1244.0 0.0 0.0 0.0
0.0 760.0 265.0 886.0 4874.404334159637
0.0 423.0 329.0 2339.0 8175.861481835261
0.0 666.0 222.0 1703.0 5717.1489563837185
0.0 760.0 265.0 886.0 4874.404334159637
0.0 1212.0 13.0 63.0 279.480273079339
0.0 822.0 152.0 1249.0 4182.602868269063
0.0 453.0 317.0 2234.0 7876.502210800841
1.0 858.0 215.0 643.0 3827.266179046252
1.0 1083.0 74.0 295.0 1545.5745894481208
0.0 1222.0 9.0 33.0 194.7978712078895
0.0 981.0 94.0 625.0 2565.386091442164
0.0 1106.0 51.0 346.0 1325.8695051651102
1.0 697.0 290.0 1057.0 5429.397744921919
1.0 681.0 301.0 1077.0 5614.2564935431055
0.0 604.0 250.0 1831.0 6321.36145389543
0.0 1025.0 112.0 400.0 2160.8144223297913
0.0 632.0 331.0 1185.0 6047.408951051295
0.0 594.0 251.0 1907.0 6443.885810873542
0.0 886.0 118.0 1128.0 3524.8277693009586
0.0 206.0 446.0 2888.0 10320.476239098492
0.0 513.0 308.0 1860.0 7297.226927639904
0.0 622.0 241.0 1806.0 6171.400317460121
0.0 1011.0 85.0 556.0 2292.5677611671076
0.0 919.0 115.0 900.0 3167.5404340957834
0.0 794.0 242.0 838.0 4480.568857567777
0.0 1054.0 63.0 476.0 1889.9804926444078
0.0 1240.0 0.0 17.0 31.40987040697352
0.0 594.0 251.0 1907.0 6443.885810873542
0.0 760.0 265.0 886.0 4874.404334159637
0.0 760.0 265.0 886.0 4874.404334159637
0.0 1219.0 10.0 42.0 216.09600654669904
0.0 468.0 422.0 1493.0 7740.104004137553
0.0 435.0 326.0 2267.0 8045.817967134072
0.0 642.0 316.0 1199.0 5918.187405681153
0.0 1128.0 46.0 258.0 1074.1244307094291
0.0 820.0 152.0 1265.0 4210.245919135308
0.0 702.0 232.0 1349.0 5364.129809916261
0.0 905.0 132.0 803.0 3351.28781878014
0.0 585.0 353.0 1281.0 6499.277223772009
1.0 1092.0 70.0 273.0 1454.602238118205
1.0 1092.0 70.0 273.0 1454.602238118205
0.0 927.0 160.0 564.0 3162.644847007821
0.0 927.0 160.0 564.0 3162.644847007821
0.0 987.0 91.0 610.0 2512.5486958474794
0.0 309.0 401.0 2443.0 9301.880698994177
0.0 423.0 329.0 2339.0 8175.861481835261
0.0 1055.0 63.0 472.0 1875.9452370468352
1.0 845.0 226.0 649.0 3985.6450619373227
0.0 793.0 243.0 838.0 4493.264783401627
0.0 598.0 344.0 1268.0 6341.815616550638
0.0 1055.0 63.0 472.0 1875.9452370468352
0.0 905.0 132.0 803.0 3351.28781878014
0.0 424.0 329.0 2330.0 8161.9852506772195
0.0 1009.0 126.0 409.0 2363.4556166941593
0.0 334.0 476.0 1891.0 9094.255713331775
0.0 334.0 476.0 1891.0 9094.255713331775
0.0 1172.0 26.0 150.0 681.1452521781704
0.0 1175.0 26.0 136.0 659.8336590016896
0.0 754.0 206.0 1240.0 4828.66306006489
0.0 908.0 118.0 951.0 3272.0931604792027
0.0 1023.0 114.0 400.0 2188.0300925431275
1.0 318.0 377.0 2647.0 9211.708291630488
0.0 954.0 139.0 542.0 2825.0398799693735
0.0 752.0 207.0 1246.0 4844.817984616994
0.0 96.0 562.0 2877.0 11519.626086966198
0.0 96.0 562.0 2877.0 11519.626086966198
