0.0 506.0 395.0 1489.0 7392.289449758543
0.0 571.0 279.0 1741.0 6716.370646527065
2.0 853.0 217.0 703.0 3769.3224881911856
1.0 1140.0 53.0 183.0 968.881437797273
0.0 1055.0 100.0 355.0 1813.4229360650174
0.0 989.0 82.0 798.0 2513.888339921775
0.0 1044.0 62.0 572.0 1969.0947201382526
0.0 1101.0 72.0 277.0 1403.1680613844533
0.0 1189.0 16.0 145.0 537.0763678634604
0.0 1189.0 16.0 145.0 537.0763678634604
0.0 1092.0 51.0 408.0 1473.1740047903552
0.0 948.0 100.0 890.0 2965.029413584461
1.0 1163.0 39.0 140.0 775.4257936558266
0.0 756.0 212.0 1145.0 4888.360156104939
0.0 1086.0 84.0 281.0 1599.2702241593695
0.0 805.0 157.0 1362.0 4406.343260834225
0.0 1065.0 58.0 492.0 1757.104591247746
1.0 1163.0 39.0 140.0 775.4257936558266
0.0 968.0 156.0 485.0 2794.4048435073696
0.0 948.0 100.0 890.0 2965.029413584461
0.0 948.0 100.0 890.0 2965.029413584461
1.0 992.0 135.0 455.0 2450.435835212362
0.0 371.0 368.0 2311.0 8656.719797649803
0.0 426.0 333.0 2268.0 8153.570125791876
0.0 654.0 236.0 1571.0 5886.631543488132
0.0 955.0 112.0 722.0 2862.2791048105096
2.0 853.0 217.0 703.0 3769.3224881911856
0.0 925.0 169.0 594.0 3207.6245257981545
1.0 571.0 353.0 1327.0 6716.669851188479
0.0 681.0 320.0 1042.0 5553.693542424166
0.0 341.0 369.0 2519.0 8983.022268615134
0.0 1022.0 71.0 624.0 2199.4351799918322
0.0 1244.0 0.0 0.0 0.0
3.0 987.0 137.0 463.0 2509.3382094374206
0.0 901.0 127.0 946.0 3416.303793305771
0.0 1022.0 71.0 624.0 2199.4351799918322
0.0 334.0 483.0 1865.0 9087.844686454526
0.0 805.0 157.0 1362.0 4406.343260834225
2.0 843.0 224.0 713.0 3871.1489147184616
0.0 744.0 186.0 1504.0 5009.817691852818
0.0 477.0 316.0 2060.0 7639.247469795123
0.0 742.0 186.0 1521.0 5038.225064820433
0.0 1244.0 0.0 0.0 0.0
0.0 876.0 135.0 1052.0 3651.3601909915324
0.0 1244.0 0.0 0.0 0.0
1.0 571.0 353.0 1327.0 6716.669851188479
0.0 1244.0 0.0 0.0 0.0
0.0 567.0 349.0 1372.0 6755.348552304201
1.0 995.0 132.0 455.0 2410.7356279068313
0.0 1022.0 71.0 624.0 2199.4351799918322
0.0 1244.0 0.0 0.0 0.0
0.0 1244.0 0.0 0.0 0.0
0.0 1244.0 0.0 0.0 0.0
0.0 1244.0 0.0 0.0 0.0
0.0 968.0 156.0 485.0 2794.4048435073696
0.0 398.0 444.0 1744.0 8404.352145607592
0.0 356.0 370.0 2395.0 8814.268198178725
0.0 87.0 562.0 2911.0 11573.31933638367
0.0 934.0 119.0 787.0 3085.66799785963
1.0 799.0 252.0 777.0 4382.722571451876
0.0 356.0 370.0 2395.0 8814.268198178725
0.0 1218.0 10.0 48.0 223.49879384248314
0.0 1081.0 56.0 434.0 1570.82582783475
1.0 989.0 136.0 461.0 2492.788968426231
0.0 805.0 157.0 1362.0 4406.343260834225
0.0 1218.0 10.0 48.0 223.49879384248314
1.0 782.0 266.0 792.0 4547.584516663834
0.0 657.0 236.0 1553.0 5860.258280023775
0.0 852.0 140.0 1210.0 3906.251641765203
0.0 1055.0 100.0 355.0 1813.4229360650174
0.0 293.0 392.0 2663.0 9446.4626674726
0.0 657.0 236.0 1553.0 5860.258280023775
0.0 968.0 156.0 485.0 2794.4048435073696
0.0 649.0 275.0 1339.0 5908.537895129519
0.0 1086.0 84.0 281.0 1599.2702241593695
0.0 271.0 400.0 2772.0 9666.4080949376
0.0 1210.0 20.0 41.0 286.82219562207666
0.0 245.0 529.0 2082.0 9973.757499434134
0.0 616.0 367.0 1112.0 6256.002907821321
2.0 853.0 217.0 703.0 3769.3224881911856
1.0 995.0 132.0 455.0 2410.7356279068313
0.0 649.0 275.0 1339.0 5908.537895129519
0.0 1243.0 1.0 0.0 6.899616541335519
0.0 511.0 313.0 1849.0 7267.127811264322
0.0 1095.0 51.0 391.0 1442.3421074350256
0.0 428.0 333.0 2252.0 8128.679525272038
0.0 1007.0 75.0 702.0 2329.4411797111575
0.0 1101.0 72.0 277.0 1403.1680613844533
0.0 875.0 135.0 1060.0 3662.616909433995
0.0 245.0 529.0 2082.0 9973.757499434134
0.0 342.0 369.0 2510.0 8974.794686000245
0.0 486.0 405.0 1535.0 7540.9247848508485
0.0 880.0 135.0 1022.0 3619.8725242701207
0.0 779.0 181.0 1263.0 4649.957396220269
0.0 395.0 446.0 1748.0 8431.249699044807
0.0 234.0 532.0 2130.0 10081.165068305609
0.0 657.0 236.0 1553.0 5860.258280023775
0.0 1003.0 76.0 725.0 2366.6973968651423
0.0 610.0 309.0 1363.0 6231.214700368576
0.0 1095.0 51.0 391.0 1442.3421074350256
0.0 356.0 474.0 1794.0 8856.942871658748
0.0 918.0 175.0 600.0 3278.8400187767743
0.0 615.0 367.0 1116.0 6266.701670227981
0.0 615.0 367.0 1116.0 6266.701670227981
0.0 745.0 285.0 903.0 4925.455851003262
0.0 1115.0 38.0 383.0 1268.5046200988752
2.0 852.0 218.0 703.0 3778.8040982906264
0.0 904.0 126.0 929.0 3394.8404411514357
0.0 258.0 524.0 2045.0 9848.149367419224
0.0 262.0 520.0 2045.0 9790.222643013887
0.0 1189.0 16.0 145.0 537.0763678634604
0.0 1206.0 20.0 58.0 318.23206602905015
0.0 825.0 166.0 1105.0 4146.910121390631
0.0 262.0 520.0 2045.0 9790.222643013887
1.0 1163.0 39.0 140.0 775.4257936558266
0.0 1217.0 11.0 48.0 230.39841038381869
1.0 1135.0 54.0 200.0 1012.5002229444201
0.0 644.0 280.0 1339.0 5947.967673605742
0.0 938.0 159.0 585.0 3046.7770252941805
0.0 1161.0 28.0 220.0 815.9506498628228
1.0 994.0 133.0 455.0 2423.8477443574816
0.0 1015.0 73.0 658.0 2262.668008888828
0.0 1222.0 10.0 31.0 192.08892343550963
0.0 511.0 313.0 1849.0 7267.127811264322
0.0 667.0 336.0 1036.0 5728.007659105124
0.0 1062.0 58.0 508.0 1785.3269219875322
2.0 853.0 217.0 703.0 3769.3224881911856
0.0 880.0 135.0 1022.0 3619.8725242701207
0.0 566.0 350.0 1372.0 6770.078007781445
0.0 477.0 413.0 1538.0 7658.590911537846
0.0 1047.0 61.0 561.0 1943.2747586307826
0.0 583.0 256.0 1892.0 6620.675181383573
0.0 357.0 474.0 1791.0 8845.783234056538
0.0 505.0 309.0 1915.0 7345.633283479174
0.0 237.0 434.0 2770.0 9945.92342435755
0.0 1047.0 61.0 561.0 1943.2747586307826
0.0 356.0 474.0 1794.0 8856.942871658748
0.0 571.0 279.0 1741.0 6716.370646527065
0.0 562.0 263.0 1976.0 6838.500229488192
0.0 1091.0 80.0 277.0 1539.6615869698448
1.0 1135.0 54.0 200.0 1012.5002229444201
0.0 477.0 413.0 1538.0 7658.590911537846
0.0 468.0 318.0 2112.0 7723.937061410744
0.0 954.0 112.0 729.0 2867.537399634418
0.0 562.0 263.0 1976.0 6838.500229488192
0.0 1115.0 38.0 383.0 1268.5046200988752
1.0 1135.0 54.0 200.0 1012.5002229444201
0.0 830.0 163.0 1093.0 4108.116346435111
0.0 271.0 400.0 2772.0 9666.4080949376
0.0 285.0 392.0 2729.0 9543.051478972131
0.0 285.0 392.0 2729.0 9543.051478972131
0.0 551.0 288.0 1802.0 6931.017271814526
0.0 738.0 291.0 906.0 5024.194175924807
0.0 892.0 188.0 660.0 3563.192822303675
0.0 1041.0 115.0 349.0 1991.286884590636
0.0 668.0 335.0 1036.0 5713.214512967703
0.0 892.0 188.0 660.0 3563.192822303675
1.0 814.0 236.0 783.0 4227.0481819217375
1.0 798.0 253.0 777.0 4395.015962078416
0.0 1055.0 100.0 355.0 1813.4229360650174
0.0 394.0 447.0 1748.0 8446.229214178846
0.0 608.0 370.0 1137.0 6324.481975685855
0.0 673.0 329.0 1039.0 5649.365460254417
0.0 1043.0 114.0 346.0 1966.3402859497216
0.0 833.0 153.0 1161.0 4114.3443094177655
0.0 918.0 175.0 600.0 3278.8400187767743
0.0 188.0 545.0 2300.0 10549.684411284314
0.0 605.0 257.0 1714.0 6394.832962179085
1.0 1163.0 39.0 140.0 775.4257936558266
0.0 188.0 545.0 2300.0 10549.684411284314
0.0 608.0 370.0 1137.0 6324.481975685855
1.0 992.0 135.0 455.0 2450.435835212362
0.0 1193.0 26.0 91.0 434.1280283967243
0.0 265.0 517.0 2045.0 9765.667008120305
0.0 590.0 256.0 1833.0 6546.679681485108
0.0 562.0 263.0 1976.0 6838.500229488192
0.0 653.0 236.0 1578.0 5897.641142159594
0.0 829.0 163.0 1098.0 4118.414477018383
0.0 893.0 187.0 660.0 3549.1163909857046
0.0 829.0 163.0 1098.0 4118.414477018383
0.0 716.0 306.0 938.0 5271.388331096166
0.0 1063.0 58.0 502.0 1774.898137136749
2.0 842.0 225.0 713.0 3883.3229649670907
0.0 461.0 319.0 2164.0 7788.074904852135
0.0 302.0 394.0 2563.0 9334.592699621413
0.0 631.0 356.0 1100.0 6064.723734824154
2.0 842.0 225.0 713.0 3883.3229649670907
0.0 451.0 423.0 1603.0 7944.991012748578
0.0 781.0 181.0 1252.0 4622.063738304979
0.0 1044.0 62.0 572.0 1969.0947201382526
0.0 1222.0 10.0 31.0 192.08892343550963
0.0 88.0 561.0 2911.0 11559.534784304189
0.0 1222.0 10.0 31.0 192.08892343550963
0.0 742.0 186.0 1521.0 5038.225064820433
1.0 785.0 262.0 794.0 4519.822351844155
0.0 973.0 152.0 482.0 2725.889016858427
0.0 1193.0 26.0 91.0 434.1280283967243
0.0 453.0 422.0 1599.0 7917.953367718683
0.0 1042.0 115.0 346.0 1979.036211783572
0.0 720.0 233.0 1206.0 5223.984963327029
0.0 520.0 291.0 2012.0 7224.053586501512
0.0 756.0 212.0 1145.0 4888.360156104939
0.0 506.0 395.0 1489.0 7392.289449758543
0.0 756.0 212.0 1145.0 4888.360156104939
0.0 726.0 299.0 925.0 5148.565729895807
0.0 139.0 567.0 2464.0 11047.843416448408
0.0 139.0 567.0 2464.0 11047.843416448408
0.0 1159.0 29.0 226.0 831.8877909820621
0.0 139.0 567.0 2464.0 11047.843416448408
0.0 635.0 240.0 1693.0 6079.54400220144
0.0 430.0 333.0 2237.0 8111.282847072379
0.0 903.0 126.0 935.0 3409.1216176168864
0.0 635.0 240.0 1693.0 6079.54400220144
0.0 722.0 232.0 1199.0 5213.408315978936
0.0 398.0 444.0 1744.0 8404.352145607592
0.0 1159.0 29.0 226.0 831.8877909820621
0.0 1063.0 58.0 502.0 1774.898137136749
0.0 1042.0 115.0 346.0 1979.036211783572
0.0 186.0 544.0 2313.0 10569.57434259541
0.0 87.0 562.0 2911.0 11573.31933638367
0.0 302.0 394.0 2563.0 9334.592699621413
0.0 1179.0 24.0 155.0 614.6360496372326
0.0 342.0 369.0 2510.0 8974.794686000245
0.0 742.0 186.0 1521.0 5038.225064820433
0.0 1195.0 26.0 82.0 419.7295095992503
0.0 1207.0 19.0 58.0 307.9580921575909
0.0 1002.0 76.0 735.0 2378.6455933733573
0.0 427.0 333.0 2261.0 8135.252417326663
0.0 925.0 169.0 594.0 3207.6245257981545
0.0 955.0 112.0 722.0 2862.2791048105096
0.0 631.0 356.0 1100.0 6064.723734824154
0.0 505.0 396.0 1489.0 7406.967863489986
1.0 1140.0 53.0 183.0 968.881437797273
0.0 681.0 320.0 1042.0 5553.693542424166
0.0 370.0 368.0 2319.0 8667.976516092265
0.0 1020.0 71.0 638.0 2216.804421249165
0.0 334.0 483.0 1865.0 9087.844686454526
0.0 370.0 465.0 1777.0 8702.858631746394
0.0 1179.0 24.0 155.0 614.6360496372326
0.0 833.0 153.0 1161.0 4114.3443094177655
0.0 653.0 236.0 1578.0 5897.641142159594
0.0 1240.0 0.0 17.0 31.40987040697352
0.0 919.0 174.0 600.0 3261.295206097638
0.0 1037.0 118.0 355.0 2047.7765092180648
0.0 919.0 174.0 600.0 3261.295206097638
0.0 1091.0 80.0 277.0 1539.6615869698448
0.0 1086.0 84.0 281.0 1599.2702241593695
0.0 852.0 140.0 1210.0 3906.251641765203
0.0 1240.0 0.0 17.0 31.40987040697352
1.0 1140.0 53.0 183.0 968.881437797273
1.0 799.0 252.0 777.0 4382.722571451876
0.0 875.0 135.0 1060.0 3662.616909433995
0.0 944.0 100.0 922.0 3013.904465698114
0.0 87.0 562.0 2911.0 11573.31933638367
0.0 468.0 318.0 2112.0 7723.937061410744
0.0 781.0 181.0 1252.0 4622.063738304979
1.0 1140.0 53.0 183.0 968.881437797273
0.0 1121.0 38.0 354.0 1216.668325462402
0.0 1020.0 71.0 638.0 2216.804421249165
1.0 815.0 235.0 783.0 4216.054544202644
1.0 779.0 268.0 795.0 4586.192527247
0.0 146.0 566.0 2433.0 10972.895420423452
0.0 609.0 310.0 1363.0 6236.723694282401
1.0 782.0 266.0 792.0 4547.584516663834
0.0 1244.0 0.0 0.0 0.0
0.0 1244.0 0.0 0.0 0.0
0.0 1244.0 0.0 0.0 0.0
0.0 505.0 309.0 1915.0 7345.633283479174
0.0 934.0 119.0 787.0 3085.66799785963
0.0 452.0 423.0 1599.0 7932.651791478225
0.0 1244.0 0.0 0.0 0.0
0.0 1244.0 0.0 0.0 0.0
0.0 1118.0 38.0 367.0 1237.3794334627157
0.0 748.0 186.0 1472.0 4963.969711703768
0.0 716.0 306.0 938.0 5271.388331096166
1.0 800.0 251.0 777.0 4373.41704425754
0.0 716.0 306.0 938.0 5271.388331096166
0.0 745.0 285.0 903.0 4925.455851003262
0.0 1117.0 38.0 371.0 1248.0781958693753
0.0 334.0 483.0 1865.0 9087.844686454526
0.0 590.0 256.0 1833.0 6546.679681485108
0.0 931.0 122.0 787.0 3105.61112361244
0.0 1244.0 0.0 0.0 0.0
0.0 1244.0 0.0 0.0 0.0
0.0 1244.0 0.0 0.0 0.0
0.0 720.0 233.0 1206.0 5223.984963327029
0.0 779.0 181.0 1263.0 4649.957396220269
0.0 1189.0 16.0 145.0 537.0763678634604
0.0 146.0 566.0 2433.0 10972.895420423452
0.0 722.0 232.0 1199.0 5213.408315978936
0.0 990.0 81.0 798.0 2508.1226049959705
0.0 1244.0 0.0 0.0 0.0
1.0 779.0 268.0 795.0 4586.192527247
0.0 1117.0 38.0 371.0 1248.0781958693753
0.0 605.0 257.0 1714.0 6394.832962179085
0.0 904.0 126.0 929.0 3394.8404411514357
0.0 955.0 112.0 722.0 2862.2791048105096
0.0 96.0 562.0 2877.0 11519.626086966198
0.0 96.0 562.0 2877.0 11519.626086966198
