0.0 658.0 230.0 1618.0 5809.975595749897
0.0 637.0 325.0 1169.0 5977.072630050775
0.0 472.0 343.0 1881.0 7723.071148694879
0.0 593.0 251.0 1876.0 6461.0913385298145
0.0 862.0 187.0 777.0 3748.44859644441
0.0 1244.0 0.0 0.0 0.0
0.0 1129.0 48.0 251.0 1055.5621532826506
0.0 162.0 563.0 2346.0 10835.17355779489
0.0 1233.0 4.0 19.0 91.44784090135536
0.0 1244.0 0.0 0.0 0.0
0.0 1244.0 0.0 0.0 0.0
0.0 1244.0 0.0 0.0 0.0
0.0 1244.0 0.0 0.0 0.0
1.0 423.0 330.0 2311.0 8171.897383875628
0.0 723.0 284.0 972.0 5192.490190907643
0.0 1244.0 0.0 0.0 0.0
0.0 1108.0 68.0 258.0 1291.629557859043
0.0 1147.0 42.0 196.0 903.469761324947
0.0 327.0 381.0 2548.0 9139.350521868175
0.0 1244.0 0.0 0.0 0.0
0.0 352.0 372.0 2454.0 8866.501383912546
0.0 739.0 273.0 957.0 4995.341456011804
0.0 658.0 230.0 1618.0 5809.975595749897
0.0 888.0 141.0 911.0 3487.5268555052016
0.0 646.0 229.0 1727.0 5918.660341335938
0.0 1108.0 68.0 258.0 1291.629557859043
0.0 634.0 327.0 1172.0 6011.032896730021
0.0 988.0 92.0 645.0 2529.0523614995036
0.0 875.0 137.0 1040.0 3628.864194372717
0.0 472.0 343.0 1881.0 7723.071148694879
0.0 723.0 284.0 972.0 5192.490190907643
0.0 355.0 372.0 2428.0 8843.511182865645
1.0 693.0 305.0 1002.0 5488.741361431566
1.0 427.0 330.0 2276.0 8135.274837267264
0.0 483.0 423.0 1415.0 7582.678547756127
0.0 988.0 92.0 645.0 2529.0523614995036
0.0 1077.0 59.0 413.0 1636.2913259954119
0.0 988.0 92.0 645.0 2529.0523614995036
0.0 1070.0 59.0 447.0 1696.1503867257447
0.0 645.0 229.0 1736.0 5927.282498908632
0.0 988.0 92.0 645.0 2529.0523614995036
0.0 929.0 114.0 861.0 3071.21162557526
0.0 1220.0 13.0 38.0 190.3056580139371
0.0 88.0 561.0 2912.0 11585.527557368576
0.0 1174.0 28.0 146.0 659.9292560041824
0.0 1229.0 4.0 36.0 122.85771130832889
0.0 768.0 210.0 1076.0 4694.890222869776
0.0 1059.0 63.0 470.0 1809.2073276396682
0.0 524.0 279.0 2129.0 7170.772250203094
0.0 402.0 457.0 1652.0 8398.486699377565
0.0 760.0 214.0 1097.0 4766.789986468005
0.0 953.0 110.0 724.0 2838.5024346444357
0.0 816.0 237.0 763.0 4313.424009692516
0.0 975.0 93.0 748.0 2651.2711694685386
0.0 897.0 184.0 646.0 3436.866198644665
0.0 472.0 343.0 1881.0 7723.071148694879
0.0 952.0 157.0 521.0 2845.178141288564
0.0 527.0 278.0 2111.0 7135.600277548015
0.0 1147.0 42.0 196.0 903.469761324947
0.0 666.0 292.0 1189.0 5650.879347507903
0.0 1212.0 16.0 61.0 268.60778705913043
0.0 333.0 485.0 1863.0 9070.978879650753
0.0 1159.0 34.0 184.0 794.6806884827928
0.0 139.0 565.0 2472.0 11052.867076494413
0.0 425.0 446.0 1595.0 8139.95666982223
0.0 1046.0 69.0 497.0 1907.519076966153
0.0 858.0 197.0 754.0 3796.4554784833385
0.0 285.0 403.0 2642.0 9551.02466644576
0.0 1159.0 34.0 184.0 794.6806884827928
0.0 139.0 565.0 2472.0 11052.867076494413
0.0 862.0 187.0 777.0 3748.44859644441
0.0 1212.0 16.0 61.0 268.60778705913043
0.0 484.0 422.0 1415.0 7568.68609617831
0.0 527.0 278.0 2111.0 7135.600277548015
0.0 285.0 403.0 2642.0 9551.02466644576
0.0 232.0 431.0 2789.0 10069.908994690826
0.0 1022.0 80.0 563.0 2202.346393652056
0.0 1175.0 28.0 143.0 649.8309787736896
0.0 690.0 207.0 1655.0 5508.965402745711
0.0 999.0 137.0 405.0 2362.5445087061757
0.0 232.0 431.0 2789.0 10069.908994690826
0.0 630.0 331.0 1172.0 6070.110946746433
0.0 536.0 388.0 1334.0 6979.251576617665
0.0 751.0 184.0 1440.0 4862.334676561351
1.0 698.0 302.0 990.0 5439.631180447555
0.0 1076.0 59.0 416.0 1646.3896032259047
0.0 612.0 244.0 1805.0 6264.0881599417025
0.0 352.0 372.0 2454.0 8866.501383912546
0.0 750.0 184.0 1449.0 4871.394810191571
0.0 285.0 403.0 2642.0 9551.02466644576
0.0 942.0 160.0 553.0 2936.317990421736
0.0 616.0 245.0 1768.0 6216.435968830017
0.0 750.0 184.0 1449.0 4871.394810191571
0.0 592.0 348.0 1260.0 6411.442717295761
0.0 425.0 446.0 1595.0 8139.95666982223
0.0 819.0 235.0 758.0 4280.772674808045
0.0 957.0 154.0 515.0 2781.4361029335546
0.0 591.0 349.0 1260.0 6418.580710818537
0.0 139.0 565.0 2472.0 11052.867076494413
0.0 786.0 201.0 1046.0 4539.769894036889
1.0 408.0 335.0 2374.0 8329.28454377477
0.0 999.0 137.0 405.0 2362.5445087061757
0.0 830.0 228.0 747.0 4137.185522557616
0.0 897.0 184.0 646.0 3436.866198644665
0.0 1034.0 74.0 550.0 2022.1055011553206
0.0 1059.0 63.0 470.0 1809.2073276396682
0.0 559.0 371.0 1291.0 6797.662294202073
0.0 551.0 267.0 2042.0 6878.777905718775
0.0 578.0 360.0 1267.0 6545.069621486561
0.0 88.0 568.0 2874.0 11587.529436832181
0.0 218.0 434.0 2884.0 10204.81036040669
0.0 930.0 114.0 854.0 3057.064253137671
0.0 284.0 507.0 1998.0 9568.694531778996
0.0 668.0 290.0 1189.0 5631.507349808798
0.0 582.0 356.0 1267.0 6495.796811186013
0.0 659.0 230.0 1613.0 5796.363114300059
0.0 519.0 400.0 1351.0 7207.669770427939
0.0 483.0 423.0 1415.0 7582.678547756127
0.0 218.0 434.0 2884.0 10204.81036040669
0.0 490.0 414.0 1419.0 7475.940693271178
0.0 634.0 327.0 1172.0 6011.032896730021
0.0 218.0 434.0 2884.0 10204.81036040669
0.0 1142.0 43.0 213.0 941.779248273256
0.0 733.0 239.0 1114.0 4978.5291665567565
0.0 355.0 372.0 2428.0 8843.511182865645
0.0 953.0 110.0 724.0 2838.5024346444357
0.0 987.0 92.0 651.0 2543.3335379649548
0.0 314.0 388.0 2580.0 9266.827406619253
0.0 1244.0 0.0 0.0 0.0
0.0 615.0 245.0 1773.0 6230.048450279855
0.0 241.0 529.0 2103.0 9998.007112222347
0.0 930.0 114.0 854.0 3057.064253137671
0.0 279.0 511.0 2002.0 9630.511339667146
0.0 403.0 457.0 1647.0 8391.637374126687
0.0 578.0 360.0 1267.0 6545.069621486561
0.0 1244.0 0.0 0.0 0.0
0.0 969.0 102.0 696.0 2692.669850029374
0.0 582.0 356.0 1267.0 6495.796811186013
1.0 693.0 305.0 1002.0 5488.741361431566
0.0 1177.0 28.0 138.0 630.5612273277786
0.0 1107.0 68.0 263.0 1301.2402094244594
0.0 929.0 114.0 861.0 3071.21162557526
0.0 593.0 251.0 1876.0 6461.0913385298145
0.0 1229.0 4.0 36.0 122.85771130832889
0.0 816.0 237.0 763.0 4313.424009692516
0.0 1244.0 0.0 0.0 0.0
0.0 768.0 210.0 1076.0 4694.890222869776
0.0 733.0 239.0 1114.0 4978.5291665567565
0.0 896.0 185.0 646.0 3451.7636180471136
0.0 402.0 457.0 1652.0 8398.486699377565
0.0 959.0 150.0 523.0 2742.1407468495904
0.0 566.0 261.0 1989.0 6719.973613751307
0.0 739.0 273.0 957.0 4995.341456011804
0.0 725.0 282.0 972.0 5164.18215258364
0.0 631.0 330.0 1172.0 6055.182847395408
0.0 471.0 425.0 1464.0 7700.985430171704
0.0 537.0 387.0 1334.0 6965.177778181184
0.0 536.0 388.0 1334.0 6979.251576617665
0.0 822.0 147.0 1356.0 4208.191157888096
0.0 935.0 113.0 823.0 3010.701316709018
0.0 519.0 400.0 1351.0 7207.669770427939
0.0 329.0 381.0 2529.0 9115.979007039816
0.0 1129.0 48.0 251.0 1055.5621532826506
0.0 223.0 539.0 2137.0 10195.748362815502
0.0 886.0 142.0 916.0 3506.4747854231873
0.0 783.0 257.0 842.0 4644.873487318331
1.0 408.0 335.0 2374.0 8329.28454377477
0.0 829.0 146.0 1302.0 4124.502473908446
0.0 242.0 528.0 2103.0 9984.30052007716
0.0 1244.0 0.0 0.0 0.0
0.0 690.0 207.0 1655.0 5508.965402745711
0.0 1244.0 0.0 0.0 0.0
0.0 816.0 237.0 763.0 4313.424009692516
0.0 833.0 225.0 747.0 4097.513068106061
0.0 1029.0 112.0 390.0 2029.2809663680728
0.0 836.0 146.0 1245.0 4050.9001007129104
0.0 659.0 230.0 1613.0 5796.363114300059
0.0 796.0 175.0 1208.0 4432.767439109437
0.0 1000.0 137.0 402.0 2352.4462314756834
0.0 832.0 146.0 1279.0 4086.2006442117804
0.0 556.0 375.0 1288.0 6829.439281865143
0.0 1046.0 68.0 503.0 1914.0198368561248
0.0 836.0 146.0 1245.0 4050.9001007129104
0.0 783.0 257.0 842.0 4644.873487318331
0.0 163.0 563.0 2342.0 10821.404279744696
0.0 666.0 292.0 1189.0 5650.879347507903
0.0 403.0 457.0 1647.0 8391.637374126687
0.0 953.0 110.0 724.0 2838.5024346444357
0.0 551.0 267.0 2042.0 6878.777905718775
0.0 1244.0 0.0 0.0 0.0
0.0 1244.0 0.0 0.0 0.0
0.0 1244.0 0.0 0.0 0.0
0.0 1244.0 0.0 0.0 0.0
1.0 429.0 330.0 2259.0 8123.413452616282
0.0 1244.0 0.0 0.0 0.0
0.0 1164.0 32.0 169.0 745.5988257872724
0.0 1070.0 59.0 447.0 1696.1503867257447
0.0 709.0 206.0 1509.0 5309.634146714033
0.0 846.0 205.0 767.0 3934.602346883247
0.0 1108.0 68.0 258.0 1291.629557859043
0.0 796.0 175.0 1208.0 4432.767439109437
0.0 855.0 200.0 754.0 3830.2392401022234
0.0 1073.0 59.0 431.0 1666.6689211230419
0.0 1034.0 74.0 550.0 2022.1055011553206
0.0 768.0 210.0 1076.0 4694.890222869776
1.0 801.0 155.0 1413.0 4386.872296468701
0.0 969.0 102.0 696.0 2692.669850029374
0.0 1233.0 4.0 19.0 91.44784090135536
0.0 1142.0 43.0 213.0 941.779248273256
0.0 1015.0 124.0 396.0 2176.946580816777
0.0 1213.0 15.0 61.0 256.398872318957
0.0 208.0 547.0 2172.0 10383.406739381233
0.0 1077.0 59.0 413.0 1636.2913259954119
0.0 1141.0 42.0 223.0 956.0111347662272
0.0 1213.0 15.0 61.0 256.398872318957
0.0 999.0 137.0 405.0 2362.5445087061757
0.0 1212.0 16.0 61.0 268.60778705913043
0.0 208.0 547.0 2172.0 10383.406739381233
0.0 472.0 343.0 1881.0 7723.071148694879
0.0 1213.0 15.0 61.0 256.398872318957
0.0 897.0 184.0 646.0 3436.866198644665
0.0 1168.0 30.0 163.0 704.761333452415
0.0 786.0 201.0 1046.0 4539.769894036889
0.0 846.0 205.0 767.0 3934.602346883247
0.0 1117.0 63.0 240.0 1189.456574955798
1.0 427.0 330.0 2276.0 8135.274837267264
0.0 1174.0 28.0 146.0 659.9292560041824
0.0 1047.0 68.0 497.0 1901.691077870986
0.0 870.0 138.0 1072.0 3685.0473888182487
0.0 707.0 206.0 1527.0 5329.415566761187
0.0 558.0 373.0 1288.0 6804.681970515592
0.0 612.0 244.0 1805.0 6264.0881599417025
0.0 524.0 279.0 2129.0 7170.772250203094
0.0 1129.0 48.0 251.0 1055.5621532826506
1.0 699.0 302.0 987.0 5426.634464852346
0.0 162.0 563.0 2346.0 10835.17355779489
0.0 751.0 184.0 1440.0 4862.334676561351
0.0 1244.0 0.0 0.0 0.0
0.0 1122.0 51.0 273.0 1122.129405641236
0.0 1122.0 51.0 273.0 1122.129405641236
0.0 1244.0 0.0 0.0 0.0
0.0 935.0 113.0 823.0 3010.701316709018
0.0 1244.0 0.0 0.0 0.0
0.0 332.0 486.0 1863.0 9083.438380207297
0.0 279.0 511.0 2002.0 9630.511339667146
0.0 1233.0 4.0 19.0 91.44784090135536
0.0 763.0 213.0 1086.0 4737.93882068718
0.0 1025.0 116.0 390.0 2066.5943119352073
0.0 1003.0 134.0 402.0 2317.487476204693
0.0 1013.0 127.0 393.0 2203.942013561066
0.0 279.0 511.0 2002.0 9630.511339667146
0.0 1046.0 69.0 497.0 1907.519076966153
0.0 588.0 252.0 1912.0 6499.106656367098
0.0 1012.0 128.0 393.0 2216.853135180254
0.0 1177.0 28.0 138.0 630.5612273277786
0.0 490.0 414.0 1419.0 7475.940693271178
0.0 897.0 184.0 646.0 3436.866198644665
0.0 332.0 486.0 1863.0 9083.438380207297
0.0 566.0 261.0 1989.0 6719.973613751307
0.0 896.0 185.0 646.0 3451.7636180471136
1.0 699.0 302.0 987.0 5426.634464852346
0.0 1170.0 28.0 163.0 691.339126411156
0.0 1142.0 43.0 213.0 941.779248273256
0.0 709.0 206.0 1509.0 5309.634146714033
0.0 888.0 141.0 911.0 3487.5268555052016
1.0 423.0 330.0 2311.0 8171.897383875628
0.0 337.0 481.0 1863.0 9020.77849341828
0.0 1177.0 28.0 138.0 630.5612273277786
0.0 1076.0 59.0 416.0 1646.3896032259047
0.0 426.0 445.0 1595.0 8128.663693582645
0.0 218.0 434.0 2884.0 10204.81036040669
0.0 1045.0 96.0 394.0 1875.583462391945
0.0 636.0 326.0 1169.0 5989.80803952359
0.0 880.0 137.0 1005.0 3565.4775771880286
0.0 989.0 92.0 641.0 2518.353599092844
0.0 1220.0 13.0 38.0 190.3056580139371
0.0 739.0 273.0 957.0 4995.341456011804
0.0 88.0 561.0 2912.0 11585.527557368576
0.0 795.0 175.0 1214.0 4443.196223960219
0.0 549.0 267.0 2058.0 6907.750026091527
0.0 819.0 235.0 758.0 4280.772674808045
0.0 829.0 146.0 1302.0 4124.502473908446
0.0 1108.0 68.0 258.0 1291.629557859043
0.0 1120.0 53.0 273.0 1141.8862146921028
0.0 952.0 157.0 521.0 2845.178141288564
0.0 870.0 138.0 1072.0 3685.0473888182487
0.0 1028.0 113.0 390.0 2035.0443709997564
0.0 1026.0 115.0 390.0 2053.8983861013567
0.0 942.0 160.0 553.0 2936.317990421736
0.0 495.0 408.0 1422.0 7421.798242441674
0.0 830.0 228.0 747.0 4137.185522557616
0.0 208.0 547.0 2172.0 10383.406739381233
0.0 1229.0 4.0 36.0 122.85771130832889
0.0 942.0 160.0 553.0 2936.317990421736
0.0 881.0 137.0 997.0 3557.1433317779292
0.0 1047.0 68.0 497.0 1901.691077870986
0.0 1169.0 29.0 163.0 696.9045134369675
0.0 1074.0 59.0 425.0 1660.7881220233787
0.0 96.0 562.0 2877.0 11519.626086966198
0.0 96.0 562.0 2877.0 11519.626086966198
