0.0 594.0 351.0 1254.0 6376.241715144852
0.0 750.0 182.0 1430.0 4907.466359564874
0.0 1085.0 82.0 289.0 1592.339184087322
0.0 691.0 312.0 967.0 5498.427472089379
0.0 864.0 196.0 696.0 3738.053299651604
3.0 1009.0 87.0 572.0 2282.615089207626
0.0 396.0 460.0 1675.0 8468.125425399676
0.0 748.0 278.0 863.0 4948.429789741648
0.0 443.0 437.0 1553.0 7990.736224357513
0.0 471.0 310.0 2119.0 7680.057141088545
0.0 405.0 454.0 1656.0 8387.9438176458
0.0 873.0 128.0 1071.0 3663.0632225476957
0.0 1209.0 18.0 52.0 293.65568832047126
0.0 1045.0 72.0 520.0 1933.3895484354011
0.0 417.0 322.0 2422.0 8251.482559644874
0.0 420.0 321.0 2406.0 8223.79636630322
0.0 453.0 311.0 2273.0 7897.364609877951
0.0 1025.0 110.0 435.0 2133.917868915611
0.0 564.0 372.0 1287.0 6731.735668167084
0.0 249.0 414.0 2832.0 9876.663750797437
0.0 984.0 139.0 456.0 2577.4097177610165
0.0 1159.0 33.0 189.0 809.829704447519
0.0 638.0 336.0 1105.0 5992.747642304825
0.0 1023.0 84.0 533.0 2155.6899890954815
0.0 323.0 497.0 1868.0 9184.775052396206
0.0 873.0 128.0 1071.0 3663.0632225476957
6.0 907.0 176.0 611.0 3247.0131343933867
1.0 612.0 245.0 1735.0 6241.093902641091
0.0 873.0 128.0 1071.0 3663.0632225476957
0.0 444.0 436.0 1553.0 7976.951672278031
0.0 495.0 305.0 2005.0 7460.854600814813
0.0 1134.0 46.0 235.0 1054.9113052714404
0.0 812.0 231.0 786.0 4196.2885084919935
0.0 810.0 233.0 786.0 4217.095935493345
0.0 801.0 237.0 812.0 4279.697118364642
0.0 156.0 560.0 2375.0 10887.529018539351
0.0 760.0 262.0 886.0 4689.957617225002
0.0 1159.0 33.0 189.0 809.829704447519
0.0 1224.0 9.0 25.0 177.78651959839
0.0 1099.0 78.0 253.0 1431.7168815785083
0.0 1174.0 40.0 103.0 683.3952750621457
1.0 1011.0 86.0 571.0 2265.620092475236
0.0 1196.0 23.0 90.0 409.6900108608179
0.0 848.0 140.0 1149.0 3897.638757655076
1.0 533.0 278.0 1986.0 7061.152581020777
0.0 1244.0 0.0 0.0 0.0
0.0 288.0 511.0 1960.0 9516.771921489042
0.0 363.0 472.0 1796.0 8757.139375085208
0.0 970.0 92.0 805.0 2674.988415974717
0.0 1141.0 50.0 195.0 963.9866814488933
0.0 347.0 363.0 2545.0 8937.947715296643
0.0 131.0 565.0 2527.0 11138.591291189383
0.0 225.0 536.0 2120.0 10180.486979547773
0.0 783.0 247.0 844.0 4452.2949796484345
0.0 783.0 247.0 844.0 4452.2949796484345
0.0 471.0 310.0 2119.0 7680.057141088545
0.0 169.0 559.0 2303.0 10745.775354745341
0.0 471.0 310.0 2119.0 7680.057141088545
0.0 584.0 354.0 1278.0 6498.670407447376
0.0 1086.0 54.0 426.0 1556.6670463057542
0.0 324.0 497.0 1864.0 9177.335808087531
0.0 997.0 126.0 457.0 2420.938858196901
0.0 771.0 177.0 1322.0 4706.182543640637
2.0 614.0 245.0 1718.0 6217.937451050546
0.0 771.0 177.0 1322.0 4706.182543640637
0.0 340.0 364.0 2595.0 9000.71338792137
0.0 813.0 157.0 1215.0 4310.023407156514
0.0 1134.0 46.0 235.0 1054.9113052714404
0.0 660.0 321.0 1068.0 5773.775106979101
0.0 658.0 231.0 1603.0 5830.782680605378
0.0 1116.0 58.0 271.0 1215.3803613718853
1.0 1067.0 62.0 459.0 1722.9711321159948
0.0 750.0 182.0 1430.0 4907.466359564874
0.0 1106.0 50.0 363.0 1310.333004939203
0.0 913.0 136.0 743.0 3251.8653990534485
0.0 856.0 202.0 713.0 3820.7537451194457
0.0 1086.0 54.0 426.0 1556.6670463057542
0.0 1106.0 50.0 363.0 1310.333004939203
0.0 813.0 157.0 1215.0 4310.023407156514
0.0 754.0 267.0 889.0 4764.346005605673
0.0 660.0 321.0 1068.0 5773.775106979101
0.0 960.0 114.0 644.0 2754.3935771054767
0.0 1086.0 54.0 426.0 1556.6670463057542
0.0 892.0 181.0 656.0 3438.2213361792874
0.0 1106.0 50.0 363.0 1310.333004939203
0.0 1106.0 50.0 363.0 1310.333004939203
0.0 754.0 267.0 889.0 4764.346005605673
0.0 425.0 321.0 2373.0 8164.625561137757
0.0 931.0 99.0 1001.0 3071.2252345361094
0.0 931.0 172.0 543.0 3155.482625769052
0.0 954.0 111.0 681.0 2820.221550304428
0.0 471.0 310.0 2119.0 7680.057141088545
0.0 902.0 149.0 732.0 3363.3424660172955
0.0 780.0 250.0 844.0 4488.8075675895125
0.0 1240.0 0.0 17.0 31.40987040697352
0.0 818.0 157.0 1172.0 4270.122028943681
0.0 341.0 364.0 2586.0 8988.73389610609
0.0 730.0 200.0 1362.0 5086.268053353722
0.0 730.0 200.0 1362.0 5086.268053353722
0.0 488.0 305.0 2058.0 7524.690546435553
0.0 632.0 340.0 1111.0 6067.275400043619
0.0 892.0 181.0 656.0 3438.2213361792874
0.0 1125.0 56.0 231.0 1143.9681010555853
0.0 472.0 418.0 1509.0 7674.032021259536
0.0 309.0 377.0 2726.0 9316.224264457951
0.0 285.0 514.0 1960.0 9558.220002493988
0.0 1136.0 45.0 231.0 1035.6199533464542
0.0 780.0 250.0 844.0 4488.8075675895125
0.0 1136.0 45.0 231.0 1035.6199533464542
0.0 633.0 340.0 1108.0 6057.71388174875
0.0 1224.0 9.0 25.0 177.78651959839
0.0 992.0 130.0 458.0 2470.784318270809
0.0 933.0 99.0 983.0 3055.7456311620863
0.0 835.0 218.0 748.0 3969.3670752694034
0.0 347.0 363.0 2545.0 8937.947715296643
0.0 1116.0 58.0 271.0 1215.3803613718853
0.0 1174.0 40.0 103.0 683.3952750621457
0.0 363.0 472.0 1796.0 8757.139375085208
1.0 613.0 245.0 1727.0 6228.200848600396
1.0 578.0 252.0 1919.0 6595.714359765769
0.0 731.0 200.0 1356.0 5072.222610316118
0.0 1209.0 18.0 52.0 293.65568832047126
1.0 578.0 253.0 1912.0 6589.899873158054
0.0 288.0 511.0 1960.0 9516.771921489042
0.0 933.0 99.0 983.0 3055.7456311620863
0.0 185.0 551.0 2264.0 10564.90452623709
0.0 444.0 436.0 1553.0 7976.951672278031
0.0 1196.0 23.0 90.0 409.6900108608179
0.0 954.0 111.0 681.0 2820.221550304428
1.0 590.0 249.0 1854.0 6466.936000571799
0.0 1223.0 10.0 25.0 184.6861361397255
0.0 1021.0 85.0 540.0 2166.7762830145566
0.0 931.0 99.0 1001.0 3071.2252345361094
1.0 612.0 245.0 1735.0 6241.093902641091
0.0 495.0 305.0 2005.0 7460.854600814813
0.0 232.0 534.0 2096.0 10091.44110820329
0.0 232.0 534.0 2096.0 10091.44110820329
0.0 835.0 218.0 748.0 3969.3670752694034
0.0 1151.0 39.0 199.0 872.7153061752911
0.0 720.0 291.0 926.0 5180.225292022319
0.0 954.0 111.0 681.0 2820.221550304428
0.0 695.0 216.0 1474.0 5389.303243264666
0.0 694.0 216.0 1481.0 5401.236621209831
0.0 232.0 534.0 2096.0 10091.44110820329
0.0 1099.0 78.0 253.0 1431.7168815785083
0.0 443.0 437.0 1553.0 7990.736224357513
0.0 658.0 231.0 1603.0 5830.782680605378
0.0 931.0 99.0 1001.0 3071.2252345361094
0.0 1099.0 78.0 253.0 1431.7168815785083
0.0 760.0 262.0 886.0 4689.957617225002
0.0 1193.0 25.0 96.0 433.4647060906816
0.0 985.0 138.0 456.0 2565.1917986374806
0.0 801.0 237.0 812.0 4279.697118364642
0.0 711.0 203.0 1493.0 5273.6945217136545
0.0 1151.0 39.0 199.0 872.7153061752911
0.0 1013.0 88.0 572.0 2239.011381172028
0.0 678.0 209.0 1686.0 5707.655884272518
0.0 952.0 112.0 686.0 2837.9193952455626
0.0 258.0 405.0 2832.0 9807.818375454943
1.0 594.0 249.0 1820.0 6430.829113215393
0.0 1045.0 72.0 520.0 1933.3895484354011
0.0 325.0 373.0 2624.0 9135.239330435114
0.0 865.0 195.0 696.0 3723.155880249155
1.0 583.0 250.0 1895.0 6552.059323651525
0.0 865.0 195.0 696.0 3723.155880249155
0.0 632.0 340.0 1111.0 6067.275400043619
0.0 932.0 99.0 994.0 3056.915265673617
0.0 892.0 181.0 656.0 3438.2213361792874
0.0 960.0 114.0 644.0 2754.3935771054767
0.0 633.0 340.0 1108.0 6057.71388174875
0.0 1244.0 0.0 0.0 0.0
0.0 1160.0 32.0 189.0 804.2643174217076
0.0 1244.0 0.0 0.0 0.0
0.0 1244.0 0.0 0.0 0.0
0.0 1244.0 0.0 0.0 0.0
0.0 985.0 138.0 456.0 2565.1917986374806
0.0 1244.0 0.0 0.0 0.0
0.0 1244.0 0.0 0.0 0.0
0.0 511.0 401.0 1390.0 7288.040353009631
0.0 717.0 294.0 926.0 5217.954629436558
0.0 946.0 162.0 511.0 3000.7842946227997
0.0 865.0 195.0 696.0 3723.155880249155
0.0 87.0 563.0 2899.0 11582.265861215781
0.0 309.0 377.0 2726.0 9316.224264457951
0.0 892.0 181.0 656.0 3438.2213361792874
0.0 729.0 200.0 1369.0 5097.2776520251855
0.0 472.0 418.0 1509.0 7674.032021259536
0.0 419.0 321.0 2414.0 8232.312783221545
0.0 691.0 312.0 967.0 5498.427472089379
0.0 185.0 551.0 2264.0 10564.90452623709
0.0 691.0 312.0 967.0 5498.427472089379
0.0 695.0 216.0 1474.0 5389.303243264666
1.0 611.0 245.0 1741.0 6251.5226874918735
0.0 511.0 401.0 1390.0 7288.040353009631
0.0 1055.0 68.0 490.0 1837.8028098115058
0.0 511.0 401.0 1390.0 7288.040353009631
0.0 997.0 126.0 457.0 2420.938858196901
0.0 676.0 209.0 1701.0 5736.334398519682
0.0 946.0 162.0 511.0 3000.7842946227997
1.0 533.0 278.0 1986.0 7061.152581020777
0.0 543.0 383.0 1329.0 6949.45330870082
1.0 533.0 278.0 1986.0 7061.152581020777
0.0 169.0 559.0 2303.0 10745.775354745341
0.0 694.0 308.0 972.0 5448.755156621956
0.0 720.0 291.0 926.0 5180.225292022319
0.0 992.0 130.0 458.0 2470.784318270809
0.0 328.0 493.0 1864.0 9124.66234852186
0.0 1023.0 84.0 533.0 2155.6899890954815
0.0 829.0 225.0 745.0 4044.582944583962
1.0 533.0 278.0 1986.0 7061.152581020777
0.0 997.0 126.0 457.0 2420.938858196901
0.0 1182.0 28.0 128.0 561.0232700814166
0.0 404.0 455.0 1656.0 8396.170187271502
0.0 819.0 157.0 1164.0 4264.63158530473
0.0 1220.0 9.0 42.0 209.1963900053635
0.0 171.0 559.0 2294.0 10725.68060630176
0.0 1055.0 68.0 490.0 1837.8028098115058
0.0 1026.0 109.0 435.0 2119.520048855308
0.0 914.0 135.0 743.0 3244.008579038001
0.0 812.0 231.0 786.0 4196.2885084919935
0.0 1220.0 9.0 42.0 209.1963900053635
0.0 418.0 321.0 2422.0 8245.205837262241
0.0 873.0 128.0 1071.0 3663.0632225476957
0.0 347.0 363.0 2545.0 8937.947715296643
0.0 594.0 351.0 1254.0 6376.241715144852
0.0 1220.0 9.0 42.0 209.1963900053635
0.0 946.0 162.0 511.0 3000.7842946227997
0.0 1244.0 0.0 0.0 0.0
0.0 1244.0 0.0 0.0 0.0
0.0 1244.0 0.0 0.0 0.0
0.0 1051.0 68.0 512.0 1876.565693070822
0.0 425.0 321.0 2373.0 8164.625561137757
0.0 566.0 370.0 1287.0 6709.327076753292
0.0 453.0 311.0 2273.0 7897.364609877951
0.0 651.0 232.0 1652.0 5889.708020656548
0.0 834.0 219.0 748.0 3979.949192388285
0.0 263.0 519.0 2029.0 9757.11451084145
0.0 1095.0 82.0 253.0 1486.3131404263972
0.0 1085.0 82.0 289.0 1592.339184087322
0.0 1051.0 68.0 512.0 1876.565693070822
0.0 903.0 148.0 732.0 3354.2761623150645
0.0 717.0 294.0 926.0 5217.954629436558
0.0 1244.0 0.0 0.0 0.0
0.0 1244.0 0.0 0.0 0.0
0.0 717.0 294.0 926.0 5217.954629436558
0.0 797.0 160.0 1302.0 4476.635123536932
0.0 543.0 383.0 1329.0 6949.45330870082
0.0 1244.0 0.0 0.0 0.0
0.0 1244.0 0.0 0.0 0.0
0.0 1244.0 0.0 0.0 0.0
0.0 848.0 140.0 1149.0 3897.638757655076
0.0 947.0 161.0 511.0 2986.699967992292
0.0 848.0 140.0 1149.0 3897.638757655076
0.0 395.0 460.0 1679.0 8481.89470344987
0.0 1018.0 84.0 564.0 2205.570582835702
0.0 797.0 160.0 1302.0 4476.635123536932
0.0 797.0 160.0 1302.0 4476.635123536932
0.0 968.0 92.0 821.0 2691.955945017591
0.0 418.0 448.0 1622.0 8263.286741964563
0.0 1244.0 0.0 0.0 0.0
0.0 1244.0 0.0 0.0 0.0
0.0 237.0 529.0 2095.0 10030.804483864393
0.0 87.0 563.0 2899.0 11582.265861215781
0.0 1125.0 56.0 231.0 1143.9681010555853
0.0 685.0 217.0 1549.0 5501.02275598614
0.0 970.0 92.0 805.0 2674.988415974717
0.0 994.0 128.0 458.0 2453.751132936709
0.0 131.0 565.0 2527.0 11138.591291189383
0.0 259.0 405.0 2823.0 9793.970814996619
0.0 657.0 330.0 1052.0 5822.612080594215
0.0 848.0 140.0 1149.0 3897.638757655076
0.0 1085.0 82.0 289.0 1592.339184087322
0.0 660.0 321.0 1068.0 5773.775106979101
0.0 748.0 278.0 863.0 4948.429789741648
0.0 259.0 405.0 2823.0 9793.970814996619
0.0 1209.0 18.0 52.0 293.65568832047126
0.0 954.0 111.0 681.0 2820.221550304428
0.0 1164.0 32.0 172.0 772.854447014734
0.0 914.0 135.0 743.0 3244.008579038001
0.0 1055.0 68.0 490.0 1837.8028098115058
0.0 258.0 405.0 2832.0 9807.818375454943
0.0 874.0 129.0 1058.0 3647.580728844062
0.0 1086.0 54.0 426.0 1556.6670463057542
0.0 519.0 394.0 1387.0 7181.691004126333
1.0 608.0 245.0 1763.0 6279.225107028799
0.0 555.0 365.0 1349.0 6789.350143731427
0.0 1240.0 0.0 17.0 31.40987040697352
0.0 1164.0 32.0 172.0 772.854447014734
0.0 1196.0 23.0 90.0 409.6900108608179
0.0 563.0 373.0 1287.0 6746.272341681939
0.0 1207.0 19.0 58.0 307.9580921575909
0.0 510.0 400.0 1399.0 7295.422961302183
0.0 970.0 92.0 805.0 2674.988415974717
0.0 537.0 383.0 1350.0 7011.369552835463
0.0 752.0 182.0 1412.0 4884.031009650948
0.0 1182.0 28.0 128.0 561.0232700814166
0.0 1182.0 28.0 128.0 561.0232700814166
0.0 1224.0 9.0 25.0 177.78651959839
0.0 96.0 562.0 2877.0 11519.626086966198
0.0 96.0 562.0 2877.0 11519.626086966198
