0.0 500.0 396.0 1461.0 7387.077071069875
0.0 945.0 95.0 929.0 2964.8095438709024
0.0 227.0 537.0 2127.0 10182.301718497529
0.0 519.0 373.0 1477.0 7154.868841999745
1.0 766.0 170.0 1441.0 4800.028602142568
2.0 767.0 169.0 1441.0 4788.377370192845
0.0 1134.0 33.0 357.0 1057.6872901155764
0.0 1062.0 60.0 491.0 1748.8424138290738
0.0 546.0 340.0 1504.0 6882.094274120965
1.0 812.0 249.0 713.0 4327.760410457539
0.0 619.0 328.0 1212.0 6252.184792076568
0.0 1008.0 121.0 445.0 2263.199663051683
0.0 319.0 487.0 1892.0 9199.05341848001
0.0 768.0 221.0 1001.0 4688.3371501540105
0.0 507.0 390.0 1457.0 7310.594614922701
0.0 451.0 328.0 2164.0 7868.759529730592
0.0 714.0 275.0 1008.0 5262.463621982643
0.0 311.0 381.0 2633.0 9294.588155587466
0.0 493.0 305.0 2099.0 7477.122091386066
0.0 226.0 537.0 2132.0 10188.670502041936
0.0 1010.0 119.0 445.0 2242.7051978193485
0.0 1171.0 27.0 153.0 688.8758503959507
0.0 953.0 95.0 876.0 2873.4768295712456
0.0 651.0 302.0 1174.0 5872.713279607278
0.0 928.0 175.0 540.0 3065.628003180837
0.0 921.0 181.0 543.0 3142.1689552789076
0.0 958.0 137.0 568.0 2726.896012860202
0.0 596.0 254.0 1823.0 6425.964813698126
0.0 921.0 181.0 543.0 3142.1689552789076
0.0 958.0 142.0 548.0 2732.5221984513146
0.0 768.0 221.0 1001.0 4688.3371501540105
0.0 1244.0 0.0 0.0 0.0
0.0 729.0 256.0 1022.0 5082.843308152491
0.0 496.0 305.0 2074.0 7442.161224236589
0.0 456.0 425.0 1530.0 7879.5806856572235
0.0 889.0 200.0 592.0 3467.638476262593
0.0 958.0 137.0 568.0 2726.896012860202
0.0 496.0 305.0 2074.0 7442.161224236589
0.0 889.0 200.0 592.0 3467.638476262593
0.0 338.0 372.0 2544.0 9036.34420539745
0.0 785.0 196.0 1062.0 4560.621835375674
1.0 1074.0 62.0 419.0 1628.8440638401262
0.0 1244.0 0.0 0.0 0.0
0.0 690.0 291.0 1045.0 5515.149262497014
0.0 270.0 513.0 2033.0 9690.485422317808
0.0 364.0 457.0 1832.0 8694.491322628377
0.0 1155.0 40.0 166.0 819.8094915182396
0.0 729.0 256.0 1022.0 5082.843308152491
0.0 850.0 135.0 1210.0 3906.7388663422753
0.0 150.0 565.0 2408.0 10945.79113159107
0.0 997.0 76.0 747.0 2406.88848490842
0.0 690.0 291.0 1045.0 5515.149262497014
0.0 1244.0 0.0 0.0 0.0
0.0 150.0 565.0 2408.0 10945.79113159107
0.0 493.0 305.0 2099.0 7477.122091386066
0.0 1244.0 0.0 0.0 0.0
0.0 1066.0 99.0 299.0 1786.3123361952923
0.0 690.0 262.0 1176.0 5478.973404122892
0.0 876.0 125.0 1103.0 3636.0501181151994
1.0 731.0 185.0 1525.0 5128.850997705182
0.0 645.0 307.0 1177.0 5951.122996907423
0.0 589.0 337.0 1325.0 6497.152211929145
0.0 546.0 368.0 1376.0 6980.843810683971
0.0 1223.0 10.0 28.0 181.99064620501673
0.0 226.0 537.0 2132.0 10188.670502041936
0.0 1208.0 18.0 58.0 301.05847561625535
0.0 751.0 241.0 992.0 4857.362102438426
1.0 812.0 249.0 713.0 4327.760410457539
0.0 578.0 348.0 1325.0 6623.6354984464615
0.0 1018.0 104.0 465.0 2155.593305698084
1.0 766.0 170.0 1441.0 4800.028602142568
0.0 470.0 414.0 1519.0 7707.953442567439
0.0 1206.0 19.0 63.0 317.56874372300746
0.0 645.0 307.0 1177.0 5951.122996907423
0.0 1073.0 62.0 429.0 1643.170920564833
0.0 309.0 381.0 2652.0 9313.374407481528
0.0 690.0 291.0 1045.0 5515.149262497014
1.0 757.0 172.0 1493.0 4885.087599381206
0.0 1208.0 18.0 58.0 301.05847561625535
0.0 645.0 230.0 1708.0 5940.597274908385
0.0 849.0 135.0 1217.0 3920.50568605048
0.0 903.0 117.0 995.0 3377.656047891189
0.0 912.0 115.0 952.0 3285.893271357235
0.0 676.0 292.0 1110.0 5631.179796752567
1.0 766.0 170.0 1441.0 4800.028602142568
0.0 816.0 190.0 941.0 4290.598483709889
0.0 1034.0 63.0 634.0 2051.057644304574
0.0 254.0 407.0 2839.0 9876.662470766356
0.0 254.0 407.0 2839.0 9876.662470766356
0.0 988.0 75.0 821.0 2511.078976482781
0.0 1244.0 0.0 0.0 0.0
0.0 316.0 494.0 1879.0 9240.486055363197
0.0 920.0 182.0 543.0 3155.441779836491
1.0 732.0 185.0 1516.0 5119.95203001367
0.0 860.0 222.0 618.0 3815.980851034791
0.0 1062.0 60.0 491.0 1748.8424138290738
0.0 1001.0 76.0 721.0 2367.929001355152
0.0 1177.0 24.0 144.0 616.4749038484752
0.0 1157.0 38.0 166.0 801.418330250718
0.0 507.0 390.0 1457.0 7310.594614922701
0.0 1129.0 49.0 252.0 1073.0330987411621
0.0 1218.0 10.0 48.0 223.49879384248314
0.0 1125.0 41.0 320.0 1152.0229918063692
0.0 904.0 167.0 667.0 3261.337805851541
0.0 453.0 328.0 2146.0 7854.45294050674
0.0 1183.0 23.0 124.0 566.12048400319
0.0 1183.0 23.0 124.0 566.12048400319
0.0 110.0 539.0 2911.0 11287.312356617367
1.0 724.0 186.0 1572.0 5203.387867671428
0.0 498.0 398.0 1461.0 7413.639658636656
0.0 947.0 160.0 525.0 2844.707768514332
0.0 1156.0 39.0 166.0 808.3179467920535
0.0 375.0 358.0 2394.0 8649.238224294026
0.0 1092.0 88.0 231.0 1507.858063835145
0.0 912.0 115.0 952.0 3285.893271357235
0.0 402.0 442.0 1732.0 8357.481404094264
0.0 583.0 256.0 1913.0 6565.9290124248155
0.0 957.0 142.0 551.0 2742.6204756818074
0.0 628.0 233.0 1815.0 6136.401261536973
0.0 498.0 398.0 1461.0 7413.639658636656
0.0 948.0 160.0 522.0 2834.6094912838394
0.0 596.0 254.0 1823.0 6425.964813698126
0.0 578.0 258.0 1939.0 6612.624564074403
0.0 645.0 230.0 1708.0 5940.597274908385
0.0 816.0 190.0 941.0 4290.598483709889
0.0 714.0 275.0 1008.0 5262.463621982643
0.0 261.0 520.0 2046.0 9790.046846557345
0.0 583.0 256.0 1913.0 6565.9290124248155
0.0 177.0 561.0 2282.0 10697.159706304597
0.0 402.0 442.0 1732.0 8357.481404094264
0.0 578.0 258.0 1939.0 6612.624564074403
0.0 1063.0 60.0 483.0 1740.508168418975
0.0 999.0 127.0 452.0 2372.359953442613
0.0 908.0 115.0 980.0 3328.574185195668
0.0 1244.0 0.0 0.0 0.0
0.0 319.0 487.0 1892.0 9199.05341848001
0.0 1040.0 64.0 583.0 1976.9981375369673
0.0 1171.0 27.0 153.0 688.8758503959507
0.0 691.0 261.0 1176.0 5471.537780074528
0.0 1177.0 24.0 144.0 616.4749038484752
0.0 943.0 95.0 947.0 2982.818513988128
0.0 569.0 355.0 1331.0 6727.360457730107
0.0 570.0 354.0 1331.0 6715.391426307593
0.0 510.0 305.0 1954.0 7308.326930641409
0.0 510.0 305.0 1954.0 7308.326930641409
0.0 1039.0 64.0 592.0 1982.682569188126
0.0 397.0 448.0 1729.0 8431.374246312544
0.0 569.0 355.0 1331.0 6727.360457730107
1.0 724.0 186.0 1572.0 5203.387867671428
0.0 849.0 228.0 641.0 3948.2107462410922
0.0 1063.0 60.0 483.0 1740.508168418975
0.0 670.0 220.0 1636.0 5732.386047008956
0.0 886.0 125.0 1024.0 3547.6613775711967
0.0 348.0 473.0 1831.0 8919.914929108581
0.0 1240.0 0.0 17.0 31.40987040697352
0.0 310.0 381.0 2643.0 9300.770564406634
0.0 817.0 185.0 966.0 4275.170317477577
0.0 991.0 75.0 797.0 2474.0314651830117
0.0 1041.0 64.0 577.0 1966.5693526861842
0.0 461.0 422.0 1521.0 7821.95626355385
0.0 338.0 372.0 2544.0 9036.34420539745
0.0 255.0 407.0 2830.0 9864.68297895108
0.0 990.0 75.0 803.0 2488.0769082206148
0.0 1240.0 0.0 17.0 31.40987040697352
0.0 1164.0 36.0 146.0 739.0648376605656
0.0 177.0 561.0 2282.0 10697.159706304597
0.0 1155.0 40.0 166.0 819.8094915182396
0.0 596.0 254.0 1823.0 6425.964813698126
0.0 1156.0 39.0 166.0 808.3179467920535
0.0 1124.0 41.0 327.0 1158.4751623876832
0.0 546.0 340.0 1504.0 6882.094274120965
0.0 620.0 327.0 1212.0 6237.648118561713
0.0 311.0 383.0 2619.0 9272.32845501096
0.0 449.0 427.0 1557.0 7951.006378912919
0.0 904.0 166.0 672.0 3263.3568953473327
0.0 1103.0 84.0 198.0 1421.9089506621115
0.0 400.0 350.0 2287.0 8404.547194372744
0.0 432.0 329.0 2311.0 8082.569160431875
0.0 87.0 562.0 2911.0 11580.544969345294
0.0 348.0 473.0 1831.0 8919.914929108581
0.0 87.0 562.0 2911.0 11580.544969345294
0.0 1063.0 60.0 483.0 1740.508168418975
0.0 988.0 75.0 821.0 2511.078976482781
0.0 432.0 329.0 2311.0 8082.569160431875
0.0 1222.0 10.0 31.0 192.08892343550963
0.0 372.0 359.0 2410.0 8682.450701173857
0.0 770.0 219.0 1001.0 4676.342035605088
0.0 990.0 75.0 803.0 2488.0769082206148
0.0 667.0 220.0 1661.0 5756.599696986579
0.0 881.0 206.0 598.0 3562.4564538463055
0.0 850.0 228.0 636.0 3942.3530224387023
0.0 888.0 201.0 592.0 3479.0493973440653
0.0 448.0 427.0 1562.0 7957.375162457326
0.0 1079.0 100.0 247.0 1648.776663329891
0.0 1189.0 21.0 114.0 512.9423611226914
0.0 1103.0 84.0 198.0 1421.9089506621115
0.0 363.0 458.0 1832.0 8707.226732101191
0.0 1017.0 105.0 465.0 2164.5286884498723
0.0 874.0 125.0 1122.0 3647.1798074545313
0.0 785.0 196.0 1062.0 4560.621835375674
0.0 546.0 368.0 1376.0 6980.843810683971
0.0 645.0 230.0 1708.0 5940.597274908385
0.0 1189.0 21.0 114.0 512.9423611226914
0.0 905.0 166.0 667.0 3254.5156791479803
0.0 652.0 301.0 1174.0 5861.221734881093
0.0 313.0 496.0 1884.0 9269.771598176618
0.0 1223.0 10.0 28.0 181.99064620501673
0.0 651.0 302.0 1174.0 5872.713279607278
0.0 1120.0 69.0 189.0 1216.666812201185
0.0 1041.0 64.0 577.0 1966.5693526861842
0.0 1134.0 33.0 357.0 1057.6872901155764
0.0 1073.0 62.0 429.0 1643.170920564833
0.0 546.0 368.0 1376.0 6980.843810683971
0.0 750.0 242.0 992.0 4868.741305256744
1.0 811.0 250.0 713.0 4342.158230517844
0.0 272.0 404.0 2715.0 9670.561538936268
1.0 811.0 250.0 713.0 4342.158230517844
0.0 620.0 327.0 1212.0 6237.648118561713
0.0 875.0 125.0 1112.0 3641.734549766358
0.0 874.0 125.0 1122.0 3647.1798074545313
0.0 228.0 536.0 2128.0 10161.601825294338
0.0 969.0 135.0 536.0 2624.048494193716
0.0 1034.0 63.0 634.0 2051.057644304574
0.0 844.0 133.0 1290.0 3982.9759766255547
1.0 811.0 250.0 713.0 4342.158230517844
0.0 1030.0 63.0 665.0 2096.3954704283005
0.0 1146.0 46.0 191.0 893.8298518817488
1.0 811.0 250.0 713.0 4342.158230517844
0.0 715.0 274.0 1008.0 5254.398145720913
0.0 148.0 565.0 2422.0 10957.81134851095
0.0 715.0 274.0 1008.0 5254.398145720913
0.0 1001.0 76.0 721.0 2367.929001355152
0.0 669.0 220.0 1643.0 5742.2983837567535
0.0 945.0 95.0 929.0 2964.8095438709024
0.0 844.0 133.0 1290.0 3982.9759766255547
0.0 998.0 128.0 452.0 2386.4442800731204
0.0 1217.0 11.0 48.0 230.39841038381869
0.0 845.0 133.0 1281.0 3969.0997454675144
0.0 1218.0 10.0 48.0 223.49879384248314
0.0 868.0 214.0 617.0 3714.9094013122394
0.0 632.0 233.0 1779.0 6091.938434686882
0.0 456.0 425.0 1530.0 7879.5806856572235
0.0 785.0 196.0 1062.0 4560.621835375674
0.0 109.0 540.0 2911.0 11299.49430863021
0.0 944.0 95.0 938.0 2970.493975522061
0.0 1018.0 104.0 465.0 2155.593305698084
0.0 313.0 496.0 1884.0 9269.771598176618
0.0 1107.0 81.0 195.0 1371.4354605840279
0.0 1015.0 107.0 465.0 2184.9237284806795
0.0 1091.0 89.0 231.0 1522.5977950390443
0.0 970.0 134.0 536.0 2615.6991024618774
0.0 866.0 216.0 617.0 3741.9008171857536
0.0 446.0 328.0 2206.0 7925.069010662327
0.0 400.0 350.0 2287.0 8404.547194372744
0.0 645.0 230.0 1708.0 5940.597274908385
0.0 953.0 95.0 876.0 2873.4768295712456
0.0 1091.0 89.0 231.0 1522.5977950390443
1.0 724.0 186.0 1572.0 5203.387867671428
1.0 757.0 172.0 1493.0 4885.087599381206
0.0 1129.0 49.0 252.0 1073.0330987411621
0.0 1222.0 10.0 31.0 192.08892343550963
0.0 270.0 513.0 2033.0 9690.485422317808
0.0 619.0 328.0 1212.0 6252.184792076568
0.0 881.0 206.0 598.0 3562.4564538463055
0.0 252.0 409.0 2839.0 9890.236940941912
0.0 1107.0 81.0 195.0 1371.4354605840279
0.0 1008.0 121.0 445.0 2263.199663051683
0.0 1123.0 41.0 337.0 1163.9204200758566
0.0 1066.0 99.0 299.0 1786.3123361952923
0.0 1079.0 100.0 247.0 1648.776663329891
0.0 1129.0 49.0 252.0 1073.0330987411621
0.0 1244.0 0.0 0.0 0.0
0.0 1177.0 24.0 144.0 616.4749038484752
0.0 844.0 133.0 1290.0 3982.9759766255547
0.0 393.0 350.0 2345.0 8470.608923514677
0.0 173.0 562.0 2298.0 10730.16385890931
0.0 1206.0 19.0 63.0 317.56874372300746
0.0 904.0 166.0 672.0 3263.3568953473327
0.0 1110.0 73.0 215.0 1315.2405093694715
0.0 817.0 185.0 966.0 4275.170317477577
0.0 765.0 212.0 1062.0 4740.743298507595
0.0 856.0 226.0 618.0 3874.8665271254054
0.0 948.0 160.0 522.0 2834.6094912838394
0.0 856.0 226.0 618.0 3874.8665271254054
0.0 850.0 135.0 1210.0 3906.7388663422753
0.0 1244.0 0.0 0.0 0.0
0.0 1244.0 0.0 0.0 0.0
0.0 1120.0 69.0 189.0 1216.666812201185
0.0 948.0 160.0 522.0 2834.6094912838394
0.0 1244.0 0.0 0.0 0.0
0.0 1244.0 0.0 0.0 0.0
0.0 1244.0 0.0 0.0 0.0
0.0 1244.0 0.0 0.0 0.0
0.0 1244.0 0.0 0.0 0.0
0.0 1244.0 0.0 0.0 0.0
0.0 1244.0 0.0 0.0 0.0
0.0 1244.0 0.0 0.0 0.0
0.0 886.0 125.0 1024.0 3547.6613775711967
0.0 96.0 562.0 2877.0 11519.626086966198
0.0 96.0 562.0 2877.0 11519.626086966198
