0.0 39.0 60691.0 0.6232232072353339 210.0 6.5210543E7 628.0 74.0
0.0 27.0 127303.0 1.676035123622978 101.0 3.5068957E7 1427.0 231.0
0.0 32.0 79482.0 1.48492432401601 204.0 4.7645294E7 1111.0 110.0
0.0 15.0 255842.0 3.109031161138108 34.0 1.1105824E7 2243.0 251.0
0.0 27.0 133048.0 2.7088933374587074 135.0 3.5721707E7 1344.0 121.0
0.0 24.0 94004.0 1.1756626162642332 209.0 4.4178049E7 1533.0 233.0
0.0 22.0 134626.0 2.8312206203123065 99.0 2.3879426E7 1746.0 172.0
0.0 20.0 148010.0 3.264239109950708 102.0 2.3656325E7 1819.0 220.0
0.0 13.0 220039.0 3.8507078476489536 15.0 4789337.0 2542.0 327.0
0.0 19.0 153512.0 2.3504006489375002 89.0 1.8251728E7 1858.0 312.0
0.0 25.0 144124.0 3.6118184326726643 115.0 2.4851524E7 1537.0 117.0
0.0 22.0 195018.0 1.906535001383884 103.0 2.8079116E7 1797.0 191.0
0.0 22.0 195018.0 1.906535001383884 103.0 2.8079116E7 1797.0 191.0
0.0 34.0 64740.0 2.308162829017061 185.0 4.8080184E7 960.0 76.0
0.0 24.0 106064.0 1.0080832450180737 183.0 3.9223179E7 1494.0 176.0
0.0 16.0 220901.0 3.12221927326239 26.0 1.6468141E7 2198.0 262.0
0.0 39.0 60691.0 0.6232232072353339 210.0 6.5210543E7 628.0 74.0
0.0 16.0 226579.0 2.8881638254672475 35.0 1.6929861E7 2148.0 312.0
0.0 32.0 79482.0 1.48492432401601 204.0 4.7645294E7 1111.0 110.0
0.0 41.0 83311.0 0.07827211983942475 286.0 8.0368097E7 319.0 40.0
0.0 20.0 195168.0 3.0569488689818556 34.0 1.7794832E7 1970.0 237.0
0.0 19.0 254540.0 2.9811367441334595 42.0 1.1916451E7 2060.0 220.0
0.0 13.0 220039.0 3.8507078476489536 15.0 4789337.0 2542.0 327.0
0.0 20.0 195168.0 3.0569488689818556 34.0 1.7794832E7 1970.0 237.0
0.0 32.0 79482.0 1.48492432401601 204.0 4.7645294E7 1111.0 110.0
0.0 23.0 190118.0 2.892721449617147 51.0 1.3830513E7 1830.0 303.0
0.0 29.0 147392.0 1.3954644163186483 133.0 4.640038E7 1123.0 155.0
0.0 32.0 79482.0 1.48492432401601 204.0 4.7645294E7 1111.0 110.0
0.0 11.0 269010.0 3.351356734741414 29.0 1.3573017E7 2549.0 263.0
0.0 37.0 43660.0 0.5916475603218903 290.0 6.9094821E7 621.0 97.0
0.0 20.0 195168.0 3.0569488689818556 34.0 1.7794832E7 1970.0 237.0
0.0 27.0 127303.0 1.676035123622978 101.0 3.5068957E7 1427.0 231.0
0.0 32.0 118285.0 0.7304226123144402 228.0 6.2571545E7 920.0 110.0
0.0 25.0 129419.0 1.778589041364938 141.0 3.5145724E7 1483.0 168.0
0.0 22.0 134626.0 2.8312206203123065 99.0 2.3879426E7 1746.0 172.0
0.0 37.0 43660.0 0.5916475603218903 290.0 6.9094821E7 621.0 97.0
0.0 18.0 182061.0 2.0802493089589356 115.0 2.3194027E7 1806.0 370.0
0.0 21.0 133050.0 2.0662668923100096 100.0 2.7901662E7 1860.0 207.0
0.0 17.0 211614.0 4.168737673669874 33.0 1.1572273E7 2239.0 239.0
0.0 17.0 211614.0 4.168737673669874 33.0 1.1572273E7 2239.0 239.0
0.0 39.0 60691.0 0.6232232072353339 210.0 6.5210543E7 628.0 74.0
0.0 14.0 186966.0 3.1394745703139524 120.0 2.9701891E7 2329.0 247.0
0.0 27.0 135581.0 1.5235183609246818 180.0 4.0763988E7 1278.0 131.0
0.0 23.0 140123.0 1.9748550331417656 112.0 3.4074899E7 1590.0 290.0
0.0 23.0 140123.0 1.9748550331417656 112.0 3.4074899E7 1590.0 290.0
0.0 32.0 53278.0 1.7942333913319328 226.0 6.6435621E7 855.0 122.0
0.0 20.0 161169.0 2.443933706111112 96.0 3.822231E7 1654.0 312.0
0.0 22.0 195018.0 1.906535001383884 103.0 2.8079116E7 1797.0 191.0
0.0 22.0 155884.0 0.7085803778941684 207.0 5.3759968E7 1324.0 253.0
0.0 27.0 127303.0 1.676035123622978 101.0 3.5068957E7 1427.0 231.0
0.0 32.0 73526.0 0.6522348208228694 265.0 6.7712381E7 833.0 290.0
0.0 24.0 106064.0 1.0080832450180737 183.0 3.9223179E7 1494.0 176.0
0.0 11.0 269010.0 3.351356734741414 29.0 1.3573017E7 2549.0 263.0
0.0 27.0 135581.0 1.5235183609246818 180.0 4.0763988E7 1278.0 131.0
0.0 40.0 81284.0 0.12710240579093038 311.0 8.4997547E7 253.0 126.0
0.0 25.0 129419.0 1.778589041364938 141.0 3.5145724E7 1483.0 168.0
0.0 11.0 269010.0 3.351356734741414 29.0 1.3573017E7 2549.0 263.0
0.0 22.0 195018.0 1.906535001383884 103.0 2.8079116E7 1797.0 191.0
0.0 37.0 95377.0 0.3867855263865503 276.0 7.8583516E7 492.0 108.0
0.0 25.0 129419.0 1.778589041364938 141.0 3.5145724E7 1483.0 168.0
0.0 37.0 43660.0 0.5916475603218903 290.0 6.9094821E7 621.0 97.0
0.0 31.0 140121.0 0.700037865445341 198.0 5.727169E7 971.0 205.0
0.0 24.0 106064.0 1.0080832450180737 183.0 3.9223179E7 1494.0 176.0
0.0 35.0 82298.0 1.1739807872660215 274.0 6.8406744E7 707.0 68.0
0.0 25.0 127782.0 2.5988693934078353 123.0 2.5844705E7 1578.0 209.0
0.0 34.0 95145.0 1.1140729531646392 268.0 5.8130159E7 856.0 62.0
0.0 32.0 72899.0 0.7760747318047878 256.0 6.254104E7 895.0 229.0
0.0 22.0 244642.0 2.34622478299199 59.0 2.7695026E7 1778.0 212.0
0.0 37.0 43660.0 0.5916475603218903 290.0 6.9094821E7 621.0 97.0
0.0 20.0 195168.0 3.0569488689818556 34.0 1.7794832E7 1970.0 237.0
0.0 24.0 106064.0 1.0080832450180737 183.0 3.9223179E7 1494.0 176.0
0.0 20.0 195168.0 3.0569488689818556 34.0 1.7794832E7 1970.0 237.0
0.0 22.0 134626.0 2.8312206203123065 99.0 2.3879426E7 1746.0 172.0
0.0 26.0 105886.0 1.7697410169110381 138.0 3.5630313E7 1361.0 235.0
0.0 34.0 64740.0 2.308162829017061 185.0 4.8080184E7 960.0 76.0
0.0 24.0 106064.0 1.0080832450180737 183.0 3.9223179E7 1494.0 176.0
0.0 20.0 195168.0 3.0569488689818556 34.0 1.7794832E7 1970.0 237.0
0.0 19.0 201266.0 3.085594974328463 21.0 2.1794784E7 2088.0 265.0
0.0 28.0 115042.0 1.7102147502640286 143.0 4.0693809E7 1248.0 171.0
0.0 27.0 127303.0 1.676035123622978 101.0 3.5068957E7 1427.0 231.0
0.0 20.0 195168.0 3.0569488689818556 34.0 1.7794832E7 1970.0 237.0
0.0 34.0 50279.0 0.9076336411512309 306.0 6.8016699E7 754.0 170.0
0.0 38.0 53299.0 0.6822084666436499 249.0 7.4934609E7 521.0 162.0
0.0 16.0 220901.0 3.12221927326239 26.0 1.6468141E7 2198.0 262.0
0.0 26.0 105886.0 1.7697410169110381 138.0 3.5630313E7 1361.0 235.0
0.0 15.0 255842.0 3.109031161138108 34.0 1.1105824E7 2243.0 251.0
0.0 27.0 153754.0 2.770775875298838 55.0 2.0232844E7 1683.0 145.0
0.0 39.0 60691.0 0.6232232072353339 210.0 6.5210543E7 628.0 74.0
0.0 29.0 108936.0 1.2481965134314266 143.0 5.1053019E7 1131.0 263.0
0.0 33.0 82533.0 0.8333002667315752 212.0 6.750275E7 784.0 215.0
0.0 15.0 255842.0 3.109031161138108 34.0 1.1105824E7 2243.0 251.0
0.0 11.0 269010.0 3.351356734741414 29.0 1.3573017E7 2549.0 263.0
0.0 42.0 28563.0 0.047619047619047616 339.0 9.5574759E7 135.0 142.0
0.0 13.0 220039.0 3.8507078476489536 15.0 4789337.0 2542.0 327.0
0.0 32.0 53278.0 1.7942333913319328 226.0 6.6435621E7 855.0 122.0
0.0 22.0 244026.0 1.9832428350479374 48.0 2.3582149E7 1948.0 285.0
0.0 11.0 212540.0 3.779081464518706 109.0 1.3997982E7 2517.0 296.0
0.0 16.0 226579.0 2.8881638254672475 35.0 1.6929861E7 2148.0 312.0
0.0 24.0 106064.0 1.0080832450180737 183.0 3.9223179E7 1494.0 176.0
0.0 29.0 125963.0 1.704442744492023 118.0 4.1201251E7 1271.0 187.0
0.0 21.0 131729.0 3.182121550926004 117.0 3.2714004E7 1666.0 191.0
0.0 39.0 79538.0 0.3287959704495566 301.0 8.0125329E7 458.0 58.0
0.0 17.0 211614.0 4.168737673669874 33.0 1.1572273E7 2239.0 239.0
0.0 22.0 195018.0 1.906535001383884 103.0 2.8079116E7 1797.0 191.0
0.0 25.0 129419.0 1.778589041364938 141.0 3.5145724E7 1483.0 168.0
0.0 36.0 107954.0 0.6018025337787005 247.0 7.4068552E7 588.0 115.0
0.0 20.0 195168.0 3.0569488689818556 34.0 1.7794832E7 1970.0 237.0
0.0 30.0 95044.0 1.7151361446591071 177.0 4.64215E7 1121.0 144.0
0.0 22.0 195018.0 1.906535001383884 103.0 2.8079116E7 1797.0 191.0
0.0 38.0 30066.0 1.331707575325641 297.0 7.3944756E7 654.0 40.0
0.0 42.0 22820.0 0.8669172932330826 336.0 8.602911E7 291.0 71.0
0.0 25.0 129419.0 1.778589041364938 141.0 3.5145724E7 1483.0 168.0
0.0 26.0 105886.0 1.7697410169110381 138.0 3.5630313E7 1361.0 235.0
0.0 28.0 115042.0 1.7102147502640286 143.0 4.0693809E7 1248.0 171.0
0.0 9.0 240491.0 4.92770082076292 18.0 7740675.0 2783.0 310.0
0.0 29.0 125963.0 1.704442744492023 118.0 4.1201251E7 1271.0 187.0
0.0 23.0 140123.0 1.9748550331417656 112.0 3.4074899E7 1590.0 290.0
0.0 37.0 52477.0 0.9024674999918809 265.0 7.3775153E7 616.0 114.0
0.0 9.0 266672.0 3.283451047576814 15.0 9191681.0 2584.0 494.0
0.0 20.0 195168.0 3.0569488689818556 34.0 1.7794832E7 1970.0 237.0
0.0 9.0 266672.0 3.283451047576814 15.0 9191681.0 2584.0 494.0
0.0 37.0 89594.0 0.9561941977615027 275.0 6.4345253E7 657.0 59.0
0.0 24.0 106064.0 1.0080832450180737 183.0 3.9223179E7 1494.0 176.0
0.0 35.0 80665.0 0.6488898328156782 231.0 7.3437379E7 586.0 224.0
0.0 24.0 106064.0 1.0080832450180737 183.0 3.9223179E7 1494.0 176.0
0.0 28.0 164093.0 1.4165170478975957 123.0 4.6007675E7 1136.0 177.0
0.0 36.0 64367.0 0.7017413573851322 243.0 6.8714022E7 674.0 224.0
0.0 27.0 127303.0 1.676035123622978 101.0 3.5068957E7 1427.0 231.0
0.0 32.0 79482.0 1.48492432401601 204.0 4.7645294E7 1111.0 110.0
0.0 32.0 53278.0 1.7942333913319328 226.0 6.6435621E7 855.0 122.0
0.0 28.0 164093.0 1.4165170478975957 123.0 4.6007675E7 1136.0 177.0
0.0 15.0 225000.0 3.3773235235670365 15.0 1.5644514E7 2344.0 294.0
0.0 36.0 130855.0 0.680366064378191 210.0 5.9400185E7 761.0 172.0
0.0 26.0 105886.0 1.7697410169110381 138.0 3.5630313E7 1361.0 235.0
0.0 29.0 61458.0 2.4819588713462744 220.0 5.594318E7 1087.0 139.0
0.0 22.0 134626.0 2.8312206203123065 99.0 2.3879426E7 1746.0 172.0
0.0 32.0 72899.0 0.7760747318047878 256.0 6.254104E7 895.0 229.0
0.0 9.0 266672.0 3.283451047576814 15.0 9191681.0 2584.0 494.0
0.0 28.0 164093.0 1.4165170478975957 123.0 4.6007675E7 1136.0 177.0
0.0 29.0 125963.0 1.704442744492023 118.0 4.1201251E7 1271.0 187.0
0.0 39.0 60691.0 0.6232232072353339 210.0 6.5210543E7 628.0 74.0
0.0 24.0 112482.0 3.6748271857454973 102.0 2.3582987E7 1658.0 148.0
0.0 22.0 134626.0 2.8312206203123065 99.0 2.3879426E7 1746.0 172.0
0.0 29.0 61458.0 2.4819588713462744 220.0 5.594318E7 1087.0 139.0
0.0 37.0 43660.0 0.5916475603218903 290.0 6.9094821E7 621.0 97.0
0.0 36.0 64367.0 0.7017413573851322 243.0 6.8714022E7 674.0 224.0
0.0 24.0 106064.0 1.0080832450180737 183.0 3.9223179E7 1494.0 176.0
0.0 19.0 153512.0 2.3504006489375002 89.0 1.8251728E7 1858.0 312.0
0.0 31.0 94493.0 1.5151361446591072 178.0 5.1681025E7 1027.0 144.0
0.0 22.0 134626.0 2.8312206203123065 99.0 2.3879426E7 1746.0 172.0
0.0 24.0 106064.0 1.0080832450180737 183.0 3.9223179E7 1494.0 176.0
0.0 19.0 254540.0 2.9811367441334595 42.0 1.1916451E7 2060.0 220.0
0.0 33.0 76854.0 2.331352826991003 164.0 6.1728313E7 925.0 107.0
0.0 9.0 266672.0 3.283451047576814 15.0 9191681.0 2584.0 494.0
0.0 36.0 64367.0 0.7017413573851322 243.0 6.8714022E7 674.0 224.0
0.0 29.0 61458.0 2.4819588713462744 220.0 5.594318E7 1087.0 139.0
0.0 12.0 232676.0 3.4192844309511807 15.0 9779408.0 2569.0 335.0
0.0 14.0 186966.0 3.1394745703139524 120.0 2.9701891E7 2329.0 247.0
0.0 22.0 134626.0 2.8312206203123065 99.0 2.3879426E7 1746.0 172.0
0.0 25.0 129419.0 1.778589041364938 141.0 3.5145724E7 1483.0 168.0
0.0 28.0 92147.0 2.5512705984406194 121.0 3.1260827E7 1373.0 136.0
0.0 35.0 82298.0 1.1739807872660215 274.0 6.8406744E7 707.0 68.0
0.0 30.0 95380.0 2.5571654603726337 153.0 4.085862E7 1349.0 121.0
0.0 22.0 244026.0 1.9832428350479374 48.0 2.3582149E7 1948.0 285.0
0.0 9.0 252563.0 4.080081773143872 19.0 3005719.0 2774.0 343.0
0.0 22.0 134626.0 2.8312206203123065 99.0 2.3879426E7 1746.0 172.0
0.0 32.0 79482.0 1.48492432401601 204.0 4.7645294E7 1111.0 110.0
0.0 24.0 106064.0 1.0080832450180737 183.0 3.9223179E7 1494.0 176.0
0.0 23.0 140123.0 1.9748550331417656 112.0 3.4074899E7 1590.0 290.0
0.0 23.0 132758.0 2.9532799745234874 99.0 2.4269148E7 1656.0 200.0
0.0 15.0 255842.0 3.109031161138108 34.0 1.1105824E7 2243.0 251.0
0.0 20.0 148010.0 3.264239109950708 102.0 2.3656325E7 1819.0 220.0
0.0 13.0 220039.0 3.8507078476489536 15.0 4789337.0 2542.0 327.0
0.0 38.0 53299.0 0.6822084666436499 249.0 7.4934609E7 521.0 162.0
0.0 31.0 100048.0 1.7273954751558918 157.0 4.1864816E7 1237.0 145.0
0.0 28.0 102914.0 1.0618889100595248 182.0 4.1277394E7 1333.0 207.0
0.0 12.0 232676.0 3.4192844309511807 15.0 9779408.0 2569.0 335.0
0.0 24.0 106064.0 1.0080832450180737 183.0 3.9223179E7 1494.0 176.0
0.0 39.0 60691.0 0.6232232072353339 210.0 6.5210543E7 628.0 74.0
0.0 39.0 64442.0 0.5285453438831407 249.0 7.9860969E7 435.0 174.0
0.0 22.0 195018.0 1.906535001383884 103.0 2.8079116E7 1797.0 191.0
0.0 28.0 164093.0 1.4165170478975957 123.0 4.6007675E7 1136.0 177.0
0.0 35.0 64189.0 2.108162829017061 186.0 5.3339709E7 866.0 76.0
0.0 5.0 286515.0 4.984843677905777 68.0 6625466.0 2892.0 391.0
0.0 35.0 64189.0 2.108162829017061 186.0 5.3339709E7 866.0 76.0
0.0 28.0 164093.0 1.4165170478975957 123.0 4.6007675E7 1136.0 177.0
0.0 22.0 134626.0 2.8312206203123065 99.0 2.3879426E7 1746.0 172.0
0.0 30.0 69607.0 0.648389570199593 195.0 4.0913839E7 1246.0 94.0
0.0 34.0 64740.0 2.308162829017061 185.0 4.8080184E7 960.0 76.0
0.0 35.0 64189.0 2.108162829017061 186.0 5.3339709E7 866.0 76.0
0.0 15.0 225000.0 3.3773235235670365 15.0 1.5644514E7 2344.0 294.0
0.0 32.0 79482.0 1.48492432401601 204.0 4.7645294E7 1111.0 110.0
0.0 23.0 190118.0 2.892721449617147 51.0 1.3830513E7 1830.0 303.0
0.0 20.0 195168.0 3.0569488689818556 34.0 1.7794832E7 1970.0 237.0
0.0 16.0 220901.0 3.12221927326239 26.0 1.6468141E7 2198.0 262.0
0.0 41.0 32562.0 0.7059158232180995 307.0 8.0214085E7 406.0 95.0
0.0 32.0 79482.0 1.48492432401601 204.0 4.7645294E7 1111.0 110.0
0.0 27.0 135581.0 1.5235183609246818 180.0 4.0763988E7 1278.0 131.0
0.0 27.0 127303.0 1.676035123622978 101.0 3.5068957E7 1427.0 231.0
0.0 37.0 43660.0 0.5916475603218903 290.0 6.9094821E7 621.0 97.0
0.0 12.0 232676.0 3.4192844309511807 15.0 9779408.0 2569.0 335.0
0.0 24.0 106064.0 1.0080832450180737 183.0 3.9223179E7 1494.0 176.0
0.0 9.0 240491.0 4.92770082076292 18.0 7740675.0 2783.0 310.0
0.0 32.0 79482.0 1.48492432401601 204.0 4.7645294E7 1111.0 110.0
0.0 39.0 60691.0 0.6232232072353339 210.0 6.5210543E7 628.0 74.0
0.0 15.0 255842.0 3.109031161138108 34.0 1.1105824E7 2243.0 251.0
0.0 22.0 195018.0 1.906535001383884 103.0 2.8079116E7 1797.0 191.0
0.0 25.0 127782.0 2.5988693934078353 123.0 2.5844705E7 1578.0 209.0
0.0 16.0 226579.0 2.8881638254672475 35.0 1.6929861E7 2148.0 312.0
0.0 10.0 227975.0 3.976273678263009 21.0 9036780.0 2619.0 337.0
0.0 41.0 32562.0 0.7059158232180995 307.0 8.0214085E7 406.0 95.0
0.0 39.0 98983.0 1.1164643746700496 229.0 7.0015457E7 537.0 60.0
0.0 12.0 232676.0 3.4192844309511807 15.0 9779408.0 2569.0 335.0
0.0 35.0 64189.0 2.108162829017061 186.0 5.3339709E7 866.0 76.0
0.0 11.0 212540.0 3.779081464518706 109.0 1.3997982E7 2517.0 296.0
0.0 31.0 100048.0 1.7273954751558918 157.0 4.1864816E7 1237.0 145.0
0.0 9.0 266672.0 3.283451047576814 15.0 9191681.0 2584.0 494.0
0.0 11.0 214726.0 3.320317806178105 83.0 2.8851046E7 2351.0 322.0
0.0 25.0 179283.0 1.7641675409547235 66.0 3.8511988E7 1729.0 280.0
0.0 30.0 79735.0 2.268515317210912 159.0 5.5575591E7 1260.0 135.0
0.0 39.0 98983.0 1.1164643746700496 229.0 7.0015457E7 537.0 60.0
0.0 28.0 92147.0 2.5512705984406194 121.0 3.1260827E7 1373.0 136.0
0.0 34.0 94650.0 0.8419443238176068 207.0 6.8078344E7 735.0 262.0
0.0 25.0 179283.0 1.7641675409547235 66.0 3.8511988E7 1729.0 280.0
0.0 28.0 164093.0 1.4165170478975957 123.0 4.6007675E7 1136.0 177.0
0.0 35.0 64189.0 2.108162829017061 186.0 5.3339709E7 866.0 76.0
0.0 12.0 232676.0 3.4192844309511807 15.0 9779408.0 2569.0 335.0
0.0 20.0 195168.0 3.0569488689818556 34.0 1.7794832E7 1970.0 237.0
0.0 24.0 106064.0 1.0080832450180737 183.0 3.9223179E7 1494.0 176.0
0.0 20.0 161169.0 2.443933706111112 96.0 3.822231E7 1654.0 312.0
0.0 24.0 106064.0 1.0080832450180737 183.0 3.9223179E7 1494.0 176.0
0.0 22.0 244026.0 1.9832428350479374 48.0 2.3582149E7 1948.0 285.0
0.0 28.0 102914.0 1.0618889100595248 182.0 4.1277394E7 1333.0 207.0
0.0 24.0 189246.0 2.6939588326923216 31.0 2.3631621E7 1906.0 175.0
0.0 20.0 195168.0 3.0569488689818556 34.0 1.7794832E7 1970.0 237.0
0.0 37.0 37198.0 0.5389020684026162 298.0 7.3712911E7 620.0 92.0
0.0 22.0 134626.0 2.8312206203123065 99.0 2.3879426E7 1746.0 172.0
0.0 35.0 64189.0 2.108162829017061 186.0 5.3339709E7 866.0 76.0
0.0 41.0 32562.0 0.7059158232180995 307.0 8.0214085E7 406.0 95.0
0.0 13.0 220039.0 3.8507078476489536 15.0 4789337.0 2542.0 327.0
0.0 35.0 80665.0 0.6488898328156782 231.0 7.3437379E7 586.0 224.0
0.0 10.0 227975.0 3.976273678263009 21.0 9036780.0 2619.0 337.0
0.0 24.0 112482.0 3.6748271857454973 102.0 2.3582987E7 1658.0 148.0
0.0 27.0 135581.0 1.5235183609246818 180.0 4.0763988E7 1278.0 131.0
0.0 29.0 61458.0 2.4819588713462744 220.0 5.594318E7 1087.0 139.0
0.0 36.0 59610.0 0.7989635123350278 246.0 7.8417482E7 561.0 134.0
0.0 26.0 105886.0 1.7697410169110381 138.0 3.5630313E7 1361.0 235.0
0.0 10.0 227975.0 3.976273678263009 21.0 9036780.0 2619.0 337.0
0.0 20.0 161169.0 2.443933706111112 96.0 3.822231E7 1654.0 312.0
0.0 28.0 164093.0 1.4165170478975957 123.0 4.6007675E7 1136.0 177.0
0.0 25.0 179283.0 1.7641675409547235 66.0 3.8511988E7 1729.0 280.0
0.0 22.0 181165.0 2.7986981399769264 31.0 1.8445673E7 1847.0 208.0
0.0 23.0 140123.0 1.9748550331417656 112.0 3.4074899E7 1590.0 290.0
0.0 35.0 64189.0 2.108162829017061 186.0 5.3339709E7 866.0 76.0
0.0 15.0 227130.0 3.0881638254672477 34.0 1.1670336E7 2242.0 312.0
0.0 16.0 220901.0 3.12221927326239 26.0 1.6468141E7 2198.0 262.0
0.0 25.0 144124.0 3.6118184326726643 115.0 2.4851524E7 1537.0 117.0
0.0 30.0 95044.0 1.7151361446591071 177.0 4.64215E7 1121.0 144.0
0.0 24.0 106064.0 1.0080832450180737 183.0 3.9223179E7 1494.0 176.0
0.0 12.0 232676.0 3.4192844309511807 15.0 9779408.0 2569.0 335.0
0.0 13.0 223735.0 2.803016488367449 78.0 2.9729915E7 2293.0 357.0
0.0 32.0 79482.0 1.48492432401601 204.0 4.7645294E7 1111.0 110.0
0.0 42.0 22820.0 0.8669172932330826 336.0 8.602911E7 291.0 71.0
0.0 22.0 244026.0 1.9832428350479374 48.0 2.3582149E7 1948.0 285.0
0.0 35.0 64189.0 2.108162829017061 186.0 5.3339709E7 866.0 76.0
0.0 28.0 85406.0 2.00645772175896 237.0 3.6069103E7 1512.0 141.0
0.0 32.0 98044.0 0.8817309125416781 219.0 5.7726163E7 876.0 246.0
0.0 29.0 83475.0 2.4594363616859423 162.0 4.1393194E7 1264.0 166.0
0.0 19.0 176736.0 2.3105598279030746 148.0 3.7312307E7 1652.0 249.0
0.0 9.0 240491.0 4.92770082076292 18.0 7740675.0 2783.0 310.0
0.0 27.0 127303.0 1.676035123622978 101.0 3.5068957E7 1427.0 231.0
0.0 35.0 64189.0 2.108162829017061 186.0 5.3339709E7 866.0 76.0
0.0 15.0 225000.0 3.3773235235670365 15.0 1.5644514E7 2344.0 294.0
0.0 17.0 211614.0 4.168737673669874 33.0 1.1572273E7 2239.0 239.0
0.0 25.0 129419.0 1.778589041364938 141.0 3.5145724E7 1483.0 168.0
0.0 28.0 115042.0 1.7102147502640286 143.0 4.0693809E7 1248.0 171.0
0.0 41.0 70916.0 0.2369878183831672 344.0 9.5226675E7 228.0 71.0
0.0 31.0 100048.0 1.7273954751558918 157.0 4.1864816E7 1237.0 145.0
0.0 35.0 64189.0 2.108162829017061 186.0 5.3339709E7 866.0 76.0
0.0 22.0 195018.0 1.906535001383884 103.0 2.8079116E7 1797.0 191.0
0.0 39.0 79538.0 0.3287959704495566 301.0 8.0125329E7 458.0 58.0
0.0 28.0 109487.0 1.4481965134314265 142.0 4.5793494E7 1225.0 263.0
0.0 30.0 95044.0 1.7151361446591071 177.0 4.64215E7 1121.0 144.0
0.0 36.0 107954.0 0.6018025337787005 247.0 7.4068552E7 588.0 115.0
0.0 10.0 227975.0 3.976273678263009 21.0 9036780.0 2619.0 337.0
0.0 28.0 109487.0 1.4481965134314265 142.0 4.5793494E7 1225.0 263.0
0.0 11.0 269010.0 3.351356734741414 29.0 1.3573017E7 2549.0 263.0
0.0 35.0 64189.0 2.108162829017061 186.0 5.3339709E7 866.0 76.0
0.0 21.0 173981.0 2.0952984924566374 144.0 3.8085943E7 1535.0 178.0
0.0 25.0 179283.0 1.7641675409547235 66.0 3.8511988E7 1729.0 280.0
0.0 28.0 85406.0 2.00645772175896 237.0 3.6069103E7 1512.0 141.0
0.0 19.0 201266.0 3.085594974328463 21.0 2.1794784E7 2088.0 265.0
0.0 29.0 83475.0 2.4594363616859423 162.0 4.1393194E7 1264.0 166.0
0.0 22.0 134626.0 2.8312206203123065 99.0 2.3879426E7 1746.0 172.0
0.0 9.0 266672.0 3.283451047576814 15.0 9191681.0 2584.0 494.0
0.0 27.0 133048.0 2.7088933374587074 135.0 3.5721707E7 1344.0 121.0
0.0 35.0 64189.0 2.108162829017061 186.0 5.3339709E7 866.0 76.0
0.0 40.0 45346.0 0.28741539199664945 327.0 8.0548385E7 404.0 158.0
0.0 31.0 100048.0 1.7273954751558918 157.0 4.1864816E7 1237.0 145.0
0.0 28.0 164093.0 1.4165170478975957 123.0 4.6007675E7 1136.0 177.0
