0.0 21.0 188688.0 3.093248724087476 35.0 1.3226111E7 1997.0 205.0
0.0 15.0 208211.0 3.210008467076727 25.0 5476937.0 2410.0 248.0
0.0 35.0 48860.0 0.5867855263865502 271.0 7.2971928E7 654.0 116.0
0.0 40.0 46533.0 0.5915505435865033 240.0 6.5558821E7 607.0 31.0
0.0 19.0 210987.0 1.3048643665172976 112.0 3.7443829E7 1844.0 360.0
0.0 20.0 149500.0 3.1089850752638615 84.0 1.3349096E7 1899.0 271.0
0.0 30.0 159929.0 1.6196683084017973 75.0 3.6072016E7 1413.0 140.0
0.0 12.0 211725.0 3.9036667550752675 50.0 1.8787779E7 2461.0 255.0
0.0 24.0 164917.0 1.0864069878334999 203.0 5.4651179E7 1339.0 255.0
0.0 27.0 102783.0 1.6997883574846946 114.0 3.0966725E7 1420.0 134.0
0.0 32.0 81113.0 1.3386633226754492 155.0 4.2973536E7 1077.0 165.0
0.0 15.0 179932.0 3.476436628622973 82.0 2.1685948E7 2022.0 440.0
0.0 40.0 46533.0 0.5915505435865033 240.0 6.5558821E7 607.0 31.0
0.0 27.0 95501.0 2.427301584997922 109.0 3.1029126E7 1415.0 120.0
0.0 17.0 240775.0 1.8368444257832548 44.0 2.6633846E7 2134.0 388.0
0.0 21.0 188688.0 3.093248724087476 35.0 1.3226111E7 1997.0 205.0
0.0 17.0 240775.0 1.8368444257832548 44.0 2.6633846E7 2134.0 388.0
0.0 36.0 96365.0 0.3125919779994535 260.0 6.8570638E7 669.0 74.0
0.0 36.0 53354.0 2.2282050576193244 212.0 6.32611E7 795.0 72.0
0.0 6.0 315427.0 3.6442050639197276 27.0 1.720542E7 2659.0 523.0
0.0 19.0 210987.0 1.3048643665172976 112.0 3.7443829E7 1844.0 360.0
0.0 36.0 56210.0 0.9770851347814717 259.0 6.4128783E7 718.0 109.0
0.0 17.0 240775.0 1.8368444257832548 44.0 2.6633846E7 2134.0 388.0
0.0 6.0 315427.0 3.6442050639197276 27.0 1.720542E7 2659.0 523.0
0.0 31.0 139855.0 1.3384126961090332 134.0 4.2225788E7 1148.0 106.0
0.0 8.0 227576.0 4.732462725524824 74.0 7609643.0 2777.0 355.0
0.0 27.0 102783.0 1.6997883574846946 114.0 3.0966725E7 1420.0 134.0
0.0 32.0 81113.0 1.3386633226754492 155.0 4.2973536E7 1077.0 165.0
0.0 27.0 95501.0 2.427301584997922 109.0 3.1029126E7 1415.0 120.0
0.0 22.0 110179.0 2.7363303551320244 111.0 2.3995696E7 1644.0 179.0
0.0 31.0 139855.0 1.3384126961090332 134.0 4.2225788E7 1148.0 106.0
0.0 22.0 158132.0 1.741243225845748 119.0 3.7906172E7 1657.0 172.0
0.0 14.0 268940.0 3.0820840047581397 25.0 4614804.0 2445.0 278.0
0.0 14.0 204194.0 3.7314525993490197 28.0 1.0092275E7 2357.0 275.0
0.0 27.0 95501.0 2.427301584997922 109.0 3.1029126E7 1415.0 120.0
0.0 10.0 249787.0 3.5464978132441227 15.0 1.3301923E7 2596.0 354.0
0.0 27.0 95501.0 2.427301584997922 109.0 3.1029126E7 1415.0 120.0
0.0 38.0 37214.0 1.3940511101801425 262.0 6.9666843E7 572.0 69.0
0.0 21.0 188688.0 3.093248724087476 35.0 1.3226111E7 1997.0 205.0
0.0 14.0 268940.0 3.0820840047581397 25.0 4614804.0 2445.0 278.0
0.0 31.0 139855.0 1.3384126961090332 134.0 4.2225788E7 1148.0 106.0
0.0 25.0 126584.0 1.2867916323620714 162.0 5.031388E7 1340.0 252.0
0.0 32.0 81113.0 1.3386633226754492 155.0 4.2973536E7 1077.0 165.0
0.0 34.0 80408.0 1.2986390194932513 185.0 5.8260075E7 858.0 136.0
0.0 34.0 71814.0 1.1998842556143117 213.0 5.7828523E7 884.0 113.0
0.0 22.0 110179.0 2.7363303551320244 111.0 2.3995696E7 1644.0 179.0
0.0 37.0 63088.0 0.8266950439973202 233.0 6.8803309E7 677.0 104.0
0.0 35.0 48860.0 0.5867855263865502 271.0 7.2971928E7 654.0 116.0
0.0 27.0 95501.0 2.427301584997922 109.0 3.1029126E7 1415.0 120.0
0.0 24.0 171044.0 1.973511396271813 71.0 2.4094275E7 1778.0 239.0
0.0 23.0 183840.0 2.7505586656079437 37.0 2.390774E7 1776.0 258.0
0.0 39.0 102493.0 0.6419084834757882 222.0 6.5150282E7 602.0 55.0
0.0 29.0 85333.0 0.6161309060825245 199.0 4.1882592E7 1181.0 267.0
0.0 14.0 268940.0 3.0820840047581397 25.0 4614804.0 2445.0 278.0
0.0 22.0 173709.0 3.0744194946456496 47.0 1.3585181E7 1970.0 177.0
0.0 37.0 63088.0 0.8266950439973202 233.0 6.8803309E7 677.0 104.0
0.0 30.0 92497.0 1.414324698336825 127.0 3.2454486E7 1265.0 170.0
0.0 30.0 92497.0 1.414324698336825 127.0 3.2454486E7 1265.0 170.0
0.0 22.0 158132.0 1.741243225845748 119.0 3.7906172E7 1657.0 172.0
0.0 31.0 139855.0 1.3384126961090332 134.0 4.2225788E7 1148.0 106.0
0.0 7.0 267077.0 5.064064457126555 10.0 1.2178309E7 2777.0 442.0
0.0 40.0 46533.0 0.5915505435865033 240.0 6.5558821E7 607.0 31.0
0.0 17.0 240775.0 1.8368444257832548 44.0 2.6633846E7 2134.0 388.0
0.0 27.0 102783.0 1.6997883574846946 114.0 3.0966725E7 1420.0 134.0
0.0 30.0 92497.0 1.414324698336825 127.0 3.2454486E7 1265.0 170.0
0.0 36.0 118336.0 0.6009916753263826 210.0 6.3819462E7 697.0 116.0
0.0 27.0 95501.0 2.427301584997922 109.0 3.1029126E7 1415.0 120.0
0.0 25.0 113920.0 2.971172700695663 99.0 2.0107996E7 1638.0 155.0
0.0 36.0 118336.0 0.6009916753263826 210.0 6.3819462E7 697.0 116.0
0.0 31.0 139855.0 1.3384126961090332 134.0 4.2225788E7 1148.0 106.0
0.0 26.0 107680.0 1.754285711982049 112.0 2.57072E7 1514.0 134.0
0.0 31.0 139855.0 1.3384126961090332 134.0 4.2225788E7 1148.0 106.0
0.0 27.0 95501.0 2.427301584997922 109.0 3.1029126E7 1415.0 120.0
0.0 28.0 73620.0 2.4500390834703922 193.0 4.0738527E7 1307.0 105.0
0.0 39.0 29643.0 0.816949646363913 275.0 7.4695453E7 546.0 47.0
0.0 6.0 255966.0 5.164132435405124 38.0 1.1830031E7 2798.0 427.0
0.0 31.0 139855.0 1.3384126961090332 134.0 4.2225788E7 1148.0 106.0
0.0 12.0 209484.0 3.0924532374101377 105.0 2.8677632E7 2323.0 295.0
0.0 26.0 107680.0 1.754285711982049 112.0 2.57072E7 1514.0 134.0
0.0 21.0 151557.0 2.7673182063036545 81.0 1.911083E7 1816.0 200.0
0.0 21.0 188688.0 3.093248724087476 35.0 1.3226111E7 1997.0 205.0
0.0 14.0 204194.0 3.7314525993490197 28.0 1.0092275E7 2357.0 275.0
0.0 35.0 59498.0 0.47216962018853803 269.0 6.8948172E7 697.0 179.0
0.0 22.0 110179.0 2.7363303551320244 111.0 2.3995696E7 1644.0 179.0
0.0 30.0 81974.0 1.2883850354687756 217.0 4.208404E7 1150.0 131.0
0.0 24.0 181495.0 1.189242823152066 149.0 3.9502853E7 1399.0 329.0
0.0 19.0 251385.0 1.5821770639343913 68.0 3.6883063E7 1934.0 295.0
0.0 14.0 268940.0 3.0820840047581397 25.0 4614804.0 2445.0 278.0
0.0 17.0 240775.0 1.8368444257832548 44.0 2.6633846E7 2134.0 388.0
0.0 30.0 92497.0 1.414324698336825 127.0 3.2454486E7 1265.0 170.0
0.0 21.0 151557.0 2.7673182063036545 81.0 1.911083E7 1816.0 200.0
0.0 30.0 92497.0 1.414324698336825 127.0 3.2454486E7 1265.0 170.0
0.0 22.0 200106.0 1.5872830774980342 63.0 2.3508869E7 1946.0 331.0
0.0 17.0 240775.0 1.8368444257832548 44.0 2.6633846E7 2134.0 388.0
0.0 34.0 80408.0 1.2986390194932513 185.0 5.8260075E7 858.0 136.0
0.0 35.0 48860.0 0.5867855263865502 271.0 7.2971928E7 654.0 116.0
0.0 33.0 71422.0 1.5563528954445813 207.0 4.7711636E7 1026.0 89.0
0.0 40.0 21023.0 0.43964714530752264 315.0 8.008008E7 366.0 58.0
0.0 30.0 92497.0 1.414324698336825 127.0 3.2454486E7 1265.0 170.0
0.0 35.0 48860.0 0.5867855263865502 271.0 7.2971928E7 654.0 116.0
0.0 22.0 173709.0 3.0744194946456496 47.0 1.3585181E7 1970.0 177.0
0.0 40.0 46533.0 0.5915505435865033 240.0 6.5558821E7 607.0 31.0
0.0 34.0 61586.0 0.6290166558103795 258.0 6.3627172E7 757.0 243.0
0.0 35.0 48860.0 0.5867855263865502 271.0 7.2971928E7 654.0 116.0
0.0 17.0 240775.0 1.8368444257832548 44.0 2.6633846E7 2134.0 388.0
0.0 33.0 71422.0 1.5563528954445813 207.0 4.7711636E7 1026.0 89.0
0.0 21.0 151557.0 2.7673182063036545 81.0 1.911083E7 1816.0 200.0
0.0 34.0 80408.0 1.2986390194932513 185.0 5.8260075E7 858.0 136.0
0.0 24.0 98326.0 1.7996043032345328 162.0 3.4327145E7 1615.0 229.0
0.0 40.0 21023.0 0.43964714530752264 315.0 8.008008E7 366.0 58.0
0.0 21.0 151557.0 2.7673182063036545 81.0 1.911083E7 1816.0 200.0
0.0 32.0 81113.0 1.3386633226754492 155.0 4.2973536E7 1077.0 165.0
0.0 28.0 73620.0 2.4500390834703922 193.0 4.0738527E7 1307.0 105.0
0.0 30.0 81974.0 1.2883850354687756 217.0 4.208404E7 1150.0 131.0
0.0 35.0 48143.0 1.0426443817360678 258.0 5.8461905E7 887.0 123.0
0.0 8.0 256542.0 4.1397084852296 22.0 7830656.0 2676.0 415.0
0.0 25.0 180466.0 1.2517493285544308 98.0 3.5160699E7 1578.0 251.0
0.0 22.0 200106.0 1.5872830774980342 63.0 2.3508869E7 1946.0 331.0
0.0 19.0 210987.0 1.3048643665172976 112.0 3.7443829E7 1844.0 360.0
0.0 30.0 159929.0 1.6196683084017973 75.0 3.6072016E7 1413.0 140.0
0.0 36.0 118336.0 0.6009916753263826 210.0 6.3819462E7 697.0 116.0
0.0 14.0 204194.0 3.7314525993490197 28.0 1.0092275E7 2357.0 275.0
0.0 21.0 188688.0 3.093248724087476 35.0 1.3226111E7 1997.0 205.0
0.0 26.0 107680.0 1.754285711982049 112.0 2.57072E7 1514.0 134.0
0.0 26.0 107680.0 1.754285711982049 112.0 2.57072E7 1514.0 134.0
0.0 26.0 107680.0 1.754285711982049 112.0 2.57072E7 1514.0 134.0
0.0 42.0 18754.0 0.26086827423978987 322.0 8.5456968E7 319.0 40.0
0.0 25.0 113920.0 2.971172700695663 99.0 2.0107996E7 1638.0 155.0
0.0 30.0 92497.0 1.414324698336825 127.0 3.2454486E7 1265.0 170.0
0.0 33.0 71422.0 1.5563528954445813 207.0 4.7711636E7 1026.0 89.0
0.0 22.0 200106.0 1.5872830774980342 63.0 2.3508869E7 1946.0 331.0
0.0 21.0 151557.0 2.7673182063036545 81.0 1.911083E7 1816.0 200.0
0.0 14.0 268940.0 3.0820840047581397 25.0 4614804.0 2445.0 278.0
0.0 32.0 68183.0 3.4558730135693505 188.0 3.7590046E7 1204.0 72.0
0.0 26.0 107680.0 1.754285711982049 112.0 2.57072E7 1514.0 134.0
0.0 20.0 149500.0 3.1089850752638615 84.0 1.3349096E7 1899.0 271.0
0.0 36.0 53354.0 2.2282050576193244 212.0 6.32611E7 795.0 72.0
0.0 30.0 92497.0 1.414324698336825 127.0 3.2454486E7 1265.0 170.0
0.0 27.0 102783.0 1.6997883574846946 114.0 3.0966725E7 1420.0 134.0
0.0 37.0 40157.0 0.45493316821840263 280.0 7.3799608E7 592.0 130.0
0.0 19.0 212139.0 2.932000745986194 29.0 1.7896039E7 2036.0 238.0
0.0 36.0 118336.0 0.6009916753263826 210.0 6.3819462E7 697.0 116.0
0.0 21.0 151557.0 2.7673182063036545 81.0 1.911083E7 1816.0 200.0
0.0 25.0 180466.0 1.2517493285544308 98.0 3.5160699E7 1578.0 251.0
0.0 33.0 71422.0 1.5563528954445813 207.0 4.7711636E7 1026.0 89.0
0.0 26.0 107680.0 1.754285711982049 112.0 2.57072E7 1514.0 134.0
0.0 21.0 151557.0 2.7673182063036545 81.0 1.911083E7 1816.0 200.0
0.0 21.0 151557.0 2.7673182063036545 81.0 1.911083E7 1816.0 200.0
0.0 33.0 71422.0 1.5563528954445813 207.0 4.7711636E7 1026.0 89.0
0.0 7.0 308654.0 5.112868658389773 18.0 2277717.0 2873.0 459.0
0.0 25.0 180466.0 1.2517493285544308 98.0 3.5160699E7 1578.0 251.0
0.0 25.0 180466.0 1.2517493285544308 98.0 3.5160699E7 1578.0 251.0
0.0 33.0 71422.0 1.5563528954445813 207.0 4.7711636E7 1026.0 89.0
0.0 24.0 181495.0 1.189242823152066 149.0 3.9502853E7 1399.0 329.0
0.0 32.0 78279.0 0.9135082981971012 232.0 5.6179683E7 989.0 152.0
0.0 14.0 204194.0 3.7314525993490197 28.0 1.0092275E7 2357.0 275.0
0.0 21.0 188688.0 3.093248724087476 35.0 1.3226111E7 1997.0 205.0
0.0 40.0 21023.0 0.43964714530752264 315.0 8.008008E7 366.0 58.0
0.0 28.0 100814.0 1.6618045089745301 129.0 2.6599577E7 1429.0 180.0
0.0 32.0 78279.0 0.9135082981971012 232.0 5.6179683E7 989.0 152.0
0.0 22.0 110179.0 2.7363303551320244 111.0 2.3995696E7 1644.0 179.0
0.0 15.0 208211.0 3.210008467076727 25.0 5476937.0 2410.0 248.0
0.0 32.0 68183.0 3.4558730135693505 188.0 3.7590046E7 1204.0 72.0
0.0 17.0 240775.0 1.8368444257832548 44.0 2.6633846E7 2134.0 388.0
0.0 39.0 29643.0 0.816949646363913 275.0 7.4695453E7 546.0 47.0
0.0 24.0 171044.0 1.973511396271813 71.0 2.4094275E7 1778.0 239.0
0.0 33.0 71422.0 1.5563528954445813 207.0 4.7711636E7 1026.0 89.0
0.0 26.0 107680.0 1.754285711982049 112.0 2.57072E7 1514.0 134.0
0.0 26.0 107680.0 1.754285711982049 112.0 2.57072E7 1514.0 134.0
0.0 29.0 154012.0 1.366190473886811 128.0 4.1579831E7 1245.0 112.0
0.0 35.0 48860.0 0.5867855263865502 271.0 7.2971928E7 654.0 116.0
0.0 14.0 204194.0 3.7314525993490197 28.0 1.0092275E7 2357.0 275.0
0.0 28.0 100814.0 1.6618045089745301 129.0 2.6599577E7 1429.0 180.0
0.0 6.0 315427.0 3.6442050639197276 27.0 1.720542E7 2659.0 523.0
0.0 32.0 133221.0 2.314929746310294 132.0 3.7851508E7 1170.0 74.0
0.0 14.0 207122.0 3.721014684025219 31.0 1.5509046E7 2215.0 277.0
0.0 30.0 92497.0 1.414324698336825 127.0 3.2454486E7 1265.0 170.0
0.0 35.0 48860.0 0.5867855263865502 271.0 7.2971928E7 654.0 116.0
0.0 19.0 251385.0 1.5821770639343913 68.0 3.6883063E7 1934.0 295.0
0.0 26.0 107680.0 1.754285711982049 112.0 2.57072E7 1514.0 134.0
0.0 32.0 81113.0 1.3386633226754492 155.0 4.2973536E7 1077.0 165.0
0.0 40.0 21023.0 0.43964714530752264 315.0 8.008008E7 366.0 58.0
0.0 22.0 200106.0 1.5872830774980342 63.0 2.3508869E7 1946.0 331.0
0.0 35.0 48860.0 0.5867855263865502 271.0 7.2971928E7 654.0 116.0
0.0 20.0 124496.0 2.514494119118378 183.0 2.8831445E7 1672.0 349.0
0.0 14.0 268940.0 3.0820840047581397 25.0 4614804.0 2445.0 278.0
0.0 40.0 39100.0 0.591365698567499 269.0 7.4628261E7 500.0 43.0
0.0 21.0 151557.0 2.7673182063036545 81.0 1.911083E7 1816.0 200.0
0.0 21.0 188688.0 3.093248724087476 35.0 1.3226111E7 1997.0 205.0
0.0 21.0 188688.0 3.093248724087476 35.0 1.3226111E7 1997.0 205.0
0.0 28.0 73620.0 2.4500390834703922 193.0 4.0738527E7 1307.0 105.0
0.0 30.0 92497.0 1.414324698336825 127.0 3.2454486E7 1265.0 170.0
0.0 21.0 151557.0 2.7673182063036545 81.0 1.911083E7 1816.0 200.0
0.0 22.0 185079.0 2.7545477303388877 48.0 2.8430839E7 1870.0 184.0
0.0 40.0 21023.0 0.43964714530752264 315.0 8.008008E7 366.0 58.0
0.0 30.0 92497.0 1.414324698336825 127.0 3.2454486E7 1265.0 170.0
0.0 14.0 226584.0 3.2377862448545045 17.0 5421601.0 2485.0 316.0
0.0 33.0 53244.0 1.7616862935185182 217.0 5.7508811E7 969.0 104.0
0.0 25.0 180466.0 1.2517493285544308 98.0 3.5160699E7 1578.0 251.0
0.0 14.0 226584.0 3.2377862448545045 17.0 5421601.0 2485.0 316.0
0.0 21.0 151557.0 2.7673182063036545 81.0 1.911083E7 1816.0 200.0
0.0 38.0 75564.0 0.5725029245388844 231.0 6.9496948E7 573.0 138.0
0.0 25.0 180466.0 1.2517493285544308 98.0 3.5160699E7 1578.0 251.0
0.0 40.0 21023.0 0.43964714530752264 315.0 8.008008E7 366.0 58.0
0.0 26.0 107680.0 1.754285711982049 112.0 2.57072E7 1514.0 134.0
0.0 37.0 63088.0 0.8266950439973202 233.0 6.8803309E7 677.0 104.0
0.0 30.0 92497.0 1.414324698336825 127.0 3.2454486E7 1265.0 170.0
0.0 21.0 151557.0 2.7673182063036545 81.0 1.911083E7 1816.0 200.0
0.0 32.0 78279.0 0.9135082981971012 232.0 5.6179683E7 989.0 152.0
0.0 25.0 126584.0 1.2867916323620714 162.0 5.031388E7 1340.0 252.0
0.0 32.0 68183.0 3.4558730135693505 188.0 3.7590046E7 1204.0 72.0
0.0 19.0 210987.0 1.3048643665172976 112.0 3.7443829E7 1844.0 360.0
0.0 33.0 71422.0 1.5563528954445813 207.0 4.7711636E7 1026.0 89.0
0.0 40.0 21023.0 0.43964714530752264 315.0 8.008008E7 366.0 58.0
0.0 40.0 21023.0 0.43964714530752264 315.0 8.008008E7 366.0 58.0
0.0 14.0 226584.0 3.2377862448545045 17.0 5421601.0 2485.0 316.0
0.0 7.0 308654.0 5.112868658389773 18.0 2277717.0 2873.0 459.0
0.0 14.0 226584.0 3.2377862448545045 17.0 5421601.0 2485.0 316.0
0.0 26.0 107680.0 1.754285711982049 112.0 2.57072E7 1514.0 134.0
0.0 22.0 158132.0 1.741243225845748 119.0 3.7906172E7 1657.0 172.0
0.0 38.0 30247.0 1.3523478857791944 298.0 6.8931145E7 676.0 25.0
0.0 22.0 200106.0 1.5872830774980342 63.0 2.3508869E7 1946.0 331.0
0.0 22.0 200106.0 1.5872830774980342 63.0 2.3508869E7 1946.0 331.0
0.0 25.0 113920.0 2.971172700695663 99.0 2.0107996E7 1638.0 155.0
0.0 27.0 192723.0 1.1652585375341358 138.0 6.4516676E7 1055.0 234.0
0.0 37.0 40157.0 0.45493316821840263 280.0 7.3799608E7 592.0 130.0
0.0 30.0 92497.0 1.414324698336825 127.0 3.2454486E7 1265.0 170.0
0.0 27.0 102783.0 1.6997883574846946 114.0 3.0966725E7 1420.0 134.0
0.0 33.0 71422.0 1.5563528954445813 207.0 4.7711636E7 1026.0 89.0
0.0 24.0 98326.0 1.7996043032345328 162.0 3.4327145E7 1615.0 229.0
0.0 20.0 124496.0 2.514494119118378 183.0 2.8831445E7 1672.0 349.0
0.0 40.0 21023.0 0.43964714530752264 315.0 8.008008E7 366.0 58.0
0.0 21.0 188688.0 3.093248724087476 35.0 1.3226111E7 1997.0 205.0
0.0 25.0 180466.0 1.2517493285544308 98.0 3.5160699E7 1578.0 251.0
0.0 20.0 124496.0 2.514494119118378 183.0 2.8831445E7 1672.0 349.0
0.0 14.0 204194.0 3.7314525993490197 28.0 1.0092275E7 2357.0 275.0
0.0 8.0 256542.0 4.1397084852296 22.0 7830656.0 2676.0 415.0
0.0 37.0 40157.0 0.45493316821840263 280.0 7.3799608E7 592.0 130.0
0.0 40.0 21023.0 0.43964714530752264 315.0 8.008008E7 366.0 58.0
0.0 14.0 207122.0 3.721014684025219 31.0 1.5509046E7 2215.0 277.0
0.0 26.0 107680.0 1.754285711982049 112.0 2.57072E7 1514.0 134.0
0.0 14.0 226584.0 3.2377862448545045 17.0 5421601.0 2485.0 316.0
0.0 32.0 68183.0 3.4558730135693505 188.0 3.7590046E7 1204.0 72.0
0.0 21.0 151557.0 2.7673182063036545 81.0 1.911083E7 1816.0 200.0
0.0 14.0 207122.0 3.721014684025219 31.0 1.5509046E7 2215.0 277.0
0.0 31.0 75337.0 2.259436361685942 127.0 4.1829142E7 1185.0 95.0
0.0 34.0 80408.0 1.2986390194932513 185.0 5.8260075E7 858.0 136.0
0.0 22.0 200106.0 1.5872830774980342 63.0 2.3508869E7 1946.0 331.0
0.0 32.0 133221.0 2.314929746310294 132.0 3.7851508E7 1170.0 74.0
0.0 14.0 226584.0 3.2377862448545045 17.0 5421601.0 2485.0 316.0
0.0 19.0 212139.0 2.932000745986194 29.0 1.7896039E7 2036.0 238.0
0.0 22.0 185079.0 2.7545477303388877 48.0 2.8430839E7 1870.0 184.0
0.0 30.0 81974.0 1.2883850354687756 217.0 4.208404E7 1150.0 131.0
0.0 32.0 92905.0 0.8817389339188358 208.0 6.2481858E7 866.0 165.0
0.0 26.0 107680.0 1.754285711982049 112.0 2.57072E7 1514.0 134.0
0.0 17.0 240775.0 1.8368444257832548 44.0 2.6633846E7 2134.0 388.0
0.0 36.0 118336.0 0.6009916753263826 210.0 6.3819462E7 697.0 116.0
0.0 32.0 92905.0 0.8817389339188358 208.0 6.2481858E7 866.0 165.0
0.0 21.0 245752.0 2.9343324384891645 47.0 1.35547E7 2032.0 167.0
0.0 32.0 78279.0 0.9135082981971012 232.0 5.6179683E7 989.0 152.0
0.0 14.0 226584.0 3.2377862448545045 17.0 5421601.0 2485.0 316.0
0.0 36.0 118336.0 0.6009916753263826 210.0 6.3819462E7 697.0 116.0
0.0 21.0 245752.0 2.9343324384891645 47.0 1.35547E7 2032.0 167.0
0.0 19.0 251385.0 1.5821770639343913 68.0 3.6883063E7 1934.0 295.0
0.0 14.0 207122.0 3.721014684025219 31.0 1.5509046E7 2215.0 277.0
0.0 32.0 92905.0 0.8817389339188358 208.0 6.2481858E7 866.0 165.0
0.0 40.0 21023.0 0.43964714530752264 315.0 8.008008E7 366.0 58.0
0.0 33.0 71422.0 1.5563528954445813 207.0 4.7711636E7 1026.0 89.0
0.0 22.0 200106.0 1.5872830774980342 63.0 2.3508869E7 1946.0 331.0
0.0 14.0 207122.0 3.721014684025219 31.0 1.5509046E7 2215.0 277.0
0.0 14.0 226584.0 3.2377862448545045 17.0 5421601.0 2485.0 316.0
0.0 22.0 200106.0 1.5872830774980342 63.0 2.3508869E7 1946.0 331.0
0.0 33.0 53244.0 1.7616862935185182 217.0 5.7508811E7 969.0 104.0
0.0 8.0 263734.0 4.245016838078937 73.0 1.7301385E7 2639.0 274.0
0.0 21.0 151557.0 2.7673182063036545 81.0 1.911083E7 1816.0 200.0
0.0 14.0 226584.0 3.2377862448545045 17.0 5421601.0 2485.0 316.0
0.0 20.0 124496.0 2.514494119118378 183.0 2.8831445E7 1672.0 349.0
0.0 22.0 221842.0 1.2575626124251333 135.0 4.8525472E7 1519.0 247.0
0.0 26.0 107680.0 1.754285711982049 112.0 2.57072E7 1514.0 134.0
0.0 8.0 256542.0 4.1397084852296 22.0 7830656.0 2676.0 415.0
0.0 22.0 200106.0 1.5872830774980342 63.0 2.3508869E7 1946.0 331.0
0.0 20.0 124496.0 2.514494119118378 183.0 2.8831445E7 1672.0 349.0
0.0 20.0 149500.0 3.1089850752638615 84.0 1.3349096E7 1899.0 271.0
0.0 32.0 68183.0 3.4558730135693505 188.0 3.7590046E7 1204.0 72.0
0.0 26.0 107680.0 1.754285711982049 112.0 2.57072E7 1514.0 134.0
0.0 29.0 90144.0 1.4474974234312146 144.0 3.6681177E7 1313.0 164.0
0.0 22.0 221842.0 1.2575626124251333 135.0 4.8525472E7 1519.0 247.0
0.0 8.0 263734.0 4.245016838078937 73.0 1.7301385E7 2639.0 274.0
0.0 19.0 212139.0 2.932000745986194 29.0 1.7896039E7 2036.0 238.0
0.0 17.0 169715.0 4.387943309387937 71.0 1.1451968E7 2214.0 350.0
0.0 14.0 226584.0 3.2377862448545045 17.0 5421601.0 2485.0 316.0
0.0 21.0 245752.0 2.9343324384891645 47.0 1.35547E7 2032.0 167.0
0.0 22.0 200106.0 1.5872830774980342 63.0 2.3508869E7 1946.0 331.0
0.0 27.0 95501.0 2.427301584997922 109.0 3.1029126E7 1415.0 120.0
0.0 21.0 188688.0 3.093248724087476 35.0 1.3226111E7 1997.0 205.0
0.0 14.0 268940.0 3.0820840047581397 25.0 4614804.0 2445.0 278.0
0.0 31.0 139855.0 1.3384126961090332 134.0 4.2225788E7 1148.0 106.0
0.0 24.0 98326.0 1.7996043032345328 162.0 3.4327145E7 1615.0 229.0
0.0 25.0 113920.0 2.971172700695663 99.0 2.0107996E7 1638.0 155.0
0.0 27.0 187749.0 1.7222573421850658 68.0 3.5207161E7 1562.0 184.0
