0.0 19.0 209167.0 1.5533264234835296 100.0 4.3304905E7 1773.0 340.0
0.0 38.0 53636.0 0.5990094470283649 212.0 7.4700073E7 521.0 82.0
0.0 22.0 127224.0 2.926534588864689 133.0 1.856411E7 1885.0 210.0
0.0 23.0 185419.0 2.0457967608460392 33.0 2.8486781E7 1882.0 275.0
0.0 31.0 92366.0 0.8993587018773216 201.0 5.2428391E7 1036.0 119.0
0.0 39.0 33590.0 0.14942158139774822 313.0 7.9779542E7 424.0 86.0
0.0 14.0 200352.0 3.290349842456789 17.0 1.5055289E7 2400.0 245.0
0.0 36.0 64344.0 0.7512648993700983 234.0 6.8807929E7 652.0 132.0
0.0 17.0 213817.0 2.9011734141839494 33.0 2.2142042E7 2070.0 256.0
0.0 23.0 159437.0 2.700898742343207 94.0 1.9506494E7 1683.0 312.0
0.0 36.0 64344.0 0.7512648993700983 234.0 6.8807929E7 652.0 132.0
0.0 31.0 96170.0 1.2457568139794668 150.0 5.2625498E7 1043.0 145.0
0.0 14.0 200352.0 3.290349842456789 17.0 1.5055289E7 2400.0 245.0
0.0 37.0 59602.0 1.1095616749691504 212.0 5.4002485E7 834.0 56.0
0.0 28.0 112520.0 1.610622820691893 106.0 2.6451972E7 1420.0 199.0
0.0 19.0 188946.0 2.405231912387084 86.0 3.1594669E7 2040.0 215.0
0.0 39.0 56782.0 0.5810163310860098 243.0 6.9502525E7 604.0 83.0
0.0 32.0 89166.0 0.7310168270939092 200.0 6.7136077E7 813.0 217.0
0.0 24.0 108855.0 2.567057075248931 127.0 3.0095309E7 1550.0 201.0
0.0 28.0 94904.0 2.4616298298524826 129.0 4.6015414E7 1240.0 129.0
0.0 23.0 235018.0 1.802361298805926 63.0 3.3112752E7 1705.0 223.0
0.0 23.0 159437.0 2.700898742343207 94.0 1.9506494E7 1683.0 312.0
0.0 41.0 44275.0 0.6844271714828977 266.0 8.0187985E7 446.0 75.0
0.0 28.0 106222.0 1.2028237236779555 132.0 3.6385421E7 1256.0 212.0
0.0 23.0 159437.0 2.700898742343207 94.0 1.9506494E7 1683.0 312.0
0.0 34.0 64836.0 2.4712158103074966 204.0 5.2865678E7 989.0 81.0
0.0 14.0 200352.0 3.290349842456789 17.0 1.5055289E7 2400.0 245.0
0.0 23.0 235018.0 1.802361298805926 63.0 3.3112752E7 1705.0 223.0
0.0 14.0 271269.0 2.343758559217075 43.0 1.6316915E7 2257.0 340.0
0.0 38.0 47887.0 0.15053360626366238 279.0 7.3954637E7 542.0 88.0
0.0 21.0 245922.0 1.9540030689660661 47.0 1.8081425E7 1912.0 228.0
0.0 31.0 96170.0 1.2457568139794668 150.0 5.2625498E7 1043.0 145.0
0.0 17.0 191835.0 3.1942619907066176 18.0 1.592477E7 2283.0 231.0
0.0 14.0 200352.0 3.290349842456789 17.0 1.5055289E7 2400.0 245.0
0.0 27.0 96807.0 2.619273940128172 120.0 3.5907833E7 1324.0 194.0
0.0 28.0 112520.0 1.610622820691893 106.0 2.6451972E7 1420.0 199.0
0.0 29.0 142219.0 1.1762573076378553 127.0 3.6515282E7 1264.0 93.0
0.0 29.0 142219.0 1.1762573076378553 127.0 3.6515282E7 1264.0 93.0
0.0 32.0 89166.0 0.7310168270939092 200.0 6.7136077E7 813.0 217.0
0.0 29.0 142219.0 1.1762573076378553 127.0 3.6515282E7 1264.0 93.0
0.0 14.0 271269.0 2.343758559217075 43.0 1.6316915E7 2257.0 340.0
0.0 29.0 142219.0 1.1762573076378553 127.0 3.6515282E7 1264.0 93.0
0.0 29.0 142219.0 1.1762573076378553 127.0 3.6515282E7 1264.0 93.0
0.0 17.0 191835.0 3.1942619907066176 18.0 1.592477E7 2283.0 231.0
0.0 17.0 191835.0 3.1942619907066176 18.0 1.592477E7 2283.0 231.0
0.0 23.0 235018.0 1.802361298805926 63.0 3.3112752E7 1705.0 223.0
0.0 19.0 188946.0 2.405231912387084 86.0 3.1594669E7 2040.0 215.0
0.0 28.0 106222.0 1.2028237236779555 132.0 3.6385421E7 1256.0 212.0
0.0 17.0 213817.0 2.9011734141839494 33.0 2.2142042E7 2070.0 256.0
0.0 14.0 200352.0 3.290349842456789 17.0 1.5055289E7 2400.0 245.0
0.0 29.0 142219.0 1.1762573076378553 127.0 3.6515282E7 1264.0 93.0
0.0 23.0 235018.0 1.802361298805926 63.0 3.3112752E7 1705.0 223.0
0.0 36.0 54817.0 0.8675153905643254 243.0 6.3658266E7 758.0 87.0
0.0 21.0 172799.0 3.974646663380152 52.0 2.770071E7 1870.0 193.0
0.0 38.0 47887.0 0.15053360626366238 279.0 7.3954637E7 542.0 88.0
0.0 23.0 235018.0 1.802361298805926 63.0 3.3112752E7 1705.0 223.0
0.0 38.0 47887.0 0.15053360626366238 279.0 7.3954637E7 542.0 88.0
0.0 34.0 79721.0 1.4257450359003894 164.0 4.8613204E7 968.0 167.0
0.0 19.0 209167.0 1.5533264234835296 100.0 4.3304905E7 1773.0 340.0
0.0 34.0 79721.0 1.4257450359003894 164.0 4.8613204E7 968.0 167.0
0.0 14.0 271269.0 2.343758559217075 43.0 1.6316915E7 2257.0 340.0
0.0 16.0 210878.0 2.9765070972287706 24.0 1.5857802E7 2294.0 287.0
0.0 25.0 130337.0 1.7429547267942909 108.0 4.0321149E7 1305.0 344.0
0.0 24.0 108855.0 2.567057075248931 127.0 3.0095309E7 1550.0 201.0
0.0 28.0 94904.0 2.4616298298524826 129.0 4.6015414E7 1240.0 129.0
0.0 19.0 209167.0 1.5533264234835296 100.0 4.3304905E7 1773.0 340.0
0.0 13.0 238830.0 2.2912442948327096 47.0 1.6260032E7 2318.0 360.0
0.0 36.0 54817.0 0.8675153905643254 243.0 6.3658266E7 758.0 87.0
0.0 23.0 185419.0 2.0457967608460392 33.0 2.8486781E7 1882.0 275.0
0.0 28.0 106222.0 1.2028237236779555 132.0 3.6385421E7 1256.0 212.0
0.0 22.0 127224.0 2.926534588864689 133.0 1.856411E7 1885.0 210.0
0.0 33.0 83130.0 0.5248658769594975 249.0 7.2913157E7 734.0 183.0
0.0 28.0 94904.0 2.4616298298524826 129.0 4.6015414E7 1240.0 129.0
0.0 30.0 76284.0 1.558286005501811 207.0 5.6645999E7 1067.0 102.0
0.0 6.0 308891.0 4.659051925798236 12.0 1.6786358E7 2728.0 380.0
0.0 28.0 112520.0 1.610622820691893 106.0 2.6451972E7 1420.0 199.0
0.0 31.0 107063.0 0.6736103689400469 254.0 6.2242588E7 909.0 85.0
0.0 38.0 47887.0 0.15053360626366238 279.0 7.3954637E7 542.0 88.0
0.0 36.0 52150.0 1.2405366533988313 246.0 5.864301E7 796.0 58.0
0.0 31.0 77028.0 1.5411695883396095 147.0 3.2711535E7 1266.0 92.0
0.0 25.0 117603.0 1.8106946321392594 118.0 3.9416706E7 1446.0 177.0
0.0 38.0 47887.0 0.15053360626366238 279.0 7.3954637E7 542.0 88.0
0.0 28.0 112520.0 1.610622820691893 106.0 2.6451972E7 1420.0 199.0
0.0 36.0 52222.0 1.1045491436408297 264.0 5.8447523E7 828.0 92.0
0.0 34.0 79721.0 1.4257450359003894 164.0 4.8613204E7 968.0 167.0
0.0 14.0 271269.0 2.343758559217075 43.0 1.6316915E7 2257.0 340.0
0.0 11.0 224915.0 4.180338484206854 26.0 4532542.0 2497.0 329.0
0.0 19.0 188043.0 4.070471659797985 40.0 7248223.0 2216.0 195.0
0.0 14.0 271269.0 2.343758559217075 43.0 1.6316915E7 2257.0 340.0
0.0 22.0 127224.0 2.926534588864689 133.0 1.856411E7 1885.0 210.0
0.0 19.0 209167.0 1.5533264234835296 100.0 4.3304905E7 1773.0 340.0
0.0 39.0 48554.0 0.5040899566352542 241.0 7.5233048E7 507.0 121.0
0.0 35.0 58664.0 0.20497946472656284 287.0 6.8259164E7 715.0 156.0
0.0 23.0 235018.0 1.802361298805926 63.0 3.3112752E7 1705.0 223.0
0.0 14.0 200352.0 3.290349842456789 17.0 1.5055289E7 2400.0 245.0
0.0 14.0 200352.0 3.290349842456789 17.0 1.5055289E7 2400.0 245.0
0.0 23.0 235018.0 1.802361298805926 63.0 3.3112752E7 1705.0 223.0
0.0 23.0 159437.0 2.700898742343207 94.0 1.9506494E7 1683.0 312.0
0.0 20.0 165219.0 2.2924186727342684 86.0 3.1703345E7 2001.0 210.0
0.0 11.0 224915.0 4.180338484206854 26.0 4532542.0 2497.0 329.0
0.0 23.0 185419.0 2.0457967608460392 33.0 2.8486781E7 1882.0 275.0
0.0 7.0 266928.0 5.2568332209589865 15.0 2561673.0 2803.0 452.0
0.0 19.0 209167.0 1.5533264234835296 100.0 4.3304905E7 1773.0 340.0
0.0 21.0 179074.0 1.9214089178535452 44.0 3.2139923E7 1938.0 209.0
0.0 38.0 47887.0 0.15053360626366238 279.0 7.3954637E7 542.0 88.0
0.0 34.0 88782.0 0.8420201997165366 197.0 6.362805E7 779.0 212.0
0.0 24.0 171993.0 1.136615269487823 200.0 5.4217163E7 1247.0 302.0
0.0 14.0 200352.0 3.290349842456789 17.0 1.5055289E7 2400.0 245.0
0.0 14.0 200352.0 3.290349842456789 17.0 1.5055289E7 2400.0 245.0
0.0 29.0 142219.0 1.1762573076378553 127.0 3.6515282E7 1264.0 93.0
0.0 24.0 108855.0 2.567057075248931 127.0 3.0095309E7 1550.0 201.0
0.0 32.0 89166.0 0.7310168270939092 200.0 6.7136077E7 813.0 217.0
0.0 13.0 177404.0 3.370889194225487 160.0 2.5117755E7 2117.0 449.0
0.0 36.0 54817.0 0.8675153905643254 243.0 6.3658266E7 758.0 87.0
0.0 22.0 127224.0 2.926534588864689 133.0 1.856411E7 1885.0 210.0
0.0 28.0 112520.0 1.610622820691893 106.0 2.6451972E7 1420.0 199.0
0.0 29.0 142219.0 1.1762573076378553 127.0 3.6515282E7 1264.0 93.0
0.0 19.0 188043.0 4.070471659797985 40.0 7248223.0 2216.0 195.0
0.0 32.0 89166.0 0.7310168270939092 200.0 6.7136077E7 813.0 217.0
0.0 29.0 142219.0 1.1762573076378553 127.0 3.6515282E7 1264.0 93.0
0.0 19.0 188043.0 4.070471659797985 40.0 7248223.0 2216.0 195.0
0.0 23.0 185419.0 2.0457967608460392 33.0 2.8486781E7 1882.0 275.0
0.0 31.0 77028.0 1.5411695883396095 147.0 3.2711535E7 1266.0 92.0
0.0 22.0 132530.0 1.8173368022083631 119.0 3.3882802E7 1711.0 271.0
0.0 39.0 56782.0 0.5810163310860098 243.0 6.9502525E7 604.0 83.0
0.0 19.0 209167.0 1.5533264234835296 100.0 4.3304905E7 1773.0 340.0
0.0 29.0 76538.0 2.520772007741453 148.0 4.6042479E7 1221.0 105.0
0.0 28.0 112520.0 1.610622820691893 106.0 2.6451972E7 1420.0 199.0
0.0 19.0 188043.0 4.070471659797985 40.0 7248223.0 2216.0 195.0
0.0 34.0 79721.0 1.4257450359003894 164.0 4.8613204E7 968.0 167.0
0.0 22.0 154608.0 2.7882536544461596 90.0 2.4170941E7 1668.0 299.0
0.0 11.0 224915.0 4.180338484206854 26.0 4532542.0 2497.0 329.0
0.0 34.0 79721.0 1.4257450359003894 164.0 4.8613204E7 968.0 167.0
0.0 22.0 133844.0 4.104234036204979 105.0 1.8206891E7 1973.0 198.0
0.0 28.0 106222.0 1.2028237236779555 132.0 3.6385421E7 1256.0 212.0
0.0 20.0 132706.0 3.012756662045643 114.0 2.7742489E7 1749.0 248.0
0.0 21.0 172799.0 3.974646663380152 52.0 2.770071E7 1870.0 193.0
0.0 23.0 159437.0 2.700898742343207 94.0 1.9506494E7 1683.0 312.0
0.0 21.0 172799.0 3.974646663380152 52.0 2.770071E7 1870.0 193.0
0.0 28.0 94904.0 2.4616298298524826 129.0 4.6015414E7 1240.0 129.0
0.0 17.0 138450.0 4.244993395784554 113.0 3.1552104E7 1888.0 235.0
0.0 34.0 79721.0 1.4257450359003894 164.0 4.8613204E7 968.0 167.0
0.0 31.0 89906.0 2.509052779326193 161.0 3.2278281E7 1307.0 114.0
0.0 37.0 59602.0 1.1095616749691504 212.0 5.4002485E7 834.0 56.0
0.0 20.0 192496.0 1.3966511117817297 194.0 5.3140877E7 1407.0 340.0
0.0 19.0 188043.0 4.070471659797985 40.0 7248223.0 2216.0 195.0
0.0 36.0 54817.0 0.8675153905643254 243.0 6.3658266E7 758.0 87.0
0.0 30.0 81919.0 1.6112573224937383 206.0 7.1074341E7 910.0 134.0
0.0 34.0 61043.0 0.3972509735400851 292.0 6.8206966E7 754.0 99.0
0.0 28.0 94904.0 2.4616298298524826 129.0 4.6015414E7 1240.0 129.0
0.0 31.0 107063.0 0.6736103689400469 254.0 6.2242588E7 909.0 85.0
0.0 31.0 77028.0 1.5411695883396095 147.0 3.2711535E7 1266.0 92.0
0.0 25.0 117603.0 1.8106946321392594 118.0 3.9416706E7 1446.0 177.0
0.0 34.0 79721.0 1.4257450359003894 164.0 4.8613204E7 968.0 167.0
0.0 19.0 188043.0 4.070471659797985 40.0 7248223.0 2216.0 195.0
0.0 34.0 64836.0 2.4712158103074966 204.0 5.2865678E7 989.0 81.0
0.0 40.0 86528.0 0.08014152250006296 305.0 8.4998425E7 275.0 78.0
0.0 18.0 154387.0 1.8115795032270248 136.0 3.1890476E7 1913.0 390.0
0.0 29.0 142219.0 1.1762573076378553 127.0 3.6515282E7 1264.0 93.0
0.0 27.0 94759.0 1.9850899549375292 194.0 4.5513689E7 1302.0 153.0
0.0 21.0 172799.0 3.974646663380152 52.0 2.770071E7 1870.0 193.0
0.0 38.0 47887.0 0.15053360626366238 279.0 7.3954637E7 542.0 88.0
0.0 39.0 56782.0 0.5810163310860098 243.0 6.9502525E7 604.0 83.0
0.0 34.0 102650.0 0.3400919512687638 205.0 5.8081628E7 829.0 68.0
0.0 34.0 64836.0 2.4712158103074966 204.0 5.2865678E7 989.0 81.0
0.0 34.0 61043.0 0.3972509735400851 292.0 6.8206966E7 754.0 99.0
0.0 19.0 188043.0 4.070471659797985 40.0 7248223.0 2216.0 195.0
0.0 28.0 94904.0 2.4616298298524826 129.0 4.6015414E7 1240.0 129.0
0.0 29.0 142219.0 1.1762573076378553 127.0 3.6515282E7 1264.0 93.0
0.0 17.0 191835.0 3.1942619907066176 18.0 1.592477E7 2283.0 231.0
0.0 34.0 79721.0 1.4257450359003894 164.0 4.8613204E7 968.0 167.0
0.0 34.0 61043.0 0.3972509735400851 292.0 6.8206966E7 754.0 99.0
0.0 28.0 94904.0 2.4616298298524826 129.0 4.6015414E7 1240.0 129.0
0.0 22.0 154608.0 2.7882536544461596 90.0 2.4170941E7 1668.0 299.0
0.0 34.0 79721.0 1.4257450359003894 164.0 4.8613204E7 968.0 167.0
0.0 34.0 61043.0 0.3972509735400851 292.0 6.8206966E7 754.0 99.0
0.0 34.0 64836.0 2.4712158103074966 204.0 5.2865678E7 989.0 81.0
0.0 22.0 132530.0 1.8173368022083631 119.0 3.3882802E7 1711.0 271.0
0.0 36.0 52150.0 1.2405366533988313 246.0 5.864301E7 796.0 58.0
0.0 25.0 117603.0 1.8106946321392594 118.0 3.9416706E7 1446.0 177.0
0.0 25.0 117603.0 1.8106946321392594 118.0 3.9416706E7 1446.0 177.0
0.0 20.0 192496.0 1.3966511117817297 194.0 5.3140877E7 1407.0 340.0
0.0 20.0 192496.0 1.3966511117817297 194.0 5.3140877E7 1407.0 340.0
0.0 32.0 89166.0 0.7310168270939092 200.0 6.7136077E7 813.0 217.0
0.0 19.0 188946.0 2.405231912387084 86.0 3.1594669E7 2040.0 215.0
0.0 12.0 246741.0 3.208302067829344 22.0 5279579.0 2338.0 400.0
0.0 14.0 271269.0 2.343758559217075 43.0 1.6316915E7 2257.0 340.0
0.0 19.0 188043.0 4.070471659797985 40.0 7248223.0 2216.0 195.0
0.0 34.0 102650.0 0.3400919512687638 205.0 5.8081628E7 829.0 68.0
0.0 25.0 117603.0 1.8106946321392594 118.0 3.9416706E7 1446.0 177.0
0.0 11.0 224915.0 4.180338484206854 26.0 4532542.0 2497.0 329.0
0.0 7.0 235833.0 5.22504664433825 45.0 7367473.0 2789.0 376.0
0.0 36.0 54817.0 0.8675153905643254 243.0 6.3658266E7 758.0 87.0
0.0 20.0 132706.0 3.012756662045643 114.0 2.7742489E7 1749.0 248.0
0.0 38.0 47887.0 0.15053360626366238 279.0 7.3954637E7 542.0 88.0
0.0 27.0 111837.0 2.4550932864738337 104.0 3.1037483E7 1436.0 158.0
0.0 29.0 142219.0 1.1762573076378553 127.0 3.6515282E7 1264.0 93.0
0.0 20.0 132706.0 3.012756662045643 114.0 2.7742489E7 1749.0 248.0
0.0 23.0 185419.0 2.0457967608460392 33.0 2.8486781E7 1882.0 275.0
0.0 39.0 28504.0 1.7543089861988717 278.0 7.9252616E7 458.0 59.0
0.0 20.0 132706.0 3.012756662045643 114.0 2.7742489E7 1749.0 248.0
0.0 11.0 248012.0 3.240560132345473 21.0 5041191.0 2390.0 404.0
0.0 14.0 200352.0 3.290349842456789 17.0 1.5055289E7 2400.0 245.0
0.0 31.0 96170.0 1.2457568139794668 150.0 5.2625498E7 1043.0 145.0
0.0 25.0 117603.0 1.8106946321392594 118.0 3.9416706E7 1446.0 177.0
0.0 22.0 132530.0 1.8173368022083631 119.0 3.3882802E7 1711.0 271.0
0.0 11.0 224915.0 4.180338484206854 26.0 4532542.0 2497.0 329.0
0.0 39.0 56782.0 0.5810163310860098 243.0 6.9502525E7 604.0 83.0
0.0 36.0 64344.0 0.7512648993700983 234.0 6.8807929E7 652.0 132.0
0.0 19.0 197711.0 3.242622157671436 22.0 1.2251937E7 2230.0 245.0
0.0 19.0 188043.0 4.070471659797985 40.0 7248223.0 2216.0 195.0
0.0 19.0 197711.0 3.242622157671436 22.0 1.2251937E7 2230.0 245.0
0.0 14.0 200352.0 3.290349842456789 17.0 1.5055289E7 2400.0 245.0
0.0 34.0 61043.0 0.3972509735400851 292.0 6.8206966E7 754.0 99.0
0.0 22.0 127224.0 2.926534588864689 133.0 1.856411E7 1885.0 210.0
0.0 31.0 107063.0 0.6736103689400469 254.0 6.2242588E7 909.0 85.0
0.0 22.0 153407.0 3.031941644331348 85.0 2.4279006E7 1760.0 241.0
0.0 40.0 43520.0 0.15867805270437402 282.0 8.0190988E7 360.0 134.0
0.0 22.0 153407.0 3.031941644331348 85.0 2.4279006E7 1760.0 241.0
0.0 34.0 61043.0 0.3972509735400851 292.0 6.8206966E7 754.0 99.0
0.0 11.0 248012.0 3.240560132345473 21.0 5041191.0 2390.0 404.0
0.0 16.0 210878.0 2.9765070972287706 24.0 1.5857802E7 2294.0 287.0
0.0 30.0 76284.0 1.558286005501811 207.0 5.6645999E7 1067.0 102.0
0.0 14.0 200352.0 3.290349842456789 17.0 1.5055289E7 2400.0 245.0
0.0 27.0 113029.0 1.6222580622124636 126.0 3.1436263E7 1453.0 188.0
0.0 22.0 153407.0 3.031941644331348 85.0 2.4279006E7 1760.0 241.0
0.0 11.0 248012.0 3.240560132345473 21.0 5041191.0 2390.0 404.0
0.0 11.0 224915.0 4.180338484206854 26.0 4532542.0 2497.0 329.0
0.0 19.0 197711.0 3.242622157671436 22.0 1.2251937E7 2230.0 245.0
0.0 20.0 192496.0 1.3966511117817297 194.0 5.3140877E7 1407.0 340.0
0.0 19.0 188043.0 4.070471659797985 40.0 7248223.0 2216.0 195.0
0.0 33.0 83716.0 2.2726649935192254 173.0 4.2990671E7 1102.0 114.0
0.0 39.0 28504.0 1.7543089861988717 278.0 7.9252616E7 458.0 59.0
0.0 17.0 207705.0 3.059404498137987 16.0 2.1149037E7 2158.0 285.0
0.0 11.0 224915.0 4.180338484206854 26.0 4532542.0 2497.0 329.0
0.0 20.0 192496.0 1.3966511117817297 194.0 5.3140877E7 1407.0 340.0
0.0 28.0 112520.0 1.610622820691893 106.0 2.6451972E7 1420.0 199.0
0.0 29.0 142219.0 1.1762573076378553 127.0 3.6515282E7 1264.0 93.0
0.0 17.0 207705.0 3.059404498137987 16.0 2.1149037E7 2158.0 285.0
0.0 33.0 83716.0 2.2726649935192254 173.0 4.2990671E7 1102.0 114.0
0.0 36.0 54817.0 0.8675153905643254 243.0 6.3658266E7 758.0 87.0
0.0 28.0 112520.0 1.610622820691893 106.0 2.6451972E7 1420.0 199.0
0.0 12.0 246741.0 3.208302067829344 22.0 5279579.0 2338.0 400.0
0.0 27.0 139352.0 0.8607234480434875 119.0 4.1454822E7 1301.0 278.0
0.0 31.0 97832.0 1.4459314931015144 153.0 3.7476327E7 1185.0 192.0
0.0 19.0 188946.0 2.405231912387084 86.0 3.1594669E7 2040.0 215.0
0.0 23.0 185419.0 2.0457967608460392 33.0 2.8486781E7 1882.0 275.0
0.0 28.0 106222.0 1.2028237236779555 132.0 3.6385421E7 1256.0 212.0
0.0 31.0 77028.0 1.5411695883396095 147.0 3.2711535E7 1266.0 92.0
0.0 7.0 235833.0 5.22504664433825 45.0 7367473.0 2789.0 376.0
0.0 12.0 246741.0 3.208302067829344 22.0 5279579.0 2338.0 400.0
0.0 25.0 117603.0 1.8106946321392594 118.0 3.9416706E7 1446.0 177.0
0.0 20.0 132706.0 3.012756662045643 114.0 2.7742489E7 1749.0 248.0
0.0 32.0 89166.0 0.7310168270939092 200.0 6.7136077E7 813.0 217.0
0.0 28.0 112520.0 1.610622820691893 106.0 2.6451972E7 1420.0 199.0
0.0 27.0 113029.0 1.6222580622124636 126.0 3.1436263E7 1453.0 188.0
0.0 22.0 133844.0 4.104234036204979 105.0 1.8206891E7 1973.0 198.0
0.0 11.0 248012.0 3.240560132345473 21.0 5041191.0 2390.0 404.0
0.0 20.0 192496.0 1.3966511117817297 194.0 5.3140877E7 1407.0 340.0
0.0 20.0 132706.0 3.012756662045643 114.0 2.7742489E7 1749.0 248.0
0.0 27.0 113029.0 1.6222580622124636 126.0 3.1436263E7 1453.0 188.0
0.0 15.0 243646.0 2.400916604445416 98.0 2.046348E7 2104.0 319.0
0.0 22.0 154608.0 2.7882536544461596 90.0 2.4170941E7 1668.0 299.0
0.0 31.0 77028.0 1.5411695883396095 147.0 3.2711535E7 1266.0 92.0
0.0 29.0 142219.0 1.1762573076378553 127.0 3.6515282E7 1264.0 93.0
0.0 11.0 248012.0 3.240560132345473 21.0 5041191.0 2390.0 404.0
0.0 23.0 185419.0 2.0457967608460392 33.0 2.8486781E7 1882.0 275.0
0.0 34.0 61043.0 0.3972509735400851 292.0 6.8206966E7 754.0 99.0
0.0 15.0 243646.0 2.400916604445416 98.0 2.046348E7 2104.0 319.0
0.0 25.0 117603.0 1.8106946321392594 118.0 3.9416706E7 1446.0 177.0
0.0 11.0 248012.0 3.240560132345473 21.0 5041191.0 2390.0 404.0
0.0 29.0 142219.0 1.1762573076378553 127.0 3.6515282E7 1264.0 93.0
0.0 12.0 246741.0 3.208302067829344 22.0 5279579.0 2338.0 400.0
0.0 31.0 96170.0 1.2457568139794668 150.0 5.2625498E7 1043.0 145.0
0.0 19.0 188946.0 2.405231912387084 86.0 3.1594669E7 2040.0 215.0
0.0 17.0 213817.0 2.9011734141839494 33.0 2.2142042E7 2070.0 256.0
0.0 31.0 87336.0 1.714323579731055 183.0 4.2465418E7 1191.0 131.0
0.0 25.0 130337.0 1.7429547267942909 108.0 4.0321149E7 1305.0 344.0
0.0 7.0 266928.0 5.2568332209589865 15.0 2561673.0 2803.0 452.0
0.0 33.0 74199.0 1.4617890175190735 197.0 5.7586058E7 923.0 144.0
0.0 19.0 188946.0 2.405231912387084 86.0 3.1594669E7 2040.0 215.0
0.0 24.0 108855.0 2.567057075248931 127.0 3.0095309E7 1550.0 201.0
0.0 14.0 271269.0 2.343758559217075 43.0 1.6316915E7 2257.0 340.0
0.0 28.0 94904.0 2.4616298298524826 129.0 4.6015414E7 1240.0 129.0
0.0 25.0 117603.0 1.8106946321392594 118.0 3.9416706E7 1446.0 177.0
0.0 27.0 96807.0 2.619273940128172 120.0 3.5907833E7 1324.0 194.0
0.0 25.0 117603.0 1.8106946321392594 118.0 3.9416706E7 1446.0 177.0
0.0 19.0 188946.0 2.405231912387084 86.0 3.1594669E7 2040.0 215.0
0.0 31.0 87336.0 1.714323579731055 183.0 4.2465418E7 1191.0 131.0
0.0 20.0 132706.0 3.012756662045643 114.0 2.7742489E7 1749.0 248.0
0.0 27.0 113029.0 1.6222580622124636 126.0 3.1436263E7 1453.0 188.0
0.0 25.0 130337.0 1.7429547267942909 108.0 4.0321149E7 1305.0 344.0
0.0 22.0 153407.0 3.031941644331348 85.0 2.4279006E7 1760.0 241.0
0.0 34.0 61043.0 0.3972509735400851 292.0 6.8206966E7 754.0 99.0
0.0 22.0 133844.0 4.104234036204979 105.0 1.8206891E7 1973.0 198.0
0.0 19.0 188043.0 4.070471659797985 40.0 7248223.0 2216.0 195.0
0.0 29.0 142219.0 1.1762573076378553 127.0 3.6515282E7 1264.0 93.0
0.0 7.0 240378.0 4.146774524498826 40.0 1.2649138E7 2685.0 390.0
0.0 22.0 132530.0 1.8173368022083631 119.0 3.3882802E7 1711.0 271.0
0.0 17.0 207705.0 3.059404498137987 16.0 2.1149037E7 2158.0 285.0
