0.0 11.0 277914.0 3.235493028555128 16.0 1.854565E7 2486.0 280.0
0.0 25.0 104327.0 1.890318579669424 181.0 3.4680655E7 1624.0 211.0
0.0 30.0 87392.0 2.4403265717071196 137.0 4.6390757E7 1200.0 102.0
0.0 30.0 112534.0 0.9471104649769567 197.0 5.1922061E7 1039.0 322.0
0.0 34.0 91011.0 0.6668842266313249 279.0 6.3270847E7 807.0 69.0
0.0 30.0 87392.0 2.4403265717071196 137.0 4.6390757E7 1200.0 102.0
0.0 26.0 159696.0 1.5711114570297686 114.0 3.4649406E7 1623.0 199.0
0.0 23.0 184032.0 2.024973384575907 53.0 2.3494686E7 1831.0 273.0
0.0 29.0 150461.0 1.5008946585909957 135.0 4.1661943E7 1213.0 153.0
0.0 36.0 46821.0 0.47863189149406926 290.0 7.342523E7 653.0 115.0
0.0 43.0 33669.0 0.37523666630943453 285.0 8.5683263E7 276.0 33.0
0.0 19.0 216754.0 3.0417535466857464 32.0 7695638.0 2195.0 290.0
0.0 29.0 150461.0 1.5008946585909957 135.0 4.1661943E7 1213.0 153.0
0.0 9.0 240629.0 4.123579452971536 29.0 1.3248814E7 2631.0 374.0
0.0 26.0 151433.0 2.532063489759827 110.0 2.5971302E7 1453.0 182.0
0.0 22.0 116122.0 1.3244910596625228 194.0 5.3212463E7 1397.0 235.0
0.0 36.0 62631.0 0.5069436450266424 244.0 5.8226066E7 863.0 79.0
0.0 30.0 87392.0 2.4403265717071196 137.0 4.6390757E7 1200.0 102.0
0.0 6.0 249964.0 4.725593092425684 36.0 1.1689761E7 2799.0 377.0
0.0 30.0 87392.0 2.4403265717071196 137.0 4.6390757E7 1200.0 102.0
0.0 22.0 116122.0 1.3244910596625228 194.0 5.3212463E7 1397.0 235.0
0.0 30.0 87392.0 2.4403265717071196 137.0 4.6390757E7 1200.0 102.0
0.0 27.0 120525.0 1.7441874551057666 120.0 4.0075728E7 1371.0 241.0
0.0 26.0 127157.0 1.7547412287210782 144.0 3.5355744E7 1632.0 194.0
0.0 30.0 93192.0 1.38237286339725 142.0 3.6530285E7 1247.0 173.0
0.0 27.0 120525.0 1.7441874551057666 120.0 4.0075728E7 1371.0 241.0
0.0 11.0 277914.0 3.235493028555128 16.0 1.854565E7 2486.0 280.0
0.0 38.0 51976.0 0.2971661290560146 272.0 8.4542522E7 397.0 184.0
0.0 43.0 33669.0 0.37523666630943453 285.0 8.5683263E7 276.0 33.0
0.0 32.0 134590.0 1.258128652667095 136.0 3.809415E7 1169.0 86.0
0.0 32.0 134590.0 1.258128652667095 136.0 3.809415E7 1169.0 86.0
0.0 32.0 134590.0 1.258128652667095 136.0 3.809415E7 1169.0 86.0
0.0 11.0 277914.0 3.235493028555128 16.0 1.854565E7 2486.0 280.0
0.0 34.0 45791.0 1.3581181996855047 238.0 5.3459276E7 945.0 60.0
0.0 13.0 219722.0 4.754759907939084 16.0 1.4203903E7 2469.0 248.0
0.0 38.0 56794.0 1.0654535969204257 236.0 6.4772238E7 638.0 131.0
0.0 39.0 40782.0 1.7993280518733494 243.0 6.9784206E7 619.0 50.0
0.0 24.0 195619.0 1.6264985152320044 53.0 3.3834539E7 1598.0 293.0
0.0 24.0 140539.0 0.9854484053766848 158.0 4.8638567E7 1493.0 309.0
0.0 37.0 60874.0 0.6569300960217819 213.0 5.8973314E7 788.0 62.0
0.0 22.0 116122.0 1.3244910596625228 194.0 5.3212463E7 1397.0 235.0
0.0 27.0 171925.0 2.547516337565616 103.0 3.0725857E7 1466.0 136.0
0.0 27.0 120525.0 1.7441874551057666 120.0 4.0075728E7 1371.0 241.0
0.0 38.0 56794.0 1.0654535969204257 236.0 6.4772238E7 638.0 131.0
0.0 21.0 168742.0 3.22717006472227 116.0 3.8371701E7 1563.0 143.0
0.0 24.0 195619.0 1.6264985152320044 53.0 3.3834539E7 1598.0 293.0
0.0 20.0 186173.0 2.891899745516156 87.0 1.7928544E7 1827.0 238.0
0.0 17.0 212275.0 1.3799123223926215 102.0 3.2301513E7 1893.0 399.0
0.0 15.0 280685.0 2.050526151569269 38.0 3.0399337E7 2135.0 395.0
0.0 7.0 297928.0 4.164132435405124 41.0 1.2500376E7 2704.0 356.0
0.0 34.0 91011.0 0.6668842266313249 279.0 6.3270847E7 807.0 69.0
0.0 37.0 60077.0 1.233456636641395 238.0 5.8983475E7 792.0 92.0
0.0 22.0 116122.0 1.3244910596625228 194.0 5.3212463E7 1397.0 235.0
0.0 17.0 212275.0 1.3799123223926215 102.0 3.2301513E7 1893.0 399.0
0.0 22.0 116122.0 1.3244910596625228 194.0 5.3212463E7 1397.0 235.0
0.0 18.0 203308.0 2.918670644461802 34.0 2.1184185E7 2163.0 231.0
0.0 43.0 33669.0 0.37523666630943453 285.0 8.5683263E7 276.0 33.0
0.0 39.0 49376.0 0.15854740216546803 303.0 7.9416833E7 442.0 143.0
0.0 28.0 117094.0 1.4276527297297479 133.0 4.1382741E7 1258.0 299.0
0.0 30.0 95272.0 1.4637429552936576 152.0 3.7090361E7 1234.0 200.0
0.0 30.0 87392.0 2.4403265717071196 137.0 4.6390757E7 1200.0 102.0
0.0 23.0 136942.0 1.9310993307283684 118.0 3.0037513E7 1515.0 370.0
0.0 27.0 120525.0 1.7441874551057666 120.0 4.0075728E7 1371.0 241.0
0.0 25.0 112074.0 2.7673576074068857 106.0 2.9412647E7 1543.0 149.0
0.0 40.0 27572.0 0.28578521776138455 309.0 8.5357748E7 348.0 120.0
0.0 34.0 45791.0 1.3581181996855047 238.0 5.3459276E7 945.0 60.0
0.0 22.0 133922.0 2.819405510869932 88.0 2.388397E7 1684.0 271.0
0.0 30.0 87392.0 2.4403265717071196 137.0 4.6390757E7 1200.0 102.0
0.0 33.0 101997.0 0.7192367552895674 208.0 5.815789E7 940.0 148.0
0.0 34.0 45791.0 1.3581181996855047 238.0 5.3459276E7 945.0 60.0
0.0 34.0 91011.0 0.6668842266313249 279.0 6.3270847E7 807.0 69.0
0.0 36.0 46821.0 0.47863189149406926 290.0 7.342523E7 653.0 115.0
0.0 25.0 112074.0 2.7673576074068857 106.0 2.9412647E7 1543.0 149.0
0.0 43.0 33669.0 0.37523666630943453 285.0 8.5683263E7 276.0 33.0
0.0 37.0 60874.0 0.6569300960217819 213.0 5.8973314E7 788.0 62.0
0.0 20.0 186173.0 2.891899745516156 87.0 1.7928544E7 1827.0 238.0
0.0 23.0 136942.0 1.9310993307283684 118.0 3.0037513E7 1515.0 370.0
0.0 23.0 136942.0 1.9310993307283684 118.0 3.0037513E7 1515.0 370.0
0.0 36.0 68456.0 0.7851540538283837 232.0 6.9298254E7 659.0 171.0
0.0 32.0 134590.0 1.258128652667095 136.0 3.809415E7 1169.0 86.0
0.0 18.0 167767.0 4.307845655067273 76.0 1.7089622E7 1998.0 316.0
0.0 22.0 116122.0 1.3244910596625228 194.0 5.3212463E7 1397.0 235.0
0.0 32.0 106335.0 0.8421859780277263 197.0 5.2467695E7 1014.0 218.0
0.0 25.0 112074.0 2.7673576074068857 106.0 2.9412647E7 1543.0 149.0
0.0 33.0 79287.0 0.9309395391286115 201.0 6.2756296E7 826.0 257.0
0.0 19.0 216754.0 3.0417535466857464 32.0 7695638.0 2195.0 290.0
0.0 43.0 33669.0 0.37523666630943453 285.0 8.5683263E7 276.0 33.0
0.0 23.0 138425.0 2.747341805628538 109.0 1.9032383E7 1746.0 193.0
0.0 25.0 112074.0 2.7673576074068857 106.0 2.9412647E7 1543.0 149.0
0.0 32.0 134590.0 1.258128652667095 136.0 3.809415E7 1169.0 86.0
0.0 27.0 120525.0 1.7441874551057666 120.0 4.0075728E7 1371.0 241.0
0.0 30.0 95272.0 1.4637429552936576 152.0 3.7090361E7 1234.0 200.0
0.0 25.0 112074.0 2.7673576074068857 106.0 2.9412647E7 1543.0 149.0
0.0 7.0 257583.0 5.011025340417422 25.0 7080431.0 2773.0 470.0
0.0 21.0 211483.0 1.3988267372206675 87.0 5.2384672E7 1699.0 298.0
0.0 15.0 280685.0 2.050526151569269 38.0 3.0399337E7 2135.0 395.0
0.0 13.0 219722.0 4.754759907939084 16.0 1.4203903E7 2469.0 248.0
0.0 25.0 112074.0 2.7673576074068857 106.0 2.9412647E7 1543.0 149.0
0.0 21.0 230978.0 1.230957561839315 88.0 3.7540446E7 1842.0 263.0
0.0 11.0 277914.0 3.235493028555128 16.0 1.854565E7 2486.0 280.0
0.0 26.0 151433.0 2.532063489759827 110.0 2.5971302E7 1453.0 182.0
0.0 12.0 254594.0 3.3517523891420926 9.0 1.4741747E7 2422.0 407.0
0.0 16.0 206708.0 3.1350640870847526 31.0 1.0665135E7 2351.0 233.0
0.0 16.0 206708.0 3.1350640870847526 31.0 1.0665135E7 2351.0 233.0
0.0 21.0 230978.0 1.230957561839315 88.0 3.7540446E7 1842.0 263.0
0.0 23.0 138425.0 2.747341805628538 109.0 1.9032383E7 1746.0 193.0
0.0 23.0 138425.0 2.747341805628538 109.0 1.9032383E7 1746.0 193.0
0.0 9.0 261687.0 3.3968513423724573 22.0 1.3210832E7 2610.0 472.0
0.0 33.0 79287.0 0.9309395391286115 201.0 6.2756296E7 826.0 257.0
0.0 25.0 112074.0 2.7673576074068857 106.0 2.9412647E7 1543.0 149.0
0.0 25.0 112074.0 2.7673576074068857 106.0 2.9412647E7 1543.0 149.0
0.0 21.0 230978.0 1.230957561839315 88.0 3.7540446E7 1842.0 263.0
0.0 16.0 206708.0 3.1350640870847526 31.0 1.0665135E7 2351.0 233.0
0.0 34.0 45791.0 1.3581181996855047 238.0 5.3459276E7 945.0 60.0
0.0 43.0 33669.0 0.37523666630943453 285.0 8.5683263E7 276.0 33.0
0.0 30.0 102046.0 2.438786178835457 126.0 3.644894E7 1293.0 132.0
0.0 16.0 206708.0 3.1350640870847526 31.0 1.0665135E7 2351.0 233.0
0.0 8.0 290585.0 5.241735908482218 12.0 7515505.0 2810.0 320.0
0.0 33.0 79287.0 0.9309395391286115 201.0 6.2756296E7 826.0 257.0
0.0 38.0 51976.0 0.2971661290560146 272.0 8.4542522E7 397.0 184.0
0.0 24.0 195619.0 1.6264985152320044 53.0 3.3834539E7 1598.0 293.0
0.0 18.0 168682.0 3.017771603845518 78.0 2.7385038E7 1797.0 332.0
0.0 22.0 116122.0 1.3244910596625228 194.0 5.3212463E7 1397.0 235.0
0.0 30.0 87392.0 2.4403265717071196 137.0 4.6390757E7 1200.0 102.0
0.0 21.0 230978.0 1.230957561839315 88.0 3.7540446E7 1842.0 263.0
0.0 16.0 206708.0 3.1350640870847526 31.0 1.0665135E7 2351.0 233.0
0.0 29.0 122861.0 1.3861545998880889 133.0 4.5980704E7 1148.0 246.0
0.0 16.0 206708.0 3.1350640870847526 31.0 1.0665135E7 2351.0 233.0
0.0 41.0 15030.0 0.2779220779220779 339.0 8.5522657E7 295.0 94.0
0.0 30.0 93192.0 1.38237286339725 142.0 3.6530285E7 1247.0 173.0
0.0 22.0 244053.0 1.9153962502507322 55.0 2.3017739E7 1870.0 210.0
0.0 22.0 192722.0 2.7707376591911923 32.0 2.3023532E7 2025.0 185.0
0.0 22.0 244053.0 1.9153962502507322 55.0 2.3017739E7 1870.0 210.0
0.0 34.0 45791.0 1.3581181996855047 238.0 5.3459276E7 945.0 60.0
0.0 41.0 15030.0 0.2779220779220779 339.0 8.5522657E7 295.0 94.0
0.0 30.0 87392.0 2.4403265717071196 137.0 4.6390757E7 1200.0 102.0
0.0 30.0 93192.0 1.38237286339725 142.0 3.6530285E7 1247.0 173.0
0.0 29.0 150461.0 1.5008946585909957 135.0 4.1661943E7 1213.0 153.0
0.0 30.0 87392.0 2.4403265717071196 137.0 4.6390757E7 1200.0 102.0
0.0 43.0 33669.0 0.37523666630943453 285.0 8.5683263E7 276.0 33.0
0.0 30.0 93192.0 1.38237286339725 142.0 3.6530285E7 1247.0 173.0
0.0 30.0 93192.0 1.38237286339725 142.0 3.6530285E7 1247.0 173.0
0.0 11.0 222466.0 3.365275695459014 52.0 1.8611006E7 2488.0 340.0
0.0 25.0 104327.0 1.890318579669424 181.0 3.4680655E7 1624.0 211.0
0.0 39.0 48495.0 0.2642370321201265 275.0 7.4747051E7 514.0 88.0
0.0 34.0 45791.0 1.3581181996855047 238.0 5.3459276E7 945.0 60.0
0.0 22.0 192722.0 2.7707376591911923 32.0 2.3023532E7 2025.0 185.0
0.0 22.0 244053.0 1.9153962502507322 55.0 2.3017739E7 1870.0 210.0
0.0 39.0 40782.0 1.7993280518733494 243.0 6.9784206E7 619.0 50.0
0.0 39.0 40782.0 1.7993280518733494 243.0 6.9784206E7 619.0 50.0
0.0 30.0 87392.0 2.4403265717071196 137.0 4.6390757E7 1200.0 102.0
0.0 22.0 116122.0 1.3244910596625228 194.0 5.3212463E7 1397.0 235.0
0.0 29.0 108508.0 1.5039719430636291 128.0 3.6183624E7 1329.0 142.0
0.0 22.0 192722.0 2.7707376591911923 32.0 2.3023532E7 2025.0 185.0
0.0 31.0 140109.0 0.9049614647662235 197.0 5.68925E7 982.0 145.0
0.0 38.0 56794.0 1.0654535969204257 236.0 6.4772238E7 638.0 131.0
0.0 24.0 195619.0 1.6264985152320044 53.0 3.3834539E7 1598.0 293.0
0.0 9.0 261687.0 3.3968513423724573 22.0 1.3210832E7 2610.0 472.0
0.0 22.0 192722.0 2.7707376591911923 32.0 2.3023532E7 2025.0 185.0
0.0 23.0 136942.0 1.9310993307283684 118.0 3.0037513E7 1515.0 370.0
0.0 22.0 192722.0 2.7707376591911923 32.0 2.3023532E7 2025.0 185.0
0.0 13.0 219722.0 4.754759907939084 16.0 1.4203903E7 2469.0 248.0
0.0 16.0 206708.0 3.1350640870847526 31.0 1.0665135E7 2351.0 233.0
0.0 25.0 112074.0 2.7673576074068857 106.0 2.9412647E7 1543.0 149.0
0.0 22.0 244053.0 1.9153962502507322 55.0 2.3017739E7 1870.0 210.0
0.0 22.0 116122.0 1.3244910596625228 194.0 5.3212463E7 1397.0 235.0
0.0 32.0 134590.0 1.258128652667095 136.0 3.809415E7 1169.0 86.0
0.0 34.0 45791.0 1.3581181996855047 238.0 5.3459276E7 945.0 60.0
0.0 22.0 116122.0 1.3244910596625228 194.0 5.3212463E7 1397.0 235.0
0.0 23.0 138425.0 2.747341805628538 109.0 1.9032383E7 1746.0 193.0
0.0 33.0 101997.0 0.7192367552895674 208.0 5.815789E7 940.0 148.0
0.0 15.0 280685.0 2.050526151569269 38.0 3.0399337E7 2135.0 395.0
0.0 22.0 192722.0 2.7707376591911923 32.0 2.3023532E7 2025.0 185.0
0.0 36.0 73233.0 2.099163056859394 206.0 6.3605446E7 727.0 116.0
0.0 20.0 186173.0 2.891899745516156 87.0 1.7928544E7 1827.0 238.0
0.0 38.0 46910.0 0.837355311690019 278.0 6.9507145E7 579.0 86.0
0.0 34.0 91011.0 0.6668842266313249 279.0 6.3270847E7 807.0 69.0
0.0 13.0 219722.0 4.754759907939084 16.0 1.4203903E7 2469.0 248.0
0.0 20.0 186173.0 2.891899745516156 87.0 1.7928544E7 1827.0 238.0
0.0 21.0 230978.0 1.230957561839315 88.0 3.7540446E7 1842.0 263.0
0.0 21.0 230978.0 1.230957561839315 88.0 3.7540446E7 1842.0 263.0
0.0 23.0 136942.0 1.9310993307283684 118.0 3.0037513E7 1515.0 370.0
0.0 18.0 168682.0 3.017771603845518 78.0 2.7385038E7 1797.0 332.0
0.0 26.0 151433.0 2.532063489759827 110.0 2.5971302E7 1453.0 182.0
0.0 23.0 136942.0 1.9310993307283684 118.0 3.0037513E7 1515.0 370.0
0.0 19.0 216754.0 3.0417535466857464 32.0 7695638.0 2195.0 290.0
0.0 39.0 40782.0 1.7993280518733494 243.0 6.9784206E7 619.0 50.0
0.0 34.0 62542.0 0.6109283545464204 285.0 7.2691009E7 683.0 151.0
0.0 23.0 138425.0 2.747341805628538 109.0 1.9032383E7 1746.0 193.0
0.0 29.0 117881.0 0.8079441157187269 192.0 5.5773779E7 1133.0 243.0
0.0 23.0 138425.0 2.747341805628538 109.0 1.9032383E7 1746.0 193.0
0.0 17.0 212275.0 1.3799123223926215 102.0 3.2301513E7 1893.0 399.0
0.0 39.0 48495.0 0.2642370321201265 275.0 7.4747051E7 514.0 88.0
0.0 32.0 134590.0 1.258128652667095 136.0 3.809415E7 1169.0 86.0
0.0 16.0 160624.0 3.8227504441570144 187.0 2.6311553E7 1848.0 273.0
0.0 43.0 33669.0 0.37523666630943453 285.0 8.5683263E7 276.0 33.0
0.0 22.0 244053.0 1.9153962502507322 55.0 2.3017739E7 1870.0 210.0
0.0 27.0 171925.0 2.547516337565616 103.0 3.0725857E7 1466.0 136.0
0.0 15.0 239147.0 2.9955754253070666 26.0 1.0896571E7 2246.0 396.0
0.0 34.0 91011.0 0.6668842266313249 279.0 6.3270847E7 807.0 69.0
0.0 33.0 101997.0 0.7192367552895674 208.0 5.815789E7 940.0 148.0
0.0 25.0 112074.0 2.7673576074068857 106.0 2.9412647E7 1543.0 149.0
0.0 30.0 93192.0 1.38237286339725 142.0 3.6530285E7 1247.0 173.0
0.0 16.0 206708.0 3.1350640870847526 31.0 1.0665135E7 2351.0 233.0
0.0 38.0 46910.0 0.837355311690019 278.0 6.9507145E7 579.0 86.0
0.0 23.0 138425.0 2.747341805628538 109.0 1.9032383E7 1746.0 193.0
0.0 24.0 195619.0 1.6264985152320044 53.0 3.3834539E7 1598.0 293.0
0.0 16.0 206708.0 3.1350640870847526 31.0 1.0665135E7 2351.0 233.0
0.0 21.0 230978.0 1.230957561839315 88.0 3.7540446E7 1842.0 263.0
0.0 16.0 206708.0 3.1350640870847526 31.0 1.0665135E7 2351.0 233.0
0.0 43.0 33669.0 0.37523666630943453 285.0 8.5683263E7 276.0 33.0
0.0 38.0 51976.0 0.2971661290560146 272.0 8.4542522E7 397.0 184.0
0.0 37.0 60874.0 0.6569300960217819 213.0 5.8973314E7 788.0 62.0
0.0 23.0 138425.0 2.747341805628538 109.0 1.9032383E7 1746.0 193.0
0.0 33.0 79287.0 0.9309395391286115 201.0 6.2756296E7 826.0 257.0
0.0 25.0 112074.0 2.7673576074068857 106.0 2.9412647E7 1543.0 149.0
0.0 22.0 192722.0 2.7707376591911923 32.0 2.3023532E7 2025.0 185.0
0.0 34.0 127257.0 0.43806217149348015 232.0 6.7972608E7 732.0 170.0
0.0 15.0 239147.0 2.9955754253070666 26.0 1.0896571E7 2246.0 396.0
0.0 22.0 244053.0 1.9153962502507322 55.0 2.3017739E7 1870.0 210.0
0.0 22.0 192722.0 2.7707376591911923 32.0 2.3023532E7 2025.0 185.0
0.0 18.0 168682.0 3.017771603845518 78.0 2.7385038E7 1797.0 332.0
0.0 18.0 168682.0 3.017771603845518 78.0 2.7385038E7 1797.0 332.0
0.0 22.0 116122.0 1.3244910596625228 194.0 5.3212463E7 1397.0 235.0
0.0 38.0 56794.0 1.0654535969204257 236.0 6.4772238E7 638.0 131.0
0.0 25.0 112074.0 2.7673576074068857 106.0 2.9412647E7 1543.0 149.0
0.0 22.0 116122.0 1.3244910596625228 194.0 5.3212463E7 1397.0 235.0
0.0 7.0 257583.0 5.011025340417422 25.0 7080431.0 2773.0 470.0
0.0 30.0 95272.0 1.4637429552936576 152.0 3.7090361E7 1234.0 200.0
0.0 22.0 244053.0 1.9153962502507322 55.0 2.3017739E7 1870.0 210.0
0.0 37.0 60077.0 1.233456636641395 238.0 5.8983475E7 792.0 92.0
0.0 30.0 95272.0 1.4637429552936576 152.0 3.7090361E7 1234.0 200.0
0.0 34.0 91011.0 0.6668842266313249 279.0 6.3270847E7 807.0 69.0
0.0 39.0 105365.0 0.36474838850227775 251.0 7.933993E7 423.0 81.0
0.0 25.0 112074.0 2.7673576074068857 106.0 2.9412647E7 1543.0 149.0
0.0 22.0 116122.0 1.3244910596625228 194.0 5.3212463E7 1397.0 235.0
0.0 34.0 127257.0 0.43806217149348015 232.0 6.7972608E7 732.0 170.0
0.0 26.0 151433.0 2.532063489759827 110.0 2.5971302E7 1453.0 182.0
0.0 11.0 277914.0 3.235493028555128 16.0 1.854565E7 2486.0 280.0
0.0 22.0 192722.0 2.7707376591911923 32.0 2.3023532E7 2025.0 185.0
0.0 25.0 112074.0 2.7673576074068857 106.0 2.9412647E7 1543.0 149.0
0.0 19.0 216754.0 3.0417535466857464 32.0 7695638.0 2195.0 290.0
0.0 14.0 217691.0 3.762494606986772 36.0 1.0087007E7 2324.0 290.0
0.0 22.0 244053.0 1.9153962502507322 55.0 2.3017739E7 1870.0 210.0
0.0 30.0 95272.0 1.4637429552936576 152.0 3.7090361E7 1234.0 200.0
0.0 33.0 101997.0 0.7192367552895674 208.0 5.815789E7 940.0 148.0
0.0 36.0 46821.0 0.47863189149406926 290.0 7.342523E7 653.0 115.0
0.0 10.0 241853.0 3.543273649280022 34.0 1.4305424E7 2590.0 378.0
0.0 32.0 134590.0 1.258128652667095 136.0 3.809415E7 1169.0 86.0
0.0 34.0 45791.0 1.3581181996855047 238.0 5.3459276E7 945.0 60.0
0.0 40.0 37519.0 1.9348852405456178 265.0 7.464788E7 471.0 47.0
0.0 22.0 244053.0 1.9153962502507322 55.0 2.3017739E7 1870.0 210.0
0.0 23.0 136942.0 1.9310993307283684 118.0 3.0037513E7 1515.0 370.0
0.0 30.0 93192.0 1.38237286339725 142.0 3.6530285E7 1247.0 173.0
0.0 9.0 261687.0 3.3968513423724573 22.0 1.3210832E7 2610.0 472.0
0.0 34.0 91011.0 0.6668842266313249 279.0 6.3270847E7 807.0 69.0
0.0 41.0 15030.0 0.2779220779220779 339.0 8.5522657E7 295.0 94.0
0.0 16.0 206708.0 3.1350640870847526 31.0 1.0665135E7 2351.0 233.0
0.0 23.0 136942.0 1.9310993307283684 118.0 3.0037513E7 1515.0 370.0
0.0 41.0 15030.0 0.2779220779220779 339.0 8.5522657E7 295.0 94.0
0.0 21.0 230978.0 1.230957561839315 88.0 3.7540446E7 1842.0 263.0
0.0 43.0 33669.0 0.37523666630943453 285.0 8.5683263E7 276.0 33.0
0.0 38.0 46910.0 0.837355311690019 278.0 6.9507145E7 579.0 86.0
0.0 41.0 15030.0 0.2779220779220779 339.0 8.5522657E7 295.0 94.0
0.0 23.0 138425.0 2.747341805628538 109.0 1.9032383E7 1746.0 193.0
0.0 30.0 87392.0 2.4403265717071196 137.0 4.6390757E7 1200.0 102.0
0.0 23.0 136942.0 1.9310993307283684 118.0 3.0037513E7 1515.0 370.0
0.0 16.0 206708.0 3.1350640870847526 31.0 1.0665135E7 2351.0 233.0
0.0 39.0 83048.0 0.7281648065165558 298.0 7.0139085E7 543.0 29.0
0.0 24.0 140539.0 0.9854484053766848 158.0 4.8638567E7 1493.0 309.0
0.0 22.0 192722.0 2.7707376591911923 32.0 2.3023532E7 2025.0 185.0
0.0 18.0 168682.0 3.017771603845518 78.0 2.7385038E7 1797.0 332.0
0.0 23.0 138425.0 2.747341805628538 109.0 1.9032383E7 1746.0 193.0
0.0 34.0 69804.0 0.6406169584834503 257.0 6.3033308E7 798.0 202.0
0.0 16.0 206708.0 3.1350640870847526 31.0 1.0665135E7 2351.0 233.0
0.0 22.0 192722.0 2.7707376591911923 32.0 2.3023532E7 2025.0 185.0
0.0 10.0 265090.0 4.0551183308781535 56.0 1.394868E7 2541.0 272.0
0.0 43.0 33669.0 0.37523666630943453 285.0 8.5683263E7 276.0 33.0
0.0 20.0 186173.0 2.891899745516156 87.0 1.7928544E7 1827.0 238.0
0.0 18.0 167767.0 4.307845655067273 76.0 1.7089622E7 1998.0 316.0
0.0 22.0 244053.0 1.9153962502507322 55.0 2.3017739E7 1870.0 210.0
0.0 12.0 254594.0 3.3517523891420926 9.0 1.4741747E7 2422.0 407.0
0.0 34.0 91011.0 0.6668842266313249 279.0 6.3270847E7 807.0 69.0
0.0 32.0 134590.0 1.258128652667095 136.0 3.809415E7 1169.0 86.0
0.0 9.0 213452.0 4.141369154914103 96.0 2.2443686E7 2513.0 348.0
0.0 16.0 206708.0 3.1350640870847526 31.0 1.0665135E7 2351.0 233.0
0.0 41.0 15030.0 0.2779220779220779 339.0 8.5522657E7 295.0 94.0
0.0 9.0 250861.0 5.198185464263692 23.0 3950207.0 2562.0 455.0
0.0 9.0 250861.0 5.198185464263692 23.0 3950207.0 2562.0 455.0
0.0 23.0 138425.0 2.747341805628538 109.0 1.9032383E7 1746.0 193.0
0.0 38.0 47475.0 0.3764150180686042 297.0 7.9616278E7 461.0 120.0
0.0 10.0 241853.0 3.543273649280022 34.0 1.4305424E7 2590.0 378.0
0.0 18.0 168682.0 3.017771603845518 78.0 2.7385038E7 1797.0 332.0
0.0 22.0 133922.0 2.819405510869932 88.0 2.388397E7 1684.0 271.0
0.0 25.0 112074.0 2.7673576074068857 106.0 2.9412647E7 1543.0 149.0
0.0 15.0 280685.0 2.050526151569269 38.0 3.0399337E7 2135.0 395.0
0.0 30.0 93192.0 1.38237286339725 142.0 3.6530285E7 1247.0 173.0
0.0 27.0 120525.0 1.7441874551057666 120.0 4.0075728E7 1371.0 241.0
0.0 24.0 125612.0 1.123532347696435 135.0 4.4777573E7 1357.0 316.0
0.0 19.0 197093.0 3.150211433509202 36.0 1.2088916E7 2177.0 281.0
