0.0 25.0 181977.0 1.8982816552525983 63.0 2.9559261E7 1727.0 163.0
0.0 43.0 26799.0 0.09431552054502874 313.0 8.6194019E7 238.0 59.0
0.0 23.0 122557.0 2.643495256853914 102.0 2.90505E7 1609.0 173.0
0.0 35.0 101095.0 0.4775154558672051 283.0 6.3963471E7 718.0 93.0
0.0 43.0 26799.0 0.09431552054502874 313.0 8.6194019E7 238.0 59.0
0.0 38.0 68266.0 0.4631296124080556 223.0 6.9377855E7 659.0 92.0
0.0 29.0 108308.0 1.5807243576157413 133.0 3.6421875E7 1312.0 130.0
0.0 36.0 71570.0 0.5506872160946915 205.0 6.3632285E7 726.0 145.0
0.0 16.0 214627.0 3.6960979185709393 24.0 6398765.0 2296.0 308.0
0.0 26.0 120520.0 1.2429153005253566 110.0 3.0723082E7 1398.0 221.0
0.0 23.0 180603.0 1.9290861254444716 49.0 1.8563036E7 1894.0 173.0
0.0 11.0 253614.0 3.3049987166654673 17.0 1.4004744E7 2513.0 351.0
0.0 19.0 187467.0 2.96754766390601 28.0 1.1362233E7 2206.0 184.0
0.0 25.0 181977.0 1.8982816552525983 63.0 2.9559261E7 1727.0 163.0
0.0 26.0 118697.0 2.226521857902405 107.0 3.0723082E7 1398.0 221.0
0.0 38.0 68266.0 0.4631296124080556 223.0 6.9377855E7 659.0 92.0
0.0 21.0 139859.0 2.8467155044118413 92.0 2.37397E7 1644.0 303.0
0.0 29.0 147712.0 0.732310523113821 203.0 5.2241839E7 1096.0 210.0
0.0 39.0 55668.0 0.45152930973498473 224.0 6.9970377E7 534.0 129.0
0.0 21.0 139859.0 2.8467155044118413 92.0 2.37397E7 1644.0 303.0
0.0 36.0 63471.0 0.4040026955533979 275.0 6.3856152E7 731.0 167.0
0.0 15.0 228100.0 3.1694906366326943 21.0 5961817.0 2384.0 360.0
0.0 30.0 97928.0 1.1414961623503943 139.0 4.6909226E7 1071.0 200.0
0.0 32.0 72350.0 2.3134046156541963 186.0 5.6344136E7 985.0 100.0
0.0 36.0 71570.0 0.5506872160946915 205.0 6.3632285E7 726.0 145.0
0.0 27.0 86541.0 2.4686335971989672 121.0 3.0671473E7 1458.0 110.0
0.0 32.0 72350.0 2.3134046156541963 186.0 5.6344136E7 985.0 100.0
0.0 22.0 177841.0 2.9027703359707875 59.0 1.360675E7 1999.0 169.0
0.0 26.0 120520.0 1.2429153005253566 110.0 3.0723082E7 1398.0 221.0
0.0 23.0 122557.0 2.643495256853914 102.0 2.90505E7 1609.0 173.0
0.0 27.0 86541.0 2.4686335971989672 121.0 3.0671473E7 1458.0 110.0
0.0 19.0 177978.0 3.7369712228032523 32.0 1.1062226E7 2241.0 198.0
0.0 28.0 112248.0 1.5807243576157413 133.0 3.602917E7 1325.0 139.0
0.0 24.0 136191.0 1.2093734911433198 205.0 5.4909678E7 1342.0 250.0
0.0 26.0 103399.0 2.439582286752308 128.0 2.5871126E7 1447.0 206.0
0.0 23.0 180603.0 1.9290861254444716 49.0 1.8563036E7 1894.0 173.0
0.0 29.0 76880.0 3.383496512061882 144.0 3.5607792E7 1298.0 101.0
0.0 21.0 135635.0 4.091752098888721 108.0 1.3537055E7 1934.0 190.0
0.0 18.0 193409.0 3.7435875879833964 34.0 1.6740644E7 2081.0 208.0
0.0 21.0 139859.0 2.8467155044118413 92.0 2.37397E7 1644.0 303.0
0.0 13.0 196063.0 3.0427973935009525 116.0 2.9266563E7 2317.0 258.0
0.0 15.0 225032.0 3.2652106802599583 10.0 1.5508864E7 2254.0 379.0
0.0 22.0 177841.0 2.9027703359707875 59.0 1.360675E7 1999.0 169.0
0.0 20.0 146013.0 3.057227265438752 79.0 1.2757223E7 1974.0 357.0
0.0 16.0 214627.0 3.6960979185709393 24.0 6398765.0 2296.0 308.0
0.0 36.0 63521.0 1.5517946358067625 202.0 6.3764079E7 776.0 79.0
0.0 32.0 82455.0 0.46585667557709576 274.0 7.73631E7 775.0 301.0
0.0 36.0 71570.0 0.5506872160946915 205.0 6.3632285E7 726.0 145.0
0.0 30.0 97928.0 1.1414961623503943 139.0 4.6909226E7 1071.0 200.0
0.0 31.0 90706.0 0.9464549414164404 132.0 4.268795E7 1144.0 172.0
0.0 29.0 108308.0 1.5807243576157413 133.0 3.6421875E7 1312.0 130.0
0.0 31.0 90706.0 0.9464549414164404 132.0 4.268795E7 1144.0 172.0
0.0 21.0 139859.0 2.8467155044118413 92.0 2.37397E7 1644.0 303.0
0.0 15.0 225032.0 3.2652106802599583 10.0 1.5508864E7 2254.0 379.0
0.0 31.0 90706.0 0.9464549414164404 132.0 4.268795E7 1144.0 172.0
0.0 30.0 97928.0 1.1414961623503943 139.0 4.6909226E7 1071.0 200.0
0.0 31.0 90706.0 0.9464549414164404 132.0 4.268795E7 1144.0 172.0
0.0 43.0 26799.0 0.09431552054502874 313.0 8.6194019E7 238.0 59.0
0.0 16.0 161810.0 2.9186164595829953 128.0 2.4988298E7 2188.0 224.0
0.0 36.0 63521.0 1.5517946358067625 202.0 6.3764079E7 776.0 79.0
0.0 31.0 90706.0 0.9464549414164404 132.0 4.268795E7 1144.0 172.0
0.0 10.0 222472.0 4.05538274124304 29.0 1.3822912E7 2566.0 281.0
0.0 20.0 188576.0 3.199126611274431 40.0 1.2469473E7 2061.0 202.0
0.0 36.0 63521.0 1.5517946358067625 202.0 6.3764079E7 776.0 79.0
0.0 26.0 120520.0 1.2429153005253566 110.0 3.0723082E7 1398.0 221.0
0.0 11.0 194767.0 3.263534720689892 111.0 2.365876E7 2432.0 268.0
0.0 37.0 48296.0 0.6494215813977482 245.0 7.4411377E7 569.0 90.0
0.0 14.0 225069.0 3.14664907264494 21.0 1.584577E7 2149.0 430.0
0.0 14.0 222038.0 3.461890947241908 21.0 1.5370569E7 2461.0 261.0
0.0 28.0 112248.0 1.5807243576157413 133.0 3.602917E7 1325.0 139.0
0.0 23.0 122557.0 2.643495256853914 102.0 2.90505E7 1609.0 173.0
0.0 10.0 222472.0 4.05538274124304 29.0 1.3822912E7 2566.0 281.0
0.0 39.0 55668.0 0.45152930973498473 224.0 6.9970377E7 534.0 129.0
0.0 22.0 177841.0 2.9027703359707875 59.0 1.360675E7 1999.0 169.0
0.0 20.0 188576.0 3.199126611274431 40.0 1.2469473E7 2061.0 202.0
0.0 38.0 68266.0 0.4631296124080556 223.0 6.9377855E7 659.0 92.0
0.0 36.0 37277.0 0.4689919549685613 317.0 6.8512366E7 665.0 135.0
0.0 43.0 26799.0 0.09431552054502874 313.0 8.6194019E7 238.0 59.0
0.0 42.0 6339.0 1.01967180106715 343.0 8.0590148E7 400.0 19.0
0.0 29.0 76880.0 3.383496512061882 144.0 3.5607792E7 1298.0 101.0
0.0 20.0 247555.0 1.8391219677383783 41.0 2.7214081E7 2035.0 254.0
0.0 35.0 71538.0 1.2367342575884894 143.0 4.854835E7 927.0 79.0
0.0 22.0 134928.0 2.084363412685701 127.0 3.3928599E7 1508.0 289.0
0.0 29.0 76880.0 3.383496512061882 144.0 3.5607792E7 1298.0 101.0
0.0 21.0 202873.0 1.8802766016349477 90.0 2.2789892E7 1898.0 235.0
0.0 42.0 6339.0 1.01967180106715 343.0 8.0590148E7 400.0 19.0
0.0 37.0 48296.0 0.6494215813977482 245.0 7.4411377E7 569.0 90.0
0.0 32.0 72350.0 2.3134046156541963 186.0 5.6344136E7 985.0 100.0
0.0 31.0 90706.0 0.9464549414164404 132.0 4.268795E7 1144.0 172.0
0.0 36.0 71570.0 0.5506872160946915 205.0 6.3632285E7 726.0 145.0
0.0 22.0 177841.0 2.9027703359707875 59.0 1.360675E7 1999.0 169.0
0.0 29.0 76880.0 3.383496512061882 144.0 3.5607792E7 1298.0 101.0
0.0 11.0 253614.0 3.3049987166654673 17.0 1.4004744E7 2513.0 351.0
0.0 25.0 181977.0 1.8982816552525983 63.0 2.9559261E7 1727.0 163.0
0.0 10.0 222472.0 4.05538274124304 29.0 1.3822912E7 2566.0 281.0
0.0 20.0 247555.0 1.8391219677383783 41.0 2.7214081E7 2035.0 254.0
0.0 42.0 6339.0 1.01967180106715 343.0 8.0590148E7 400.0 19.0
0.0 20.0 188576.0 3.199126611274431 40.0 1.2469473E7 2061.0 202.0
0.0 20.0 247555.0 1.8391219677383783 41.0 2.7214081E7 2035.0 254.0
0.0 23.0 180603.0 1.9290861254444716 49.0 1.8563036E7 1894.0 173.0
0.0 18.0 193409.0 3.7435875879833964 34.0 1.6740644E7 2081.0 208.0
0.0 30.0 97928.0 1.1414961623503943 139.0 4.6909226E7 1071.0 200.0
0.0 29.0 76880.0 3.383496512061882 144.0 3.5607792E7 1298.0 101.0
0.0 32.0 79108.0 1.7175276388912089 140.0 5.2654737E7 998.0 167.0
0.0 21.0 135635.0 4.091752098888721 108.0 1.3537055E7 1934.0 190.0
0.0 28.0 95002.0 1.104833898791523 230.0 4.621095E7 1256.0 190.0
0.0 31.0 90706.0 0.9464549414164404 132.0 4.268795E7 1144.0 172.0
0.0 25.0 169683.0 1.665874733555591 73.0 3.4011912E7 1723.0 172.0
0.0 14.0 225069.0 3.14664907264494 21.0 1.584577E7 2149.0 430.0
0.0 20.0 146013.0 3.057227265438752 79.0 1.2757223E7 1974.0 357.0
0.0 29.0 76880.0 3.383496512061882 144.0 3.5607792E7 1298.0 101.0
0.0 21.0 139859.0 2.8467155044118413 92.0 2.37397E7 1644.0 303.0
0.0 31.0 90706.0 0.9464549414164404 132.0 4.268795E7 1144.0 172.0
0.0 36.0 109078.0 0.8774153266937699 212.0 6.3721792E7 737.0 77.0
0.0 37.0 48296.0 0.6494215813977482 245.0 7.4411377E7 569.0 90.0
0.0 25.0 169683.0 1.665874733555591 73.0 3.4011912E7 1723.0 172.0
0.0 21.0 135635.0 4.091752098888721 108.0 1.3537055E7 1934.0 190.0
0.0 42.0 6339.0 1.01967180106715 343.0 8.0590148E7 400.0 19.0
0.0 38.0 68266.0 0.4631296124080556 223.0 6.9377855E7 659.0 92.0
0.0 20.0 146013.0 3.057227265438752 79.0 1.2757223E7 1974.0 357.0
0.0 22.0 177841.0 2.9027703359707875 59.0 1.360675E7 1999.0 169.0
0.0 32.0 72350.0 2.3134046156541963 186.0 5.6344136E7 985.0 100.0
0.0 28.0 162258.0 1.8180810068144957 63.0 4.5567514E7 1422.0 186.0
0.0 23.0 180603.0 1.9290861254444716 49.0 1.8563036E7 1894.0 173.0
0.0 17.0 219210.0 1.29204713190787 109.0 3.6299173E7 2051.0 424.0
0.0 23.0 122557.0 2.643495256853914 102.0 2.90505E7 1609.0 173.0
0.0 21.0 202873.0 1.8802766016349477 90.0 2.2789892E7 1898.0 235.0
0.0 36.0 37277.0 0.4689919549685613 317.0 6.8512366E7 665.0 135.0
0.0 21.0 155111.0 2.0359000807489633 92.0 2.8239945E7 1705.0 255.0
0.0 36.0 76512.0 0.7565565405686672 204.0 6.4065752E7 724.0 127.0
0.0 25.0 169683.0 1.665874733555591 73.0 3.4011912E7 1723.0 172.0
0.0 25.0 119968.0 2.258779922418534 106.0 3.0484694E7 1450.0 225.0
0.0 43.0 26799.0 0.09431552054502874 313.0 8.6194019E7 238.0 59.0
0.0 10.0 222472.0 4.05538274124304 29.0 1.3822912E7 2566.0 281.0
0.0 10.0 289256.0 3.4896055826676813 24.0 8566880.0 2652.0 302.0
0.0 36.0 109078.0 0.8774153266937699 212.0 6.3721792E7 737.0 77.0
0.0 20.0 247555.0 1.8391219677383783 41.0 2.7214081E7 2035.0 254.0
0.0 29.0 76880.0 3.383496512061882 144.0 3.5607792E7 1298.0 101.0
0.0 40.0 10606.0 1.01967180106715 342.0 7.9789874E7 458.0 29.0
0.0 22.0 177841.0 2.9027703359707875 59.0 1.360675E7 1999.0 169.0
0.0 30.0 97928.0 1.1414961623503943 139.0 4.6909226E7 1071.0 200.0
0.0 31.0 90706.0 0.9464549414164404 132.0 4.268795E7 1144.0 172.0
0.0 25.0 181977.0 1.8982816552525983 63.0 2.9559261E7 1727.0 163.0
0.0 23.0 186011.0 0.9942603943655505 160.0 4.3691305E7 1609.0 348.0
0.0 11.0 194767.0 3.263534720689892 111.0 2.365876E7 2432.0 268.0
0.0 26.0 120520.0 1.2429153005253566 110.0 3.0723082E7 1398.0 221.0
0.0 20.0 146013.0 3.057227265438752 79.0 1.2757223E7 1974.0 357.0
0.0 29.0 76880.0 3.383496512061882 144.0 3.5607792E7 1298.0 101.0
0.0 10.0 222472.0 4.05538274124304 29.0 1.3822912E7 2566.0 281.0
0.0 28.0 162258.0 1.8180810068144957 63.0 4.5567514E7 1422.0 186.0
0.0 37.0 48296.0 0.6494215813977482 245.0 7.4411377E7 569.0 90.0
0.0 25.0 169683.0 1.665874733555591 73.0 3.4011912E7 1723.0 172.0
0.0 27.0 86541.0 2.4686335971989672 121.0 3.0671473E7 1458.0 110.0
0.0 28.0 95002.0 1.104833898791523 230.0 4.621095E7 1256.0 190.0
0.0 35.0 101095.0 0.4775154558672051 283.0 6.3963471E7 718.0 93.0
0.0 13.0 275215.0 3.5209443170227073 27.0 1.0028272E7 2326.0 262.0
0.0 13.0 275215.0 3.5209443170227073 27.0 1.0028272E7 2326.0 262.0
0.0 13.0 275215.0 3.5209443170227073 27.0 1.0028272E7 2326.0 262.0
0.0 21.0 155111.0 2.0359000807489633 92.0 2.8239945E7 1705.0 255.0
0.0 20.0 146013.0 3.057227265438752 79.0 1.2757223E7 1974.0 357.0
0.0 25.0 181977.0 1.8982816552525983 63.0 2.9559261E7 1727.0 163.0
0.0 22.0 177841.0 2.9027703359707875 59.0 1.360675E7 1999.0 169.0
0.0 37.0 48296.0 0.6494215813977482 245.0 7.4411377E7 569.0 90.0
0.0 31.0 101946.0 1.5381937887693828 129.0 4.7292349E7 1170.0 129.0
0.0 29.0 108308.0 1.5807243576157413 133.0 3.6421875E7 1312.0 130.0
0.0 35.0 46495.0 1.4472526766669433 268.0 6.7995437E7 786.0 95.0
0.0 28.0 112248.0 1.5807243576157413 133.0 3.602917E7 1325.0 139.0
0.0 37.0 48296.0 0.6494215813977482 245.0 7.4411377E7 569.0 90.0
0.0 25.0 169683.0 1.665874733555591 73.0 3.4011912E7 1723.0 172.0
0.0 21.0 202873.0 1.8802766016349477 90.0 2.2789892E7 1898.0 235.0
0.0 39.0 55668.0 0.45152930973498473 224.0 6.9970377E7 534.0 129.0
0.0 26.0 120520.0 1.2429153005253566 110.0 3.0723082E7 1398.0 221.0
0.0 36.0 76512.0 0.7565565405686672 204.0 6.4065752E7 724.0 127.0
0.0 43.0 26799.0 0.09431552054502874 313.0 8.6194019E7 238.0 59.0
0.0 10.0 289256.0 3.4896055826676813 24.0 8566880.0 2652.0 302.0
0.0 31.0 101946.0 1.5381937887693828 129.0 4.7292349E7 1170.0 129.0
0.0 37.0 48296.0 0.6494215813977482 245.0 7.4411377E7 569.0 90.0
0.0 42.0 6339.0 1.01967180106715 343.0 8.0590148E7 400.0 19.0
0.0 28.0 112248.0 1.5807243576157413 133.0 3.602917E7 1325.0 139.0
0.0 39.0 30051.0 1.8511678826347115 299.0 6.9658774E7 630.0 49.0
0.0 23.0 130418.0 1.8358321571905034 143.0 3.4047105E7 1588.0 243.0
0.0 14.0 225069.0 3.14664907264494 21.0 1.584577E7 2149.0 430.0
0.0 28.0 95002.0 1.104833898791523 230.0 4.621095E7 1256.0 190.0
0.0 25.0 97012.0 1.5187431204495878 206.0 5.867784E7 1362.0 189.0
0.0 23.0 122557.0 2.643495256853914 102.0 2.90505E7 1609.0 173.0
0.0 20.0 247555.0 1.8391219677383783 41.0 2.7214081E7 2035.0 254.0
0.0 28.0 112248.0 1.5807243576157413 133.0 3.602917E7 1325.0 139.0
0.0 36.0 109078.0 0.8774153266937699 212.0 6.3721792E7 737.0 77.0
0.0 30.0 97928.0 1.1414961623503943 139.0 4.6909226E7 1071.0 200.0
0.0 28.0 112248.0 1.5807243576157413 133.0 3.602917E7 1325.0 139.0
0.0 13.0 275215.0 3.5209443170227073 27.0 1.0028272E7 2326.0 262.0
0.0 29.0 108308.0 1.5807243576157413 133.0 3.6421875E7 1312.0 130.0
0.0 38.0 68266.0 0.4631296124080556 223.0 6.9377855E7 659.0 92.0
0.0 25.0 97012.0 1.5187431204495878 206.0 5.867784E7 1362.0 189.0
0.0 28.0 162258.0 1.8180810068144957 63.0 4.5567514E7 1422.0 186.0
0.0 26.0 103399.0 2.439582286752308 128.0 2.5871126E7 1447.0 206.0
0.0 20.0 188576.0 3.199126611274431 40.0 1.2469473E7 2061.0 202.0
0.0 27.0 86541.0 2.4686335971989672 121.0 3.0671473E7 1458.0 110.0
0.0 21.0 139859.0 2.8467155044118413 92.0 2.37397E7 1644.0 303.0
0.0 38.0 68266.0 0.4631296124080556 223.0 6.9377855E7 659.0 92.0
0.0 30.0 97594.0 1.8282522683015465 140.0 4.175765E7 1196.0 133.0
0.0 36.0 71570.0 0.5506872160946915 205.0 6.3632285E7 726.0 145.0
0.0 10.0 222472.0 4.05538274124304 29.0 1.3822912E7 2566.0 281.0
0.0 7.0 283248.0 5.109509994860955 14.0 7593629.0 2731.0 294.0
0.0 16.0 220031.0 3.0778988965976675 23.0 1.0431237E7 2342.0 236.0
0.0 22.0 177841.0 2.9027703359707875 59.0 1.360675E7 1999.0 169.0
0.0 36.0 76512.0 0.7565565405686672 204.0 6.4065752E7 724.0 127.0
0.0 17.0 205319.0 3.586617899714716 31.0 1.6086945E7 2258.0 225.0
0.0 23.0 186011.0 0.9942603943655505 160.0 4.3691305E7 1609.0 348.0
0.0 31.0 90706.0 0.9464549414164404 132.0 4.268795E7 1144.0 172.0
0.0 25.0 103484.0 3.793234314678942 127.0 2.4089681E7 1761.0 124.0
0.0 11.0 194767.0 3.263534720689892 111.0 2.365876E7 2432.0 268.0
0.0 42.0 6339.0 1.01967180106715 343.0 8.0590148E7 400.0 19.0
0.0 42.0 6339.0 1.01967180106715 343.0 8.0590148E7 400.0 19.0
0.0 22.0 177841.0 2.9027703359707875 59.0 1.360675E7 1999.0 169.0
0.0 14.0 207068.0 4.905509589997834 28.0 9196120.0 2523.0 241.0
0.0 23.0 122557.0 2.643495256853914 102.0 2.90505E7 1609.0 173.0
0.0 23.0 122557.0 2.643495256853914 102.0 2.90505E7 1609.0 173.0
0.0 21.0 202873.0 1.8802766016349477 90.0 2.2789892E7 1898.0 235.0
0.0 22.0 134928.0 2.084363412685701 127.0 3.3928599E7 1508.0 289.0
0.0 40.0 19837.0 1.2688025047957137 329.0 7.9951529E7 485.0 35.0
0.0 37.0 48296.0 0.6494215813977482 245.0 7.4411377E7 569.0 90.0
0.0 30.0 97594.0 1.8282522683015465 140.0 4.175765E7 1196.0 133.0
0.0 36.0 76512.0 0.7565565405686672 204.0 6.4065752E7 724.0 127.0
0.0 36.0 37277.0 0.4689919549685613 317.0 6.8512366E7 665.0 135.0
0.0 20.0 188576.0 3.199126611274431 40.0 1.2469473E7 2061.0 202.0
0.0 25.0 169683.0 1.665874733555591 73.0 3.4011912E7 1723.0 172.0
0.0 14.0 225069.0 3.14664907264494 21.0 1.584577E7 2149.0 430.0
0.0 20.0 146013.0 3.057227265438752 79.0 1.2757223E7 1974.0 357.0
0.0 20.0 146013.0 3.057227265438752 79.0 1.2757223E7 1974.0 357.0
0.0 25.0 169683.0 1.665874733555591 73.0 3.4011912E7 1723.0 172.0
0.0 26.0 122522.0 1.3767283758342566 135.0 4.9825377E7 1220.0 288.0
0.0 19.0 146262.0 2.3440286477018786 102.0 3.7051846E7 1809.0 304.0
0.0 42.0 6339.0 1.01967180106715 343.0 8.0590148E7 400.0 19.0
0.0 29.0 136691.0 2.427301584997922 132.0 3.1731112E7 1310.0 98.0
0.0 21.0 139859.0 2.8467155044118413 92.0 2.37397E7 1644.0 303.0
0.0 9.0 238193.0 4.427154372675488 22.0 7861041.0 2744.0 352.0
0.0 32.0 72350.0 2.3134046156541963 186.0 5.6344136E7 985.0 100.0
0.0 39.0 30051.0 1.8511678826347115 299.0 6.9658774E7 630.0 49.0
0.0 36.0 76512.0 0.7565565405686672 204.0 6.4065752E7 724.0 127.0
0.0 28.0 112248.0 1.5807243576157413 133.0 3.602917E7 1325.0 139.0
0.0 23.0 130418.0 1.8358321571905034 143.0 3.4047105E7 1588.0 243.0
0.0 17.0 205319.0 3.586617899714716 31.0 1.6086945E7 2258.0 225.0
0.0 22.0 177841.0 2.9027703359707875 59.0 1.360675E7 1999.0 169.0
0.0 16.0 214627.0 3.6960979185709393 24.0 6398765.0 2296.0 308.0
0.0 15.0 228100.0 3.1694906366326943 21.0 5961817.0 2384.0 360.0
0.0 17.0 217402.0 3.23874020752526 42.0 1.1436655E7 2198.0 275.0
0.0 26.0 118697.0 2.226521857902405 107.0 3.0723082E7 1398.0 221.0
0.0 31.0 90706.0 0.9464549414164404 132.0 4.268795E7 1144.0 172.0
0.0 36.0 71570.0 0.5506872160946915 205.0 6.3632285E7 726.0 145.0
0.0 28.0 112248.0 1.5807243576157413 133.0 3.602917E7 1325.0 139.0
0.0 33.0 70515.0 0.6323304086295956 256.0 6.7542402E7 815.0 221.0
0.0 25.0 181977.0 1.8982816552525983 63.0 2.9559261E7 1727.0 163.0
0.0 29.0 136691.0 2.427301584997922 132.0 3.1731112E7 1310.0 98.0
0.0 21.0 155111.0 2.0359000807489633 92.0 2.8239945E7 1705.0 255.0
0.0 14.0 207068.0 4.905509589997834 28.0 9196120.0 2523.0 241.0
0.0 30.0 98833.0 1.5596717260367938 145.0 3.6844308E7 1235.0 124.0
0.0 29.0 108308.0 1.5807243576157413 133.0 3.6421875E7 1312.0 130.0
0.0 21.0 135635.0 4.091752098888721 108.0 1.3537055E7 1934.0 190.0
0.0 10.0 222472.0 4.05538274124304 29.0 1.3822912E7 2566.0 281.0
0.0 38.0 68266.0 0.4631296124080556 223.0 6.9377855E7 659.0 92.0
0.0 36.0 63521.0 1.5517946358067625 202.0 6.3764079E7 776.0 79.0
0.0 16.0 214627.0 3.6960979185709393 24.0 6398765.0 2296.0 308.0
0.0 11.0 230036.0 4.028354823649339 12.0 8952337.0 2591.0 346.0
0.0 18.0 193409.0 3.7435875879833964 34.0 1.6740644E7 2081.0 208.0
0.0 21.0 135635.0 4.091752098888721 108.0 1.3537055E7 1934.0 190.0
0.0 23.0 180603.0 1.9290861254444716 49.0 1.8563036E7 1894.0 173.0
0.0 19.0 146262.0 2.3440286477018786 102.0 3.7051846E7 1809.0 304.0
0.0 22.0 177841.0 2.9027703359707875 59.0 1.360675E7 1999.0 169.0
0.0 25.0 181977.0 1.8982816552525983 63.0 2.9559261E7 1727.0 163.0
0.0 42.0 6339.0 1.01967180106715 343.0 8.0590148E7 400.0 19.0
0.0 40.0 42795.0 0.2229986653572058 300.0 8.5531776E7 360.0 148.0
0.0 25.0 97012.0 1.5187431204495878 206.0 5.867784E7 1362.0 189.0
0.0 30.0 97928.0 1.1414961623503943 139.0 4.6909226E7 1071.0 200.0
0.0 25.0 169683.0 1.665874733555591 73.0 3.4011912E7 1723.0 172.0
0.0 21.0 135635.0 4.091752098888721 108.0 1.3537055E7 1934.0 190.0
0.0 23.0 122557.0 2.643495256853914 102.0 2.90505E7 1609.0 173.0
0.0 21.0 139859.0 2.8467155044118413 92.0 2.37397E7 1644.0 303.0
0.0 27.0 86541.0 2.4686335971989672 121.0 3.0671473E7 1458.0 110.0
0.0 20.0 146013.0 3.057227265438752 79.0 1.2757223E7 1974.0 357.0
0.0 16.0 214627.0 3.6960979185709393 24.0 6398765.0 2296.0 308.0
0.0 11.0 237899.0 3.418431250578908 16.0 9341100.0 2443.0 417.0
0.0 28.0 162258.0 1.8180810068144957 63.0 4.5567514E7 1422.0 186.0
0.0 20.0 247555.0 1.8391219677383783 41.0 2.7214081E7 2035.0 254.0
0.0 28.0 112248.0 1.5807243576157413 133.0 3.602917E7 1325.0 139.0
0.0 29.0 76880.0 3.383496512061882 144.0 3.5607792E7 1298.0 101.0
0.0 28.0 94066.0 2.5766674238374447 120.0 3.1616637E7 1374.0 179.0
0.0 21.0 202873.0 1.8802766016349477 90.0 2.2789892E7 1898.0 235.0
0.0 29.0 136691.0 2.427301584997922 132.0 3.1731112E7 1310.0 98.0
0.0 37.0 48296.0 0.6494215813977482 245.0 7.4411377E7 569.0 90.0
0.0 23.0 130418.0 1.8358321571905034 143.0 3.4047105E7 1588.0 243.0
0.0 16.0 214627.0 3.6960979185709393 24.0 6398765.0 2296.0 308.0
0.0 7.0 298632.0 5.083568721666093 3.0 6811442.0 2743.0 446.0
0.0 26.0 120520.0 1.2429153005253566 110.0 3.0723082E7 1398.0 221.0
0.0 24.0 187426.0 2.789534651672396 39.0 2.4691257E7 1817.0 175.0
0.0 14.0 225069.0 3.14664907264494 21.0 1.584577E7 2149.0 430.0
0.0 19.0 146262.0 2.3440286477018786 102.0 3.7051846E7 1809.0 304.0
0.0 13.0 275215.0 3.5209443170227073 27.0 1.0028272E7 2326.0 262.0
0.0 11.0 253614.0 3.3049987166654673 17.0 1.4004744E7 2513.0 351.0
0.0 10.0 289256.0 3.4896055826676813 24.0 8566880.0 2652.0 302.0
