0.0 20.0 256569.0 2.000680555030955 50.0 1.8477994E7 1927.0 284.0
0.0 33.0 95034.0 1.3847054166763597 150.0 5.2168071E7 998.0 120.0
0.0 20.0 181335.0 1.6516688490344866 179.0 2.4520782E7 1787.0 265.0
0.0 22.0 146136.0 3.0244917907705773 89.0 9308027.0 1855.0 208.0
0.0 13.0 234615.0 3.0950001383421926 31.0 1.5492819E7 2261.0 360.0
0.0 22.0 146136.0 3.0244917907705773 89.0 9308027.0 1855.0 208.0
0.0 25.0 140685.0 1.459649214362537 218.0 5.4486996E7 1220.0 167.0
0.0 35.0 41782.0 2.0077183569968002 274.0 5.7709733E7 870.0 55.0
0.0 13.0 199593.0 3.113594800996523 99.0 1.9304112E7 2454.0 240.0
0.0 24.0 182686.0 2.706078926207764 47.0 3.3010718E7 1806.0 178.0
0.0 24.0 100606.0 2.2218591577494826 192.0 3.9079404E7 1439.0 201.0
0.0 29.0 104838.0 2.6948216162662435 118.0 2.583448E7 1455.0 117.0
0.0 24.0 182686.0 2.706078926207764 47.0 3.3010718E7 1806.0 178.0
0.0 35.0 60865.0 0.8782583360409544 229.0 6.3892327E7 757.0 99.0
0.0 27.0 86500.0 2.113669628146652 188.0 5.4727452E7 1192.0 118.0
0.0 16.0 217126.0 3.387307032321593 27.0 6206082.0 2490.0 246.0
0.0 29.0 96397.0 1.7000226032297763 139.0 4.1146096E7 1262.0 130.0
0.0 16.0 211528.0 3.1679293563828894 19.0 1.598542E7 2259.0 237.0
0.0 29.0 62485.0 2.4343715609605745 253.0 5.1124213E7 1191.0 100.0
0.0 36.0 42838.0 0.45345219305321693 278.0 7.3490632E7 627.0 93.0
0.0 31.0 105391.0 1.250724150353188 171.0 4.7307815E7 1032.0 280.0
0.0 29.0 104838.0 2.6948216162662435 118.0 2.583448E7 1455.0 117.0
0.0 15.0 218752.0 3.8829114279259884 37.0 5554304.0 2385.0 238.0
0.0 35.0 57481.0 1.6371327949154133 233.0 6.3308343E7 795.0 87.0
0.0 25.0 133745.0 1.9942751681788118 122.0 3.4398732E7 1477.0 291.0
0.0 33.0 95034.0 1.3847054166763597 150.0 5.2168071E7 998.0 120.0
0.0 28.0 170138.0 1.6715730640813589 118.0 3.624789E7 1316.0 227.0
0.0 37.0 58748.0 1.2569561807100698 233.0 6.9155009E7 669.0 107.0
0.0 38.0 52115.0 0.7390955467204037 246.0 7.9227188E7 512.0 140.0
0.0 30.0 104287.0 2.4948216162662433 119.0 3.1094005E7 1361.0 117.0
0.0 37.0 67914.0 0.45290574496578523 227.0 7.3910516E7 586.0 214.0
0.0 25.0 115386.0 2.929733577407713 102.0 1.490182E7 1729.0 145.0
0.0 22.0 146136.0 3.0244917907705773 89.0 9308027.0 1855.0 208.0
0.0 27.0 86500.0 2.113669628146652 188.0 5.4727452E7 1192.0 118.0
0.0 29.0 104838.0 2.6948216162662435 118.0 2.583448E7 1455.0 117.0
0.0 41.0 26086.0 1.433957515352864 281.0 8.4525495E7 376.0 36.0
0.0 23.0 131233.0 1.5626008126642856 103.0 3.8563228E7 1592.0 287.0
0.0 35.0 68402.0 0.7350706341354563 223.0 6.7971689E7 697.0 110.0
0.0 29.0 104838.0 2.6948216162662435 118.0 2.583448E7 1455.0 117.0
0.0 26.0 142017.0 2.5400621686275384 129.0 3.4682617E7 1400.0 128.0
0.0 28.0 170138.0 1.6715730640813589 118.0 3.624789E7 1316.0 227.0
0.0 27.0 105021.0 2.428593065064208 143.0 3.5979836E7 1334.0 225.0
0.0 33.0 95034.0 1.3847054166763597 150.0 5.2168071E7 998.0 120.0
0.0 24.0 101982.0 3.751061890153576 120.0 2.468702E7 1667.0 160.0
0.0 35.0 50952.0 1.664999015068694 239.0 6.765421E7 746.0 66.0
0.0 25.0 115386.0 2.929733577407713 102.0 1.490182E7 1729.0 145.0
0.0 33.0 95034.0 1.3847054166763597 150.0 5.2168071E7 998.0 120.0
0.0 11.0 237297.0 3.5700115155326304 22.0 9020613.0 2627.0 358.0
0.0 22.0 146136.0 3.0244917907705773 89.0 9308027.0 1855.0 208.0
0.0 23.0 133027.0 2.945060145193297 94.0 1.4216886E7 1804.0 229.0
0.0 27.0 105021.0 2.428593065064208 143.0 3.5979836E7 1334.0 225.0
0.0 8.0 245177.0 4.194928459054225 13.0 3602444.0 2733.0 379.0
0.0 29.0 104838.0 2.6948216162662435 118.0 2.583448E7 1455.0 117.0
0.0 26.0 142017.0 2.5400621686275384 129.0 3.4682617E7 1400.0 128.0
0.0 18.0 182480.0 2.1914258880381365 162.0 4.1544647E7 1863.0 209.0
0.0 33.0 95034.0 1.3847054166763597 150.0 5.2168071E7 998.0 120.0
0.0 27.0 86500.0 2.113669628146652 188.0 5.4727452E7 1192.0 118.0
0.0 35.0 41782.0 2.0077183569968002 274.0 5.7709733E7 870.0 55.0
0.0 25.0 115386.0 2.929733577407713 102.0 1.490182E7 1729.0 145.0
0.0 39.0 27792.0 0.9178606339896662 330.0 7.5117355E7 492.0 66.0
0.0 20.0 181335.0 1.6516688490344866 179.0 2.4520782E7 1787.0 265.0
0.0 13.0 234615.0 3.0950001383421926 31.0 1.5492819E7 2261.0 360.0
0.0 22.0 146136.0 3.0244917907705773 89.0 9308027.0 1855.0 208.0
0.0 15.0 218752.0 3.8829114279259884 37.0 5554304.0 2385.0 238.0
0.0 25.0 115386.0 2.929733577407713 102.0 1.490182E7 1729.0 145.0
0.0 16.0 211528.0 3.1679293563828894 19.0 1.598542E7 2259.0 237.0
0.0 34.0 85089.0 1.3683119740534089 182.0 5.7427596E7 904.0 116.0
0.0 20.0 179816.0 2.6316846070766027 61.0 3.1455279E7 2018.0 229.0
0.0 26.0 142017.0 2.5400621686275384 129.0 3.4682617E7 1400.0 128.0
0.0 10.0 293559.0 3.490713002379752 22.0 9089478.0 2604.0 317.0
0.0 24.0 189125.0 1.1764373349169004 138.0 4.9079204E7 1281.0 354.0
0.0 24.0 101982.0 3.751061890153576 120.0 2.468702E7 1667.0 160.0
0.0 18.0 199983.0 3.209967922202023 28.0 1.6467094E7 2090.0 254.0
0.0 35.0 50952.0 1.664999015068694 239.0 6.765421E7 746.0 66.0
0.0 37.0 44817.0 0.22455057256949038 272.0 7.4320561E7 560.0 132.0
0.0 36.0 61089.0 0.6507184512826667 242.0 6.9114324E7 614.0 167.0
0.0 33.0 95034.0 1.3847054166763597 150.0 5.2168071E7 998.0 120.0
0.0 35.0 62208.0 0.9791730131136596 233.0 6.8060681E7 727.0 122.0
0.0 20.0 181335.0 1.6516688490344866 179.0 2.4520782E7 1787.0 265.0
0.0 20.0 256569.0 2.000680555030955 50.0 1.8477994E7 1927.0 284.0
0.0 23.0 133027.0 2.945060145193297 94.0 1.4216886E7 1804.0 229.0
0.0 15.0 166685.0 3.4771439006813076 75.0 6028799.0 2304.0 339.0
0.0 38.0 52115.0 0.7390955467204037 246.0 7.9227188E7 512.0 140.0
0.0 18.0 182480.0 2.1914258880381365 162.0 4.1544647E7 1863.0 209.0
0.0 6.0 248555.0 5.3156336353482985 23.0 1.1812511E7 2783.0 425.0
0.0 20.0 256569.0 2.000680555030955 50.0 1.8477994E7 1927.0 284.0
0.0 9.0 274311.0 3.219284430951181 70.0 1.3360488E7 2586.0 305.0
0.0 35.0 41782.0 2.0077183569968002 274.0 5.7709733E7 870.0 55.0
0.0 28.0 78867.0 1.1871675927270287 265.0 7.0523437E7 930.0 263.0
0.0 15.0 166685.0 3.4771439006813076 75.0 6028799.0 2304.0 339.0
0.0 25.0 115386.0 2.929733577407713 102.0 1.490182E7 1729.0 145.0
0.0 33.0 95034.0 1.3847054166763597 150.0 5.2168071E7 998.0 120.0
0.0 35.0 50594.0 0.8550729942509614 296.0 6.3377347E7 787.0 101.0
0.0 20.0 181335.0 1.6516688490344866 179.0 2.4520782E7 1787.0 265.0
0.0 23.0 186458.0 1.2496436026801558 150.0 5.4608777E7 1294.0 296.0
0.0 20.0 181335.0 1.6516688490344866 179.0 2.4520782E7 1787.0 265.0
0.0 16.0 264014.0 1.4237714862109272 108.0 3.1074202E7 2146.0 449.0
0.0 35.0 41782.0 2.0077183569968002 274.0 5.7709733E7 870.0 55.0
0.0 41.0 25401.0 0.09029649595687331 316.0 9.0450863E7 224.0 111.0
0.0 20.0 256569.0 2.000680555030955 50.0 1.8477994E7 1927.0 284.0
0.0 25.0 140685.0 1.459649214362537 218.0 5.4486996E7 1220.0 167.0
0.0 24.0 101982.0 3.751061890153576 120.0 2.468702E7 1667.0 160.0
0.0 28.0 170138.0 1.6715730640813589 118.0 3.624789E7 1316.0 227.0
0.0 15.0 166685.0 3.4771439006813076 75.0 6028799.0 2304.0 339.0
0.0 20.0 256569.0 2.000680555030955 50.0 1.8477994E7 1927.0 284.0
0.0 33.0 64127.0 0.6996711118772265 275.0 6.2975068E7 855.0 198.0
0.0 19.0 217412.0 2.734499522866775 32.0 2.2036246E7 2068.0 303.0
0.0 41.0 25401.0 0.09029649595687331 316.0 9.0450863E7 224.0 111.0
0.0 27.0 86500.0 2.113669628146652 188.0 5.4727452E7 1192.0 118.0
0.0 24.0 100606.0 2.2218591577494826 192.0 3.9079404E7 1439.0 201.0
0.0 41.0 25401.0 0.09029649595687331 316.0 9.0450863E7 224.0 111.0
0.0 13.0 211951.0 4.853432588984663 18.0 8672218.0 2564.0 262.0
0.0 34.0 74845.0 1.5438488181835253 206.0 5.3484301E7 917.0 134.0
0.0 27.0 86500.0 2.113669628146652 188.0 5.4727452E7 1192.0 118.0
0.0 16.0 264014.0 1.4237714862109272 108.0 3.1074202E7 2146.0 449.0
0.0 31.0 149743.0 1.3939682516645888 162.0 4.2070554E7 1107.0 142.0
0.0 27.0 86500.0 2.113669628146652 188.0 5.4727452E7 1192.0 118.0
0.0 35.0 41782.0 2.0077183569968002 274.0 5.7709733E7 870.0 55.0
0.0 32.0 44203.0 1.2263479558485035 287.0 6.2419093E7 875.0 159.0
0.0 16.0 211528.0 3.1679293563828894 19.0 1.598542E7 2259.0 237.0
0.0 22.0 146136.0 3.0244917907705773 89.0 9308027.0 1855.0 208.0
0.0 26.0 142017.0 2.5400621686275384 129.0 3.4682617E7 1400.0 128.0
0.0 27.0 86500.0 2.113669628146652 188.0 5.4727452E7 1192.0 118.0
0.0 20.0 181335.0 1.6516688490344866 179.0 2.4520782E7 1787.0 265.0
0.0 25.0 133745.0 1.9942751681788118 122.0 3.4398732E7 1477.0 291.0
0.0 23.0 206996.0 1.355355941566425 90.0 4.406354E7 1592.0 334.0
0.0 22.0 134539.0 1.6264305998983282 103.0 3.832484E7 1644.0 288.0
0.0 24.0 101982.0 3.751061890153576 120.0 2.468702E7 1667.0 160.0
0.0 36.0 42838.0 0.45345219305321693 278.0 7.3490632E7 627.0 93.0
0.0 27.0 122522.0 1.1430753401949836 186.0 5.568561E7 1186.0 295.0
0.0 29.0 104838.0 2.6948216162662435 118.0 2.583448E7 1455.0 117.0
0.0 16.0 211528.0 3.1679293563828894 19.0 1.598542E7 2259.0 237.0
0.0 16.0 264014.0 1.4237714862109272 108.0 3.1074202E7 2146.0 449.0
0.0 26.0 142017.0 2.5400621686275384 129.0 3.4682617E7 1400.0 128.0
0.0 27.0 86500.0 2.113669628146652 188.0 5.4727452E7 1192.0 118.0
0.0 40.0 51950.0 1.0880726406179382 250.0 7.5263384E7 507.0 80.0
0.0 6.0 268235.0 3.722141841347167 7.0 1.2155212E7 2731.0 468.0
0.0 23.0 206996.0 1.355355941566425 90.0 4.406354E7 1592.0 334.0
0.0 25.0 147188.0 1.791973587102425 103.0 4.4422115E7 1378.0 321.0
0.0 22.0 146136.0 3.0244917907705773 89.0 9308027.0 1855.0 208.0
0.0 28.0 99292.0 2.488287382825825 167.0 3.6545368E7 1290.0 131.0
0.0 20.0 233416.0 2.9267771615453615 53.0 1.2620381E7 2029.0 206.0
0.0 25.0 115386.0 2.929733577407713 102.0 1.490182E7 1729.0 145.0
0.0 28.0 78867.0 1.1871675927270287 265.0 7.0523437E7 930.0 263.0
0.0 33.0 95034.0 1.3847054166763597 150.0 5.2168071E7 998.0 120.0
0.0 20.0 256569.0 2.000680555030955 50.0 1.8477994E7 1927.0 284.0
0.0 35.0 50594.0 0.8550729942509614 296.0 6.3377347E7 787.0 101.0
0.0 33.0 95034.0 1.3847054166763597 150.0 5.2168071E7 998.0 120.0
0.0 24.0 100606.0 2.2218591577494826 192.0 3.9079404E7 1439.0 201.0
0.0 16.0 211528.0 3.1679293563828894 19.0 1.598542E7 2259.0 237.0
0.0 24.0 101982.0 3.751061890153576 120.0 2.468702E7 1667.0 160.0
0.0 38.0 52115.0 0.7390955467204037 246.0 7.9227188E7 512.0 140.0
0.0 9.0 234971.0 4.054164520997111 44.0 1.300482E7 2664.0 328.0
0.0 33.0 80813.0 0.7657042234868419 227.0 5.8368525E7 873.0 197.0
0.0 33.0 95034.0 1.3847054166763597 150.0 5.2168071E7 998.0 120.0
0.0 10.0 293559.0 3.490713002379752 22.0 9089478.0 2604.0 317.0
0.0 25.0 147188.0 1.791973587102425 103.0 4.4422115E7 1378.0 321.0
0.0 25.0 131171.0 1.8956308307074172 227.0 4.4848579E7 1372.0 100.0
0.0 41.0 25401.0 0.09029649595687331 316.0 9.0450863E7 224.0 111.0
0.0 8.0 245177.0 4.194928459054225 13.0 3602444.0 2733.0 379.0
0.0 38.0 92857.0 0.30868686638320353 265.0 7.4595385E7 487.0 69.0
0.0 33.0 95034.0 1.3847054166763597 150.0 5.2168071E7 998.0 120.0
0.0 39.0 27792.0 0.9178606339896662 330.0 7.5117355E7 492.0 66.0
0.0 31.0 149743.0 1.3939682516645888 162.0 4.2070554E7 1107.0 142.0
0.0 31.0 149743.0 1.3939682516645888 162.0 4.2070554E7 1107.0 142.0
0.0 30.0 94299.0 1.3742482553488478 167.0 4.6875824E7 1125.0 106.0
0.0 15.0 166685.0 3.4771439006813076 75.0 6028799.0 2304.0 339.0
0.0 26.0 142017.0 2.5400621686275384 129.0 3.4682617E7 1400.0 128.0
0.0 25.0 140685.0 1.459649214362537 218.0 5.4486996E7 1220.0 167.0
0.0 22.0 146136.0 3.0244917907705773 89.0 9308027.0 1855.0 208.0
0.0 24.0 101982.0 3.751061890153576 120.0 2.468702E7 1667.0 160.0
0.0 29.0 152696.0 1.1885687618820102 145.0 5.1706211E7 1019.0 292.0
0.0 37.0 67403.0 0.6744309583568038 242.0 6.4719093E7 671.0 215.0
0.0 18.0 182480.0 2.1914258880381365 162.0 4.1544647E7 1863.0 209.0
0.0 26.0 142017.0 2.5400621686275384 129.0 3.4682617E7 1400.0 128.0
0.0 8.0 245177.0 4.194928459054225 13.0 3602444.0 2733.0 379.0
0.0 33.0 81398.0 0.7761535728501598 212.0 5.7669697E7 971.0 143.0
0.0 18.0 198372.0 3.5267373239583852 27.0 1.6459145E7 2260.0 198.0
0.0 29.0 104838.0 2.6948216162662435 118.0 2.583448E7 1455.0 117.0
0.0 40.0 25752.0 0.40842154031142586 287.0 7.5335243E7 469.0 39.0
0.0 31.0 149743.0 1.3939682516645888 162.0 4.2070554E7 1107.0 142.0
0.0 18.0 198372.0 3.5267373239583852 27.0 1.6459145E7 2260.0 198.0
0.0 21.0 151563.0 1.9921587660624098 93.0 1.8330881E7 1767.0 289.0
0.0 37.0 39501.0 0.36293318032173794 325.0 7.8929627E7 548.0 99.0
0.0 10.0 246026.0 3.307106445002703 15.0 1.4410029E7 2511.0 440.0
0.0 16.0 211528.0 3.1679293563828894 19.0 1.598542E7 2259.0 237.0
0.0 24.0 182686.0 2.706078926207764 47.0 3.3010718E7 1806.0 178.0
0.0 11.0 237297.0 3.5700115155326304 22.0 9020613.0 2627.0 358.0
0.0 35.0 41782.0 2.0077183569968002 274.0 5.7709733E7 870.0 55.0
0.0 22.0 146136.0 3.0244917907705773 89.0 9308027.0 1855.0 208.0
0.0 25.0 115386.0 2.929733577407713 102.0 1.490182E7 1729.0 145.0
0.0 24.0 141457.0 1.867410522178723 124.0 4.4198557E7 1406.0 248.0
0.0 22.0 146136.0 3.0244917907705773 89.0 9308027.0 1855.0 208.0
0.0 26.0 115036.0 2.573364083519437 116.0 4.0185717E7 1298.0 231.0
0.0 41.0 26086.0 1.433957515352864 281.0 8.4525495E7 376.0 36.0
0.0 24.0 182686.0 2.706078926207764 47.0 3.3010718E7 1806.0 178.0
0.0 22.0 146136.0 3.0244917907705773 89.0 9308027.0 1855.0 208.0
0.0 13.0 199593.0 3.113594800996523 99.0 1.9304112E7 2454.0 240.0
0.0 26.0 115036.0 2.573364083519437 116.0 4.0185717E7 1298.0 231.0
0.0 19.0 192317.0 3.9125512698813703 84.0 1.3441078E7 1935.0 191.0
0.0 41.0 25401.0 0.09029649595687331 316.0 9.0450863E7 224.0 111.0
0.0 20.0 179816.0 2.6316846070766027 61.0 3.1455279E7 2018.0 229.0
0.0 38.0 30112.0 1.934325008659716 280.0 5.9552048E7 776.0 25.0
0.0 24.0 100606.0 2.2218591577494826 192.0 3.9079404E7 1439.0 201.0
0.0 23.0 186458.0 1.2496436026801558 150.0 5.4608777E7 1294.0 296.0
0.0 25.0 147188.0 1.791973587102425 103.0 4.4422115E7 1378.0 321.0
0.0 31.0 105391.0 1.250724150353188 171.0 4.7307815E7 1032.0 280.0
0.0 25.0 147188.0 1.791973587102425 103.0 4.4422115E7 1378.0 321.0
0.0 16.0 211528.0 3.1679293563828894 19.0 1.598542E7 2259.0 237.0
0.0 16.0 217760.0 3.3234772450875503 27.0 6051765.0 2451.0 254.0
0.0 16.0 264014.0 1.4237714862109272 108.0 3.1074202E7 2146.0 449.0
0.0 31.0 134880.0 0.7525985123456105 217.0 6.2263942E7 879.0 204.0
0.0 23.0 206996.0 1.355355941566425 90.0 4.406354E7 1592.0 334.0
0.0 16.0 264014.0 1.4237714862109272 108.0 3.1074202E7 2146.0 449.0
0.0 25.0 133745.0 1.9942751681788118 122.0 3.4398732E7 1477.0 291.0
0.0 18.0 236336.0 2.0459675555631933 108.0 2.2777419E7 1859.0 367.0
0.0 16.0 211528.0 3.1679293563828894 19.0 1.598542E7 2259.0 237.0
0.0 25.0 115386.0 2.929733577407713 102.0 1.490182E7 1729.0 145.0
0.0 23.0 133027.0 2.945060145193297 94.0 1.4216886E7 1804.0 229.0
0.0 27.0 86500.0 2.113669628146652 188.0 5.4727452E7 1192.0 118.0
0.0 34.0 75779.0 1.4258911674584722 206.0 6.348778E7 780.0 137.0
0.0 24.0 101982.0 3.751061890153576 120.0 2.468702E7 1667.0 160.0
0.0 28.0 115549.0 1.5449457934602298 193.0 4.1386153E7 1369.0 180.0
0.0 18.0 182480.0 2.1914258880381365 162.0 4.1544647E7 1863.0 209.0
0.0 40.0 51950.0 1.0880726406179382 250.0 7.5263384E7 507.0 80.0
0.0 18.0 198372.0 3.5267373239583852 27.0 1.6459145E7 2260.0 198.0
0.0 23.0 206996.0 1.355355941566425 90.0 4.406354E7 1592.0 334.0
0.0 18.0 198372.0 3.5267373239583852 27.0 1.6459145E7 2260.0 198.0
0.0 24.0 100606.0 2.2218591577494826 192.0 3.9079404E7 1439.0 201.0
0.0 8.0 245177.0 4.194928459054225 13.0 3602444.0 2733.0 379.0
0.0 19.0 217412.0 2.734499522866775 32.0 2.2036246E7 2068.0 303.0
0.0 29.0 104838.0 2.6948216162662435 118.0 2.583448E7 1455.0 117.0
0.0 31.0 149743.0 1.3939682516645888 162.0 4.2070554E7 1107.0 142.0
0.0 36.0 81012.0 0.6958369323080753 211.0 5.4381911E7 808.0 217.0
0.0 11.0 273292.0 4.386198943267203 13.0 3939239.0 2570.0 315.0
0.0 35.0 50952.0 1.664999015068694 239.0 6.765421E7 746.0 66.0
0.0 16.0 211528.0 3.1679293563828894 19.0 1.598542E7 2259.0 237.0
0.0 25.0 115386.0 2.929733577407713 102.0 1.490182E7 1729.0 145.0
0.0 19.0 217412.0 2.734499522866775 32.0 2.2036246E7 2068.0 303.0
0.0 33.0 95034.0 1.3847054166763597 150.0 5.2168071E7 998.0 120.0
0.0 38.0 26290.0 0.4358008333252144 326.0 7.9059133E7 498.0 117.0
0.0 25.0 115386.0 2.929733577407713 102.0 1.490182E7 1729.0 145.0
0.0 33.0 81398.0 0.7761535728501598 212.0 5.7669697E7 971.0 143.0
0.0 38.0 26290.0 0.4358008333252144 326.0 7.9059133E7 498.0 117.0
0.0 27.0 86500.0 2.113669628146652 188.0 5.4727452E7 1192.0 118.0
0.0 31.0 149743.0 1.3939682516645888 162.0 4.2070554E7 1107.0 142.0
0.0 18.0 198372.0 3.5267373239583852 27.0 1.6459145E7 2260.0 198.0
0.0 38.0 26290.0 0.4358008333252144 326.0 7.9059133E7 498.0 117.0
0.0 18.0 198372.0 3.5267373239583852 27.0 1.6459145E7 2260.0 198.0
0.0 23.0 206996.0 1.355355941566425 90.0 4.406354E7 1592.0 334.0
0.0 24.0 100606.0 2.2218591577494826 192.0 3.9079404E7 1439.0 201.0
0.0 31.0 105391.0 1.250724150353188 171.0 4.7307815E7 1032.0 280.0
0.0 36.0 61089.0 0.6507184512826667 242.0 6.9114324E7 614.0 167.0
0.0 23.0 186458.0 1.2496436026801558 150.0 5.4608777E7 1294.0 296.0
0.0 35.0 41782.0 2.0077183569968002 274.0 5.7709733E7 870.0 55.0
0.0 13.0 199593.0 3.113594800996523 99.0 1.9304112E7 2454.0 240.0
0.0 28.0 170138.0 1.6715730640813589 118.0 3.624789E7 1316.0 227.0
0.0 35.0 50594.0 0.8550729942509614 296.0 6.3377347E7 787.0 101.0
0.0 18.0 236336.0 2.0459675555631933 108.0 2.2777419E7 1859.0 367.0
0.0 22.0 146136.0 3.0244917907705773 89.0 9308027.0 1855.0 208.0
0.0 33.0 140389.0 0.5902634293551153 208.0 6.2520573E7 836.0 156.0
0.0 13.0 211951.0 4.853432588984663 18.0 8672218.0 2564.0 262.0
0.0 16.0 217126.0 3.387307032321593 27.0 6206082.0 2490.0 246.0
0.0 18.0 153037.0 2.3882722194510864 212.0 3.7474074E7 1676.0 417.0
0.0 24.0 138254.0 2.8090877910697696 102.0 2.4117228E7 1539.0 282.0
0.0 15.0 166685.0 3.4771439006813076 75.0 6028799.0 2304.0 339.0
0.0 15.0 218752.0 3.8829114279259884 37.0 5554304.0 2385.0 238.0
0.0 28.0 99292.0 2.488287382825825 167.0 3.6545368E7 1290.0 131.0
0.0 31.0 134880.0 0.7525985123456105 217.0 6.2263942E7 879.0 204.0
0.0 17.0 203319.0 2.838556812460456 78.0 2.1141693E7 1996.0 335.0
0.0 41.0 25401.0 0.09029649595687331 316.0 9.0450863E7 224.0 111.0
0.0 8.0 245177.0 4.194928459054225 13.0 3602444.0 2733.0 379.0
0.0 29.0 96397.0 1.7000226032297763 139.0 4.1146096E7 1262.0 130.0
0.0 38.0 26290.0 0.4358008333252144 326.0 7.9059133E7 498.0 117.0
0.0 25.0 101792.0 2.238348964705813 184.0 3.0263861E7 1601.0 187.0
0.0 40.0 100538.0 0.549726775956284 253.0 8.0235614E7 391.0 84.0
0.0 9.0 274311.0 3.219284430951181 70.0 1.3360488E7 2586.0 305.0
0.0 22.0 146136.0 3.0244917907705773 89.0 9308027.0 1855.0 208.0
0.0 38.0 30112.0 1.934325008659716 280.0 5.9552048E7 776.0 25.0
0.0 25.0 115386.0 2.929733577407713 102.0 1.490182E7 1729.0 145.0
0.0 16.0 264014.0 1.4237714862109272 108.0 3.1074202E7 2146.0 449.0
0.0 18.0 236336.0 2.0459675555631933 108.0 2.2777419E7 1859.0 367.0
0.0 36.0 81012.0 0.6958369323080753 211.0 5.4381911E7 808.0 217.0
0.0 19.0 192317.0 3.9125512698813703 84.0 1.3441078E7 1935.0 191.0
0.0 23.0 186458.0 1.2496436026801558 150.0 5.4608777E7 1294.0 296.0
0.0 31.0 149743.0 1.3939682516645888 162.0 4.2070554E7 1107.0 142.0
0.0 25.0 147188.0 1.791973587102425 103.0 4.4422115E7 1378.0 321.0
0.0 28.0 170138.0 1.6715730640813589 118.0 3.624789E7 1316.0 227.0
0.0 16.0 217126.0 3.387307032321593 27.0 6206082.0 2490.0 246.0
0.0 16.0 211528.0 3.1679293563828894 19.0 1.598542E7 2259.0 237.0
0.0 18.0 198372.0 3.5267373239583852 27.0 1.6459145E7 2260.0 198.0
0.0 29.0 152696.0 1.1885687618820102 145.0 5.1706211E7 1019.0 292.0
0.0 23.0 206996.0 1.355355941566425 90.0 4.406354E7 1592.0 334.0
0.0 11.0 273292.0 4.386198943267203 13.0 3939239.0 2570.0 315.0
0.0 26.0 115036.0 2.573364083519437 116.0 4.0185717E7 1298.0 231.0
0.0 27.0 117681.0 1.9010796856822076 124.0 4.0299203E7 1364.0 185.0
0.0 35.0 41782.0 2.0077183569968002 274.0 5.7709733E7 870.0 55.0
0.0 33.0 95034.0 1.3847054166763597 150.0 5.2168071E7 998.0 120.0
0.0 20.0 256569.0 2.000680555030955 50.0 1.8477994E7 1927.0 284.0
0.0 33.0 140389.0 0.5902634293551153 208.0 6.2520573E7 836.0 156.0
