0.0 26.0 114159.0 1.5860317437280809 107.0 3.5559555E7 1345.0 223.0
0.0 35.0 69992.0 0.734478618490745 201.0 5.4026893E7 869.0 136.0
0.0 38.0 99794.0 0.7871188307368966 241.0 6.9372218E7 647.0 56.0
0.0 29.0 80169.0 1.5534610802809838 218.0 4.5804255E7 1372.0 146.0
0.0 18.0 297633.0 1.278934435192143 47.0 4.6457334E7 1784.0 489.0
0.0 26.0 115596.0 1.477990453471727 140.0 4.5297107E7 1307.0 215.0
0.0 29.0 96057.0 2.6233019079044295 131.0 4.0120069E7 1279.0 129.0
0.0 35.0 69992.0 0.734478618490745 201.0 5.4026893E7 869.0 136.0
0.0 27.0 142931.0 1.4486048431432854 125.0 3.636938E7 1328.0 123.0
0.0 29.0 96057.0 2.6233019079044295 131.0 4.0120069E7 1279.0 129.0
0.0 23.0 250700.0 1.1820148550543859 98.0 6.3388127E7 1367.0 388.0
0.0 24.0 134534.0 1.7389452598424926 120.0 3.478821E7 1550.0 320.0
0.0 40.0 14860.0 0.7493506493506492 330.0 8.4866684E7 302.0 53.0
0.0 18.0 151834.0 2.9277088400985436 85.0 2.7278424E7 1917.0 299.0
0.0 41.0 29547.0 0.47508305647840526 284.0 8.9954246E7 304.0 48.0
0.0 35.0 69992.0 0.734478618490745 201.0 5.4026893E7 869.0 136.0
0.0 22.0 181101.0 1.9295650608993316 67.0 3.805043E7 1904.0 202.0
0.0 18.0 199947.0 3.1058375732595866 27.0 1.1979598E7 2204.0 297.0
0.0 36.0 58693.0 0.445128236678939 261.0 6.8590394E7 668.0 216.0
0.0 22.0 181101.0 1.9295650608993316 67.0 3.805043E7 1904.0 202.0
0.0 29.0 96557.0 2.697205025770396 122.0 3.1437481E7 1396.0 147.0
0.0 41.0 29547.0 0.47508305647840526 284.0 8.9954246E7 304.0 48.0
0.0 23.0 156993.0 2.5292551869515236 98.0 2.4512289E7 1580.0 140.0
0.0 23.0 156993.0 2.5292551869515236 98.0 2.4512289E7 1580.0 140.0
0.0 39.0 18300.0 1.0135825309710886 328.0 7.4527398E7 532.0 31.0
0.0 18.0 199947.0 3.1058375732595866 27.0 1.1979598E7 2204.0 297.0
0.0 10.0 226548.0 3.682582339737511 45.0 1.8203748E7 2558.0 330.0
0.0 29.0 74864.0 0.8108559620888095 223.0 5.6187286E7 1108.0 166.0
0.0 32.0 76102.0 2.282188803043035 137.0 3.7745359E7 1166.0 85.0
0.0 18.0 297633.0 1.278934435192143 47.0 4.6457334E7 1784.0 489.0
0.0 22.0 135227.0 2.6884637361378716 94.0 1.8578131E7 1749.0 230.0
0.0 27.0 171928.0 1.4908672859961238 116.0 3.5091594E7 1389.0 171.0
0.0 22.0 181101.0 1.9295650608993316 67.0 3.805043E7 1904.0 202.0
0.0 32.0 88115.0 1.5170183010304275 203.0 4.7874405E7 1060.0 133.0
0.0 19.0 186385.0 3.7095532347029887 31.0 1.1802843E7 2224.0 206.0
0.0 13.0 288340.0 3.0581652008391735 30.0 6145773.0 2287.0 443.0
0.0 22.0 181101.0 1.9295650608993316 67.0 3.805043E7 1904.0 202.0
0.0 18.0 199947.0 3.1058375732595866 27.0 1.1979598E7 2204.0 297.0
0.0 22.0 181101.0 1.9295650608993316 67.0 3.805043E7 1904.0 202.0
0.0 12.0 256741.0 3.8754171619182336 24.0 1.4642543E7 2288.0 263.0
0.0 23.0 156993.0 2.5292551869515236 98.0 2.4512289E7 1580.0 140.0
0.0 36.0 45822.0 0.883573490775291 254.0 6.86933E7 690.0 75.0
0.0 32.0 83907.0 1.316374534241026 151.0 3.7778849E7 1160.0 162.0
0.0 23.0 156993.0 2.5292551869515236 98.0 2.4512289E7 1580.0 140.0
0.0 27.0 96705.0 1.2313111521359228 222.0 4.6044355E7 1232.0 197.0
0.0 35.0 112506.0 1.3045491436408296 212.0 5.3491279E7 878.0 70.0
0.0 32.0 76102.0 2.282188803043035 137.0 3.7745359E7 1166.0 85.0
0.0 37.0 109261.0 0.49454006242315685 214.0 6.4221625E7 651.0 74.0
0.0 40.0 47722.0 0.5105292686486623 262.0 8.0312971E7 382.0 141.0
0.0 27.0 142931.0 1.4486048431432854 125.0 3.636938E7 1328.0 123.0
0.0 27.0 96705.0 1.2313111521359228 222.0 4.6044355E7 1232.0 197.0
0.0 18.0 199947.0 3.1058375732595866 27.0 1.1979598E7 2204.0 297.0
0.0 23.0 156993.0 2.5292551869515236 98.0 2.4512289E7 1580.0 140.0
0.0 13.0 249405.0 4.731452599349018 24.0 8796090.0 2554.0 204.0
0.0 28.0 78413.0 3.481520465532592 148.0 3.6316257E7 1341.0 111.0
0.0 13.0 249405.0 4.731452599349018 24.0 8796090.0 2554.0 204.0
0.0 26.0 114159.0 1.5860317437280809 107.0 3.5559555E7 1345.0 223.0
0.0 14.0 206141.0 3.687344244499416 67.0 1.9757414E7 2453.0 239.0
0.0 39.0 18300.0 1.0135825309710886 328.0 7.4527398E7 532.0 31.0
0.0 23.0 227603.0 1.6921604779925083 61.0 2.8219818E7 1713.0 208.0
0.0 32.0 76102.0 2.282188803043035 137.0 3.7745359E7 1166.0 85.0
0.0 39.0 18300.0 1.0135825309710886 328.0 7.4527398E7 532.0 31.0
0.0 35.0 48022.0 1.3140990378529271 230.0 6.3247746E7 783.0 68.0
0.0 18.0 297633.0 1.278934435192143 47.0 4.6457334E7 1784.0 489.0
0.0 23.0 156993.0 2.5292551869515236 98.0 2.4512289E7 1580.0 140.0
0.0 35.0 52446.0 1.7805346700083544 210.0 6.2987589E7 720.0 78.0
0.0 39.0 51559.0 0.1420201997165369 269.0 7.4746312E7 475.0 96.0
0.0 18.0 199947.0 3.1058375732595866 27.0 1.1979598E7 2204.0 297.0
0.0 20.0 144895.0 3.052266144688158 87.0 1.3584532E7 1848.0 270.0
0.0 9.0 240035.0 4.183000359933426 20.0 7930612.0 2674.0 325.0
0.0 12.0 214993.0 3.044905121838189 95.0 1.8979781E7 2460.0 276.0
0.0 19.0 267115.0 1.7994087007317734 37.0 3.1585726E7 1989.0 263.0
0.0 23.0 156993.0 2.5292551869515236 98.0 2.4512289E7 1580.0 140.0
0.0 35.0 52446.0 1.7805346700083544 210.0 6.2987589E7 720.0 78.0
0.0 19.0 214889.0 2.1371363517331123 41.0 3.2158249E7 1978.0 330.0
0.0 33.0 84219.0 2.424126981823319 192.0 3.8277915E7 1112.0 107.0
0.0 29.0 102876.0 1.5056095861293606 139.0 4.6342947E7 1255.0 159.0
0.0 22.0 135227.0 2.6884637361378716 94.0 1.8578131E7 1749.0 230.0
0.0 27.0 96705.0 1.2313111521359228 222.0 4.6044355E7 1232.0 197.0
0.0 40.0 27295.0 0.14557526941543997 337.0 7.9916524E7 442.0 57.0
0.0 34.0 60074.0 1.472138385000563 229.0 6.2855041E7 796.0 106.0
0.0 21.0 214457.0 2.216211139295473 45.0 1.8619492E7 1968.0 380.0
0.0 27.0 96705.0 1.2313111521359228 222.0 4.6044355E7 1232.0 197.0
0.0 23.0 227603.0 1.6921604779925083 61.0 2.8219818E7 1713.0 208.0
0.0 32.0 88115.0 1.5170183010304275 203.0 4.7874405E7 1060.0 133.0
0.0 19.0 214889.0 2.1371363517331123 41.0 3.2158249E7 1978.0 330.0
0.0 20.0 185298.0 3.9204621063804175 45.0 1.684048E7 2005.0 199.0
0.0 18.0 151834.0 2.9277088400985436 85.0 2.7278424E7 1917.0 299.0
0.0 29.0 96557.0 2.697205025770396 122.0 3.1437481E7 1396.0 147.0
0.0 18.0 199947.0 3.1058375732595866 27.0 1.1979598E7 2204.0 297.0
0.0 23.0 156993.0 2.5292551869515236 98.0 2.4512289E7 1580.0 140.0
0.0 16.0 166569.0 3.0178288155029507 79.0 1.589059E7 2236.0 294.0
0.0 23.0 190643.0 1.4349561951115486 134.0 3.0038324E7 1496.0 317.0
0.0 28.0 78413.0 3.481520465532592 148.0 3.6316257E7 1341.0 111.0
0.0 23.0 190643.0 1.4349561951115486 134.0 3.0038324E7 1496.0 317.0
0.0 23.0 227603.0 1.6921604779925083 61.0 2.8219818E7 1713.0 208.0
0.0 10.0 234819.0 5.043093954760704 20.0 3665177.0 2736.0 334.0
0.0 39.0 18300.0 1.0135825309710886 328.0 7.4527398E7 532.0 31.0
0.0 29.0 74864.0 0.8108559620888095 223.0 5.6187286E7 1108.0 166.0
0.0 18.0 199947.0 3.1058375732595866 27.0 1.1979598E7 2204.0 297.0
0.0 32.0 88115.0 1.5170183010304275 203.0 4.7874405E7 1060.0 133.0
0.0 13.0 288340.0 3.0581652008391735 30.0 6145773.0 2287.0 443.0
0.0 30.0 134424.0 1.200129002378583 150.0 4.6372756E7 1094.0 127.0
0.0 24.0 126829.0 1.639014467407275 124.0 3.4767238E7 1434.0 273.0
0.0 19.0 214889.0 2.1371363517331123 41.0 3.2158249E7 1978.0 330.0
0.0 35.0 52446.0 1.7805346700083544 210.0 6.2987589E7 720.0 78.0
0.0 36.0 52639.0 0.9364694800875457 230.0 6.3950108E7 777.0 72.0
0.0 40.0 27295.0 0.14557526941543997 337.0 7.9916524E7 442.0 57.0
0.0 34.0 60074.0 1.472138385000563 229.0 6.2855041E7 796.0 106.0
0.0 29.0 96057.0 2.6233019079044295 131.0 4.0120069E7 1279.0 129.0
0.0 27.0 142931.0 1.4486048431432854 125.0 3.636938E7 1328.0 123.0
0.0 18.0 199947.0 3.1058375732595866 27.0 1.1979598E7 2204.0 297.0
0.0 29.0 96557.0 2.697205025770396 122.0 3.1437481E7 1396.0 147.0
0.0 27.0 96705.0 1.2313111521359228 222.0 4.6044355E7 1232.0 197.0
0.0 10.0 285616.0 3.0192844309511813 73.0 1.8855427E7 2514.0 338.0
0.0 26.0 114159.0 1.5860317437280809 107.0 3.5559555E7 1345.0 223.0
0.0 41.0 29547.0 0.47508305647840526 284.0 8.9954246E7 304.0 48.0
0.0 18.0 297633.0 1.278934435192143 47.0 4.6457334E7 1784.0 489.0
0.0 39.0 51559.0 0.1420201997165369 269.0 7.4746312E7 475.0 96.0
0.0 23.0 156993.0 2.5292551869515236 98.0 2.4512289E7 1580.0 140.0
0.0 36.0 45822.0 0.883573490775291 254.0 6.86933E7 690.0 75.0
0.0 15.0 215616.0 3.295870106674141 40.0 6192292.0 2295.0 321.0
0.0 23.0 156993.0 2.5292551869515236 98.0 2.4512289E7 1580.0 140.0
0.0 23.0 156993.0 2.5292551869515236 98.0 2.4512289E7 1580.0 140.0
0.0 18.0 199947.0 3.1058375732595866 27.0 1.1979598E7 2204.0 297.0
0.0 19.0 214889.0 2.1371363517331123 41.0 3.2158249E7 1978.0 330.0
0.0 23.0 227603.0 1.6921604779925083 61.0 2.8219818E7 1713.0 208.0
0.0 39.0 50048.0 1.205722344900312 245.0 6.4811573E7 682.0 59.0
0.0 30.0 134424.0 1.200129002378583 150.0 4.6372756E7 1094.0 127.0
0.0 24.0 126829.0 1.639014467407275 124.0 3.4767238E7 1434.0 273.0
0.0 18.0 151834.0 2.9277088400985436 85.0 2.7278424E7 1917.0 299.0
0.0 32.0 76102.0 2.282188803043035 137.0 3.7745359E7 1166.0 85.0
0.0 35.0 69992.0 0.734478618490745 201.0 5.4026893E7 869.0 136.0
0.0 7.0 295293.0 4.542296880106858 11.0 1.2385328E7 2643.0 391.0
0.0 24.0 93975.0 1.5476382795515617 199.0 4.8517064E7 1539.0 218.0
0.0 35.0 52446.0 1.7805346700083544 210.0 6.2987589E7 720.0 78.0
0.0 15.0 215616.0 3.295870106674141 40.0 6192292.0 2295.0 321.0
0.0 22.0 181101.0 1.9295650608993316 67.0 3.805043E7 1904.0 202.0
0.0 29.0 96557.0 2.697205025770396 122.0 3.1437481E7 1396.0 147.0
0.0 20.0 185298.0 3.9204621063804175 45.0 1.684048E7 2005.0 199.0
0.0 23.0 250700.0 1.1820148550543859 98.0 6.3388127E7 1367.0 388.0
0.0 16.0 166569.0 3.0178288155029507 79.0 1.589059E7 2236.0 294.0
0.0 20.0 193644.0 2.9850385063968523 96.0 1.7455826E7 1886.0 205.0
0.0 9.0 240035.0 4.183000359933426 20.0 7930612.0 2674.0 325.0
0.0 35.0 69992.0 0.734478618490745 201.0 5.4026893E7 869.0 136.0
0.0 22.0 181101.0 1.9295650608993316 67.0 3.805043E7 1904.0 202.0
0.0 30.0 134424.0 1.200129002378583 150.0 4.6372756E7 1094.0 127.0
0.0 40.0 47722.0 0.5105292686486623 262.0 8.0312971E7 382.0 141.0
0.0 23.0 227603.0 1.6921604779925083 61.0 2.8219818E7 1713.0 208.0
0.0 15.0 215616.0 3.295870106674141 40.0 6192292.0 2295.0 321.0
0.0 11.0 231615.0 3.5031381910344495 15.0 9862602.0 2521.0 428.0
0.0 20.0 144895.0 3.052266144688158 87.0 1.3584532E7 1848.0 270.0
0.0 26.0 115596.0 1.477990453471727 140.0 4.5297107E7 1307.0 215.0
0.0 18.0 151834.0 2.9277088400985436 85.0 2.7278424E7 1917.0 299.0
0.0 20.0 144895.0 3.052266144688158 87.0 1.3584532E7 1848.0 270.0
0.0 39.0 18300.0 1.0135825309710886 328.0 7.4527398E7 532.0 31.0
0.0 29.0 96557.0 2.697205025770396 122.0 3.1437481E7 1396.0 147.0
0.0 22.0 181101.0 1.9295650608993316 67.0 3.805043E7 1904.0 202.0
0.0 27.0 96705.0 1.2313111521359228 222.0 4.6044355E7 1232.0 197.0
0.0 23.0 156993.0 2.5292551869515236 98.0 2.4512289E7 1580.0 140.0
0.0 23.0 156993.0 2.5292551869515236 98.0 2.4512289E7 1580.0 140.0
0.0 15.0 215713.0 3.1546116019189445 25.0 1.5870272E7 2134.0 300.0
0.0 34.0 66898.0 0.9249548089669355 196.0 5.3661973E7 897.0 93.0
0.0 13.0 249405.0 4.731452599349018 24.0 8796090.0 2554.0 204.0
0.0 40.0 14860.0 0.7493506493506492 330.0 8.4866684E7 302.0 53.0
0.0 12.0 228704.0 3.5615853081702533 15.0 4487921.0 2578.0 428.0
0.0 15.0 215616.0 3.295870106674141 40.0 6192292.0 2295.0 321.0
0.0 25.0 103973.0 2.561114800206486 130.0 2.9844429E7 1486.0 191.0
0.0 29.0 135169.0 1.4592316770981688 146.0 3.7024839E7 1295.0 170.0
0.0 21.0 180954.0 3.9117528331974607 91.0 1.3067419E7 1899.0 158.0
0.0 42.0 22449.0 0.2573934837092732 331.0 9.0465029E7 220.0 76.0
0.0 29.0 74864.0 0.8108559620888095 223.0 5.6187286E7 1108.0 166.0
0.0 14.0 218431.0 2.5148439392440625 115.0 2.0960963E7 2120.0 404.0
0.0 28.0 78413.0 3.481520465532592 148.0 3.6316257E7 1341.0 111.0
0.0 27.0 167146.0 1.2860678375929848 113.0 3.5221418E7 1737.0 201.0
0.0 13.0 288340.0 3.0581652008391735 30.0 6145773.0 2287.0 443.0
0.0 36.0 45822.0 0.883573490775291 254.0 6.86933E7 690.0 75.0
0.0 20.0 193644.0 2.9850385063968523 96.0 1.7455826E7 1886.0 205.0
0.0 24.0 93975.0 1.5476382795515617 199.0 4.8517064E7 1539.0 218.0
0.0 14.0 262054.0 3.8071070879458397 20.0 1.5273636E7 2223.0 254.0
0.0 40.0 30922.0 0.17752923966567544 328.0 8.5223203E7 324.0 127.0
0.0 34.0 60074.0 1.472138385000563 229.0 6.2855041E7 796.0 106.0
0.0 39.0 50048.0 1.205722344900312 245.0 6.4811573E7 682.0 59.0
0.0 22.0 181101.0 1.9295650608993316 67.0 3.805043E7 1904.0 202.0
0.0 25.0 103973.0 2.561114800206486 130.0 2.9844429E7 1486.0 191.0
0.0 39.0 18300.0 1.0135825309710886 328.0 7.4527398E7 532.0 31.0
0.0 18.0 199894.0 3.5526065893876164 38.0 2.1649323E7 2041.0 237.0
0.0 29.0 135169.0 1.4592316770981688 146.0 3.7024839E7 1295.0 170.0
0.0 27.0 171928.0 1.4908672859961238 116.0 3.5091594E7 1389.0 171.0
0.0 20.0 144895.0 3.052266144688158 87.0 1.3584532E7 1848.0 270.0
0.0 21.0 180954.0 3.9117528331974607 91.0 1.3067419E7 1899.0 158.0
0.0 22.0 135227.0 2.6884637361378716 94.0 1.8578131E7 1749.0 230.0
0.0 35.0 106041.0 0.6143235797310552 264.0 5.8636295E7 843.0 101.0
0.0 30.0 134424.0 1.200129002378583 150.0 4.6372756E7 1094.0 127.0
0.0 23.0 156993.0 2.5292551869515236 98.0 2.4512289E7 1580.0 140.0
0.0 36.0 45822.0 0.883573490775291 254.0 6.86933E7 690.0 75.0
0.0 33.0 89374.0 0.8851279691400957 194.0 5.8247281E7 890.0 206.0
0.0 30.0 134424.0 1.200129002378583 150.0 4.6372756E7 1094.0 127.0
0.0 27.0 96705.0 1.2313111521359228 222.0 4.6044355E7 1232.0 197.0
0.0 30.0 135529.0 0.754498262340484 218.0 5.737584E7 1011.0 168.0
0.0 18.0 297633.0 1.278934435192143 47.0 4.6457334E7 1784.0 489.0
0.0 19.0 214889.0 2.1371363517331123 41.0 3.2158249E7 1978.0 330.0
0.0 15.0 215616.0 3.295870106674141 40.0 6192292.0 2295.0 321.0
0.0 18.0 151834.0 2.9277088400985436 85.0 2.7278424E7 1917.0 299.0
0.0 35.0 52446.0 1.7805346700083544 210.0 6.2987589E7 720.0 78.0
0.0 35.0 69992.0 0.734478618490745 201.0 5.4026893E7 869.0 136.0
0.0 29.0 102876.0 1.5056095861293606 139.0 4.6342947E7 1255.0 159.0
0.0 20.0 185298.0 3.9204621063804175 45.0 1.684048E7 2005.0 199.0
0.0 15.0 215616.0 3.295870106674141 40.0 6192292.0 2295.0 321.0
0.0 21.0 180954.0 3.9117528331974607 91.0 1.3067419E7 1899.0 158.0
0.0 29.0 135169.0 1.4592316770981688 146.0 3.7024839E7 1295.0 170.0
0.0 32.0 76102.0 2.282188803043035 137.0 3.7745359E7 1166.0 85.0
0.0 35.0 115534.0 0.6994816617043786 232.0 6.3775797E7 733.0 99.0
0.0 25.0 103973.0 2.561114800206486 130.0 2.9844429E7 1486.0 191.0
0.0 13.0 223193.0 4.8455645338270275 35.0 5313513.0 2464.0 265.0
0.0 29.0 107187.0 1.7389242972110297 135.0 4.6010794E7 1265.0 157.0
0.0 23.0 156993.0 2.5292551869515236 98.0 2.4512289E7 1580.0 140.0
0.0 18.0 199894.0 3.5526065893876164 38.0 2.1649323E7 2041.0 237.0
0.0 35.0 69992.0 0.734478618490745 201.0 5.4026893E7 869.0 136.0
0.0 15.0 215616.0 3.295870106674141 40.0 6192292.0 2295.0 321.0
0.0 25.0 103973.0 2.561114800206486 130.0 2.9844429E7 1486.0 191.0
0.0 29.0 96557.0 2.697205025770396 122.0 3.1437481E7 1396.0 147.0
0.0 33.0 84219.0 2.424126981823319 192.0 3.8277915E7 1112.0 107.0
0.0 24.0 93975.0 1.5476382795515617 199.0 4.8517064E7 1539.0 218.0
0.0 42.0 22449.0 0.2573934837092732 331.0 9.0465029E7 220.0 76.0
0.0 27.0 106259.0 2.6550759389155028 114.0 3.1342572E7 1362.0 213.0
0.0 18.0 199894.0 3.5526065893876164 38.0 2.1649323E7 2041.0 237.0
0.0 14.0 255470.0 4.221737967816358 39.0 5274408.0 2366.0 254.0
0.0 32.0 76102.0 2.282188803043035 137.0 3.7745359E7 1166.0 85.0
0.0 34.0 59864.0 0.6097413694884676 274.0 6.2817798E7 814.0 173.0
0.0 35.0 58157.0 1.5855985413285976 210.0 6.2746412E7 786.0 81.0
0.0 36.0 64732.0 0.8120357742584912 228.0 6.9000439E7 642.0 153.0
0.0 12.0 228704.0 3.5615853081702533 15.0 4487921.0 2578.0 428.0
0.0 35.0 69992.0 0.734478618490745 201.0 5.4026893E7 869.0 136.0
0.0 24.0 93975.0 1.5476382795515617 199.0 4.8517064E7 1539.0 218.0
0.0 9.0 307176.0 3.5329532183041787 18.0 9601474.0 2650.0 427.0
0.0 29.0 135169.0 1.4592316770981688 146.0 3.7024839E7 1295.0 170.0
0.0 13.0 249405.0 4.731452599349018 24.0 8796090.0 2554.0 204.0
0.0 36.0 45822.0 0.883573490775291 254.0 6.86933E7 690.0 75.0
0.0 25.0 103973.0 2.561114800206486 130.0 2.9844429E7 1486.0 191.0
0.0 33.0 89374.0 0.8851279691400957 194.0 5.8247281E7 890.0 206.0
0.0 9.0 240035.0 4.183000359933426 20.0 7930612.0 2674.0 325.0
0.0 24.0 126829.0 1.639014467407275 124.0 3.4767238E7 1434.0 273.0
0.0 40.0 14860.0 0.7493506493506492 330.0 8.4866684E7 302.0 53.0
0.0 7.0 295293.0 4.542296880106858 11.0 1.2385328E7 2643.0 391.0
0.0 28.0 78413.0 3.481520465532592 148.0 3.6316257E7 1341.0 111.0
0.0 18.0 247181.0 2.8802091060002635 39.0 2.1706007E7 2177.0 223.0
0.0 23.0 190643.0 1.4349561951115486 134.0 3.0038324E7 1496.0 317.0
0.0 9.0 239598.0 5.225672758604289 17.0 3543399.0 2564.0 463.0
0.0 20.0 144895.0 3.052266144688158 87.0 1.3584532E7 1848.0 270.0
0.0 24.0 93975.0 1.5476382795515617 199.0 4.8517064E7 1539.0 218.0
0.0 20.0 185298.0 3.9204621063804175 45.0 1.684048E7 2005.0 199.0
0.0 13.0 249405.0 4.731452599349018 24.0 8796090.0 2554.0 204.0
0.0 22.0 181101.0 1.9295650608993316 67.0 3.805043E7 1904.0 202.0
0.0 42.0 22449.0 0.2573934837092732 331.0 9.0465029E7 220.0 76.0
0.0 23.0 190643.0 1.4349561951115486 134.0 3.0038324E7 1496.0 317.0
0.0 24.0 93975.0 1.5476382795515617 199.0 4.8517064E7 1539.0 218.0
0.0 23.0 227603.0 1.6921604779925083 61.0 2.8219818E7 1713.0 208.0
0.0 31.0 71215.0 2.398306263713739 198.0 5.1588743E7 1059.0 98.0
0.0 39.0 18300.0 1.0135825309710886 328.0 7.4527398E7 532.0 31.0
0.0 25.0 103973.0 2.561114800206486 130.0 2.9844429E7 1486.0 191.0
0.0 27.0 142931.0 1.4486048431432854 125.0 3.636938E7 1328.0 123.0
0.0 25.0 103973.0 2.561114800206486 130.0 2.9844429E7 1486.0 191.0
0.0 15.0 215616.0 3.295870106674141 40.0 6192292.0 2295.0 321.0
0.0 36.0 101342.0 0.3410097967398529 275.0 7.3505832E7 581.0 109.0
0.0 15.0 215616.0 3.295870106674141 40.0 6192292.0 2295.0 321.0
0.0 29.0 96557.0 2.697205025770396 122.0 3.1437481E7 1396.0 147.0
0.0 37.0 57202.0 0.35032046252657706 293.0 7.4025279E7 580.0 170.0
0.0 13.0 223193.0 4.8455645338270275 35.0 5313513.0 2464.0 265.0
0.0 23.0 156993.0 2.5292551869515236 98.0 2.4512289E7 1580.0 140.0
0.0 25.0 103973.0 2.561114800206486 130.0 2.9844429E7 1486.0 191.0
0.0 20.0 134407.0 4.106051975447784 103.0 2.8177425E7 1754.0 223.0
0.0 39.0 18300.0 1.0135825309710886 328.0 7.4527398E7 532.0 31.0
0.0 30.0 135529.0 0.754498262340484 218.0 5.737584E7 1011.0 168.0
0.0 40.0 14860.0 0.7493506493506492 330.0 8.4866684E7 302.0 53.0
0.0 14.0 218431.0 2.5148439392440625 115.0 2.0960963E7 2120.0 404.0
0.0 30.0 117499.0 1.515873281108194 125.0 4.1756728E7 1223.0 296.0
0.0 36.0 58693.0 0.445128236678939 261.0 6.8590394E7 668.0 216.0
0.0 24.0 134534.0 1.7389452598424926 120.0 3.478821E7 1550.0 320.0
0.0 11.0 231615.0 3.5031381910344495 15.0 9862602.0 2521.0 428.0
0.0 14.0 262054.0 3.8071070879458397 20.0 1.5273636E7 2223.0 254.0
0.0 20.0 244082.0 2.9022486830011536 33.0 2.2542264E7 2076.0 206.0
0.0 36.0 101342.0 0.3410097967398529 275.0 7.3505832E7 581.0 109.0
0.0 29.0 74864.0 0.8108559620888095 223.0 5.6187286E7 1108.0 166.0
0.0 23.0 190643.0 1.4349561951115486 134.0 3.0038324E7 1496.0 317.0
0.0 26.0 114159.0 1.5860317437280809 107.0 3.5559555E7 1345.0 223.0
0.0 13.0 223193.0 4.8455645338270275 35.0 5313513.0 2464.0 265.0
0.0 32.0 88115.0 1.5170183010304275 203.0 4.7874405E7 1060.0 133.0
0.0 25.0 103973.0 2.561114800206486 130.0 2.9844429E7 1486.0 191.0
0.0 19.0 267115.0 1.7994087007317734 37.0 3.1585726E7 1989.0 263.0
0.0 21.0 180954.0 3.9117528331974607 91.0 1.3067419E7 1899.0 158.0
0.0 42.0 22449.0 0.2573934837092732 331.0 9.0465029E7 220.0 76.0
0.0 13.0 249405.0 4.731452599349018 24.0 8796090.0 2554.0 204.0
0.0 24.0 126829.0 1.639014467407275 124.0 3.4767238E7 1434.0 273.0
0.0 32.0 84546.0 2.424126981823319 191.0 3.7870346E7 1157.0 108.0
0.0 20.0 185298.0 3.9204621063804175 45.0 1.684048E7 2005.0 199.0
0.0 19.0 214889.0 2.1371363517331123 41.0 3.2158249E7 1978.0 330.0
0.0 39.0 18300.0 1.0135825309710886 328.0 7.4527398E7 532.0 31.0
0.0 24.0 93975.0 1.5476382795515617 199.0 4.8517064E7 1539.0 218.0
0.0 23.0 107985.0 2.3032636640770234 196.0 4.4098353E7 1378.0 209.0
