0.0 28.0 169793.0 0.6795890865858667 218.0 6.4713841E7 1155.0 136.0
0.0 29.0 76758.0 3.5112401134896944 145.0 3.5777942E7 1346.0 92.0
0.0 36.0 57498.0 1.053526237538364 258.0 5.8968476E7 796.0 109.0
0.0 26.0 99035.0 3.378969022317618 126.0 2.5663422E7 1567.0 108.0
0.0 11.0 225265.0 3.5372246302867287 21.0 4563838.0 2682.0 265.0
0.0 11.0 243527.0 3.5157304640667566 12.0 4983818.0 2582.0 422.0
0.0 36.0 104581.0 0.16120672908982348 276.0 6.8929509E7 621.0 93.0
0.0 38.0 93050.0 0.6512648993700985 249.0 6.4633949E7 609.0 57.0
0.0 22.0 190410.0 1.8971139854489427 98.0 3.3513752E7 1777.0 259.0
0.0 31.0 91156.0 1.3017604594567966 123.0 4.218844E7 1126.0 109.0
0.0 38.0 43746.0 0.2905278397200017 302.0 7.9463528E7 495.0 208.0
0.0 23.0 176584.0 1.0836188360911787 122.0 5.7375291E7 1570.0 299.0
0.0 26.0 99035.0 3.378969022317618 126.0 2.5663422E7 1567.0 108.0
0.0 31.0 124261.0 2.124377608389735 161.0 3.2728812E7 1245.0 75.0
0.0 22.0 198107.0 2.7800394187729074 31.0 2.3070627E7 1795.0 200.0
0.0 33.0 154240.0 0.7488918509854716 162.0 5.3111497E7 999.0 123.0
0.0 33.0 103041.0 1.509685649734928 137.0 3.8233029E7 1181.0 139.0
0.0 39.0 23790.0 0.9179315660367651 312.0 6.5166116E7 620.0 30.0
0.0 30.0 85766.0 2.407306035871406 140.0 3.6528212E7 1249.0 129.0
0.0 18.0 202643.0 2.932446414837631 80.0 1.2438371E7 1971.0 248.0
0.0 39.0 28623.0 0.9181959764016514 283.0 6.4856459E7 613.0 38.0
0.0 36.0 30388.0 0.9637072956834625 300.0 7.3895044E7 576.0 83.0
0.0 22.0 220592.0 3.768018983068261 37.0 1.7824822E7 2066.0 167.0
0.0 17.0 194784.0 2.2266150799515354 130.0 2.7444798E7 1844.0 285.0
0.0 19.0 145981.0 4.126378826511979 73.0 1.1647233E7 2100.0 263.0
0.0 29.0 89737.0 1.2596969673933045 173.0 3.6690527E7 1272.0 101.0
0.0 39.0 33462.0 0.2500551364547994 304.0 7.9338716E7 415.0 126.0
0.0 34.0 63808.0 1.7809902463977219 200.0 5.2556021E7 982.0 74.0
0.0 29.0 89737.0 1.2596969673933045 173.0 3.6690527E7 1272.0 101.0
0.0 28.0 102254.0 2.2731448753944563 123.0 3.1059034E7 1379.0 203.0
0.0 19.0 201415.0 2.935592907814525 35.0 1.6678503E7 2176.0 272.0
0.0 17.0 210526.0 2.98024068678579 34.0 1.5240532E7 2276.0 308.0
0.0 20.0 128553.0 2.727572882427364 95.0 2.350216E7 1795.0 154.0
0.0 21.0 149621.0 2.98299670132868 87.0 2.3944735E7 1750.0 276.0
0.0 35.0 78932.0 0.3430517435296777 232.0 6.3296043E7 714.0 196.0
0.0 20.0 245851.0 2.08958171390988 56.0 2.7233604E7 2031.0 322.0
0.0 12.0 214058.0 4.445609840624401 26.0 8535224.0 2569.0 269.0
0.0 19.0 145981.0 4.126378826511979 73.0 1.1647233E7 2100.0 263.0
0.0 24.0 136577.0 1.4052627119057572 128.0 3.9818338E7 1478.0 209.0
0.0 35.0 78932.0 0.3430517435296777 232.0 6.3296043E7 714.0 196.0
0.0 13.0 284948.0 3.2193849491165905 26.0 5518862.0 2380.0 324.0
0.0 34.0 63808.0 1.7809902463977219 200.0 5.2556021E7 982.0 74.0
0.0 36.0 30388.0 0.9637072956834625 300.0 7.3895044E7 576.0 83.0
0.0 33.0 103041.0 1.509685649734928 137.0 3.8233029E7 1181.0 139.0
0.0 24.0 136577.0 1.4052627119057572 128.0 3.9818338E7 1478.0 209.0
0.0 36.0 63061.0 0.8736761257983667 258.0 6.8868526E7 664.0 115.0
0.0 39.0 48452.0 1.0060587746468233 270.0 7.967364E7 382.0 147.0
0.0 16.0 222805.0 3.2296915179540124 41.0 1.217932E7 2236.0 283.0
0.0 36.0 47693.0 1.3941220422272413 244.0 5.920839E7 772.0 73.0
0.0 16.0 212967.0 3.4440297636876074 29.0 1.1214419E7 2276.0 289.0
0.0 39.0 34771.0 0.21948769578688274 329.0 8.4678626E7 393.0 189.0
0.0 35.0 78932.0 0.3430517435296777 232.0 6.3296043E7 714.0 196.0
0.0 24.0 122915.0 2.3580272942074463 111.0 2.9612803E7 1534.0 228.0
0.0 29.0 89737.0 1.2596969673933045 173.0 3.6690527E7 1272.0 101.0
0.0 20.0 171336.0 1.2980854394455656 119.0 3.8830622E7 1625.0 360.0
0.0 33.0 103041.0 1.509685649734928 137.0 3.8233029E7 1181.0 139.0
0.0 39.0 34771.0 0.21948769578688274 329.0 8.4678626E7 393.0 189.0
0.0 36.0 104581.0 0.16120672908982348 276.0 6.8929509E7 621.0 93.0
0.0 16.0 212967.0 3.4440297636876074 29.0 1.1214419E7 2276.0 289.0
0.0 36.0 47693.0 1.3941220422272413 244.0 5.920839E7 772.0 73.0
0.0 22.0 198107.0 2.7800394187729074 31.0 2.3070627E7 1795.0 200.0
0.0 35.0 78932.0 0.3430517435296777 232.0 6.3296043E7 714.0 196.0
0.0 33.0 123558.0 0.6475033032333593 210.0 6.2453214E7 828.0 126.0
0.0 30.0 85879.0 0.7714664368739124 247.0 5.6824764E7 1023.0 240.0
0.0 17.0 194784.0 2.2266150799515354 130.0 2.7444798E7 1844.0 285.0
0.0 30.0 85879.0 0.7714664368739124 247.0 5.6824764E7 1023.0 240.0
0.0 38.0 48867.0 0.3423388045615216 297.0 6.991545E7 620.0 136.0
0.0 11.0 243527.0 3.5157304640667566 12.0 4983818.0 2582.0 422.0
0.0 31.0 91156.0 1.3017604594567966 123.0 4.218844E7 1126.0 109.0
0.0 35.0 78932.0 0.3430517435296777 232.0 6.3296043E7 714.0 196.0
0.0 23.0 162477.0 3.605132859927738 102.0 1.392274E7 1776.0 158.0
0.0 22.0 198107.0 2.7800394187729074 31.0 2.3070627E7 1795.0 200.0
0.0 23.0 156266.0 2.6750944375903782 112.0 2.8701012E7 1580.0 127.0
0.0 4.0 306783.0 4.465796058858158 9.0 6169780.0 2870.0 402.0
0.0 18.0 202643.0 2.932446414837631 80.0 1.2438371E7 1971.0 248.0
0.0 18.0 202643.0 2.932446414837631 80.0 1.2438371E7 1971.0 248.0
0.0 35.0 78932.0 0.3430517435296777 232.0 6.3296043E7 714.0 196.0
0.0 31.0 91156.0 1.3017604594567966 123.0 4.218844E7 1126.0 109.0
0.0 13.0 284948.0 3.2193849491165905 26.0 5518862.0 2380.0 324.0
0.0 22.0 161827.0 1.8816968188446386 147.0 2.8774336E7 1600.0 241.0
0.0 25.0 115506.0 1.6879915613048095 133.0 4.0422774E7 1317.0 327.0
0.0 13.0 284948.0 3.2193849491165905 26.0 5518862.0 2380.0 324.0
0.0 28.0 91646.0 3.2545149672908638 122.0 3.5308987E7 1381.0 108.0
0.0 20.0 171336.0 1.2980854394455656 119.0 3.8830622E7 1625.0 360.0
0.0 21.0 149621.0 2.98299670132868 87.0 2.3944735E7 1750.0 276.0
0.0 14.0 221655.0 4.749243945121221 19.0 1.0071096E7 2532.0 264.0
0.0 30.0 85879.0 0.7714664368739124 247.0 5.6824764E7 1023.0 240.0
0.0 24.0 122915.0 2.3580272942074463 111.0 2.9612803E7 1534.0 228.0
0.0 24.0 136577.0 1.4052627119057572 128.0 3.9818338E7 1478.0 209.0
0.0 21.0 166744.0 3.605132859927738 101.0 1.3122466E7 1834.0 168.0
0.0 20.0 171336.0 1.2980854394455656 119.0 3.8830622E7 1625.0 360.0
0.0 36.0 30388.0 0.9637072956834625 300.0 7.3895044E7 576.0 83.0
0.0 24.0 136577.0 1.4052627119057572 128.0 3.9818338E7 1478.0 209.0
0.0 24.0 81624.0 3.216395406349808 218.0 3.8993431E7 1449.0 124.0
0.0 30.0 85766.0 2.407306035871406 140.0 3.6528212E7 1249.0 129.0
0.0 24.0 122915.0 2.3580272942074463 111.0 2.9612803E7 1534.0 228.0
0.0 29.0 91044.0 2.6176956112253644 130.0 3.604209E7 1292.0 121.0
0.0 24.0 122915.0 2.3580272942074463 111.0 2.9612803E7 1534.0 228.0
0.0 33.0 103041.0 1.509685649734928 137.0 3.8233029E7 1181.0 139.0
0.0 24.0 81624.0 3.216395406349808 218.0 3.8993431E7 1449.0 124.0
0.0 39.0 34771.0 0.21948769578688274 329.0 8.4678626E7 393.0 189.0
0.0 24.0 136577.0 1.4052627119057572 128.0 3.9818338E7 1478.0 209.0
0.0 28.0 91646.0 3.2545149672908638 122.0 3.5308987E7 1381.0 108.0
0.0 23.0 156266.0 2.6750944375903782 112.0 2.8701012E7 1580.0 127.0
0.0 30.0 85766.0 2.407306035871406 140.0 3.6528212E7 1249.0 129.0
0.0 19.0 201415.0 2.935592907814525 35.0 1.6678503E7 2176.0 272.0
0.0 31.0 79125.0 1.3101905002193064 201.0 5.7344045E7 1051.0 115.0
0.0 17.0 219822.0 1.296806948215461 110.0 5.589464E7 1800.0 436.0
0.0 24.0 136577.0 1.4052627119057572 128.0 3.9818338E7 1478.0 209.0
0.0 24.0 136577.0 1.4052627119057572 128.0 3.9818338E7 1478.0 209.0
0.0 31.0 79125.0 1.3101905002193064 201.0 5.7344045E7 1051.0 115.0
0.0 14.0 216927.0 3.2267005121377546 53.0 1.9988329E7 2385.0 265.0
0.0 35.0 78932.0 0.3430517435296777 232.0 6.3296043E7 714.0 196.0
0.0 21.0 166744.0 3.605132859927738 101.0 1.3122466E7 1834.0 168.0
0.0 22.0 161827.0 1.8816968188446386 147.0 2.8774336E7 1600.0 241.0
0.0 21.0 166744.0 3.605132859927738 101.0 1.3122466E7 1834.0 168.0
0.0 17.0 219822.0 1.296806948215461 110.0 5.589464E7 1800.0 436.0
0.0 36.0 104581.0 0.16120672908982348 276.0 6.8929509E7 621.0 93.0
0.0 20.0 171336.0 1.2980854394455656 119.0 3.8830622E7 1625.0 360.0
0.0 31.0 124261.0 2.124377608389735 161.0 3.2728812E7 1245.0 75.0
0.0 17.0 194784.0 2.2266150799515354 130.0 2.7444798E7 1844.0 285.0
0.0 24.0 136577.0 1.4052627119057572 128.0 3.9818338E7 1478.0 209.0
0.0 29.0 89737.0 1.2596969673933045 173.0 3.6690527E7 1272.0 101.0
0.0 34.0 63808.0 1.7809902463977219 200.0 5.2556021E7 982.0 74.0
0.0 23.0 156266.0 2.6750944375903782 112.0 2.8701012E7 1580.0 127.0
0.0 30.0 85766.0 2.407306035871406 140.0 3.6528212E7 1249.0 129.0
0.0 29.0 76758.0 3.5112401134896944 145.0 3.5777942E7 1346.0 92.0
0.0 23.0 156266.0 2.6750944375903782 112.0 2.8701012E7 1580.0 127.0
0.0 36.0 80046.0 0.7752418168091215 211.0 6.4019993E7 722.0 190.0
0.0 24.0 122915.0 2.3580272942074463 111.0 2.9612803E7 1534.0 228.0
0.0 28.0 91646.0 3.2545149672908638 122.0 3.5308987E7 1381.0 108.0
0.0 39.0 33462.0 0.2500551364547994 304.0 7.9338716E7 415.0 126.0
0.0 23.0 156266.0 2.6750944375903782 112.0 2.8701012E7 1580.0 127.0
0.0 28.0 169793.0 0.6795890865858667 218.0 6.4713841E7 1155.0 136.0
0.0 13.0 284948.0 3.2193849491165905 26.0 5518862.0 2380.0 324.0
0.0 4.0 306783.0 4.465796058858158 9.0 6169780.0 2870.0 402.0
0.0 25.0 91788.0 3.0029980283786397 146.0 3.4626278E7 1419.0 187.0
0.0 29.0 89737.0 1.2596969673933045 173.0 3.6690527E7 1272.0 101.0
0.0 17.0 219822.0 1.296806948215461 110.0 5.589464E7 1800.0 436.0
0.0 26.0 110833.0 2.729945969037655 109.0 2.9919981E7 1492.0 162.0
0.0 36.0 30388.0 0.9637072956834625 300.0 7.3895044E7 576.0 83.0
0.0 39.0 23790.0 0.9179315660367651 312.0 6.5166116E7 620.0 30.0
0.0 23.0 156266.0 2.6750944375903782 112.0 2.8701012E7 1580.0 127.0
0.0 21.0 166744.0 3.605132859927738 101.0 1.3122466E7 1834.0 168.0
0.0 35.0 78932.0 0.3430517435296777 232.0 6.3296043E7 714.0 196.0
0.0 4.0 306783.0 4.465796058858158 9.0 6169780.0 2870.0 402.0
0.0 29.0 89737.0 1.2596969673933045 173.0 3.6690527E7 1272.0 101.0
0.0 33.0 54311.0 0.8510912588023969 235.0 6.2639474E7 840.0 109.0
0.0 13.0 267030.0 3.020803077871968 40.0 2.908087E7 2302.0 254.0
0.0 35.0 78932.0 0.3430517435296777 232.0 6.3296043E7 714.0 196.0
0.0 18.0 202643.0 2.932446414837631 80.0 1.2438371E7 1971.0 248.0
0.0 21.0 166744.0 3.605132859927738 101.0 1.3122466E7 1834.0 168.0
0.0 4.0 306783.0 4.465796058858158 9.0 6169780.0 2870.0 402.0
0.0 29.0 89737.0 1.2596969673933045 173.0 3.6690527E7 1272.0 101.0
0.0 30.0 85879.0 0.7714664368739124 247.0 5.6824764E7 1023.0 240.0
0.0 38.0 93050.0 0.6512648993700985 249.0 6.4633949E7 609.0 57.0
0.0 23.0 156266.0 2.6750944375903782 112.0 2.8701012E7 1580.0 127.0
0.0 21.0 166744.0 3.605132859927738 101.0 1.3122466E7 1834.0 168.0
0.0 26.0 99035.0 3.378969022317618 126.0 2.5663422E7 1567.0 108.0
0.0 36.0 47693.0 1.3941220422272413 244.0 5.920839E7 772.0 73.0
0.0 22.0 198107.0 2.7800394187729074 31.0 2.3070627E7 1795.0 200.0
0.0 36.0 104581.0 0.16120672908982348 276.0 6.8929509E7 621.0 93.0
0.0 34.0 82036.0 1.2480959952660167 187.0 5.3167924E7 924.0 164.0
0.0 28.0 91646.0 3.2545149672908638 122.0 3.5308987E7 1381.0 108.0
0.0 4.0 306783.0 4.465796058858158 9.0 6169780.0 2870.0 402.0
0.0 29.0 89737.0 1.2596969673933045 173.0 3.6690527E7 1272.0 101.0
0.0 29.0 89737.0 1.2596969673933045 173.0 3.6690527E7 1272.0 101.0
0.0 13.0 284948.0 3.2193849491165905 26.0 5518862.0 2380.0 324.0
0.0 29.0 89737.0 1.2596969673933045 173.0 3.6690527E7 1272.0 101.0
0.0 10.0 227689.0 4.0213658287570455 20.0 8826199.0 2564.0 448.0
0.0 17.0 194784.0 2.2266150799515354 130.0 2.7444798E7 1844.0 285.0
0.0 29.0 89737.0 1.2596969673933045 173.0 3.6690527E7 1272.0 101.0
0.0 30.0 116043.0 1.3450884764690243 159.0 5.169583E7 1007.0 234.0
0.0 24.0 136577.0 1.4052627119057572 128.0 3.9818338E7 1478.0 209.0
0.0 4.0 306783.0 4.465796058858158 9.0 6169780.0 2870.0 402.0
0.0 23.0 176584.0 1.0836188360911787 122.0 5.7375291E7 1570.0 299.0
0.0 18.0 202643.0 2.932446414837631 80.0 1.2438371E7 1971.0 248.0
0.0 12.0 273412.0 3.3575323718592527 24.0 4774128.0 2513.0 359.0
0.0 22.0 198107.0 2.7800394187729074 31.0 2.3070627E7 1795.0 200.0
0.0 29.0 91044.0 2.6176956112253644 130.0 3.604209E7 1292.0 121.0
0.0 30.0 85879.0 0.7714664368739124 247.0 5.6824764E7 1023.0 240.0
0.0 24.0 122915.0 2.3580272942074463 111.0 2.9612803E7 1534.0 228.0
0.0 21.0 166744.0 3.605132859927738 101.0 1.3122466E7 1834.0 168.0
0.0 16.0 212967.0 3.4440297636876074 29.0 1.1214419E7 2276.0 289.0
0.0 24.0 136577.0 1.4052627119057572 128.0 3.9818338E7 1478.0 209.0
0.0 10.0 227689.0 4.0213658287570455 20.0 8826199.0 2564.0 448.0
0.0 21.0 149621.0 2.98299670132868 87.0 2.3944735E7 1750.0 276.0
0.0 34.0 63808.0 1.7809902463977219 200.0 5.2556021E7 982.0 74.0
0.0 26.0 99035.0 3.378969022317618 126.0 2.5663422E7 1567.0 108.0
0.0 21.0 166744.0 3.605132859927738 101.0 1.3122466E7 1834.0 168.0
0.0 25.0 115506.0 1.6879915613048095 133.0 4.0422774E7 1317.0 327.0
0.0 15.0 236979.0 3.022592610262269 19.0 2.0744849E7 2209.0 372.0
0.0 28.0 91646.0 3.2545149672908638 122.0 3.5308987E7 1381.0 108.0
0.0 17.0 219822.0 1.296806948215461 110.0 5.589464E7 1800.0 436.0
0.0 37.0 108472.0 0.6023583549036526 250.0 7.4357089E7 541.0 96.0
0.0 33.0 118891.0 2.27794554582864 173.0 3.8395906E7 1106.0 70.0
0.0 39.0 23790.0 0.9179315660367651 312.0 6.5166116E7 620.0 30.0
0.0 29.0 89737.0 1.2596969673933045 173.0 3.6690527E7 1272.0 101.0
0.0 17.0 219822.0 1.296806948215461 110.0 5.589464E7 1800.0 436.0
0.0 17.0 219822.0 1.296806948215461 110.0 5.589464E7 1800.0 436.0
0.0 37.0 70507.0 0.8144803149582491 211.0 6.4780479E7 681.0 224.0
0.0 18.0 202643.0 2.932446414837631 80.0 1.2438371E7 1971.0 248.0
0.0 17.0 210526.0 2.98024068678579 34.0 1.5240532E7 2276.0 308.0
0.0 19.0 196836.0 3.460678030806868 40.0 2.1246529E7 2023.0 233.0
0.0 23.0 156266.0 2.6750944375903782 112.0 2.8701012E7 1580.0 127.0
0.0 29.0 76758.0 3.5112401134896944 145.0 3.5777942E7 1346.0 92.0
0.0 18.0 202643.0 2.932446414837631 80.0 1.2438371E7 1971.0 248.0
0.0 29.0 89737.0 1.2596969673933045 173.0 3.6690527E7 1272.0 101.0
0.0 21.0 166744.0 3.605132859927738 101.0 1.3122466E7 1834.0 168.0
0.0 18.0 202643.0 2.932446414837631 80.0 1.2438371E7 1971.0 248.0
0.0 23.0 156266.0 2.6750944375903782 112.0 2.8701012E7 1580.0 127.0
0.0 21.0 149621.0 2.98299670132868 87.0 2.3944735E7 1750.0 276.0
0.0 28.0 92278.0 2.7434252274373536 148.0 3.1683954E7 1372.0 154.0
0.0 12.0 273412.0 3.3575323718592527 24.0 4774128.0 2513.0 359.0
0.0 4.0 306783.0 4.465796058858158 9.0 6169780.0 2870.0 402.0
0.0 4.0 306783.0 4.465796058858158 9.0 6169780.0 2870.0 402.0
0.0 17.0 252059.0 3.1060867654093323 24.0 2.5636364E7 2108.0 226.0
0.0 29.0 89737.0 1.2596969673933045 173.0 3.6690527E7 1272.0 101.0
0.0 37.0 70507.0 0.8144803149582491 211.0 6.4780479E7 681.0 224.0
0.0 17.0 252059.0 3.1060867654093323 24.0 2.5636364E7 2108.0 226.0
0.0 24.0 136577.0 1.4052627119057572 128.0 3.9818338E7 1478.0 209.0
0.0 31.0 79572.0 0.9093408383292649 221.0 6.1588737E7 894.0 248.0
0.0 19.0 201415.0 2.935592907814525 35.0 1.6678503E7 2176.0 272.0
0.0 21.0 166744.0 3.605132859927738 101.0 1.3122466E7 1834.0 168.0
0.0 12.0 235066.0 3.4734765504096172 31.0 1.421697E7 2576.0 300.0
0.0 18.0 202643.0 2.932446414837631 80.0 1.2438371E7 1971.0 248.0
0.0 13.0 284948.0 3.2193849491165905 26.0 5518862.0 2380.0 324.0
0.0 34.0 63808.0 1.7809902463977219 200.0 5.2556021E7 982.0 74.0
0.0 12.0 235066.0 3.4734765504096172 31.0 1.421697E7 2576.0 300.0
0.0 29.0 89737.0 1.2596969673933045 173.0 3.6690527E7 1272.0 101.0
0.0 17.0 219822.0 1.296806948215461 110.0 5.589464E7 1800.0 436.0
0.0 37.0 70507.0 0.8144803149582491 211.0 6.4780479E7 681.0 224.0
0.0 24.0 136577.0 1.4052627119057572 128.0 3.9818338E7 1478.0 209.0
0.0 35.0 78932.0 0.3430517435296777 232.0 6.3296043E7 714.0 196.0
0.0 23.0 156266.0 2.6750944375903782 112.0 2.8701012E7 1580.0 127.0
0.0 17.0 219822.0 1.296806948215461 110.0 5.589464E7 1800.0 436.0
0.0 18.0 202643.0 2.932446414837631 80.0 1.2438371E7 1971.0 248.0
0.0 24.0 189477.0 1.2694711707927724 95.0 4.3292237E7 1647.0 328.0
0.0 10.0 253863.0 3.2600338454710873 102.0 1.8859927E7 2468.0 275.0
0.0 28.0 91646.0 3.2545149672908638 122.0 3.5308987E7 1381.0 108.0
0.0 36.0 104581.0 0.16120672908982348 276.0 6.8929509E7 621.0 93.0
0.0 24.0 122915.0 2.3580272942074463 111.0 2.9612803E7 1534.0 228.0
0.0 24.0 179127.0 2.847266085643413 49.0 2.3611441E7 1728.0 264.0
0.0 23.0 156266.0 2.6750944375903782 112.0 2.8701012E7 1580.0 127.0
0.0 17.0 252059.0 3.1060867654093323 24.0 2.5636364E7 2108.0 226.0
0.0 40.0 24385.0 1.1120760253612598 288.0 7.9140538E7 481.0 34.0
0.0 17.0 252059.0 3.1060867654093323 24.0 2.5636364E7 2108.0 226.0
0.0 17.0 194784.0 2.2266150799515354 130.0 2.7444798E7 1844.0 285.0
0.0 24.0 122915.0 2.3580272942074463 111.0 2.9612803E7 1534.0 228.0
0.0 21.0 166744.0 3.605132859927738 101.0 1.3122466E7 1834.0 168.0
0.0 10.0 227689.0 4.0213658287570455 20.0 8826199.0 2564.0 448.0
0.0 29.0 89737.0 1.2596969673933045 173.0 3.6690527E7 1272.0 101.0
0.0 32.0 94716.0 1.5028554429047212 150.0 4.2473508E7 1116.0 168.0
0.0 21.0 149621.0 2.98299670132868 87.0 2.3944735E7 1750.0 276.0
0.0 42.0 14236.0 1.737915543575921 316.0 8.5440798E7 315.0 39.0
0.0 34.0 82036.0 1.2480959952660167 187.0 5.3167924E7 924.0 164.0
0.0 11.0 243527.0 3.5157304640667566 12.0 4983818.0 2582.0 422.0
0.0 39.0 34771.0 0.21948769578688274 329.0 8.4678626E7 393.0 189.0
0.0 22.0 198107.0 2.7800394187729074 31.0 2.3070627E7 1795.0 200.0
0.0 31.0 79125.0 1.3101905002193064 201.0 5.7344045E7 1051.0 115.0
0.0 24.0 136577.0 1.4052627119057572 128.0 3.9818338E7 1478.0 209.0
0.0 30.0 85879.0 0.7714664368739124 247.0 5.6824764E7 1023.0 240.0
0.0 33.0 103041.0 1.509685649734928 137.0 3.8233029E7 1181.0 139.0
0.0 23.0 156266.0 2.6750944375903782 112.0 2.8701012E7 1580.0 127.0
0.0 19.0 145981.0 4.126378826511979 73.0 1.1647233E7 2100.0 263.0
0.0 24.0 179127.0 2.847266085643413 49.0 2.3611441E7 1728.0 264.0
0.0 29.0 89737.0 1.2596969673933045 173.0 3.6690527E7 1272.0 101.0
0.0 15.0 215340.0 3.8663567212889207 31.0 5642520.0 2331.0 330.0
0.0 31.0 91156.0 1.3017604594567966 123.0 4.218844E7 1126.0 109.0
0.0 16.0 212967.0 3.4440297636876074 29.0 1.1214419E7 2276.0 289.0
0.0 32.0 94716.0 1.5028554429047212 150.0 4.2473508E7 1116.0 168.0
0.0 10.0 227689.0 4.0213658287570455 20.0 8826199.0 2564.0 448.0
0.0 31.0 79125.0 1.3101905002193064 201.0 5.7344045E7 1051.0 115.0
0.0 36.0 30388.0 0.9637072956834625 300.0 7.3895044E7 576.0 83.0
0.0 16.0 222805.0 3.2296915179540124 41.0 1.217932E7 2236.0 283.0
0.0 23.0 156266.0 2.6750944375903782 112.0 2.8701012E7 1580.0 127.0
0.0 17.0 194784.0 2.2266150799515354 130.0 2.7444798E7 1844.0 285.0
0.0 18.0 202643.0 2.932446414837631 80.0 1.2438371E7 1971.0 248.0
0.0 29.0 89737.0 1.2596969673933045 173.0 3.6690527E7 1272.0 101.0
0.0 28.0 92278.0 2.7434252274373536 148.0 3.1683954E7 1372.0 154.0
0.0 17.0 219822.0 1.296806948215461 110.0 5.589464E7 1800.0 436.0
0.0 17.0 252059.0 3.1060867654093323 24.0 2.5636364E7 2108.0 226.0
0.0 24.0 136577.0 1.4052627119057572 128.0 3.9818338E7 1478.0 209.0
0.0 19.0 201415.0 2.935592907814525 35.0 1.6678503E7 2176.0 272.0
0.0 14.0 221655.0 4.749243945121221 19.0 1.0071096E7 2532.0 264.0
0.0 9.0 237663.0 4.978350171412269 12.0 1.2801809E7 2675.0 359.0
0.0 4.0 306783.0 4.465796058858158 9.0 6169780.0 2870.0 402.0
0.0 15.0 236979.0 3.022592610262269 19.0 2.0744849E7 2209.0 372.0
0.0 24.0 122915.0 2.3580272942074463 111.0 2.9612803E7 1534.0 228.0
0.0 21.0 166744.0 3.605132859927738 101.0 1.3122466E7 1834.0 168.0
0.0 30.0 85766.0 2.407306035871406 140.0 3.6528212E7 1249.0 129.0
0.0 12.0 273412.0 3.3575323718592527 24.0 4774128.0 2513.0 359.0
0.0 24.0 179127.0 2.847266085643413 49.0 2.3611441E7 1728.0 264.0
0.0 14.0 216927.0 3.2267005121377546 53.0 1.9988329E7 2385.0 265.0
0.0 10.0 227689.0 4.0213658287570455 20.0 8826199.0 2564.0 448.0
0.0 13.0 284948.0 3.2193849491165905 26.0 5518862.0 2380.0 324.0
0.0 32.0 94716.0 1.5028554429047212 150.0 4.2473508E7 1116.0 168.0
0.0 12.0 222192.0 4.474583970121688 31.0 1.433564E7 2569.0 264.0
0.0 29.0 132275.0 1.5089540226875118 122.0 4.6084713E7 1183.0 250.0
0.0 12.0 235066.0 3.4734765504096172 31.0 1.421697E7 2576.0 300.0
