0.0 812.0 221.0 1079.0 4303.669557824625
0.0 634.0 303.0 1488.0 6144.9037205303475
0.0 242.0 483.0 2527.0 9979.644027375485
0.0 96.0 557.0 2891.0 11478.12231975205
0.0 222.0 500.0 2554.0 10259.977966610031
0.0 1088.0 77.0 402.0 1509.4930823507377
0.0 239.0 487.0 2558.0 10021.836196282818
0.0 88.0 567.0 2877.0 11589.421305652768
0.0 799.0 217.0 1164.0 4531.498781165365
0.0 642.0 286.0 1582.0 6052.481355195769
0.0 470.0 386.0 1903.0 7736.318963987286
0.0 849.0 192.0 1009.0 4016.5034502606904
0.0 489.0 375.0 1834.0 7621.667863644159
0.0 274.0 472.0 2436.0 9709.483951480664
0.0 753.0 237.0 1294.0 4950.59756968057
0.0 235.0 499.0 2462.0 10101.989467291389
0.0 602.0 327.0 1526.0 6433.944687260856
0.0 1100.0 73.0 329.0 1425.2292827879435
0.0 249.0 484.0 2519.0 9973.080075308044
0.0 1243.0 1.0 0.0 6.899616541335519
0.0 860.0 173.0 1043.0 3867.089005250571
0.0 1244.0 0.0 0.0 0.0
0.0 1244.0 0.0 0.0 0.0
0.0 499.0 371.0 1832.0 7433.29413447413
0.0 1244.0 0.0 0.0 0.0
0.0 669.0 274.0 1566.0 5856.956055926456
0.0 881.0 155.0 1052.0 3626.733204152442
0.0 89.0 561.0 2921.0 11559.608619640841
0.0 1244.0 0.0 0.0 0.0
0.0 1244.0 0.0 0.0 0.0
0.0 860.0 173.0 1043.0 3867.089005250571
0.0 559.0 351.0 1655.0 6924.648656179931
0.0 1244.0 0.0 0.0 0.0
0.0 634.0 303.0 1488.0 6144.9037205303475
0.0 847.0 183.0 1067.0 4015.0843357264166
0.0 228.0 500.0 2536.0 10162.659326664383
0.0 948.0 155.0 706.0 3045.437104238006
0.0 675.0 269.0 1498.0 5766.743794441429
0.0 1244.0 0.0 0.0 0.0
0.0 214.0 493.0 2662.0 10309.183407984776
0.0 597.0 315.0 1618.0 6568.134853798341
0.0 570.0 330.0 1696.0 6834.071246414443
0.0 681.0 275.0 1400.0 5628.159978107673
0.0 230.0 486.0 2578.0 10074.064583547291
0.0 238.0 479.0 2617.0 10053.787000719842
0.0 849.0 192.0 1009.0 4016.5034502606904
0.0 242.0 482.0 2579.0 9995.08819267679
0.0 190.0 511.0 2692.0 10578.759928844214
0.0 717.0 246.0 1414.0 5380.530151092645
0.0 581.0 310.0 1777.0 6704.311203595071
0.0 108.0 555.0 2834.0 11391.245477188464
0.0 847.0 183.0 1067.0 4015.0843357264166
0.0 1243.0 1.0 0.0 6.899616541335519
0.0 541.0 340.0 1800.0 7071.2087234796845
0.0 1243.0 1.0 0.0 6.899616541335519
0.0 106.0 553.0 2858.0 11414.603961124785
0.0 862.0 185.0 956.0 3855.422558221978
0.0 228.0 500.0 2536.0 10162.659326664383
0.0 910.0 156.0 924.0 3354.052618083139
0.0 649.0 285.0 1528.0 5986.3668072033515
0.0 1243.0 1.0 0.0 6.899616541335519
0.0 489.0 375.0 1834.0 7621.667863644159
0.0 549.0 340.0 1754.0 6952.845632688892
0.0 810.0 195.0 1178.0 4441.834102304944
0.0 583.0 332.0 1600.0 6672.670826937365
0.0 662.0 279.0 1495.0 5860.288704375623
0.0 707.0 261.0 1345.0 5436.390876514234
0.0 823.0 202.0 1101.0 4262.380755367276
0.0 622.0 301.0 1569.0 6232.567059495859
0.0 510.0 367.0 1832.0 7358.910212314541
0.0 242.0 483.0 2527.0 9979.644027375485
0.0 510.0 359.0 1834.0 7377.658784589886
0.0 985.0 124.0 693.0 2632.1484937556247
0.0 748.0 241.0 1284.0 4946.548841283977
0.0 658.0 307.0 1372.0 5833.449724052565
0.0 576.0 330.0 1702.0 6666.133574160385
0.0 740.0 237.0 1323.0 5062.648990179095
0.0 751.0 230.0 1314.0 4900.775272679203
0.0 985.0 124.0 693.0 2632.1484937556247
0.0 721.0 254.0 1382.0 5214.231451400232
0.0 687.0 272.0 1419.0 5530.817972207317
0.0 1061.0 91.0 475.0 1814.4999597116782
0.0 113.0 552.0 2843.0 11339.041829528265
0.0 650.0 292.0 1494.0 5993.824783783795
0.0 87.0 565.0 2895.0 11595.199785938006
0.0 573.0 316.0 1794.0 6703.830320209975
0.0 1243.0 1.0 0.0 6.899616541335519
0.0 635.0 310.0 1484.0 6107.15248144306
0.0 824.0 194.0 1093.0 4225.087444601198
0.0 682.0 277.0 1380.0 5654.036668551694
0.0 622.0 301.0 1569.0 6232.567059495859
0.0 682.0 277.0 1380.0 5654.036668551694
0.0 673.0 276.0 1521.0 5736.019216408247
0.0 740.0 237.0 1323.0 5062.648990179095
0.0 501.0 363.0 1898.0 7465.9251861681705
0.0 1100.0 73.0 329.0 1425.2292827879435
0.0 1243.0 1.0 0.0 6.899616541335519
0.0 1049.0 97.0 482.0 1942.7585391330604
0.0 1243.0 1.0 0.0 6.899616541335519
0.0 103.0 566.0 2819.0 11462.53565809492
0.0 238.0 491.0 2537.0 10094.395874732383
0.0 999.0 116.0 655.0 2464.032024141899
0.0 853.0 184.0 1100.0 3958.964495769797
0.0 660.0 294.0 1471.0 5872.036504783605
0.0 121.0 548.0 2841.0 11261.17256675357
0.0 1243.0 1.0 0.0 6.899616541335519
0.0 238.0 479.0 2617.0 10053.787000719842
0.0 753.0 233.0 1305.0 4947.109666831539
0.0 1243.0 1.0 0.0 6.899616541335519
0.0 238.0 479.0 2617.0 10053.787000719842
0.0 755.0 234.0 1277.0 4953.002985132168
0.0 824.0 194.0 1093.0 4225.087444601198
0.0 824.0 194.0 1093.0 4225.087444601198
0.0 568.0 326.0 1745.0 6806.515848228403
0.0 585.0 331.0 1641.0 6638.134857060451
0.0 722.0 245.0 1415.0 5275.785146434539
0.0 240.0 491.0 2526.0 10007.301217123602
0.0 817.0 211.0 1071.0 4401.927798659764
0.0 824.0 194.0 1093.0 4225.087444601198
0.0 634.0 303.0 1488.0 6144.9037205303475
0.0 448.0 386.0 2047.0 7935.895010374594
0.0 244.0 481.0 2573.0 10027.650974203625
0.0 570.0 313.0 1823.0 6715.460593408065
0.0 1243.0 1.0 0.0 6.899616541335519
0.0 1243.0 1.0 0.0 6.899616541335519
0.0 517.0 356.0 1847.0 7312.574428481925
0.0 108.0 558.0 2827.0 11370.55267547315
0.0 233.0 494.0 2530.0 10078.712423355093
0.0 96.0 558.0 2878.0 11493.8611873858
0.0 518.0 354.0 1832.0 7273.7406896194625
0.0 1052.0 99.0 477.0 1902.5998297314507
0.0 251.0 481.0 2500.0 9918.92208959752
0.0 849.0 192.0 1009.0 4016.5034502606904
0.0 534.0 347.0 1848.0 7076.992933220741
0.0 462.0 380.0 1930.0 7826.449949451287
0.0 642.0 286.0 1582.0 6052.481355195769
0.0 246.0 479.0 2546.0 9939.665992452523
0.0 517.0 356.0 1847.0 7312.574428481925
0.0 1088.0 77.0 402.0 1509.4930823507377
0.0 87.0 562.0 2922.0 11603.317844645895
0.0 851.0 192.0 981.0 3932.7420020947857
0.0 776.0 212.0 1336.0 4765.675343321572
0.0 812.0 199.0 1132.0 4424.3742587433435
0.0 249.0 477.0 2571.0 9944.944461346868
0.0 555.0 331.0 1722.0 7029.948641233375
0.0 717.0 246.0 1414.0 5380.530151092645
0.0 662.0 279.0 1495.0 5860.288704375623
0.0 812.0 221.0 1079.0 4303.669557824625
0.0 1100.0 73.0 329.0 1425.2292827879435
0.0 673.0 276.0 1521.0 5736.019216408247
0.0 910.0 156.0 924.0 3354.052618083139
0.0 715.0 266.0 1304.0 5302.129462721693
0.0 776.0 212.0 1336.0 4765.675343321572
0.0 671.0 274.0 1544.0 5776.436047505619
0.0 274.0 472.0 2436.0 9709.483951480664
0.0 578.0 319.0 1733.0 6670.800675268891
0.0 246.0 492.0 2510.0 9973.378958981904
0.0 824.0 194.0 1093.0 4225.087444601198
0.0 604.0 307.0 1691.0 6380.1832237418375
0.0 112.0 551.0 2851.0 11344.622958912809
0.0 505.0 352.0 1867.0 7489.330801683222
0.0 698.0 269.0 1397.0 5483.387093229451
0.0 501.0 363.0 1898.0 7465.9251861681705
0.0 675.0 269.0 1498.0 5766.743794441429
0.0 622.0 301.0 1569.0 6232.567059495859
0.0 474.0 378.0 1972.0 7712.858117307644
0.0 237.0 480.0 2638.0 10089.234042429101
0.0 242.0 483.0 2527.0 9979.644027375485
0.0 108.0 551.0 2872.0 11384.300953122225
0.0 103.0 566.0 2819.0 11462.53565809492
0.0 657.0 285.0 1508.0 5830.263321830088
0.0 716.0 253.0 1362.0 5331.826886767628
0.0 735.0 247.0 1242.0 5093.063370079532
0.0 665.0 273.0 1566.0 5909.249489657545
0.0 577.0 338.0 1610.0 6662.177435271166
0.0 248.0 480.0 2537.0 9977.332443392701
0.0 228.0 500.0 2536.0 10162.659326664383
0.0 581.0 310.0 1777.0 6704.311203595071
0.0 235.0 491.0 2550.0 10059.889086713014
0.0 816.0 204.0 1132.0 4309.805133279154
0.0 1244.0 0.0 0.0 0.0
0.0 1244.0 0.0 0.0 0.0
0.0 602.0 327.0 1526.0 6433.944687260856
0.0 1244.0 0.0 0.0 0.0
0.0 547.0 347.0 1718.0 6997.092674279365
0.0 510.0 359.0 1834.0 7377.658784589886
0.0 1244.0 0.0 0.0 0.0
0.0 1244.0 0.0 0.0 0.0
0.0 241.0 498.0 2499.0 10038.43236676204
0.0 1244.0 0.0 0.0 0.0
0.0 751.0 230.0 1314.0 4900.775272679203
0.0 1244.0 0.0 0.0 0.0
0.0 631.0 292.0 1548.0 6152.774697056342
0.0 241.0 489.0 2554.0 10016.95729594449
0.0 1244.0 0.0 0.0 0.0
0.0 1244.0 0.0 0.0 0.0
0.0 104.0 558.0 2845.0 11417.60696642966
0.0 88.0 567.0 2877.0 11589.421305652768
0.0 1244.0 0.0 0.0 0.0
0.0 489.0 375.0 1834.0 7621.667863644159
0.0 682.0 277.0 1380.0 5654.036668551694
0.0 691.0 257.0 1537.0 5648.665342681589
0.0 847.0 183.0 1067.0 4015.0843357264166
0.0 826.0 188.0 1162.0 4230.608231047522
0.0 238.0 491.0 2537.0 10094.395874732383
0.0 1244.0 0.0 0.0 0.0
0.0 634.0 303.0 1488.0 6144.9037205303475
0.0 707.0 261.0 1345.0 5436.390876514234
0.0 414.0 396.0 2138.0 8355.94428250368
0.0 948.0 155.0 706.0 3045.437104238006
0.0 87.0 568.0 2885.0 11590.964663574083
0.0 1244.0 0.0 0.0 0.0
0.0 1244.0 0.0 0.0 0.0
0.0 768.0 224.0 1255.0 4872.441276857719
0.0 766.0 219.0 1305.0 4914.596131321287
0.0 1244.0 0.0 0.0 0.0
0.0 1244.0 0.0 0.0 0.0
0.0 1244.0 0.0 0.0 0.0
0.0 1244.0 0.0 0.0 0.0
0.0 435.0 394.0 2015.0 8101.598199561765
0.0 1244.0 0.0 0.0 0.0
0.0 799.0 217.0 1164.0 4531.498781165365
0.0 1088.0 77.0 402.0 1509.4930823507377
0.0 616.0 306.0 1595.0 6342.420651409675
0.0 246.0 487.0 2524.0 9986.469423237531
0.0 240.0 491.0 2526.0 10007.301217123602
0.0 1244.0 0.0 0.0 0.0
0.0 1244.0 0.0 0.0 0.0
0.0 1244.0 0.0 0.0 0.0
0.0 1244.0 0.0 0.0 0.0
0.0 591.0 337.0 1586.0 6575.6890054269725
0.0 753.0 233.0 1305.0 4947.109666831539
0.0 1244.0 0.0 0.0 0.0
0.0 1244.0 0.0 0.0 0.0
0.0 1244.0 0.0 0.0 0.0
0.0 620.0 312.0 1559.0 6177.76076061675
0.0 1244.0 0.0 0.0 0.0
0.0 1244.0 0.0 0.0 0.0
0.0 534.0 347.0 1848.0 7076.992933220741
0.0 1243.0 1.0 0.0 6.899616541335519
0.0 677.0 286.0 1411.0 5684.594839933294
0.0 1243.0 1.0 0.0 6.899616541335519
0.0 517.0 356.0 1847.0 7312.574428481925
0.0 235.0 499.0 2462.0 10101.989467291389
0.0 87.0 565.0 2895.0 11595.199785938006
0.0 1243.0 1.0 0.0 6.899616541335519
0.0 238.0 479.0 2617.0 10053.787000719842
0.0 696.0 264.0 1449.0 5518.907287476161
0.0 108.0 555.0 2834.0 11391.245477188464
0.0 1243.0 1.0 0.0 6.899616541335519
0.0 860.0 173.0 1043.0 3867.089005250571
0.0 1243.0 1.0 0.0 6.899616541335519
0.0 528.0 348.0 1792.0 7229.028359667185
0.0 807.0 198.0 1230.0 4424.103939100874
0.0 881.0 155.0 1052.0 3626.733204152442
0.0 233.0 492.0 2537.0 10118.775651763533
0.0 222.0 500.0 2554.0 10259.977966610031
0.0 721.0 254.0 1382.0 5214.231451400232
0.0 658.0 307.0 1372.0 5833.449724052565
0.0 242.0 482.0 2579.0 9995.08819267679
0.0 229.0 491.0 2542.0 10216.620684076093
0.0 88.0 567.0 2878.0 11583.682525894339
0.0 642.0 286.0 1582.0 6052.481355195769
0.0 985.0 124.0 693.0 2632.1484937556247
0.0 872.0 184.0 909.0 3713.7152942745447
0.0 589.0 300.0 1722.0 6576.327809448998
0.0 849.0 192.0 1009.0 4016.5034502606904
0.0 240.0 488.0 2502.0 10030.370993929997
0.0 669.0 276.0 1492.0 5770.808769827338
0.0 239.0 487.0 2558.0 10021.836196282818
0.0 1243.0 1.0 0.0 6.899616541335519
0.0 1243.0 1.0 0.0 6.899616541335519
0.0 1243.0 1.0 0.0 6.899616541335519
0.0 1243.0 1.0 0.0 6.899616541335519
0.0 1243.0 1.0 0.0 6.899616541335519
0.0 787.0 208.0 1226.0 4509.52431021518
0.0 105.0 552.0 2870.0 11401.23994949785
0.0 740.0 237.0 1323.0 5062.648990179095
0.0 244.0 481.0 2573.0 10027.650974203625
0.0 1243.0 1.0 0.0 6.899616541335519
0.0 628.0 311.0 1467.0 6158.690397464328
0.0 650.0 292.0 1494.0 5993.824783783795
0.0 540.0 348.0 1763.0 7070.613393403699
0.0 1136.0 51.0 270.0 1060.7410251921444
0.0 89.0 561.0 2921.0 11559.608619640841
0.0 88.0 565.0 2889.0 11586.465580679613
0.0 1243.0 1.0 0.0 6.899616541335519
0.0 1058.0 88.0 492.0 1850.4357665568054
0.0 249.0 484.0 2519.0 9973.080075308044
0.0 1243.0 1.0 0.0 6.899616541335519
0.0 1243.0 1.0 0.0 6.899616541335519
0.0 650.0 291.0 1529.0 5933.838153060487
0.0 882.0 179.0 964.0 3671.7674751105187
