0.0 1072.0 88.0 411.0 1711.2291647202007
0.0 468.0 382.0 1988.0 7793.947204752637
0.0 594.0 336.0 1537.0 6549.241126232118
0.0 545.0 356.0 1658.0 7024.705783520874
0.0 571.0 318.0 1758.0 6765.891156083977
0.0 672.0 277.0 1452.0 5784.89821508343
0.0 1030.0 98.0 608.0 2169.1607069640645
0.0 1243.0 1.0 0.0 6.899616541335519
0.0 798.0 214.0 1160.0 4512.130636960727
0.0 499.0 367.0 1940.0 7511.065089227964
0.0 432.0 397.0 2067.0 8220.997297728549
0.0 89.0 566.0 2887.0 11566.872309809894
0.0 622.0 310.0 1490.0 6375.274262758342
0.0 870.0 165.0 1045.0 3753.809207857935
0.0 649.0 300.0 1459.0 5991.412143429289
0.0 653.0 278.0 1547.0 5886.989335729827
0.0 957.0 152.0 680.0 2914.463242959319
0.0 217.0 508.0 2551.0 10235.782316502602
0.0 217.0 508.0 2551.0 10235.782316502602
0.0 598.0 312.0 1602.0 6436.535706208522
0.0 243.0 472.0 2613.0 10050.782502781729
0.0 416.0 406.0 2060.0 8265.391495115944
0.0 93.0 564.0 2868.0 11533.348417972715
0.0 94.0 560.0 2876.0 11512.048405597281
0.0 673.0 266.0 1553.0 5798.482705622755
0.0 592.0 322.0 1617.0 6507.218732944668
0.0 509.0 365.0 1842.0 7408.2843369029915
0.0 399.0 391.0 2239.0 8478.031823248553
0.0 112.0 558.0 2807.0 11340.802294292738
0.0 649.0 300.0 1459.0 5991.412143429289
0.0 751.0 235.0 1236.0 4954.755431023593
0.0 243.0 472.0 2613.0 10050.782502781729
0.0 248.0 485.0 2526.0 9969.642891791738
0.0 751.0 235.0 1236.0 4954.755431023593
0.0 1060.0 87.0 453.0 1832.6820173928425
0.0 598.0 312.0 1602.0 6436.535706208522
0.0 804.0 209.0 1176.0 4390.302174660872
0.0 238.0 489.0 2495.0 10068.899743840822
0.0 224.0 480.0 2683.0 10159.982846655184
0.0 957.0 152.0 680.0 2914.463242959319
0.0 799.0 223.0 1135.0 4477.752924167009
0.0 90.0 561.0 2905.0 11572.851394357273
0.0 798.0 214.0 1160.0 4512.130636960727
0.0 692.0 278.0 1386.0 5607.235376947697
0.0 613.0 302.0 1617.0 6372.996734994432
0.0 799.0 216.0 1121.0 4524.118727295593
0.0 592.0 322.0 1617.0 6507.218732944668
0.0 731.0 235.0 1394.0 5253.701046288842
0.0 103.0 559.0 2836.0 11436.254682386516
0.0 493.0 379.0 1826.0 7586.313939995606
0.0 957.0 152.0 680.0 2914.463242959319
0.0 111.0 554.0 2845.0 11340.943228103642
0.0 497.0 356.0 1904.0 7596.714725936102
0.0 624.0 307.0 1545.0 6209.13575521519
0.0 246.0 480.0 2551.0 9946.654958862873
0.0 480.0 372.0 1996.0 7630.905916736649
0.0 235.0 480.0 2612.0 10097.641990016882
0.0 239.0 494.0 2504.0 10055.102955311015
0.0 603.0 329.0 1502.0 6533.311285272033
0.0 532.0 352.0 1813.0 7146.207871862018
0.0 265.0 469.0 2506.0 9781.32633368987
0.0 644.0 284.0 1595.0 5997.984082861444
0.0 672.0 284.0 1413.0 5720.324676231389
0.0 724.0 242.0 1397.0 5262.059380764346
0.0 661.0 271.0 1547.0 5866.109793729094
0.0 727.0 251.0 1320.0 5159.396540767132
0.0 1050.0 90.0 525.0 1978.7347094530214
0.0 234.0 493.0 2507.0 10106.756742841962
0.0 654.0 282.0 1509.0 5942.774170444203
0.0 87.0 564.0 2899.0 11584.22518345992
0.0 248.0 489.0 2467.0 9948.591040105364
0.0 246.0 485.0 2524.0 9982.481585968042
0.0 681.0 287.0 1354.0 5671.282129070917
0.0 257.0 483.0 2475.0 9835.512424243014
0.0 95.0 557.0 2896.0 11497.597714805557
0.0 687.0 278.0 1390.0 5584.78862627409
0.0 711.0 254.0 1372.0 5482.938834424133
0.0 682.0 287.0 1325.0 5718.143523488741
0.0 784.0 212.0 1242.0 4594.885925703046
0.0 517.0 365.0 1793.0 7336.603023858835
0.0 815.0 215.0 1055.0 4324.850873138488
0.0 217.0 508.0 2551.0 10235.782316502602
0.0 558.0 332.0 1694.0 6904.764856996155
0.0 798.0 214.0 1160.0 4512.130636960727
0.0 1053.0 99.0 483.0 1925.7018175217354
0.0 666.0 290.0 1441.0 5854.02090043921
0.0 246.0 479.0 2553.0 9964.620770737281
0.0 731.0 235.0 1394.0 5253.701046288842
0.0 234.0 493.0 2507.0 10106.756742841962
0.0 765.0 238.0 1171.0 4865.367722256428
0.0 598.0 312.0 1602.0 6436.535706208522
0.0 1030.0 98.0 608.0 2169.1607069640645
0.0 870.0 165.0 1045.0 3753.809207857935
0.0 370.0 425.0 2232.0 8774.537052811685
0.0 870.0 165.0 1045.0 3753.809207857935
0.0 693.0 267.0 1503.0 5603.188067021171
0.0 671.0 272.0 1455.0 5788.214627881275
0.0 1029.0 98.0 638.0 2188.894035880593
0.0 1243.0 1.0 0.0 6.899616541335519
0.0 552.0 332.0 1776.0 6973.966103992987
0.0 702.0 257.0 1380.0 5457.858640685083
0.0 1030.0 98.0 608.0 2169.1607069640645
0.0 1112.0 66.0 338.0 1337.9242610406452
0.0 830.0 207.0 1002.0 4162.583598543498
0.0 533.0 342.0 1845.0 7181.843068085036
0.0 246.0 481.0 2520.0 10033.29130777978
0.0 491.0 367.0 2004.0 7524.042856849719
0.0 681.0 268.0 1502.0 5696.8674430896335
0.0 1079.0 79.0 426.0 1620.8460173753383
0.0 842.0 202.0 1016.0 3981.6337874516494
0.0 537.0 357.0 1748.0 7087.9487410922675
0.0 95.0 557.0 2896.0 11497.597714805557
0.0 88.0 566.0 2884.0 11576.537052242511
0.0 660.0 278.0 1520.0 5812.282955929943
0.0 622.0 310.0 1490.0 6375.274262758342
0.0 257.0 481.0 2497.0 9887.815341662232
0.0 685.0 258.0 1483.0 5648.690379677091
0.0 103.0 553.0 2878.0 11410.394599899426
0.0 821.0 198.0 1112.0 4260.369608226297
0.0 1060.0 87.0 453.0 1832.6820173928425
0.0 133.0 542.0 2798.0 11150.065226004415
0.0 687.0 269.0 1455.0 5546.106660373851
0.0 727.0 251.0 1320.0 5159.396540767132
0.0 658.0 273.0 1610.0 5903.054807309927
0.0 769.0 227.0 1252.0 4745.886803516765
0.0 257.0 475.0 2508.0 9897.956674048677
0.0 649.0 300.0 1459.0 5991.412143429289
0.0 1243.0 1.0 0.0 6.899616541335519
0.0 1132.0 52.0 288.0 1061.3269945084044
0.0 1006.0 120.0 621.0 2426.339451869811
0.0 798.0 239.0 1039.0 4469.824920529558
0.0 234.0 493.0 2507.0 10106.756742841962
0.0 548.0 343.0 1761.0 6995.986731900078
0.0 250.0 486.0 2499.0 9986.06120056598
0.0 108.0 555.0 2839.0 11403.555883111145
0.0 249.0 492.0 2440.0 9963.640078602426
0.0 603.0 329.0 1502.0 6533.311285272033
0.0 545.0 356.0 1658.0 7024.705783520874
0.0 622.0 310.0 1490.0 6375.274262758342
0.0 234.0 493.0 2507.0 10106.756742841962
0.0 687.0 278.0 1390.0 5584.78862627409
0.0 527.0 349.0 1836.0 7217.808902010767
0.0 1016.0 111.0 599.0 2317.880720292937
0.0 1243.0 1.0 0.0 6.899616541335519
0.0 867.0 205.0 894.0 3786.2355896005556
0.0 114.0 554.0 2830.0 11319.19658208046
0.0 546.0 348.0 1671.0 7011.400975472104
0.0 799.0 223.0 1135.0 4477.752924167009
0.0 830.0 207.0 1002.0 4162.583598543498
0.0 1243.0 1.0 0.0 6.899616541335519
0.0 217.0 508.0 2551.0 10235.782316502602
0.0 696.0 257.0 1458.0 5503.291108495249
0.0 727.0 257.0 1255.0 5248.353210449329
0.0 1243.0 1.0 0.0 6.899616541335519
0.0 551.0 328.0 1797.0 7061.2265981192695
0.0 647.0 289.0 1518.0 6001.9935068724535
0.0 224.0 480.0 2683.0 10159.982846655184
0.0 1243.0 1.0 0.0 6.899616541335519
0.0 491.0 367.0 2004.0 7524.042856849719
0.0 102.0 553.0 2880.0 11433.223118966886
0.0 716.0 258.0 1345.0 5289.538427007742
0.0 548.0 343.0 1761.0 6995.986731900078
0.0 764.0 252.0 1156.0 4801.434197487675
0.0 251.0 474.0 2588.0 9986.220328568017
0.0 246.0 481.0 2520.0 10033.29130777978
0.0 255.0 480.0 2487.0 9907.292615285574
0.0 1079.0 79.0 426.0 1620.8460173753383
0.0 1053.0 99.0 483.0 1925.7018175217354
0.0 237.0 499.0 2485.0 10089.522380284496
0.0 1244.0 0.0 0.0 0.0
0.0 1243.0 1.0 0.0 6.899616541335519
0.0 242.0 483.0 2520.0 10006.90830131364
0.0 1244.0 0.0 0.0 0.0
0.0 559.0 329.0 1723.0 6910.014773900866
0.0 521.0 339.0 1924.0 7159.761062469505
0.0 746.0 246.0 1285.0 5032.61188820485
0.0 1244.0 0.0 0.0 0.0
0.0 1244.0 0.0 0.0 0.0
0.0 1243.0 1.0 0.0 6.899616541335519
0.0 740.0 248.0 1279.0 5159.741582371252
0.0 540.0 339.0 1809.0 7079.8712487315815
0.0 1243.0 1.0 0.0 6.899616541335519
0.0 1029.0 98.0 638.0 2188.894035880593
0.0 624.0 293.0 1652.0 6226.520293241873
0.0 1244.0 0.0 0.0 0.0
0.0 1244.0 0.0 0.0 0.0
0.0 670.0 278.0 1469.0 5858.176026095594
0.0 1244.0 0.0 0.0 0.0
0.0 1244.0 0.0 0.0 0.0
0.0 592.0 322.0 1617.0 6507.218732944668
0.0 1243.0 1.0 0.0 6.899616541335519
0.0 1244.0 0.0 0.0 0.0
0.0 653.0 278.0 1547.0 5886.989335729827
0.0 238.0 489.0 2495.0 10068.899743840822
0.0 751.0 235.0 1236.0 4954.755431023593
0.0 1244.0 0.0 0.0 0.0
0.0 1244.0 0.0 0.0 0.0
0.0 1244.0 0.0 0.0 0.0
0.0 763.0 242.0 1184.0 4860.869292189707
0.0 1244.0 0.0 0.0 0.0
0.0 870.0 165.0 1045.0 3753.809207857935
0.0 1244.0 0.0 0.0 0.0
0.0 649.0 300.0 1459.0 5991.412143429289
0.0 243.0 472.0 2613.0 10050.782502781729
0.0 1006.0 120.0 621.0 2426.339451869811
0.0 416.0 406.0 2060.0 8265.391495115944
0.0 1244.0 0.0 0.0 0.0
0.0 1244.0 0.0 0.0 0.0
0.0 1244.0 0.0 0.0 0.0
0.0 1244.0 0.0 0.0 0.0
0.0 1244.0 0.0 0.0 0.0
0.0 1244.0 0.0 0.0 0.0
0.0 1244.0 0.0 0.0 0.0
0.0 731.0 235.0 1394.0 5253.701046288842
0.0 1244.0 0.0 0.0 0.0
0.0 1243.0 1.0 0.0 6.899616541335519
0.0 244.0 491.0 2502.0 10038.821798957499
0.0 1244.0 0.0 0.0 0.0
0.0 624.0 307.0 1545.0 6209.13575521519
0.0 1244.0 0.0 0.0 0.0
0.0 574.0 327.0 1674.0 6700.497659371225
0.0 241.0 480.0 2579.0 10032.36231063933
0.0 626.0 294.0 1594.0 6232.4614743572
0.0 688.0 266.0 1465.0 5662.360482763673
0.0 812.0 208.0 1149.0 4449.955935091623
0.0 1244.0 0.0 0.0 0.0
0.0 1244.0 0.0 0.0 0.0
0.0 821.0 198.0 1112.0 4260.369608226297
0.0 727.0 251.0 1320.0 5159.396540767132
0.0 232.0 488.0 2540.0 10135.927716541828
0.0 1243.0 1.0 0.0 6.899616541335519
0.0 102.0 554.0 2863.0 11437.224375766435
0.0 1243.0 1.0 0.0 6.899616541335519
0.0 528.0 356.0 1825.0 7250.56096708469
0.0 681.0 268.0 1502.0 5696.8674430896335
0.0 712.0 268.0 1321.0 5329.12030801727
0.0 399.0 391.0 2239.0 8478.031823248553
0.0 1244.0 0.0 0.0 0.0
0.0 1244.0 0.0 0.0 0.0
0.0 1243.0 1.0 0.0 6.899616541335519
0.0 1244.0 0.0 0.0 0.0
0.0 113.0 557.0 2792.0 11336.783201364118
0.0 1244.0 0.0 0.0 0.0
0.0 103.0 559.0 2836.0 11436.254682386516
0.0 257.0 477.0 2521.0 9856.856981036839
0.0 1244.0 0.0 0.0 0.0
0.0 798.0 239.0 1039.0 4469.824920529558
0.0 1244.0 0.0 0.0 0.0
0.0 1243.0 1.0 0.0 6.899616541335519
0.0 1244.0 0.0 0.0 0.0
0.0 570.0 328.0 1693.0 6743.113580274285
0.0 1244.0 0.0 0.0 0.0
0.0 704.0 259.0 1352.0 5496.136613567221
0.0 471.0 382.0 1954.0 7768.7217235598955
0.0 1243.0 1.0 0.0 6.899616541335519
0.0 257.0 481.0 2497.0 9887.815341662232
0.0 1243.0 1.0 0.0 6.899616541335519
0.0 251.0 481.0 2545.0 9952.17569728753
0.0 798.0 206.0 1210.0 4564.847096394612
0.0 1243.0 1.0 0.0 6.899616541335519
0.0 1243.0 1.0 0.0 6.899616541335519
0.0 554.0 325.0 1802.0 6879.390306081541
0.0 957.0 152.0 680.0 2914.463242959319
0.0 497.0 356.0 1904.0 7596.714725936102
0.0 798.0 214.0 1160.0 4512.130636960727
0.0 540.0 337.0 1864.0 7133.48102522681
0.0 678.0 280.0 1437.0 5704.626026724675
0.0 560.0 325.0 1777.0 6959.16095138646
0.0 233.0 495.0 2518.0 10028.355038410986
0.0 1030.0 98.0 608.0 2169.1607069640645
0.0 598.0 312.0 1602.0 6436.535706208522
0.0 688.0 269.0 1406.0 5595.387043270555
0.0 118.0 545.0 2862.0 11263.98299358721
0.0 573.0 332.0 1632.0 6771.572556560836
0.0 1243.0 1.0 0.0 6.899616541335519
0.0 1243.0 1.0 0.0 6.899616541335519
0.0 569.0 336.0 1667.0 6809.575161476742
0.0 702.0 257.0 1380.0 5457.858640685083
0.0 529.0 354.0 1804.0 7207.749039218834
0.0 1243.0 1.0 0.0 6.899616541335519
0.0 248.0 489.0 2467.0 9948.591040105364
0.0 104.0 559.0 2832.0 11422.187148893861
0.0 239.0 494.0 2504.0 10055.102955311015
0.0 1244.0 0.0 0.0 0.0
0.0 1060.0 87.0 453.0 1832.6820173928425
0.0 257.0 475.0 2508.0 9897.956674048677
0.0 1244.0 0.0 0.0 0.0
0.0 815.0 215.0 1055.0 4324.850873138488
0.0 244.0 481.0 2537.0 10059.850866992087
0.0 235.0 480.0 2612.0 10097.641990016882
