0.0 732.0 258.0 1268.0 5180.759885848086
0.0 305.0 452.0 2401.0 9486.044741534595
0.0 240.0 486.0 2547.0 10013.660081203758
0.0 1082.0 74.0 466.0 1614.2843665490368
0.0 249.0 484.0 2509.0 9927.678434706084
0.0 900.0 156.0 926.0 3458.3663866432707
0.0 688.0 269.0 1419.0 5594.809446657967
0.0 579.0 345.0 1589.0 6713.699152499042
0.0 751.0 245.0 1281.0 4929.612594550904
0.0 244.0 489.0 2509.0 10001.517606634061
0.0 88.0 562.0 2910.0 11599.800447287493
0.0 573.0 328.0 1678.0 6806.990769448974
0.0 599.0 308.0 1663.0 6514.467490345307
0.0 688.0 269.0 1419.0 5594.809446657967
0.0 218.0 496.0 2585.0 10304.063277685678
0.0 700.0 259.0 1434.0 5425.9661103140015
0.0 798.0 211.0 1229.0 4604.930270945432
0.0 217.0 501.0 2550.0 10292.858649929776
0.0 1086.0 79.0 388.0 1612.762658555245
0.0 1110.0 72.0 334.0 1369.5001368189553
0.0 618.0 289.0 1622.0 6270.1744656536675
0.0 580.0 334.0 1621.0 6661.839964765502
0.0 886.0 177.0 929.0 3601.157873820343
0.0 1066.0 85.0 471.0 1848.3818321680205
0.0 626.0 307.0 1510.0 6302.944813599363
0.0 825.0 192.0 1101.0 4223.421872927102
0.0 477.0 371.0 1983.0 7677.556283328614
0.0 88.0 564.0 2901.0 11564.239466190831
0.0 1062.0 95.0 397.0 1830.9894298713405
0.0 696.0 252.0 1495.0 5505.374536823366
0.0 900.0 156.0 926.0 3458.3663866432707
0.0 711.0 264.0 1348.0 5382.219512128727
0.0 1059.0 95.0 458.0 1919.860427988252
0.0 111.0 556.0 2829.0 11360.559812412548
0.0 767.0 222.0 1260.0 4825.322563431695
0.0 669.0 263.0 1527.0 5771.6049295981975
0.0 107.0 555.0 2844.0 11396.960392576098
0.0 900.0 156.0 926.0 3458.3663866432707
0.0 543.0 346.0 1745.0 7054.261661959361
0.0 835.0 190.0 1043.0 4149.685112253966
0.0 1082.0 74.0 466.0 1614.2843665490368
0.0 266.0 474.0 2531.0 9785.242769985944
0.0 773.0 230.0 1166.0 4726.5879467126715
0.0 528.0 352.0 1812.0 7232.999829449525
0.0 797.0 223.0 1157.0 4578.3801756532985
0.0 241.0 492.0 2538.0 10045.825200975301
0.0 734.0 245.0 1328.0 5068.4109115038245
0.0 734.0 245.0 1328.0 5068.4109115038245
0.0 1023.0 100.0 578.0 2210.737908349734
0.0 93.0 558.0 2924.0 11534.49882432247
0.0 87.0 565.0 2912.0 11587.68945671738
0.0 1145.0 46.0 257.0 998.876905071292
0.0 653.0 280.0 1525.0 5929.42287227928
0.0 701.0 255.0 1456.0 5476.170035784458
0.0 478.0 368.0 2012.0 7698.041083662817
0.0 113.0 552.0 2845.0 11347.53320946663
0.0 1071.0 89.0 407.0 1765.9293490980858
0.0 592.0 304.0 1748.0 6545.131793774598
0.0 487.0 364.0 1926.0 7633.702418533191
0.0 624.0 294.0 1590.0 6264.264384846027
0.0 602.0 300.0 1696.0 6444.7033096115065
0.0 744.0 253.0 1148.0 4952.791323156114
0.0 734.0 245.0 1328.0 5068.4109115038245
0.0 637.0 301.0 1516.0 6052.263012512882
0.0 694.0 271.0 1364.0 5494.152838003291
0.0 751.0 245.0 1281.0 4929.612594550904
0.0 227.0 497.0 2552.0 10161.29071649154
0.0 626.0 300.0 1558.0 6249.071852846798
0.0 96.0 567.0 2841.0 11513.595562934574
0.0 90.0 568.0 2869.0 11562.116968989405
0.0 541.0 330.0 1866.0 7001.621565595078
0.0 900.0 156.0 926.0 3458.3663866432707
0.0 87.0 565.0 2897.0 11590.002019182097
0.0 551.0 331.0 1806.0 6958.249542518907
0.0 819.0 206.0 1094.0 4215.972582681163
0.0 234.0 495.0 2541.0 10094.574650337596
0.0 730.0 233.0 1372.0 5172.568619551879
0.0 726.0 257.0 1302.0 5153.558077628337
0.0 737.0 243.0 1336.0 5119.671516333836
0.0 651.0 295.0 1484.0 5943.0728916187645
0.0 539.0 348.0 1776.0 7089.828803981587
0.0 238.0 480.0 2608.0 10045.478607583556
0.0 599.0 308.0 1663.0 6514.467490345307
0.0 705.0 268.0 1347.0 5495.114397407752
0.0 250.0 476.0 2551.0 9977.671654737132
0.0 734.0 245.0 1328.0 5068.4109115038245
0.0 1071.0 89.0 407.0 1765.9293490980858
0.0 482.0 365.0 1919.0 7668.285136987472
0.0 241.0 491.0 2525.0 10067.657223535232
0.0 505.0 354.0 1950.0 7413.382063459745
0.0 117.0 547.0 2853.0 11288.689062808604
0.0 472.0 377.0 2013.0 7812.823422180137
0.0 607.0 306.0 1606.0 6461.53115526256
0.0 727.0 245.0 1361.0 5164.077018981435
0.0 89.0 569.0 2866.0 11586.171532950864
0.0 549.0 342.0 1772.0 6933.32445331065
0.0 818.0 210.0 1067.0 4290.51961873825
0.0 737.0 243.0 1336.0 5119.671516333836
0.0 227.0 497.0 2552.0 10161.29071649154
0.0 744.0 240.0 1281.0 5064.267233076711
0.0 573.0 328.0 1678.0 6806.990769448974
0.0 503.0 355.0 1942.0 7454.478562681715
0.0 1071.0 89.0 407.0 1765.9293490980858
0.0 109.0 551.0 2853.0 11362.772657720232
0.0 230.0 486.0 2603.0 10141.561494611298
0.0 688.0 269.0 1419.0 5594.809446657967
0.0 505.0 354.0 1950.0 7413.382063459745
0.0 254.0 479.0 2508.0 9878.06730465424
0.0 1086.0 79.0 388.0 1612.762658555245
0.0 715.0 266.0 1329.0 5188.989920284533
0.0 87.0 564.0 2921.0 11587.439176961288
0.0 653.0 295.0 1463.0 5944.743850504875
0.0 861.0 191.0 972.0 3812.4201137270757
0.0 528.0 352.0 1812.0 7232.999829449525
0.0 618.0 289.0 1622.0 6270.1744656536675
0.0 112.0 553.0 2836.0 11352.991352656129
0.0 661.0 276.0 1526.0 5846.3734801550645
0.0 239.0 496.0 2522.0 10083.768764184726
0.0 479.0 370.0 1983.0 7653.951917500094
0.0 719.0 254.0 1347.0 5359.058376461417
0.0 1023.0 100.0 578.0 2210.737908349734
0.0 88.0 566.0 2892.0 11590.499875921763
0.0 234.0 489.0 2564.0 10118.161323068301
0.0 517.0 360.0 1839.0 7329.59633226777
0.0 107.0 555.0 2844.0 11396.960392576098
0.0 491.0 370.0 1869.0 7661.984783322181
0.0 1079.0 82.0 430.0 1708.656729085379
0.0 482.0 367.0 1952.0 7578.348344131479
0.0 825.0 192.0 1101.0 4223.421872927102
0.0 256.0 470.0 2546.0 9875.571132184214
0.0 517.0 360.0 1839.0 7329.59633226777
0.0 1243.0 1.0 0.0 6.899616541335519
0.0 1243.0 1.0 0.0 6.899616541335519
0.0 1243.0 1.0 0.0 6.899616541335519
0.0 688.0 269.0 1419.0 5594.809446657967
0.0 749.0 237.0 1317.0 5059.890581232352
0.0 669.0 263.0 1527.0 5771.6049295981975
0.0 100.0 557.0 2861.0 11455.060149289811
0.0 90.0 562.0 2888.0 11564.165008194057
0.0 741.0 234.0 1306.0 5095.37777755224
0.0 767.0 236.0 1186.0 4835.375021451509
0.0 861.0 191.0 972.0 3812.4201137270757
0.0 786.0 218.0 1234.0 4673.941580427094
0.0 1243.0 1.0 0.0 6.899616541335519
0.0 522.0 351.0 1872.0 7267.806034904995
0.0 685.0 292.0 1331.0 5682.865778808642
0.0 1086.0 79.0 388.0 1612.762658555245
0.0 1243.0 1.0 0.0 6.899616541335519
0.0 99.0 564.0 2839.0 11476.976711116364
0.0 802.0 213.0 1129.0 4316.869810987397
0.0 1110.0 72.0 334.0 1369.5001368189553
0.0 537.0 337.0 1815.0 7197.285399617034
0.0 91.0 562.0 2892.0 11535.142664858164
0.0 669.0 278.0 1486.0 5744.222968421376
0.0 767.0 222.0 1260.0 4825.322563431695
0.0 740.0 252.0 1240.0 5019.58342304058
0.0 250.0 476.0 2551.0 9977.671654737132
0.0 682.0 257.0 1537.0 5682.634042222343
0.0 835.0 190.0 1043.0 4149.685112253966
0.0 505.0 354.0 1950.0 7413.382063459745
0.0 730.0 233.0 1372.0 5172.568619551879
0.0 244.0 492.0 2500.0 9981.675247407604
0.0 535.0 350.0 1742.0 7150.492742253585
0.0 1243.0 1.0 0.0 6.899616541335519
0.0 701.0 255.0 1456.0 5476.170035784458
0.0 1243.0 1.0 0.0 6.899616541335519
0.0 217.0 501.0 2564.0 10251.284137050083
0.0 734.0 245.0 1328.0 5068.4109115038245
0.0 707.0 255.0 1414.0 5421.963458598059
0.0 623.0 302.0 1544.0 6256.292086625673
0.0 217.0 501.0 2550.0 10292.858649929776
0.0 705.0 254.0 1425.0 5383.082798070004
0.0 653.0 295.0 1463.0 5944.743850504875
0.0 102.0 553.0 2881.0 11438.361322740056
0.0 1243.0 1.0 0.0 6.899616541335519
0.0 218.0 496.0 2585.0 10304.063277685678
0.0 231.0 489.0 2562.0 10193.954248119866
0.0 238.0 480.0 2608.0 10045.478607583556
0.0 1243.0 1.0 0.0 6.899616541335519
0.0 228.0 485.0 2638.0 10199.05384876395
0.0 1244.0 0.0 0.0 0.0
0.0 1243.0 1.0 0.0 6.899616541335519
0.0 592.0 304.0 1748.0 6545.131793774598
0.0 818.0 210.0 1067.0 4290.51961873825
0.0 252.0 483.0 2498.0 9956.428281830993
0.0 900.0 156.0 926.0 3458.3663866432707
0.0 1243.0 1.0 0.0 6.899616541335519
0.0 598.0 330.0 1510.0 6516.096072518135
0.0 758.0 237.0 1262.0 4939.69240531159
0.0 751.0 245.0 1281.0 4929.612594550904
0.0 1244.0 0.0 0.0 0.0
0.0 1244.0 0.0 0.0 0.0
0.0 629.0 301.0 1541.0 6135.523838223468
0.0 626.0 307.0 1510.0 6302.944813599363
0.0 1244.0 0.0 0.0 0.0
0.0 1023.0 100.0 578.0 2210.737908349734
0.0 1244.0 0.0 0.0 0.0
0.0 241.0 492.0 2538.0 10045.825200975301
0.0 1244.0 0.0 0.0 0.0
0.0 1244.0 0.0 0.0 0.0
0.0 107.0 555.0 2844.0 11396.960392576098
0.0 618.0 289.0 1622.0 6270.1744656536675
0.0 1244.0 0.0 0.0 0.0
0.0 627.0 303.0 1538.0 6185.656882180617
0.0 229.0 498.0 2552.0 10110.401148484836
0.0 1243.0 1.0 0.0 6.899616541335519
0.0 1244.0 0.0 0.0 0.0
0.0 1244.0 0.0 0.0 0.0
0.0 573.0 328.0 1678.0 6806.990769448974
0.0 479.0 370.0 1983.0 7653.951917500094
0.0 1244.0 0.0 0.0 0.0
0.0 700.0 259.0 1434.0 5425.9661103140015
0.0 1243.0 1.0 0.0 6.899616541335519
0.0 878.0 188.0 918.0 3715.442043636945
0.0 1244.0 0.0 0.0 0.0
0.0 699.0 265.0 1371.0 5524.075260512636
0.0 1243.0 1.0 0.0 6.899616541335519
0.0 240.0 486.0 2547.0 10013.660081203758
0.0 1244.0 0.0 0.0 0.0
0.0 1244.0 0.0 0.0 0.0
0.0 631.0 296.0 1541.0 6211.339946987044
0.0 1244.0 0.0 0.0 0.0
0.0 234.0 489.0 2564.0 10118.161323068301
0.0 1071.0 89.0 407.0 1765.9293490980858
0.0 548.0 337.0 1768.0 6995.136701691416
0.0 247.0 484.0 2554.0 9973.942006141902
0.0 1244.0 0.0 0.0 0.0
0.0 1244.0 0.0 0.0 0.0
0.0 1244.0 0.0 0.0 0.0
0.0 1244.0 0.0 0.0 0.0
0.0 257.0 477.0 2485.0 9866.107085773194
0.0 859.0 175.0 1062.0 3861.6673128221714
0.0 1243.0 1.0 0.0 6.899616541335519
0.0 1244.0 0.0 0.0 0.0
0.0 1244.0 0.0 0.0 0.0
0.0 558.0 334.0 1734.0 6828.0967688612445
0.0 1243.0 1.0 0.0 6.899616541335519
0.0 722.0 264.0 1321.0 5207.068045228369
0.0 651.0 295.0 1484.0 5943.0728916187645
0.0 741.0 245.0 1316.0 5001.0720460246075
0.0 1244.0 0.0 0.0 0.0
0.0 1243.0 1.0 0.0 6.899616541335519
0.0 477.0 371.0 1983.0 7677.556283328614
0.0 1244.0 0.0 0.0 0.0
0.0 493.0 364.0 1894.0 7504.180290754908
0.0 1244.0 0.0 0.0 0.0
0.0 719.0 254.0 1347.0 5359.058376461417
0.0 528.0 352.0 1812.0 7232.999829449525
0.0 761.0 235.0 1275.0 4890.482703788692
0.0 1244.0 0.0 0.0 0.0
0.0 1244.0 0.0 0.0 0.0
0.0 216.0 493.0 2614.0 10301.345224513929
0.0 1244.0 0.0 0.0 0.0
0.0 715.0 266.0 1329.0 5188.989920284533
0.0 539.0 348.0 1776.0 7089.828803981587
0.0 1244.0 0.0 0.0 0.0
0.0 737.0 243.0 1336.0 5119.671516333836
0.0 1243.0 1.0 0.0 6.899616541335519
0.0 780.0 219.0 1285.0 4741.835128467663
0.0 1062.0 95.0 397.0 1830.9894298713405
0.0 1082.0 74.0 466.0 1614.2843665490368
0.0 1244.0 0.0 0.0 0.0
0.0 1244.0 0.0 0.0 0.0
0.0 1244.0 0.0 0.0 0.0
0.0 235.0 484.0 2556.0 10083.34936541598
0.0 1243.0 1.0 0.0 6.899616541335519
0.0 607.0 306.0 1606.0 6461.53115526256
0.0 1244.0 0.0 0.0 0.0
0.0 1243.0 1.0 0.0 6.899616541335519
0.0 819.0 206.0 1094.0 4215.972582681163
0.0 798.0 211.0 1229.0 4604.930270945432
0.0 1243.0 1.0 0.0 6.899616541335519
0.0 562.0 323.0 1777.0 6809.098962726767
0.0 89.0 569.0 2866.0 11586.171532950864
0.0 1243.0 1.0 0.0 6.899616541335519
0.0 257.0 475.0 2514.0 9897.368779007105
0.0 1040.0 98.0 567.0 2058.1490366135586
0.0 726.0 257.0 1302.0 5153.558077628337
0.0 1244.0 0.0 0.0 0.0
0.0 575.0 325.0 1700.0 6726.7072681417885
0.0 852.0 188.0 1006.0 3951.84373122849
0.0 675.0 283.0 1425.0 5695.633147995284
0.0 227.0 497.0 2552.0 10161.29071649154
0.0 238.0 491.0 2554.0 9997.25368440777
0.0 228.0 487.0 2569.0 10182.661826002739
0.0 544.0 337.0 1824.0 7006.075623328838
0.0 240.0 483.0 2527.0 10048.16145158931
0.0 792.0 219.0 1195.0 4592.223666055603
0.0 1243.0 1.0 0.0 6.899616541335519
0.0 230.0 486.0 2603.0 10141.561494611298
0.0 1243.0 1.0 0.0 6.899616541335519
0.0 565.0 333.0 1660.0 6844.729552961314
0.0 773.0 221.0 1261.0 4686.413602342552
0.0 114.0 552.0 2832.0 11319.473042848367
0.0 292.0 457.0 2458.0 9598.801757901156
