0.0 812.0 203.0 1137.0 4350.661129678535
0.0 743.0 234.0 1307.0 5034.419844271792
0.0 227.0 503.0 2531.0 10165.956700166127
0.0 406.0 402.0 2183.0 8467.583033781697
0.0 683.0 263.0 1497.0 5640.892810770793
0.0 1038.0 96.0 545.0 2094.3167867086213
0.0 750.0 244.0 1204.0 4913.080733298365
0.0 614.0 310.0 1568.0 6367.941280131496
0.0 669.0 277.0 1483.0 5764.303825675399
0.0 1024.0 106.0 577.0 2210.647846964327
0.0 689.0 268.0 1370.0 5591.620282133114
0.0 683.0 263.0 1497.0 5640.892810770793
0.0 530.0 349.0 1795.0 7262.944247309288
0.0 474.0 379.0 1988.0 7751.892481123526
0.0 696.0 269.0 1442.0 5472.177209241666
0.0 251.0 479.0 2543.0 9958.404255452057
0.0 708.0 251.0 1437.0 5435.522096967505
0.0 812.0 203.0 1137.0 4350.661129678535
0.0 738.0 247.0 1273.0 5101.6547716586965
0.0 87.0 564.0 2892.0 11596.791388665151
0.0 640.0 299.0 1508.0 6005.6109741707105
0.0 696.0 269.0 1442.0 5472.177209241666
0.0 682.0 284.0 1341.0 5609.693066652169
0.0 738.0 247.0 1273.0 5101.6547716586965
0.0 693.0 271.0 1383.0 5514.093826575157
0.0 248.0 482.0 2553.0 9929.683655629142
0.0 769.0 230.0 1161.0 4768.471118333853
0.0 212.0 499.0 2640.0 10360.529043093231
0.0 624.0 309.0 1531.0 6291.892946593693
0.0 528.0 353.0 1768.0 7172.276985230883
0.0 775.0 242.0 1114.0 4772.906985022393
0.0 593.0 314.0 1664.0 6527.067072958212
0.0 837.0 210.0 1001.0 4087.7385265141347
0.0 750.0 244.0 1204.0 4913.080733298365
0.0 114.0 547.0 2868.0 11305.25396107827
0.0 565.0 343.0 1650.0 6854.9548471706075
0.0 1042.0 98.0 545.0 2027.3541304962157
0.0 95.0 562.0 2864.0 11497.680357521414
0.0 489.0 381.0 1858.0 7561.370224051131
0.0 634.0 286.0 1636.0 6111.568493507135
0.0 544.0 346.0 1761.0 7008.677397088548
0.0 88.0 567.0 2886.0 11575.771170615237
0.0 110.0 552.0 2861.0 11374.07039380605
0.0 251.0 479.0 2543.0 9958.404255452057
0.0 906.0 160.0 880.0 3366.5290349389993
0.0 686.0 273.0 1404.0 5639.363046993617
0.0 242.0 488.0 2520.0 10087.845503279596
0.0 87.0 564.0 2909.0 11583.038852073068
0.0 237.0 484.0 2555.0 10083.107728991014
0.0 1133.0 51.0 303.0 1042.1460923905372
0.0 769.0 230.0 1161.0 4768.471118333853
0.0 508.0 360.0 1854.0 7424.34189209104
0.0 1042.0 98.0 545.0 2027.3541304962157
0.0 554.0 331.0 1776.0 6980.560271696386
0.0 906.0 160.0 880.0 3366.5290349389993
0.0 792.0 210.0 1227.0 4623.760132732799
0.0 496.0 360.0 1910.0 7552.688212866413
0.0 693.0 276.0 1369.0 5606.512121204392
0.0 547.0 331.0 1768.0 7005.847723994007
0.0 567.0 347.0 1615.0 6751.168077476534
0.0 684.0 272.0 1418.0 5578.87643866998
0.0 671.0 274.0 1476.0 5811.319079406587
0.0 594.0 303.0 1756.0 6602.418735709298
0.0 563.0 333.0 1728.0 6834.667671788862
0.0 538.0 359.0 1726.0 7106.986399796918
0.0 495.0 368.0 1857.0 7524.979721834946
0.0 461.0 382.0 1935.0 7857.849389490029
0.0 107.0 556.0 2840.0 11389.88305387905
0.0 584.0 323.0 1660.0 6592.308714109646
0.0 88.0 566.0 2882.0 11577.3000334496
0.0 1000.0 119.0 626.0 2456.5825298733744
0.0 105.0 556.0 2849.0 11411.11101956362
0.0 1054.0 89.0 514.0 1922.715018628031
0.0 713.0 251.0 1391.0 5361.095040352353
0.0 544.0 330.0 1858.0 7044.197289348738
0.0 232.0 494.0 2537.0 10109.797672850038
0.0 614.0 310.0 1568.0 6367.941280131496
0.0 1243.0 1.0 0.0 6.899616541335519
0.0 535.0 349.0 1741.0 7137.097950618517
0.0 245.0 478.0 2585.0 9970.502839530604
0.0 1133.0 51.0 303.0 1042.1460923905372
0.0 403.0 419.0 2099.0 8418.913901786857
0.0 602.0 317.0 1541.0 6439.2525185955055
0.0 736.0 249.0 1285.0 5104.571871051723
0.0 237.0 484.0 2555.0 10083.107728991014
0.0 227.0 503.0 2531.0 10165.956700166127
0.0 524.0 356.0 1772.0 7180.245921588309
0.0 94.0 564.0 2858.0 11535.546721892788
0.0 369.0 425.0 2245.0 8799.38513582314
0.0 461.0 382.0 1935.0 7857.849389490029
0.0 490.0 379.0 1828.0 7543.571193034584
0.0 492.0 367.0 1955.0 7518.840322428863
0.0 248.0 482.0 2553.0 9929.683655629142
0.0 532.0 355.0 1744.0 7115.793601069269
0.0 461.0 382.0 1935.0 7857.849389490029
0.0 238.0 489.0 2508.0 10078.840028479104
0.0 696.0 290.0 1257.0 5575.173634690598
0.0 711.0 250.0 1418.0 5400.042329036404
0.0 1243.0 1.0 0.0 6.899616541335519
0.0 710.0 273.0 1303.0 5321.362851646167
0.0 1243.0 1.0 0.0 6.899616541335519
0.0 808.0 209.0 1083.0 4380.900984648426
0.0 246.0 489.0 2497.0 9986.697593073277
0.0 648.0 285.0 1565.0 5924.670938402805
0.0 640.0 299.0 1490.0 6057.314681142027
0.0 530.0 349.0 1795.0 7262.944247309288
0.0 820.0 208.0 1078.0 4200.95208492673
0.0 1080.0 73.0 464.0 1618.042044155431
0.0 661.0 290.0 1453.0 5888.079102843502
0.0 695.0 258.0 1446.0 5556.078579130733
0.0 610.0 320.0 1553.0 6394.604210547652
0.0 700.0 261.0 1430.0 5541.3245655924475
0.0 626.0 305.0 1519.0 6195.8894859374495
0.0 584.0 323.0 1660.0 6592.308714109646
0.0 248.0 482.0 2553.0 9929.683655629142
0.0 614.0 310.0 1568.0 6367.941280131496
0.0 711.0 250.0 1418.0 5400.042329036404
0.0 866.0 173.0 968.0 3767.1823342627285
0.0 739.0 240.0 1318.0 5073.077372361555
0.0 738.0 247.0 1273.0 5101.6547716586965
0.0 265.0 474.0 2505.0 9795.633128327157
0.0 670.0 282.0 1426.0 5765.529051863885
0.0 535.0 349.0 1741.0 7137.097950618517
0.0 102.0 553.0 2892.0 11435.103593707912
0.0 837.0 210.0 1001.0 4087.7385265141347
0.0 530.0 352.0 1708.0 7174.241804182671
0.0 750.0 244.0 1204.0 4913.080733298365
0.0 750.0 244.0 1204.0 4913.080733298365
0.0 89.0 566.0 2882.0 11566.984467440812
0.0 1080.0 73.0 464.0 1618.042044155431
0.0 1051.0 90.0 524.0 1976.1581519417487
0.0 1243.0 1.0 0.0 6.899616541335519
0.0 254.0 482.0 2486.0 9916.299318004727
0.0 1243.0 1.0 0.0 6.899616541335519
0.0 875.0 172.0 977.0 3770.2373276968224
0.0 738.0 247.0 1273.0 5101.6547716586965
0.0 218.0 498.0 2598.0 10265.08019852617
0.0 594.0 303.0 1756.0 6602.418735709298
0.0 1243.0 1.0 0.0 6.899616541335519
0.0 1243.0 1.0 0.0 6.899616541335519
0.0 1243.0 1.0 0.0 6.899616541335519
0.0 1243.0 1.0 0.0 6.899616541335519
0.0 660.0 282.0 1474.0 5836.351177776461
0.0 1243.0 1.0 0.0 6.899616541335519
0.0 215.0 505.0 2584.0 10308.403547783357
0.0 218.0 494.0 2610.0 10299.359497366544
0.0 100.0 557.0 2865.0 11463.611285051751
0.0 238.0 489.0 2508.0 10078.840028479104
0.0 239.0 493.0 2537.0 10045.513579197252
0.0 369.0 425.0 2245.0 8799.38513582314
0.0 535.0 349.0 1741.0 7137.097950618517
0.0 1059.0 86.0 484.0 1886.1315262562152
0.0 502.0 369.0 1857.0 7390.247761165114
0.0 661.0 290.0 1453.0 5888.079102843502
0.0 1243.0 1.0 0.0 6.899616541335519
0.0 772.0 224.0 1256.0 4724.058550323593
0.0 233.0 485.0 2567.0 10119.469175384293
0.0 735.0 252.0 1260.0 5050.066556857658
0.0 750.0 244.0 1204.0 4913.080733298365
0.0 1243.0 1.0 0.0 6.899616541335519
0.0 1243.0 1.0 0.0 6.899616541335519
0.0 464.0 377.0 1981.0 7949.068912837672
0.0 489.0 371.0 1918.0 7660.023541978557
0.0 1243.0 1.0 0.0 6.899616541335519
0.0 245.0 478.0 2585.0 9970.502839530604
0.0 1054.0 89.0 514.0 1922.715018628031
0.0 671.0 274.0 1476.0 5811.319079406587
0.0 94.0 564.0 2858.0 11535.546721892788
0.0 783.0 218.0 1227.0 4637.842342520311
0.0 796.0 224.0 1091.0 4509.451772869601
0.0 775.0 242.0 1114.0 4772.906985022393
0.0 723.0 263.0 1274.0 5285.054294365865
0.0 584.0 323.0 1660.0 6592.308714109646
0.0 490.0 379.0 1828.0 7543.571193034584
0.0 808.0 209.0 1083.0 4380.900984648426
0.0 238.0 487.0 2567.0 10028.397011496047
0.0 403.0 419.0 2099.0 8418.913901786857
0.0 600.0 306.0 1675.0 6498.886378563762
0.0 103.0 552.0 2902.0 11431.5063167543
0.0 683.0 263.0 1497.0 5640.892810770793
0.0 547.0 331.0 1768.0 7005.847723994007
0.0 677.0 269.0 1502.0 5669.754018672658
0.0 89.0 565.0 2874.0 11576.962708511854
0.0 230.0 483.0 2607.0 10181.748434799722
0.0 457.0 374.0 2056.0 7894.481984009759
0.0 87.0 564.0 2909.0 11583.038852073068
0.0 669.0 282.0 1456.0 5768.163249524738
0.0 107.0 554.0 2847.0 11386.147376842522
0.0 769.0 230.0 1161.0 4768.471118333853
0.0 610.0 297.0 1674.0 6342.319860175012
0.0 103.0 561.0 2826.0 11440.517656595059
0.0 240.0 491.0 2494.0 10086.146586069295
0.0 246.0 489.0 2497.0 9986.697593073277
0.0 684.0 263.0 1522.0 5572.438004495653
0.0 593.0 314.0 1664.0 6527.067072958212
0.0 102.0 556.0 2853.0 11434.438633543114
0.0 489.0 381.0 1858.0 7561.370224051131
0.0 743.0 234.0 1307.0 5034.419844271792
0.0 1244.0 0.0 0.0 0.0
0.0 1244.0 0.0 0.0 0.0
0.0 1244.0 0.0 0.0 0.0
0.0 730.0 248.0 1264.0 5201.867756436731
0.0 1027.0 112.0 553.0 2186.55681202165
0.0 1244.0 0.0 0.0 0.0
0.0 713.0 251.0 1391.0 5361.095040352353
0.0 1244.0 0.0 0.0 0.0
0.0 604.0 318.0 1570.0 6436.82429904358
0.0 1244.0 0.0 0.0 0.0
0.0 1244.0 0.0 0.0 0.0
0.0 1244.0 0.0 0.0 0.0
0.0 1244.0 0.0 0.0 0.0
0.0 495.0 368.0 1857.0 7524.979721834946
0.0 688.0 288.0 1319.0 5628.275530300797
0.0 899.0 172.0 818.0 3494.3683152780154
0.0 685.0 264.0 1494.0 5632.798555711327
0.0 1244.0 0.0 0.0 0.0
0.0 662.0 290.0 1435.0 5791.15845000167
0.0 837.0 210.0 1001.0 4087.7385265141347
0.0 232.0 495.0 2542.0 10087.76957445121
0.0 110.0 552.0 2861.0 11374.07039380605
0.0 406.0 402.0 2183.0 8467.583033781697
0.0 235.0 492.0 2532.0 10135.523883469394
0.0 626.0 305.0 1519.0 6195.8894859374495
0.0 1243.0 1.0 0.0 6.899616541335519
0.0 1244.0 0.0 0.0 0.0
0.0 1244.0 0.0 0.0 0.0
0.0 226.0 490.0 2598.0 10161.155568137265
0.0 1244.0 0.0 0.0 0.0
0.0 590.0 331.0 1572.0 6498.608495803193
0.0 1244.0 0.0 0.0 0.0
0.0 253.0 476.0 2539.0 9897.428555091863
0.0 1244.0 0.0 0.0 0.0
0.0 1244.0 0.0 0.0 0.0
0.0 1244.0 0.0 0.0 0.0
0.0 1243.0 1.0 0.0 6.899616541335519
0.0 1243.0 1.0 0.0 6.899616541335519
0.0 1244.0 0.0 0.0 0.0
0.0 248.0 486.0 2514.0 9984.063264812961
0.0 227.0 503.0 2531.0 10165.956700166127
0.0 845.0 181.0 1100.0 4055.5108453844236
0.0 1244.0 0.0 0.0 0.0
0.0 1244.0 0.0 0.0 0.0
0.0 573.0 339.0 1647.0 6790.877569862266
0.0 1244.0 0.0 0.0 0.0
0.0 105.0 556.0 2849.0 11411.11101956362
0.0 1243.0 1.0 0.0 6.899616541335519
0.0 258.0 485.0 2499.0 9894.373346949576
0.0 1244.0 0.0 0.0 0.0
0.0 784.0 216.0 1223.0 4622.679823878067
0.0 237.0 484.0 2555.0 10083.107728991014
0.0 1244.0 0.0 0.0 0.0
0.0 640.0 299.0 1490.0 6057.314681142027
0.0 1244.0 0.0 0.0 0.0
0.0 1244.0 0.0 0.0 0.0
0.0 614.0 310.0 1568.0 6367.941280131496
0.0 1243.0 1.0 0.0 6.899616541335519
0.0 812.0 203.0 1137.0 4350.661129678535
0.0 777.0 244.0 1118.0 4736.487857980631
0.0 1133.0 51.0 303.0 1042.1460923905372
0.0 1243.0 1.0 0.0 6.899616541335519
0.0 696.0 269.0 1442.0 5472.177209241666
0.0 1244.0 0.0 0.0 0.0
0.0 251.0 479.0 2543.0 9958.404255452057
0.0 711.0 250.0 1418.0 5400.042329036404
0.0 1244.0 0.0 0.0 0.0
0.0 1244.0 0.0 0.0 0.0
0.0 1244.0 0.0 0.0 0.0
0.0 248.0 479.0 2574.0 9943.066413783221
0.0 820.0 208.0 1078.0 4200.95208492673
0.0 248.0 482.0 2553.0 9929.683655629142
0.0 710.0 248.0 1473.0 5432.628007987724
0.0 1244.0 0.0 0.0 0.0
0.0 212.0 499.0 2640.0 10360.529043093231
0.0 1243.0 1.0 0.0 6.899616541335519
0.0 565.0 343.0 1650.0 6854.9548471706075
0.0 1244.0 0.0 0.0 0.0
0.0 407.0 393.0 2235.0 8449.784851727827
0.0 1243.0 1.0 0.0 6.899616541335519
0.0 906.0 160.0 880.0 3366.5290349389993
0.0 943.0 138.0 785.0 2997.3749607075706
0.0 1243.0 1.0 0.0 6.899616541335519
0.0 1042.0 98.0 545.0 2027.3541304962157
0.0 1243.0 1.0 0.0 6.899616541335519
0.0 1244.0 0.0 0.0 0.0
0.0 508.0 360.0 1854.0 7424.34189209104
0.0 1244.0 0.0 0.0 0.0
0.0 461.0 382.0 1935.0 7857.849389490029
0.0 1244.0 0.0 0.0 0.0
0.0 1243.0 1.0 0.0 6.899616541335519
