0.0 568.0 344.0 1664.0 6770.6596247449015
0.0 673.0 277.0 1463.0 5768.998974577925
0.0 494.0 374.0 1855.0 7628.005355389412
0.0 667.0 270.0 1547.0 5887.768494669777
0.0 507.0 369.0 1869.0 7435.630301179095
0.0 102.0 557.0 2846.0 11442.664945583174
0.0 893.0 172.0 871.0 3583.287540653669
0.0 88.0 563.0 2906.0 11592.395292949312
0.0 243.0 482.0 2554.0 10009.01503852737
0.0 109.0 548.0 2870.0 11373.42491200239
0.0 1104.0 62.0 408.0 1424.004883311918
0.0 1066.0 84.0 476.0 1799.4291703758095
0.0 505.0 356.0 1904.0 7457.699121086074
0.0 817.0 199.0 1109.0 4258.268325314116
0.0 498.0 365.0 1939.0 7457.266220364028
0.0 599.0 313.0 1610.0 6497.407650395448
0.0 621.0 316.0 1530.0 6282.55063145792
0.0 238.0 488.0 2544.0 10055.199235969558
0.0 242.0 488.0 2531.0 9971.17625638368
0.0 1044.0 95.0 558.0 2036.9217007238078
0.0 654.0 295.0 1436.0 5901.561654779365
0.0 256.0 487.0 2480.0 9867.780617761202
0.0 692.0 277.0 1415.0 5528.727317771968
0.0 1064.0 86.0 502.0 1846.0261266438881
0.0 594.0 325.0 1566.0 6534.177274489847
0.0 87.0 567.0 2892.0 11596.156147007701
0.0 518.0 366.0 1792.0 7250.418614306486
0.0 679.0 273.0 1411.0 5671.195082157374
0.0 546.0 345.0 1756.0 7020.924292194649
0.0 293.0 452.0 2462.0 9587.63810674708
0.0 555.0 342.0 1701.0 6935.215712396902
0.0 813.0 206.0 1122.0 4250.084491371499
0.0 103.0 559.0 2835.0 11439.3286096863
0.0 601.0 304.0 1633.0 6540.650462476127
0.0 518.0 345.0 1851.0 7333.180039186036
0.0 442.0 388.0 2003.0 8041.819840503448
0.0 813.0 206.0 1122.0 4250.084491371499
0.0 474.0 369.0 2009.0 7825.199049548107
0.0 741.0 232.0 1335.0 5029.181442435354
0.0 97.0 563.0 2844.0 11501.66358990088
0.0 88.0 564.0 2906.0 11576.038218251804
0.0 594.0 325.0 1566.0 6534.177274489847
0.0 764.0 236.0 1228.0 4850.881554985673
0.0 242.0 488.0 2514.0 10002.178085912057
0.0 723.0 252.0 1386.0 5275.825092954808
0.0 87.0 567.0 2892.0 11596.156147007701
0.0 538.0 350.0 1773.0 7156.854341977394
0.0 239.0 481.0 2587.0 10031.400728806191
0.0 714.0 251.0 1411.0 5292.544797915946
0.0 758.0 246.0 1223.0 4814.295592435713
0.0 621.0 316.0 1530.0 6282.55063145792
0.0 109.0 556.0 2821.0 11381.471227807067
0.0 235.0 487.0 2531.0 10091.244052364254
0.0 675.0 274.0 1484.0 5658.387313704118
0.0 242.0 494.0 2480.0 10086.544347468294
0.0 1044.0 95.0 558.0 2036.9217007238078
0.0 507.0 369.0 1869.0 7435.630301179095
0.0 1015.0 109.0 622.0 2294.2678775297586
0.0 284.0 468.0 2459.0 9594.365465674047
0.0 654.0 284.0 1540.0 5916.749048759193
0.0 1031.0 101.0 578.0 2188.9450544402634
0.0 583.0 314.0 1729.0 6646.2299671438495
0.0 675.0 274.0 1484.0 5658.387313704118
0.0 231.0 484.0 2596.0 10114.30140645096
0.0 549.0 343.0 1756.0 6990.377837527906
0.0 293.0 452.0 2462.0 9587.63810674708
0.0 239.0 481.0 2587.0 10031.400728806191
0.0 212.0 502.0 2621.0 10303.802029354722
0.0 604.0 313.0 1619.0 6336.44740557801
0.0 543.0 342.0 1787.0 7039.860480823484
0.0 646.0 283.0 1590.0 6004.682994003684
0.0 649.0 288.0 1485.0 6071.02040112692
0.0 673.0 277.0 1463.0 5768.998974577925
0.0 1062.0 94.0 437.0 1854.241221845504
0.0 301.0 456.0 2430.0 9433.685804932498
0.0 236.0 491.0 2521.0 10081.734316998614
0.0 234.0 480.0 2603.0 10060.169793449428
0.0 228.0 498.0 2522.0 10192.502937821728
0.0 661.0 295.0 1436.0 5795.794735135125
0.0 253.0 482.0 2517.0 9958.092386382586
0.0 711.0 267.0 1338.0 5444.4617929296255
0.0 740.0 245.0 1331.0 5049.3788639155755
0.0 609.0 300.0 1650.0 6344.514387708334
0.0 528.0 336.0 1927.0 7246.10543496886
0.0 109.0 556.0 2821.0 11381.471227807067
0.0 794.0 221.0 1168.0 4585.556283274302
0.0 761.0 227.0 1238.0 4844.1095738511285
0.0 544.0 332.0 1832.0 7062.167831015608
0.0 730.0 244.0 1348.0 5216.1022918902345
0.0 241.0 491.0 2530.0 10031.165339431465
0.0 1145.0 52.0 217.0 988.325110305315
0.0 617.0 302.0 1611.0 6258.550119488017
0.0 613.0 306.0 1616.0 6262.903053144588
0.0 628.0 293.0 1578.0 6119.296994013566
0.0 642.0 298.0 1490.0 6070.413281191684
0.0 714.0 251.0 1411.0 5292.544797915946
0.0 1015.0 109.0 622.0 2294.2678775297586
0.0 509.0 353.0 1915.0 7378.684651577213
0.0 804.0 218.0 1102.0 4423.250427068055
0.0 1031.0 110.0 514.0 2197.426369034446
0.0 639.0 282.0 1554.0 6040.091598089271
0.0 300.0 454.0 2431.0 9528.52571796064
0.0 295.0 453.0 2459.0 9575.199496795147
0.0 687.0 270.0 1413.0 5564.555611052001
0.0 582.0 319.0 1665.0 6636.410565832695
0.0 639.0 282.0 1554.0 6040.091598089271
0.0 532.0 339.0 1853.0 7177.418702328771
0.0 498.0 362.0 1919.0 7555.458110336139
0.0 697.0 270.0 1365.0 5434.972566246031
0.0 88.0 568.0 2869.0 11585.964844614085
0.0 511.0 357.0 1881.0 7379.274878214169
0.0 212.0 502.0 2621.0 10303.802029354722
0.0 89.0 565.0 2882.0 11574.162722159605
0.0 88.0 564.0 2891.0 11582.066859000195
0.0 88.0 567.0 2882.0 11584.23058307081
0.0 87.0 566.0 2900.0 11590.733957874812
0.0 474.0 379.0 1952.0 7759.636172502068
0.0 1243.0 1.0 0.0 6.899616541335519
0.0 777.0 234.0 1177.0 4695.564204975835
0.0 251.0 469.0 2584.0 9921.761085166352
0.0 609.0 300.0 1650.0 6344.514387708334
0.0 794.0 221.0 1168.0 4585.556283274302
0.0 225.0 498.0 2538.0 10225.058491975102
0.0 687.0 270.0 1413.0 5564.555611052001
0.0 688.0 280.0 1394.0 5655.310294432666
0.0 112.0 555.0 2828.0 11349.01273290014
0.0 649.0 288.0 1485.0 6071.02040112692
0.0 1243.0 1.0 0.0 6.899616541335519
0.0 242.0 488.0 2514.0 10002.178085912057
0.0 758.0 246.0 1223.0 4814.295592435713
0.0 235.0 487.0 2531.0 10091.244052364254
0.0 1243.0 1.0 0.0 6.899616541335519
0.0 597.0 318.0 1618.0 6474.794192136827
0.0 507.0 369.0 1869.0 7435.630301179095
0.0 744.0 235.0 1345.0 5015.251942007621
0.0 819.0 199.0 1107.0 4235.337541741537
0.0 1243.0 1.0 0.0 6.899616541335519
0.0 742.0 230.0 1313.0 5090.0288126611385
0.0 654.0 281.0 1546.0 5923.215254153084
0.0 1243.0 1.0 0.0 6.899616541335519
0.0 237.0 494.0 2515.0 10029.403554162873
0.0 1066.0 84.0 476.0 1799.4291703758095
0.0 1243.0 1.0 0.0 6.899616541335519
0.0 245.0 485.0 2522.0 9953.497543010237
0.0 509.0 368.0 1822.0 7372.710524848336
0.0 518.0 366.0 1792.0 7250.418614306486
0.0 832.0 203.0 1052.0 4126.930162618439
0.0 1243.0 1.0 0.0 6.899616541335519
0.0 654.0 284.0 1540.0 5916.749048759193
0.0 669.0 292.0 1416.0 5782.043477928269
0.0 547.0 347.0 1723.0 7052.1820065892325
0.0 1243.0 1.0 0.0 6.899616541335519
0.0 578.0 322.0 1685.0 6756.270544212477
0.0 258.0 475.0 2511.0 9876.201481324906
0.0 828.0 198.0 1041.0 4226.457836565751
0.0 594.0 325.0 1566.0 6534.177274489847
0.0 675.0 274.0 1484.0 5658.387313704118
0.0 293.0 452.0 2462.0 9587.63810674708
0.0 665.0 290.0 1424.0 5801.247020938704
0.0 634.0 298.0 1538.0 6116.259176663342
0.0 530.0 338.0 1879.0 7171.284707549549
0.0 1243.0 1.0 0.0 6.899616541335519
0.0 644.0 285.0 1567.0 6025.49096845663
0.0 846.0 180.0 1070.0 3996.792620642327
0.0 1243.0 1.0 0.0 6.899616541335519
0.0 599.0 313.0 1610.0 6497.407650395448
0.0 103.0 556.0 2840.0 11419.551309016804
0.0 1243.0 1.0 0.0 6.899616541335519
0.0 518.0 345.0 1851.0 7333.180039186036
0.0 563.0 323.0 1770.0 6862.737525256828
0.0 637.0 308.0 1505.0 6114.519380095598
0.0 235.0 498.0 2513.0 10090.168339376705
0.0 109.0 554.0 2835.0 11384.140375883198
0.0 238.0 488.0 2544.0 10055.199235969558
0.0 237.0 492.0 2535.0 10017.65753257457
0.0 300.0 454.0 2431.0 9528.52571796064
0.0 1243.0 1.0 0.0 6.899616541335519
0.0 758.0 233.0 1299.0 4892.645602004826
0.0 602.0 307.0 1637.0 6397.97579821077
0.0 604.0 313.0 1619.0 6336.44740557801
0.0 1243.0 1.0 0.0 6.899616541335519
0.0 244.0 477.0 2561.0 9996.521960952361
0.0 1243.0 1.0 0.0 6.899616541335519
0.0 242.0 485.0 2532.0 10065.35616687982
0.0 1015.0 109.0 622.0 2294.2678775297586
0.0 818.0 213.0 1074.0 4300.565952683942
0.0 711.0 267.0 1338.0 5444.4617929296255
0.0 732.0 248.0 1345.0 5220.951105016334
0.0 1243.0 1.0 0.0 6.899616541335519
0.0 763.0 257.0 1142.0 4849.734116268861
0.0 1243.0 1.0 0.0 6.899616541335519
0.0 741.0 232.0 1335.0 5029.181442435354
0.0 113.0 551.0 2844.0 11341.516083719305
0.0 667.0 270.0 1547.0 5887.768494669777
0.0 87.0 567.0 2892.0 11596.156147007701
0.0 239.0 485.0 2541.0 10077.260345440001
0.0 544.0 349.0 1738.0 7098.542275528289
0.0 694.0 270.0 1455.0 5511.392368470224
0.0 100.0 557.0 2859.0 11456.242454706276
0.0 220.0 502.0 2544.0 10261.138504583721
0.0 1243.0 1.0 0.0 6.899616541335519
0.0 244.0 483.0 2558.0 9943.287883022325
0.0 1243.0 1.0 0.0 6.899616541335519
0.0 1066.0 84.0 451.0 1849.2292553953894
0.0 1243.0 1.0 0.0 6.899616541335519
0.0 735.0 232.0 1378.0 5055.144602831942
0.0 89.0 565.0 2882.0 11574.162722159605
0.0 241.0 492.0 2517.0 10069.885338578062
0.0 1244.0 0.0 0.0 0.0
0.0 242.0 486.0 2516.0 10001.291877353518
0.0 1244.0 0.0 0.0 0.0
0.0 695.0 271.0 1442.0 5478.154279405777
0.0 111.0 549.0 2869.0 11360.125830683179
0.0 109.0 556.0 2821.0 11381.471227807067
0.0 1244.0 0.0 0.0 0.0
0.0 1244.0 0.0 0.0 0.0
0.0 216.0 502.0 2583.0 10304.733847457406
0.0 535.0 342.0 1793.0 7172.5898812405785
0.0 1243.0 1.0 0.0 6.899616541335519
0.0 302.0 449.0 2448.0 9505.417119606358
0.0 1243.0 1.0 0.0 6.899616541335519
0.0 1244.0 0.0 0.0 0.0
0.0 239.0 481.0 2587.0 10031.400728806191
0.0 1244.0 0.0 0.0 0.0
0.0 1244.0 0.0 0.0 0.0
0.0 1243.0 1.0 0.0 6.899616541335519
0.0 590.0 334.0 1586.0 6515.421730867704
0.0 564.0 334.0 1701.0 6882.042805640844
0.0 113.0 554.0 2832.0 11336.031622772574
0.0 234.0 480.0 2603.0 10060.169793449428
0.0 1244.0 0.0 0.0 0.0
0.0 1244.0 0.0 0.0 0.0
0.0 1244.0 0.0 0.0 0.0
0.0 89.0 564.0 2887.0 11568.092408945035
0.0 1244.0 0.0 0.0 0.0
0.0 769.0 221.0 1217.0 4781.986836595968
0.0 1244.0 0.0 0.0 0.0
0.0 1064.0 86.0 502.0 1846.0261266438881
0.0 253.0 487.0 2498.0 9925.88818329245
0.0 814.0 194.0 1148.0 4318.356071700916
0.0 1244.0 0.0 0.0 0.0
0.0 1244.0 0.0 0.0 0.0
0.0 1244.0 0.0 0.0 0.0
0.0 1244.0 0.0 0.0 0.0
0.0 231.0 484.0 2596.0 10114.30140645096
0.0 501.0 367.0 1866.0 7470.622822929898
0.0 1244.0 0.0 0.0 0.0
0.0 256.0 487.0 2480.0 9867.780617761202
0.0 1244.0 0.0 0.0 0.0
0.0 1244.0 0.0 0.0 0.0
0.0 1244.0 0.0 0.0 0.0
0.0 1244.0 0.0 0.0 0.0
0.0 1243.0 1.0 0.0 6.899616541335519
0.0 1244.0 0.0 0.0 0.0
0.0 1244.0 0.0 0.0 0.0
0.0 1243.0 1.0 0.0 6.899616541335519
0.0 1244.0 0.0 0.0 0.0
0.0 1243.0 1.0 0.0 6.899616541335519
0.0 813.0 206.0 1122.0 4250.084491371499
0.0 1244.0 0.0 0.0 0.0
0.0 1244.0 0.0 0.0 0.0
0.0 1244.0 0.0 0.0 0.0
0.0 1244.0 0.0 0.0 0.0
0.0 1244.0 0.0 0.0 0.0
0.0 628.0 293.0 1578.0 6119.296994013566
0.0 541.0 342.0 1798.0 7085.038307100567
0.0 1244.0 0.0 0.0 0.0
0.0 661.0 278.0 1551.0 5866.272113893566
0.0 714.0 251.0 1411.0 5292.544797915946
0.0 1044.0 95.0 558.0 2036.9217007238078
0.0 661.0 295.0 1436.0 5795.794735135125
0.0 1244.0 0.0 0.0 0.0
0.0 1244.0 0.0 0.0 0.0
0.0 692.0 277.0 1415.0 5528.727317771968
0.0 673.0 277.0 1463.0 5768.998974577925
0.0 248.0 481.0 2516.0 9983.734657818066
0.0 1075.0 76.0 450.0 1707.6977889319594
0.0 108.0 550.0 2883.0 11370.93109599472
0.0 1243.0 1.0 0.0 6.899616541335519
0.0 243.0 482.0 2554.0 10009.01503852737
0.0 773.0 241.0 1140.0 4759.1024335703905
0.0 1244.0 0.0 0.0 0.0
0.0 639.0 282.0 1554.0 6040.091598089271
0.0 212.0 502.0 2621.0 10303.802029354722
0.0 568.0 344.0 1664.0 6770.6596247449015
0.0 1244.0 0.0 0.0 0.0
0.0 1244.0 0.0 0.0 0.0
0.0 985.0 130.0 640.0 2555.0345217037448
0.0 1243.0 1.0 0.0 6.899616541335519
0.0 1244.0 0.0 0.0 0.0
0.0 638.0 292.0 1560.0 6051.413942143441
