0.0 575.0 306.0 1818.0 6699.088929336552
0.0 506.0 369.0 1806.0 7492.985661277859
0.0 627.0 302.0 1560.0 6131.8695009421435
0.0 1183.0 32.0 157.0 622.9915333409095
0.0 690.0 273.0 1353.0 5524.893294737052
0.0 495.0 366.0 1845.0 7504.545484060226
0.0 752.0 252.0 1202.0 4911.103936343098
0.0 88.0 566.0 2878.0 11591.185798220069
0.0 87.0 567.0 2886.0 11591.059199642956
0.0 823.0 197.0 1111.0 4236.125392851134
0.0 662.0 280.0 1498.0 5848.735199816873
0.0 92.0 562.0 2879.0 11527.988653255949
0.0 1067.0 85.0 478.0 1758.2126854048754
0.0 651.0 279.0 1519.0 6019.181829067944
0.0 236.0 490.0 2527.0 10079.785869169325
0.0 633.0 296.0 1529.0 6129.454377848852
0.0 1007.0 114.0 611.0 2388.583096889942
0.0 823.0 210.0 1054.0 4139.3659249968405
0.0 504.0 356.0 1929.0 7423.692155599658
0.0 236.0 490.0 2527.0 10079.785869169325
0.0 862.0 200.0 938.0 3868.3525419757243
0.0 834.0 194.0 1032.0 4163.911122049259
0.0 333.0 437.0 2370.0 9064.862462752424
0.0 539.0 353.0 1765.0 7091.815197957984
0.0 713.0 264.0 1323.0 5390.346125655905
0.0 627.0 302.0 1560.0 6131.8695009421435
0.0 876.0 188.0 944.0 3769.0884564997777
0.0 761.0 228.0 1246.0 4888.773029227797
0.0 100.0 559.0 2847.0 11464.529951888275
0.0 511.0 355.0 1861.0 7366.1146125954865
0.0 601.0 294.0 1770.0 6576.961964170237
0.0 251.0 480.0 2529.0 9952.037353305279
0.0 745.0 236.0 1287.0 5114.453855319225
0.0 233.0 500.0 2505.0 10150.119673912921
0.0 779.0 239.0 1062.0 4614.893145471816
0.0 233.0 483.0 2615.0 10122.112750378556
0.0 834.0 194.0 1032.0 4163.911122049259
0.0 678.0 281.0 1440.0 5643.170775322284
0.0 105.0 558.0 2836.0 11399.593910574347
0.0 234.0 485.0 2578.0 10046.965726397895
0.0 707.0 266.0 1376.0 5381.774166504053
0.0 713.0 264.0 1323.0 5390.346125655905
0.0 577.0 319.0 1710.0 6752.734702445826
0.0 94.0 563.0 2863.0 11512.818629431027
0.0 111.0 557.0 2815.0 11377.693101321567
0.0 113.0 550.0 2848.0 11335.789123159147
0.0 242.0 486.0 2546.0 10026.56685189071
0.0 1007.0 114.0 611.0 2388.583096889942
0.0 517.0 369.0 1761.0 7328.214669861285
0.0 234.0 485.0 2578.0 10046.965726397895
0.0 106.0 551.0 2873.0 11383.721730200743
0.0 750.0 232.0 1317.0 5032.247215333485
0.0 750.0 232.0 1317.0 5032.247215333485
0.0 733.0 255.0 1310.0 5117.297283515234
0.0 612.0 308.0 1574.0 6350.415454984122
0.0 500.0 357.0 1899.0 7558.680169845711
0.0 1007.0 114.0 611.0 2388.583096889942
0.0 298.0 461.0 2437.0 9491.056178067949
0.0 627.0 302.0 1560.0 6131.8695009421435
0.0 116.0 552.0 2824.0 11310.518740188721
0.0 88.0 564.0 2902.0 11590.969495792013
0.0 227.0 492.0 2548.0 10147.141318846237
0.0 707.0 266.0 1376.0 5381.774166504053
0.0 539.0 353.0 1765.0 7091.815197957984
0.0 603.0 305.0 1640.0 6429.72440985101
0.0 539.0 353.0 1765.0 7091.815197957984
0.0 1071.0 82.0 453.0 1740.0355685383915
0.0 618.0 304.0 1585.0 6246.497674193953
0.0 133.0 540.0 2812.0 11131.660808587621
0.0 234.0 485.0 2578.0 10046.965726397895
0.0 537.0 353.0 1744.0 7134.024492055244
0.0 693.0 261.0 1421.0 5604.63377158016
0.0 243.0 485.0 2532.0 10056.45011466204
0.0 586.0 331.0 1624.0 6610.715916763246
0.0 651.0 296.0 1452.0 5924.991720242477
0.0 707.0 266.0 1376.0 5381.774166504053
0.0 509.0 361.0 1882.0 7388.519222414216
0.0 640.0 288.0 1570.0 5960.153641437268
0.0 707.0 255.0 1480.0 5443.677088182396
0.0 231.0 497.0 2524.0 10147.708761974705
0.0 512.0 346.0 1954.0 7372.355670372757
0.0 476.0 380.0 1957.0 7738.417403304598
0.0 245.0 496.0 2472.0 9977.955664240588
0.0 655.0 293.0 1469.0 5882.059964048073
0.0 569.0 333.0 1682.0 6750.33907529448
0.0 786.0 220.0 1186.0 4641.570806097157
0.0 733.0 255.0 1310.0 5117.297283515234
0.0 834.0 194.0 1032.0 4163.911122049259
0.0 1007.0 114.0 611.0 2388.583096889942
0.0 243.0 488.0 2504.0 10033.620786170452
0.0 733.0 237.0 1379.0 5219.3851984698895
0.0 88.0 565.0 2903.0 11575.099329304681
0.0 745.0 236.0 1287.0 5114.453855319225
0.0 89.0 562.0 2912.0 11577.595281484828
0.0 734.0 239.0 1366.0 5135.858296108881
0.0 1007.0 114.0 611.0 2388.583096889942
0.0 564.0 322.0 1778.0 6865.46407466023
0.0 786.0 213.0 1221.0 4640.413807322651
0.0 985.0 129.0 652.0 2676.3929877539135
0.0 678.0 281.0 1440.0 5643.170775322284
0.0 89.0 564.0 2886.0 11578.113180382785
0.0 707.0 255.0 1480.0 5443.677088182396
0.0 468.0 394.0 1916.0 7805.765642662919
0.0 915.0 165.0 798.0 3321.4072226015483
0.0 786.0 220.0 1186.0 4641.570806097157
0.0 240.0 488.0 2545.0 10064.262156234718
0.0 1041.0 99.0 546.0 2055.9273921235817
0.0 577.0 319.0 1710.0 6752.734702445826
0.0 557.0 328.0 1833.0 6824.577596020277
0.0 944.0 149.0 737.0 3020.245994827748
0.0 252.0 481.0 2512.0 9976.502813617251
0.0 708.0 266.0 1320.0 5282.986927000284
0.0 772.0 227.0 1264.0 4760.484357016991
0.0 712.0 271.0 1268.0 5315.787896650282
0.0 227.0 492.0 2548.0 10147.141318846237
0.0 673.0 277.0 1478.0 5690.056119526595
0.0 1007.0 114.0 611.0 2388.583096889942
0.0 596.0 309.0 1658.0 6603.8511807848345
0.0 245.0 496.0 2472.0 9977.955664240588
0.0 704.0 261.0 1425.0 5480.847320622641
0.0 643.0 293.0 1522.0 5952.975992079431
0.0 824.0 201.0 1065.0 4271.09070134936
0.0 279.0 473.0 2457.0 9696.353728805128
0.0 684.0 277.0 1398.0 5686.696379549688
0.0 534.0 341.0 1911.0 7076.395208331401
0.0 612.0 308.0 1574.0 6350.415454984122
0.0 585.0 334.0 1567.0 6618.012436673898
0.0 1007.0 114.0 611.0 2388.583096889942
0.0 782.0 222.0 1192.0 4684.8913111477295
0.0 634.0 311.0 1456.0 6094.295916827499
0.0 712.0 271.0 1268.0 5315.787896650282
0.0 233.0 487.0 2566.0 10123.13128654159
0.0 101.0 560.0 2842.0 11456.791935766016
0.0 245.0 486.0 2498.0 9971.272486923615
0.0 817.0 203.0 1137.0 4313.667405784417
0.0 1243.0 1.0 0.0 6.899616541335519
0.0 245.0 496.0 2472.0 9977.955664240588
0.0 1243.0 1.0 0.0 6.899616541335519
0.0 585.0 334.0 1567.0 6618.012436673898
0.0 629.0 313.0 1467.0 6252.909299638438
0.0 1086.0 69.0 448.0 1534.0581244713828
0.0 240.0 494.0 2502.0 10047.356012286049
0.0 676.0 267.0 1461.0 5718.820233165695
0.0 704.0 261.0 1425.0 5480.847320622641
0.0 94.0 558.0 2898.0 11509.578703021865
0.0 236.0 482.0 2612.0 10136.72714668916
0.0 249.0 477.0 2545.0 9931.073659095771
0.0 862.0 200.0 938.0 3868.3525419757243
0.0 835.0 192.0 1069.0 4143.794068324211
0.0 231.0 496.0 2529.0 10126.83824373614
0.0 522.0 349.0 1836.0 7308.202300517354
0.0 243.0 486.0 2545.0 9995.91969864701
0.0 770.0 235.0 1161.0 4764.102487371273
0.0 915.0 165.0 798.0 3321.4072226015483
0.0 1243.0 1.0 0.0 6.899616541335519
0.0 1243.0 1.0 0.0 6.899616541335519
0.0 235.0 493.0 2496.0 10064.140362904545
0.0 834.0 194.0 1032.0 4163.911122049259
0.0 1243.0 1.0 0.0 6.899616541335519
0.0 1243.0 1.0 0.0 6.899616541335519
0.0 823.0 210.0 1054.0 4139.3659249968405
0.0 234.0 485.0 2578.0 10046.965726397895
0.0 1243.0 1.0 0.0 6.899616541335519
0.0 230.0 495.0 2539.0 10114.572406425623
0.0 1054.0 91.0 476.0 1913.036024262065
0.0 1243.0 1.0 0.0 6.899616541335519
0.0 1067.0 85.0 478.0 1758.2126854048754
0.0 839.0 196.0 999.0 4173.4694929410325
0.0 1243.0 1.0 0.0 6.899616541335519
0.0 231.0 497.0 2524.0 10147.708761974705
0.0 978.0 136.0 655.0 2645.859996020134
0.0 577.0 319.0 1710.0 6752.734702445826
0.0 737.0 250.0 1281.0 5094.47377217396
0.0 678.0 281.0 1440.0 5643.170775322284
0.0 707.0 266.0 1376.0 5381.774166504053
0.0 545.0 361.0 1712.0 7022.936070056453
0.0 734.0 247.0 1325.0 5066.418652022254
0.0 586.0 331.0 1624.0 6610.715916763246
0.0 1243.0 1.0 0.0 6.899616541335519
0.0 583.0 337.0 1608.0 6612.601968057064
0.0 499.0 362.0 1915.0 7547.829827212231
0.0 888.0 178.0 918.0 3600.6700859319108
0.0 569.0 333.0 1682.0 6750.33907529448
0.0 495.0 366.0 1845.0 7504.545484060226
0.0 238.0 484.0 2569.0 10071.663803325075
0.0 88.0 564.0 2902.0 11590.969495792013
0.0 236.0 490.0 2527.0 10079.785869169325
0.0 786.0 213.0 1221.0 4640.413807322651
0.0 509.0 361.0 1882.0 7388.519222414216
0.0 518.0 352.0 1905.0 7287.037123254433
0.0 1243.0 1.0 0.0 6.899616541335519
0.0 529.0 356.0 1768.0 7173.934670374784
0.0 810.0 204.0 1154.0 4376.272731198718
0.0 106.0 551.0 2873.0 11383.721730200743
0.0 468.0 394.0 1916.0 7805.765642662919
0.0 750.0 232.0 1317.0 5032.247215333485
0.0 118.0 551.0 2830.0 11297.548114321144
0.0 596.0 309.0 1658.0 6603.8511807848345
0.0 1007.0 114.0 611.0 2388.583096889942
0.0 782.0 222.0 1192.0 4684.8913111477295
0.0 693.0 261.0 1421.0 5604.63377158016
0.0 1243.0 1.0 0.0 6.899616541335519
0.0 1243.0 1.0 0.0 6.899616541335519
0.0 512.0 346.0 1954.0 7372.355670372757
0.0 882.0 172.0 919.0 3650.6618224998087
0.0 560.0 326.0 1738.0 6866.600139895596
0.0 1243.0 1.0 0.0 6.899616541335519
0.0 733.0 237.0 1379.0 5219.3851984698895
0.0 779.0 239.0 1062.0 4614.893145471816
0.0 786.0 220.0 1186.0 4641.570806097157
0.0 254.0 477.0 2536.0 9927.412203492571
0.0 725.0 255.0 1318.0 5216.746343075025
0.0 1243.0 1.0 0.0 6.899616541335519
0.0 713.0 264.0 1323.0 5390.346125655905
0.0 707.0 255.0 1480.0 5443.677088182396
0.0 1244.0 0.0 0.0 0.0
0.0 1041.0 99.0 546.0 2055.9273921235817
0.0 1244.0 0.0 0.0 0.0
0.0 243.0 482.0 2572.0 10042.613672417721
0.0 1244.0 0.0 0.0 0.0
0.0 1243.0 1.0 0.0 6.899616541335519
0.0 623.0 310.0 1510.0 6274.746369025015
0.0 612.0 308.0 1574.0 6350.415454984122
0.0 761.0 228.0 1246.0 4888.773029227797
0.0 1227.0 8.0 62.0 174.97818467565324
0.0 798.0 220.0 1138.0 4486.124376838341
0.0 1243.0 1.0 0.0 6.899616541335519
0.0 1244.0 0.0 0.0 0.0
0.0 1243.0 1.0 0.0 6.899616541335519
0.0 88.0 565.0 2903.0 11575.099329304681
0.0 239.0 487.0 2560.0 10034.487527631705
0.0 792.0 227.0 1095.0 4524.772603802875
0.0 112.0 551.0 2832.0 11346.366613733064
0.0 1244.0 0.0 0.0 0.0
0.0 1244.0 0.0 0.0 0.0
0.0 1244.0 0.0 0.0 0.0
0.0 1244.0 0.0 0.0 0.0
0.0 531.0 359.0 1737.0 7153.786857489766
0.0 690.0 273.0 1353.0 5524.893294737052
0.0 1243.0 1.0 0.0 6.899616541335519
0.0 734.0 239.0 1366.0 5135.858296108881
0.0 1244.0 0.0 0.0 0.0
0.0 534.0 341.0 1911.0 7076.395208331401
0.0 648.0 283.0 1559.0 5944.938607566747
0.0 1244.0 0.0 0.0 0.0
0.0 1244.0 0.0 0.0 0.0
0.0 1244.0 0.0 0.0 0.0
0.0 1244.0 0.0 0.0 0.0
0.0 215.0 499.0 2603.0 10314.170282489455
0.0 619.0 296.0 1619.0 6358.134789424089
0.0 1244.0 0.0 0.0 0.0
0.0 532.0 345.0 1860.0 7128.444376206007
0.0 1244.0 0.0 0.0 0.0
0.0 1244.0 0.0 0.0 0.0
0.0 1244.0 0.0 0.0 0.0
0.0 233.0 500.0 2505.0 10150.119673912921
0.0 1243.0 1.0 0.0 6.899616541335519
0.0 113.0 550.0 2848.0 11335.789123159147
0.0 745.0 236.0 1287.0 5114.453855319225
0.0 1243.0 1.0 0.0 6.899616541335519
0.0 233.0 483.0 2615.0 10122.112750378556
0.0 1244.0 0.0 0.0 0.0
0.0 1244.0 0.0 0.0 0.0
0.0 243.0 491.0 2471.0 9985.932754750844
0.0 1244.0 0.0 0.0 0.0
0.0 627.0 302.0 1560.0 6131.8695009421435
0.0 1244.0 0.0 0.0 0.0
0.0 1244.0 0.0 0.0 0.0
0.0 1244.0 0.0 0.0 0.0
0.0 824.0 201.0 1065.0 4271.09070134936
0.0 733.0 255.0 1310.0 5117.297283515234
0.0 243.0 488.0 2504.0 10033.620786170452
0.0 1243.0 1.0 0.0 6.899616541335519
0.0 1244.0 0.0 0.0 0.0
0.0 1244.0 0.0 0.0 0.0
0.0 227.0 492.0 2548.0 10147.141318846237
0.0 1244.0 0.0 0.0 0.0
0.0 1244.0 0.0 0.0 0.0
0.0 1244.0 0.0 0.0 0.0
0.0 662.0 280.0 1498.0 5848.735199816873
0.0 1244.0 0.0 0.0 0.0
0.0 493.0 371.0 1865.0 7527.901810922913
0.0 1243.0 1.0 0.0 6.899616541335519
0.0 1244.0 0.0 0.0 0.0
0.0 1244.0 0.0 0.0 0.0
0.0 118.0 551.0 2831.0 11285.707388922367
0.0 658.0 275.0 1514.0 5884.999922769108
0.0 256.0 468.0 2560.0 9835.210023732265
0.0 1243.0 1.0 0.0 6.899616541335519
0.0 877.0 181.0 909.0 3671.717366332975
0.0 1244.0 0.0 0.0 0.0
0.0 1244.0 0.0 0.0 0.0
0.0 1244.0 0.0 0.0 0.0
