0.0 663.0 292.0 1435.0 5841.705468105695
0.0 774.0 233.0 1175.0 4664.930673984533
0.0 114.0 554.0 2825.0 11319.301396860004
0.0 755.0 242.0 1311.0 4926.133778080319
0.0 712.0 254.0 1378.0 5352.952686894162
0.0 514.0 358.0 1878.0 7346.044467311436
0.0 1041.0 96.0 567.0 2063.5259266064254
0.0 542.0 348.0 1750.0 7157.856886671502
0.0 651.0 296.0 1480.0 5916.041970589468
0.0 798.0 207.0 1255.0 4483.663269636541
0.0 92.0 565.0 2871.0 11530.388252696517
0.0 1041.0 96.0 567.0 2063.5259266064254
0.0 235.0 479.0 2569.0 10095.263256986584
0.0 240.0 490.0 2506.0 10056.96867847988
0.0 238.0 485.0 2542.0 10065.272263275958
0.0 260.0 474.0 2524.0 9873.776732077193
0.0 521.0 335.0 1931.0 7296.921490449055
0.0 577.0 321.0 1697.0 6702.595113074283
0.0 1094.0 77.0 343.0 1527.44524516559
0.0 615.0 310.0 1525.0 6332.561641875115
0.0 502.0 359.0 1896.0 7452.521727487186
0.0 688.0 284.0 1362.0 5594.138155518637
0.0 557.0 328.0 1760.0 6947.153569058021
0.0 688.0 277.0 1406.0 5667.089729942765
0.0 699.0 274.0 1306.0 5516.787920196914
0.0 889.0 175.0 912.0 3539.052152429554
0.0 519.0 349.0 1863.0 7305.445985661579
0.0 477.0 372.0 1965.0 7735.01753870051
0.0 682.0 275.0 1458.0 5659.748639218254
0.0 118.0 549.0 2806.0 11281.439999111584
0.0 521.0 363.0 1804.0 7286.513286831262
0.0 253.0 482.0 2486.0 9933.740495934771
0.0 535.0 332.0 1879.0 7083.608229312362
0.0 566.0 323.0 1770.0 6897.926047402385
0.0 246.0 487.0 2522.0 9989.866742968183
0.0 609.0 307.0 1631.0 6387.005321326465
0.0 771.0 237.0 1198.0 4775.016705738955
0.0 93.0 561.0 2885.0 11517.000858241257
0.0 1132.0 65.0 253.0 1154.5860711303492
0.0 109.0 552.0 2863.0 11356.48889686794
0.0 642.0 287.0 1570.0 6045.746678809525
0.0 664.0 288.0 1446.0 5812.76516124649
0.0 771.0 234.0 1153.0 4913.83008979767
0.0 730.0 266.0 1186.0 5167.259107119232
0.0 371.0 423.0 2249.0 8777.765625054395
0.0 575.0 339.0 1631.0 6697.528679581459
0.0 566.0 323.0 1770.0 6897.926047402385
0.0 1115.0 59.0 323.0 1231.8255555627907
0.0 710.0 277.0 1277.0 5431.932324070996
0.0 559.0 342.0 1674.0 6848.285902191492
0.0 254.0 466.0 2563.0 9914.514549408394
0.0 632.0 311.0 1433.0 6178.923492197408
0.0 283.0 467.0 2462.0 9585.941587357898
0.0 240.0 491.0 2511.0 9982.965383745506
0.0 768.0 238.0 1198.0 4784.461917075469
0.0 111.0 552.0 2837.0 11350.055275095816
0.0 746.0 256.0 1209.0 4995.9141882292515
0.0 538.0 338.0 1810.0 7088.508460077343
0.0 248.0 487.0 2489.0 9882.473627211039
0.0 521.0 335.0 1931.0 7296.921490449055
0.0 260.0 474.0 2524.0 9873.776732077193
0.0 1244.0 0.0 0.0 0.0
0.0 798.0 207.0 1255.0 4483.663269636541
0.0 107.0 558.0 2831.0 11401.750926440447
0.0 637.0 289.0 1585.0 6028.650192849753
0.0 253.0 482.0 2486.0 9933.740495934771
0.0 823.0 192.0 1210.0 4284.931523071863
0.0 562.0 333.0 1737.0 6840.689283690895
0.0 634.0 292.0 1531.0 6198.350461333759
0.0 524.0 344.0 1885.0 7266.949982184874
0.0 670.0 271.0 1518.0 5683.537994529762
0.0 1244.0 0.0 0.0 0.0
0.0 1244.0 0.0 0.0 0.0
0.0 106.0 550.0 2897.0 11402.188861278471
0.0 222.0 490.0 2584.0 10221.768976149637
0.0 121.0 545.0 2845.0 11223.371585995461
0.0 510.0 358.0 1836.0 7387.0950724331415
0.0 583.0 325.0 1632.0 6689.635640113902
0.0 830.0 206.0 1025.0 4129.919225717818
0.0 1244.0 0.0 0.0 0.0
0.0 1244.0 0.0 0.0 0.0
0.0 771.0 234.0 1153.0 4913.83008979767
0.0 613.0 312.0 1598.0 6249.611972614647
0.0 731.0 240.0 1340.0 5249.062419639837
0.0 633.0 302.0 1525.0 6120.395063636243
0.0 254.0 466.0 2563.0 9914.514549408394
0.0 765.0 220.0 1323.0 4842.8798591479945
0.0 659.0 277.0 1544.0 5828.089628878312
0.0 1047.0 94.0 509.0 2016.806639701842
0.0 778.0 218.0 1190.0 4636.8149502140195
0.0 1244.0 0.0 0.0 0.0
0.0 1244.0 0.0 0.0 0.0
0.0 738.0 252.0 1276.0 5065.499060590684
0.0 1244.0 0.0 0.0 0.0
0.0 635.0 312.0 1471.0 6121.017328776071
0.0 720.0 256.0 1347.0 5302.6906828306655
0.0 1244.0 0.0 0.0 0.0
0.0 425.0 389.0 2144.0 8273.780511935358
0.0 1244.0 0.0 0.0 0.0
0.0 823.0 207.0 1021.0 4237.6311177478765
0.0 1244.0 0.0 0.0 0.0
0.0 1244.0 0.0 0.0 0.0
0.0 1244.0 0.0 0.0 0.0
0.0 730.0 266.0 1186.0 5167.259107119232
0.0 1244.0 0.0 0.0 0.0
0.0 645.0 297.0 1496.0 5991.517033248493
0.0 716.0 253.0 1380.0 5276.2226717076965
0.0 659.0 285.0 1487.0 5794.749698259704
0.0 1041.0 96.0 567.0 2063.5259266064254
0.0 725.0 258.0 1332.0 5238.315241365802
0.0 1244.0 0.0 0.0 0.0
0.0 1244.0 0.0 0.0 0.0
0.0 121.0 545.0 2845.0 11223.371585995461
0.0 1244.0 0.0 0.0 0.0
0.0 1032.0 105.0 525.0 2171.6459054419192
0.0 1244.0 0.0 0.0 0.0
0.0 87.0 568.0 2896.0 11601.26744464472
0.0 771.0 234.0 1153.0 4913.83008979767
0.0 635.0 322.0 1462.0 6110.486647418642
0.0 1035.0 99.0 574.0 2122.7615772027934
0.0 606.0 302.0 1659.0 6412.922960805665
0.0 534.0 345.0 1812.0 7151.241688800735
0.0 824.0 209.0 1021.0 4171.139395979056
0.0 215.0 500.0 2613.0 10296.065301841083
0.0 537.0 338.0 1775.0 7129.479892349783
0.0 1244.0 0.0 0.0 0.0
0.0 1244.0 0.0 0.0 0.0
0.0 773.0 228.0 1202.0 4712.012930039288
0.0 1244.0 0.0 0.0 0.0
0.0 705.0 266.0 1400.0 5372.705366544832
0.0 1244.0 0.0 0.0 0.0
0.0 682.0 275.0 1458.0 5659.748639218254
0.0 740.0 242.0 1357.0 5093.007396056447
0.0 240.0 487.0 2529.0 10045.796612506188
0.0 758.0 240.0 1209.0 4986.2916064024
0.0 97.0 561.0 2857.0 11503.935963110116
0.0 1244.0 0.0 0.0 0.0
0.0 659.0 285.0 1487.0 5794.749698259704
0.0 517.0 354.0 1892.0 7348.694653318773
0.0 238.0 498.0 2509.0 10080.522643813694
0.0 1006.0 111.0 684.0 2439.096410458822
0.0 257.0 478.0 2531.0 9881.648688927093
0.0 1244.0 0.0 0.0 0.0
0.0 1244.0 0.0 0.0 0.0
0.0 569.0 343.0 1658.0 6801.075158918561
0.0 542.0 348.0 1750.0 7157.856886671502
0.0 697.0 245.0 1510.0 5465.856056139117
0.0 798.0 207.0 1255.0 4483.663269636541
0.0 1244.0 0.0 0.0 0.0
0.0 731.0 240.0 1340.0 5249.062419639837
0.0 249.0 484.0 2539.0 9941.25650266015
0.0 838.0 192.0 1079.0 4083.7453577133115
0.0 727.0 255.0 1323.0 5153.790354222747
0.0 257.0 491.0 2474.0 9892.255730037898
0.0 1244.0 0.0 0.0 0.0
0.0 1244.0 0.0 0.0 0.0
0.0 253.0 482.0 2486.0 9933.740495934771
0.0 245.0 481.0 2544.0 9953.975517616129
0.0 760.0 226.0 1255.0 4826.704737207065
0.0 730.0 266.0 1186.0 5167.259107119232
0.0 88.0 562.0 2930.0 11586.856399963352
0.0 566.0 323.0 1770.0 6897.926047402385
0.0 688.0 277.0 1406.0 5667.089729942765
0.0 254.0 466.0 2563.0 9914.514549408394
0.0 705.0 266.0 1400.0 5372.705366544832
0.0 534.0 345.0 1812.0 7151.241688800735
0.0 1243.0 1.0 0.0 6.899616541335519
0.0 245.0 482.0 2537.0 10002.259993887847
0.0 990.0 120.0 696.0 2596.626497532715
0.0 701.0 263.0 1374.0 5466.994695288021
0.0 801.0 205.0 1188.0 4435.969617494649
0.0 1243.0 1.0 0.0 6.899616541335519
0.0 498.0 383.0 1800.0 7573.827097515045
0.0 775.0 242.0 1150.0 4642.602594815152
0.0 245.0 481.0 2544.0 9953.975517616129
0.0 1243.0 1.0 0.0 6.899616541335519
0.0 1243.0 1.0 0.0 6.899616541335519
0.0 1243.0 1.0 0.0 6.899616541335519
0.0 1243.0 1.0 0.0 6.899616541335519
0.0 651.0 296.0 1480.0 5916.041970589468
0.0 659.0 277.0 1544.0 5828.089628878312
0.0 730.0 266.0 1186.0 5167.259107119232
0.0 583.0 325.0 1664.0 6652.414470590152
0.0 682.0 275.0 1458.0 5659.748639218254
0.0 257.0 491.0 2474.0 9892.255730037898
0.0 542.0 348.0 1750.0 7157.856886671502
0.0 600.0 308.0 1654.0 6478.980147847482
0.0 661.0 285.0 1462.0 5890.51781321894
0.0 769.0 233.0 1226.0 4802.395885560628
0.0 495.0 360.0 1958.0 7520.012837428258
0.0 240.0 487.0 2529.0 10045.796612506188
0.0 210.0 502.0 2612.0 10362.343726993118
0.0 670.0 271.0 1518.0 5683.537994529762
0.0 1035.0 99.0 574.0 2122.7615772027934
0.0 781.0 234.0 1162.0 4662.529856663891
0.0 697.0 245.0 1510.0 5465.856056139117
0.0 1188.0 30.0 127.0 545.4883190122722
0.0 260.0 474.0 2524.0 9873.776732077193
0.0 659.0 285.0 1487.0 5794.749698259704
0.0 575.0 339.0 1631.0 6697.528679581459
0.0 823.0 192.0 1210.0 4284.931523071863
0.0 633.0 302.0 1525.0 6120.395063636243
0.0 90.0 567.0 2869.0 11578.88098754974
0.0 1021.0 103.0 592.0 2288.7156416580497
0.0 247.0 481.0 2542.0 9940.537871733319
0.0 535.0 332.0 1879.0 7083.608229312362
0.0 1132.0 65.0 253.0 1154.5860711303492
0.0 1243.0 1.0 0.0 6.899616541335519
0.0 425.0 389.0 2144.0 8273.780511935358
0.0 1243.0 1.0 0.0 6.899616541335519
0.0 254.0 480.0 2507.0 9917.155677340963
0.0 521.0 363.0 1804.0 7286.513286831262
0.0 246.0 487.0 2522.0 9989.866742968183
0.0 106.0 559.0 2829.0 11428.916350745658
0.0 1243.0 1.0 0.0 6.899616541335519
0.0 738.0 229.0 1385.0 5112.176759640504
0.0 699.0 274.0 1306.0 5516.787920196914
0.0 480.0 365.0 1997.0 7673.703739782643
0.0 823.0 207.0 1021.0 4237.6311177478765
0.0 743.0 230.0 1323.0 5096.933299270011
0.0 252.0 477.0 2548.0 9920.91763525329
0.0 255.0 484.0 2497.0 9910.559902620696
0.0 230.0 483.0 2612.0 10129.683567179067
0.0 244.0 483.0 2552.0 9988.499258132235
0.0 102.0 558.0 2847.0 11466.633863928164
0.0 1243.0 1.0 0.0 6.899616541335519
0.0 1243.0 1.0 0.0 6.899616541335519
0.0 220.0 499.0 2579.0 10230.610506098239
0.0 1243.0 1.0 0.0 6.899616541335519
0.0 972.0 131.0 715.0 2734.7828400290505
0.0 114.0 555.0 2824.0 11345.872682528076
0.0 235.0 479.0 2569.0 10095.263256986584
0.0 1243.0 1.0 0.0 6.899616541335519
0.0 521.0 335.0 1931.0 7296.921490449055
0.0 658.0 289.0 1460.0 5930.47219776444
0.0 830.0 206.0 1025.0 4129.919225717818
0.0 615.0 310.0 1525.0 6332.561641875115
0.0 91.0 563.0 2882.0 11553.193558747327
0.0 765.0 220.0 1323.0 4842.8798591479945
0.0 1243.0 1.0 0.0 6.899616541335519
0.0 731.0 240.0 1340.0 5249.062419639837
0.0 1243.0 1.0 0.0 6.899616541335519
0.0 771.0 234.0 1153.0 4913.83008979767
0.0 238.0 498.0 2509.0 10080.522643813694
0.0 1243.0 1.0 0.0 6.899616541335519
0.0 215.0 500.0 2613.0 10296.065301841083
0.0 600.0 314.0 1641.0 6449.2756334945925
0.0 736.0 247.0 1275.0 5123.796575812247
0.0 782.0 232.0 1171.0 4699.99415303458
0.0 1041.0 96.0 567.0 2063.5259266064254
0.0 242.0 483.0 2528.0 10049.12693960355
0.0 824.0 209.0 1021.0 4171.139395979056
0.0 638.0 287.0 1540.0 6140.538365785411
0.0 90.0 566.0 2873.0 11573.30499282526
0.0 89.0 562.0 2909.0 11578.590481688107
0.0 90.0 565.0 2883.0 11555.462485408461
0.0 1243.0 1.0 0.0 6.899616541335519
0.0 637.0 289.0 1585.0 6028.650192849753
0.0 1243.0 1.0 0.0 6.899616541335519
0.0 371.0 423.0 2249.0 8777.765625054395
0.0 1243.0 1.0 0.0 6.899616541335519
0.0 225.0 491.0 2577.0 10191.501140220604
0.0 798.0 207.0 1255.0 4483.663269636541
0.0 696.0 274.0 1364.0 5474.417704828714
0.0 253.0 482.0 2486.0 9933.740495934771
0.0 88.0 563.0 2902.0 11575.566660469141
0.0 1243.0 1.0 0.0 6.899616541335519
0.0 258.0 480.0 2508.0 9872.607439090873
0.0 502.0 359.0 1896.0 7452.521727487186
0.0 604.0 316.0 1625.0 6400.316796372852
0.0 490.0 378.0 1876.0 7598.627340099863
0.0 1243.0 1.0 0.0 6.899616541335519
0.0 1243.0 1.0 0.0 6.899616541335519
0.0 1243.0 1.0 0.0 6.899616541335519
0.0 758.0 240.0 1209.0 4986.2916064024
0.0 88.0 566.0 2893.0 11571.415173984693
0.0 845.0 200.0 1016.0 4005.252934451529
0.0 1243.0 1.0 0.0 6.899616541335519
0.0 243.0 477.0 2551.0 10024.136462705175
0.0 768.0 238.0 1198.0 4784.461917075469
0.0 1244.0 0.0 0.0 0.0
0.0 1244.0 0.0 0.0 0.0
0.0 1115.0 59.0 323.0 1231.8255555627907
0.0 1244.0 0.0 0.0 0.0
0.0 1244.0 0.0 0.0 0.0
0.0 1243.0 1.0 0.0 6.899616541335519
0.0 1244.0 0.0 0.0 0.0
0.0 518.0 356.0 1840.0 7313.071704780237
0.0 477.0 372.0 1965.0 7735.01753870051
0.0 1094.0 77.0 343.0 1527.44524516559
0.0 1244.0 0.0 0.0 0.0
0.0 121.0 545.0 2845.0 11223.371585995461
0.0 238.0 485.0 2542.0 10065.272263275958
