0.0 1158.0 35.0 250.0 828.6524795461467
0.0 237.0 487.0 2509.0 10075.208950710175
0.0 700.0 268.0 1340.0 5500.962369156635
0.0 89.0 564.0 2892.0 11571.041395782964
0.0 688.0 283.0 1387.0 5603.381503663809
0.0 673.0 281.0 1401.0 5753.956782441339
0.0 704.0 260.0 1444.0 5469.093525961885
0.0 113.0 554.0 2827.0 11326.336013138285
0.0 501.0 361.0 1912.0 7450.47062050029
0.0 501.0 356.0 1919.0 7491.4070888518045
0.0 387.0 419.0 2203.0 8639.701644570929
0.0 435.0 379.0 2158.0 8202.620354736344
0.0 109.0 553.0 2841.0 11358.875133848427
0.0 811.0 217.0 1047.0 4258.2908361120235
0.0 917.0 169.0 786.0 3270.8310846341337
0.0 1127.0 65.0 238.0 1158.2542716102041
0.0 470.0 385.0 1906.0 7746.099397097367
0.0 517.0 362.0 1770.0 7264.044695390059
0.0 235.0 493.0 2515.0 10148.7407031881
0.0 713.0 257.0 1342.0 5384.411153899678
0.0 698.0 279.0 1300.0 5421.366963997095
0.0 847.0 193.0 1009.0 4029.107914384055
0.0 573.0 332.0 1690.0 6689.833285879053
0.0 773.0 239.0 1164.0 4826.679537662746
0.0 845.0 204.0 910.0 4056.5909716917727
0.0 710.0 250.0 1428.0 5426.2971557561505
0.0 255.0 474.0 2602.0 9870.421075782266
0.0 703.0 269.0 1362.0 5458.888120473034
0.0 281.0 464.0 2486.0 9642.490281078157
0.0 467.0 381.0 2028.0 7779.873042696024
0.0 730.0 239.0 1354.0 5179.534871945511
0.0 87.0 565.0 2905.0 11594.013454551154
0.0 742.0 254.0 1258.0 4960.521856513647
0.0 523.0 367.0 1766.0 7270.987302365226
0.0 501.0 356.0 1919.0 7491.4070888518045
0.0 622.0 318.0 1509.0 6267.592703484406
0.0 666.0 277.0 1472.0 5749.177766701412
0.0 811.0 217.0 1047.0 4258.2908361120235
0.0 122.0 544.0 2830.0 11254.589568225776
0.0 793.0 218.0 1176.0 4481.8835908864885
0.0 1243.0 1.0 0.0 6.899616541335519
0.0 587.0 326.0 1649.0 6604.042896968345
0.0 748.0 243.0 1231.0 4970.272726075075
0.0 406.0 403.0 2185.0 8427.82709491781
0.0 798.0 215.0 1160.0 4400.262505081224
0.0 673.0 286.0 1385.0 5749.140214789253
0.0 544.0 351.0 1703.0 7057.876361840371
0.0 999.0 111.0 707.0 2521.7655616203483
0.0 1014.0 115.0 597.0 2341.548483840857
0.0 250.0 478.0 2553.0 9972.960471631905
0.0 673.0 281.0 1401.0 5753.956782441339
0.0 672.0 286.0 1405.0 5739.016217893601
0.0 727.0 228.0 1467.0 5235.648133277109
0.0 250.0 478.0 2553.0 9972.960471631905
0.0 999.0 111.0 707.0 2521.7655616203483
0.0 710.0 250.0 1428.0 5426.2971557561505
0.0 244.0 478.0 2557.0 10028.968074492703
0.0 213.0 506.0 2569.0 10321.946315441715
0.0 243.0 483.0 2532.0 10008.73713323533
0.0 807.0 221.0 1086.0 4304.484746546608
0.0 99.0 557.0 2865.0 11467.87706004666
0.0 89.0 566.0 2877.0 11590.081700268482
0.0 243.0 485.0 2538.0 9963.112570428975
0.0 366.0 420.0 2283.0 8850.458718751952
0.0 917.0 169.0 786.0 3270.8310846341337
0.0 863.0 177.0 970.0 3891.130222955262
0.0 578.0 332.0 1605.0 6637.822833959479
0.0 95.0 559.0 2890.0 11500.440175965847
0.0 287.0 462.0 2448.0 9577.17411881824
0.0 121.0 544.0 2846.0 11276.978331720053
0.0 519.0 334.0 1928.0 7292.401628906581
0.0 257.0 479.0 2498.0 9925.779302757359
0.0 485.0 367.0 1891.0 7627.868133943247
0.0 710.0 250.0 1428.0 5426.2971557561505
0.0 845.0 192.0 1068.0 4039.7891883636307
0.0 883.0 171.0 950.0 3672.2554272173265
0.0 718.0 260.0 1360.0 5306.427351760966
0.0 660.0 272.0 1546.0 5890.208886423345
0.0 1053.0 88.0 537.0 1885.4063149830286
0.0 540.0 345.0 1780.0 7053.732789726715
0.0 588.0 321.0 1614.0 6629.534390395795
0.0 917.0 169.0 786.0 3270.8310846341337
0.0 538.0 354.0 1727.0 7092.0533750063605
0.0 823.0 215.0 989.0 4279.790849331748
0.0 1030.0 106.0 575.0 2179.0456462350267
0.0 847.0 193.0 1009.0 4029.107914384055
0.0 255.0 474.0 2602.0 9870.421075782266
0.0 684.0 261.0 1488.0 5644.787333494974
0.0 155.0 534.0 2736.0 10909.460157246238
0.0 713.0 283.0 1243.0 5247.75289858467
0.0 248.0 487.0 2504.0 9981.077361652246
0.0 625.0 304.0 1568.0 6219.944430613939
0.0 1153.0 43.0 236.0 919.0922543203342
0.0 684.0 261.0 1488.0 5644.787333494974
0.0 560.0 338.0 1722.0 6850.037106702675
0.0 406.0 403.0 2185.0 8427.82709491781
0.0 255.0 474.0 2602.0 9870.421075782266
0.0 811.0 217.0 1047.0 4258.2908361120235
0.0 266.0 475.0 2482.0 9795.029670417414
0.0 87.0 564.0 2897.0 11596.69581984429
0.0 255.0 474.0 2602.0 9870.421075782266
0.0 623.0 299.0 1542.0 6259.651814988168
0.0 1061.0 93.0 452.0 1849.6214108451302
0.0 244.0 484.0 2520.0 9982.561520234538
0.0 733.0 248.0 1319.0 5147.764320313679
0.0 499.0 348.0 1992.0 7551.001230065275
0.0 742.0 254.0 1258.0 4960.521856513647
0.0 793.0 218.0 1176.0 4481.8835908864885
0.0 571.0 331.0 1665.0 6759.26904525659
0.0 807.0 221.0 1086.0 4304.484746546608
0.0 730.0 239.0 1354.0 5179.534871945511
0.0 650.0 296.0 1441.0 5994.379559173563
0.0 1060.0 89.0 453.0 1886.9919509996614
0.0 296.0 453.0 2469.0 9573.166919673453
0.0 632.0 304.0 1543.0 6127.691556105986
0.0 318.0 444.0 2392.0 9345.060024348919
0.0 114.0 551.0 2822.0 11322.159794796746
0.0 673.0 259.0 1523.0 5755.341192131472
0.0 501.0 361.0 1912.0 7450.47062050029
0.0 690.0 274.0 1408.0 5566.105466083403
0.0 639.0 299.0 1492.0 6073.646985364838
0.0 546.0 345.0 1741.0 6961.5020681618
0.0 115.0 549.0 2844.0 11316.390813677064
0.0 526.0 360.0 1811.0 7172.974521120641
0.0 1243.0 1.0 0.0 6.899616541335519
0.0 779.0 235.0 1167.0 4740.232106388907
0.0 657.0 286.0 1454.0 5833.814187731113
0.0 1060.0 89.0 453.0 1886.9919509996614
0.0 248.0 487.0 2504.0 9981.077361652246
0.0 1071.0 83.0 460.0 1771.3463995575041
0.0 99.0 557.0 2865.0 11467.87706004666
0.0 694.0 256.0 1426.0 5470.8141168314005
0.0 249.0 486.0 2517.0 9924.960338161718
0.0 713.0 257.0 1342.0 5384.411153899678
0.0 748.0 243.0 1231.0 4970.272726075075
0.0 1243.0 1.0 0.0 6.899616541335519
0.0 232.0 480.0 2600.0 10105.651902782538
0.0 546.0 345.0 1741.0 6961.5020681618
0.0 611.0 313.0 1595.0 6283.270683495347
0.0 94.0 562.0 2863.0 11530.827098839136
0.0 98.0 558.0 2870.0 11482.29189899038
0.0 243.0 485.0 2538.0 9963.112570428975
0.0 596.0 312.0 1669.0 6459.956473567585
0.0 917.0 169.0 786.0 3270.8310846341337
0.0 223.0 502.0 2534.0 10165.067047699282
0.0 1243.0 1.0 0.0 6.899616541335519
0.0 501.0 361.0 1912.0 7450.47062050029
0.0 88.0 565.0 2901.0 11578.236841805052
0.0 793.0 218.0 1172.0 4578.637865866894
0.0 1243.0 1.0 0.0 6.899616541335519
0.0 598.0 317.0 1634.0 6541.900688901798
0.0 647.0 278.0 1603.0 6015.538714664234
0.0 1243.0 1.0 0.0 6.899616541335519
0.0 435.0 379.0 2158.0 8202.620354736344
0.0 573.0 312.0 1813.0 6723.667470816574
0.0 811.0 217.0 1047.0 4258.2908361120235
0.0 999.0 111.0 707.0 2521.7655616203483
0.0 1030.0 106.0 575.0 2179.0456462350267
0.0 467.0 381.0 2028.0 7779.873042696024
0.0 864.0 186.0 1006.0 3853.0365417221033
0.0 1053.0 88.0 537.0 1885.4063149830286
0.0 591.0 302.0 1769.0 6566.225492678364
0.0 798.0 215.0 1160.0 4400.262505081224
0.0 730.0 239.0 1354.0 5179.534871945511
0.0 647.0 293.0 1479.0 6067.3598705317845
0.0 526.0 360.0 1811.0 7172.974521120641
0.0 1243.0 1.0 0.0 6.899616541335519
0.0 255.0 474.0 2602.0 9870.421075782266
0.0 696.0 273.0 1366.0 5527.798437572722
0.0 233.0 491.0 2521.0 10086.465102011829
0.0 244.0 478.0 2557.0 10028.968074492703
0.0 710.0 250.0 1428.0 5426.2971557561505
0.0 243.0 483.0 2532.0 10008.73713323533
0.0 684.0 264.0 1462.0 5581.302029844504
0.0 517.0 362.0 1770.0 7264.044695390059
0.0 1243.0 1.0 0.0 6.899616541335519
0.0 791.0 223.0 1175.0 4525.214237681915
0.0 250.0 478.0 2553.0 9972.960471631905
0.0 1027.0 106.0 535.0 2187.952719448307
0.0 1060.0 89.0 453.0 1886.9919509996614
0.0 1243.0 1.0 0.0 6.899616541335519
0.0 756.0 246.0 1221.0 4953.473777825624
0.0 1243.0 1.0 0.0 6.899616541335519
0.0 545.0 353.0 1694.0 7094.635376379042
0.0 225.0 499.0 2538.0 10207.850586717588
0.0 682.0 286.0 1404.0 5645.165807512264
0.0 847.0 193.0 1009.0 4029.107914384055
0.0 799.0 223.0 1108.0 4410.543477452425
0.0 1243.0 1.0 0.0 6.899616541335519
0.0 742.0 254.0 1258.0 4960.521856513647
0.0 1243.0 1.0 0.0 6.899616541335519
0.0 767.0 233.0 1208.0 4863.725353099832
0.0 225.0 501.0 2509.0 10166.60697705991
0.0 623.0 299.0 1542.0 6259.651814988168
0.0 406.0 403.0 2185.0 8427.82709491781
0.0 705.0 261.0 1436.0 5449.999553054194
0.0 632.0 304.0 1543.0 6127.691556105986
0.0 845.0 192.0 1068.0 4039.7891883636307
0.0 1243.0 1.0 0.0 6.899616541335519
0.0 618.0 293.0 1699.0 6291.708329224942
0.0 1244.0 0.0 0.0 0.0
0.0 538.0 354.0 1727.0 7092.0533750063605
0.0 1244.0 0.0 0.0 0.0
0.0 587.0 326.0 1649.0 6604.042896968345
0.0 631.0 282.0 1654.0 6242.598655119852
0.0 1244.0 0.0 0.0 0.0
0.0 1050.0 85.0 556.0 1978.6522525458336
0.0 213.0 506.0 2569.0 10321.946315441715
0.0 1244.0 0.0 0.0 0.0
0.0 1244.0 0.0 0.0 0.0
0.0 863.0 177.0 970.0 3891.130222955262
0.0 1243.0 1.0 0.0 6.899616541335519
0.0 89.0 566.0 2879.0 11582.50823423569
0.0 560.0 338.0 1722.0 6850.037106702675
0.0 691.0 254.0 1525.0 5627.110972141002
0.0 1244.0 0.0 0.0 0.0
0.0 688.0 283.0 1387.0 5603.381503663809
0.0 698.0 279.0 1300.0 5421.366963997095
0.0 1244.0 0.0 0.0 0.0
0.0 485.0 367.0 1891.0 7627.868133943247
0.0 235.0 493.0 2515.0 10148.7407031881
0.0 624.0 290.0 1621.0 6235.651261453773
0.0 1243.0 1.0 0.0 6.899616541335519
0.0 1243.0 1.0 0.0 6.899616541335519
0.0 1244.0 0.0 0.0 0.0
0.0 242.0 485.0 2511.0 9985.625223959729
0.0 1244.0 0.0 0.0 0.0
0.0 1014.0 115.0 597.0 2341.548483840857
0.0 1244.0 0.0 0.0 0.0
0.0 1244.0 0.0 0.0 0.0
0.0 1243.0 1.0 0.0 6.899616541335519
0.0 1244.0 0.0 0.0 0.0
0.0 257.0 479.0 2498.0 9925.779302757359
0.0 779.0 235.0 1167.0 4740.232106388907
0.0 1244.0 0.0 0.0 0.0
0.0 248.0 487.0 2504.0 9981.077361652246
0.0 258.0 486.0 2486.0 9833.229007487533
0.0 501.0 356.0 1919.0 7491.4070888518045
0.0 1244.0 0.0 0.0 0.0
0.0 673.0 281.0 1401.0 5753.956782441339
0.0 1244.0 0.0 0.0 0.0
0.0 1244.0 0.0 0.0 0.0
0.0 1244.0 0.0 0.0 0.0
0.0 578.0 332.0 1605.0 6637.822833959479
0.0 1244.0 0.0 0.0 0.0
0.0 1244.0 0.0 0.0 0.0
0.0 1244.0 0.0 0.0 0.0
0.0 88.0 565.0 2891.0 11593.044716700158
0.0 650.0 296.0 1441.0 5994.379559173563
0.0 1244.0 0.0 0.0 0.0
0.0 1244.0 0.0 0.0 0.0
0.0 807.0 221.0 1086.0 4304.484746546608
0.0 560.0 331.0 1750.0 6900.44348791881
0.0 718.0 260.0 1360.0 5306.427351760966
0.0 266.0 475.0 2482.0 9795.029670417414
0.0 746.0 235.0 1268.0 5043.437665947188
0.0 1243.0 1.0 0.0 6.899616541335519
0.0 1244.0 0.0 0.0 0.0
0.0 1243.0 1.0 0.0 6.899616541335519
0.0 1244.0 0.0 0.0 0.0
0.0 1243.0 1.0 0.0 6.899616541335519
0.0 113.0 554.0 2827.0 11326.336013138285
0.0 523.0 367.0 1766.0 7270.987302365226
0.0 1244.0 0.0 0.0 0.0
0.0 1243.0 1.0 0.0 6.899616541335519
0.0 1244.0 0.0 0.0 0.0
0.0 106.0 559.0 2830.0 11420.479052781237
0.0 1243.0 1.0 0.0 6.899616541335519
0.0 1244.0 0.0 0.0 0.0
0.0 1153.0 43.0 236.0 919.0922543203342
0.0 228.0 496.0 2529.0 10131.069511215037
0.0 1244.0 0.0 0.0 0.0
0.0 1243.0 1.0 0.0 6.899616541335519
0.0 1244.0 0.0 0.0 0.0
0.0 1244.0 0.0 0.0 0.0
0.0 684.0 261.0 1488.0 5644.787333494974
0.0 793.0 218.0 1176.0 4481.8835908864885
0.0 90.0 563.0 2897.0 11538.688445803227
0.0 244.0 490.0 2507.0 10027.895055409652
0.0 318.0 444.0 2392.0 9345.060024348919
0.0 1244.0 0.0 0.0 0.0
0.0 88.0 568.0 2869.0 11585.88631025929
0.0 88.0 563.0 2919.0 11585.76640369873
0.0 1244.0 0.0 0.0 0.0
0.0 704.0 260.0 1444.0 5469.093525961885
0.0 248.0 480.0 2531.0 9960.29512108462
0.0 1243.0 1.0 0.0 6.899616541335519
0.0 886.0 188.0 870.0 3603.1332751424693
0.0 619.0 309.0 1554.0 6308.57774279909
0.0 1244.0 0.0 0.0 0.0
