0.0 89.0 567.0 2881.0 11581.341745502648
0.0 681.0 269.0 1462.0 5681.545606530225
0.0 112.0 553.0 2831.0 11345.869860774752
0.0 823.0 206.0 1054.0 4173.004976790458
0.0 681.0 269.0 1462.0 5681.545606530225
0.0 109.0 556.0 2835.0 11368.033848320061
0.0 535.0 361.0 1697.0 7166.223103914584
0.0 529.0 356.0 1770.0 7202.998056594489
0.0 1130.0 61.0 253.0 1174.066970426427
0.0 745.0 243.0 1310.0 5014.085066833511
0.0 97.0 560.0 2865.0 11491.701040935319
0.0 654.0 286.0 1509.0 5885.50635289507
0.0 580.0 314.0 1751.0 6661.1100141183115
0.0 1034.0 99.0 559.0 2184.26200447947
0.0 848.0 197.0 1008.0 3919.807532281686
0.0 244.0 478.0 2605.0 9983.113664417142
0.0 1066.0 78.0 515.0 1822.640501526357
0.0 118.0 552.0 2829.0 11293.569535253642
0.0 236.0 487.0 2555.0 10096.348552312751
0.0 1243.0 1.0 0.0 6.899616541335519
0.0 235.0 482.0 2607.0 10089.254241459033
0.0 1024.0 103.0 587.0 2238.7403398585343
0.0 667.0 291.0 1367.0 5814.50592184917
0.0 680.0 261.0 1480.0 5676.691858846516
0.0 712.0 256.0 1365.0 5294.654677276142
0.0 742.0 258.0 1211.0 5045.704434642973
0.0 590.0 309.0 1714.0 6598.535009274314
0.0 1243.0 1.0 0.0 6.899616541335519
0.0 1092.0 66.0 430.0 1521.1899382209451
0.0 554.0 336.0 1746.0 6946.000585596103
0.0 1147.0 42.0 291.0 972.3796071826358
0.0 860.0 188.0 992.0 3891.9496218323816
0.0 730.0 237.0 1377.0 5199.195972924438
0.0 1092.0 66.0 430.0 1521.1899382209451
0.0 1066.0 78.0 515.0 1822.640501526357
0.0 671.0 290.0 1409.0 5759.773323169887
0.0 615.0 323.0 1472.0 6320.544302040806
0.0 112.0 555.0 2819.0 11355.68298569309
0.0 983.0 117.0 735.0 2682.6794861329176
0.0 691.0 258.0 1508.0 5585.8990870074185
0.0 1128.0 64.0 260.0 1176.6555012404926
0.0 759.0 234.0 1255.0 4909.607615307649
0.0 89.0 563.0 2896.0 11564.96888484664
0.0 579.0 309.0 1785.0 6718.877763895841
0.0 723.0 237.0 1406.0 5264.758171701178
0.0 818.0 223.0 1030.0 4244.674983805052
0.0 671.0 272.0 1493.0 5739.072690156455
0.0 515.0 357.0 1904.0 7331.975103808508
0.0 571.0 328.0 1685.0 6690.140909752647
0.0 671.0 290.0 1409.0 5759.773323169887
0.0 674.0 279.0 1444.0 5718.811347194033
0.0 736.0 241.0 1318.0 5142.0121680153925
0.0 725.0 254.0 1301.0 5206.450253348666
0.0 242.0 477.0 2559.0 10058.75765285319
0.0 537.0 347.0 1760.0 7126.587684357419
0.0 860.0 188.0 992.0 3891.9496218323816
0.0 245.0 485.0 2526.0 10055.869420914563
0.0 799.0 217.0 1141.0 4532.525021571774
0.0 773.0 228.0 1235.0 4690.744400814403
0.0 638.0 291.0 1569.0 5994.8267755477
0.0 852.0 203.0 965.0 3911.0940599748105
0.0 693.0 254.0 1476.0 5549.552285881451
0.0 605.0 327.0 1520.0 6468.563702069772
0.0 1243.0 1.0 0.0 6.899616541335519
0.0 255.0 478.0 2533.0 9902.039852805374
0.0 872.0 188.0 888.0 3693.7316134035823
0.0 736.0 260.0 1227.0 5062.974332409128
0.0 542.0 336.0 1814.0 7053.444488010372
0.0 506.0 347.0 1975.0 7482.887983405022
0.0 256.0 471.0 2567.0 9860.63363858827
0.0 1243.0 1.0 0.0 6.899616541335519
0.0 823.0 202.0 1111.0 4233.214301539744
0.0 118.0 552.0 2829.0 11293.569535253642
0.0 707.0 268.0 1270.0 5389.769609336277
0.0 455.0 379.0 2054.0 7888.824600693576
0.0 245.0 482.0 2533.0 9993.556798799696
0.0 569.0 325.0 1700.0 6848.916778454414
0.0 569.0 325.0 1700.0 6848.916778454414
0.0 1243.0 1.0 0.0 6.899616541335519
0.0 242.0 477.0 2559.0 10058.75765285319
0.0 1243.0 1.0 0.0 6.899616541335519
0.0 528.0 363.0 1735.0 7202.981051874769
0.0 942.0 145.0 733.0 3066.2021680334205
0.0 761.0 236.0 1228.0 4955.876684811666
0.0 1243.0 1.0 0.0 6.899616541335519
0.0 983.0 117.0 735.0 2682.6794861329176
0.0 1103.0 71.0 335.0 1389.498407697973
0.0 742.0 245.0 1222.0 5021.222736571818
0.0 629.0 304.0 1559.0 6126.5780470001455
0.0 607.0 303.0 1668.0 6447.963754997893
0.0 834.0 194.0 1045.0 4136.019563927154
0.0 245.0 485.0 2526.0 10055.869420914563
0.0 761.0 236.0 1228.0 4955.876684811666
0.0 519.0 351.0 1866.0 7300.929818451545
0.0 524.0 347.0 1839.0 7230.215466732752
0.0 632.0 303.0 1541.0 6063.115211358843
0.0 249.0 479.0 2535.0 9961.435773582156
0.0 1243.0 1.0 0.0 6.899616541335519
0.0 748.0 245.0 1283.0 4999.57646619431
0.0 515.0 360.0 1771.0 7336.3187903246435
0.0 745.0 243.0 1310.0 5014.085066833511
0.0 1063.0 90.0 460.0 1768.4165600490642
0.0 1185.0 27.0 153.0 576.5676386049705
0.0 252.0 483.0 2537.0 9934.13650934604
0.0 1103.0 71.0 335.0 1389.498407697973
0.0 675.0 286.0 1342.0 5828.186755458588
0.0 704.0 263.0 1412.0 5414.730848723936
0.0 515.0 359.0 1881.0 7385.726808582805
0.0 1103.0 71.0 335.0 1389.498407697973
0.0 504.0 365.0 1922.0 7458.156784900584
0.0 118.0 552.0 2829.0 11293.569535253642
0.0 650.0 295.0 1474.0 5903.160040543627
0.0 784.0 227.0 1170.0 4690.523149044013
0.0 613.0 289.0 1711.0 6395.004906420797
0.0 596.0 295.0 1794.0 6511.409426377048
0.0 1121.0 62.0 305.0 1271.9231566138938
0.0 1244.0 0.0 0.0 0.0
0.0 704.0 263.0 1412.0 5414.730848723936
0.0 414.0 390.0 2192.0 8350.392827960739
0.0 1244.0 0.0 0.0 0.0
0.0 756.0 222.0 1354.0 4996.398188355998
0.0 555.0 344.0 1705.0 6992.64918135184
0.0 1244.0 0.0 0.0 0.0
0.0 245.0 485.0 2526.0 10055.869420914563
0.0 711.0 263.0 1342.0 5338.524403853948
0.0 568.0 326.0 1682.0 6828.944983345643
0.0 1244.0 0.0 0.0 0.0
0.0 250.0 476.0 2548.0 9951.256276188502
0.0 373.0 425.0 2247.0 8742.156268645753
0.0 545.0 334.0 1848.0 6944.765010342788
0.0 246.0 478.0 2529.0 9987.752776774445
0.0 1244.0 0.0 0.0 0.0
0.0 632.0 303.0 1541.0 6063.115211358843
0.0 1244.0 0.0 0.0 0.0
0.0 732.0 240.0 1355.0 5208.210931065384
0.0 545.0 334.0 1848.0 6944.765010342788
0.0 1244.0 0.0 0.0 0.0
0.0 1244.0 0.0 0.0 0.0
0.0 742.0 245.0 1222.0 5021.222736571818
0.0 518.0 349.0 1885.0 7224.208500814659
0.0 605.0 327.0 1520.0 6468.563702069772
0.0 852.0 203.0 965.0 3911.0940599748105
0.0 370.0 426.0 2245.0 8798.44297496329
0.0 634.0 285.0 1669.0 6123.283316978001
0.0 109.0 552.0 2853.0 11375.052415656748
0.0 1244.0 0.0 0.0 0.0
0.0 1244.0 0.0 0.0 0.0
0.0 1244.0 0.0 0.0 0.0
0.0 834.0 194.0 1045.0 4136.019563927154
0.0 245.0 493.0 2484.0 10069.412625015386
0.0 745.0 243.0 1310.0 5014.085066833511
0.0 226.0 496.0 2544.0 10165.20256597338
0.0 242.0 486.0 2536.0 10022.735879292493
0.0 250.0 476.0 2548.0 9951.256276188502
0.0 671.0 272.0 1493.0 5739.072690156455
0.0 671.0 290.0 1409.0 5759.773323169887
0.0 748.0 245.0 1283.0 4999.57646619431
0.0 244.0 494.0 2500.0 10027.294027713107
0.0 1121.0 62.0 305.0 1271.9231566138938
0.0 91.0 567.0 2872.0 11557.45827949243
0.0 232.0 487.0 2576.0 10092.274437886912
0.0 621.0 298.0 1619.0 6196.627428263093
0.0 118.0 552.0 2829.0 11293.569535253642
0.0 605.0 327.0 1520.0 6468.563702069772
0.0 483.0 377.0 1947.0 7791.57833722274
0.0 848.0 197.0 1008.0 3919.807532281686
0.0 983.0 117.0 735.0 2682.6794861329176
0.0 725.0 254.0 1301.0 5206.450253348666
0.0 1055.0 96.0 431.0 1914.6938656547004
0.0 225.0 491.0 2568.0 10142.595589816525
0.0 226.0 489.0 2586.0 10207.147724655299
0.0 523.0 362.0 1799.0 7276.223668837995
0.0 1208.0 14.0 103.0 354.9051328500083
0.0 252.0 483.0 2537.0 9934.13650934604
0.0 235.0 482.0 2607.0 10089.254241459033
0.0 229.0 500.0 2539.0 10181.48436889472
0.0 1092.0 66.0 430.0 1521.1899382209451
0.0 246.0 478.0 2529.0 9987.752776774445
0.0 812.0 212.0 1078.0 4360.348307363198
0.0 246.0 481.0 2560.0 9978.00125825723
0.0 255.0 478.0 2533.0 9902.039852805374
0.0 602.0 319.0 1580.0 6442.026620827094
0.0 869.0 174.0 1014.0 3821.9104120701713
0.0 106.0 555.0 2849.0 11406.744591177245
0.0 691.0 258.0 1508.0 5585.8990870074185
0.0 242.0 485.0 2540.0 10104.27484168803
0.0 542.0 325.0 1895.0 7089.423527752692
0.0 612.0 320.0 1575.0 6303.719700278514
0.0 860.0 188.0 992.0 3891.9496218323816
0.0 691.0 285.0 1314.0 5537.1427380265795
0.0 1024.0 103.0 587.0 2238.7403398585343
0.0 242.0 477.0 2559.0 10058.75765285319
0.0 232.0 496.0 2529.0 10095.406685088501
0.0 249.0 479.0 2535.0 9961.435773582156
0.0 661.0 278.0 1465.0 5825.110092914159
0.0 1244.0 0.0 0.0 0.0
0.0 1244.0 0.0 0.0 0.0
0.0 1243.0 1.0 0.0 6.899616541335519
0.0 554.0 336.0 1746.0 6946.000585596103
0.0 638.0 291.0 1569.0 5994.8267755477
0.0 1066.0 78.0 515.0 1822.640501526357
0.0 1243.0 1.0 0.0 6.899616541335519
0.0 632.0 303.0 1541.0 6063.115211358843
0.0 1243.0 1.0 0.0 6.899616541335519
0.0 1243.0 1.0 0.0 6.899616541335519
0.0 232.0 481.0 2625.0 10116.187867204053
0.0 1244.0 0.0 0.0 0.0
0.0 569.0 325.0 1700.0 6848.916778454414
0.0 1047.0 96.0 528.0 2001.9143959750343
0.0 1244.0 0.0 0.0 0.0
0.0 1244.0 0.0 0.0 0.0
0.0 225.0 502.0 2536.0 10179.048306518931
0.0 1244.0 0.0 0.0 0.0
0.0 1243.0 1.0 0.0 6.899616541335519
0.0 236.0 487.0 2555.0 10096.348552312751
0.0 1244.0 0.0 0.0 0.0
0.0 245.0 485.0 2526.0 10055.869420914563
0.0 1005.0 115.0 665.0 2406.9289472414844
0.0 742.0 245.0 1222.0 5021.222736571818
0.0 1243.0 1.0 0.0 6.899616541335519
0.0 1244.0 0.0 0.0 0.0
0.0 704.0 263.0 1412.0 5414.730848723936
0.0 703.0 271.0 1367.0 5393.264261413258
0.0 697.0 262.0 1426.0 5531.249516242499
0.0 1244.0 0.0 0.0 0.0
0.0 1244.0 0.0 0.0 0.0
0.0 852.0 203.0 965.0 3911.0940599748105
0.0 1244.0 0.0 0.0 0.0
0.0 1244.0 0.0 0.0 0.0
0.0 1063.0 90.0 460.0 1768.4165600490642
0.0 213.0 503.0 2612.0 10342.063153786377
0.0 99.0 563.0 2837.0 11469.209310427159
0.0 88.0 565.0 2893.0 11598.216943197822
0.0 1004.0 116.0 634.0 2412.9041494128332
0.0 1244.0 0.0 0.0 0.0
0.0 96.0 560.0 2871.0 11502.519710086235
0.0 1244.0 0.0 0.0 0.0
0.0 1244.0 0.0 0.0 0.0
0.0 1244.0 0.0 0.0 0.0
0.0 96.0 562.0 2857.0 11491.699456061526
0.0 1243.0 1.0 0.0 6.899616541335519
0.0 1244.0 0.0 0.0 0.0
0.0 646.0 284.0 1541.0 5968.733455775003
0.0 1244.0 0.0 0.0 0.0
0.0 1244.0 0.0 0.0 0.0
0.0 700.0 256.0 1464.0 5398.533452527837
0.0 231.0 490.0 2558.0 10112.540096714672
0.0 1243.0 1.0 0.0 6.899616541335519
0.0 1244.0 0.0 0.0 0.0
0.0 545.0 334.0 1848.0 6944.765010342788
0.0 1244.0 0.0 0.0 0.0
0.0 1244.0 0.0 0.0 0.0
0.0 528.0 363.0 1735.0 7202.981051874769
0.0 469.0 380.0 1980.0 7873.800419562854
0.0 104.0 554.0 2880.0 11396.155043180624
0.0 571.0 328.0 1685.0 6690.140909752647
0.0 223.0 490.0 2598.0 10190.303611467863
0.0 615.0 323.0 1472.0 6320.544302040806
0.0 87.0 564.0 2905.0 11579.916582862206
0.0 542.0 336.0 1814.0 7053.444488010372
0.0 681.0 269.0 1462.0 5681.545606530225
0.0 1035.0 95.0 571.0 2127.8536844659034
0.0 1243.0 1.0 0.0 6.899616541335519
0.0 742.0 258.0 1211.0 5045.704434642973
0.0 775.0 230.0 1231.0 4613.464754048664
0.0 555.0 344.0 1705.0 6992.64918135184
0.0 1243.0 1.0 0.0 6.899616541335519
0.0 759.0 234.0 1255.0 4909.607615307649
0.0 736.0 260.0 1227.0 5062.974332409128
0.0 1243.0 1.0 0.0 6.899616541335519
0.0 1243.0 1.0 0.0 6.899616541335519
0.0 1243.0 1.0 0.0 6.899616541335519
0.0 239.0 485.0 2558.0 10031.062748889985
0.0 691.0 262.0 1434.0 5513.600764688098
0.0 674.0 279.0 1444.0 5718.811347194033
0.0 89.0 563.0 2896.0 11564.96888484664
0.0 1243.0 1.0 0.0 6.899616541335519
0.0 235.0 494.0 2525.0 10106.316508873366
0.0 91.0 564.0 2877.0 11545.708839313782
0.0 1041.0 100.0 509.0 2049.2937603704413
0.0 732.0 240.0 1355.0 5208.210931065384
0.0 245.0 482.0 2533.0 9993.556798799696
0.0 576.0 328.0 1660.0 6734.928501980614
0.0 766.0 226.0 1295.0 4882.978923014998
0.0 1243.0 1.0 0.0 6.899616541335519
0.0 761.0 236.0 1228.0 4955.876684811666
0.0 1103.0 71.0 335.0 1389.498407697973
