0.0 1501.0 166.0 875.0 3413.4835322571253
0.0 1515.0 174.0 758.0 3251.9417682048706
0.0 1553.0 165.0 600.0 2876.572379605504
0.0 1553.0 165.0 600.0 2876.572379605504
0.0 1559.0 165.0 608.0 2794.1394031889895
0.0 1495.0 179.0 867.0 3444.719107092528
0.0 1553.0 165.0 600.0 2876.572379605504
0.0 1581.0 135.0 672.0 2564.641149152212
0.0 1559.0 165.0 608.0 2794.1394031889895
0.0 1501.0 166.0 875.0 3413.4835322571253
0.0 1569.0 155.0 604.0 2682.6333680025823
0.0 1559.0 140.0 731.0 2798.216549686173
0.0 1545.0 143.0 801.0 2977.4694196427895
0.0 1495.0 179.0 867.0 3444.719107092528
0.0 1559.0 165.0 608.0 2794.1394031889895
0.0 1561.0 149.0 666.0 2779.6145123256133
0.0 1559.0 140.0 731.0 2798.216549686173
0.0 1531.0 158.0 760.0 3087.6227831976544
0.0 1567.0 144.0 680.0 2714.8176733767455
0.0 1557.0 142.0 766.0 2796.282106651085
0.0 1563.0 147.0 704.0 2740.45280890221
0.0 1567.0 144.0 680.0 2714.8176733767455
0.0 1563.0 147.0 704.0 2740.45280890221
0.0 1501.0 184.0 794.0 3409.1873396926203
0.0 1519.0 182.0 721.0 3179.1719643175356
0.0 1571.0 146.0 691.0 2671.414928358861
0.0 1501.0 166.0 875.0 3413.4835322571253
0.0 1545.0 143.0 801.0 2977.4694196427895
0.0 1501.0 184.0 794.0 3409.1873396926203
0.0 1575.0 133.0 774.0 2628.6902958306946
0.0 1575.0 133.0 774.0 2628.6902958306946
0.0 1543.0 177.0 616.0 2967.4522271430956
0.0 1575.0 133.0 774.0 2628.6902958306946
0.0 1721.0 68.0 328.0 1228.792952790287
0.0 1559.0 165.0 608.0 2794.1394031889895
0.0 1575.0 143.0 626.0 2671.75709127695
0.0 1597.0 123.0 631.0 2439.520063067208
0.0 1501.0 184.0 794.0 3409.1873396926203
0.0 1575.0 133.0 774.0 2628.6902958306946
0.0 1563.0 147.0 704.0 2740.45280890221
0.0 1575.0 155.0 619.0 2616.9800935753615
0.0 1549.0 143.0 799.0 2927.1846739145312
0.0 1575.0 143.0 626.0 2671.75709127695
0.0 1559.0 165.0 608.0 2794.1394031889895
0.0 1545.0 144.0 788.0 2965.3040895184413
0.0 1553.0 164.0 638.0 2852.1937439414887
0.0 1541.0 156.0 718.0 2975.9746780551327
0.0 1561.0 161.0 638.0 2770.126506003247
0.0 1501.0 166.0 875.0 3413.4835322571253
0.0 1501.0 166.0 875.0 3413.4835322571253
0.0 1527.0 177.0 711.0 3056.880119616536
0.0 1569.0 155.0 604.0 2682.6333680025823
0.0 1501.0 166.0 875.0 3413.4835322571253
0.0 1561.0 155.0 669.0 2748.2831918730103
0.0 1597.0 123.0 631.0 2439.520063067208
0.0 1553.0 165.0 600.0 2876.572379605504
0.0 1557.0 142.0 766.0 2796.282106651085
0.0 1833.0 7.0 66.0 165.78282776951946
0.0 1557.0 152.0 679.0 2814.5327849807686
0.0 1565.0 140.0 729.0 2741.4477121474706
0.0 1721.0 68.0 328.0 1228.792952790287
0.0 1575.0 143.0 626.0 2671.75709127695
0.0 1567.0 144.0 680.0 2714.8176733767455
0.0 1567.0 144.0 680.0 2714.8176733767455
0.0 1501.0 166.0 875.0 3413.4835322571253
0.0 1597.0 123.0 631.0 2439.520063067208
0.0 1597.0 123.0 631.0 2439.520063067208
0.0 1597.0 123.0 631.0 2439.520063067208
0.0 1559.0 165.0 608.0 2794.1394031889895
0.0 1561.0 161.0 638.0 2770.126506003247
0.0 1561.0 149.0 666.0 2779.6145123256133
0.0 1575.0 133.0 774.0 2628.6902958306946
0.0 1559.0 165.0 608.0 2794.1394031889895
0.0 1561.0 149.0 666.0 2779.6145123256133
0.0 1237.0 318.0 1480.0 5939.119161142561
0.0 1721.0 68.0 328.0 1228.792952790287
0.0 1237.0 318.0 1480.0 5939.119161142561
0.0 1557.0 142.0 766.0 2796.282106651085
0.0 1237.0 318.0 1480.0 5939.119161142561
0.0 1237.0 318.0 1480.0 5939.119161142561
0.0 1237.0 318.0 1480.0 5939.119161142561
0.0 1237.0 318.0 1480.0 5939.119161142561
0.0 1237.0 318.0 1480.0 5939.119161142561
0.0 1237.0 318.0 1480.0 5939.119161142561
0.0 1237.0 318.0 1480.0 5939.119161142561
0.0 1237.0 318.0 1480.0 5939.119161142561
0.0 1237.0 318.0 1480.0 5939.119161142561
0.0 1237.0 318.0 1480.0 5939.119161142561
0.0 1237.0 318.0 1480.0 5939.119161142561
0.0 1501.0 184.0 794.0 3409.1873396926203
0.0 1237.0 318.0 1480.0 5939.119161142561
0.0 1237.0 318.0 1480.0 5939.119161142561
0.0 1563.0 147.0 704.0 2740.45280890221
0.0 1237.0 318.0 1480.0 5939.119161142561
0.0 1237.0 318.0 1480.0 5939.119161142561
0.0 1499.0 191.0 816.0 3393.7714078770705
0.0 1575.0 155.0 619.0 2616.9800935753615
0.0 1501.0 166.0 875.0 3413.4835322571253
0.0 1515.0 174.0 758.0 3251.9417682048706
0.0 1237.0 318.0 1480.0 5939.119161142561
0.0 1575.0 143.0 626.0 2671.75709127695
0.0 1237.0 318.0 1480.0 5939.119161142561
0.0 1237.0 318.0 1480.0 5939.119161142561
0.0 1237.0 318.0 1480.0 5939.119161142561
0.0 1567.0 144.0 680.0 2714.8176733767455
0.0 1237.0 318.0 1480.0 5939.119161142561
0.0 1597.0 123.0 631.0 2439.520063067208
0.0 1237.0 318.0 1480.0 5939.119161142561
0.0 1237.0 318.0 1480.0 5939.119161142561
0.0 1501.0 166.0 875.0 3413.4835322571253
0.0 1237.0 318.0 1480.0 5939.119161142561
0.0 1501.0 184.0 794.0 3409.1873396926203
0.0 1559.0 165.0 608.0 2794.1394031889895
0.0 1237.0 318.0 1480.0 5939.119161142561
0.0 1237.0 318.0 1480.0 5939.119161142561
0.0 1237.0 318.0 1480.0 5939.119161142561
0.0 1237.0 318.0 1480.0 5939.119161142561
0.0 1533.0 173.0 689.0 3076.5418833550016
0.0 1511.0 163.0 910.0 3260.4232174616477
0.0 1549.0 143.0 799.0 2927.1846739145312
0.0 1501.0 184.0 794.0 3409.1873396926203
0.0 1559.0 140.0 731.0 2798.216549686173
0.0 1501.0 184.0 794.0 3409.1873396926203
0.0 1567.0 144.0 680.0 2714.8176733767455
0.0 1495.0 179.0 867.0 3444.719107092528
0.0 1559.0 165.0 608.0 2794.1394031889895
0.0 1545.0 143.0 801.0 2977.4694196427895
0.0 1501.0 166.0 875.0 3413.4835322571253
0.0 1567.0 142.0 700.0 2707.2646377576075
0.0 1561.0 161.0 638.0 2770.126506003247
0.0 1721.0 68.0 328.0 1228.792952790287
0.0 1501.0 184.0 794.0 3409.1873396926203
0.0 1597.0 123.0 631.0 2439.520063067208
0.0 1557.0 142.0 766.0 2796.282106651085
0.0 1563.0 147.0 704.0 2740.45280890221
0.0 1563.0 147.0 704.0 2740.45280890221
0.0 1575.0 133.0 774.0 2628.6902958306946
0.0 1553.0 165.0 600.0 2876.572379605504
0.0 1539.0 170.0 664.0 2992.7901035179852
0.0 1557.0 152.0 679.0 2814.5327849807686
0.0 1533.0 173.0 689.0 3076.5418833550016
0.0 1569.0 152.0 633.0 2765.3706266697955
0.0 1545.0 153.0 718.0 2943.1919885371453
0.0 1541.0 156.0 718.0 2975.9746780551327
0.0 1559.0 165.0 608.0 2794.1394031889895
0.0 1501.0 166.0 875.0 3413.4835322571253
0.0 1575.0 133.0 774.0 2628.6902958306946
0.0 1515.0 174.0 758.0 3251.9417682048706
0.0 1495.0 179.0 867.0 3444.719107092528
0.0 1721.0 68.0 328.0 1228.792952790287
0.0 1541.0 168.0 664.0 2970.1043632253136
0.0 1567.0 144.0 680.0 2714.8176733767455
0.0 1501.0 184.0 794.0 3409.1873396926203
0.0 1573.0 146.0 675.0 2677.232360966331
0.0 1597.0 123.0 631.0 2439.520063067208
0.0 1533.0 173.0 689.0 3076.5418833550016
0.0 1533.0 173.0 689.0 3076.5418833550016
0.0 1559.0 147.0 720.0 2752.6583252545947
0.0 1515.0 174.0 758.0 3251.9417682048706
0.0 1563.0 147.0 704.0 2740.45280890221
0.0 1495.0 179.0 867.0 3444.719107092528
0.0 1557.0 142.0 766.0 2796.282106651085
0.0 1559.0 165.0 608.0 2794.1394031889895
0.0 1843.0 3.0 26.0 63.58086699041833
0.0 1843.0 3.0 26.0 63.58086699041833
0.0 1501.0 166.0 875.0 3413.4835322571253
0.0 1843.0 3.0 26.0 63.58086699041833
0.0 1843.0 3.0 26.0 63.58086699041833
0.0 1545.0 143.0 801.0 2977.4694196427895
0.0 1843.0 3.0 26.0 63.58086699041833
0.0 1843.0 3.0 26.0 63.58086699041833
0.0 1519.0 182.0 721.0 3179.1719643175356
0.0 1843.0 3.0 26.0 63.58086699041833
0.0 1843.0 3.0 26.0 63.58086699041833
0.0 1843.0 3.0 26.0 63.58086699041833
0.0 1843.0 3.0 26.0 63.58086699041833
0.0 1843.0 3.0 26.0 63.58086699041833
0.0 1843.0 3.0 26.0 63.58086699041833
0.0 1843.0 3.0 26.0 63.58086699041833
0.0 1843.0 3.0 26.0 63.58086699041833
0.0 1843.0 3.0 26.0 63.58086699041833
0.0 1843.0 3.0 26.0 63.58086699041833
0.0 1843.0 3.0 26.0 63.58086699041833
0.0 1521.0 170.0 744.0 3189.7682415320587
0.0 1843.0 3.0 26.0 63.58086699041833
0.0 1843.0 3.0 26.0 63.58086699041833
0.0 1843.0 3.0 26.0 63.58086699041833
0.0 1843.0 3.0 26.0 63.58086699041833
0.0 1843.0 3.0 26.0 63.58086699041833
0.0 1843.0 3.0 26.0 63.58086699041833
0.0 1843.0 3.0 26.0 63.58086699041833
0.0 1843.0 3.0 26.0 63.58086699041833
0.0 1561.0 149.0 666.0 2779.6145123256133
0.0 1843.0 3.0 26.0 63.58086699041833
0.0 1843.0 3.0 26.0 63.58086699041833
0.0 1843.0 3.0 26.0 63.58086699041833
0.0 1843.0 3.0 26.0 63.58086699041833
0.0 1843.0 3.0 26.0 63.58086699041833
0.0 1843.0 3.0 26.0 63.58086699041833
0.0 1843.0 3.0 26.0 63.58086699041833
0.0 1515.0 174.0 758.0 3251.9417682048706
0.0 1843.0 3.0 26.0 63.58086699041833
0.0 1533.0 173.0 689.0 3076.5418833550016
0.0 1843.0 3.0 26.0 63.58086699041833
0.0 1563.0 147.0 704.0 2740.45280890221
0.0 1843.0 3.0 26.0 63.58086699041833
0.0 1843.0 3.0 26.0 63.58086699041833
0.0 1843.0 3.0 26.0 63.58086699041833
0.0 1843.0 3.0 26.0 63.58086699041833
0.0 1843.0 3.0 26.0 63.58086699041833
0.0 1843.0 3.0 26.0 63.58086699041833
0.0 1843.0 3.0 26.0 63.58086699041833
0.0 1843.0 3.0 26.0 63.58086699041833
0.0 1505.0 176.0 819.0 3328.641465766272
0.0 1237.0 318.0 1480.0 5939.119161142561
0.0 1843.0 3.0 26.0 63.58086699041833
0.0 1237.0 318.0 1480.0 5939.119161142561
0.0 1237.0 318.0 1480.0 5939.119161142561
0.0 1237.0 318.0 1480.0 5939.119161142561
0.0 1843.0 3.0 26.0 63.58086699041833
0.0 1501.0 184.0 794.0 3409.1873396926203
0.0 1237.0 318.0 1480.0 5939.119161142561
0.0 1569.0 155.0 604.0 2682.6333680025823
0.0 1237.0 318.0 1480.0 5939.119161142561
0.0 1843.0 3.0 26.0 63.58086699041833
0.0 1843.0 3.0 26.0 63.58086699041833
0.0 1843.0 3.0 26.0 63.58086699041833
0.0 1237.0 318.0 1480.0 5939.119161142561
0.0 1237.0 318.0 1480.0 5939.119161142561
0.0 1843.0 3.0 26.0 63.58086699041833
0.0 1237.0 318.0 1480.0 5939.119161142561
0.0 1567.0 144.0 680.0 2714.8176733767455
0.0 1237.0 318.0 1480.0 5939.119161142561
0.0 1843.0 3.0 26.0 63.58086699041833
0.0 1495.0 179.0 867.0 3444.719107092528
0.0 1843.0 3.0 26.0 63.58086699041833
0.0 1237.0 318.0 1480.0 5939.119161142561
0.0 1237.0 318.0 1480.0 5939.119161142561
0.0 1237.0 318.0 1480.0 5939.119161142561
0.0 1843.0 3.0 26.0 63.58086699041833
0.0 1237.0 318.0 1480.0 5939.119161142561
0.0 1237.0 318.0 1480.0 5939.119161142561
0.0 1237.0 318.0 1480.0 5939.119161142561
0.0 1237.0 318.0 1480.0 5939.119161142561
0.0 1559.0 147.0 720.0 2752.6583252545947
0.0 1843.0 3.0 26.0 63.58086699041833
0.0 1843.0 3.0 26.0 63.58086699041833
0.0 1237.0 318.0 1480.0 5939.119161142561
0.0 1237.0 318.0 1480.0 5939.119161142561
0.0 1843.0 3.0 26.0 63.58086699041833
0.0 1843.0 3.0 26.0 63.58086699041833
0.0 1237.0 318.0 1480.0 5939.119161142561
0.0 1843.0 3.0 26.0 63.58086699041833
0.0 1843.0 3.0 26.0 63.58086699041833
0.0 1843.0 3.0 26.0 63.58086699041833
0.0 1843.0 3.0 26.0 63.58086699041833
0.0 1237.0 318.0 1480.0 5939.119161142561
0.0 1237.0 318.0 1480.0 5939.119161142561
0.0 1237.0 318.0 1480.0 5939.119161142561
0.0 1843.0 3.0 26.0 63.58086699041833
0.0 1843.0 3.0 26.0 63.58086699041833
0.0 1237.0 318.0 1480.0 5939.119161142561
0.0 1237.0 318.0 1480.0 5939.119161142561
0.0 1843.0 3.0 26.0 63.58086699041833
0.0 1237.0 318.0 1480.0 5939.119161142561
0.0 1237.0 318.0 1480.0 5939.119161142561
0.0 1843.0 3.0 26.0 63.58086699041833
0.0 1237.0 318.0 1480.0 5939.119161142561
0.0 1237.0 318.0 1480.0 5939.119161142561
0.0 1237.0 318.0 1480.0 5939.119161142561
0.0 1843.0 3.0 26.0 63.58086699041833
0.0 1843.0 3.0 26.0 63.58086699041833
0.0 1843.0 3.0 26.0 63.58086699041833
0.0 1843.0 3.0 26.0 63.58086699041833
0.0 1237.0 318.0 1480.0 5939.119161142561
0.0 1237.0 318.0 1480.0 5939.119161142561
0.0 1843.0 3.0 26.0 63.58086699041833
0.0 1237.0 318.0 1480.0 5939.119161142561
0.0 1237.0 318.0 1480.0 5939.119161142561
0.0 1237.0 318.0 1480.0 5939.119161142561
0.0 1237.0 318.0 1480.0 5939.119161142561
0.0 1545.0 153.0 718.0 2943.1919885371453
0.0 1237.0 318.0 1480.0 5939.119161142561
0.0 1237.0 318.0 1480.0 5939.119161142561
0.0 1843.0 3.0 26.0 63.58086699041833
0.0 1843.0 3.0 26.0 63.58086699041833
0.0 1843.0 3.0 26.0 63.58086699041833
0.0 1237.0 318.0 1480.0 5939.119161142561
0.0 1237.0 318.0 1480.0 5939.119161142561
0.0 1597.0 123.0 631.0 2439.520063067208
0.0 1843.0 3.0 26.0 63.58086699041833
0.0 1843.0 3.0 26.0 63.58086699041833
0.0 1843.0 3.0 26.0 63.58086699041833
0.0 1237.0 318.0 1480.0 5939.119161142561
0.0 1237.0 318.0 1480.0 5939.119161142561
0.0 1531.0 158.0 760.0 3087.6227831976544
0.0 1237.0 318.0 1480.0 5939.119161142561
0.0 1237.0 318.0 1480.0 5939.119161142561
