0.0 1551.0 160.0 659.0 2829.989102201364
0.0 1565.0 149.0 652.0 2778.5444406498546
0.0 1537.0 149.0 854.0 2988.447608974135
0.0 1499.0 180.0 872.0 3463.744956762832
0.0 1563.0 145.0 723.0 2761.564246191066
0.0 1539.0 164.0 694.0 3003.7796153370005
0.0 1565.0 146.0 700.0 2739.604213567282
0.0 1537.0 147.0 842.0 3031.241119800896
0.0 1561.0 145.0 699.0 2790.404170987685
0.0 1517.0 186.0 697.0 3240.996757967426
0.0 1563.0 145.0 723.0 2761.564246191066
0.0 1505.0 173.0 884.0 3306.0926569674148
0.0 1523.0 180.0 696.0 3270.497640288154
0.0 1557.0 143.0 717.0 2868.7126442023186
0.0 1555.0 162.0 651.0 2867.55968478082
0.0 1527.0 162.0 761.0 3142.826051705105
0.0 1511.0 178.0 780.0 3249.082332605461
0.0 1557.0 149.0 700.0 2801.256473773178
0.0 1549.0 161.0 688.0 2906.248825290263
0.0 1497.0 176.0 886.0 3431.333419839987
0.0 1517.0 186.0 697.0 3240.996757967426
0.0 1559.0 154.0 664.0 2769.1838615189827
0.0 1557.0 143.0 717.0 2868.7126442023186
0.0 1525.0 158.0 828.0 3082.9803299869413
0.0 1565.0 154.0 644.0 2717.327275936147
0.0 1571.0 128.0 758.0 2748.4362968203645
0.0 1565.0 146.0 700.0 2739.604213567282
0.0 1557.0 149.0 700.0 2801.256473773178
0.0 1557.0 143.0 717.0 2868.7126442023186
0.0 1503.0 186.0 837.0 3322.359318680486
0.0 1527.0 167.0 742.0 3092.69539951134
0.0 1561.0 153.0 655.0 2831.975609993549
0.0 1563.0 150.0 697.0 2754.150470889809
0.0 1551.0 160.0 659.0 2829.989102201364
0.0 1559.0 147.0 717.0 2778.6375961590097
0.0 1505.0 182.0 773.0 3334.2497935752335
0.0 1567.0 149.0 676.0 2698.1507442576267
0.0 1551.0 160.0 659.0 2829.989102201364
0.0 1519.0 172.0 713.0 3206.455670026038
0.0 1561.0 151.0 665.0 2732.6753348275925
0.0 1551.0 155.0 695.0 2909.6880559281026
0.0 1517.0 186.0 697.0 3240.996757967426
0.0 1517.0 169.0 806.0 3170.896396610684
0.0 1557.0 162.0 638.0 2777.6119226664846
0.0 1539.0 168.0 672.0 3094.712229526143
0.0 1505.0 173.0 884.0 3306.0926569674148
0.0 1501.0 177.0 914.0 3358.7755561556355
0.0 1571.0 128.0 758.0 2748.4362968203645
0.0 1565.0 154.0 644.0 2717.327275936147
0.0 1537.0 149.0 854.0 2988.447608974135
0.0 1563.0 145.0 723.0 2761.564246191066
0.0 1569.0 141.0 690.0 2681.078798807382
0.0 1543.0 176.0 658.0 2857.95326567651
0.0 1563.0 143.0 715.0 2803.6951672296973
0.0 1503.0 177.0 831.0 3347.868560634889
0.0 1565.0 146.0 700.0 2739.604213567282
0.0 1543.0 147.0 821.0 2909.6327949754136
0.0 1557.0 143.0 717.0 2868.7126442023186
0.0 1581.0 132.0 651.0 2619.832194025682
0.0 1543.0 162.0 667.0 2990.511765978783
0.0 1537.0 147.0 842.0 3031.241119800896
0.0 1533.0 166.0 714.0 3033.1904587088384
0.0 1559.0 137.0 770.0 2786.4458592913097
0.0 1559.0 154.0 664.0 2769.1838615189827
0.0 1557.0 162.0 638.0 2777.6119226664846
0.0 1519.0 182.0 735.0 3149.038183370574
0.0 1497.0 176.0 886.0 3431.333419839987
0.0 1571.0 147.0 660.0 2662.0384093721304
0.0 1555.0 145.0 766.0 2842.9191546747206
0.0 1557.0 162.0 638.0 2777.6119226664846
0.0 1499.0 180.0 872.0 3463.744956762832
0.0 1517.0 186.0 697.0 3240.996757967426
0.0 1505.0 173.0 884.0 3306.0926569674148
0.0 1581.0 132.0 651.0 2619.832194025682
0.0 1519.0 159.0 885.0 3184.7286238904144
0.0 1539.0 168.0 672.0 3094.712229526143
0.0 1537.0 147.0 842.0 3031.241119800896
0.0 1557.0 149.0 700.0 2801.256473773178
0.0 1571.0 128.0 758.0 2748.4362968203645
0.0 1559.0 147.0 717.0 2778.6375961590097
0.0 1537.0 149.0 854.0 2988.447608974135
0.0 1551.0 155.0 695.0 2909.6880559281026
0.0 1563.0 145.0 723.0 2761.564246191066
0.0 1543.0 162.0 667.0 2990.511765978783
0.0 1497.0 176.0 886.0 3431.333419839987
0.0 1497.0 176.0 886.0 3431.333419839987
0.0 1527.0 167.0 742.0 3092.69539951134
0.0 1565.0 146.0 700.0 2739.604213567282
0.0 1577.0 146.0 635.0 2672.2995254748816
0.0 1565.0 154.0 644.0 2717.327275936147
0.0 1563.0 148.0 711.0 2724.7499852726473
0.0 1545.0 173.0 682.0 2912.5185319747075
0.0 1843.0 3.0 26.0 63.58086699041833
0.0 1843.0 3.0 26.0 63.58086699041833
0.0 1559.0 151.0 698.0 2807.1656540096405
0.0 1843.0 3.0 26.0 63.58086699041833
0.0 1843.0 3.0 26.0 63.58086699041833
0.0 1563.0 145.0 723.0 2761.564246191066
0.0 1503.0 186.0 837.0 3322.359318680486
0.0 1843.0 3.0 26.0 63.58086699041833
0.0 1843.0 3.0 26.0 63.58086699041833
0.0 1557.0 143.0 717.0 2868.7126442023186
0.0 1563.0 145.0 723.0 2761.564246191066
0.0 1843.0 3.0 26.0 63.58086699041833
0.0 1843.0 3.0 26.0 63.58086699041833
0.0 1843.0 3.0 26.0 63.58086699041833
0.0 1843.0 3.0 26.0 63.58086699041833
0.0 1561.0 145.0 699.0 2790.404170987685
0.0 1843.0 3.0 26.0 63.58086699041833
0.0 1843.0 3.0 26.0 63.58086699041833
0.0 1843.0 3.0 26.0 63.58086699041833
0.0 1843.0 3.0 26.0 63.58086699041833
0.0 1551.0 160.0 659.0 2829.989102201364
0.0 1843.0 3.0 26.0 63.58086699041833
0.0 1843.0 3.0 26.0 63.58086699041833
0.0 1843.0 3.0 26.0 63.58086699041833
0.0 1511.0 178.0 780.0 3249.082332605461
0.0 1517.0 186.0 697.0 3240.996757967426
0.0 1843.0 3.0 26.0 63.58086699041833
0.0 1843.0 3.0 26.0 63.58086699041833
0.0 1843.0 3.0 26.0 63.58086699041833
0.0 1551.0 160.0 659.0 2829.989102201364
0.0 1505.0 173.0 884.0 3306.0926569674148
0.0 1843.0 3.0 26.0 63.58086699041833
0.0 1843.0 3.0 26.0 63.58086699041833
0.0 1843.0 3.0 26.0 63.58086699041833
0.0 1843.0 3.0 26.0 63.58086699041833
0.0 1503.0 177.0 831.0 3347.868560634889
0.0 1843.0 3.0 26.0 63.58086699041833
0.0 1527.0 162.0 761.0 3142.826051705105
0.0 1555.0 145.0 766.0 2842.9191546747206
0.0 1585.0 133.0 669.0 2596.314597569195
0.0 1843.0 3.0 26.0 63.58086699041833
0.0 1843.0 3.0 26.0 63.58086699041833
0.0 1525.0 181.0 717.0 3075.5563901893984
0.0 1843.0 3.0 26.0 63.58086699041833
0.0 1843.0 3.0 26.0 63.58086699041833
0.0 1843.0 3.0 26.0 63.58086699041833
0.0 1505.0 173.0 884.0 3306.0926569674148
0.0 1545.0 173.0 682.0 2912.5185319747075
0.0 1525.0 181.0 717.0 3075.5563901893984
0.0 1563.0 145.0 723.0 2761.564246191066
0.0 1571.0 147.0 660.0 2662.0384093721304
0.0 1537.0 149.0 815.0 3075.8772504033086
0.0 1545.0 150.0 739.0 2990.8561068189424
0.0 1559.0 154.0 664.0 2769.1838615189827
0.0 1237.0 318.0 1480.0 5939.119161142561
0.0 1237.0 318.0 1480.0 5939.119161142561
0.0 1237.0 318.0 1480.0 5939.119161142561
0.0 1505.0 173.0 884.0 3306.0926569674148
0.0 1237.0 318.0 1480.0 5939.119161142561
0.0 1553.0 157.0 661.0 2830.2346306864074
0.0 1237.0 318.0 1480.0 5939.119161142561
0.0 1237.0 318.0 1480.0 5939.119161142561
0.0 1237.0 318.0 1480.0 5939.119161142561
0.0 1237.0 318.0 1480.0 5939.119161142561
0.0 1237.0 318.0 1480.0 5939.119161142561
0.0 1557.0 149.0 700.0 2801.256473773178
0.0 1237.0 318.0 1480.0 5939.119161142561
0.0 1237.0 318.0 1480.0 5939.119161142561
0.0 1237.0 318.0 1480.0 5939.119161142561
0.0 1237.0 318.0 1480.0 5939.119161142561
0.0 1237.0 318.0 1480.0 5939.119161142561
0.0 1237.0 318.0 1480.0 5939.119161142561
0.0 1237.0 318.0 1480.0 5939.119161142561
0.0 1551.0 160.0 659.0 2829.989102201364
0.0 1237.0 318.0 1480.0 5939.119161142561
0.0 1237.0 318.0 1480.0 5939.119161142561
0.0 1237.0 318.0 1480.0 5939.119161142561
0.0 1237.0 318.0 1480.0 5939.119161142561
0.0 1237.0 318.0 1480.0 5939.119161142561
0.0 1237.0 318.0 1480.0 5939.119161142561
0.0 1237.0 318.0 1480.0 5939.119161142561
0.0 1237.0 318.0 1480.0 5939.119161142561
0.0 1237.0 318.0 1480.0 5939.119161142561
0.0 1539.0 168.0 672.0 3094.712229526143
0.0 1555.0 145.0 766.0 2842.9191546747206
0.0 1237.0 318.0 1480.0 5939.119161142561
0.0 1237.0 318.0 1480.0 5939.119161142561
0.0 1537.0 149.0 854.0 2988.447608974135
0.0 1237.0 318.0 1480.0 5939.119161142561
0.0 1563.0 150.0 697.0 2754.150470889809
0.0 1843.0 3.0 26.0 63.58086699041833
0.0 1527.0 162.0 761.0 3142.826051705105
0.0 1843.0 3.0 26.0 63.58086699041833
0.0 1237.0 318.0 1480.0 5939.119161142561
0.0 1237.0 318.0 1480.0 5939.119161142561
0.0 1843.0 3.0 26.0 63.58086699041833
0.0 1237.0 318.0 1480.0 5939.119161142561
0.0 1237.0 318.0 1480.0 5939.119161142561
0.0 1237.0 318.0 1480.0 5939.119161142561
0.0 1843.0 3.0 26.0 63.58086699041833
0.0 1237.0 318.0 1480.0 5939.119161142561
0.0 1237.0 318.0 1480.0 5939.119161142561
0.0 1843.0 3.0 26.0 63.58086699041833
0.0 1237.0 318.0 1480.0 5939.119161142561
0.0 1237.0 318.0 1480.0 5939.119161142561
0.0 1237.0 318.0 1480.0 5939.119161142561
0.0 1843.0 3.0 26.0 63.58086699041833
0.0 1237.0 318.0 1480.0 5939.119161142561
0.0 1237.0 318.0 1480.0 5939.119161142561
0.0 1843.0 3.0 26.0 63.58086699041833
0.0 1237.0 318.0 1480.0 5939.119161142561
0.0 1237.0 318.0 1480.0 5939.119161142561
0.0 1551.0 152.0 678.0 2910.459829058808
0.0 1843.0 3.0 26.0 63.58086699041833
0.0 1843.0 3.0 26.0 63.58086699041833
0.0 1843.0 3.0 26.0 63.58086699041833
0.0 1237.0 318.0 1480.0 5939.119161142561
0.0 1843.0 3.0 26.0 63.58086699041833
0.0 1843.0 3.0 26.0 63.58086699041833
0.0 1843.0 3.0 26.0 63.58086699041833
0.0 1843.0 3.0 26.0 63.58086699041833
0.0 1237.0 318.0 1480.0 5939.119161142561
0.0 1237.0 318.0 1480.0 5939.119161142561
0.0 1843.0 3.0 26.0 63.58086699041833
0.0 1529.0 159.0 768.0 3088.7155691625076
0.0 1843.0 3.0 26.0 63.58086699041833
0.0 1843.0 3.0 26.0 63.58086699041833
0.0 1843.0 3.0 26.0 63.58086699041833
0.0 1843.0 3.0 26.0 63.58086699041833
0.0 1237.0 318.0 1480.0 5939.119161142561
0.0 1509.0 182.0 775.0 3308.840522702429
0.0 1237.0 318.0 1480.0 5939.119161142561
0.0 1843.0 3.0 26.0 63.58086699041833
0.0 1843.0 3.0 26.0 63.58086699041833
0.0 1237.0 318.0 1480.0 5939.119161142561
0.0 1843.0 3.0 26.0 63.58086699041833
0.0 1843.0 3.0 26.0 63.58086699041833
0.0 1843.0 3.0 26.0 63.58086699041833
0.0 1843.0 3.0 26.0 63.58086699041833
0.0 1237.0 318.0 1480.0 5939.119161142561
0.0 1237.0 318.0 1480.0 5939.119161142561
0.0 1237.0 318.0 1480.0 5939.119161142561
0.0 1497.0 176.0 886.0 3431.333419839987
0.0 1585.0 134.0 651.0 2548.845690990491
0.0 1843.0 3.0 26.0 63.58086699041833
0.0 1843.0 3.0 26.0 63.58086699041833
0.0 1237.0 318.0 1480.0 5939.119161142561
0.0 1237.0 318.0 1480.0 5939.119161142561
0.0 1843.0 3.0 26.0 63.58086699041833
0.0 1843.0 3.0 26.0 63.58086699041833
0.0 1237.0 318.0 1480.0 5939.119161142561
0.0 1517.0 186.0 697.0 3240.996757967426
0.0 1237.0 318.0 1480.0 5939.119161142561
0.0 1843.0 3.0 26.0 63.58086699041833
0.0 1569.0 146.0 677.0 2746.418425223849
0.0 1843.0 3.0 26.0 63.58086699041833
0.0 1237.0 318.0 1480.0 5939.119161142561
0.0 1843.0 3.0 26.0 63.58086699041833
0.0 1237.0 318.0 1480.0 5939.119161142561
0.0 1237.0 318.0 1480.0 5939.119161142561
0.0 1237.0 318.0 1480.0 5939.119161142561
0.0 1237.0 318.0 1480.0 5939.119161142561
0.0 1843.0 3.0 26.0 63.58086699041833
0.0 1843.0 3.0 26.0 63.58086699041833
0.0 1511.0 178.0 780.0 3249.082332605461
0.0 1843.0 3.0 26.0 63.58086699041833
0.0 1237.0 318.0 1480.0 5939.119161142561
0.0 1237.0 318.0 1480.0 5939.119161142561
0.0 1843.0 3.0 26.0 63.58086699041833
0.0 1237.0 318.0 1480.0 5939.119161142561
0.0 1557.0 143.0 717.0 2868.7126442023186
0.0 1237.0 318.0 1480.0 5939.119161142561
0.0 1843.0 3.0 26.0 63.58086699041833
0.0 1525.0 158.0 828.0 3082.9803299869413
0.0 1237.0 318.0 1480.0 5939.119161142561
0.0 1843.0 3.0 26.0 63.58086699041833
0.0 1843.0 3.0 26.0 63.58086699041833
0.0 1237.0 318.0 1480.0 5939.119161142561
0.0 1237.0 318.0 1480.0 5939.119161142561
0.0 1237.0 318.0 1480.0 5939.119161142561
0.0 1237.0 318.0 1480.0 5939.119161142561
0.0 1577.0 146.0 635.0 2672.2995254748816
0.0 1843.0 3.0 26.0 63.58086699041833
0.0 1843.0 3.0 26.0 63.58086699041833
0.0 1237.0 318.0 1480.0 5939.119161142561
0.0 1237.0 318.0 1480.0 5939.119161142561
0.0 1843.0 3.0 26.0 63.58086699041833
0.0 1843.0 3.0 26.0 63.58086699041833
0.0 1237.0 318.0 1480.0 5939.119161142561
0.0 1237.0 318.0 1480.0 5939.119161142561
0.0 1237.0 318.0 1480.0 5939.119161142561
0.0 1843.0 3.0 26.0 63.58086699041833
0.0 1843.0 3.0 26.0 63.58086699041833
0.0 1843.0 3.0 26.0 63.58086699041833
0.0 1843.0 3.0 26.0 63.58086699041833
0.0 1237.0 318.0 1480.0 5939.119161142561
0.0 1843.0 3.0 26.0 63.58086699041833
0.0 1843.0 3.0 26.0 63.58086699041833
0.0 1565.0 146.0 700.0 2739.604213567282
0.0 1237.0 318.0 1480.0 5939.119161142561
0.0 1237.0 318.0 1480.0 5939.119161142561
0.0 1843.0 3.0 26.0 63.58086699041833
0.0 1237.0 318.0 1480.0 5939.119161142561
