0.0 1507.0 167.0 878.0 3349.5379851523394
0.0 1575.0 136.0 702.0 2589.4390461527596
0.0 1527.0 160.0 782.0 3105.4727294574614
0.0 1567.0 153.0 642.0 2723.753989291844
0.0 1553.0 167.0 634.0 2848.5828524376143
0.0 1579.0 136.0 689.0 2654.9767645089155
0.0 1565.0 132.0 771.0 2757.689883907267
0.0 1565.0 148.0 648.0 2775.819139226391
0.0 1581.0 133.0 682.0 2607.806685937603
0.0 1581.0 137.0 684.0 2581.6349036362394
0.0 1565.0 132.0 771.0 2757.689883907267
0.0 1729.0 57.0 297.0 1191.3988167073032
0.0 1575.0 135.0 706.0 2646.248122696214
0.0 1557.0 160.0 659.0 2783.144159576605
0.0 1495.0 184.0 874.0 3425.1256589039344
0.0 1519.0 181.0 720.0 3176.0501253194607
0.0 1557.0 137.0 791.0 2828.080519370167
0.0 1565.0 132.0 771.0 2757.689883907267
0.0 1567.0 153.0 642.0 2723.753989291844
0.0 1571.0 158.0 580.0 2697.6571164045668
0.0 1553.0 167.0 634.0 2848.5828524376143
0.0 1579.0 136.0 689.0 2654.9767645089155
0.0 1537.0 174.0 648.0 3033.686351881161
0.0 1573.0 144.0 682.0 2710.9776418324586
0.0 1575.0 136.0 702.0 2589.4390461527596
0.0 1579.0 136.0 689.0 2654.9767645089155
0.0 1581.0 137.0 684.0 2581.6349036362394
0.0 1565.0 148.0 656.0 2736.307066088399
0.0 1575.0 135.0 706.0 2646.248122696214
0.0 1579.0 136.0 689.0 2654.9767645089155
0.0 1565.0 132.0 771.0 2757.689883907267
0.0 1505.0 179.0 821.0 3357.469893994374
0.0 1579.0 136.0 689.0 2654.9767645089155
0.0 1497.0 186.0 799.0 3423.6304343088486
0.0 1507.0 167.0 878.0 3349.5379851523394
0.0 1539.0 153.0 734.0 3016.116582426356
0.0 1507.0 167.0 878.0 3349.5379851523394
0.0 1537.0 174.0 648.0 3033.686351881161
0.0 1539.0 153.0 734.0 3016.116582426356
0.0 1563.0 148.0 678.0 2760.6805998272043
0.0 1563.0 148.0 678.0 2760.6805998272043
0.0 1775.0 36.0 175.0 731.1918769495201
0.0 1575.0 135.0 706.0 2646.248122696214
0.0 1519.0 164.0 758.0 3211.98229849599
0.0 1517.0 177.0 752.0 3255.484837616612
0.0 1565.0 132.0 771.0 2757.689883907267
0.0 1575.0 135.0 706.0 2646.248122696214
0.0 1505.0 179.0 821.0 3357.469893994374
0.0 1563.0 148.0 678.0 2760.6805998272043
0.0 1569.0 157.0 616.0 2719.7122405437126
0.0 1537.0 174.0 648.0 3033.686351881161
0.0 1565.0 132.0 771.0 2757.689883907267
0.0 1555.0 151.0 677.0 2802.6160488714354
0.0 1557.0 137.0 791.0 2828.080519370167
0.0 1511.0 170.0 858.0 3263.2666589441424
0.0 1553.0 167.0 634.0 2848.5828524376143
0.0 1577.0 149.0 635.0 2675.6605061190216
0.0 1505.0 179.0 821.0 3357.469893994374
0.0 1729.0 57.0 297.0 1191.3988167073032
0.0 1581.0 137.0 684.0 2581.6349036362394
0.0 1567.0 153.0 642.0 2723.753989291844
0.0 1579.0 136.0 689.0 2654.9767645089155
0.0 1539.0 153.0 734.0 3016.116582426356
0.0 1555.0 145.0 702.0 2841.7684070567775
0.0 1539.0 153.0 734.0 3016.116582426356
0.0 1565.0 148.0 656.0 2736.307066088399
0.0 1775.0 36.0 175.0 731.1918769495201
0.0 1563.0 157.0 660.0 2732.9048523479114
0.0 1507.0 167.0 878.0 3349.5379851523394
0.0 1575.0 136.0 702.0 2589.4390461527596
0.0 1505.0 179.0 821.0 3357.469893994374
0.0 1555.0 151.0 677.0 2802.6160488714354
0.0 1503.0 188.0 829.0 3353.800939659334
0.0 1579.0 136.0 689.0 2654.9767645089155
0.0 1557.0 165.0 644.0 2833.361874456203
0.0 1571.0 135.0 739.0 2752.0194500988987
0.0 1729.0 57.0 297.0 1191.3988167073032
0.0 1557.0 137.0 791.0 2828.080519370167
0.0 1505.0 179.0 821.0 3357.469893994374
0.0 1573.0 144.0 682.0 2710.9776418324586
0.0 1503.0 188.0 829.0 3353.800939659334
0.0 1563.0 157.0 660.0 2732.9048523479114
0.0 1505.0 179.0 821.0 3357.469893994374
0.0 1575.0 135.0 706.0 2646.248122696214
0.0 1563.0 148.0 678.0 2760.6805998272043
0.0 1555.0 151.0 677.0 2802.6160488714354
0.0 1775.0 36.0 175.0 731.1918769495201
0.0 1537.0 174.0 648.0 3033.686351881161
0.0 1565.0 132.0 771.0 2757.689883907267
0.0 1579.0 139.0 635.0 2662.7312373747227
0.0 1571.0 158.0 580.0 2697.6571164045668
0.0 1507.0 167.0 878.0 3349.5379851523394
0.0 1579.0 136.0 689.0 2654.9767645089155
0.0 1557.0 137.0 791.0 2828.080519370167
0.0 1517.0 177.0 752.0 3255.484837616612
0.0 1539.0 153.0 734.0 3016.116582426356
0.0 1561.0 148.0 654.0 2823.976162747988
0.0 1537.0 174.0 648.0 3033.686351881161
0.0 1563.0 148.0 678.0 2760.6805998272043
0.0 1843.0 3.0 26.0 63.58086699041833
0.0 1843.0 3.0 26.0 63.58086699041833
0.0 1843.0 3.0 26.0 63.58086699041833
0.0 1843.0 3.0 26.0 63.58086699041833
0.0 1843.0 3.0 26.0 63.58086699041833
0.0 1563.0 148.0 678.0 2760.6805998272043
0.0 1843.0 3.0 26.0 63.58086699041833
0.0 1843.0 3.0 26.0 63.58086699041833
0.0 1843.0 3.0 26.0 63.58086699041833
0.0 1843.0 3.0 26.0 63.58086699041833
0.0 1843.0 3.0 26.0 63.58086699041833
0.0 1497.0 186.0 799.0 3423.6304343088486
0.0 1537.0 174.0 648.0 3033.686351881161
0.0 1843.0 3.0 26.0 63.58086699041833
0.0 1843.0 3.0 26.0 63.58086699041833
0.0 1575.0 135.0 706.0 2646.248122696214
0.0 1525.0 184.0 667.0 3038.410505478032
0.0 1843.0 3.0 26.0 63.58086699041833
0.0 1843.0 3.0 26.0 63.58086699041833
0.0 1843.0 3.0 26.0 63.58086699041833
0.0 1843.0 3.0 26.0 63.58086699041833
0.0 1843.0 3.0 26.0 63.58086699041833
0.0 1843.0 3.0 26.0 63.58086699041833
0.0 1843.0 3.0 26.0 63.58086699041833
0.0 1843.0 3.0 26.0 63.58086699041833
0.0 1843.0 3.0 26.0 63.58086699041833
0.0 1843.0 3.0 26.0 63.58086699041833
0.0 1843.0 3.0 26.0 63.58086699041833
0.0 1575.0 135.0 706.0 2646.248122696214
0.0 1843.0 3.0 26.0 63.58086699041833
0.0 1843.0 3.0 26.0 63.58086699041833
0.0 1557.0 137.0 791.0 2828.080519370167
0.0 1843.0 3.0 26.0 63.58086699041833
0.0 1555.0 151.0 677.0 2802.6160488714354
0.0 1843.0 3.0 26.0 63.58086699041833
0.0 1573.0 144.0 682.0 2710.9776418324586
0.0 1843.0 3.0 26.0 63.58086699041833
0.0 1843.0 3.0 26.0 63.58086699041833
0.0 1843.0 3.0 26.0 63.58086699041833
0.0 1557.0 137.0 791.0 2828.080519370167
0.0 1843.0 3.0 26.0 63.58086699041833
0.0 1843.0 3.0 26.0 63.58086699041833
0.0 1843.0 3.0 26.0 63.58086699041833
0.0 1843.0 3.0 26.0 63.58086699041833
0.0 1563.0 148.0 678.0 2760.6805998272043
0.0 1843.0 3.0 26.0 63.58086699041833
0.0 1843.0 3.0 26.0 63.58086699041833
0.0 1843.0 3.0 26.0 63.58086699041833
0.0 1525.0 176.0 728.0 3080.824891785198
0.0 1843.0 3.0 26.0 63.58086699041833
0.0 1843.0 3.0 26.0 63.58086699041833
0.0 1843.0 3.0 26.0 63.58086699041833
0.0 1843.0 3.0 26.0 63.58086699041833
0.0 1843.0 3.0 26.0 63.58086699041833
0.0 1843.0 3.0 26.0 63.58086699041833
0.0 1555.0 151.0 677.0 2802.6160488714354
0.0 1843.0 3.0 26.0 63.58086699041833
0.0 1843.0 3.0 26.0 63.58086699041833
0.0 1843.0 3.0 26.0 63.58086699041833
0.0 1843.0 3.0 26.0 63.58086699041833
0.0 1843.0 3.0 26.0 63.58086699041833
0.0 1843.0 3.0 26.0 63.58086699041833
0.0 1495.0 184.0 874.0 3425.1256589039344
0.0 1843.0 3.0 26.0 63.58086699041833
0.0 1843.0 3.0 26.0 63.58086699041833
0.0 1843.0 3.0 26.0 63.58086699041833
0.0 1843.0 3.0 26.0 63.58086699041833
0.0 1539.0 153.0 734.0 3016.116582426356
0.0 1509.0 180.0 809.0 3228.344191599772
0.0 1843.0 3.0 26.0 63.58086699041833
0.0 1505.0 179.0 821.0 3357.469893994374
0.0 1843.0 3.0 26.0 63.58086699041833
0.0 1563.0 148.0 678.0 2760.6805998272043
0.0 1559.0 139.0 749.0 2819.8780505022596
0.0 1843.0 3.0 26.0 63.58086699041833
0.0 1843.0 3.0 26.0 63.58086699041833
0.0 1843.0 3.0 26.0 63.58086699041833
0.0 1843.0 3.0 26.0 63.58086699041833
0.0 1843.0 3.0 26.0 63.58086699041833
0.0 1843.0 3.0 26.0 63.58086699041833
0.0 1843.0 3.0 26.0 63.58086699041833
0.0 1843.0 3.0 26.0 63.58086699041833
0.0 1843.0 3.0 26.0 63.58086699041833
0.0 1843.0 3.0 26.0 63.58086699041833
0.0 1843.0 3.0 26.0 63.58086699041833
0.0 1843.0 3.0 26.0 63.58086699041833
0.0 1843.0 3.0 26.0 63.58086699041833
0.0 1843.0 3.0 26.0 63.58086699041833
0.0 1843.0 3.0 26.0 63.58086699041833
0.0 1843.0 3.0 26.0 63.58086699041833
0.0 1843.0 3.0 26.0 63.58086699041833
0.0 1843.0 3.0 26.0 63.58086699041833
0.0 1843.0 3.0 26.0 63.58086699041833
0.0 1563.0 157.0 660.0 2732.9048523479114
0.0 1843.0 3.0 26.0 63.58086699041833
0.0 1537.0 174.0 648.0 3033.686351881161
0.0 1527.0 160.0 782.0 3105.4727294574614
0.0 1729.0 57.0 297.0 1191.3988167073032
0.0 1565.0 132.0 771.0 2757.689883907267
0.0 1571.0 158.0 580.0 2697.6571164045668
0.0 1511.0 170.0 858.0 3263.2666589441424
0.0 1525.0 176.0 728.0 3080.824891785198
0.0 1565.0 132.0 771.0 2757.689883907267
0.0 1775.0 36.0 175.0 731.1918769495201
0.0 1505.0 179.0 821.0 3357.469893994374
0.0 1517.0 177.0 752.0 3255.484837616612
0.0 1553.0 167.0 634.0 2848.5828524376143
0.0 1581.0 137.0 684.0 2581.6349036362394
0.0 1511.0 171.0 831.0 3285.1175268195507
0.0 1507.0 167.0 878.0 3349.5379851523394
0.0 1565.0 132.0 771.0 2757.689883907267
0.0 1537.0 174.0 648.0 3033.686351881161
0.0 1579.0 136.0 689.0 2654.9767645089155
0.0 1539.0 153.0 734.0 3016.116582426356
0.0 1237.0 318.0 1480.0 5939.119161142561
0.0 1237.0 318.0 1480.0 5939.119161142561
0.0 1237.0 318.0 1480.0 5939.119161142561
0.0 1237.0 318.0 1480.0 5939.119161142561
0.0 1237.0 318.0 1480.0 5939.119161142561
0.0 1237.0 318.0 1480.0 5939.119161142561
0.0 1237.0 318.0 1480.0 5939.119161142561
0.0 1237.0 318.0 1480.0 5939.119161142561
0.0 1237.0 318.0 1480.0 5939.119161142561
0.0 1237.0 318.0 1480.0 5939.119161142561
0.0 1237.0 318.0 1480.0 5939.119161142561
0.0 1237.0 318.0 1480.0 5939.119161142561
0.0 1237.0 318.0 1480.0 5939.119161142561
0.0 1505.0 179.0 821.0 3357.469893994374
0.0 1237.0 318.0 1480.0 5939.119161142561
0.0 1549.0 161.0 674.0 2922.543151518046
0.0 1237.0 318.0 1480.0 5939.119161142561
0.0 1237.0 318.0 1480.0 5939.119161142561
0.0 1237.0 318.0 1480.0 5939.119161142561
0.0 1237.0 318.0 1480.0 5939.119161142561
0.0 1237.0 318.0 1480.0 5939.119161142561
0.0 1237.0 318.0 1480.0 5939.119161142561
0.0 1563.0 148.0 678.0 2760.6805998272043
0.0 1237.0 318.0 1480.0 5939.119161142561
0.0 1237.0 318.0 1480.0 5939.119161142561
0.0 1237.0 318.0 1480.0 5939.119161142561
0.0 1237.0 318.0 1480.0 5939.119161142561
0.0 1237.0 318.0 1480.0 5939.119161142561
0.0 1237.0 318.0 1480.0 5939.119161142561
0.0 1237.0 318.0 1480.0 5939.119161142561
0.0 1237.0 318.0 1480.0 5939.119161142561
0.0 1237.0 318.0 1480.0 5939.119161142561
0.0 1237.0 318.0 1480.0 5939.119161142561
0.0 1237.0 318.0 1480.0 5939.119161142561
0.0 1237.0 318.0 1480.0 5939.119161142561
0.0 1237.0 318.0 1480.0 5939.119161142561
0.0 1237.0 318.0 1480.0 5939.119161142561
0.0 1237.0 318.0 1480.0 5939.119161142561
0.0 1237.0 318.0 1480.0 5939.119161142561
0.0 1237.0 318.0 1480.0 5939.119161142561
0.0 1237.0 318.0 1480.0 5939.119161142561
0.0 1237.0 318.0 1480.0 5939.119161142561
0.0 1237.0 318.0 1480.0 5939.119161142561
0.0 1237.0 318.0 1480.0 5939.119161142561
0.0 1237.0 318.0 1480.0 5939.119161142561
0.0 1237.0 318.0 1480.0 5939.119161142561
0.0 1237.0 318.0 1480.0 5939.119161142561
0.0 1237.0 318.0 1480.0 5939.119161142561
0.0 1237.0 318.0 1480.0 5939.119161142561
0.0 1237.0 318.0 1480.0 5939.119161142561
0.0 1237.0 318.0 1480.0 5939.119161142561
0.0 1237.0 318.0 1480.0 5939.119161142561
0.0 1237.0 318.0 1480.0 5939.119161142561
0.0 1237.0 318.0 1480.0 5939.119161142561
0.0 1237.0 318.0 1480.0 5939.119161142561
0.0 1237.0 318.0 1480.0 5939.119161142561
0.0 1555.0 151.0 677.0 2802.6160488714354
0.0 1237.0 318.0 1480.0 5939.119161142561
0.0 1237.0 318.0 1480.0 5939.119161142561
0.0 1237.0 318.0 1480.0 5939.119161142561
0.0 1237.0 318.0 1480.0 5939.119161142561
0.0 1237.0 318.0 1480.0 5939.119161142561
0.0 1237.0 318.0 1480.0 5939.119161142561
0.0 1503.0 188.0 829.0 3353.800939659334
0.0 1237.0 318.0 1480.0 5939.119161142561
0.0 1237.0 318.0 1480.0 5939.119161142561
0.0 1237.0 318.0 1480.0 5939.119161142561
0.0 1237.0 318.0 1480.0 5939.119161142561
0.0 1237.0 318.0 1480.0 5939.119161142561
0.0 1237.0 318.0 1480.0 5939.119161142561
0.0 1237.0 318.0 1480.0 5939.119161142561
0.0 1237.0 318.0 1480.0 5939.119161142561
0.0 1237.0 318.0 1480.0 5939.119161142561
0.0 1525.0 176.0 728.0 3080.824891785198
0.0 1237.0 318.0 1480.0 5939.119161142561
0.0 1237.0 318.0 1480.0 5939.119161142561
0.0 1237.0 318.0 1480.0 5939.119161142561
0.0 1237.0 318.0 1480.0 5939.119161142561
0.0 1237.0 318.0 1480.0 5939.119161142561
0.0 1237.0 318.0 1480.0 5939.119161142561
