0.0 1497.0 185.0 850.0 3428.527310760827
0.0 1507.0 173.0 852.0 3289.2494128847607
0.0 1577.0 129.0 680.0 2674.301587547658
0.0 1553.0 141.0 806.0 2921.924634811825
0.0 1515.0 166.0 838.0 3185.4479186728686
0.0 1553.0 141.0 806.0 2921.924634811825
0.0 1511.0 167.0 837.0 3300.7449554086966
0.0 1511.0 184.0 791.0 3313.1713450946936
0.0 1561.0 155.0 617.0 2793.930110262124
0.0 1559.0 143.0 761.0 2788.4106737149723
0.0 1571.0 139.0 750.0 2632.1777362599396
0.0 1567.0 156.0 644.0 2728.6789535105945
0.0 1559.0 159.0 643.0 2831.101477277243
0.0 1527.0 174.0 712.0 3122.510858398741
0.0 1551.0 164.0 668.0 2864.01211765859
0.0 1507.0 173.0 852.0 3289.2494128847607
0.0 1563.0 153.0 665.0 2744.2883016272976
0.0 1561.0 142.0 731.0 2794.178241628296
0.0 1497.0 185.0 850.0 3428.527310760827
0.0 1573.0 137.0 671.0 2654.6554824080235
0.0 1565.0 156.0 663.0 2752.394929458631
0.0 1557.0 141.0 750.0 2875.5790062056412
0.0 1567.0 156.0 644.0 2728.6789535105945
0.0 1565.0 156.0 663.0 2752.394929458631
0.0 1523.0 163.0 771.0 3135.750719483132
0.0 1551.0 146.0 750.0 2901.7647240263154
0.0 1569.0 135.0 688.0 2753.363509264969
0.0 1553.0 159.0 661.0 2857.5981532097903
0.0 1507.0 173.0 852.0 3289.2494128847607
0.0 1561.0 142.0 731.0 2794.178241628296
0.0 1553.0 139.0 771.0 2930.7671045731636
0.0 1569.0 147.0 642.0 2635.5263078929047
0.0 1565.0 139.0 762.0 2712.008053981974
0.0 1525.0 174.0 727.0 3183.9111829572366
0.0 1567.0 156.0 644.0 2728.6789535105945
0.0 1559.0 148.0 704.0 2836.066594775982
0.0 1533.0 173.0 704.0 3028.536829721684
0.0 1559.0 159.0 643.0 2831.101477277243
0.0 1375.0 250.0 1140.0 4570.005582408107
0.0 1553.0 141.0 806.0 2921.924634811825
0.0 1547.0 149.0 740.0 2939.763701875487
0.0 1563.0 141.0 682.0 2742.233957340092
0.0 1565.0 156.0 663.0 2752.394929458631
0.0 1495.0 190.0 817.0 3473.664732337704
0.0 1547.0 164.0 678.0 2942.0656777132276
0.0 1561.0 148.0 695.0 2771.397175799638
0.0 1569.0 147.0 642.0 2635.5263078929047
0.0 1553.0 139.0 771.0 2930.7671045731636
0.0 1513.0 163.0 909.0 3294.4262378179983
0.0 1525.0 163.0 751.0 3159.6485836646502
0.0 1525.0 163.0 751.0 3159.6485836646502
0.0 1521.0 175.0 735.0 3186.5325013606102
0.0 1553.0 159.0 661.0 2857.5981532097903
0.0 1563.0 153.0 665.0 2744.2883016272976
0.0 1519.0 182.0 721.0 3179.2510923621553
0.0 1513.0 163.0 909.0 3294.4262378179983
0.0 1565.0 156.0 663.0 2752.394929458631
0.0 1587.0 134.0 677.0 2497.8229046149986
0.0 1521.0 179.0 734.0 3143.384898431643
0.0 1511.0 184.0 791.0 3313.1713450946936
0.0 1569.0 139.0 729.0 2724.921885808002
0.0 1539.0 164.0 701.0 2997.4659820558854
0.0 1527.0 174.0 712.0 3122.510858398741
0.0 1561.0 155.0 617.0 2793.930110262124
0.0 1569.0 147.0 642.0 2635.5263078929047
0.0 1551.0 164.0 668.0 2864.01211765859
0.0 1553.0 139.0 771.0 2930.7671045731636
0.0 1537.0 150.0 765.0 3063.639675476308
0.0 1237.0 318.0 1480.0 5939.119161142561
0.0 1559.0 143.0 761.0 2788.4106737149723
0.0 1565.0 156.0 663.0 2752.394929458631
0.0 1551.0 164.0 668.0 2864.01211765859
0.0 1519.0 160.0 851.0 3192.454169120606
0.0 1567.0 156.0 644.0 2728.6789535105945
0.0 1569.0 147.0 642.0 2635.5263078929047
0.0 1501.0 180.0 870.0 3376.4971832837796
0.0 1497.0 185.0 850.0 3428.527310760827
0.0 1559.0 147.0 735.0 2752.4734014819232
0.0 1543.0 160.0 704.0 2947.5224435669065
0.0 1525.0 163.0 751.0 3159.6485836646502
0.0 1563.0 153.0 665.0 2744.2883016272976
0.0 1517.0 176.0 762.0 3264.614077391001
0.0 1561.0 142.0 731.0 2794.178241628296
0.0 1551.0 146.0 750.0 2901.7647240263154
0.0 1559.0 159.0 643.0 2831.101477277243
0.0 1539.0 164.0 701.0 2997.4659820558854
0.0 1525.0 174.0 727.0 3183.9111829572366
0.0 1541.0 149.0 792.0 2994.5472699478696
0.0 1569.0 139.0 729.0 2724.921885808002
0.0 1521.0 161.0 783.0 3217.7779579845824
0.0 1571.0 139.0 750.0 2632.1777362599396
0.0 1559.0 148.0 704.0 2836.066594775982
0.0 1561.0 142.0 731.0 2794.178241628296
0.0 1507.0 173.0 852.0 3289.2494128847607
0.0 1561.0 142.0 731.0 2794.178241628296
0.0 1569.0 135.0 688.0 2753.363509264969
0.0 1513.0 163.0 909.0 3294.4262378179983
0.0 1561.0 148.0 695.0 2771.397175799638
0.0 1577.0 129.0 680.0 2674.301587547658
0.0 1553.0 159.0 661.0 2857.5981532097903
0.0 1527.0 174.0 712.0 3122.510858398741
0.0 1551.0 164.0 668.0 2864.01211765859
0.0 1559.0 159.0 643.0 2831.101477277243
0.0 1543.0 168.0 692.0 2900.966145886264
0.0 1561.0 159.0 668.0 2735.9542394494442
0.0 1519.0 157.0 894.0 3236.254445751653
0.0 1561.0 155.0 617.0 2793.930110262124
0.0 1519.0 160.0 851.0 3192.454169120606
0.0 1553.0 141.0 806.0 2921.924634811825
0.0 1575.0 136.0 740.0 2610.1524675603478
0.0 1567.0 148.0 649.0 2752.7571777376643
0.0 1541.0 149.0 792.0 2994.5472699478696
0.0 1561.0 142.0 731.0 2794.178241628296
0.0 1543.0 160.0 704.0 2947.5224435669065
0.0 1507.0 173.0 852.0 3289.2494128847607
0.0 1573.0 137.0 671.0 2654.6554824080235
0.0 1843.0 3.0 26.0 63.58086699041833
0.0 1843.0 3.0 26.0 63.58086699041833
0.0 1843.0 3.0 26.0 63.58086699041833
0.0 1843.0 3.0 26.0 63.58086699041833
0.0 1525.0 163.0 751.0 3159.6485836646502
0.0 1843.0 3.0 26.0 63.58086699041833
0.0 1843.0 3.0 26.0 63.58086699041833
0.0 1553.0 139.0 771.0 2930.7671045731636
0.0 1843.0 3.0 26.0 63.58086699041833
0.0 1843.0 3.0 26.0 63.58086699041833
0.0 1843.0 3.0 26.0 63.58086699041833
0.0 1843.0 3.0 26.0 63.58086699041833
0.0 1569.0 135.0 688.0 2753.363509264969
0.0 1843.0 3.0 26.0 63.58086699041833
0.0 1843.0 3.0 26.0 63.58086699041833
0.0 1843.0 3.0 26.0 63.58086699041833
0.0 1843.0 3.0 26.0 63.58086699041833
0.0 1843.0 3.0 26.0 63.58086699041833
0.0 1843.0 3.0 26.0 63.58086699041833
0.0 1843.0 3.0 26.0 63.58086699041833
0.0 1565.0 156.0 663.0 2752.394929458631
0.0 1843.0 3.0 26.0 63.58086699041833
0.0 1843.0 3.0 26.0 63.58086699041833
0.0 1843.0 3.0 26.0 63.58086699041833
0.0 1559.0 159.0 643.0 2831.101477277243
0.0 1545.0 176.0 671.0 2971.0222748024767
0.0 1843.0 3.0 26.0 63.58086699041833
0.0 1843.0 3.0 26.0 63.58086699041833
0.0 1843.0 3.0 26.0 63.58086699041833
0.0 1519.0 160.0 851.0 3192.454169120606
0.0 1843.0 3.0 26.0 63.58086699041833
0.0 1557.0 151.0 709.0 2832.799029173878
0.0 1843.0 3.0 26.0 63.58086699041833
0.0 1843.0 3.0 26.0 63.58086699041833
0.0 1843.0 3.0 26.0 63.58086699041833
0.0 1237.0 318.0 1480.0 5939.119161142561
0.0 1843.0 3.0 26.0 63.58086699041833
0.0 1237.0 318.0 1480.0 5939.119161142561
0.0 1843.0 3.0 26.0 63.58086699041833
0.0 1843.0 3.0 26.0 63.58086699041833
0.0 1237.0 318.0 1480.0 5939.119161142561
0.0 1843.0 3.0 26.0 63.58086699041833
0.0 1511.0 184.0 791.0 3313.1713450946936
0.0 1237.0 318.0 1480.0 5939.119161142561
0.0 1843.0 3.0 26.0 63.58086699041833
0.0 1843.0 3.0 26.0 63.58086699041833
0.0 1843.0 3.0 26.0 63.58086699041833
0.0 1237.0 318.0 1480.0 5939.119161142561
0.0 1843.0 3.0 26.0 63.58086699041833
0.0 1237.0 318.0 1480.0 5939.119161142561
0.0 1237.0 318.0 1480.0 5939.119161142561
0.0 1237.0 318.0 1480.0 5939.119161142561
0.0 1237.0 318.0 1480.0 5939.119161142561
0.0 1843.0 3.0 26.0 63.58086699041833
0.0 1843.0 3.0 26.0 63.58086699041833
0.0 1843.0 3.0 26.0 63.58086699041833
0.0 1551.0 164.0 668.0 2864.01211765859
0.0 1843.0 3.0 26.0 63.58086699041833
0.0 1843.0 3.0 26.0 63.58086699041833
0.0 1237.0 318.0 1480.0 5939.119161142561
0.0 1843.0 3.0 26.0 63.58086699041833
0.0 1237.0 318.0 1480.0 5939.119161142561
0.0 1569.0 139.0 729.0 2724.921885808002
0.0 1843.0 3.0 26.0 63.58086699041833
0.0 1237.0 318.0 1480.0 5939.119161142561
0.0 1237.0 318.0 1480.0 5939.119161142561
0.0 1571.0 139.0 750.0 2632.1777362599396
0.0 1843.0 3.0 26.0 63.58086699041833
0.0 1237.0 318.0 1480.0 5939.119161142561
0.0 1843.0 3.0 26.0 63.58086699041833
0.0 1843.0 3.0 26.0 63.58086699041833
0.0 1237.0 318.0 1480.0 5939.119161142561
0.0 1237.0 318.0 1480.0 5939.119161142561
0.0 1237.0 318.0 1480.0 5939.119161142561
0.0 1843.0 3.0 26.0 63.58086699041833
0.0 1843.0 3.0 26.0 63.58086699041833
0.0 1237.0 318.0 1480.0 5939.119161142561
0.0 1843.0 3.0 26.0 63.58086699041833
0.0 1843.0 3.0 26.0 63.58086699041833
0.0 1563.0 153.0 665.0 2744.2883016272976
0.0 1237.0 318.0 1480.0 5939.119161142561
0.0 1237.0 318.0 1480.0 5939.119161142561
0.0 1237.0 318.0 1480.0 5939.119161142561
0.0 1237.0 318.0 1480.0 5939.119161142561
0.0 1843.0 3.0 26.0 63.58086699041833
0.0 1843.0 3.0 26.0 63.58086699041833
0.0 1843.0 3.0 26.0 63.58086699041833
0.0 1843.0 3.0 26.0 63.58086699041833
0.0 1237.0 318.0 1480.0 5939.119161142561
0.0 1843.0 3.0 26.0 63.58086699041833
0.0 1843.0 3.0 26.0 63.58086699041833
0.0 1237.0 318.0 1480.0 5939.119161142561
0.0 1843.0 3.0 26.0 63.58086699041833
0.0 1517.0 176.0 762.0 3264.614077391001
0.0 1843.0 3.0 26.0 63.58086699041833
0.0 1541.0 149.0 792.0 2994.5472699478696
0.0 1237.0 318.0 1480.0 5939.119161142561
0.0 1237.0 318.0 1480.0 5939.119161142561
0.0 1237.0 318.0 1480.0 5939.119161142561
0.0 1237.0 318.0 1480.0 5939.119161142561
0.0 1237.0 318.0 1480.0 5939.119161142561
0.0 1237.0 318.0 1480.0 5939.119161142561
0.0 1237.0 318.0 1480.0 5939.119161142561
0.0 1237.0 318.0 1480.0 5939.119161142561
0.0 1237.0 318.0 1480.0 5939.119161142561
0.0 1237.0 318.0 1480.0 5939.119161142561
0.0 1237.0 318.0 1480.0 5939.119161142561
0.0 1237.0 318.0 1480.0 5939.119161142561
0.0 1237.0 318.0 1480.0 5939.119161142561
0.0 1237.0 318.0 1480.0 5939.119161142561
0.0 1237.0 318.0 1480.0 5939.119161142561
0.0 1237.0 318.0 1480.0 5939.119161142561
0.0 1237.0 318.0 1480.0 5939.119161142561
0.0 1237.0 318.0 1480.0 5939.119161142561
0.0 1843.0 3.0 26.0 63.58086699041833
0.0 1843.0 3.0 26.0 63.58086699041833
0.0 1237.0 318.0 1480.0 5939.119161142561
0.0 1237.0 318.0 1480.0 5939.119161142561
0.0 1237.0 318.0 1480.0 5939.119161142561
0.0 1237.0 318.0 1480.0 5939.119161142561
0.0 1237.0 318.0 1480.0 5939.119161142561
0.0 1843.0 3.0 26.0 63.58086699041833
0.0 1237.0 318.0 1480.0 5939.119161142561
0.0 1237.0 318.0 1480.0 5939.119161142561
0.0 1843.0 3.0 26.0 63.58086699041833
0.0 1553.0 141.0 806.0 2921.924634811825
0.0 1237.0 318.0 1480.0 5939.119161142561
0.0 1843.0 3.0 26.0 63.58086699041833
0.0 1843.0 3.0 26.0 63.58086699041833
0.0 1237.0 318.0 1480.0 5939.119161142561
0.0 1237.0 318.0 1480.0 5939.119161142561
0.0 1843.0 3.0 26.0 63.58086699041833
0.0 1237.0 318.0 1480.0 5939.119161142561
0.0 1843.0 3.0 26.0 63.58086699041833
0.0 1237.0 318.0 1480.0 5939.119161142561
0.0 1237.0 318.0 1480.0 5939.119161142561
0.0 1843.0 3.0 26.0 63.58086699041833
0.0 1507.0 168.0 846.0 3308.3142144110775
0.0 1237.0 318.0 1480.0 5939.119161142561
0.0 1237.0 318.0 1480.0 5939.119161142561
0.0 1237.0 318.0 1480.0 5939.119161142561
0.0 1843.0 3.0 26.0 63.58086699041833
0.0 1237.0 318.0 1480.0 5939.119161142561
0.0 1237.0 318.0 1480.0 5939.119161142561
0.0 1237.0 318.0 1480.0 5939.119161142561
0.0 1843.0 3.0 26.0 63.58086699041833
0.0 1237.0 318.0 1480.0 5939.119161142561
0.0 1843.0 3.0 26.0 63.58086699041833
0.0 1843.0 3.0 26.0 63.58086699041833
0.0 1237.0 318.0 1480.0 5939.119161142561
0.0 1843.0 3.0 26.0 63.58086699041833
0.0 1843.0 3.0 26.0 63.58086699041833
0.0 1843.0 3.0 26.0 63.58086699041833
0.0 1237.0 318.0 1480.0 5939.119161142561
0.0 1237.0 318.0 1480.0 5939.119161142561
0.0 1843.0 3.0 26.0 63.58086699041833
0.0 1843.0 3.0 26.0 63.58086699041833
0.0 1237.0 318.0 1480.0 5939.119161142561
0.0 1237.0 318.0 1480.0 5939.119161142561
0.0 1843.0 3.0 26.0 63.58086699041833
0.0 1843.0 3.0 26.0 63.58086699041833
0.0 1527.0 174.0 712.0 3122.510858398741
0.0 1237.0 318.0 1480.0 5939.119161142561
0.0 1561.0 155.0 617.0 2793.930110262124
0.0 1237.0 318.0 1480.0 5939.119161142561
0.0 1237.0 318.0 1480.0 5939.119161142561
0.0 1237.0 318.0 1480.0 5939.119161142561
0.0 1843.0 3.0 26.0 63.58086699041833
0.0 1237.0 318.0 1480.0 5939.119161142561
0.0 1843.0 3.0 26.0 63.58086699041833
0.0 1237.0 318.0 1480.0 5939.119161142561
0.0 1237.0 318.0 1480.0 5939.119161142561
0.0 1843.0 3.0 26.0 63.58086699041833
0.0 1237.0 318.0 1480.0 5939.119161142561
0.0 1237.0 318.0 1480.0 5939.119161142561
0.0 1237.0 318.0 1480.0 5939.119161142561
