0.0 1843.0 3.0 26.0 63.58086699041833
0.0 1575.0 145.0 632.0 2671.238288411274
0.0 1561.0 132.0 759.0 2761.7676574776183
0.0 1575.0 145.0 632.0 2671.238288411274
0.0 1555.0 156.0 655.0 2819.8281265000796
0.0 1571.0 144.0 654.0 2697.950334284396
0.0 1555.0 156.0 655.0 2819.8281265000796
0.0 1843.0 3.0 26.0 63.58086699041833
0.0 1843.0 3.0 26.0 63.58086699041833
0.0 1493.0 179.0 909.0 3445.7973298560405
0.0 1843.0 3.0 26.0 63.58086699041833
0.0 1843.0 3.0 26.0 63.58086699041833
0.0 1731.0 63.0 281.0 1145.8225272635555
0.0 1523.0 158.0 801.0 3186.3883165272046
0.0 1731.0 63.0 281.0 1145.8225272635555
0.0 1577.0 139.0 692.0 2683.655753693854
0.0 1555.0 156.0 655.0 2819.8281265000796
0.0 1565.0 136.0 751.0 2751.2379817137635
0.0 1843.0 3.0 26.0 63.58086699041833
0.0 1499.0 190.0 786.0 3409.747984114434
0.0 1843.0 3.0 26.0 63.58086699041833
0.0 1843.0 3.0 26.0 63.58086699041833
0.0 1577.0 139.0 692.0 2683.655753693854
0.0 1575.0 145.0 632.0 2671.238288411274
0.0 1843.0 3.0 26.0 63.58086699041833
0.0 1843.0 3.0 26.0 63.58086699041833
0.0 1663.0 99.0 442.0 1811.2152837325489
0.0 1535.0 163.0 714.0 2996.9812654510083
0.0 1843.0 3.0 26.0 63.58086699041833
0.0 1843.0 3.0 26.0 63.58086699041833
0.0 1843.0 3.0 26.0 63.58086699041833
0.0 1843.0 3.0 26.0 63.58086699041833
0.0 1561.0 159.0 620.0 2766.309257667381
0.0 1843.0 3.0 26.0 63.58086699041833
0.0 1843.0 3.0 26.0 63.58086699041833
0.0 1843.0 3.0 26.0 63.58086699041833
0.0 1843.0 3.0 26.0 63.58086699041833
0.0 1843.0 3.0 26.0 63.58086699041833
0.0 1843.0 3.0 26.0 63.58086699041833
0.0 1493.0 179.0 909.0 3445.7973298560405
0.0 1501.0 169.0 926.0 3424.6649546949593
0.0 1843.0 3.0 26.0 63.58086699041833
0.0 1245.0 313.0 1466.0 5861.695454243781
0.0 1843.0 3.0 26.0 63.58086699041833
0.0 1575.0 145.0 632.0 2671.238288411274
0.0 1843.0 3.0 26.0 63.58086699041833
0.0 1575.0 145.0 632.0 2671.238288411274
0.0 1565.0 136.0 751.0 2751.2379817137635
0.0 1843.0 3.0 26.0 63.58086699041833
0.0 1843.0 3.0 26.0 63.58086699041833
0.0 1843.0 3.0 26.0 63.58086699041833
0.0 1577.0 139.0 692.0 2683.655753693854
0.0 1493.0 179.0 909.0 3445.7973298560405
0.0 1559.0 155.0 642.0 2819.071068821642
0.0 1843.0 3.0 26.0 63.58086699041833
0.0 1567.0 137.0 708.0 2815.0540560123613
0.0 1843.0 3.0 26.0 63.58086699041833
0.0 1843.0 3.0 26.0 63.58086699041833
0.0 1555.0 156.0 655.0 2819.8281265000796
0.0 1843.0 3.0 26.0 63.58086699041833
0.0 1843.0 3.0 26.0 63.58086699041833
0.0 1577.0 139.0 692.0 2683.655753693854
0.0 1555.0 156.0 655.0 2819.8281265000796
0.0 1843.0 3.0 26.0 63.58086699041833
0.0 1565.0 144.0 666.0 2706.6904539654247
0.0 1843.0 3.0 26.0 63.58086699041833
0.0 1843.0 3.0 26.0 63.58086699041833
0.0 1843.0 3.0 26.0 63.58086699041833
0.0 1843.0 3.0 26.0 63.58086699041833
0.0 1567.0 137.0 708.0 2815.0540560123613
0.0 1337.0 263.0 1216.0 4948.232372878139
0.0 1577.0 139.0 692.0 2683.655753693854
0.0 1843.0 3.0 26.0 63.58086699041833
0.0 1843.0 3.0 26.0 63.58086699041833
0.0 1493.0 179.0 909.0 3445.7973298560405
0.0 1515.0 172.0 764.0 3203.430617564621
0.0 1579.0 145.0 627.0 2679.2984959359906
0.0 1843.0 3.0 26.0 63.58086699041833
0.0 1565.0 136.0 751.0 2751.2379817137635
0.0 1843.0 3.0 26.0 63.58086699041833
0.0 1523.0 166.0 780.0 3058.1525573758654
0.0 1493.0 179.0 909.0 3445.7973298560405
0.0 1575.0 145.0 632.0 2671.238288411274
0.0 1507.0 186.0 773.0 3328.282460475248
0.0 1843.0 3.0 26.0 63.58086699041833
0.0 1561.0 132.0 759.0 2761.7676574776183
0.0 1843.0 3.0 26.0 63.58086699041833
0.0 1527.0 158.0 784.0 3111.190655877371
0.0 1493.0 179.0 909.0 3445.7973298560405
0.0 1505.0 178.0 793.0 3347.3871540386112
0.0 1575.0 145.0 632.0 2671.238288411274
0.0 1565.0 136.0 751.0 2751.2379817137635
0.0 1843.0 3.0 26.0 63.58086699041833
0.0 1843.0 3.0 26.0 63.58086699041833
0.0 1577.0 139.0 692.0 2683.655753693854
0.0 1843.0 3.0 26.0 63.58086699041833
0.0 1577.0 139.0 692.0 2683.655753693854
0.0 1843.0 3.0 26.0 63.58086699041833
0.0 1843.0 3.0 26.0 63.58086699041833
0.0 1565.0 136.0 751.0 2751.2379817137635
0.0 1525.0 175.0 693.0 3102.7828039945466
0.0 1843.0 3.0 26.0 63.58086699041833
0.0 1567.0 137.0 708.0 2815.0540560123613
0.0 1843.0 3.0 26.0 63.58086699041833
0.0 1565.0 136.0 751.0 2751.2379817137635
0.0 1843.0 3.0 26.0 63.58086699041833
0.0 1545.0 137.0 853.0 3014.5975556122457
0.0 1493.0 179.0 909.0 3445.7973298560405
0.0 1843.0 3.0 26.0 63.58086699041833
0.0 1843.0 3.0 26.0 63.58086699041833
0.0 1559.0 155.0 642.0 2819.071068821642
0.0 1843.0 3.0 26.0 63.58086699041833
0.0 1577.0 139.0 692.0 2683.655753693854
0.0 1489.0 180.0 921.0 3506.4738481654545
0.0 1843.0 3.0 26.0 63.58086699041833
0.0 1843.0 3.0 26.0 63.58086699041833
0.0 1575.0 145.0 632.0 2671.238288411274
0.0 1843.0 3.0 26.0 63.58086699041833
0.0 1525.0 182.0 688.0 3141.7815467761816
0.0 1843.0 3.0 26.0 63.58086699041833
0.0 1843.0 3.0 26.0 63.58086699041833
0.0 1843.0 3.0 26.0 63.58086699041833
0.0 1555.0 156.0 655.0 2819.8281265000796
0.0 1575.0 145.0 632.0 2671.238288411274
0.0 1493.0 179.0 909.0 3445.7973298560405
0.0 1843.0 3.0 26.0 63.58086699041833
0.0 1585.0 131.0 671.0 2491.732970599459
0.0 1579.0 145.0 627.0 2679.2984959359906
0.0 1577.0 139.0 692.0 2683.655753693854
0.0 1843.0 3.0 26.0 63.58086699041833
0.0 1493.0 179.0 909.0 3445.7973298560405
0.0 1843.0 3.0 26.0 63.58086699041833
0.0 1843.0 3.0 26.0 63.58086699041833
0.0 1843.0 3.0 26.0 63.58086699041833
0.0 1577.0 139.0 692.0 2683.655753693854
0.0 1549.0 161.0 660.0 2928.5081542001612
0.0 1549.0 167.0 654.0 2917.497754395401
0.0 1507.0 181.0 782.0 3295.8108607729137
0.0 1237.0 318.0 1480.0 5939.119161142561
0.0 1237.0 318.0 1480.0 5939.119161142561
0.0 1237.0 318.0 1480.0 5939.119161142561
0.0 1545.0 137.0 853.0 3014.5975556122457
0.0 1237.0 318.0 1480.0 5939.119161142561
0.0 1237.0 318.0 1480.0 5939.119161142561
0.0 1237.0 318.0 1480.0 5939.119161142561
0.0 1237.0 318.0 1480.0 5939.119161142561
0.0 1237.0 318.0 1480.0 5939.119161142561
0.0 1577.0 139.0 692.0 2683.655753693854
0.0 1237.0 318.0 1480.0 5939.119161142561
0.0 1237.0 318.0 1480.0 5939.119161142561
0.0 1555.0 156.0 655.0 2819.8281265000796
0.0 1565.0 136.0 751.0 2751.2379817137635
0.0 1731.0 63.0 281.0 1145.8225272635555
0.0 1317.0 271.0 1279.0 5184.329814191844
0.0 1567.0 137.0 708.0 2815.0540560123613
0.0 1507.0 186.0 773.0 3328.282460475248
0.0 1575.0 145.0 632.0 2671.238288411274
0.0 1577.0 139.0 692.0 2683.655753693854
0.0 1321.0 276.0 1290.0 5113.897735123747
0.0 1503.0 176.0 854.0 3373.0687260974564
0.0 1527.0 158.0 777.0 3115.061443817419
0.0 1567.0 137.0 708.0 2815.0540560123613
0.0 1555.0 156.0 655.0 2819.8281265000796
0.0 1561.0 132.0 759.0 2761.7676574776183
0.0 1575.0 145.0 632.0 2671.238288411274
0.0 1567.0 150.0 650.0 2740.63905123337
0.0 1575.0 145.0 632.0 2671.238288411274
0.0 1493.0 179.0 909.0 3445.7973298560405
0.0 1575.0 145.0 632.0 2671.238288411274
0.0 1513.0 182.0 746.0 3248.985350889777
0.0 1565.0 136.0 751.0 2751.2379817137635
0.0 1591.0 136.0 620.0 2477.1167767695033
0.0 1565.0 136.0 751.0 2751.2379817137635
0.0 1555.0 156.0 655.0 2819.8281265000796
0.0 1555.0 156.0 655.0 2819.8281265000796
0.0 1493.0 179.0 909.0 3445.7973298560405
0.0 1555.0 156.0 655.0 2819.8281265000796
0.0 1555.0 156.0 655.0 2819.8281265000796
0.0 1493.0 179.0 909.0 3445.7973298560405
0.0 1565.0 144.0 666.0 2706.6904539654247
0.0 1489.0 180.0 921.0 3506.4738481654545
0.0 1489.0 180.0 921.0 3506.4738481654545
0.0 1549.0 167.0 654.0 2917.497754395401
0.0 1519.0 157.0 840.0 3223.689324100671
0.0 1523.0 166.0 780.0 3058.1525573758654
0.0 1515.0 172.0 764.0 3203.430617564621
0.0 1577.0 139.0 692.0 2683.655753693854
0.0 1513.0 182.0 746.0 3248.985350889777
0.0 1555.0 156.0 655.0 2819.8281265000796
0.0 1567.0 137.0 708.0 2815.0540560123613
0.0 1513.0 179.0 757.0 3267.4874238399493
0.0 1577.0 139.0 692.0 2683.655753693854
0.0 1555.0 156.0 655.0 2819.8281265000796
0.0 1575.0 145.0 632.0 2671.238288411274
0.0 1577.0 139.0 692.0 2683.655753693854
0.0 1245.0 313.0 1466.0 5861.695454243781
0.0 1731.0 63.0 281.0 1145.8225272635555
0.0 1501.0 186.0 849.0 3315.5626406544006
0.0 1493.0 179.0 909.0 3445.7973298560405
0.0 1555.0 156.0 655.0 2819.8281265000796
0.0 1513.0 182.0 746.0 3248.985350889777
0.0 1577.0 139.0 692.0 2683.655753693854
0.0 1585.0 131.0 671.0 2491.732970599459
0.0 1559.0 155.0 642.0 2819.071068821642
0.0 1517.0 165.0 819.0 3210.0901501736594
0.0 1591.0 136.0 620.0 2477.1167767695033
0.0 1549.0 161.0 660.0 2928.5081542001612
0.0 1555.0 156.0 655.0 2819.8281265000796
0.0 1523.0 166.0 780.0 3058.1525573758654
0.0 1565.0 136.0 751.0 2751.2379817137635
0.0 1513.0 182.0 746.0 3248.985350889777
0.0 1321.0 276.0 1290.0 5113.897735123747
0.0 1501.0 186.0 849.0 3315.5626406544006
0.0 1567.0 150.0 650.0 2740.63905123337
0.0 1575.0 145.0 632.0 2671.238288411274
0.0 1527.0 172.0 728.0 3088.6200095460345
0.0 1545.0 149.0 736.0 2912.5398493291987
0.0 1493.0 179.0 909.0 3445.7973298560405
0.0 1489.0 180.0 921.0 3506.4738481654545
0.0 1577.0 139.0 692.0 2683.655753693854
0.0 1549.0 161.0 660.0 2928.5081542001612
0.0 1507.0 181.0 782.0 3295.8108607729137
0.0 1575.0 145.0 632.0 2671.238288411274
0.0 1567.0 137.0 708.0 2815.0540560123613
0.0 1545.0 149.0 736.0 2912.5398493291987
0.0 1579.0 145.0 627.0 2679.2984959359906
0.0 1565.0 136.0 751.0 2751.2379817137635
0.0 1237.0 318.0 1480.0 5939.119161142561
0.0 1237.0 318.0 1480.0 5939.119161142561
0.0 1237.0 318.0 1480.0 5939.119161142561
0.0 1519.0 157.0 840.0 3223.689324100671
0.0 1237.0 318.0 1480.0 5939.119161142561
0.0 1237.0 318.0 1480.0 5939.119161142561
0.0 1237.0 318.0 1480.0 5939.119161142561
0.0 1237.0 318.0 1480.0 5939.119161142561
0.0 1237.0 318.0 1480.0 5939.119161142561
0.0 1237.0 318.0 1480.0 5939.119161142561
0.0 1237.0 318.0 1480.0 5939.119161142561
0.0 1237.0 318.0 1480.0 5939.119161142561
0.0 1237.0 318.0 1480.0 5939.119161142561
0.0 1237.0 318.0 1480.0 5939.119161142561
0.0 1237.0 318.0 1480.0 5939.119161142561
0.0 1237.0 318.0 1480.0 5939.119161142561
0.0 1237.0 318.0 1480.0 5939.119161142561
0.0 1237.0 318.0 1480.0 5939.119161142561
0.0 1237.0 318.0 1480.0 5939.119161142561
0.0 1237.0 318.0 1480.0 5939.119161142561
0.0 1237.0 318.0 1480.0 5939.119161142561
0.0 1237.0 318.0 1480.0 5939.119161142561
0.0 1237.0 318.0 1480.0 5939.119161142561
0.0 1237.0 318.0 1480.0 5939.119161142561
0.0 1237.0 318.0 1480.0 5939.119161142561
0.0 1237.0 318.0 1480.0 5939.119161142561
0.0 1237.0 318.0 1480.0 5939.119161142561
0.0 1237.0 318.0 1480.0 5939.119161142561
0.0 1237.0 318.0 1480.0 5939.119161142561
0.0 1237.0 318.0 1480.0 5939.119161142561
0.0 1237.0 318.0 1480.0 5939.119161142561
0.0 1237.0 318.0 1480.0 5939.119161142561
0.0 1237.0 318.0 1480.0 5939.119161142561
0.0 1237.0 318.0 1480.0 5939.119161142561
0.0 1577.0 139.0 692.0 2683.655753693854
0.0 1237.0 318.0 1480.0 5939.119161142561
0.0 1237.0 318.0 1480.0 5939.119161142561
0.0 1237.0 318.0 1480.0 5939.119161142561
0.0 1237.0 318.0 1480.0 5939.119161142561
0.0 1237.0 318.0 1480.0 5939.119161142561
0.0 1237.0 318.0 1480.0 5939.119161142561
0.0 1237.0 318.0 1480.0 5939.119161142561
0.0 1237.0 318.0 1480.0 5939.119161142561
0.0 1237.0 318.0 1480.0 5939.119161142561
0.0 1237.0 318.0 1480.0 5939.119161142561
0.0 1237.0 318.0 1480.0 5939.119161142561
0.0 1237.0 318.0 1480.0 5939.119161142561
0.0 1237.0 318.0 1480.0 5939.119161142561
0.0 1237.0 318.0 1480.0 5939.119161142561
0.0 1843.0 3.0 26.0 63.58086699041833
0.0 1237.0 318.0 1480.0 5939.119161142561
0.0 1843.0 3.0 26.0 63.58086699041833
0.0 1237.0 318.0 1480.0 5939.119161142561
0.0 1843.0 3.0 26.0 63.58086699041833
0.0 1843.0 3.0 26.0 63.58086699041833
0.0 1237.0 318.0 1480.0 5939.119161142561
0.0 1237.0 318.0 1480.0 5939.119161142561
0.0 1237.0 318.0 1480.0 5939.119161142561
0.0 1843.0 3.0 26.0 63.58086699041833
0.0 1237.0 318.0 1480.0 5939.119161142561
0.0 1237.0 318.0 1480.0 5939.119161142561
0.0 1843.0 3.0 26.0 63.58086699041833
0.0 1843.0 3.0 26.0 63.58086699041833
0.0 1843.0 3.0 26.0 63.58086699041833
0.0 1237.0 318.0 1480.0 5939.119161142561
0.0 1237.0 318.0 1480.0 5939.119161142561
0.0 1237.0 318.0 1480.0 5939.119161142561
0.0 1843.0 3.0 26.0 63.58086699041833
0.0 1513.0 182.0 746.0 3248.985350889777
0.0 1843.0 3.0 26.0 63.58086699041833
