0.0 1563.0 153.0 685.0 2706.3226130419102
0.0 1337.0 267.0 1272.0 4975.22190715831
0.0 1537.0 153.0 771.0 3024.0955554855223
0.0 1575.0 146.0 644.0 2681.1388190485923
0.0 1561.0 148.0 697.0 2787.3011595824846
0.0 1531.0 151.0 823.0 3205.17086803509
0.0 1547.0 148.0 743.0 2927.558530680538
0.0 1553.0 145.0 743.0 2825.5126814986006
0.0 1561.0 156.0 664.0 2748.473258686718
0.0 1565.0 145.0 690.0 2777.7855605296068
0.0 1567.0 146.0 667.0 2764.5602400965613
0.0 1579.0 138.0 681.0 2631.006069649983
0.0 1567.0 152.0 633.0 2722.523001101849
0.0 1563.0 153.0 685.0 2706.3226130419102
0.0 1555.0 136.0 827.0 2883.3987995540438
0.0 1575.0 140.0 701.0 2674.113363728916
0.0 1511.0 188.0 756.0 3291.9614971723804
0.0 1569.0 141.0 639.0 2702.0530986619215
0.0 1561.0 146.0 706.0 2839.752202502919
0.0 1513.0 181.0 754.0 3283.331688922595
0.0 1561.0 148.0 697.0 2787.3011595824846
0.0 1555.0 148.0 724.0 2850.4225965181427
0.0 1565.0 139.0 727.0 2794.8794014048794
0.0 1579.0 138.0 681.0 2631.006069649983
0.0 1519.0 164.0 808.0 3220.579333707473
0.0 1555.0 136.0 827.0 2883.3987995540438
0.0 1495.0 186.0 826.0 3428.569518793655
0.0 1541.0 167.0 659.0 2915.7813773505686
0.0 1549.0 165.0 668.0 2933.166406247305
0.0 1541.0 167.0 659.0 2915.7813773505686
0.0 1553.0 162.0 639.0 2908.308999034118
0.0 1515.0 177.0 780.0 3224.5583100431527
0.0 1561.0 146.0 706.0 2839.752202502919
0.0 1509.0 181.0 771.0 3349.0106654569176
0.0 1493.0 180.0 904.0 3415.654780543183
0.0 1561.0 148.0 697.0 2787.3011595824846
0.0 1559.0 153.0 701.0 2762.8609714147224
0.0 1565.0 154.0 661.0 2784.8132628020912
0.0 1529.0 180.0 673.0 3095.1707088286894
0.0 1549.0 165.0 668.0 2933.166406247305
0.0 1555.0 140.0 765.0 2844.7464740056917
0.0 1237.0 318.0 1480.0 5939.119161142561
0.0 1237.0 318.0 1480.0 5939.119161142561
0.0 1541.0 167.0 659.0 2915.7813773505686
0.0 1237.0 318.0 1480.0 5939.119161142561
0.0 1237.0 318.0 1480.0 5939.119161142561
0.0 1529.0 178.0 699.0 3134.3620932102845
0.0 1237.0 318.0 1480.0 5939.119161142561
0.0 1237.0 318.0 1480.0 5939.119161142561
0.0 1237.0 318.0 1480.0 5939.119161142561
0.0 1553.0 154.0 674.0 2794.54806730998
0.0 1237.0 318.0 1480.0 5939.119161142561
0.0 1579.0 138.0 681.0 2631.006069649983
0.0 1575.0 146.0 644.0 2681.1388190485923
0.0 1577.0 142.0 616.0 2633.1211410350243
0.0 1237.0 318.0 1480.0 5939.119161142561
0.0 1237.0 318.0 1480.0 5939.119161142561
0.0 1237.0 318.0 1480.0 5939.119161142561
0.0 1237.0 318.0 1480.0 5939.119161142561
0.0 1237.0 318.0 1480.0 5939.119161142561
0.0 1237.0 318.0 1480.0 5939.119161142561
0.0 1563.0 153.0 685.0 2706.3226130419102
0.0 1519.0 169.0 786.0 3230.3794116181193
0.0 1571.0 149.0 618.0 2720.6428714927542
0.0 1237.0 318.0 1480.0 5939.119161142561
0.0 1237.0 318.0 1480.0 5939.119161142561
0.0 1549.0 165.0 668.0 2933.166406247305
0.0 1493.0 183.0 855.0 3455.3380902294725
0.0 1579.0 138.0 681.0 2631.006069649983
0.0 1237.0 318.0 1480.0 5939.119161142561
0.0 1561.0 146.0 706.0 2839.752202502919
0.0 1237.0 318.0 1480.0 5939.119161142561
0.0 1237.0 318.0 1480.0 5939.119161142561
0.0 1237.0 318.0 1480.0 5939.119161142561
0.0 1521.0 162.0 820.0 3179.4468807611265
0.0 1567.0 152.0 633.0 2722.523001101849
0.0 1557.0 151.0 674.0 2854.9488820708066
0.0 1237.0 318.0 1480.0 5939.119161142561
0.0 1541.0 167.0 659.0 2915.7813773505686
0.0 1237.0 318.0 1480.0 5939.119161142561
0.0 1237.0 318.0 1480.0 5939.119161142561
0.0 1563.0 145.0 745.0 2784.8107894217833
0.0 1509.0 180.0 814.0 3246.5980915099094
0.0 1567.0 152.0 633.0 2722.523001101849
0.0 1567.0 152.0 633.0 2722.523001101849
0.0 1237.0 318.0 1480.0 5939.119161142561
0.0 1561.0 146.0 706.0 2839.752202502919
0.0 1549.0 165.0 668.0 2933.166406247305
0.0 1531.0 150.0 844.0 3120.7100690392463
0.0 1575.0 140.0 701.0 2674.113363728916
0.0 1237.0 318.0 1480.0 5939.119161142561
0.0 1237.0 318.0 1480.0 5939.119161142561
0.0 1237.0 318.0 1480.0 5939.119161142561
0.0 1553.0 145.0 743.0 2825.5126814986006
0.0 1529.0 158.0 841.0 3074.098276581405
0.0 1567.0 146.0 667.0 2764.5602400965613
0.0 1553.0 145.0 743.0 2825.5126814986006
0.0 1549.0 165.0 668.0 2933.166406247305
0.0 1567.0 152.0 633.0 2722.523001101849
0.0 1513.0 181.0 754.0 3283.331688922595
0.0 1511.0 173.0 843.0 3315.429063737285
0.0 1541.0 167.0 659.0 2915.7813773505686
0.0 1553.0 145.0 743.0 2825.5126814986006
0.0 1555.0 148.0 724.0 2850.4225965181427
0.0 1511.0 188.0 756.0 3291.9614971723804
0.0 1511.0 188.0 756.0 3291.9614971723804
0.0 1561.0 148.0 697.0 2787.3011595824846
0.0 1567.0 152.0 633.0 2722.523001101849
0.0 1549.0 165.0 668.0 2933.166406247305
0.0 1519.0 169.0 786.0 3230.3794116181193
0.0 1565.0 154.0 661.0 2784.8132628020912
0.0 1577.0 149.0 579.0 2628.150793675089
0.0 1547.0 148.0 743.0 2927.558530680538
0.0 1529.0 178.0 699.0 3134.3620932102845
0.0 1593.0 134.0 628.0 2536.11206833624
0.0 1579.0 138.0 681.0 2631.006069649983
0.0 1561.0 156.0 664.0 2748.473258686718
0.0 1537.0 153.0 771.0 3024.0955554855223
0.0 1571.0 149.0 618.0 2720.6428714927542
0.0 1513.0 181.0 754.0 3283.331688922595
0.0 1495.0 186.0 826.0 3428.569518793655
0.0 1337.0 267.0 1272.0 4975.22190715831
0.0 1511.0 169.0 815.0 3325.0710216881985
0.0 1555.0 140.0 765.0 2844.7464740056917
0.0 1563.0 153.0 685.0 2706.3226130419102
0.0 1519.0 182.0 738.0 3228.6829344174303
0.0 1551.0 152.0 706.0 2875.707766946918
0.0 1579.0 138.0 681.0 2631.006069649983
0.0 1575.0 140.0 701.0 2674.113363728916
0.0 1561.0 146.0 706.0 2839.752202502919
0.0 1539.0 163.0 705.0 3021.0246855372325
0.0 1557.0 155.0 650.0 2870.6830569391327
0.0 1541.0 154.0 738.0 2989.263402138924
0.0 1515.0 172.0 789.0 3270.0803547959467
0.0 1539.0 163.0 705.0 3021.0246855372325
0.0 1237.0 318.0 1480.0 5939.119161142561
0.0 1565.0 154.0 661.0 2784.8132628020912
0.0 1237.0 318.0 1480.0 5939.119161142561
0.0 1237.0 318.0 1480.0 5939.119161142561
0.0 1237.0 318.0 1480.0 5939.119161142561
0.0 1237.0 318.0 1480.0 5939.119161142561
0.0 1237.0 318.0 1480.0 5939.119161142561
0.0 1237.0 318.0 1480.0 5939.119161142561
0.0 1237.0 318.0 1480.0 5939.119161142561
0.0 1237.0 318.0 1480.0 5939.119161142561
0.0 1237.0 318.0 1480.0 5939.119161142561
0.0 1237.0 318.0 1480.0 5939.119161142561
0.0 1237.0 318.0 1480.0 5939.119161142561
0.0 1567.0 152.0 633.0 2722.523001101849
0.0 1519.0 169.0 786.0 3230.3794116181193
0.0 1575.0 146.0 644.0 2681.1388190485923
0.0 1521.0 162.0 820.0 3179.4468807611265
0.0 1843.0 3.0 26.0 63.58086699041833
0.0 1555.0 136.0 827.0 2883.3987995540438
0.0 1237.0 318.0 1480.0 5939.119161142561
0.0 1519.0 164.0 808.0 3220.579333707473
0.0 1237.0 318.0 1480.0 5939.119161142561
0.0 1843.0 3.0 26.0 63.58086699041833
0.0 1237.0 318.0 1480.0 5939.119161142561
0.0 1237.0 318.0 1480.0 5939.119161142561
0.0 1843.0 3.0 26.0 63.58086699041833
0.0 1843.0 3.0 26.0 63.58086699041833
0.0 1237.0 318.0 1480.0 5939.119161142561
0.0 1843.0 3.0 26.0 63.58086699041833
0.0 1843.0 3.0 26.0 63.58086699041833
0.0 1237.0 318.0 1480.0 5939.119161142561
0.0 1579.0 138.0 681.0 2631.006069649983
0.0 1237.0 318.0 1480.0 5939.119161142561
0.0 1843.0 3.0 26.0 63.58086699041833
0.0 1519.0 162.0 861.0 3298.9257132118973
0.0 1237.0 318.0 1480.0 5939.119161142561
0.0 1843.0 3.0 26.0 63.58086699041833
0.0 1843.0 3.0 26.0 63.58086699041833
0.0 1237.0 318.0 1480.0 5939.119161142561
0.0 1843.0 3.0 26.0 63.58086699041833
0.0 1843.0 3.0 26.0 63.58086699041833
0.0 1237.0 318.0 1480.0 5939.119161142561
0.0 1237.0 318.0 1480.0 5939.119161142561
0.0 1843.0 3.0 26.0 63.58086699041833
0.0 1843.0 3.0 26.0 63.58086699041833
0.0 1237.0 318.0 1480.0 5939.119161142561
0.0 1237.0 318.0 1480.0 5939.119161142561
0.0 1237.0 318.0 1480.0 5939.119161142561
0.0 1843.0 3.0 26.0 63.58086699041833
0.0 1237.0 318.0 1480.0 5939.119161142561
0.0 1843.0 3.0 26.0 63.58086699041833
0.0 1843.0 3.0 26.0 63.58086699041833
0.0 1843.0 3.0 26.0 63.58086699041833
0.0 1843.0 3.0 26.0 63.58086699041833
0.0 1237.0 318.0 1480.0 5939.119161142561
0.0 1843.0 3.0 26.0 63.58086699041833
0.0 1843.0 3.0 26.0 63.58086699041833
0.0 1843.0 3.0 26.0 63.58086699041833
0.0 1843.0 3.0 26.0 63.58086699041833
0.0 1843.0 3.0 26.0 63.58086699041833
0.0 1843.0 3.0 26.0 63.58086699041833
0.0 1237.0 318.0 1480.0 5939.119161142561
0.0 1237.0 318.0 1480.0 5939.119161142561
0.0 1237.0 318.0 1480.0 5939.119161142561
0.0 1843.0 3.0 26.0 63.58086699041833
0.0 1237.0 318.0 1480.0 5939.119161142561
0.0 1237.0 318.0 1480.0 5939.119161142561
0.0 1237.0 318.0 1480.0 5939.119161142561
0.0 1843.0 3.0 26.0 63.58086699041833
0.0 1237.0 318.0 1480.0 5939.119161142561
0.0 1509.0 174.0 858.0 3382.334616279062
0.0 1843.0 3.0 26.0 63.58086699041833
0.0 1511.0 188.0 756.0 3291.9614971723804
0.0 1843.0 3.0 26.0 63.58086699041833
0.0 1237.0 318.0 1480.0 5939.119161142561
0.0 1843.0 3.0 26.0 63.58086699041833
0.0 1843.0 3.0 26.0 63.58086699041833
0.0 1237.0 318.0 1480.0 5939.119161142561
0.0 1513.0 174.0 802.0 3244.8130727634757
0.0 1237.0 318.0 1480.0 5939.119161142561
0.0 1529.0 180.0 673.0 3095.1707088286894
0.0 1843.0 3.0 26.0 63.58086699041833
0.0 1565.0 145.0 690.0 2777.7855605296068
0.0 1843.0 3.0 26.0 63.58086699041833
0.0 1493.0 180.0 904.0 3415.654780543183
0.0 1843.0 3.0 26.0 63.58086699041833
0.0 1843.0 3.0 26.0 63.58086699041833
0.0 1553.0 145.0 743.0 2825.5126814986006
0.0 1843.0 3.0 26.0 63.58086699041833
0.0 1513.0 171.0 829.0 3298.112290840424
0.0 1843.0 3.0 26.0 63.58086699041833
0.0 1561.0 146.0 706.0 2839.752202502919
0.0 1843.0 3.0 26.0 63.58086699041833
0.0 1237.0 318.0 1480.0 5939.119161142561
0.0 1843.0 3.0 26.0 63.58086699041833
0.0 1843.0 3.0 26.0 63.58086699041833
0.0 1843.0 3.0 26.0 63.58086699041833
0.0 1843.0 3.0 26.0 63.58086699041833
0.0 1843.0 3.0 26.0 63.58086699041833
0.0 1843.0 3.0 26.0 63.58086699041833
0.0 1237.0 318.0 1480.0 5939.119161142561
0.0 1237.0 318.0 1480.0 5939.119161142561
0.0 1237.0 318.0 1480.0 5939.119161142561
0.0 1237.0 318.0 1480.0 5939.119161142561
0.0 1237.0 318.0 1480.0 5939.119161142561
0.0 1237.0 318.0 1480.0 5939.119161142561
0.0 1843.0 3.0 26.0 63.58086699041833
0.0 1567.0 146.0 667.0 2764.5602400965613
0.0 1843.0 3.0 26.0 63.58086699041833
0.0 1577.0 149.0 579.0 2628.150793675089
0.0 1843.0 3.0 26.0 63.58086699041833
0.0 1237.0 318.0 1480.0 5939.119161142561
0.0 1843.0 3.0 26.0 63.58086699041833
0.0 1843.0 3.0 26.0 63.58086699041833
0.0 1843.0 3.0 26.0 63.58086699041833
0.0 1843.0 3.0 26.0 63.58086699041833
0.0 1237.0 318.0 1480.0 5939.119161142561
0.0 1237.0 318.0 1480.0 5939.119161142561
0.0 1843.0 3.0 26.0 63.58086699041833
0.0 1843.0 3.0 26.0 63.58086699041833
0.0 1237.0 318.0 1480.0 5939.119161142561
0.0 1237.0 318.0 1480.0 5939.119161142561
0.0 1843.0 3.0 26.0 63.58086699041833
0.0 1555.0 148.0 724.0 2850.4225965181427
0.0 1237.0 318.0 1480.0 5939.119161142561
0.0 1843.0 3.0 26.0 63.58086699041833
0.0 1843.0 3.0 26.0 63.58086699041833
0.0 1843.0 3.0 26.0 63.58086699041833
0.0 1563.0 145.0 745.0 2784.8107894217833
0.0 1843.0 3.0 26.0 63.58086699041833
0.0 1533.0 181.0 703.0 2999.2257368652895
0.0 1843.0 3.0 26.0 63.58086699041833
0.0 1561.0 148.0 697.0 2787.3011595824846
0.0 1843.0 3.0 26.0 63.58086699041833
0.0 1843.0 3.0 26.0 63.58086699041833
0.0 1541.0 167.0 659.0 2915.7813773505686
0.0 1843.0 3.0 26.0 63.58086699041833
0.0 1843.0 3.0 26.0 63.58086699041833
0.0 1843.0 3.0 26.0 63.58086699041833
0.0 1843.0 3.0 26.0 63.58086699041833
0.0 1531.0 151.0 823.0 3205.17086803509
0.0 1843.0 3.0 26.0 63.58086699041833
0.0 1843.0 3.0 26.0 63.58086699041833
0.0 1843.0 3.0 26.0 63.58086699041833
0.0 1843.0 3.0 26.0 63.58086699041833
0.0 1843.0 3.0 26.0 63.58086699041833
0.0 1843.0 3.0 26.0 63.58086699041833
0.0 1549.0 165.0 668.0 2933.166406247305
0.0 1843.0 3.0 26.0 63.58086699041833
0.0 1843.0 3.0 26.0 63.58086699041833
0.0 1843.0 3.0 26.0 63.58086699041833
0.0 1843.0 3.0 26.0 63.58086699041833
0.0 1843.0 3.0 26.0 63.58086699041833
0.0 1843.0 3.0 26.0 63.58086699041833
0.0 1843.0 3.0 26.0 63.58086699041833
0.0 1843.0 3.0 26.0 63.58086699041833
0.0 1843.0 3.0 26.0 63.58086699041833
0.0 1513.0 181.0 754.0 3283.331688922595
0.0 1509.0 181.0 771.0 3349.0106654569176
0.0 1843.0 3.0 26.0 63.58086699041833
0.0 1843.0 3.0 26.0 63.58086699041833
