0.0 1519.0 174.0 795.0 3199.372232029021
0.0 1553.0 165.0 655.0 2847.916981420435
0.0 1547.0 162.0 661.0 2923.7648729443076
0.0 1513.0 180.0 795.0 3238.2926576369455
0.0 1547.0 162.0 661.0 2923.7648729443076
0.0 1567.0 142.0 688.0 2722.543629026478
0.0 1541.0 164.0 705.0 2969.681050223746
0.0 1529.0 173.0 720.0 3101.8774734556614
0.0 1567.0 150.0 654.0 2738.39657309041
0.0 1521.0 167.0 760.0 3180.2868258444073
0.0 1565.0 138.0 744.0 2729.6909335975947
0.0 1523.0 177.0 725.0 3122.8347172713557
0.0 1569.0 135.0 749.0 2753.214104998581
0.0 1561.0 145.0 703.0 2829.1861084637253
0.0 1547.0 150.0 736.0 2976.913161870479
0.0 1519.0 180.0 779.0 3219.678354912839
0.0 1571.0 151.0 609.0 2698.4778385066843
0.0 1561.0 145.0 703.0 2829.1861084637253
0.0 1501.0 181.0 854.0 3416.445338604226
0.0 1541.0 149.0 731.0 2989.735823605319
0.0 1561.0 140.0 701.0 2835.3856890457437
0.0 1535.0 163.0 729.0 3066.2808903148043
0.0 1561.0 149.0 643.0 2768.844705298777
0.0 1551.0 152.0 727.0 2826.844953242873
0.0 1525.0 176.0 714.0 3155.5913640863946
0.0 1505.0 178.0 832.0 3349.6262642763795
0.0 1555.0 162.0 678.0 2869.1524412236163
0.0 1505.0 180.0 767.0 3341.1267473498497
0.0 1553.0 145.0 830.0 2880.283952010742
0.0 1553.0 145.0 830.0 2880.283952010742
0.0 1553.0 150.0 682.0 2795.7731571472123
0.0 1525.0 174.0 741.0 3198.5022571364025
0.0 1551.0 160.0 693.0 2869.9589754132394
0.0 1547.0 164.0 667.0 2868.710643560291
0.0 1553.0 145.0 830.0 2880.283952010742
0.0 1541.0 170.0 687.0 2949.8247941603345
0.0 1497.0 191.0 804.0 3436.454166804338
0.0 1521.0 165.0 849.0 3131.223762574253
0.0 1535.0 153.0 799.0 2987.57685166302
0.0 1587.0 137.0 634.0 2596.7067998171897
0.0 1521.0 171.0 765.0 3149.716618652675
0.0 1529.0 160.0 754.0 3163.6813378669935
0.0 1569.0 150.0 617.0 2711.8056311366113
0.0 1501.0 181.0 854.0 3416.445338604226
0.0 1565.0 142.0 696.0 2741.970435846276
0.0 1563.0 150.0 710.0 2761.0685428691077
0.0 1497.0 183.0 834.0 3434.9899549904258
0.0 1551.0 154.0 704.0 2919.3650989854514
0.0 1507.0 179.0 790.0 3346.42879979258
0.0 1555.0 163.0 669.0 2910.9976226543877
0.0 1561.0 140.0 701.0 2835.3856890457437
0.0 1555.0 145.0 745.0 2897.7097745758624
0.0 1563.0 140.0 713.0 2719.8788813113924
0.0 1563.0 140.0 713.0 2719.8788813113924
0.0 1535.0 157.0 769.0 3045.138273989611
0.0 1567.0 150.0 654.0 2738.39657309041
0.0 1521.0 165.0 849.0 3131.223762574253
0.0 1575.0 151.0 623.0 2645.7945146990414
0.0 1593.0 128.0 614.0 2428.707588388281
0.0 1507.0 172.0 861.0 3286.855235046682
0.0 1563.0 142.0 659.0 2763.332039493438
0.0 1531.0 171.0 699.0 3127.4627413805447
0.0 1237.0 318.0 1480.0 5939.119161142561
0.0 1551.0 161.0 689.0 2918.9647007153317
0.0 1237.0 318.0 1480.0 5939.119161142561
0.0 1237.0 318.0 1480.0 5939.119161142561
0.0 1513.0 180.0 795.0 3238.2926576369455
0.0 1237.0 318.0 1480.0 5939.119161142561
0.0 1237.0 318.0 1480.0 5939.119161142561
0.0 1237.0 318.0 1480.0 5939.119161142561
0.0 1501.0 181.0 854.0 3416.445338604226
0.0 1237.0 318.0 1480.0 5939.119161142561
0.0 1843.0 3.0 26.0 63.58086699041833
0.0 1237.0 318.0 1480.0 5939.119161142561
0.0 1543.0 160.0 672.0 2929.4996818998584
0.0 1843.0 3.0 26.0 63.58086699041833
0.0 1525.0 160.0 807.0 3163.613896607081
0.0 1843.0 3.0 26.0 63.58086699041833
0.0 1843.0 3.0 26.0 63.58086699041833
0.0 1843.0 3.0 26.0 63.58086699041833
0.0 1843.0 3.0 26.0 63.58086699041833
0.0 1237.0 318.0 1480.0 5939.119161142561
0.0 1237.0 318.0 1480.0 5939.119161142561
0.0 1521.0 165.0 849.0 3131.223762574253
0.0 1237.0 318.0 1480.0 5939.119161142561
0.0 1237.0 318.0 1480.0 5939.119161142561
0.0 1237.0 318.0 1480.0 5939.119161142561
0.0 1237.0 318.0 1480.0 5939.119161142561
0.0 1237.0 318.0 1480.0 5939.119161142561
0.0 1537.0 169.0 697.0 3027.228128444121
0.0 1237.0 318.0 1480.0 5939.119161142561
0.0 1843.0 3.0 26.0 63.58086699041833
0.0 1237.0 318.0 1480.0 5939.119161142561
0.0 1843.0 3.0 26.0 63.58086699041833
0.0 1843.0 3.0 26.0 63.58086699041833
0.0 1237.0 318.0 1480.0 5939.119161142561
0.0 1843.0 3.0 26.0 63.58086699041833
0.0 1237.0 318.0 1480.0 5939.119161142561
0.0 1237.0 318.0 1480.0 5939.119161142561
0.0 1843.0 3.0 26.0 63.58086699041833
0.0 1237.0 318.0 1480.0 5939.119161142561
0.0 1237.0 318.0 1480.0 5939.119161142561
0.0 1561.0 140.0 701.0 2835.3856890457437
0.0 1571.0 151.0 609.0 2698.4778385066843
0.0 1843.0 3.0 26.0 63.58086699041833
0.0 1843.0 3.0 26.0 63.58086699041833
0.0 1237.0 318.0 1480.0 5939.119161142561
0.0 1237.0 318.0 1480.0 5939.119161142561
0.0 1843.0 3.0 26.0 63.58086699041833
0.0 1507.0 172.0 861.0 3286.855235046682
0.0 1843.0 3.0 26.0 63.58086699041833
0.0 1541.0 164.0 705.0 2969.681050223746
0.0 1843.0 3.0 26.0 63.58086699041833
0.0 1843.0 3.0 26.0 63.58086699041833
0.0 1843.0 3.0 26.0 63.58086699041833
0.0 1843.0 3.0 26.0 63.58086699041833
0.0 1843.0 3.0 26.0 63.58086699041833
0.0 1843.0 3.0 26.0 63.58086699041833
0.0 1237.0 318.0 1480.0 5939.119161142561
0.0 1843.0 3.0 26.0 63.58086699041833
0.0 1843.0 3.0 26.0 63.58086699041833
0.0 1843.0 3.0 26.0 63.58086699041833
0.0 1237.0 318.0 1480.0 5939.119161142561
0.0 1551.0 150.0 739.0 2938.5456895324305
0.0 1237.0 318.0 1480.0 5939.119161142561
0.0 1843.0 3.0 26.0 63.58086699041833
0.0 1843.0 3.0 26.0 63.58086699041833
0.0 1237.0 318.0 1480.0 5939.119161142561
0.0 1533.0 155.0 809.0 3088.957884520144
0.0 1843.0 3.0 26.0 63.58086699041833
0.0 1237.0 318.0 1480.0 5939.119161142561
0.0 1575.0 151.0 623.0 2645.7945146990414
0.0 1843.0 3.0 26.0 63.58086699041833
0.0 1843.0 3.0 26.0 63.58086699041833
0.0 1563.0 140.0 713.0 2719.8788813113924
0.0 1843.0 3.0 26.0 63.58086699041833
0.0 1519.0 174.0 795.0 3199.372232029021
0.0 1843.0 3.0 26.0 63.58086699041833
0.0 1547.0 150.0 774.0 2936.8477497049817
0.0 1843.0 3.0 26.0 63.58086699041833
0.0 1843.0 3.0 26.0 63.58086699041833
0.0 1537.0 160.0 735.0 3068.360613181131
0.0 1843.0 3.0 26.0 63.58086699041833
0.0 1843.0 3.0 26.0 63.58086699041833
0.0 1565.0 138.0 744.0 2729.6909335975947
0.0 1843.0 3.0 26.0 63.58086699041833
0.0 1843.0 3.0 26.0 63.58086699041833
0.0 1843.0 3.0 26.0 63.58086699041833
0.0 1567.0 150.0 654.0 2738.39657309041
0.0 1843.0 3.0 26.0 63.58086699041833
0.0 1843.0 3.0 26.0 63.58086699041833
0.0 1567.0 136.0 723.0 2738.756943476528
0.0 1843.0 3.0 26.0 63.58086699041833
0.0 1843.0 3.0 26.0 63.58086699041833
0.0 1547.0 153.0 731.0 2879.32878026377
0.0 1843.0 3.0 26.0 63.58086699041833
0.0 1237.0 318.0 1480.0 5939.119161142561
0.0 1237.0 318.0 1480.0 5939.119161142561
0.0 1237.0 318.0 1480.0 5939.119161142561
0.0 1237.0 318.0 1480.0 5939.119161142561
0.0 1843.0 3.0 26.0 63.58086699041833
0.0 1515.0 173.0 764.0 3255.9192469105246
0.0 1843.0 3.0 26.0 63.58086699041833
0.0 1237.0 318.0 1480.0 5939.119161142561
0.0 1843.0 3.0 26.0 63.58086699041833
0.0 1237.0 318.0 1480.0 5939.119161142561
0.0 1237.0 318.0 1480.0 5939.119161142561
0.0 1553.0 165.0 655.0 2847.916981420435
0.0 1237.0 318.0 1480.0 5939.119161142561
0.0 1843.0 3.0 26.0 63.58086699041833
0.0 1237.0 318.0 1480.0 5939.119161142561
0.0 1237.0 318.0 1480.0 5939.119161142561
0.0 1843.0 3.0 26.0 63.58086699041833
0.0 1237.0 318.0 1480.0 5939.119161142561
0.0 1237.0 318.0 1480.0 5939.119161142561
0.0 1843.0 3.0 26.0 63.58086699041833
0.0 1237.0 318.0 1480.0 5939.119161142561
0.0 1843.0 3.0 26.0 63.58086699041833
0.0 1843.0 3.0 26.0 63.58086699041833
0.0 1843.0 3.0 26.0 63.58086699041833
0.0 1547.0 162.0 661.0 2923.7648729443076
0.0 1843.0 3.0 26.0 63.58086699041833
0.0 1237.0 318.0 1480.0 5939.119161142561
0.0 1843.0 3.0 26.0 63.58086699041833
0.0 1237.0 318.0 1480.0 5939.119161142561
0.0 1237.0 318.0 1480.0 5939.119161142561
0.0 1237.0 318.0 1480.0 5939.119161142561
0.0 1237.0 318.0 1480.0 5939.119161142561
0.0 1843.0 3.0 26.0 63.58086699041833
0.0 1843.0 3.0 26.0 63.58086699041833
0.0 1237.0 318.0 1480.0 5939.119161142561
0.0 1237.0 318.0 1480.0 5939.119161142561
0.0 1567.0 142.0 688.0 2722.543629026478
0.0 1843.0 3.0 26.0 63.58086699041833
0.0 1569.0 150.0 617.0 2711.8056311366113
0.0 1237.0 318.0 1480.0 5939.119161142561
0.0 1237.0 318.0 1480.0 5939.119161142561
0.0 1237.0 318.0 1480.0 5939.119161142561
0.0 1237.0 318.0 1480.0 5939.119161142561
0.0 1843.0 3.0 26.0 63.58086699041833
0.0 1237.0 318.0 1480.0 5939.119161142561
0.0 1237.0 318.0 1480.0 5939.119161142561
0.0 1237.0 318.0 1480.0 5939.119161142561
0.0 1237.0 318.0 1480.0 5939.119161142561
0.0 1237.0 318.0 1480.0 5939.119161142561
0.0 1561.0 145.0 703.0 2829.1861084637253
0.0 1237.0 318.0 1480.0 5939.119161142561
0.0 1843.0 3.0 26.0 63.58086699041833
0.0 1843.0 3.0 26.0 63.58086699041833
0.0 1843.0 3.0 26.0 63.58086699041833
0.0 1843.0 3.0 26.0 63.58086699041833
0.0 1521.0 171.0 765.0 3149.716618652675
0.0 1843.0 3.0 26.0 63.58086699041833
0.0 1843.0 3.0 26.0 63.58086699041833
0.0 1237.0 318.0 1480.0 5939.119161142561
0.0 1237.0 318.0 1480.0 5939.119161142561
0.0 1237.0 318.0 1480.0 5939.119161142561
0.0 1237.0 318.0 1480.0 5939.119161142561
0.0 1843.0 3.0 26.0 63.58086699041833
0.0 1843.0 3.0 26.0 63.58086699041833
0.0 1237.0 318.0 1480.0 5939.119161142561
0.0 1237.0 318.0 1480.0 5939.119161142561
0.0 1237.0 318.0 1480.0 5939.119161142561
0.0 1843.0 3.0 26.0 63.58086699041833
0.0 1237.0 318.0 1480.0 5939.119161142561
0.0 1237.0 318.0 1480.0 5939.119161142561
0.0 1237.0 318.0 1480.0 5939.119161142561
0.0 1843.0 3.0 26.0 63.58086699041833
0.0 1843.0 3.0 26.0 63.58086699041833
0.0 1843.0 3.0 26.0 63.58086699041833
0.0 1507.0 179.0 790.0 3346.42879979258
0.0 1237.0 318.0 1480.0 5939.119161142561
0.0 1843.0 3.0 26.0 63.58086699041833
0.0 1503.0 184.0 861.0 3366.8064240718672
0.0 1525.0 167.0 794.0 3101.455733558882
0.0 1843.0 3.0 26.0 63.58086699041833
0.0 1843.0 3.0 26.0 63.58086699041833
0.0 1237.0 318.0 1480.0 5939.119161142561
0.0 1237.0 318.0 1480.0 5939.119161142561
0.0 1237.0 318.0 1480.0 5939.119161142561
0.0 1497.0 191.0 804.0 3436.454166804338
0.0 1237.0 318.0 1480.0 5939.119161142561
0.0 1843.0 3.0 26.0 63.58086699041833
0.0 1561.0 149.0 643.0 2768.844705298777
0.0 1843.0 3.0 26.0 63.58086699041833
0.0 1843.0 3.0 26.0 63.58086699041833
0.0 1843.0 3.0 26.0 63.58086699041833
0.0 1529.0 160.0 754.0 3163.6813378669935
0.0 1237.0 318.0 1480.0 5939.119161142561
0.0 1553.0 145.0 830.0 2880.283952010742
0.0 1237.0 318.0 1480.0 5939.119161142561
0.0 1237.0 318.0 1480.0 5939.119161142561
0.0 1237.0 318.0 1480.0 5939.119161142561
0.0 1843.0 3.0 26.0 63.58086699041833
0.0 1843.0 3.0 26.0 63.58086699041833
0.0 1493.0 199.0 809.0 3387.683466665391
0.0 1237.0 318.0 1480.0 5939.119161142561
0.0 1843.0 3.0 26.0 63.58086699041833
0.0 1237.0 318.0 1480.0 5939.119161142561
0.0 1843.0 3.0 26.0 63.58086699041833
0.0 1843.0 3.0 26.0 63.58086699041833
0.0 1237.0 318.0 1480.0 5939.119161142561
0.0 1843.0 3.0 26.0 63.58086699041833
0.0 1535.0 153.0 799.0 2987.57685166302
0.0 1237.0 318.0 1480.0 5939.119161142561
0.0 1843.0 3.0 26.0 63.58086699041833
0.0 1541.0 156.0 725.0 3012.3919978234276
